t,unit,output
500,1,0.742219
500,2,0.742467
500,3,0.74188
500,4,0.741081
500,5,0.740892
500,6,0.742807
500,7,0.7437
500,8,0.745685
500,9,0.746841
500,10,0.746046
500,11,0.744675
500,12,0.743853
500,13,0.744059
500,14,0.744826
500,15,0.743549
500,16,0.743178
500,17,0.743207
500,18,0.742757
500,19,0.743665
500,20,0.742737
501,1,0.745291
501,2,0.744918
501,3,0.74315
501,4,0.740504
501,5,0.738633
501,6,0.741153
501,7,0.741655
501,8,0.745374
501,9,0.747934
501,10,0.747233
501,11,0.745411
501,12,0.744238
501,13,0.744807
501,14,0.74649
501,15,0.743924
501,16,0.743341
501,17,0.743044
501,18,0.741558
501,19,0.743014
501,20,0.740179
502,1,0.742376
502,2,0.742467
502,3,0.741579
502,4,0.740366
502,5,0.739873
502,6,0.742076
502,7,0.743023
502,8,0.745525
502,9,0.747078
502,10,0.746276
502,11,0.744741
502,12,0.743808
502,13,0.744106
502,14,0.745104
502,15,0.7435
502,16,0.743066
502,17,0.743051
502,18,0.742399
502,19,0.743496
502,20,0.742196
503,1,0.744995
503,2,0.744666
503,3,0.74285
503,4,0.740141
503,5,0.738293
503,6,0.741087
503,7,0.741745
503,8,0.745707
503,9,0.748407
503,10,0.747616
503,11,0.74562
503,12,0.74433
503,13,0.744904
503,14,0.746655
503,15,0.743915
503,16,0.743275
503,17,0.742975
503,18,0.741429
503,19,0.742992
503,20,0.740042
504,1,0.742843
504,2,0.742713
504,3,0.741252
504,4,0.739216
504,5,0.738125
504,6,0.741001
504,7,0.742072
504,8,0.745627
504,9,0.747941
504,10,0.747022
504,11,0.74503
504,12,0.743783
504,13,0.744236
504,14,0.7457
504,15,0.743356
504,16,0.742762
504,17,0.74265
504,18,0.741555
504,19,0.743058
504,20,0.740934
505,1,0.742653
505,2,0.743397
505,3,0.743376
505,4,0.743154
505,5,0.743263
505,6,0.744534
505,7,0.745057
505,8,0.746044
505,9,0.746429
505,10,0.745582
505,11,0.744481
505,12,0.743899
505,13,0.744067
505,14,0.744596
505,15,0.74389
505,16,0.743711
505,17,0.74384
505,18,0.74368
505,19,0.744277
505,20,0.743762
506,1,0.744477
506,2,0.74468
506,3,0.744413
506,4,0.743918
506,5,0.743543
506,6,0.743872
506,7,0.743811
506,8,0.744242
506,9,0.744466
506,10,0.744139
506,11,0.743733
506,12,0.743584
506,13,0.743813
506,14,0.744224
506,15,0.74387
506,16,0.743811
506,17,0.743828
506,18,0.743637
506,19,0.743897
506,20,0.743441
507,1,0.745475
507,2,0.744442
507,3,0.742257
507,4,0.73925
507,5,0.737097
507,6,0.739616
507,7,0.740219
507,8,0.744353
507,9,0.747399
507,10,0.747187
507,11,0.745736
507,12,0.744712
507,13,0.745282
507,14,0.746933
507,15,0.744239
507,16,0.743569
507,17,0.74311
507,18,0.741433
507,19,0.742835
507,20,0.739855
508,1,0.742537
508,2,0.742405
508,3,0.741126
508,4,0.739401
508,5,0.738614
508,6,0.741574
508,7,0.742808
508,8,0.746314
508,9,0.748565
508,10,0.747644
508,11,0.745618
508,12,0.744252
508,13,0.744504
508,14,0.745752
508,15,0.743405
508,16,0.742765
508,17,0.742631
508,18,0.741596
508,19,0.743063
508,20,0.741109
509,1,0.742433
509,2,0.74342
509,3,0.743845
509,4,0.744194
509,5,0.744668
509,6,0.745366
509,7,0.745679
509,8,0.745716
509,9,0.745377
509,10,0.744526
509,11,0.743706
509,12,0.743345
509,13,0.743431
509,14,0.743668
509,15,0.74358
509,16,0.743612
509,17,0.743898
509,18,0.744126
509,19,0.744475
509,20,0.744566
510,1,0.745719
510,2,0.745365
510,3,0.74424
510,4,0.742567
510,5,0.741228
510,6,0.742174
510,7,0.74212
510,8,0.74398
510,9,0.745361
510,10,0.745164
510,11,0.74447
510,12,0.744086
510,13,0.744545
510,14,0.745548
510,15,0.744297
510,16,0.74402
510,17,0.743794
510,18,0.742918
510,19,0.743551
510,20,0.741937
511,1,0.743858
511,2,0.743212
511,3,0.741629
511,4,0.739552
511,5,0.738295
511,6,0.740695
511,7,0.741573
511,8,0.744973
511,9,0.747364
511,10,0.746957
511,11,0.745518
511,12,0.744515
511,13,0.74486
511,14,0.74608
511,15,0.743878
511,16,0.743266
511,17,0.742972
511,18,0.741787
511,19,0.743012
511,20,0.740928
512,1,0.742855
512,2,0.74317
512,3,0.742672
512,4,0.741893
512,5,0.741626
512,6,0.743441
512,7,0.744157
512,8,0.746074
512,9,0.747169
512,10,0.746334
512,11,0.744918
512,12,0.744021
512,13,0.744166
512,14,0.744928
512,15,0.74362
512,16,0.743289
512,17,0.743311
512,18,0.742823
512,19,0.743738
512,20,0.742688
513,1,0.744038
513,2,0.744253
513,3,0.743764
513,4,0.742947
513,5,0.742425
513,6,0.743416
513,7,0.743614
513,8,0.744829
513,9,0.745543
513,10,0.744983
513,11,0.744101
513,12,0.743635
513,13,0.743921
513,14,0.744634
513,15,0.743803
513,16,0.743642
513,17,0.74366
513,18,0.743262
513,19,0.743858
513,20,0.742968
514,1,0.74527
514,2,0.744434
514,3,0.742319
514,4,0.739362
514,5,0.73729
514,6,0.739923
514,7,0.74057
514,8,0.744678
514,9,0.747635
514,10,0.74723
514,11,0.745593
514,12,0.744492
514,13,0.745087
514,14,0.746792
514,15,0.744074
514,16,0.743404
514,17,0.742995
514,18,0.741353
514,19,0.742814
514,20,0.739842
515,1,0.742533
515,2,0.74246
515,3,0.741204
515,4,0.739485
515,5,0.738684
515,6,0.741577
515,7,0.742761
515,8,0.746189
515,9,0.748385
515,10,0.747465
515,11,0.745482
515,12,0.744178
515,13,0.744478
515,14,0.745749
515,15,0.743465
515,16,0.74285
515,17,0.742731
515,18,0.741718
515,19,0.743161
515,20,0.741229
516,1,0.742636
516,2,0.743528
516,3,0.743804
516,4,0.74396
516,5,0.744291
516,6,0.745115
516,7,0.745454
516,8,0.745748
516,9,0.745615
516,10,0.744773
516,11,0.743885
516,12,0.743466
516,13,0.743575
516,14,0.743897
516,15,0.743631
516,16,0.743603
516,17,0.743837
516,18,0.743945
516,19,0.744358
516,20,0.744264
517,1,0.744908
517,2,0.744931
517,3,0.744485
517,4,0.743753
517,5,0.743146
517,6,0.743455
517,7,0.743327
517,8,0.743968
517,9,0.744421
517,10,0.744247
517,11,0.74394
517,12,0.743846
517,13,0.744144
517,14,0.744657
517,15,0.7442
517,16,0.744118
517,17,0.74406
517,18,0.743722
517,19,0.743975
517,20,0.743298
518,1,0.745032
518,2,0.744135
518,3,0.742296
518,4,0.739823
518,5,0.738112
518,6,0.740329
518,7,0.740944
518,8,0.7445
518,9,0.747103
518,10,0.746885
518,11,0.745598
518,12,0.744673
518,13,0.745099
518,14,0.746442
518,15,0.744122
518,16,0.743506
518,17,0.743106
518,18,0.741707
518,19,0.742906
518,20,0.740466
519,1,0.742872
519,2,0.742756
519,3,0.741602
519,4,0.740015
519,5,0.739238
519,6,0.741855
519,7,0.742889
519,8,0.746049
519,9,0.74808
519,10,0.747247
519,11,0.745428
519,12,0.744204
519,13,0.744448
519,14,0.745609
519,15,0.743505
519,16,0.742954
519,17,0.742839
519,18,0.741896
519,19,0.743226
519,20,0.741419
520,1,0.743384
520,2,0.743764
520,3,0.743223
520,4,0.742302
520,5,0.741831
520,6,0.743427
520,7,0.743912
520,8,0.745668
520,9,0.746662
520,10,0.745813
520,11,0.744464
520,12,0.743688
520,13,0.743972
520,14,0.744863
520,15,0.74366
520,16,0.743403
520,17,0.743449
520,18,0.742949
520,19,0.743822
520,20,0.742687
521,1,0.744371
521,2,0.744243
521,3,0.743204
521,4,0.741683
521,5,0.740669
521,6,0.742214
521,7,0.742586
521,8,0.744785
521,9,0.746267
521,10,0.745759
521,11,0.744635
521,12,0.743978
521,13,0.744383
521,14,0.745431
521,15,0.743972
521,16,0.743619
521,17,0.743481
521,18,0.742668
521,19,0.743534
521,20,0.741976
522,1,0.744666
522,2,0.743925
522,3,0.741771
522,4,0.738767
522,5,0.736781
522,6,0.739858
522,7,0.740757
522,8,0.745203
522,9,0.748325
522,10,0.747725
522,11,0.74576
522,12,0.744432
522,13,0.745
522,14,0.746786
522,15,0.743803
522,16,0.743056
522,17,0.742676
522,18,0.740991
522,19,0.742658
522,20,0.739574
523,1,0.742972
523,2,0.742749
523,3,0.74093
523,4,0.73835
523,5,0.736918
523,6,0.74052
523,7,0.741819
523,8,0.746303
523,9,0.749255
523,10,0.748195
523,11,0.745727
523,12,0.744111
523,13,0.744612
523,14,0.746407
523,15,0.743371
523,16,0.742619
523,17,0.742425
523,18,0.740958
523,19,0.742835
523,20,0.740009
524,1,0.742848
524,2,0.74329
524,3,0.742399
524,4,0.74097
524,5,0.740273
524,6,0.742743
524,7,0.743587
524,8,0.746338
524,9,0.747963
524,10,0.746823
524,11,0.744872
524,12,0.74372
524,13,0.744119
524,14,0.745402
524,15,0.743515
524,16,0.743069
524,17,0.743086
524,18,0.742284
524,19,0.743582
524,20,0.741861
525,1,0.743644
525,2,0.743976
525,3,0.743378
525,4,0.742392
525,5,0.741835
525,6,0.743215
525,7,0.743599
525,8,0.745193
525,9,0.746124
525,10,0.745402
525,11,0.74426
525,12,0.743662
525,13,0.744019
525,14,0.744891
525,15,0.743797
525,16,0.743541
525,17,0.743551
525,18,0.743051
525,19,0.74381
525,20,0.742724
526,1,0.744864
526,2,0.744352
526,3,0.742661
526,4,0.740257
526,5,0.738608
526,6,0.74088
526,7,0.741444
526,8,0.744862
526,9,0.747268
526,10,0.746778
526,11,0.745281
526,12,0.744314
526,13,0.744831
526,14,0.746293
526,15,0.74401
526,16,0.743441
526,17,0.743136
526,18,0.741808
526,19,0.74307
526,20,0.740627
527,1,0.742619
527,2,0.74275
527,3,0.742016
527,4,0.740996
527,5,0.740609
527,6,0.742635
527,7,0.743502
527,8,0.745767
527,9,0.747152
527,10,0.746392
527,11,0.744956
527,12,0.74405
527,13,0.744255
527,14,0.745109
527,15,0.743619
527,16,0.743206
527,17,0.743177
527,18,0.742581
527,19,0.743575
527,20,0.742391
528,1,0.74481
528,2,0.744559
528,3,0.743034
528,4,0.740757
528,5,0.739197
528,6,0.741533
528,7,0.742054
528,8,0.745378
528,9,0.747624
528,10,0.746892
528,11,0.745163
528,12,0.744064
528,13,0.744563
528,14,0.746073
528,15,0.743796
528,16,0.743281
528,17,0.743063
528,18,0.741798
528,19,0.74314
528,20,0.740695
529,1,0.741936
529,2,0.742519
529,3,0.742609
529,4,0.742698
529,5,0.743091
529,6,0.744103
529,7,0.744721
529,8,0.745312
529,9,0.745463
529,10,0.744813
529,11,0.744027
529,12,0.743641
529,13,0.743734
529,14,0.744003
529,15,0.743654
529,16,0.743536
529,17,0.743713
529,18,0.743788
529,19,0.744213
529,20,0.744186
530,1,0.74515
530,2,0.745196
530,3,0.744649
530,4,0.743724
530,5,0.742987
530,6,0.743653
530,7,0.743602
530,8,0.744699
530,9,0.745434
530,10,0.745117
530,11,0.744507
530,12,0.744166
530,13,0.744426
530,14,0.745064
530,15,0.744247
530,16,0.74407
530,17,0.743958
530,18,0.743434
530,19,0.743867
530,20,0.742845
531,1,0.743589
531,2,0.74343
531,3,0.742907
531,4,0.742251
531,5,0.741904
531,6,0.742749
531,7,0.743104
531,8,0.744233
531,9,0.744999
531,10,0.744784
531,11,0.744256
531,12,0.743934
531,13,0.744089
531,14,0.744524
531,15,0.743839
531,16,0.743641
531,17,0.743594
531,18,0.743275
531,19,0.743718
531,20,0.743138
532,1,0.745678
532,2,0.744716
532,3,0.742388
532,4,0.739094
532,5,0.736756
532,6,0.739755
532,7,0.740464
532,8,0.745113
532,9,0.748453
532,10,0.748006
532,11,0.746118
532,12,0.744778
532,13,0.745354
532,14,0.747221
532,15,0.744082
532,16,0.743329
532,17,0.742852
532,18,0.740959
532,19,0.742631
532,20,0.739188
533,1,0.741841
533,2,0.741964
533,3,0.740982
533,4,0.739657
533,5,0.739196
533,6,0.741941
533,7,0.743158
533,8,0.746173
533,9,0.748016
533,10,0.747001
533,11,0.745057
533,12,0.743812
533,13,0.744061
533,14,0.745186
533,15,0.743218
533,16,0.742693
533,17,0.742693
533,18,0.741939
533,19,0.743297
533,20,0.741781
534,1,0.743295
534,2,0.744082
534,3,0.744148
534,4,0.743976
534,5,0.744002
534,6,0.744899
534,7,0.745145
534,8,0.745749
534,9,0.745881
534,10,0.745077
534,11,0.74414
534,12,0.743689
534,13,0.743884
534,14,0.744384
534,15,0.743897
534,16,0.743822
534,17,0.743975
534,18,0.743877
534,19,0.744351
534,20,0.743903
535,1,0.744692
535,2,0.744609
535,3,0.744001
535,4,0.7431
535,5,0.742422
535,6,0.742986
535,7,0.742997
535,8,0.74397
535,9,0.744651
535,10,0.744431
535,11,0.743974
535,12,0.74377
535,13,0.744074
535,14,0.744665
535,15,0.744006
535,16,0.743853
535,17,0.743775
535,18,0.743356
535,19,0.743735
535,20,0.742933
536,1,0.74455
536,2,0.743935
536,3,0.742484
536,4,0.740516
536,5,0.739204
536,6,0.741174
536,7,0.741765
536,8,0.74478
536,9,0.746945
536,10,0.746669
536,11,0.745492
536,12,0.744667
536,13,0.745017
536,14,0.746155
536,15,0.744196
536,16,0.743672
536,17,0.743363
536,18,0.742224
536,19,0.743264
536,20,0.741255
537,1,0.743975
537,2,0.743474
537,3,0.741666
537,4,0.739152
537,5,0.737607
537,6,0.740643
537,7,0.741633
537,8,0.745718
537,9,0.748485
537,10,0.747697
537,11,0.745626
537,12,0.744213
537,13,0.744631
537,14,0.746224
537,15,0.743459
537,16,0.742771
537,17,0.742507
537,18,0.741078
537,19,0.74271
537,20,0.740037
538,1,0.741464
538,2,0.742438
538,3,0.742889
538,4,0.743367
538,5,0.744072
538,6,0.745052
538,7,0.745665
538,8,0.745897
538,9,0.745676
538,10,0.744813
538,11,0.743919
538,12,0.743495
538,13,0.743534
538,14,0.743718
538,15,0.743578
538,16,0.743553
538,17,0.743856
538,18,0.744128
538,19,0.744533
538,20,0.744743
539,1,0.747022
539,2,0.746178
539,3,0.7439
539,4,0.74053
539,5,0.737899
539,6,0.740192
539,7,0.740339
539,8,0.744386
539,9,0.747347
539,10,0.746953
539,11,0.745362
539,12,0.744324
539,13,0.745051
539,14,0.746953
539,15,0.744166
539,16,0.74355
539,17,0.743075
539,18,0.74123
539,19,0.742662
539,20,0.739254
540,1,0.741117
540,2,0.741291
540,3,0.740764
540,4,0.740176
540,5,0.740278
540,6,0.74237
540,7,0.743557
540,8,0.745621
540,9,0.74684
540,10,0.746128
540,11,0.74481
540,12,0.743988
540,13,0.744113
540,14,0.744745
540,15,0.74351
540,16,0.743108
540,17,0.74316
540,18,0.742817
540,19,0.743735
540,20,0.743057
541,1,0.744184
541,2,0.744847
541,3,0.744943
541,4,0.7448
541,5,0.744739
541,6,0.745304
541,7,0.745334
541,8,0.74569
541,9,0.745703
541,10,0.745053
541,11,0.74432
541,12,0.743941
541,13,0.744048
541,14,0.744404
541,15,0.744008
541,16,0.743951
541,17,0.744034
541,18,0.743914
541,19,0.744241
541,20,0.743811
542,1,0.744749
542,2,0.744345
542,3,0.74335
542,4,0.741978
542,5,0.740958
542,6,0.741861
542,7,0.741974
542,8,0.743611
542,9,0.744818
542,10,0.744653
542,11,0.744048
542,12,0.74371
542,13,0.744082
542,14,0.744905
542,15,0.743881
542,16,0.743654
542,17,0.74352
542,18,0.742875
542,19,0.743474
542,20,0.742282
543,1,0.742973
543,2,0.743185
543,3,0.743152
543,4,0.74312
543,5,0.743312
543,6,0.744081
543,7,0.744555
543,8,0.745214
543,9,0.745566
543,10,0.745288
543,11,0.744824
543,12,0.744534
543,13,0.744538
543,14,0.744683
543,15,0.744276
543,16,0.744107
543,17,0.744105
543,18,0.744
543,19,0.744262
543,20,0.744067
544,1,0.744896
544,2,0.744779
544,3,0.744199
544,4,0.743318
544,5,0.742649
544,6,0.743352
544,7,0.743382
544,8,0.744506
544,9,0.745254
544,10,0.744934
544,11,0.744284
544,12,0.743864
544,13,0.744025
544,14,0.744578
544,15,0.74376
544,16,0.743586
544,17,0.7435
544,18,0.743038
544,19,0.743518
544,20,0.742623
545,1,0.744429
545,2,0.743767
545,3,0.742182
545,4,0.740021
545,5,0.738564
545,6,0.740681
545,7,0.741292
545,8,0.744535
545,9,0.746862
545,10,0.74654
545,11,0.745256
545,12,0.744384
545,13,0.744822
545,14,0.74613
545,15,0.744078
545,16,0.74358
545,17,0.743308
545,18,0.742116
545,19,0.743276
545,20,0.741109
546,1,0.74306
546,2,0.743146
546,3,0.742399
546,4,0.741352
546,5,0.740912
546,6,0.742908
546,7,0.743721
546,8,0.745997
546,9,0.747394
546,10,0.746634
546,11,0.745179
546,12,0.74423
546,13,0.744395
546,14,0.745232
546,15,0.743693
546,16,0.74326
546,17,0.743188
546,18,0.74253
546,19,0.743501
546,20,0.742231
547,1,0.744477
547,2,0.744273
547,3,0.742898
547,4,0.740857
547,5,0.739479
547,6,0.741626
547,7,0.742121
547,8,0.745137
547,9,0.747156
547,10,0.746442
547,11,0.744834
547,12,0.743829
547,13,0.744298
547,14,0.745695
547,15,0.743661
547,16,0.743216
547,17,0.743059
547,18,0.741963
547,19,0.743216
547,20,0.741062
548,1,0.742128
548,2,0.742749
548,3,0.742955
548,4,0.743182
548,5,0.743641
548,6,0.74445
548,7,0.744982
548,8,0.745318
548,9,0.745306
548,10,0.744728
548,11,0.744092
548,12,0.743804
548,13,0.743876
548,14,0.74405
548,15,0.743856
548,16,0.743774
548,17,0.743946
548,18,0.744074
548,19,0.744376
548,20,0.744457
549,1,0.746736
549,2,0.74581
549,3,0.7435
549,4,0.740139
549,5,0.737571
549,6,0.740044
549,7,0.740336
549,8,0.74456
549,9,0.74764
549,10,0.747253
549,11,0.745592
549,12,0.744455
549,13,0.745109
549,14,0.746974
549,15,0.744065
549,16,0.7434
549,17,0.74291
549,18,0.741042
549,19,0.742544
549,20,0.739126
550,1,0.741059
550,2,0.741321
550,3,0.740872
550,4,0.740355
550,5,0.740505
550,6,0.74259
550,7,0.743757
550,8,0.745752
550,9,0.746894
550,10,0.746115
550,11,0.744746
550,12,0.743897
550,13,0.744013
550,14,0.744646
550,15,0.743451
550,16,0.743081
550,17,0.743171
550,18,0.742871
550,19,0.743801
550,20,0.743156
551,1,0.745258
551,2,0.745315
551,3,0.744248
551,4,0.742504
551,5,0.741246
551,6,0.743009
551,7,0.743248
551,8,0.74574
551,9,0.747359
551,10,0.746611
551,11,0.745125
551,12,0.7442
551,13,0.744597
551,14,0.745831
551,15,0.744026
551,16,0.743632
551,17,0.743458
551,18,0.742434
551,19,0.743475
551,20,0.741444
552,1,0.742071
552,2,0.742575
552,3,0.742826
552,4,0.743179
552,5,0.743685
552,6,0.744093
552,7,0.744491
552,8,0.744373
552,9,0.744089
552,10,0.743668
552,11,0.74333
552,12,0.743259
552,13,0.743333
552,14,0.743368
552,15,0.743507
552,16,0.743533
552,17,0.743762
552,18,0.744069
552,19,0.744229
552,20,0.744632
553,1,0.745901
553,2,0.745506
553,3,0.744345
553,4,0.742598
553,5,0.741219
553,6,0.742454
553,7,0.742511
553,8,0.744761
553,9,0.746417
553,10,0.746225
553,11,0.745385
553,12,0.744815
553,13,0.745182
553,14,0.746199
553,15,0.744648
553,16,0.744272
553,17,0.743954
553,18,0.742902
553,19,0.743626
553,20,0.741736
554,1,0.744307
554,2,0.743308
554,3,0.741
554,4,0.737921
554,5,0.735937
554,6,0.739119
554,7,0.740155
554,8,0.744753
554,9,0.748
554,10,0.747442
554,11,0.745448
554,12,0.744055
554,13,0.744563
554,14,0.746314
554,15,0.743274
554,16,0.742507
554,17,0.742141
554,18,0.740484
554,19,0.742227
554,20,0.739236
555,1,0.741612
555,2,0.742238
555,3,0.741933
555,4,0.7414
555,5,0.741471
555,6,0.743671
555,7,0.744696
555,8,0.746752
555,9,0.747853
555,10,0.746835
555,11,0.745205
555,12,0.744209
555,13,0.744366
555,14,0.745163
555,15,0.743825
555,16,0.743475
555,17,0.743578
555,18,0.743176
555,19,0.744189
555,20,0.743235
556,1,0.744233
556,2,0.744812
556,3,0.744821
556,4,0.744612
556,5,0.744482
556,6,0.744826
556,7,0.744762
556,8,0.744882
556,9,0.744748
556,10,0.744122
556,11,0.743506
556,12,0.743266
556,13,0.743452
556,14,0.743818
556,15,0.743593
556,16,0.743586
556,17,0.743713
556,18,0.743679
556,19,0.743949
556,20,0.743671
557,1,0.744511
557,2,0.744182
557,3,0.743323
557,4,0.74213
557,5,0.74126
557,6,0.742126
557,7,0.742288
557,8,0.743839
557,9,0.745008
557,10,0.744948
557,11,0.744484
557,12,0.744233
557,13,0.744589
557,14,0.745328
557,15,0.74439
557,16,0.744161
557,17,0.744002
557,18,0.743383
557,19,0.743886
557,20,0.742775
558,1,0.743424
558,2,0.743541
558,3,0.743413
558,4,0.743263
558,5,0.743337
558,6,0.744067
558,7,0.744469
558,8,0.74515
558,9,0.745516
558,10,0.745207
558,11,0.744687
558,12,0.744335
558,13,0.744301
558,14,0.744439
558,15,0.743956
558,16,0.743761
558,17,0.743733
558,18,0.743586
558,19,0.743871
558,20,0.74362
559,1,0.745379
559,2,0.744733
559,3,0.743119
559,4,0.740813
559,5,0.739111
559,6,0.741027
559,7,0.741349
559,8,0.744488
559,9,0.746738
559,10,0.746362
559,11,0.745042
559,12,0.744137
559,13,0.744577
559,14,0.745942
559,15,0.743857
559,16,0.743403
559,17,0.743122
559,18,0.741869
559,19,0.743042
559,20,0.74071
560,1,0.743436
560,2,0.742929
560,3,0.741144
560,4,0.738716
560,5,0.737299
560,6,0.740386
560,7,0.741511
560,8,0.745605
560,9,0.748397
560,10,0.747681
560,11,0.745701
560,12,0.744374
560,13,0.744828
560,14,0.746404
560,15,0.743725
560,16,0.743036
560,17,0.74278
560,18,0.741395
560,19,0.742979
560,20,0.740417
561,1,0.741672
561,2,0.742757
561,3,0.743391
561,4,0.744097
561,5,0.744951
561,6,0.745724
561,7,0.746257
561,8,0.74612
561,9,0.745606
561,10,0.744722
561,11,0.743907
561,12,0.743523
561,13,0.743473
561,14,0.743482
561,15,0.74351
561,16,0.743507
561,17,0.743816
561,18,0.744192
561,19,0.744472
561,20,0.744881
562,1,0.745113
562,2,0.745373
562,3,0.745335
562,4,0.745084
562,5,0.744742
562,6,0.744432
562,7,0.744022
562,8,0.743752
562,9,0.74355
562,10,0.743441
562,11,0.743468
562,12,0.743622
562,13,0.743862
562,14,0.744112
562,15,0.744199
562,16,0.744296
562,17,0.744333
562,18,0.744287
562,19,0.744258
562,20,0.744052
563,1,0.744459
563,2,0.743982
563,3,0.743246
563,4,0.742334
563,5,0.741701
563,6,0.742373
563,7,0.742595
563,8,0.743873
563,9,0.744882
563,10,0.744974
563,11,0.744707
563,12,0.744504
563,13,0.74468
563,14,0.745117
563,15,0.744344
563,16,0.744093
563,17,0.743894
563,18,0.743382
563,19,0.743716
563,20,0.742914
564,1,0.743658
564,2,0.743641
564,3,0.74334
564,4,0.742939
564,5,0.74279
564,6,0.743667
564,7,0.744042
564,8,0.745063
564,9,0.745692
564,10,0.745384
564,11,0.744754
564,12,0.7443
564,13,0.744295
564,14,0.744586
564,15,0.743898
564,16,0.743694
564,17,0.743646
564,18,0.743368
564,19,0.743792
564,20,0.743277
565,1,0.743599
565,2,0.743911
565,3,0.744089
565,4,0.744258
565,5,0.744431
565,6,0.744529
565,7,0.744571
565,8,0.744421
565,9,0.744204
565,10,0.743954
565,11,0.743762
565,12,0.743702
565,13,0.74373
565,14,0.743776
565,15,0.743863
565,16,0.743924
565,17,0.744048
565,18,0.744184
565,19,0.744258
565,20,0.744376
566,1,0.745194
566,2,0.744761
566,3,0.743842
566,4,0.742555
566,5,0.741563
566,6,0.742438
566,7,0.742526
566,8,0.744182
566,9,0.745427
566,10,0.745344
566,11,0.744789
566,12,0.744411
566,13,0.744684
566,14,0.745413
566,15,0.744336
566,16,0.744071
566,17,0.743852
566,18,0.743123
566,19,0.743645
566,20,0.742366
567,1,0.743073
567,2,0.743125
567,3,0.742919
567,4,0.742694
567,5,0.742732
567,6,0.743561
567,7,0.744019
567,8,0.744841
567,9,0.745312
567,10,0.744996
567,11,0.744435
567,12,0.744068
567,13,0.74408
567,14,0.744304
567,15,0.743794
567,16,0.743622
567,17,0.743633
567,18,0.743492
567,19,0.743862
567,20,0.743588
568,1,0.745722
568,2,0.744965
568,3,0.743042
568,4,0.740279
568,5,0.738252
568,6,0.740608
568,7,0.741041
568,8,0.744832
568,9,0.747552
568,10,0.747126
568,11,0.745546
568,12,0.74445
568,13,0.744966
568,14,0.746579
568,15,0.744027
568,16,0.743448
568,17,0.743073
568,18,0.741515
568,19,0.742897
568,20,0.740026
569,1,0.741928
569,2,0.742133
569,3,0.741587
569,4,0.740882
569,5,0.740792
569,6,0.742746
569,7,0.743714
569,8,0.74571
569,9,0.746874
569,10,0.7461
569,11,0.744734
569,12,0.743887
569,13,0.74404
569,14,0.744753
569,15,0.743502
569,16,0.743141
569,17,0.743187
569,18,0.74278
569,19,0.743695
569,20,0.742849
570,1,0.744085
570,2,0.744551
570,3,0.744385
570,4,0.743943
570,5,0.743683
570,6,0.744465
570,7,0.744587
570,8,0.745359
570,9,0.745712
570,10,0.745109
570,11,0.744309
570,12,0.743891
570,13,0.744081
570,14,0.744604
570,15,0.743995
570,16,0.743881
570,17,0.743924
570,18,0.743666
570,19,0.744113
570,20,0.74346
571,1,0.745771
571,2,0.744706
571,3,0.742289
571,4,0.738919
571,5,0.736473
571,6,0.739155
571,7,0.739711
571,8,0.74411
571,9,0.747323
571,10,0.746978
571,11,0.745316
571,12,0.744196
571,13,0.744877
571,14,0.74675
571,15,0.743848
571,16,0.743164
571,17,0.742718
571,18,0.740921
571,19,0.742488
571,20,0.739227
572,1,0.741003
572,2,0.741593
572,3,0.741581
572,4,0.741586
572,5,0.74211
572,6,0.743909
572,7,0.744996
572,8,0.74639
572,9,0.747043
572,10,0.746214
572,11,0.744974
572,12,0.744213
572,13,0.744212
572,14,0.744585
572,15,0.743725
572,16,0.743423
572,17,0.743556
572,18,0.743461
572,19,0.744178
572,20,0.743883
573,1,0.746611
573,2,0.74599
573,3,0.743773
573,4,0.74042
573,5,0.737876
573,6,0.740532
573,7,0.740816
573,8,0.745061
573,9,0.748042
573,10,0.747327
573,11,0.745315
573,12,0.743999
573,13,0.744688
573,14,0.746692
573,15,0.743692
573,16,0.743059
573,17,0.742669
573,18,0.740831
573,19,0.742492
573,20,0.738982
574,1,0.74037
574,2,0.741063
574,3,0.741305
574,4,0.741692
574,5,0.742484
574,6,0.743776
574,7,0.744757
574,8,0.745401
574,9,0.74554
574,10,0.744841
574,11,0.744002
574,12,0.743599
574,13,0.743657
574,14,0.743843
574,15,0.743579
574,16,0.743454
574,17,0.74372
574,18,0.743964
574,19,0.744437
574,20,0.744709
575,1,0.746959
575,2,0.746447
575,3,0.744585
575,4,0.741717
575,5,0.739475
575,6,0.741605
575,7,0.741717
575,8,0.745306
575,9,0.747857
575,10,0.74732
575,11,0.745702
575,12,0.744623
575,13,0.745192
575,14,0.746868
575,15,0.74428
575,16,0.743692
575,17,0.743257
575,18,0.741585
575,19,0.74289
575,20,0.739779
576,1,0.74237
576,2,0.741894
576,3,0.740216
576,4,0.738038
576,5,0.736898
576,6,0.739883
576,7,0.741118
576,8,0.744929
576,9,0.747499
576,10,0.746772
576,11,0.744892
576,12,0.743676
576,13,0.744123
576,14,0.745578
576,15,0.743179
576,16,0.742558
576,17,0.742424
576,18,0.741311
576,19,0.742863
576,20,0.740778
577,1,0.743381
577,2,0.743779
577,3,0.742986
577,4,0.741672
577,5,0.74101
577,6,0.74336
577,7,0.744145
577,8,0.746826
577,9,0.748444
577,10,0.747449
577,11,0.745646
577,12,0.744521
577,13,0.744826
577,14,0.745978
577,15,0.744099
577,16,0.743624
577,17,0.743544
577,18,0.742672
577,19,0.743842
577,20,0.742066
578,1,0.743866
578,2,0.743964
578,3,0.743111
578,4,0.741833
578,5,0.741046
578,6,0.742538
578,7,0.742916
578,8,0.744786
578,9,0.745929
578,10,0.745184
578,11,0.743917
578,12,0.743208
578,13,0.743572
578,14,0.744547
578,15,0.743265
578,16,0.742981
578,17,0.74298
578,18,0.742391
578,19,0.743289
578,20,0.742043
579,1,0.743564
579,2,0.743632
579,3,0.742945
579,4,0.741917
579,5,0.741336
579,6,0.742775
579,7,0.743265
579,8,0.745108
579,9,0.74632
579,10,0.745882
579,11,0.744941
579,12,0.7444
579,13,0.74472
579,14,0.745542
579,15,0.744375
579,16,0.744073
579,17,0.743986
579,18,0.74338
579,19,0.744092
579,20,0.742917
580,1,0.745549
580,2,0.744694
580,3,0.742398
580,4,0.739166
580,5,0.73692
580,6,0.739899
580,7,0.740624
580,8,0.745109
580,9,0.748274
580,10,0.74766
580,11,0.745653
580,12,0.744272
580,13,0.744834
580,14,0.746666
580,15,0.743566
580,16,0.742799
580,17,0.742368
580,18,0.740568
580,19,0.742254
580,20,0.738972
581,1,0.741631
581,2,0.741843
581,3,0.740933
581,4,0.739661
581,5,0.739226
581,6,0.741933
581,7,0.743127
581,8,0.746097
581,9,0.747922
581,10,0.746959
581,11,0.745106
581,12,0.74395
581,13,0.744258
581,14,0.745415
581,15,0.743529
581,16,0.74305
581,17,0.743073
581,18,0.742348
581,19,0.74368
581,20,0.742178
582,1,0.745178
582,2,0.744977
582,3,0.743177
582,4,0.740436
582,5,0.738561
582,6,0.741389
582,7,0.742008
582,8,0.745943
582,9,0.748574
582,10,0.747626
582,11,0.745476
582,12,0.744115
582,13,0.744709
582,14,0.746516
582,15,0.743734
582,16,0.74309
582,17,0.742814
582,18,0.741259
582,19,0.742863
582,20,0.739854
583,1,0.742148
583,2,0.742351
583,3,0.741499
583,4,0.740303
583,5,0.739826
583,6,0.742025
583,7,0.742955
583,8,0.7454
583,9,0.746891
583,10,0.746036
583,11,0.744486
583,12,0.743589
583,13,0.743948
583,14,0.745
583,15,0.743452
583,16,0.743053
583,17,0.743086
583,18,0.742482
583,19,0.743597
583,20,0.742335
584,1,0.744092
584,2,0.744412
584,3,0.743843
584,4,0.742862
584,5,0.74228
584,6,0.743696
584,7,0.744059
584,8,0.745746
584,9,0.746752
584,10,0.74606
584,11,0.744896
584,12,0.744221
584,13,0.744502
584,14,0.745332
584,15,0.744119
584,16,0.743814
584,17,0.74375
584,18,0.743149
584,19,0.74389
584,20,0.74266
585,1,0.7436
585,2,0.743727
585,3,0.743354
585,4,0.742805
585,5,0.742522
585,6,0.743284
585,7,0.743536
585,8,0.744398
585,9,0.744896
585,10,0.744488
585,11,0.743862
585,12,0.743545
585,13,0.743743
585,14,0.744209
585,15,0.743637
585,16,0.743499
585,17,0.743533
585,18,0.743314
585,19,0.743757
585,20,0.743262
586,1,0.744619
586,2,0.74433
586,3,0.743326
586,4,0.741883
586,5,0.740888
586,6,0.742308
586,7,0.742653
586,8,0.744831
586,9,0.746369
586,10,0.746077
586,11,0.745157
586,12,0.744553
586,13,0.744866
586,14,0.74578
586,15,0.744354
586,16,0.743993
586,17,0.743782
586,18,0.742936
586,19,0.7437
586,20,0.742156
587,1,0.744794
587,2,0.743944
587,3,0.741729
587,4,0.738676
587,5,0.736648
587,6,0.739734
587,7,0.74063
587,8,0.745117
587,9,0.748265
587,10,0.747648
587,11,0.74563
587,12,0.744233
587,13,0.744753
587,14,0.746525
587,15,0.743496
587,16,0.742746
587,17,0.742368
587,18,0.740676
587,19,0.74238
587,20,0.73929
588,1,0.741721
588,2,0.742163
588,3,0.741611
588,4,0.740781
588,5,0.740632
588,6,0.742954
588,7,0.744
588,8,0.746343
588,9,0.747681
588,10,0.746691
588,11,0.745004
588,12,0.743974
588,13,0.744196
588,14,0.745125
588,15,0.743616
588,16,0.743227
588,17,0.743303
588,18,0.742793
588,19,0.743908
588,20,0.742775
589,1,0.744929
589,2,0.744965
589,3,0.743833
589,4,0.742049
589,5,0.740806
589,6,0.742604
589,7,0.742907
589,8,0.745399
589,9,0.747011
589,10,0.746231
589,11,0.744728
589,12,0.743835
589,13,0.744281
589,14,0.745544
589,15,0.743772
589,16,0.743375
589,17,0.743235
589,18,0.742258
589,19,0.743321
589,20,0.741375
590,1,0.743568
590,2,0.743237
590,3,0.741793
590,4,0.739799
590,5,0.738593
590,6,0.74092
590,7,0.741705
590,8,0.744876
590,9,0.747038
590,10,0.746451
590,11,0.744941
590,12,0.744004
590,13,0.744478
590,14,0.745811
590,15,0.743779
590,16,0.743266
590,17,0.743092
590,18,0.742032
590,19,0.743272
590,20,0.741279
591,1,0.743936
591,2,0.743756
591,3,0.742282
591,4,0.740149
591,5,0.738869
591,6,0.741609
591,7,0.742489
591,8,0.746058
591,9,0.748422
591,10,0.747594
591,11,0.745672
591,12,0.744414
591,13,0.744825
591,14,0.746271
591,15,0.743823
591,16,0.743194
591,17,0.742965
591,18,0.741703
591,19,0.743133
591,20,0.740748
592,1,0.743509
592,2,0.743396
592,3,0.741922
592,4,0.739786
592,5,0.738516
592,6,0.741242
592,7,0.742106
592,8,0.745595
592,9,0.747869
592,10,0.746939
592,11,0.744956
592,12,0.743715
592,13,0.744194
592,14,0.745715
592,15,0.743369
592,16,0.742816
592,17,0.742695
592,18,0.741549
592,19,0.743046
592,20,0.740784
593,1,0.742823
593,2,0.743253
593,3,0.742743
593,4,0.741906
593,5,0.741586
593,6,0.74333
593,7,0.743998
593,8,0.745835
593,9,0.746881
593,10,0.746056
593,11,0.744719
593,12,0.743964
593,13,0.744252
593,14,0.745107
593,15,0.743885
593,16,0.743574
593,17,0.743606
593,18,0.74312
593,19,0.743982
593,20,0.742917
594,1,0.744683
594,2,0.744572
594,3,0.743489
594,4,0.741873
594,5,0.740769
594,6,0.742361
594,7,0.742689
594,8,0.744963
594,9,0.746477
594,10,0.745895
594,11,0.744661
594,12,0.743917
594,13,0.744306
594,14,0.745387
594,15,0.743812
594,16,0.743433
594,17,0.743279
594,18,0.742409
594,19,0.743332
594,20,0.741659
595,1,0.743296
595,2,0.743238
595,3,0.742402
595,4,0.741239
595,5,0.740619
595,6,0.742296
595,7,0.742924
595,8,0.74504
595,9,0.746424
595,10,0.745905
595,11,0.744779
595,12,0.744088
595,13,0.744373
595,14,0.745241
595,15,0.743891
595,16,0.743537
595,17,0.743459
595,18,0.742819
595,19,0.743679
595,20,0.742448
596,1,0.744941
596,2,0.74443
596,3,0.742616
596,4,0.740012
596,5,0.73825
596,6,0.740904
596,7,0.741584
596,8,0.745422
596,9,0.748075
596,10,0.747417
596,11,0.745584
596,12,0.744358
596,13,0.74485
596,14,0.746453
596,15,0.743828
596,16,0.743189
596,17,0.742869
596,18,0.741387
596,19,0.742858
596,20,0.7401
597,1,0.743229
597,2,0.742868
597,3,0.740997
597,4,0.738378
597,5,0.736853
597,6,0.740211
597,7,0.741382
597,8,0.74572
597,9,0.748623
597,10,0.747704
597,11,0.745444
597,12,0.743978
597,13,0.744514
597,14,0.746282
597,15,0.743399
597,16,0.742695
597,17,0.742492
597,18,0.741053
597,19,0.742834
597,20,0.740082
598,1,0.742645
598,2,0.743146
598,3,0.742488
598,4,0.741412
598,5,0.740988
598,6,0.74323
598,7,0.744074
598,8,0.746443
598,9,0.747799
598,10,0.746741
598,11,0.744989
598,12,0.743951
598,13,0.744256
598,14,0.745315
598,15,0.743691
598,16,0.743281
598,17,0.743308
598,18,0.74266
598,19,0.743782
598,20,0.742382
599,1,0.743608
599,2,0.744108
599,3,0.743951
599,4,0.743566
599,5,0.743396
599,6,0.744126
599,7,0.744299
599,8,0.744915
599,9,0.745142
599,10,0.744519
599,11,0.743767
599,12,0.743436
599,13,0.743673
599,14,0.744172
599,15,0.743698
599,16,0.743608
599,17,0.743711
599,18,0.743571
599,19,0.744
599,20,0.74355
600,1,0.743989
600,2,0.744144
600,3,0.744012
600,4,0.743769
600,5,0.743624
600,6,0.743879
600,7,0.743936
600,8,0.744233
600,9,0.744411
600,10,0.744279
600,11,0.744103
600,12,0.744074
600,13,0.744239
600,14,0.744476
600,15,0.744279
600,16,0.744222
600,17,0.74422
600,18,0.744109
600,19,0.744237
600,20,0.743994
601,1,0.745999
601,2,0.744897
601,3,0.742651
601,4,0.739547
601,5,0.73728
601,6,0.73978
601,7,0.740304
601,8,0.744476
601,9,0.747544
601,10,0.747294
601,11,0.745767
601,12,0.744654
601,13,0.74517
601,14,0.746814
601,15,0.744014
601,16,0.743318
601,17,0.742823
601,18,0.741079
601,19,0.74251
601,20,0.73942
602,1,0.741919
602,2,0.741913
602,3,0.74089
602,4,0.739533
602,5,0.739033
602,6,0.741769
602,7,0.742996
602,8,0.746098
602,9,0.74805
602,10,0.747166
602,11,0.74532
602,12,0.744101
602,13,0.744328
602,14,0.74543
602,15,0.743436
602,16,0.742902
602,17,0.742862
602,18,0.742061
602,19,0.7434
602,20,0.741834
603,1,0.744777
603,2,0.744659
603,3,0.743022
603,4,0.740512
603,5,0.738828
603,6,0.741584
603,7,0.742221
603,8,0.745965
603,9,0.748439
603,10,0.74747
603,11,0.745358
603,12,0.744024
603,13,0.744578
603,14,0.746308
603,15,0.74369
603,16,0.743107
603,17,0.742894
603,18,0.741475
603,19,0.74304
603,20,0.740244
604,1,0.743431
604,2,0.74304
604,3,0.741038
604,4,0.738221
604,5,0.736521
604,6,0.739863
604,7,0.740978
604,8,0.745389
604,9,0.748366
604,10,0.747469
604,11,0.745236
604,12,0.743835
604,13,0.744478
604,14,0.746355
604,15,0.74344
604,16,0.742731
604,17,0.742512
604,18,0.741009
604,19,0.742798
604,20,0.739927
605,1,0.742591
605,2,0.743038
605,3,0.742273
605,4,0.741067
605,5,0.740583
605,6,0.743014
605,7,0.743956
605,8,0.746582
605,9,0.74813
605,10,0.747081
605,11,0.745255
605,12,0.744153
605,13,0.744466
605,14,0.745578
605,15,0.743777
605,16,0.743297
605,17,0.743278
605,18,0.742531
605,19,0.743722
605,20,0.742176
606,1,0.744597
606,2,0.744475
606,3,0.74304
606,4,0.740879
606,5,0.73942
606,6,0.741623
606,7,0.742106
606,8,0.745167
606,9,0.747193
606,10,0.746384
606,11,0.744678
606,12,0.743649
606,13,0.744173
606,14,0.745643
606,15,0.74353
606,16,0.743054
606,17,0.742897
606,18,0.741764
606,19,0.74306
606,20,0.740825
607,1,0.742252
607,2,0.742713
607,3,0.742556
607,4,0.742289
607,5,0.742402
607,6,0.743641
607,7,0.744279
607,8,0.745347
607,9,0.745881
607,10,0.745271
607,11,0.744392
607,12,0.743937
607,13,0.744117
607,14,0.74459
607,15,0.743939
607,16,0.743745
607,17,0.743842
607,18,0.743694
607,19,0.74424
607,20,0.743834
608,1,0.745336
608,2,0.745137
608,3,0.744079
608,4,0.742479
608,5,0.741298
608,6,0.742653
608,7,0.742817
608,8,0.744941
608,9,0.746398
608,10,0.745941
608,11,0.744868
608,12,0.744187
608,13,0.744526
608,14,0.745523
608,15,0.744011
608,16,0.743646
608,17,0.743435
608,18,0.742532
608,19,0.743344
608,20,0.741652
609,1,0.74422
609,2,0.743399
609,3,0.741255
609,4,0.738326
609,5,0.736418
609,6,0.739439
609,7,0.74038
609,8,0.744758
609,9,0.74785
609,10,0.747313
609,11,0.745441
609,12,0.744179
609,13,0.744749
609,14,0.7465
609,15,0.743651
609,16,0.742957
609,17,0.742629
609,18,0.741049
609,19,0.7427
609,20,0.739797
610,1,0.742047
610,2,0.742565
610,3,0.742178
610,4,0.74156
610,5,0.741544
610,6,0.743646
610,7,0.744611
610,8,0.746627
610,9,0.747723
610,10,0.746745
610,11,0.745162
610,12,0.744184
610,13,0.744322
610,14,0.74508
610,15,0.743722
610,16,0.743337
610,17,0.743391
610,18,0.742948
610,19,0.743914
610,20,0.742943
611,1,0.744733
611,2,0.744814
611,3,0.743903
611,4,0.742445
611,5,0.741409
611,6,0.742811
611,7,0.74299
611,8,0.744941
611,9,0.74618
611,10,0.745489
611,11,0.74425
611,12,0.743544
611,13,0.743947
611,14,0.745019
611,15,0.743639
611,16,0.743362
611,17,0.743296
611,18,0.742554
611,19,0.743442
611,20,0.741907
612,1,0.743179
612,2,0.743227
612,3,0.742664
612,4,0.741884
612,5,0.741519
612,6,0.742755
612,7,0.743269
612,8,0.74476
612,9,0.745721
612,10,0.745325
612,11,0.744532
612,12,0.744093
612,13,0.744355
612,14,0.745
612,15,0.744091
612,16,0.743836
612,17,0.743802
612,18,0.743383
612,19,0.743982
612,20,0.743165
613,1,0.745474
613,2,0.744799
613,3,0.742873
613,4,0.740127
613,5,0.7382
613,6,0.740754
613,7,0.74134
613,8,0.745226
613,9,0.747966
613,10,0.747426
613,11,0.745694
613,12,0.744501
613,13,0.744984
613,14,0.746576
613,15,0.743898
613,16,0.743234
613,17,0.742844
613,18,0.741271
613,19,0.742706
613,20,0.739837
614,1,0.742421
614,2,0.742344
614,3,0.741117
614,4,0.739432
614,5,0.738619
614,6,0.741344
614,7,0.742438
614,8,0.745701
614,9,0.747798
614,10,0.746926
614,11,0.745063
614,12,0.743872
614,13,0.744225
614,14,0.745508
614,15,0.743401
614,16,0.742871
614,17,0.742808
614,18,0.741885
614,19,0.743286
614,20,0.74147
615,1,0.744017
615,2,0.744158
615,3,0.743042
615,4,0.741301
615,5,0.74024
615,6,0.742539
615,7,0.743181
615,8,0.746075
615,9,0.74791
615,10,0.746995
615,11,0.745218
615,12,0.744127
615,13,0.744543
615,14,0.745868
615,15,0.743859
615,16,0.743381
615,17,0.743259
615,18,0.742243
615,19,0.743479
615,20,0.741447
616,1,0.74378
616,2,0.743618
616,3,0.742259
616,4,0.740312
616,5,0.739117
616,6,0.741394
616,7,0.742085
616,8,0.745106
616,9,0.747102
616,10,0.746349
616,11,0.744712
616,12,0.743718
616,13,0.744189
616,14,0.745541
616,15,0.743534
616,16,0.743048
616,17,0.742917
616,18,0.741898
616,19,0.743156
616,20,0.741177
617,1,0.742206
617,2,0.742986
617,3,0.743355
617,4,0.743744
617,5,0.744299
617,6,0.744991
617,7,0.745451
617,8,0.745556
617,9,0.745353
617,10,0.744749
617,11,0.744154
617,12,0.7439
617,13,0.743944
617,14,0.744045
617,15,0.743961
617,16,0.743915
617,17,0.744106
617,18,0.7443
617,19,0.744537
617,20,0.744709
618,1,0.746528
618,2,0.74576
618,3,0.743857
618,4,0.741086
618,5,0.738927
618,6,0.740796
618,7,0.740915
618,8,0.744277
618,9,0.746742
618,10,0.746422
618,11,0.745109
618,12,0.744229
618,13,0.74479
618,14,0.746331
618,15,0.744019
618,16,0.743496
618,17,0.743097
618,18,0.74159
618,19,0.742778
618,20,0.740024
619,1,0.742669
619,2,0.742159
619,3,0.74045
619,4,0.738202
619,5,0.737005
619,6,0.740138
619,7,0.741419
619,8,0.745457
619,9,0.748204
619,10,0.747526
619,11,0.745607
619,12,0.744316
619,13,0.74473
619,14,0.746205
619,15,0.743624
619,16,0.742936
619,17,0.74272
619,18,0.741458
619,19,0.743029
619,20,0.740714
620,1,0.743949
620,2,0.743919
620,3,0.742325
620,4,0.739924
620,5,0.738477
620,6,0.741656
620,7,0.742617
620,8,0.746631
620,9,0.749228
620,10,0.748121
620,11,0.745754
620,12,0.744216
620,13,0.744685
620,14,0.746391
620,15,0.743569
620,16,0.742893
620,17,0.742693
620,18,0.741274
620,19,0.742979
620,20,0.7402
621,1,0.741533
621,2,0.742525
621,3,0.742968
621,4,0.743431
621,5,0.744092
621,6,0.744857
621,7,0.745356
621,8,0.745335
621,9,0.744944
621,10,0.744099
621,11,0.743324
621,12,0.743036
621,13,0.743147
621,14,0.743333
621,15,0.743356
621,16,0.743386
621,17,0.743727
621,18,0.744079
621,19,0.744423
621,20,0.744757
622,1,0.746143
622,2,0.745805
622,3,0.744561
622,4,0.742651
622,5,0.741113
622,6,0.742286
622,7,0.742234
622,8,0.744459
622,9,0.746097
622,10,0.745858
622,11,0.745006
622,12,0.744497
622,13,0.744982
622,14,0.746123
622,15,0.744578
622,16,0.744224
622,17,0.743922
622,18,0.742844
622,19,0.743582
622,20,0.741603
623,1,0.742352
623,2,0.742452
623,3,0.742281
623,4,0.742165
623,5,0.742377
623,6,0.743291
623,7,0.74391
623,8,0.744684
623,9,0.745093
623,10,0.744737
623,11,0.744161
623,12,0.743814
623,13,0.743825
623,14,0.743992
623,15,0.743545
623,16,0.743359
623,17,0.743417
623,18,0.743385
623,19,0.743769
623,20,0.743696
624,1,0.744582
624,2,0.744727
624,3,0.744413
624,4,0.743819
624,5,0.743375
624,6,0.744042
624,7,0.744091
624,8,0.745015
624,9,0.745593
624,10,0.745269
624,11,0.744686
624,12,0.744328
624,13,0.744483
624,14,0.744972
624,15,0.744303
624,16,0.744172
624,17,0.744116
624,18,0.743736
624,19,0.744128
624,20,0.743343
625,1,0.743752
625,2,0.743758
625,3,0.743556
625,4,0.743308
625,5,0.743206
625,6,0.743558
625,7,0.743715
625,8,0.744097
625,9,0.744315
625,10,0.744123
625,11,0.743835
625,12,0.743695
625,13,0.743782
625,14,0.743978
625,15,0.743741
625,16,0.743674
625,17,0.743701
625,18,0.743629
625,19,0.743831
625,20,0.743669
626,1,0.74506
626,2,0.744518
626,3,0.743233
626,4,0.741426
626,5,0.740122
626,6,0.741722
626,7,0.742064
626,8,0.744688
626,9,0.746595
626,10,0.746376
626,11,0.74538
626,12,0.744678
626,13,0.745018
626,14,0.746081
626,15,0.744368
626,16,0.743946
626,17,0.743656
626,18,0.742596
626,19,0.743485
626,20,0.741586
627,1,0.744207
627,2,0.743487
627,3,0.741482
627,4,0.738751
627,5,0.737028
627,6,0.740082
627,7,0.741073
627,8,0.745333
627,9,0.748278
627,10,0.747601
627,11,0.745588
627,12,0.744198
627,13,0.744648
627,14,0.74629
627,15,0.743435
627,16,0.742715
627,17,0.742399
627,18,0.740873
627,19,0.742522
627,20,0.739726
628,1,0.741282
628,2,0.742235
628,3,0.742637
628,4,0.743061
628,5,0.743766
628,6,0.744955
628,7,0.745679
628,8,0.746161
628,9,0.746112
628,10,0.745219
628,11,0.744214
628,12,0.743693
628,13,0.743715
628,14,0.743943
628,15,0.743648
628,16,0.743572
628,17,0.743851
628,18,0.744056
628,19,0.744543
628,20,0.744645
629,1,0.746116
629,2,0.745871
629,3,0.744689
629,4,0.742848
629,5,0.74136
629,6,0.742492
629,7,0.742392
629,8,0.744459
629,9,0.745923
629,10,0.745519
629,11,0.74454
629,12,0.743966
629,13,0.744432
629,14,0.745571
629,15,0.744093
629,16,0.743785
629,17,0.743558
629,18,0.742573
629,19,0.743351
629,20,0.741475
630,1,0.743345
630,2,0.742813
630,3,0.741375
630,4,0.739508
630,5,0.738427
630,6,0.740689
630,7,0.741569
630,8,0.744697
630,9,0.746881
630,10,0.746469
630,11,0.745133
630,12,0.744249
630,13,0.744625
630,14,0.745792
630,15,0.743835
630,16,0.743301
630,17,0.743089
630,18,0.742072
630,19,0.743227
630,20,0.741408
631,1,0.744414
631,2,0.744013
631,3,0.742132
631,4,0.739411
631,5,0.737686
631,6,0.740909
631,7,0.741873
631,8,0.746213
631,9,0.749145
631,10,0.748276
631,11,0.746038
631,12,0.744523
631,13,0.744998
631,14,0.746745
631,15,0.743735
631,16,0.742993
631,17,0.742678
631,18,0.74107
631,19,0.742796
631,20,0.739767
632,1,0.742384
632,2,0.742648
632,3,0.741726
632,4,0.740367
632,5,0.739763
632,6,0.742191
632,7,0.743122
632,8,0.745829
632,9,0.747454
632,10,0.746418
632,11,0.744581
632,12,0.74348
632,13,0.743839
632,14,0.745033
632,15,0.743251
632,16,0.742828
632,17,0.742871
632,18,0.742163
632,19,0.743442
632,20,0.741927
633,1,0.744195
633,2,0.74432
633,3,0.74327
633,4,0.741623
633,5,0.740573
633,6,0.742551
633,7,0.743053
633,8,0.745633
633,9,0.747295
633,10,0.746525
633,11,0.745016
633,12,0.744131
633,13,0.744582
633,14,0.745827
633,15,0.74406
633,16,0.743641
633,17,0.743517
633,18,0.742579
633,19,0.743652
633,20,0.741785
634,1,0.742813
634,2,0.743246
634,3,0.743196
634,4,0.74308
634,5,0.743218
634,6,0.744
634,7,0.744399
634,8,0.744929
634,9,0.745096
634,10,0.74455
634,11,0.743886
634,12,0.743572
634,13,0.743693
634,14,0.743984
634,15,0.743617
634,16,0.7435
634,17,0.743613
634,18,0.743601
634,19,0.743971
634,20,0.743822
635,1,0.744977
635,2,0.744795
635,3,0.743945
635,4,0.742659
635,5,0.741696
635,6,0.742749
635,7,0.74287
635,8,0.744601
635,9,0.745825
635,10,0.745557
635,11,0.744804
635,12,0.744339
635,13,0.744654
635,14,0.745481
635,15,0.744313
635,16,0.744043
635,17,0.74387
635,18,0.743142
635,19,0.743767
635,20,0.742406
636,1,0.743786
636,2,0.743492
636,3,0.742545
636,4,0.741294
636,5,0.740569
636,6,0.742126
636,7,0.742693
636,8,0.744811
636,9,0.746246
636,10,0.745835
636,11,0.744794
636,12,0.744102
636,13,0.744321
636,14,0.745114
636,15,0.743741
636,16,0.743362
636,17,0.743225
636,18,0.742536
636,19,0.743351
636,20,0.742103
637,1,0.743713
637,2,0.743725
637,3,0.74299
637,4,0.741902
637,5,0.741281
637,6,0.742861
637,7,0.743372
637,8,0.74537
637,9,0.74665
637,10,0.746086
637,11,0.744933
637,12,0.744197
637,13,0.74443
637,14,0.745267
637,15,0.743943
637,16,0.743621
637,17,0.743543
637,18,0.742902
637,19,0.743736
637,20,0.742471
638,1,0.744197
638,2,0.744035
638,3,0.743006
638,4,0.741528
638,5,0.740584
638,6,0.742261
638,7,0.742725
638,8,0.745025
638,9,0.746551
638,10,0.745983
638,11,0.74474
638,12,0.74396
638,13,0.744284
638,14,0.745296
638,15,0.743757
638,16,0.743382
638,17,0.743254
638,18,0.742447
638,19,0.743381
638,20,0.741834
639,1,0.743308
639,2,0.743418
639,3,0.742845
639,4,0.74201
639,5,0.741606
639,6,0.743008
639,7,0.743534
639,8,0.745182
639,9,0.746203
639,10,0.745659
639,11,0.744648
639,12,0.744044
639,13,0.744269
639,14,0.744975
639,15,0.743908
639,16,0.743631
639,17,0.743604
639,18,0.743131
639,19,0.743843
639,20,0.742889
640,1,0.744976
640,2,0.74452
640,3,0.742953
640,4,0.740702
640,5,0.739145
640,6,0.741317
640,7,0.741822
640,8,0.74506
640,9,0.74731
640,10,0.746761
640,11,0.745241
640,12,0.744239
640,13,0.744687
640,14,0.746075
640,15,0.74388
640,16,0.743349
640,17,0.743073
640,18,0.741813
640,19,0.743043
640,20,0.740701
641,1,0.743335
641,2,0.743005
641,3,0.741419
641,4,0.739222
641,5,0.737953
641,6,0.740805
641,7,0.741816
641,8,0.745535
641,9,0.748028
641,10,0.747257
641,11,0.745353
641,12,0.744112
641,13,0.744554
641,14,0.74604
641,15,0.743596
641,16,0.742981
641,17,0.742792
641,18,0.741569
641,19,0.743065
641,20,0.740752
642,1,0.742345
642,2,0.743109
642,3,0.743213
642,4,0.743205
642,5,0.743501
642,6,0.744691
642,7,0.745257
642,8,0.746028
642,9,0.74624
642,10,0.745386
642,11,0.744333
642,12,0.743769
642,13,0.743863
642,14,0.744257
642,15,0.743701
642,16,0.743552
642,17,0.743722
642,18,0.743689
642,19,0.744228
642,20,0.743946
643,1,0.744817
643,2,0.744922
643,3,0.744464
643,4,0.743682
643,5,0.743059
643,6,0.743551
643,7,0.743467
643,8,0.744263
643,9,0.744771
643,10,0.744447
643,11,0.743937
643,12,0.743711
643,13,0.744002
643,14,0.744588
643,15,0.744003
643,16,0.743903
643,17,0.74387
643,18,0.743505
643,19,0.743875
643,20,0.743103
644,1,0.745502
644,2,0.744303
644,3,0.74176
644,4,0.738272
644,5,0.735816
644,6,0.738832
644,7,0.739615
644,8,0.744417
644,9,0.747934
644,10,0.747656
644,11,0.745916
644,12,0.744687
644,13,0.74533
644,14,0.747225
644,15,0.744069
644,16,0.743283
644,17,0.742767
644,18,0.740834
644,19,0.742496
644,20,0.739053
645,1,0.740313
645,2,0.74137
645,3,0.742125
645,4,0.743134
645,5,0.744397
645,6,0.745503
645,7,0.746452
645,8,0.746477
645,9,0.746048
645,10,0.745164
645,11,0.744276
645,12,0.74378
645,13,0.743573
645,14,0.743391
645,15,0.743396
645,16,0.743324
645,17,0.74366
645,18,0.744152
645,19,0.744481
645,20,0.745157
646,1,0.74666
646,2,0.746412
646,3,0.745179
646,4,0.743175
646,5,0.741466
646,6,0.742529
646,7,0.742244
646,8,0.744374
646,9,0.745899
646,10,0.745497
646,11,0.7445
646,12,0.743909
646,13,0.744421
646,14,0.745678
646,15,0.744142
646,16,0.743883
646,17,0.743655
646,18,0.742588
646,19,0.743412
646,20,0.741328
647,1,0.741898
647,2,0.742072
647,3,0.74207
647,4,0.742207
647,5,0.742623
647,6,0.743331
647,7,0.743964
647,8,0.744397
647,9,0.744589
647,10,0.744348
647,11,0.744012
647,12,0.743868
647,13,0.743915
647,14,0.743979
647,15,0.743833
647,16,0.743719
647,17,0.743822
647,18,0.743938
647,19,0.744162
647,20,0.744359
648,1,0.744856
648,2,0.745093
648,3,0.745043
648,4,0.744806
648,5,0.744587
648,6,0.744836
648,7,0.744744
648,8,0.745054
648,9,0.745198
648,10,0.744952
648,11,0.744617
648,12,0.744409
648,13,0.744454
648,14,0.744661
648,15,0.744324
648,16,0.744247
648,17,0.744195
648,18,0.743988
648,19,0.744135
648,20,0.743706
649,1,0.745113
649,2,0.744255
649,3,0.742601
649,4,0.740378
649,5,0.738761
649,6,0.740472
649,7,0.740831
649,8,0.74378
649,9,0.74596
649,10,0.745767
649,11,0.744701
649,12,0.74396
649,13,0.744383
649,14,0.745608
649,15,0.743728
649,16,0.743288
649,17,0.743004
649,18,0.741859
649,19,0.742903
649,20,0.740852
650,1,0.742054
650,2,0.742468
650,3,0.742492
650,4,0.742528
650,5,0.742904
650,6,0.744143
650,7,0.744891
650,8,0.74586
650,9,0.746318
650,10,0.745766
650,11,0.74493
650,12,0.744411
650,13,0.744402
650,14,0.74465
650,15,0.744065
650,16,0.743859
650,17,0.743935
650,18,0.743852
650,19,0.744322
650,20,0.744089
651,1,0.745884
651,2,0.745452
651,3,0.74399
651,4,0.74181
651,5,0.740151
651,6,0.741839
651,7,0.74198
651,8,0.744752
651,9,0.746687
651,10,0.746163
651,11,0.74481
651,12,0.743924
651,13,0.744357
651,14,0.745671
651,15,0.74372
651,16,0.743296
651,17,0.743037
651,18,0.741852
651,19,0.742934
651,20,0.740695
652,1,0.742761
652,2,0.742504
652,3,0.741307
652,4,0.739719
652,5,0.738895
652,6,0.741192
652,7,0.74213
652,8,0.745065
652,9,0.747036
652,10,0.746468
652,11,0.745038
652,12,0.744132
652,13,0.7445
652,14,0.745642
652,15,0.74383
652,16,0.743358
652,17,0.743245
652,18,0.742376
652,19,0.743532
652,20,0.741897
653,1,0.744904
653,2,0.744482
653,3,0.742517
653,4,0.739646
653,5,0.737753
653,6,0.740898
653,7,0.741745
653,8,0.746087
653,9,0.749034
653,10,0.748166
653,11,0.745939
653,12,0.74445
653,13,0.744978
653,14,0.746788
653,15,0.743745
653,16,0.743
653,17,0.742655
653,18,0.740977
653,19,0.74269
653,20,0.739535
654,1,0.742423
654,2,0.742471
654,3,0.741178
654,4,0.739336
654,5,0.738409
654,6,0.741263
654,7,0.742341
654,8,0.745727
654,9,0.747872
654,10,0.746855
654,11,0.744821
654,12,0.743573
654,13,0.744022
654,14,0.745465
654,15,0.74325
654,16,0.742717
654,17,0.742687
654,18,0.741719
654,19,0.743226
654,20,0.741263
655,1,0.744099
655,2,0.744154
655,3,0.742772
655,4,0.740652
655,5,0.739334
655,6,0.741965
655,7,0.742705
655,8,0.746104
655,9,0.748315
655,10,0.747383
655,11,0.745438
655,12,0.744244
655,13,0.744758
655,14,0.746299
655,15,0.743954
655,16,0.743388
655,17,0.743209
655,18,0.74198
655,19,0.743384
655,20,0.740972
656,1,0.742104
656,2,0.742855
656,3,0.743112
656,4,0.743375
656,5,0.743855
656,6,0.744586
656,7,0.745045
656,8,0.745188
656,9,0.744983
656,10,0.744276
656,11,0.743576
656,12,0.743286
656,13,0.743371
656,14,0.743542
656,15,0.743425
656,16,0.743382
656,17,0.743617
656,18,0.743835
656,19,0.744158
656,20,0.744345
657,1,0.745822
657,2,0.745423
657,3,0.744112
657,4,0.742135
657,5,0.740588
657,6,0.741959
657,7,0.742021
657,8,0.744479
657,9,0.746274
657,10,0.746015
657,11,0.745062
657,12,0.744463
657,13,0.744936
657,14,0.746125
657,15,0.744459
657,16,0.744084
657,17,0.743794
657,18,0.742686
657,19,0.743533
657,20,0.741487
658,1,0.742854
658,2,0.742729
658,3,0.742022
658,4,0.741155
658,5,0.740826
658,6,0.742404
658,7,0.743154
658,8,0.74501
658,9,0.746198
658,10,0.745715
658,11,0.744679
658,12,0.744005
658,13,0.744143
658,14,0.744758
658,15,0.743584
658,16,0.743223
658,17,0.743164
658,18,0.742688
658,19,0.743448
658,20,0.742582
659,1,0.744112
659,2,0.744224
659,3,0.743596
659,4,0.742584
659,5,0.741948
659,6,0.743316
659,7,0.743659
659,8,0.745414
659,9,0.746519
659,10,0.745955
659,11,0.744879
659,12,0.744207
659,13,0.744443
659,14,0.745248
659,15,0.744045
659,16,0.743775
659,17,0.743707
659,18,0.743101
659,19,0.743854
659,20,0.742623
660,1,0.745236
660,2,0.74435
660,3,0.742039
660,4,0.738806
660,5,0.736559
660,6,0.739499
660,7,0.740229
660,8,0.744696
660,9,0.74787
660,10,0.747312
660,11,0.745389
660,12,0.7441
660,13,0.744732
660,14,0.746612
660,15,0.743626
660,16,0.742918
660,17,0.742531
660,18,0.740785
660,19,0.742459
660,20,0.739244
661,1,0.740691
661,2,0.741627
661,3,0.742107
661,4,0.742718
661,5,0.743647
661,6,0.744892
661,7,0.745795
661,8,0.74623
661,9,0.746148
661,10,0.745315
661,11,0.744381
661,12,0.743888
661,13,0.743842
661,14,0.743926
661,15,0.743694
661,16,0.74358
661,17,0.743852
661,18,0.744133
661,19,0.744563
661,20,0.744865
662,1,0.746668
662,2,0.74628
662,3,0.74476
662,4,0.742398
662,5,0.740489
662,6,0.742002
662,7,0.741912
662,8,0.744642
662,9,0.746583
662,10,0.746105
662,11,0.744834
662,12,0.744036
662,13,0.744566
662,14,0.745982
662,15,0.74402
662,16,0.743615
662,17,0.743311
662,18,0.742022
662,19,0.743054
662,20,0.740605
663,1,0.74318
663,2,0.742429
663,3,0.740421
663,4,0.737778
663,5,0.73622
663,6,0.739333
663,7,0.740519
663,8,0.744795
663,9,0.747788
663,10,0.747247
663,11,0.745412
663,12,0.744192
663,13,0.744723
663,14,0.746352
663,15,0.743648
663,16,0.742944
663,17,0.742668
663,18,0.741249
663,19,0.742857
663,20,0.740285
664,1,0.741753
664,2,0.742829
664,3,0.743394
664,4,0.743994
664,5,0.744808
664,6,0.745871
664,7,0.746528
664,8,0.746766
664,9,0.74651
664,10,0.745577
664,11,0.744584
664,12,0.744038
664,13,0.743949
664,14,0.744014
664,15,0.743767
664,16,0.743662
664,17,0.743899
664,18,0.744124
664,19,0.744498
664,20,0.744673
665,1,0.74651
665,2,0.745881
665,3,0.744065
665,4,0.741356
665,5,0.73919
665,6,0.74085
665,7,0.740807
665,8,0.743887
665,9,0.746129
665,10,0.74573
665,11,0.744449
665,12,0.743659
665,13,0.7443
665,14,0.745891
665,15,0.743788
665,16,0.743379
665,17,0.743077
665,18,0.741696
665,19,0.74286
665,20,0.740236
666,1,0.741468
666,2,0.741739
666,3,0.741586
666,4,0.741483
666,5,0.741834
666,6,0.743229
666,7,0.744154
666,8,0.745354
666,9,0.746019
666,10,0.745556
666,11,0.744764
666,12,0.744305
666,13,0.744378
666,14,0.744689
666,15,0.74404
666,16,0.743781
666,17,0.743845
666,18,0.743737
666,19,0.744252
666,20,0.744026
667,1,0.745192
667,2,0.745327
667,3,0.744818
667,4,0.743919
667,5,0.743231
667,6,0.74408
667,7,0.744082
667,8,0.745279
667,9,0.746003
667,10,0.745484
667,11,0.744611
667,12,0.744064
667,13,0.744234
667,14,0.744866
667,15,0.743901
667,16,0.743686
667,17,0.74359
667,18,0.743053
667,19,0.743595
667,20,0.742518
668,1,0.744725
668,2,0.743786
668,3,0.741644
668,4,0.738716
668,5,0.736687
668,6,0.739292
668,7,0.739982
668,8,0.744063
668,9,0.747016
668,10,0.746656
668,11,0.74508
668,12,0.744028
668,13,0.744642
668,14,0.74635
668,15,0.743754
668,16,0.743154
668,17,0.742824
668,18,0.741298
668,19,0.742792
668,20,0.739994
669,1,0.741155
669,2,0.742098
669,3,0.742725
669,4,0.743531
669,5,0.744559
669,6,0.745542
669,7,0.746344
669,8,0.746442
669,9,0.746135
669,10,0.745385
669,11,0.744617
669,12,0.744198
669,13,0.744056
669,14,0.743947
669,15,0.74388
669,16,0.743779
669,17,0.744013
669,18,0.744345
669,19,0.744598
669,20,0.745043
670,1,0.747044
670,2,0.746315
670,3,0.744308
670,4,0.741293
670,5,0.738869
670,6,0.740764
670,7,0.740719
670,8,0.744205
670,9,0.74674
670,10,0.746307
670,11,0.744841
670,12,0.743882
670,13,0.744519
670,14,0.746242
670,15,0.743802
670,16,0.743313
670,17,0.742933
670,18,0.741331
670,19,0.742635
670,20,0.739619
671,1,0.742321
671,2,0.741801
671,3,0.740064
671,4,0.737808
671,5,0.736649
671,6,0.73986
671,7,0.741236
671,8,0.745347
671,9,0.748157
671,10,0.747514
671,11,0.745624
671,12,0.744375
671,13,0.744833
671,14,0.746335
671,15,0.743764
671,16,0.743066
671,17,0.742853
671,18,0.741595
671,19,0.743165
671,20,0.740871
672,1,0.742867
672,2,0.743637
672,3,0.743558
672,4,0.743241
672,5,0.743315
672,6,0.744888
672,7,0.7455
672,8,0.746795
672,9,0.747332
672,10,0.746288
672,11,0.744856
672,12,0.744
672,13,0.744074
672,14,0.744648
672,15,0.743639
672,16,0.743366
672,17,0.743461
672,18,0.743185
672,19,0.743935
672,20,0.743212
673,1,0.745098
673,2,0.744755
673,3,0.743299
673,4,0.741142
673,5,0.739545
673,6,0.741228
673,7,0.741428
673,8,0.74413
673,9,0.746017
673,10,0.745503
673,11,0.74423
673,12,0.743493
673,13,0.744069
673,14,0.74547
673,15,0.743687
673,16,0.743336
673,17,0.743173
673,18,0.742114
673,19,0.743207
673,20,0.741128
674,1,0.742995
674,2,0.742919
674,3,0.742002
674,4,0.740767
674,5,0.740192
674,6,0.742214
674,7,0.74308
674,8,0.745559
674,9,0.747189
674,10,0.746645
674,11,0.745378
674,12,0.744574
674,13,0.744847
674,14,0.745757
674,15,0.744174
674,16,0.743702
674,17,0.743561
674,18,0.742799
674,19,0.743733
674,20,0.742344
675,1,0.743617
675,2,0.743991
675,3,0.743764
675,4,0.743328
675,5,0.743165
675,6,0.744163
675,7,0.744477
675,8,0.745427
675,9,0.745874
675,10,0.745204
675,11,0.74426
675,12,0.743705
675,13,0.743807
675,14,0.744273
675,15,0.743541
675,16,0.743361
675,17,0.743412
675,18,0.743174
675,19,0.743722
675,20,0.74314
676,1,0.745268
676,2,0.74456
676,3,0.742653
676,4,0.739932
676,5,0.737961
676,6,0.740245
676,7,0.740698
676,8,0.74437
676,9,0.747018
676,10,0.746627
676,11,0.745156
676,12,0.7442
676,13,0.744806
676,14,0.746441
676,15,0.74405
676,16,0.743518
676,17,0.743196
676,18,0.741737
676,19,0.743079
676,20,0.740363
677,1,0.741303
677,2,0.742079
677,3,0.742602
677,4,0.743322
677,5,0.744258
677,6,0.74508
677,7,0.745816
677,8,0.74583
677,9,0.745515
677,10,0.744878
677,11,0.744251
677,12,0.743931
677,13,0.743814
677,14,0.743684
677,15,0.743692
677,16,0.743609
677,17,0.743835
677,18,0.744184
677,19,0.744391
677,20,0.744896
678,1,0.746323
678,2,0.745946
678,3,0.744661
678,4,0.742668
678,5,0.741028
678,6,0.742234
678,7,0.742105
678,8,0.744398
678,9,0.746055
678,10,0.745716
678,11,0.744717
678,12,0.74408
678,13,0.74453
678,14,0.745726
678,15,0.744105
678,16,0.74379
678,17,0.743531
678,18,0.742447
678,19,0.743303
678,20,0.741249
679,1,0.743926
679,2,0.742935
679,3,0.740597
679,4,0.737488
679,5,0.735529
679,6,0.738844
679,7,0.740002
679,8,0.744751
679,9,0.748128
679,10,0.74764
679,11,0.745694
679,12,0.744359
679,13,0.744939
679,14,0.746749
679,15,0.743689
679,16,0.742904
679,17,0.742527
679,18,0.740833
679,19,0.742575
679,20,0.73953
680,1,0.742187
680,2,0.742655
680,3,0.742022
680,4,0.741038
680,5,0.740782
680,6,0.743326
680,7,0.744401
680,8,0.747016
680,9,0.748513
680,10,0.747402
680,11,0.745482
680,12,0.744258
680,13,0.744435
680,14,0.745427
680,15,0.743624
680,16,0.743136
680,17,0.743142
680,18,0.742468
680,19,0.743685
680,20,0.742277
681,1,0.743856
681,2,0.744315
681,3,0.74394
681,4,0.743209
681,5,0.742763
681,6,0.743771
681,7,0.743937
681,8,0.745
681,9,0.745523
681,10,0.744756
681,11,0.743724
681,12,0.743211
681,13,0.743522
681,14,0.744273
681,15,0.743495
681,16,0.743374
681,17,0.743475
681,18,0.743169
681,19,0.743816
681,20,0.743002
682,1,0.743839
682,2,0.74393
682,3,0.743551
682,4,0.742978
682,5,0.742641
682,6,0.743317
682,7,0.743533
682,8,0.744414
682,9,0.744996
682,10,0.74477
682,11,0.744338
682,12,0.744155
682,13,0.744411
682,14,0.744888
682,15,0.744344
682,16,0.744193
682,17,0.744153
682,18,0.74385
682,19,0.74418
682,20,0.743589
683,1,0.745968
683,2,0.744869
683,3,0.742429
683,4,0.73903
683,5,0.736597
683,6,0.739495
683,7,0.740156
683,8,0.744776
683,9,0.748125
683,10,0.747737
683,11,0.74592
683,12,0.744618
683,13,0.745185
683,14,0.747014
683,15,0.743863
683,16,0.743077
683,17,0.742559
683,18,0.740644
683,19,0.742284
683,20,0.73886
684,1,0.741346
684,2,0.741594
684,3,0.740863
684,4,0.739882
684,5,0.739695
684,6,0.742285
684,7,0.743521
684,8,0.746222
684,9,0.747832
684,10,0.746868
684,11,0.745079
684,12,0.743938
684,13,0.744132
684,14,0.7451
684,15,0.743389
684,16,0.742931
684,17,0.742986
684,18,0.742406
684,19,0.743649
684,20,0.742433
685,1,0.743378
685,2,0.744379
685,3,0.744924
685,4,0.74539
685,5,0.74583
685,6,0.746032
685,7,0.746058
685,8,0.745566
685,9,0.7449
685,10,0.744191
685,11,0.74367
685,12,0.74351
685,13,0.743575
685,14,0.743656
685,15,0.743833
685,16,0.743925
685,17,0.744168
685,18,0.744442
685,19,0.744538
685,20,0.744754
686,1,0.745128
686,2,0.744883
686,3,0.744266
686,4,0.743371
686,5,0.7426
686,6,0.742797
686,7,0.742616
686,8,0.743339
686,9,0.743941
686,10,0.743967
686,11,0.743837
686,12,0.743832
686,13,0.744151
686,14,0.744667
686,15,0.744202
686,16,0.744116
686,17,0.744007
686,18,0.74361
686,19,0.743833
686,20,0.743112
687,1,0.744106
687,2,0.743665
687,3,0.742758
687,4,0.741595
687,5,0.740886
687,6,0.742239
687,7,0.742752
687,8,0.744768
687,9,0.746219
687,10,0.74607
687,11,0.745319
687,12,0.74476
687,13,0.744918
687,14,0.745564
687,15,0.744278
687,16,0.743884
687,17,0.743653
687,18,0.74293
687,19,0.743578
687,20,0.742372
688,1,0.743895
688,2,0.743759
688,3,0.742932
688,4,0.741766
688,5,0.741081
688,6,0.742678
688,7,0.743189
688,8,0.745265
688,9,0.746606
688,10,0.746041
688,11,0.744838
688,12,0.744023
688,13,0.744191
688,14,0.744999
688,15,0.743596
688,16,0.743252
688,17,0.743159
688,18,0.742493
688,19,0.743373
688,20,0.742088
689,1,0.743531
689,2,0.743627
689,3,0.743053
689,4,0.74219
689,5,0.741715
689,6,0.743017
689,7,0.743443
689,8,0.745029
689,9,0.746017
689,10,0.745485
689,11,0.744507
689,12,0.743931
689,13,0.744181
689,14,0.744922
689,15,0.743908
689,16,0.743682
689,17,0.743673
689,18,0.743204
689,19,0.743903
689,20,0.742923
690,1,0.745456
690,2,0.744655
690,3,0.742466
690,4,0.739369
690,5,0.737196
690,6,0.740019
690,7,0.740687
690,8,0.744995
690,9,0.748054
690,10,0.747515
690,11,0.745659
690,12,0.744406
690,13,0.745001
690,14,0.746805
690,15,0.743889
690,16,0.743183
690,17,0.74277
690,18,0.741036
690,19,0.74262
690,20,0.739446
691,1,0.741268
691,2,0.741836
691,3,0.741725
691,4,0.741566
691,5,0.741917
691,6,0.743648
691,7,0.744613
691,8,0.746009
691,9,0.746666
691,10,0.745801
691,11,0.744534
691,12,0.74379
691,13,0.743866
691,14,0.74435
691,15,0.743482
691,16,0.743219
691,17,0.743378
691,18,0.743266
691,19,0.74403
691,20,0.743655
692,1,0.74607
692,2,0.745662
692,3,0.743866
692,4,0.741125
692,5,0.739067
692,6,0.741326
692,7,0.741589
692,8,0.745154
692,9,0.747639
692,10,0.746992
692,11,0.745282
692,12,0.744189
692,13,0.744792
692,14,0.746495
692,15,0.743999
692,16,0.743458
692,17,0.743133
692,18,0.741605
692,19,0.742981
692,20,0.740063
693,1,0.742937
693,2,0.742431
693,3,0.74054
693,4,0.738
693,5,0.736565
693,6,0.739802
693,7,0.741035
693,8,0.745263
693,9,0.748137
693,10,0.747374
693,11,0.745325
693,12,0.743998
693,13,0.744525
693,14,0.746183
693,15,0.743449
693,16,0.742742
693,17,0.742523
693,18,0.741156
693,19,0.742829
693,20,0.740288
694,1,0.742494
694,2,0.743195
694,3,0.742948
694,4,0.742421
694,5,0.74239
694,6,0.744241
694,7,0.744998
694,8,0.746693
694,9,0.74754
694,10,0.746521
694,11,0.745007
694,12,0.744112
694,13,0.744276
694,14,0.745012
694,15,0.743808
694,16,0.743487
694,17,0.743564
694,18,0.743176
694,19,0.744052
694,20,0.743129
695,1,0.74371
695,2,0.744313
695,3,0.744545
695,4,0.74469
695,5,0.744826
695,6,0.744817
695,7,0.744724
695,8,0.744309
695,9,0.743829
695,10,0.743382
695,11,0.743113
695,12,0.743118
695,13,0.743275
695,14,0.743418
695,15,0.743604
695,16,0.743708
695,17,0.743905
695,18,0.744115
695,19,0.74419
695,20,0.744354
696,1,0.745127
696,2,0.744689
696,3,0.743741
696,4,0.742411
696,5,0.741385
696,6,0.742226
696,7,0.742315
696,8,0.743987
696,9,0.745284
696,10,0.745305
696,11,0.744874
696,12,0.744601
696,13,0.744935
696,14,0.745683
696,15,0.744626
696,16,0.744351
696,17,0.744107
696,18,0.743357
696,19,0.743835
696,20,0.74254
697,1,0.744952
697,2,0.743916
697,3,0.741643
697,4,0.738576
697,5,0.736535
697,6,0.739593
697,7,0.740521
697,8,0.745068
697,9,0.748308
697,10,0.747835
697,11,0.745931
697,12,0.744547
697,13,0.744996
697,14,0.746676
697,15,0.743608
697,16,0.742813
697,17,0.742365
697,18,0.740625
697,19,0.742284
697,20,0.739192
698,1,0.742337
698,2,0.742326
698,3,0.740934
698,4,0.738953
698,5,0.737976
698,6,0.741249
698,7,0.742514
698,8,0.746395
698,9,0.748879
698,10,0.747815
698,11,0.745538
698,12,0.744055
698,13,0.744449
698,14,0.745988
698,15,0.743422
698,16,0.742803
698,17,0.742723
698,18,0.741579
698,19,0.743264
698,20,0.740984
699,1,0.74345
699,2,0.743898
699,3,0.74316
699,4,0.741925
699,5,0.741271
699,6,0.743273
699,7,0.743875
699,8,0.746112
699,9,0.747398
699,10,0.746357
699,11,0.74467
699,12,0.743698
699,13,0.744062
699,14,0.745182
699,15,0.743609
699,16,0.743244
699,17,0.743257
699,18,0.742565
699,19,0.743639
699,20,0.742138
