t,predict_test,teacher
501,0.381822,0.550643,0.0285006
502,0.578854,0.776757,0.0676662
503,-0.0317612,0.320502,0.191755
504,0.437164,1.08922,0.616928
505,-0.0478171,-0.564801,0.884201
506,0.0811366,0.880165,1.52265
507,-0.206467,-0.254006,1.52491
508,0.187633,1.17372,2.49728
509,0.312457,-1.00488,4.23265
510,0.394574,-0.0615716,4.44072
511,0.0473106,0.693229,4.85793
512,0.428866,0.308735,4.87236
513,1.21376,1.07452,4.89174
514,0.362096,-0.523825,5.6766
515,1.10404,0.938208,5.7041
516,-0.498866,-0.389475,5.71607
517,0.752912,1.0691,5.81604
518,-0.423747,-0.716994,5.90203
519,0.480862,0.601016,5.91647
520,0.0494608,0.279193,5.96925
521,0.614552,1.07118,6.17775
522,-0.0469633,-0.522628,6.40401
523,0.373167,0.938957,6.72413
524,-0.195799,-0.391084,6.76226
525,-0.00817332,1.06756,7.91947
526,-0.39834,-0.712889,8.01841
527,0.542418,0.608773,8.02281
528,-0.0726032,0.267287,8.13834
529,0.690678,1.08261,8.29195
530,-0.0628391,-0.560684,8.5398
531,0.385805,0.884671,8.78867
532,-0.165147,-0.263905,8.79842
533,0.0231552,1.1679,10.1089
534,-0.352344,-0.988749,10.5139
535,0.588999,-0.0183049,10.8827
536,-0.247953,0.702906,11.7868
537,0.449294,0.3028,11.8083
538,1.19755,1.08251,11.8215
539,0.409761,-0.549714,12.7421
540,1.25997,0.901692,12.8705
541,-0.333345,-0.303183,12.8714
542,0.934986,1.14182,12.9142
543,-0.718604,-0.916208,12.9532
544,0.538491,0.167333,13.091
545,0.0506781,0.685937,13.4945
546,0.479806,0.391486,13.5023
547,0.843973,0.991215,13.524
548,0.347341,-0.258064,13.8905
549,1.23502,1.20413,13.8915
550,-0.931106,-1.10732,13.9225
551,-0.478465,-0.355367,13.9377
552,0.37413,0.491005,13.9513
553,0.754982,0.555869,13.991
554,0.596558,0.714715,14.0049
555,0.287152,0.451616,14.032
556,0.272815,0.928875,14.4624
557,-0.0193484,-0.0724465,14.4652
558,0.833597,1.27131,14.6568
559,-0.576106,-1.28447,15.1586
560,0.381608,-0.928417,16.8748
561,-0.0825427,-0.592082,17.1344
562,0.581131,0.23069,17.2572
563,0.706915,0.747871,17.2589
564,0.439188,0.286172,17.2823
565,0.45797,1.10971,17.7071
566,-1.03824,-0.638183,17.8671
567,1.41102,0.762725,18.2874
568,-0.144191,-0.00590313,18.3065
569,1.46661,1.22877,18.3631
570,-0.040524,-1.11559,19.5188
571,0.647285,-0.373733,20.5613
572,-0.0414065,0.469775,20.8226
573,0.755543,0.578916,20.8538
574,0.299311,0.671731,20.9925
575,0.285011,0.541963,21.0586
576,0.765608,0.790307,21.0592
577,0.380583,0.288171,21.0677
578,0.410626,1.12083,21.5721
579,-0.438345,-0.672322,21.6268
580,0.232716,0.703427,21.8484
581,-0.279861,0.10557,21.997
582,0.335475,1.19543,22.7365
583,0.43648,-0.968986,24.7118
584,0.495542,0.0441194,24.9156
585,0.100468,0.706579,25.283
586,0.644621,0.31428,25.3921
587,0.400807,1.07369,25.8449
588,-0.107001,-0.519658,26.0152
589,0.802722,0.944045,26.0351
590,-0.496235,-0.403607,26.0437
591,1.16231,1.05515,26.0552
592,-0.57391,-0.679775,26.0664
593,0.598966,0.669615,26.0714
594,0.0918228,0.16833,26.0772
595,0.616082,1.16122,26.3744
596,-0.130989,-0.83729,26.8733
597,0.522881,0.366888,26.8976
598,0.0618124,0.560364,27.1462
599,0.314142,0.670456,27.2731
600,0.161783,0.538793,27.4153
601,-0.358577,0.79472,28.7454
602,0.401294,0.277426,28.7607
603,0.258574,1.13066,29.5212
604,0.383017,-0.706536,30.7084
605,0.437464,0.640329,30.7495
606,-0.197286,0.214009,30.9187
607,0.429709,1.12798,31.4063
608,0.363319,-0.717069,32.5735
609,0.547746,0.618531,32.5785
610,0.116918,0.249267,32.596
611,0.396385,1.09857,33.0891
612,0.103617,-0.614823,33.6052
613,0.487008,0.800361,33.7034
614,-0.368787,-0.0812563,33.7861
615,0.202716,1.23086,34.8432
616,-0.0234393,-1.14542,36.102
617,0.729412,-0.46751,37.5347
618,-0.419151,0.350383,38.1268
619,0.550111,0.687871,38.1458
620,0.538801,0.442682,38.1551
621,0.95012,0.932008,38.1554
622,0.648739,-0.0832892,38.6913
623,0.751455,1.26989,38.96
624,-0.916576,-1.28266,39.094
625,-0.354107,-0.922325,39.4169
626,-0.141887,-0.575755,39.6052
627,0.658759,0.259212,39.7648
628,0.79923,0.733207,39.7692
629,0.286084,0.325135,39.7707
630,0.405925,1.07196,40.2143
631,-0.660116,-0.511211,40.2365
632,1.27812,0.955718,40.3404
633,-0.407085,-0.43212,40.341
634,1.00067,1.0253,40.3416
635,0.0539844,-0.601363,40.7711
636,0.671157,0.801297,40.7881
637,-0.051768,-0.0793157,40.7888
638,0.655738,1.23158,41.1204
639,-0.19749,-1.14731,42.0226
640,0.72912,-0.473359,43.4685
641,0.191708,0.342113,43.4911
642,0.652551,0.694135,43.4929
643,0.657219,0.428081,43.5454
644,0.801666,0.951686,43.5679
645,0.586275,-0.139564,44.0947
646,0.760728,1.25824,44.3422
647,-0.918243,-1.25829,44.4579
648,-0.365925,-0.839146,44.6818
649,-0.085219,-0.363319,44.7591
650,0.684914,0.563456,44.7739
651,0.6889,0.446529,44.8326
652,1.17012,0.889893,44.9112
653,-0.0330838,0.0252855,44.9146
654,0.76459,1.26607,45.1661
655,-0.441333,-1.23653,45.7984
656,0.0543244,-0.76079,46.4628
657,0.10545,-0.181281,46.545
658,0.256847,0.725755,46.7649
659,0.231543,0.208207,46.7654
660,1.14969,1.15704,46.7655
661,0.163093,-0.811763,47.7158
662,0.38408,0.424568,47.7175
663,-0.0144727,0.50411,47.9864
664,0.506735,0.771592,48.0566
665,0.037284,0.317737,48.1352
666,0.124759,1.09014,49.0672
667,0.270319,-0.568441,49.7707
668,0.534929,0.874666,49.8861
669,0.176922,-0.241589,50.0613
670,0.530096,1.18069,50.4845
671,0.232863,-1.02411,52.0645
672,0.470769,-0.11412,52.4066
673,-0.126433,0.674534,53.0482
674,0.448809,0.32877,53.0626
675,1.27101,1.05103,53.1109
676,0.281557,-0.447912,53.6431
677,0.871058,1.03443,53.6698
678,-0.879726,-0.632451,53.7309
679,0.772729,0.750339,53.7314
680,0.505685,0.0220526,53.9653
681,0.489219,1.22442,54.5058
682,0.136657,-1.09227,56.0161
683,0.15018,-0.302959,56.2214
684,0.441753,0.54382,56.2319
685,0.560272,0.495076,56.2361
686,0.646169,0.820006,56.2663
687,0.0159026,0.207149,56.3029
688,0.648643,1.18593,56.5916
689,-0.347906,-0.906847,56.904
690,-0.163075,0.204458,57.0391
691,-0.251363,0.669422,57.8869
692,0.509715,0.433962,57.8927
693,0.916465,0.937174,57.8931
694,0.150849,-0.0994249,57.9557
695,1.00688,1.26731,58.0235
696,-1.05415,-1.27834,58.0738
697,-0.81426,-0.907627,58.0825
698,-0.0655194,-0.536805,58.3046
699,0.582436,0.324288,58.3713
700,1.03181,0.691731,58.4869
701,0.190632,0.427399,58.543
702,0.310874,0.951782,58.9537
703,0.0128496,-0.140024,58.9771
704,0.937488,1.25809,59.0799
705,-1.17684,-1.2579,59.0865
706,-0.325161,-0.8378,59.3493
707,-0.071761,-0.360042,59.4324
708,0.617347,0.567177,59.4349
709,0.796685,0.441621,59.561
710,1.17606,0.897112,59.6388
711,-0.0356037,0.00575217,59.6405
712,0.759073,1.26909,59.9006
713,-0.450356,-1.25309,60.545
714,0.0519407,-0.817602,61.3011
715,0.109056,-0.31179,61.4782
716,0.280577,0.618621,61.5925
717,0.303226,0.370694,61.597
718,1.08647,0.993207,61.6057
719,0.293402,-0.269837,61.923
720,0.807149,1.19603,62.0742
721,-0.509974,-1.08362,62.4033
722,0.272999,-0.285115,62.7147
723,0.129066,0.561108,62.9014
724,0.978513,0.473687,63.1563
725,0.203234,0.854201,63.58
726,0.477753,0.120582,63.7076
727,0.714082,1.2359,63.9799
728,-0.78996,-1.10227,64.0774
729,-0.393377,-0.330224,64.0814
730,-0.154735,0.516652,64.5322
731,0.260015,0.527232,64.6036
732,0.477497,0.765833,64.6867
733,0.394863,0.337069,64.6901
734,0.515299,1.07069,64.9985
735,-0.120897,-0.5038,65.1451
736,0.453896,0.965866,65.4072
737,-0.5007,-0.457195,65.4091
738,0.673585,0.997121,65.5138
739,0.55141,-0.52911,66.6813
740,0.532757,0.907196,66.8215
741,0.0922264,-0.31094,66.9841
742,0.680009,1.1368,67.1927
743,-0.196494,-0.902527,67.6912
744,0.720581,0.200663,67.9615
745,0.00210458,0.67287,68.4115
746,0.758084,0.426344,68.5215
747,0.261695,0.947384,68.9917
748,0.16603,-0.128649,69.0785
749,1.00531,1.26104,69.1439
750,-0.891999,-1.26492,69.283
751,-0.563311,-0.861724,69.372
752,0.117121,-0.419072,69.6595
753,0.622433,0.495613,69.6756
754,0.985016,0.530393,69.8823
755,0.71852,0.754841,69.8836
756,0.0832954,0.361419,69.961
757,0.766025,1.04358,70.038
758,-0.126369,-0.416253,70.122
759,0.913626,1.0705,70.1467
760,-0.152114,-0.729235,70.4797
761,0.184384,0.576653,70.6336
762,0.116919,0.315689,70.6731
763,0.549822,1.03347,70.907
764,0.223634,-0.400585,71.2967
765,-0.104209,1.08539,72.7118
766,-0.12739,-0.769463,73.1241
767,-0.0989731,0.496714,73.4789
768,-0.403774,0.423747,74.1637
769,0.463798,0.897628,74.3519
770,0.302405,-0.000906481,74.4439
771,-0.032888,1.26929,76.1396
772,-0.27504,-1.2558,77.1015
773,-0.0662894,-0.827054,77.6802
774,-0.118437,-0.334366,77.7268
775,0.512467,0.595363,77.7337
776,0.0350118,0.403451,77.8695
777,1.08898,0.950727,77.8886
778,0.258089,-0.1444,78.0506
779,0.879737,1.25603,78.1922
780,-0.526039,-1.25196,78.7191
781,0.181779,-0.817568,79.7178
782,0.110525,-0.311373,79.8958
783,0.700723,0.618995,79.9025
784,0.606026,0.370171,79.9581
785,1.27965,0.993861,80.0398
786,-0.0935863,-0.271811,80.0716
787,0.656922,1.19472,80.3608
788,-0.462773,-1.07986,80.7416
789,0.305198,-0.274106,81.0772
790,0.126013,0.570855,81.2751
791,0.982434,0.461542,81.5464
792,0.199402,0.873027,82.0002
793,0.486629,0.0714155,82.1726
794,0.776058,1.25477,82.4017
795,-0.894291,-1.18279,82.485
796,-0.545031,-0.582175,82.4863
797,-0.138154,0.170663,82.5817
798,0.159221,0.784571,82.9728
799,0.327866,0.189425,82.9919
800,0.806369,1.18514,83.1354
801,0.038624,-0.909541,84.0344
802,0.403836,0.197371,84.0771
803,0.267688,0.6726,84.241
804,0.675118,0.425863,84.3031
805,0.466975,0.947877,84.5344
806,-0.422167,-0.130099,84.6197
807,1.19381,1.26067,84.6242
808,-1.13782,-1.26402,84.6401
809,-0.852802,-0.858656,84.6401
810,0.0102235,-0.411414,84.8179
811,0.647947,0.505437,84.8382
812,0.967679,0.518923,85.0396
813,0.761153,0.774638,85.0398
814,0.0694059,0.315587,85.1004
815,0.773159,1.09296,85.2027
816,-0.184822,-0.577705,85.357
817,0.821086,0.860647,85.3586
818,-0.143609,-0.21031,85.363
819,0.299412,1.19627,86.1674
820,0.428353,-1.06658,88.4022
821,0.63805,-0.233763,89.1623
822,0.0557705,0.603521,89.4623
823,0.450343,0.419938,89.4632
824,1.27989,0.934169,89.5828
825,0.0702196,-0.0957604,89.6103
826,0.425908,1.26741,90.3184
827,-1.12131,-1.2776,90.3429
828,-0.77415,-0.904933,90.36
829,-0.109554,-0.529745,90.5365
830,0.387774,0.335639,90.5393
831,0.859185,0.683362,90.5702
832,0.169752,0.446915,90.647
833,0.320433,0.925382,91.013
834,0.10951,-0.0647914,91.0433
835,0.876998,1.27174,91.1992
836,-1.23339,-1.28368,91.2017
837,-0.40113,-0.925449,91.4766
838,-0.155815,-0.584144,91.6601
839,0.543909,0.244652,91.7496
840,0.90086,0.74096,91.7752
841,0.401368,0.304764,91.7845
842,0.477726,1.09225,92.1622
843,-0.826332,-0.578798,92.2234
844,1.34962,0.858666,92.4645
845,-0.256347,-0.205869,92.467
846,1.29523,1.19826,92.4764
847,0.00120618,-1.07193,93.628
848,0.653801,-0.249181,94.4434
849,-0.0673007,0.591492,94.8774
850,0.395099,0.435438,94.8791
851,1.29822,0.911999,95.0282
852,0.0711964,-0.0338066,95.0392
853,0.404676,1.272,95.7915
854,-1.02206,-1.27532,95.8556
855,-0.768305,-0.89541,95.8718
856,-0.145897,-0.505059,96.0008
857,0.20528,0.374258,96.0293
858,0.683031,0.652385,96.0303
859,0.672287,0.516429,96.0546
860,0.465032,0.822338,96.1822
861,0.533107,0.208193,96.2878
862,0.642747,1.18602,96.583
863,-1.09712,-0.90684,96.6192
864,-0.367525,0.204504,96.9464
865,-0.381223,0.669397,98.0502
866,0.458062,0.434021,98.0508
867,0.634482,0.937095,98.1423
868,0.0600283,-0.0991999,98.1677
869,0.955342,1.26735,98.265
870,-1.07571,-1.27841,98.3061
871,-0.817095,-0.907868,98.3144
872,-0.0670114,-0.537437,98.5357
873,0.582092,0.323265,98.6027
874,1.03212,0.692468,98.718
875,0.18949,0.425662,98.7738
876,0.312322,0.954077,99.1856
877,0.00411792,-0.146668,99.2084
878,0.943191,1.25611,99.3063
879,-1.16973,-1.25293,99.3132
880,-0.315726,-0.820923,99.5684
881,-0.0645966,-0.319357,99.6333
882,0.622109,0.610939,99.6335
883,0.777867,0.381649,99.7905
884,1.38821,0.979364,99.9576
885,-0.113978,-0.22832,99.9707
886,0.693477,1.22083,100.249
887,-0.4784,-1.15508,100.707
888,0.284823,-0.501654,101.325
889,0.120954,0.301156,101.358
890,0.912444,0.722531,101.394
891,0.312688,0.359475,101.396
892,0.541051,1.03585,101.641
893,-0.425025,-0.39433,101.642
894,0.928753,1.09306,101.669
895,-0.424712,-0.790991,101.803
896,-0.21257,0.451985,102.245
897,0.110942,0.476696,102.378
898,0.719732,0.81746,102.388
899,-1.71365e-05,0.207471,102.431
900,-0.124131,1.18498,104.145
901,-0.309761,-0.903595,104.497
902,0.171813,0.212416,104.499
903,-0.145149,0.665753,105.157
904,0.56866,0.443207,105.172
905,0.597192,0.924721,105.28
906,0.188546,-0.0641895,105.343
907,0.893317,1.27165,105.487
908,-1.01086,-1.28318,105.561
909,-0.719049,-0.923678,105.603
910,-0.126363,-0.579406,105.808
911,0.496726,0.2529,105.867
912,1.03209,0.736636,105.955
913,0.325087,0.316184,105.955
914,0.475753,1.08103,106.321
915,-0.712507,-0.541219,106.35
916,1.31215,0.914224,106.509
917,-0.338417,-0.332494,106.509
918,1.14116,1.11949,106.509
919,0.032291,-0.854322,107.295
920,0.662201,0.314035,107.416
921,-0.0661395,0.605638,107.868
922,0.57412,0.580694,107.868
923,0.487316,0.709603,107.917
924,0.223667,0.469257,107.978
925,0.325565,0.904598,108.313
926,-0.0734657,-0.00483996,108.318
927,0.336034,1.27135,109.192
928,-0.155827,-1.2643,110.421
929,0.339877,-0.856444,111.852
930,-0.049073,-0.406185,111.98
931,0.502161,0.512086,111.98
932,0.561585,0.51102,111.982
933,0.92285,0.788028,112.001
934,0.372189,0.283923,112.008
935,0.975628,1.12355,112.03
936,-0.272363,-0.682138,112.198
937,0.73034,0.685629,112.2
938,-0.118945,0.137238,112.266
939,0.349199,1.17932,112.955
940,0.619657,-0.905945,115.282
941,0.766486,0.204765,115.598
942,0.115717,0.669516,115.905
943,0.583443,0.433876,115.927
944,0.350198,0.937307,116.272
945,-0.373119,-0.0997986,116.346
946,0.849549,1.26725,116.521
947,-1.10471,-1.27823,116.551
948,-0.808082,-0.907229,116.561
949,-0.013798,-0.535759,116.833
950,0.582747,0.325978,116.899
951,1.03307,0.690506,117.017
952,0.192548,0.430276,117.073
953,0.308338,0.947959,117.482
954,0.0271282,-0.128995,117.507
955,0.928043,1.26109,117.617
956,-1.18792,-1.26519,117.623
957,-0.339789,-0.862674,117.897
958,-0.0838,-0.421446,118.011
959,0.608859,0.492534,118.024
960,0.826367,0.53394,118.11
961,0.818629,0.748631,118.115
962,0.080469,0.375554,118.202
963,0.767772,1.02713,118.269
964,-0.109377,-0.364334,118.334
965,0.930143,1.1223,118.371
966,-0.14726,-0.872694,118.897
967,0.144422,0.270458,118.913
968,0.0252193,0.635785,119.286
969,0.540963,0.515225,119.287
970,0.368598,0.819096,119.49
971,0.0763444,0.215282,119.509
972,0.673538,1.18084,119.766
973,-0.480187,-0.887565,119.932
974,0.308322,0.251374,119.935
975,-0.329395,0.645266,120.885
976,0.380941,0.492496,120.898
977,0.756006,0.854006,120.907
978,0.149516,0.126692,120.908
979,0.823706,1.23373,121.076
980,-0.730268,-1.09292,121.208
981,0.00265057,-0.302144,121.301
982,-0.386111,0.544317,122.166
983,0.252493,0.494564,122.225
984,0.495754,0.820864,122.33
985,0.176207,0.205023,122.331
986,0.578583,1.18741,122.702
987,-0.455052,-0.912416,122.911
988,-0.167454,0.19072,123.039
989,-0.288177,0.675352,123.968
990,0.502319,0.418676,123.975
991,0.905902,0.9572,123.977
992,0.109863,-0.157122,124.049
993,1.0487,1.2526,124.09
994,-1.11269,-1.24374,124.108
995,-0.877596,-0.789858,124.115
996,0.049304,-0.246548,124.203
997,0.693471,0.677942,124.203
998,0.884822,0.282588,124.566
999,1.57298,1.09158,124.797
1000,-0.243024,-0.583402,124.913
1001,0.542784,0.850975,125.008
1002,-0.2556,-0.188842,125.013
1003,-0.266964,1.20537,127.18
1004,-0.421763,-1.09072,127.628
1005,0.998924,-0.303943,129.325
1006,-0.403535,0.543448,130.222
1007,0.364618,0.495346,130.239
1008,1.27156,0.819519,130.444
1009,0.130057,0.208348,130.45
1010,0.398185,1.18508,131.069
1011,-0.514822,-0.903688,131.22
1012,-0.0972802,0.212213,131.316
1013,-0.256944,0.665846,132.168
1014,0.514121,0.442973,132.173
1015,0.926848,0.925039,132.173
1016,0.17451,-0.0650831,132.23
1017,0.982947,1.27158,132.313
1018,-1.01161,-1.28321,132.387
1019,-0.723353,-0.923812,132.427
1020,-0.12675,-0.579764,132.632
1021,0.499002,0.25228,132.693
1022,1.03335,0.736968,132.781
1023,0.317392,0.315314,132.781
1024,0.4736,1.0819,133.151
1025,-0.722213,-0.544111,133.183
1026,1.3151,0.910091,133.347
1027,-0.331719,-0.322804,133.347
1028,1.1538,1.12714,133.348
1029,0.0300225,-0.875475,134.168
1030,0.661417,0.265103,134.325
1031,-0.0668273,0.638966,134.823
1032,0.556217,0.507942,134.825
1033,0.603836,0.830482,134.877
1034,0.262207,0.186802,134.882
1035,0.695475,1.20029,135.137
1036,-0.517081,-0.96094,135.334
1037,0.229424,0.0673189,135.36
1038,-0.31488,0.705373,136.401
1039,0.325395,0.323623,136.401
1040,0.703168,1.06499,136.532
1041,-0.320689,-0.490789,136.561
1042,1.28567,0.982273,136.653
1043,-0.695291,-0.49804,136.692
1044,1.00707,0.947421,136.696
1045,-0.276723,-0.40606,136.712
1046,0.597222,1.05339,136.921
1047,0.130735,-0.675293,137.57
1048,0.544688,0.677588,137.588
1049,-0.0199775,0.154637,137.618
1050,0.680407,1.1698,137.858
1051,-0.290694,-0.86941,138.193
1052,0.396787,0.292715,138.204
1053,0.0125163,0.619222,138.572
1054,0.366977,0.551005,138.606
1055,0.236085,0.760718,138.881
1056,-0.482847,0.355134,139.583
1057,0.647921,1.05165,139.746
1058,-0.385307,-0.441807,139.749
1059,0.312292,1.04222,140.282
1060,-0.277455,-0.653262,140.423
1061,0.612885,0.715215,140.434
1062,0.290117,0.0878764,140.475
1063,0.419738,1.20375,141.089
1064,0.228487,-1.00227,142.604
1065,0.101955,-0.0452308,142.626
1066,0.33257,0.696456,142.758
1067,0.520292,0.30736,142.803
1068,0.584102,1.07668,143.046
1069,-0.0746929,-0.530722,143.254
1070,0.649182,0.928671,143.332
1071,-0.286969,-0.366619,143.338
1072,0.93222,1.09043,143.364
1073,-0.640663,-0.774633,143.381
1074,0.500394,0.48705,143.382
1075,0.0404267,0.435506,143.538
1076,0.590033,0.880583,143.622
1077,0.129202,0.0450536,143.629
1078,0.207266,1.26133,144.74
1079,-0.506646,-1.21383,145.24
1080,0.00370909,-0.684338,145.714
1081,-0.143116,-0.0197941,145.729
1082,0.577915,0.79415,145.776
1083,-0.00873329,0.111117,145.79
1084,1.13083,1.22096,145.798
1085,-0.0269266,-1.0537,146.853
1086,0.16267,-0.188117,146.976
1087,0.90357,0.634346,147.048
1088,0.134845,0.380212,147.108
1089,0.92356,0.987918,147.112
1090,-0.122569,-0.252312,147.129
1091,0.847669,1.20725,147.259
1092,-1.1596,-1.11613,147.26
1093,-0.223806,-0.381859,147.285
1094,0.234073,0.461019,147.337
1095,0.726772,0.587888,147.356
1096,0.389903,0.654448,147.426
1097,0.326525,0.576744,147.489
1098,0.14606,0.730647,147.831
1099,0.270399,0.42564,147.855
1100,0.575346,0.965557,148.007
1101,-0.354432,-0.177528,148.038
1102,0.195623,1.24554,149.141
1103,-0.286088,-1.22519,150.022
1104,-1.83968e-05,-0.727868,150.552
1105,0.0656095,-0.109266,150.583
1106,0.49432,0.764925,150.656
1107,0.590394,0.148066,150.852
1108,1.71626,1.19878,151.119
1109,-0.532768,-0.967499,151.308
1110,0.37527,0.0491597,151.415
1111,0.393648,0.706367,151.513
1112,0.802242,0.316212,151.749
1113,0.803795,1.07192,151.821
1114,-0.568164,-0.513767,151.824
1115,1.25281,0.952039,151.914
1116,-0.588459,-0.423059,151.941
1117,1.14594,1.03504,151.954
1118,-0.522798,-0.626752,151.965
1119,0.598849,0.760567,151.991
1120,0.0975793,0.00212668,152
1121,0.617439,1.22816,152.373
1122,-0.183672,-1.1111,153.233
1123,0.687864,-0.359921,154.331
1124,0.207527,0.485309,154.408
1125,0.551565,0.562289,154.408
1126,0.573536,0.702956,154.425
1127,0.150013,0.476882,154.532
1128,0.686961,0.892504,154.574
1129,0.25607,0.027875,154.626
1130,0.551156,1.26666,155.138
1131,-0.549902,-1.23785,155.611
1132,0.331748,-0.765177,156.814
1133,-0.175312,-0.191049,156.815
1134,0.537871,0.719347,156.848
1135,0.435041,0.218241,156.895
1136,1.00691,1.14912,156.915
1137,0.154836,-0.783207,157.795
1138,0.39046,0.485958,157.804
1139,-0.0645115,0.43442,158.053
1140,0.296548,0.881578,158.395
1141,-0.151507,0.0422747,158.433
1142,0.346118,1.26197,159.271
1143,0.0545881,-1.21692,160.888
1144,0.628993,-0.694654,162.64
1145,0.363933,-0.040637,162.804
1146,0.882605,0.789292,162.813
1147,0.00304361,0.115634,162.825
1148,1.13632,1.21807,162.832
1149,-0.016006,-1.04247,163.886
1150,0.167537,-0.156033,163.99
1151,0.761712,0.653173,164.002
1152,0.153578,0.355901,164.043
1153,0.701551,1.01862,164.144
1154,-0.149281,-0.34585,164.182
1155,0.909478,1.13813,164.234
1156,-1.06888,-0.917226,164.257
1157,0.395274,0.163613,164.311
1158,0.492878,0.687355,164.349
1159,0.6476,0.387644,164.417
1160,0.252059,0.995831,164.97
1161,0.218703,-0.272059,165.211
1162,1.37261,1.19513,165.242
1163,-0.92419,-1.08128,165.267
1164,-0.365497,-0.278288,165.274
1165,0.389298,0.567194,165.306
1166,0.749756,0.46612,165.386
1167,0.563676,0.865983,165.478
1168,0.345495,0.0899385,165.543
1169,0.721076,1.24847,165.821
1170,-0.859783,-1.15517,165.909
1171,-0.496283,-0.493638,165.909
1172,-0.142228,0.3123,166.115
1173,0.190402,0.715365,166.391
1174,0.357518,0.377244,166.391
1175,0.671507,1.01537,166.509
1176,0.143623,-0.330197,166.734
1177,0.734999,1.15197,166.908
1178,-0.678521,-0.956906,166.985
1179,-0.308097,0.0636549,167.123
1180,0.103238,0.707256,167.488
1181,0.701154,0.318802,167.634
1182,0.169393,1.06989,168.445
1183,0.31214,-0.506885,169.116
1184,1.60582,0.961262,169.532
1185,-0.484144,-0.445699,169.533
1186,1.19265,1.01027,169.566
1187,-0.321165,-0.562618,169.625
1188,0.585712,0.859926,169.7
1189,0.128674,-0.204048,169.811
1190,0.611636,1.19969,170.156
1191,-0.18478,-1.07617,170.951
1192,0.742067,-0.261481,171.958
1193,0.109874,0.581429,172.18
1194,0.894122,0.448272,172.379
1195,0.970703,0.893101,172.385
1196,0.0197792,0.0177998,172.385
1197,0.323653,1.26749,173.276
1198,-0.899152,-1.24379,173.395
1199,-0.730089,-0.78558,173.398
1200,-0.144442,-0.237128,173.407
1201,0.13413,0.685605,173.711
1202,0.433279,0.270787,173.737
1203,1.05057,1.10303,173.74
1204,0.226558,-0.622097,174.46
1205,0.552116,0.789102,174.516
1206,-0.261738,-0.0583837,174.558
1207,-0.41257,1.23196,177.262
1208,-0.519269,-1.14233,177.65
1209,0.962963,-0.457283,179.667
1210,-0.438335,0.364552,180.312
1211,0.618888,0.676758,180.315
1212,0.416402,0.468163,180.318
1213,0.855348,0.89618,180.32
1214,0.689335,0.0160557,180.773
1215,0.751712,1.26849,181.04
1216,-0.872898,-1.24789,181.181
1217,-0.306843,-0.799565,181.423
1218,-0.216114,-0.269393,181.426
1219,0.571247,0.658529,181.434
1220,0.517961,0.312057,181.476
1221,0.983479,1.06123,181.482
1222,0.239909,-0.483067,182.005
1223,0.654347,0.991673,182.119
1224,-0.397583,-0.521701,182.134
1225,0.0399071,0.916461,182.903
1226,-0.103361,-0.332371,182.955
1227,1.03979,1.12028,182.961
1228,-0.1793,-0.856748,183.42
1229,0.567179,0.308461,183.487
1230,0.116228,0.609768,183.731
1231,0.754554,0.571994,183.764
1232,0.095887,0.724883,184.16
1233,0.0604909,0.435961,184.301
1234,0.26938,0.951378,184.766
1235,-0.106671,-0.136379,184.767
1236,0.335771,1.25937,185.62
1237,-0.19007,-1.26135,186.768
1238,0.451984,-0.849583,188.462
1239,0.0227406,-0.388911,188.631
1240,0.520301,0.533373,188.631
1241,0.671593,0.485046,188.666
1242,1.16393,0.830634,188.777
1243,-0.00571312,0.179579,188.811
1244,0.784863,1.20404,188.987
1245,-0.335632,-0.975732,189.397
1246,0.366932,0.0283398,189.512
1247,-0.00590479,0.706156,190.019
1248,0.331898,0.310383,190.019
1249,0.659417,1.07697,190.193
1250,-0.158652,-0.530708,190.332
1251,1.33787,0.928781,190.499
1252,-0.383583,-0.366899,190.499
1253,1.14653,1.09017,190.503
1254,-0.740246,-0.773938,190.504
1255,0.586771,0.488479,190.513
1256,0.0716039,0.433762,190.645
1257,0.587201,0.883134,190.732
1258,0.118511,0.038232,190.739
1259,0.208873,1.26289,191.85
1260,-0.506387,-1.22139,192.361
1261,-0.00327222,-0.709649,192.86
1262,-0.141612,-0.0714602,192.865
1263,0.569506,0.779956,192.909
1264,-0.0096625,0.126898,192.928
1265,1.16522,1.21144,192.93
1266,0.00650076,-1.01656,193.976
1267,0.187388,-0.0833216,194.05
1268,0.537064,0.685312,194.072
1269,0.384662,0.317489,194.076
1270,0.506128,1.06447,194.388
1271,-0.246802,-0.491101,194.448
1272,1.05237,0.98169,194.453
1273,-0.507572,-0.496532,194.453
1274,0.918797,0.949345,194.454
1275,-0.164607,-0.410718,194.514
1276,0.461653,1.04864,194.859
1277,0.0685593,-0.662715,195.394
1278,0.55133,0.699724,195.416
1279,-0.00910886,0.115726,195.431
1280,0.67891,1.19117,195.694
1281,-0.293798,-0.951714,196.126
1282,0.4466,0.0892858,196.254
1283,0.0659048,0.703325,196.66
1284,0.473659,0.334253,196.68
1285,0.425263,1.05458,197.076
1286,-0.265442,-0.456724,197.112
1287,0.824232,1.02434,197.152
1288,-0.823493,-0.605994,197.2
1289,0.808962,0.793181,197.2
1290,0.0920189,-0.0625882,197.224
1291,0.612986,1.23247,197.608
1292,0.18937,-1.14535,199.389
1293,0.244798,-0.466822,199.896
1294,0.395951,0.351303,199.898
1295,0.620184,0.687174,199.902
1296,0.640631,0.444299,199.941
1297,0.73292,0.92979,199.979
1298,0.60932,-0.077024,200.45
1299,0.763615,1.27063,200.707
1300,-0.920486,-1.28341,200.839
1301,-0.348577,-0.924818,201.171
1302,-0.146582,-0.582426,201.361
1303,0.654012,0.247646,201.526
1304,0.801593,0.739412,201.53
1305,0.318299,0.308871,201.53
1306,0.434964,1.08826,201.957
1307,-0.802743,-0.565377,202.013
1308,1.3345,0.878967,202.221
1309,-0.283279,-0.251229,202.222
1310,1.24201,1.17533,202.226
1311,0.0126742,-1.00932,203.271
1312,0.656322,-0.0736231,203.804
1313,-0.0686836,0.689615,204.379
1314,0.427977,0.312116,204.392
1315,1.25721,1.0705,204.427
1316,0.352623,-0.510727,205.172
1317,1.05614,0.955972,205.182
1318,-0.574298,-0.432653,205.203
1319,0.75008,1.02473,205.278
1320,-0.237754,-0.59989,205.409
1321,0.46917,0.803603,205.521
1322,0.0580389,-0.0840554,205.541
1323,0.620732,1.23119,205.914
1324,-0.177038,-1.14737,206.855
1325,0.728656,-0.4737,208.301
1326,0.191158,0.341639,208.324
1327,0.666853,0.694486,208.324
1328,0.672615,0.427257,208.385
1329,0.808172,0.952777,208.406
1330,0.575976,-0.142721,208.922
1331,0.762213,1.25732,209.167
1332,-0.915315,-1.256,209.283
1333,-0.367291,-0.831348,209.499
1334,-0.0822619,-0.344395,209.567
1335,0.685968,0.584545,209.578
1336,0.679958,0.418312,209.646
1337,1.27338,0.930385,209.764
1338,-0.0694806,-0.086368,209.764
1339,0.738821,1.26867,210.045
1340,-0.479154,-1.27925,210.685
1341,0.125269,-0.910475,211.758
1342,0.108476,-0.544326,212.184
1343,0.513439,0.31205,212.224
1344,0.653413,0.700377,212.227
1345,0.263431,0.406877,212.247
1346,0.359346,0.978345,212.63
1347,-0.0812206,-0.217958,212.649
1348,1.00878,1.227,212.697
1349,-1.07249,-1.17311,212.707
1350,-0.181272,-0.558568,212.849
1351,0.00562276,0.211269,212.891
1352,0.660118,0.769941,212.903
1353,0.574439,0.233447,213.02
1354,0.624478,1.15469,213.301
1355,-0.612269,-0.796584,213.335
1356,0.804095,0.458041,213.455
1357,0.301257,0.467303,213.482
1358,0.690463,0.831692,213.502
1359,-0.0651287,0.171795,213.558
1360,0.442558,1.20819,214.144
1361,0.248402,-0.99207,215.683
1362,0.695782,-0.0154264,216.189
1363,0.262694,0.702046,216.382
1364,0.903424,0.305356,216.74
1365,0.52569,1.08007,217.047
1366,-0.219516,-0.541578,217.151
1367,1.24156,0.913393,217.258
1368,-0.194483,-0.330474,217.277
1369,1.05909,1.12112,217.281
1370,-0.805919,-0.858815,217.284
1371,0.535638,0.303747,217.337
1372,0.0427899,0.613189,217.663
1373,0.531574,0.564724,217.664
1374,0.522366,0.737479,217.71
1375,0.227811,0.407992,217.743
1376,0.406337,0.988203,218.081
1377,-0.164211,-0.244766,218.088
1378,0.326906,1.21259,218.872
1379,-0.217012,-1.13194,219.709
1380,0.524371,-0.430033,220.62
1381,0.0988374,0.401517,220.712
1382,0.475315,0.645287,220.741
1383,0.64462,0.537501,220.752
1384,0.295829,0.789116,220.995
1385,-0.196444,0.289465,221.231
1386,0.683719,1.11943,221.421
1387,-0.256612,-0.66753,221.59
1388,-0.167857,0.711993,222.364
1389,-0.177926,0.0900332,222.436
1390,0.617355,1.20225,222.778
1391,0.415828,-0.996556,224.773
1392,0.541381,-0.0296974,225.099
1393,0.118216,0.699799,225.437
1394,0.695192,0.305485,225.589
1395,0.412356,1.07929,226.034
1396,-0.00887171,-0.539167,226.315
1397,0.715275,0.916805,226.356
1398,-0.255412,-0.338495,226.363
1399,0.994534,1.11463,226.377
1400,-0.722488,-0.840913,226.391
1401,0.522325,0.344402,226.423
1402,0.040766,0.581669,226.715
1403,0.546977,0.629646,226.722
1404,0.428524,0.619464,226.759
1405,0.201363,0.651664,226.962
1406,0.0943173,0.591307,227.209
1407,0.161751,0.705997,227.505
1408,0.329894,0.479587,227.527
1409,0.126695,0.889794,228.109
1410,-0.14035,0.0354497,228.14
1411,-0.315747,1.26518,230.64
1412,-0.423874,-1.23031,231.29
1413,-0.241517,-0.739586,231.538
1414,-0.0798731,-0.134877,231.541
1415,0.438261,0.752656,231.64
1416,0.331379,0.16645,231.667
1417,0.971358,1.18701,231.714
1418,0.100273,-0.922651,232.76
1419,0.252665,0.164303,232.768
1420,0.174063,0.685411,233.029
1421,0.871613,0.391588,233.26
1422,0.791951,0.990946,233.299
1423,-0.664578,-0.257287,233.465
1424,1.18175,1.20461,233.466
1425,-1.23378,-1.1087,233.481
1426,-0.672667,-0.359519,233.579
1427,0.29642,0.486434,233.616
1428,0.772459,0.560879,233.66
1429,0.58187,0.705511,233.676
1430,0.283039,0.471419,233.711
1431,0.248725,0.900523,234.136
1432,0.0272845,0.00610638,234.136
1433,0.814894,1.2701,234.344
1434,-0.568512,-1.2566,234.817
1435,0.33023,-0.829632,236.162
1436,-0.153999,-0.340586,236.197
1437,0.55704,0.588712,236.198
1438,0.528184,0.41261,236.212
1439,0.978171,0.938268,236.213
1440,0.308069,-0.108703,236.387
1441,0.877874,1.26494,236.537
1442,-0.532588,-1.2727,237.084
1443,0.134461,-0.888208,238.13
1444,0.109132,-0.486289,238.485
1445,0.585938,0.40247,238.518
1446,0.665079,0.627339,238.52
1447,0.330144,0.569766,238.577
1448,0.223322,0.733716,238.838
1449,0.516624,0.417255,238.848
1450,0.4777,0.976372,239.096
1451,-0.631775,-0.209446,239.275
1452,-0.190929,1.2315,241.298
1453,-0.340831,-1.18605,242.012
1454,0.248617,-0.599957,242.732
1455,0.070939,0.140256,242.737
1456,0.534747,0.792472,242.804
1457,0.625297,0.16286,243.018
1458,0.841387,1.20061,243.147
1459,-0.705319,-0.969189,243.216
1460,0.634969,0.0451242,243.564
1461,0.361432,0.706393,243.683
1462,0.579331,0.314951,243.753
1463,0.805123,1.07305,243.825
1464,-0.640571,-0.517515,243.84
1465,1.40628,0.946964,244.051
1466,-0.52653,-0.410691,244.064
1467,1.14757,1.04796,244.074
1468,-0.582303,-0.660702,244.08
1469,0.596925,0.703249,244.092
1470,0.0914928,0.109406,244.092
1471,0.617483,1.19422,244.425
1472,-0.156167,-0.963795,245.077
1473,0.593227,0.057803,245.364
1474,0.146466,0.706184,245.677
1475,0.475062,0.319167,245.701
1476,0.448042,1.06924,246.087
1477,-0.205973,-0.504834,246.176
1478,0.78688,0.963971,246.208
1479,-0.58576,-0.452387,246.226
1480,1.11563,1.00268,246.238
1481,-0.394803,-0.543219,246.26
1482,0.599935,0.887681,246.343
1483,0.113155,-0.266135,246.487
1484,0.602999,1.16715,246.805
1485,-0.17381,-0.98696,247.466
1486,0.734824,-0.0135822,248.027
1487,0.0515051,0.703654,248.452
1488,0.824885,0.302745,248.725
1489,0.693014,1.08278,248.876
1490,0.282228,-0.550553,249.57
1491,1.22071,0.900482,249.672
1492,-0.309456,-0.300382,249.673
1493,0.967065,1.14382,249.704
1494,-0.727202,-0.92178,249.742
1495,0.544231,0.153596,249.894
1496,0.0526033,0.690437,250.301
1497,0.473879,0.378694,250.31
1498,0.874371,1.00636,250.328
1499,0.359161,-0.304253,250.768
1500,1.28072,1.17231,250.779
1501,-0.903697,-1.01531,250.792
1502,-0.321843,-0.0915042,250.845
1503,0.437619,0.683685,250.906
1504,0.747231,0.318154,251.09
1505,0.491853,1.06339,251.416
1506,0.407311,-0.487685,252.217
1507,1.49792,0.986047,252.479
1508,-0.677273,-0.50751,252.508
1509,0.845961,0.935221,252.516
1510,0.0944556,-0.376747,252.738
1511,0.455156,1.08185,253.131
1512,0.0816328,-0.751593,253.825
1513,0.535274,0.533708,253.825
1514,0.0411018,0.375741,253.937
1515,0.702336,0.962459,254.005
1516,-0.216051,-0.184136,254.006
1517,0.101205,1.24127,255.306
1518,-0.514734,-1.21229,255.792
1519,-0.123114,-0.685125,256.108
1520,-0.151899,-0.0208426,256.125
1521,0.575153,0.793854,256.173
1522,0.248091,0.111461,256.192
1523,1.63481,1.22076,256.363
1524,-0.602846,-1.05293,256.566
1525,0.38547,-0.185897,256.892
1526,0.947891,0.63574,256.99
1527,0.174899,0.378399,257.031
1528,0.896448,0.990262,257.04
1529,-0.122142,-0.259346,257.059
1530,0.852201,1.20291,257.182
1531,-1.15776,-1.10361,257.185
1532,-0.185301,-0.344252,257.21
1533,0.25355,0.503005,257.272
1534,0.727394,0.542505,257.306
1535,0.372539,0.738865,257.44
1536,0.343716,0.398462,257.443
1537,0.36532,0.999379,257.845
1538,-0.142614,-0.278722,257.864
1539,0.827694,1.19105,257.996
1540,-0.553031,-1.06967,258.263
1541,0.537851,-0.244548,258.875
1542,0.183199,0.595375,259.045
1543,0.505847,0.430376,259.051
1544,0.579134,0.919299,259.166
1545,0.383786,-0.054043,259.358
1546,0.847175,1.2717,259.538
1547,-1.13388,-1.28033,259.56
1548,-0.699843,-0.913416,259.605
1549,-0.145821,-0.552158,259.77
1550,0.252098,0.299146,259.773
1551,0.769583,0.709069,259.776
1552,0.463634,0.385853,259.782
1553,0.477221,1.00429,260.06
1554,-0.140606,-0.29627,260.084
1555,1.07923,1.1784,260.094
1556,-0.929234,-1.03296,260.105
1557,0.0447801,-0.140279,260.139
1558,0.0612504,0.662564,260.501
1559,0.684868,0.34333,260.617
1560,0.378912,1.03374,261.046
1561,0.42943,-0.393078,261.723
1562,1.34824,1.09381,261.788
1563,-1.05115,-0.792908,261.854
1564,0.497691,0.447959,261.857
1565,0.54314,0.481193,261.861
1566,0.574048,0.810222,261.916
1567,0.215281,0.225314,261.916
1568,-0.116735,1.17199,263.577
1569,-0.261929,-0.855402,263.929
1570,0.18982,0.327201,263.948
1571,-0.145129,0.593495,264.494
1572,0.530175,0.605029,264.499
1573,0.594484,0.665564,264.505
1574,0.506606,0.561343,264.508
1575,0.517439,0.758521,264.566
1576,0.0022233,0.362907,264.696
1577,0.444544,1.04317,265.054
1578,-0.0236668,-0.414624,265.207
1579,0.0499543,1.07227,266.252
1580,-0.226384,-0.734067,266.51
1581,0.105243,0.567285,266.723
1582,0.182439,0.329242,266.745
1583,0.393559,1.01843,267.135
1584,0.253712,-0.353294,267.504
1585,-0.139462,1.13078,269.117
1586,-0.175009,-0.896132,269.637
1587,-0.121027,0.214963,269.75
1588,-0.353581,0.666468,270.791
1589,0.488332,0.442638,270.793
1590,0.307903,0.925641,271.174
1591,0.264844,-0.0667445,271.284
1592,1.07094,1.27146,271.325
1593,-0.858873,-1.28326,271.505
1594,-0.365623,-0.92403,271.816
1595,-0.0113454,-0.580343,272.14
1596,0.474909,0.251274,272.19
1597,1.04764,0.737503,272.286
1598,0.305062,0.313907,272.287
1599,0.469422,1.0833,272.663
1600,-0.738525,-0.548777,272.699
1601,1.31978,0.903371,272.873
1602,-0.320972,-0.307144,272.873
1603,1.17392,1.13894,272.874
1604,0.0263052,-0.908198,273.747
1605,0.660192,0.186929,273.971
1606,-0.0677049,0.678621,274.528
1607,0.526037,0.411341,274.542
1608,0.788728,0.966704,274.573
1609,0.333,-0.184922,274.842
1610,1.15532,1.24214,274.849
1611,-0.93498,-1.21554,274.928
1612,-0.590446,-0.695919,274.939
1613,0.231976,-0.0426868,275.014
1614,0.710287,0.788673,275.02
1615,0.807896,0.116386,275.499
1616,1.48522,1.21764,275.57
1617,-0.571471,-1.04078,275.791
1618,0.377303,-0.151231,276.07
1619,0.809204,0.655746,276.093
1620,0.194943,0.352627,276.118
1621,0.661658,1.02264,276.249
1622,-0.149945,-0.358321,276.292
1623,0.919113,1.12704,276.335
1624,-1.04227,-0.885805,276.36
1625,0.488763,0.239601,276.422
1626,0.524181,0.653886,276.439
1627,0.626495,0.473286,276.462
1628,0.240631,0.882566,276.874
1629,0.119815,0.0514947,276.879
1630,0.949308,1.26106,276.976
1631,-0.721744,-1.21092,277.215
1632,-0.000463341,-0.674553,277.67
1633,-0.218769,-0.000306642,277.717
1634,0.225915,0.797634,278.044
1635,0.544955,0.1092,278.234
1636,0.83219,1.2226,278.387
1637,0.0272791,-1.05988,279.569
1638,0.151329,-0.205895,279.696
1639,1.00101,0.622687,279.839
1640,0.184678,0.395397,279.884
1641,1.04066,0.967932,279.889
1642,-0.0993395,-0.19303,279.898
1643,0.813142,1.23821,280.078
1644,-1.14256,-1.20436,280.082
1645,-0.485323,-0.659196,280.112
1646,0.0742308,0.030339,280.114
1647,0.666072,0.800953,280.133
1648,0.591948,0.110966,280.364
1649,1.30416,1.22305,280.371
1650,-0.606273,-1.06089,280.577
1651,0.438797,-0.208772,280.997
1652,1.08988,0.620713,281.217
1653,0.37833,0.39797,281.217
1654,1.07659,0.964481,281.23
1655,-0.083854,-0.182923,281.239
1656,0.810318,1.2425,281.426
1657,-1.13415,-1.2162,281.433
1658,-0.517886,-0.698061,281.465
1659,0.0479995,-0.0470652,281.474
1660,0.645407,0.787481,281.495
1661,0.632694,0.117704,281.76
1662,1.55474,1.21685,281.874
1663,-0.531491,-1.0377,282.13
1664,0.371687,-0.142483,282.395
1665,0.784343,0.660269,282.41
1666,0.214964,0.346917,282.427
1667,0.61361,1.02959,282.6
1668,-0.157481,-0.379999,282.65
1669,0.936097,1.10672,282.679
1670,-0.987669,-0.828754,282.704
1671,0.646262,0.370448,282.78
1672,0.565826,0.559249,282.78
1673,0.587484,0.673271,282.788
1674,0.218861,0.533164,282.887
1675,-0.0438391,0.804013,283.605
1676,0.0380165,0.254939,283.653
1677,0.282618,1.15021,284.405
1678,0.234377,-0.775703,285.426
1679,0.316257,0.502662,285.46
1680,-0.236646,0.413552,285.883
1681,0.451688,0.911363,286.094
1682,0.414969,-0.0387498,286.3
1683,0.57728,1.27131,286.782
1684,0.201197,-1.27433,288.959
1685,0.790554,-0.892106,291.79
1686,0.423703,-0.496495,292.637
1687,0.816061,0.387258,292.821
1688,0.145761,0.641095,293.066
1689,0.744275,0.540773,293.108
1690,0.383487,0.782919,293.267
1691,0.616715,0.304086,293.365
1692,0.56284,1.10542,293.659
1693,-0.921003,-0.61951,293.75
1694,-0.29471,0.794316,294.936
1695,-0.389771,-0.0691668,295.039
1696,0.496137,1.2316,295.58
1697,0.460603,-1.14431,298.156
1698,0.49471,-0.463759,299.074
1699,0.0990542,0.355605,299.14
1700,0.776231,0.683836,299.149
1701,0.390458,0.451997,299.153
1702,0.899138,0.919129,299.153
1703,0.675152,-0.047117,299.675
1704,0.749474,1.27263,299.948
1705,-0.909265,-1.28156,300.087
1706,-0.338365,-0.917562,300.422
1707,-0.172937,-0.563155,300.575
1708,0.63078,0.28073,300.697
1709,0.773466,0.72072,300.7
1710,0.561693,0.357007,300.742
1711,0.493305,1.03778,301.038
1712,-0.337963,-0.400683,301.042
1713,1.17166,1.08657,301.05
1714,-0.686915,-0.77309,301.057
1715,0.468612,0.489236,301.057
1716,0.0891494,0.43298,301.176
1717,0.695512,0.88431,301.211
1718,0.125333,0.0350876,301.219
1719,-0.142635,1.26357,303.197
1720,-0.320823,-1.22472,304.014
1721,-0.0272631,-0.72086,304.495
1722,-0.122163,-0.0949122,304.496
1723,0.549528,0.77113,304.545
1724,-0.0143439,0.139028,304.568
1725,1.17591,1.20428,304.569
1726,0.0252904,-0.988695,305.597
1727,0.2134,-0.00724069,305.646
1728,0.385172,0.703318,305.747
1729,0.650917,0.305309,305.867
1730,0.682915,1.0805,306.025
1731,-0.434985,-0.542869,306.036
1732,1.18952,0.911559,306.114
1733,-0.286299,-0.326176,306.115
1734,1.10934,1.12452,306.115
1735,-0.785488,-0.868217,306.122
1736,0.550358,0.282034,306.194
1737,0.0464822,0.628174,306.533
1738,0.523106,0.532166,306.533
1739,0.572998,0.791972,306.581
1740,0.244806,0.281543,306.582
1741,0.572288,1.12662,306.889
1742,-0.364093,-0.692514,306.997
1743,0.300113,0.66658,307.131
1744,-0.299502,0.170186,307.352
1745,0.523202,1.15943,307.757
1746,0.638615,-0.830918,309.916
1747,0.534149,0.381233,309.94
1748,0.143898,0.547251,310.102
1749,0.483509,0.695093,310.147
1750,0.253877,0.487759,310.202
1751,-0.232672,0.875455,311.43
1752,0.361753,0.0733367,311.513
1753,0.345451,1.25511,312.341
1754,0.307471,-1.18341,314.563
1755,0.48165,-0.584112,315.699
1756,-0.240673,0.167316,315.866
1757,0.509498,0.785574,315.942
1758,0.15649,0.186218,315.943
1759,0.687806,1.18712,316.192
1760,0.000243385,-0.917104,317.033
1761,0.371488,0.178625,317.071
1762,0.263826,0.680199,317.244
1763,0.654927,0.405848,317.306
1764,0.514681,0.973462,317.517
1765,-0.47559,-0.204925,317.59
1766,1.24834,1.23325,317.59
1767,-1.1903,-1.19073,317.59
1768,-0.824494,-0.615012,317.634
1769,0.170879,0.113245,317.637
1770,0.749729,0.797542,317.64
1771,0.728401,0.14347,317.982
1772,0.918478,1.21045,318.067
1773,-0.66351,-1.00821,318.186
1774,0.582667,-0.0599453,318.599
1775,0.532568,0.692507,318.624
1776,0.66123,0.310625,318.747
1777,0.941323,1.07267,318.764
1778,-0.477903,-0.517679,318.766
1779,1.22857,0.946613,318.846
1780,-0.313222,-0.40981,318.855
1781,0.920695,1.04886,318.871
1782,-0.544557,-0.663098,318.885
1783,0.476819,0.69908,318.935
1784,0.0444889,0.116872,318.94
1785,0.620702,1.1906,319.265
1786,-0.141643,-0.949482,319.917
1787,0.584497,0.0950575,320.157
1788,0.137897,0.702505,320.476
1789,0.457928,0.337599,320.49
1790,0.415789,1.05119,320.894
1791,-0.277915,-0.44572,320.922
1792,0.830304,1.03722,320.965
1793,-0.86567,-0.639883,321.016
1794,0.715459,0.737936,321.016
1795,0.161506,0.0456647,321.03
1796,0.621713,1.21846,321.386
1797,0.208332,-1.06481,323.007
1798,0.107031,-0.221806,323.115
1799,0.410534,0.61168,323.155
1800,0.562059,0.409644,323.179
1801,0.659426,0.948573,323.262
1802,-0.0267361,-0.136813,323.274
1803,0.605692,1.25837,323.7
1804,-1.04875,-1.25793,323.744
1805,-0.654821,-0.837819,323.778
1806,-0.0361594,-0.360096,323.883
1807,0.524401,0.567118,323.884
1808,0.801179,0.4417,324.014
1809,0.946767,0.896997,324.016
1810,-0.000830804,0.0060643,324.016
1811,0.740479,1.26905,324.295
1812,-0.445319,-1.25286,324.948
1813,0.0539198,-0.816791,325.706
1814,0.109117,-0.309864,325.881
1815,0.280012,0.62054,325.997
1816,0.301917,0.367942,326.002
1817,1.08822,0.996628,326.01
1818,0.291518,-0.280192,326.337
1819,0.800976,1.18908,326.487
1820,-0.506767,-1.06353,326.797
1821,0.274357,-0.226802,327.049
1822,0.129271,0.608927,327.279
1823,0.991949,0.41285,327.614
1824,0.182807,0.944055,328.194
1825,0.520761,-0.123881,328.609
1826,1.02579,1.26173,328.665
1827,-1.21347,-1.26592,328.667
1828,-0.701614,-0.865045,328.694
1829,-0.0892686,-0.427399,328.809
1830,0.4795,0.484748,328.809
1831,0.836065,0.542807,328.895
1832,0.547808,0.73293,328.929
1833,0.120971,0.410782,329.013
1834,0.74387,0.98364,329.07
1835,-0.0559172,-0.231333,329.101
1836,0.947719,1.22017,329.175
1837,-0.118181,-1.15374,330.248
1838,0.050025,-0.497527,330.548
1839,-0.179728,0.30733,330.785
1840,0.56196,0.718509,330.809
1841,0.581355,0.369441,330.854
1842,0.414752,1.02447,331.226
1843,-0.47943,-0.358526,331.241
1844,0.92232,1.12738,331.283
1845,-0.498123,-0.88695,331.434
1846,-0.269164,0.236863,331.69
1847,0.0974014,0.65537,332.001
1848,0.714789,0.469746,332.061
1849,0.0950258,0.887685,332.69
1850,0.107403,0.037745,332.694
1851,0.938221,1.26431,332.801
1852,-0.739665,-1.22655,333.038
1853,-0.0443648,-0.726907,333.504
1854,-0.199373,-0.107717,333.512
1855,0.242667,0.765684,333.786
1856,0.604844,0.146905,333.995
1857,0.913797,1.19949,334.077
1858,0.0937604,-0.970221,335.209
1859,0.217819,0.0419873,335.24
1860,0.307782,0.706466,335.399
1861,0.76542,0.313865,335.603
1862,0.793864,1.07402,335.681
1863,-0.557725,-0.520779,335.683
1864,1.24713,0.942513,335.775
1865,-0.53682,-0.399896,335.794
1866,1.16558,1.05887,335.806
1867,-0.604798,-0.689659,335.813
1868,0.59714,0.651781,335.816
1869,0.0874623,0.198357,335.828
1870,0.614449,1.14045,336.105
1871,-0.114532,-0.761371,336.523
1872,0.483609,0.530576,336.525
1873,0.00347044,0.377474,336.665
1874,0.221883,0.959692,337.21
1875,0.00359443,-0.17617,337.242
1876,0.164442,1.24446,338.408
1877,-0.174269,-1.22099,339.504
1878,0.477003,-0.713822,340.922
1879,0.344204,-0.0796567,341.102
1880,0.842325,0.77697,341.106
1881,0.265424,0.130947,341.124
1882,1.75504,1.20908,341.422
1883,-0.52915,-1.00736,341.651
1884,0.361995,-0.0579497,341.827
1885,0.57491,0.693091,341.841
1886,0.507454,0.310089,341.88
1887,0.543554,1.07331,342.161
1888,-0.298904,-0.519766,342.209
1889,1.10203,0.943774,342.234
1890,-0.345511,-0.402922,342.238
1891,0.923054,1.05585,342.255
1892,-0.553461,-0.681616,342.272
1893,0.480656,0.666313,342.306
1894,0.0433971,0.173952,342.323
1895,0.618945,1.15753,342.613
1896,-0.11664,-0.823643,343.113
1897,0.5152,0.397517,343.127
1898,0.0516521,0.531679,343.358
1899,0.297096,0.723499,343.539
1900,0.132383,0.426672,343.626
1901,-0.274943,0.962181,345.156
1902,0.287547,-0.168107,345.364
1903,0.455128,1.24909,345.994
1904,0.215542,-1.23475,348.098
1905,0.471665,-0.75972,349.614
1906,-0.199166,-0.178469,349.615
1907,0.445387,0.727492,349.694
1908,0.472037,0.205516,349.765
1909,1.81003,1.15912,350.189
1910,-0.408229,-0.819316,350.358
1911,0.437723,0.407945,350.359
1912,0.0584108,0.521218,350.573
1913,0.591507,0.742048,350.596
1914,0.0903828,0.385476,350.683
1915,0.0648235,1.01459,351.585
1916,0.334071,-0.325497,352.02
1917,0.458992,1.15605,352.506
1918,0.202573,-0.968676,353.877
1919,0.459172,0.0331481,354.059
1920,-0.0818033,0.707859,354.682
1921,0.337794,0.308455,354.683
1922,0.269458,1.07916,355.339
1923,0.335355,-0.537872,356.101
1924,1.59685,0.918718,356.561
1925,-0.37821,-0.343022,356.563
1926,1.22132,1.11089,356.575
1927,-0.668643,-0.8306,356.601
1928,0.583481,0.367411,356.648
1929,0.0858043,0.561833,356.874
1930,0.555374,0.668304,356.887
1931,0.368953,0.543267,356.917
1932,0.190734,0.787296,357.273
1933,-0.0699227,0.29521,357.407
1934,0.286142,1.11418,358.092
1935,0.227794,-0.649393,358.862
1936,0.322252,0.743858,359.039
1937,-0.221579,0.0305282,359.103
1938,0.430622,1.22185,359.729
1939,0.31119,-1.08093,361.667
1940,0.483425,-0.269232,362.234
1941,0.0908313,0.57424,362.467
1942,0.822921,0.457579,362.601
1943,0.330162,0.879142,362.902
1944,0.0671293,0.0552264,362.902
1945,0.710134,1.25947,363.204
1946,-0.695122,-1.20421,363.463
1947,-0.678713,-0.652336,363.464
1948,-0.148966,0.0429774,363.501
1949,0.143436,0.801713,363.934
1950,0.3251,0.113051,363.979
1951,0.937556,1.22262,364.06
1952,0.0244427,-1.05881,365.234
1953,0.185634,-0.202719,365.385
1954,1.02443,0.624825,365.544
1955,0.404633,0.392616,365.544
1956,1.09288,0.971641,365.559
1957,-0.0947922,-0.203936,365.571
1958,0.825767,1.23327,365.737
1959,-1.14738,-1.19051,365.739
1960,-0.445006,-0.614245,365.768
1961,0.100595,0.114633,365.768
1962,0.684487,0.79733,365.78
1963,0.548778,0.144362,365.944
1964,0.987581,1.21002,365.994
1965,-0.634352,-1.00651,366.132
1966,0.584491,-0.0552729,366.541
1967,0.524865,0.693771,366.57
1968,0.659141,0.309573,366.692
1969,0.936693,1.07396,366.711
1970,-0.489732,-0.521878,366.712
1971,1.24053,0.940889,366.802
1972,-0.290517,-0.395944,366.813
1973,0.931092,1.06279,366.83
1974,-0.593734,-0.700105,366.841
1975,0.48226,0.63263,366.864
1976,0.0420859,0.229659,366.899
1977,0.615861,1.11595,367.149
1978,-0.0842238,-0.67458,367.498
1979,0.440754,0.697704,367.564
1980,-0.067465,0.116119,367.598
1981,0.127263,1.19043,368.728
1982,-0.163529,-0.949151,369.345
1983,0.553422,0.0958883,369.554
1984,-0.474395,0.702382,370.939
1985,0.490266,0.338089,370.962
1986,0.438281,1.05069,371.337
1987,-0.180374,-0.444099,371.407
1988,0.859542,1.03909,371.439
1989,-0.878328,-0.64483,371.494
1990,0.699031,0.7296,371.495
1991,0.170283,0.0613085,371.507
1992,0.623406,1.21362,371.855
1993,0.211257,-1.04362,373.43
1994,0.0867469,-0.160722,373.491
1995,0.403979,0.650749,373.552
1996,0.556644,0.35892,373.591
1997,0.648251,1.01487,373.725
1998,-0.0307059,-0.334275,373.817
1999,0.593451,1.14803,374.125
2000,-1.07654,-0.945431,374.142
2001,0.262733,0.0930332,374.171
2002,0.473666,0.704254,374.224
2003,0.67128,0.333548,374.338
2004,0.26499,1.05552,374.963
2005,0.304802,-0.459709,375.548
2006,1.5933,1.02079,375.875
2007,-0.629408,-0.596733,375.877
2008,0.902712,0.80771,375.886
2009,0.140707,-0.0923745,375.94
2010,0.597956,1.23037,376.34
2011,0.201506,-1.14704,378.158
2012,0.284059,-0.472858,378.731
2013,0.376439,0.342857,378.732
2014,0.707797,0.693572,378.733
2015,0.728311,0.429399,378.822
2016,0.795405,0.949935,378.846
2017,0.550559,-0.134508,379.315
2018,0.766582,1.25965,379.558
2019,-0.91138,-1.26176,379.681
2020,-0.368161,-0.850966,379.914
2021,-0.0916796,-0.392329,380.005
2022,0.683692,0.52922,380.028
2023,0.703049,0.490199,380.074
2024,1.0031,0.822353,380.106
2025,0.0221867,0.200289,380.138
2026,0.784573,1.19054,380.303
2027,-0.313524,-0.924267,380.676
2028,0.438931,0.161186,380.753
2029,-0.0297219,0.686347,381.266
2030,0.351648,0.388855,381.267
2031,0.737185,0.994212,381.333
2032,0.100345,-0.267185,381.468
2033,1.12665,1.19832,381.473
2034,-1.15593,-1.09052,381.478
2035,-0.65893,-0.305423,381.603
2036,0.281235,0.542249,381.671
2037,0.770707,0.496726,381.746
2038,0.556879,0.817243,381.814
2039,0.320824,0.213977,381.825
2040,0.566138,1.18107,382.203
2041,-0.582743,-0.888711,382.297
2042,0.090647,0.248591,382.322
2043,-0.268895,0.64687,383.16
2044,0.528621,0.488759,383.162
2045,0.941689,0.859621,383.169
2046,0.282847,0.1121,383.198
2047,0.867096,1.24029,383.337
2048,-0.738029,-1.12003,383.483
2049,-0.0414028,-0.384163,383.601
2050,-0.373536,0.457377,384.291
2051,0.241004,0.59188,384.414
2052,0.463852,0.646763,384.448
2053,0.351738,0.591941,384.505
2054,0.35192,0.703478,384.629
2055,0.399921,0.484749,384.636
2056,0.260812,0.882069,385.022
2057,-0.329706,0.0561604,385.171
2058,0.200428,1.26021,386.294
2059,-0.294724,-1.20652,387.125
2060,-0.226491,-0.659891,387.313
2061,-0.0405669,0.0284074,387.318
2062,0.433163,0.800903,387.453
2063,0.258552,0.110498,387.475
2064,0.827831,1.22318,387.631
2065,-0.00367755,-1.06148,388.75
2066,0.150173,-0.210475,388.88
2067,1.04865,0.619537,389.065
2068,0.321965,0.399501,389.071
2069,1.09458,0.962419,389.088
2070,-0.083949,-0.176901,389.097
2071,0.806071,1.24491,389.289
2072,-1.13005,-1.22281,389.298
2073,-0.536047,-0.719882,389.332
2074,0.0336224,-0.0923649,389.348
2075,0.631953,0.772091,389.367
2076,0.656981,0.137715,389.637
2077,1.65239,1.20508,389.837
2078,-0.471142,-0.991776,390.108
2079,0.365456,-0.0155451,390.253
2080,0.496333,0.702129,390.296
2081,0.649502,0.305158,390.414
2082,0.657934,1.08027,390.592
2083,-0.408051,-0.542226,390.61
2084,1.17714,0.912467,390.681
2085,-0.270197,-0.328303,390.684
2086,1.07914,1.12284,390.686
2087,-0.776893,-0.863581,390.693
2088,0.538945,0.292773,390.754
2089,0.0429852,0.620923,391.088
2090,0.527516,0.548068,391.088
2091,0.548376,0.765748,391.136
2092,0.236166,0.343503,391.147
2093,0.490849,1.06453,391.476
2094,-0.26478,-0.48347,391.524
2095,0.3165,0.992119,391.981
2096,-0.265739,-0.523062,392.047
2097,0.586513,0.914604,392.154
2098,0.350344,-0.328019,392.615
2099,0.416727,1.12375,393.114
2100,0.142251,-0.866333,394.132
2101,0.560948,0.286377,394.207
2102,0.0521854,0.625284,394.536
2103,0.748569,0.538542,394.58
2104,0.135504,0.781547,394.997
2105,0.0767624,0.30642,395.05
2106,0.439353,1.10301,395.49
2107,-0.308335,-0.611367,395.582
2108,0.313421,0.807626,395.826
2109,-0.286449,-0.0965741,395.862
2110,0.55976,1.22923,396.311
2111,0.528781,-1.14438,399.11
2112,0.452558,-0.46469,399.951
2113,0.108549,0.354374,400.012
2114,0.694477,0.68478,400.012
2115,0.561824,0.449819,400.024
2116,0.938621,0.922162,400.025
2117,0.617827,-0.0555892,400.478
2118,0.754391,1.27232,400.746
2119,-0.897886,-1.283,400.895
2120,-0.347736,-0.922836,401.225
2121,-0.167963,-0.577178,401.393
2122,0.6387,0.256761,401.539
2123,0.788608,0.73455,401.542
2124,0.487443,0.321639,401.569
2125,0.491018,1.07553,401.911
2126,-0.64869,-0.522987,401.927
2127,1.29183,0.939738,402.051
2128,-0.381918,-0.393246,402.051
2129,1.05924,1.06542,402.051
2130,0.0457816,-0.707147,402.618
2131,0.667508,0.619547,402.62
2132,-0.0590664,0.250481,402.716
2133,0.651686,1.09803,402.915
2134,-0.086554,-0.612784,403.192
2135,0.415398,0.803703,403.343
2136,-0.121244,-0.0881483,403.344
2137,0.0670233,1.23023,404.697
2138,-0.272242,-1.14531,405.459
2139,0.623342,-0.467346,406.649
2140,-0.428778,0.350632,407.256
2141,0.541913,0.687677,407.277
2142,0.583218,0.44313,407.297
2143,0.957595,0.931393,407.298
2144,0.633488,-0.08155,407.809
2145,0.753528,1.27011,408.076
2146,-0.912271,-1.28291,408.213
2147,-0.355141,-0.923156,408.536
2148,-0.144074,-0.577975,408.724
2149,0.657811,0.255376,408.886
2150,0.80022,0.735304,408.89
2151,0.293665,0.319672,408.891
2152,0.41447,1.07753,409.331
2153,-0.706943,-0.529583,409.362
2154,1.29697,0.930616,409.496
2155,-0.363541,-0.37134,409.496
2156,1.08687,1.08613,409.496
2157,0.0413001,-0.762964,410.143
2158,0.665536,0.510881,410.167
2159,-0.0621935,0.405712,410.386
2160,0.632559,0.922821,410.47
2161,0.0716984,-0.0705258,410.491
2162,0.232752,1.26988,411.566
2163,-0.489007,-1.2788,412.19
2164,-0.0907851,-0.908502,412.859
2165,-0.122744,-0.539168,413.032
2166,0.503028,0.320466,413.065
2167,0.221529,0.694472,413.289
2168,0.419942,0.420933,413.289
2169,0.349939,0.960283,413.662
2170,0.0465575,-0.164721,413.706
2171,0.962945,1.2501,413.789
2172,-1.14851,-1.23726,413.797
2173,-0.28495,-0.768113,414.03
2174,-0.0459197,-0.197175,414.053
2175,0.633807,0.715137,414.06
2176,0.725033,0.224858,414.31
2177,1.74425,1.14376,414.67
2178,-0.345548,-0.763989,414.845
2179,0.462634,0.525975,414.849
2180,-0.0282474,0.383493,415.019
2181,0.189719,0.951899,415.6
2182,-0.262882,-0.153507,415.612
2183,0.478095,1.25258,416.212
2184,-0.0673977,-1.24259,417.593
2185,0.496883,-0.785864,419.238
2186,0.41327,-0.237392,419.661
2187,0.849039,0.685344,419.688
2188,0.282632,0.271208,419.688
2189,1.56506,1.10263,419.902
2190,-0.269683,-0.620741,420.026
2191,0.506571,0.791341,420.107
2192,-0.211087,-0.0629312,420.129
2193,-0.360492,1.23186,422.664
2194,-0.516607,-1.14334,423.057
2195,0.966723,-0.460568,425.094
2196,-0.437505,0.360025,425.73
2197,0.609656,0.680364,425.735
2198,0.436511,0.459954,425.736
2199,0.882796,0.907928,425.736
2200,0.682802,-0.0160802,426.225
2201,0.751085,1.27202,426.496
2202,-0.894594,-1.27006,426.637
2203,-0.323677,-0.876669,426.943
2204,-0.196208,-0.456985,427.011
2205,0.601877,0.44463,427.036
2206,0.673228,0.586131,427.043
2207,0.813786,0.65242,427.069
2208,0.420744,0.579926,427.095
2209,0.878295,0.724886,427.118
2210,0.172509,0.438334,427.189
2211,0.41386,0.948474,427.475
2212,0.0776526,-0.127944,427.517
2213,-0.11939,1.26162,429.424
2214,-0.465321,-1.26676,430.066
2215,0.0308831,-0.868062,430.874
2216,0.0303168,-0.434972,431.091
2217,0.519497,0.4747,431.093
2218,0.606847,0.554032,431.096
2219,0.897577,0.712678,431.13
2220,0.0817132,0.455135,431.269
2221,0.74712,0.923796,431.301
2222,0.000993884,-0.0582177,431.304
2223,0.90456,1.27239,431.439
2224,-0.0529771,-1.28405,432.955
2225,-0.0361604,-0.926564,433.748
2226,-0.369846,-0.587142,433.795
2227,0.634315,0.239401,433.951
2228,0.677785,0.74362,433.955
2229,0.544955,0.297662,434.016
2230,0.492358,1.09904,434.385
2231,-0.894472,-0.601753,434.47
2232,1.37174,0.822763,434.772
2233,-0.21103,-0.128241,434.778
2234,1.37483,1.2238,434.801
2235,-0.0176631,-1.13525,436.05
2236,0.650758,-0.437168,437.234
2237,-0.0610793,0.391862,437.439
2238,0.511921,0.653871,437.459
2239,0.838597,0.518993,437.561
2240,0.788575,0.819066,437.562
2241,0.545786,0.216481,437.671
2242,0.698671,1.18011,437.902
2243,-0.581798,-0.884781,437.994
2244,-0.199545,0.258061,438.204
2245,-0.222839,0.641332,438.95
2246,0.590092,0.501589,438.958
2247,0.541191,0.840171,439.048
2248,0.212226,0.162234,439.05
2249,0.783225,1.2152,439.237
2250,-0.67292,-1.01874,439.356
2251,0.0994516,-0.0883928,439.392
2252,-0.405982,0.68344,440.578
2253,0.300485,0.319555,440.579
2254,0.614898,1.06207,440.779
2255,-0.337111,-0.483325,440.8
2256,1.20279,0.991577,440.845
2257,-0.496067,-0.521512,440.845
2258,0.898735,0.916708,440.846
2259,-0.113483,-0.332948,440.894
2260,0.458147,1.11982,441.332
2261,0.0777689,-0.855468,442.203
2262,0.504787,0.31139,442.24
2263,0.105686,0.60761,442.492
2264,0.751366,0.576551,442.523
2265,0.0915203,0.716908,442.914
2266,0.0582886,0.453425,443.07
2267,0.246648,0.927241,443.533
2268,-0.0808072,-0.0676582,443.533
2269,0.338286,1.27176,444.405
2270,-0.172224,-1.28463,445.642
2271,0.395792,-0.928866,447.397
2272,-0.0169555,-0.593298,447.729
2273,0.531353,0.228537,447.821
2274,0.693272,0.74889,447.824
2275,0.473253,0.283391,447.86
2276,0.473863,1.11223,448.267
2277,-1.06425,-0.646868,448.441
2278,1.42094,0.747856,448.894
2279,-0.13088,0.0229347,448.918
2280,1.48271,1.22362,448.985
2281,-0.0438026,-1.08927,450.078
2282,0.646004,-0.294013,450.962
2283,-0.0345522,0.552199,451.306
2284,0.732005,0.484903,451.367
2285,0.350783,0.836476,451.603
2286,0.0943715,0.165901,451.608
2287,0.726139,1.21241,451.845
2288,-0.443801,-1.00814,452.163
2289,-0.372382,-0.0591738,452.261
2290,-0.197341,0.692655,453.053
2291,0.387957,0.310569,453.059
2292,0.730853,1.07276,453.176
2293,-0.231034,-0.517974,453.259
2294,1.28056,0.946213,453.37
2295,-0.275272,-0.408838,453.388
2296,0.899553,1.04986,453.411
2297,-0.579261,-0.665727,453.418
2298,0.475542,0.694488,453.466
2299,0.0443858,0.125043,453.473
2300,0.620503,1.18646,453.793
2301,-0.13856,-0.933236,454.425
2302,0.575197,0.136635,454.617
2303,0.127833,0.693892,454.937
2304,0.437655,0.366909,454.942
2305,0.378538,1.0197,455.353
2306,-0.359478,-0.345621,455.354
2307,0.857654,1.13867,455.433
2308,-1.10923,-0.918895,455.469
2309,-0.192067,0.159487,455.592
2310,0.400266,0.688721,455.676
2311,0.730747,0.383775,455.796
2312,0.393987,1.00042,456.164
2313,0.186094,-0.286042,456.387
2314,1.36808,1.18558,456.42
2315,-0.917499,-1.05364,456.439
2316,-0.321573,-0.19856,456.454
2317,0.408286,0.62871,456.502
2318,0.747741,0.387045,456.632
2319,0.531886,0.978888,456.832
2320,0.399131,-0.225398,457.222
2321,1.1269,1.22254,457.231
2322,-1.27372,-1.16007,457.244
2323,-0.540092,-0.517296,457.245
2324,0.0742055,0.277347,457.286
2325,0.726011,0.737122,457.286
2326,0.479504,0.322517,457.311
2327,0.495033,1.07551,457.648
2328,-0.476677,-0.522663,457.65
2329,0.914766,0.940206,457.651
2330,-0.11878,-0.394381,457.726
2331,0.0566433,1.06431,458.742
2332,0.0905532,-0.704175,459.373
2333,0.739486,0.625085,459.387
2334,-0.232084,0.241723,459.611
2335,0.64604,1.10572,459.822
2336,-0.0934386,-0.639157,460.12
2337,0.428844,0.759787,460.23
2338,-0.0989338,6.5467e-05,460.239
2339,0.0917345,1.22794,461.53
2340,-0.227146,-1.11094,462.312
2341,0.611712,-0.359478,463.255
2342,-0.473547,0.485805,464.175
2343,0.689268,0.561748,464.191
2344,0.34621,0.703956,464.319
2345,0.23739,0.474748,464.376
2346,0.758546,0.895646,464.394
2347,0.251339,0.0193692,464.448
2348,0.553228,1.26817,464.959
2349,-0.551643,-1.24574,465.441
2350,0.336717,-0.792171,466.716
2351,-0.168899,-0.252271,466.723
2352,0.545621,0.673252,466.739
2353,0.471759,0.289744,466.772
2354,1.00999,1.08444,466.777
2355,0.217385,-0.559502,467.381
2356,0.586769,0.887073,467.471
2357,-0.333194,-0.26951,467.475
2358,-0.228047,1.16443,469.414
2359,-0.344093,-0.979117,469.818
2360,1.00907,0.00719233,470.821
2361,-0.363253,0.706193,471.965
2362,0.460759,0.303967,471.99
2363,1.17363,1.0825,471.998
2364,0.420726,-0.54935,472.939
2365,1.32538,0.902251,473.118
2366,-0.322598,-0.304485,473.118
2367,1.06956,1.14088,473.123
2368,-0.737686,-0.913595,473.154
2369,0.568966,0.173746,473.311
2370,0.0641264,0.683659,473.694
2371,0.481649,0.397779,473.701
2372,0.826467,0.983579,473.726
2373,0.341781,-0.235065,474.059
2374,1.2111,1.21772,474.059
2375,-0.937104,-1.14648,474.103
2376,-0.5305,-0.474884,474.106
2377,0.332675,0.340334,474.106
2378,0.748923,0.695377,474.109
2379,0.656451,0.425132,474.162
2380,0.334671,0.955582,474.548
2381,-0.34788,-0.150851,474.587
2382,0.900706,1.25482,474.712
2383,-0.703158,-1.24964,475.011
2384,-0.388763,-0.809809,475.188
2385,-0.0894832,-0.292999,475.229
2386,0.691509,0.636869,475.232
2387,0.657504,0.344257,475.33
2388,1.51542,1.02514,475.571
2389,-0.168987,-0.368009,475.61
2390,0.642697,1.11794,475.836
2391,-0.427509,-0.860109,476.023
2392,0.277944,0.299679,476.024
2393,0.0922657,0.616237,476.298
2394,1.05969,0.558257,476.55
2395,0.0602575,0.74856,477.024
2396,0.122486,0.382998,477.092
2397,0.52277,1.01921,477.338
2398,-0.207017,-0.339391,477.355
2399,0.363494,1.1445,477.965
2400,-0.251534,-0.935651,478.433
2401,0.560388,0.11773,478.629
2402,0.182914,0.6999,478.897
2403,0.443234,0.349515,478.905
2404,0.51879,1.03895,479.176
2405,0.237857,-0.406316,479.591
2406,1.46581,1.08055,479.739
2407,-0.765878,-0.756529,479.74
2408,0.41859,0.522896,479.75
2409,0.375157,0.390253,479.751
2410,0.652044,0.943652,479.836
2411,0.296341,-0.129596,480.017
2412,-0.168753,1.25958,482.057
2413,-0.255133,-1.26005,483.067
2414,-0.135491,-0.844929,483.57
2415,-0.108385,-0.377481,483.643
2416,0.523438,0.547033,483.643
2417,0.278696,0.467813,483.679
2418,0.814033,0.857721,483.681
2419,-0.0173871,0.110384,483.697
2420,0.754682,1.24026,483.933
2421,-0.384504,-1.12042,484.475
2422,0.170691,-0.385398,484.784
2423,0.062177,0.45593,484.939
2424,0.259655,0.59336,485.05
2425,0.289488,0.643872,485.176
2426,0.591974,0.597608,485.176
2427,0.359726,0.693173,485.287
2428,0.430725,0.506598,485.293
2429,0.241802,0.848653,485.661
2430,-0.311352,0.143682,485.868
2431,0.196937,1.22569,486.927
2432,-0.293809,-1.06015,487.514
2433,-0.297492,-0.205777,487.522
2434,-0.0908215,0.622673,488.031
2435,0.322157,0.395456,488.037
2436,0.260408,0.967862,488.537
2437,-0.0830694,-0.192823,488.549
2438,0.83899,1.23831,488.709
2439,-1.19484,-1.20461,488.709
2440,-0.514125,-0.660019,488.73
2441,0.0536841,0.0287418,488.731
2442,0.663024,0.800838,488.75
2443,0.592535,0.110745,488.982
2444,1.31026,1.22308,488.989
2445,-0.605158,-1.06107,489.197
2446,0.43672,-0.209306,489.615
2447,1.09113,0.620345,489.836
2448,0.369883,0.398449,489.837
2449,1.07604,0.963837,489.85
2450,-0.0833887,-0.181041,489.859
2451,0.808925,1.24327,490.048
2452,-1.13276,-1.2183,490.055
2453,-0.523717,-0.70499,490.088
2454,0.0434942,-0.0613061,490.099
2455,0.641312,0.783241,490.119
2456,0.640304,0.122755,490.387
2457,1.59048,1.21388,490.529
2458,-0.513653,-1.02607,490.791
2459,0.367021,-0.109777,491.019
2460,0.690749,0.675309,491.019
2461,0.313872,0.328609,491.019
2462,0.505934,1.05142,491.317
2463,-0.196082,-0.449081,491.381
2464,1.00041,1.03308,491.382
2465,-0.727666,-0.628883,491.392
2466,0.948971,0.756233,491.429
2467,0.357309,0.0106907,491.549
2468,0.480809,1.22671,492.105
2469,0.125374,-1.10354,493.615
2470,0.162604,-0.336899,493.865
2471,0.441809,0.510037,493.87
2472,0.557226,0.534737,493.87
2473,0.632681,0.75269,493.885
2474,0.0727332,0.367261,493.971
2475,0.6695,1.03697,494.106
2476,0.0207592,-0.395263,494.279
2477,0.534354,1.09237,494.591
2478,-0.506307,-0.789149,494.671
2479,0.627143,0.455851,494.7
2480,0.365693,0.472336,494.711
2481,0.501249,0.824414,494.816
2482,0.317549,0.190179,494.832
2483,-0.103878,1.19669,496.524
2484,-0.352956,-0.947837,496.877
2485,0.145298,0.101254,496.879
2486,-0.145002,0.701296,497.596
2487,0.599756,0.341835,497.662
2488,0.567147,1.0468,497.892
2489,-0.0999967,-0.431548,498.002
2490,1.18441,1.05331,498.019
2491,-0.925137,-0.682717,498.078
2492,0.560793,0.66345,498.089
2493,0.186474,0.178953,498.089
2494,0.6326,1.1542,498.361
2495,0.230181,-0.811365,499.446
2496,-0.0554453,0.424621,499.676
2497,0.267191,0.504166,499.732
2498,0.285135,0.77153,499.969
2499,0.142525,0.317888,500
2500,-0.203879,1.08999,501.674
2501,0.180931,-0.567929,502.234
2502,0.58275,0.875435,502.32
2503,0.146302,-0.24332,502.472
2504,0.534012,1.17974,502.889
2505,0.230479,-1.02151,504.456
2506,0.471822,-0.106954,504.791
2507,-0.126454,0.677532,505.438
2508,0.45006,0.325245,505.453
2509,1.26586,1.05516,505.498
2510,0.294561,-0.46114,506.069
2511,0.904477,1.01884,506.082
2512,-0.823673,-0.591586,506.136
2513,0.794693,0.815687,506.136
2514,0.405772,-0.10896,506.401
2515,0.47594,1.22808,506.967
2516,0.116899,-1.14416,508.557
2517,0.30938,-0.464311,509.156
2518,0.38718,0.354935,509.157
2519,0.765162,0.684337,509.163
2520,0.789879,0.450837,509.278
2521,0.756338,0.920746,509.305
2522,0.506637,-0.0516306,509.617
2523,0.775077,1.27249,509.864
2524,-0.884097,-1.28242,510.023
2525,-0.34899,-0.920688,510.35
2526,-0.172655,-0.571458,510.509
2527,0.635681,0.266603,510.645
2528,0.782385,0.729055,510.648
2529,0.522161,0.335852,510.683
2530,0.49344,1.0608,511.005
2531,-0.516337,-0.474663,511.006
2532,1.24339,1.00281,511.064
2533,-0.500253,-0.550288,511.067
2534,0.826107,0.8769,511.069
2535,0.0733228,-0.241621,511.168
2536,0.682227,1.18134,511.418
2537,-0.0140672,-1.02627,512.442
2538,0.464481,-0.120109,512.784
2539,0.208385,0.671924,512.999
2540,0.876339,0.331893,513.295
2541,0.892002,1.04736,513.319
2542,0.172737,-0.436188,513.69
2543,0.798711,1.04785,513.752
2544,-0.901914,-0.668028,513.807
2545,0.741643,0.689587,513.81
2546,0.564225,0.133849,513.995
2547,0.503858,1.18179,514.454
2548,0.154412,-0.915139,515.598
2549,0.0104099,0.182068,515.628
2550,0.367535,0.67905,515.725
2551,0.423507,0.409067,515.725
2552,0.384191,0.969445,516.068
2553,-0.449621,-0.193032,516.133
2554,0.845408,1.23867,516.288
2555,-1.16684,-1.20593,516.29
2556,-0.835429,-0.66436,516.319
2557,0.177026,0.0202974,516.343
2558,0.738031,0.800115,516.347
2559,0.768252,0.109831,516.781
2560,1.26845,1.22315,516.783
2561,-0.631712,-1.06157,516.968
2562,0.428485,-0.210767,517.376
2563,1.08674,0.619336,517.595
2564,0.32538,0.399761,517.6
2565,1.06969,0.962068,517.612
2566,-0.0835482,-0.175877,517.62
2567,0.804777,1.24531,517.814
2568,-1.12882,-1.22389,517.823
2569,-0.539214,-0.723491,517.857
2570,0.0314614,-0.0999843,517.875
2571,0.629631,0.768957,517.894
2572,0.661102,0.142192,518.163
2573,1.6638,1.20238,518.376
2574,-0.460028,-0.981351,518.648
2575,0.366899,0.012445,518.774
2576,0.452684,0.705378,518.838
2577,0.726599,0.307152,519.013
2578,0.731989,1.07953,519.134
2579,-0.481715,-0.539405,519.138
2580,1.21739,0.916519,519.228
2581,-0.357961,-0.337833,519.229
2582,1.16235,1.11517,519.231
2583,-0.77193,-0.842404,519.236
2584,0.574724,0.34105,519.29
2585,0.0582635,0.584438,519.567
2586,0.543768,0.62412,519.574
2587,0.431639,0.629995,519.613
2588,0.203484,0.631584,519.796
2589,0.119474,0.630541,520.057
2590,0.139186,0.632861,520.301
2591,0.336068,0.628445,520.387
2592,0.0910472,0.636938,520.685
2593,-0.118756,0.620567,521.231
2594,-0.320678,0.651936,522.177
2595,-0.512058,0.591141,523.394
2596,-0.458604,0.706355,524.751
2597,-0.49205,0.47883,525.694
2598,-0.504989,0.890917,527.643
2599,-0.482629,0.0324219,527.908
2600,-0.508841,1.2658,531.057
2601,-0.40471,-1.23344,531.744
2602,-0.278925,-0.750167,531.966
2603,-0.0805821,-0.157881,531.972
2604,0.439921,0.740053,532.062
2605,0.343867,0.185886,532.087
2606,0.982532,1.17364,532.124
2607,0.121595,-0.872639,533.112
2608,0.302857,0.285993,533.112
2609,0.0767285,0.6237,533.412
2610,0.800926,0.541196,533.479
2611,0.490942,0.777059,533.561
2612,-0.400236,0.317009,534.075
2613,0.816273,1.09243,534.152
2614,-0.497796,-0.575648,534.158
2615,0.322165,0.863809,534.451
2616,-0.328113,-0.217326,534.463
2617,0.597893,1.19302,534.817
2618,0.470177,-1.05781,537.152
2619,0.431413,-0.208648,537.562
2620,0.0943305,0.621709,537.84
2621,0.425651,0.396275,537.841
2622,1.28596,0.966665,537.943
2623,0.0995058,-0.189336,538.026
2624,0.484186,1.23981,538.597
2625,-1.22217,-1.20879,538.597
2626,-0.662034,-0.673694,538.598
2627,0.032555,0.00195426,538.598
2628,0.671187,0.797886,538.615
2629,0.615027,0.109314,538.87
2630,1.40402,1.22264,538.903
2631,-0.583352,-1.05998,539.13
2632,0.406128,-0.206194,539.505
2633,1.05043,0.622483,539.688
2634,0.240633,0.395662,539.712
2635,1.03008,0.967577,539.716
2636,-0.0958881,-0.191988,539.726
2637,0.812819,1.23867,539.907
2638,-1.14126,-1.20562,539.911
2639,-0.488874,-0.663329,539.942
2640,0.0714885,0.022307,539.944
2641,0.664078,0.800305,539.962
2642,0.59613,0.110009,540.199
2643,1.33326,1.22315,540.211
2644,-0.600468,-1.06153,540.424
2645,0.428662,-0.21063,540.832
2646,1.09166,0.619431,541.055
2647,0.336409,0.399638,541.059
2648,1.07183,0.962235,541.071
2649,-0.0831647,-0.176362,541.08
2650,0.805275,1.24513,541.273
2651,-1.12918,-1.22338,541.282
2652,-0.53777,-0.721787,541.316
2653,0.0325344,-0.0963806,541.333
2654,0.630747,0.770459,541.352
2655,0.659156,0.140036,541.622
2656,1.6586,1.20368,541.829
2657,-0.465316,-0.986386,542.1
2658,0.366126,-0.00103413,542.235
2659,0.473105,0.704083,542.288
2660,0.691469,0.305664,542.437
2661,0.697795,1.08042,542.584
2662,-0.446625,-0.542537,542.593
2663,1.1992,0.912041,542.675
2664,-0.303676,-0.327308,542.676
2665,1.12918,1.12363,542.676
2666,-0.78671,-0.865754,542.682
2667,0.558528,0.287747,542.755
2668,0.0496652,0.624356,543.086
2669,0.524997,0.540576,543.086
2670,0.558683,0.778196,543.134
2671,0.240222,0.314348,543.14
2672,0.529195,1.09512,543.46
2673,-0.311315,-0.584694,543.535
2674,0.310235,0.849921,543.826
2675,-0.283313,-0.186721,543.835
2676,0.568816,1.20617,544.241
2677,0.490817,-1.09279,546.749
2678,0.436258,-0.310006,547.306
2679,0.0970908,0.537618,547.5
2680,0.447257,0.502351,547.503
2681,1.19579,0.807986,547.654
2682,0.128265,0.236727,547.665
2683,0.402876,1.16394,548.245
2684,-0.451211,-0.825641,548.385
2685,0.067445,0.394826,548.492
2686,-0.303654,0.534065,549.194
2687,0.587124,0.719132,549.211
2688,0.964823,0.436208,549.491
2689,0.634513,0.949352,549.59
2690,0.440343,-0.130914,549.916
2691,0.51995,1.26081,550.465
2692,0.261133,-1.26478,552.793
2693,0.443149,-0.861289,554.495
2694,-0.216704,-0.417979,554.535
2695,0.478476,0.497024,554.536
2696,0.518785,0.52876,554.536
2697,0.97801,0.757686,554.584
2698,0.0544374,0.354906,554.675
2699,0.775967,1.05096,554.75
2700,-0.139312,-0.439865,554.841
2701,0.90293,1.04442,554.861
2702,-0.153032,-0.659085,555.117
2703,0.202616,0.705174,555.369
2704,0.160479,0.106097,555.372
2705,0.556742,1.19579,555.781
2706,0.164418,-0.97006,557.068
2707,0.0953219,0.0413147,557.071
2708,0.321411,0.706592,557.219
2709,0.486807,0.313413,557.249
2710,0.514705,1.07446,557.562
2711,-0.188768,-0.522224,557.674
2712,0.759719,0.940533,557.706
2713,-0.470885,-0.39511,557.712
2714,1.16993,1.0636,557.723
2715,-0.602321,-0.702285,557.733
2716,0.597805,0.628595,557.734
2717,0.0880404,0.236131,557.756
2718,0.612386,1.11052,558.004
2719,-0.0907474,-0.655709,558.324
2720,0.432396,0.731219,558.413
2721,-0.0832748,0.0547342,558.432
2722,0.108218,1.21517,559.657
2723,-0.19786,-1.05088,560.385
2724,0.591014,-0.181531,560.982
2725,-0.48262,0.638602,562.239
2726,0.634038,0.374604,562.306
2727,0.452589,0.995121,562.6
2728,0.0710083,-0.273992,562.719
2729,0.664389,1.19344,562.999
2730,-1.131,-1.0762,563.002
2731,-0.145791,-0.263468,563.016
2732,0.302369,0.579958,563.093
2733,0.7305,0.450069,563.172
2734,0.343714,0.890401,563.471
2735,0.406537,0.0250813,563.616
2736,0.831338,1.26624,563.805
2737,-0.987508,-1.23718,563.868
2738,-0.626853,-0.763,563.886
2739,-0.143659,-0.186191,563.888
2740,0.129025,0.722566,564.24
2741,0.40464,0.2132,564.277
2742,1.06274,1.15313,564.285
2743,0.175975,-0.797645,565.233
2744,0.395337,0.455207,565.237
2745,-0.0357344,0.470607,565.493
2746,0.407412,0.826502,565.669
2747,-0.0592095,0.184834,565.728
2748,0.238475,1.20012,566.653
2749,0.15883,-0.96096,567.907
2750,0.623951,0.067216,568.217
2751,0.247896,0.705387,568.426
2752,0.886848,0.323566,568.744
2753,0.576884,1.06504,568.982
2754,-0.169156,-0.490975,569.085
2755,1.2305,0.982034,569.147
2756,-0.670674,-0.497441,569.177
2757,1.01289,0.948184,569.181
2758,-0.275388,-0.407907,569.199
2759,0.597131,1.05151,569.405
2760,0.130401,-0.670321,570.047
2761,0.545688,0.686391,570.066
2762,-0.0225931,0.139318,570.093
2763,0.679492,1.17874,570.342
2764,-0.29215,-0.903416,570.715
2765,0.416829,0.210998,570.758
2766,0.0355977,0.666647,571.156
2767,0.411562,0.441114,571.157
2768,0.313648,0.92758,571.534
2769,-0.471772,-0.0722326,571.693
2770,0.82189,1.27097,571.895
2771,-1.06446,-1.28318,571.943
2772,-0.739246,-0.923875,571.977
2773,-0.0626864,-0.579917,572.245
2774,0.516213,0.252013,572.314
2775,1.04213,0.73711,572.407
2776,0.25922,0.31494,572.411
2777,0.451821,1.08227,572.808
2778,-0.737438,-0.545354,572.845
2779,1.31597,0.908306,573.011
2780,-0.328022,-0.318634,573.011
2781,1.15846,1.13035,573.012
2782,0.0291044,-0.884368,573.846
2783,0.661088,0.244157,574.02
2784,-0.0670889,0.651232,574.536
2785,0.548286,0.479502,574.541
2786,0.653869,0.873478,574.589
2787,0.280671,0.0757015,574.631
2788,0.839275,1.25402,574.803
2789,-0.686367,-1.17888,575.046
2790,0.00178796,-0.569467,575.372
2791,-0.239208,0.192325,575.558
2792,0.214056,0.777375,575.876
2793,0.474579,0.21166,575.945
2794,0.630307,1.17049,576.237
2795,0.0352647,-0.854576,577.028
2796,0.445689,0.328728,577.042
2797,0.265445,0.59234,577.149
2798,0.762338,0.607405,577.173
2799,0.155784,0.661185,577.428
2800,0.0351889,0.570189,577.715
2801,0.707661,0.743193,577.716
2802,-0.0542716,0.397786,577.92
2803,0.447441,1.00143,578.227
2804,0.00648401,-0.284673,578.312
2805,0.0277044,1.18697,579.656
2806,-0.24291,-1.05787,580.32
2807,0.00453913,-0.210646,580.366
2808,0.105312,0.620517,580.632
2809,0.429578,0.397748,580.633
2810,0.56078,0.964671,580.796
2811,0.376175,-0.183501,581.109
2812,1.00411,1.24226,581.166
2813,-1.27056,-1.21554,581.169
2814,-0.641141,-0.695885,581.172
2815,-0.00370775,-0.042621,581.173
2816,0.655091,0.788691,581.191
2817,0.638484,0.116366,581.464
2818,1.54222,1.21765,581.569
2819,-0.536366,-1.04083,581.824
2820,0.37356,-0.151363,582.099
2821,0.813228,0.655676,582.124
2822,0.195534,0.352716,582.149
2823,0.662556,1.02253,582.278
2824,-0.149888,-0.357982,582.322
2825,0.918847,1.12735,582.365
2826,-1.04303,-0.886673,582.389
2827,0.486232,0.23754,582.451
2828,0.523377,0.655003,582.469
2829,0.627086,0.470622,582.493
2830,0.240948,0.886422,582.91
2831,0.122522,0.0411456,582.916
2832,0.963016,1.26356,583.007
2833,-0.735732,-1.22286,583.244
2834,-0.0320117,-0.714477,583.71
2835,-0.203706,-0.0815276,583.725
2836,0.238037,0.776351,584.014
2837,0.588904,0.131732,584.223
2838,0.898454,1.20861,584.32
2839,0.0736354,-1.00552,585.484
2840,0.183893,-0.0529057,585.54
2841,0.462911,0.694426,585.594
2842,0.496372,0.309009,585.629
2843,0.558293,1.07465,585.896
2844,-0.315644,-0.524109,585.939
2845,1.11113,0.937828,585.969
2846,-0.323153,-0.388562,585.973
2847,0.935899,1.06998,585.991
2848,-0.603102,-0.719357,586.005
2849,0.486768,0.596528,586.017
2850,0.0411698,0.286008,586.077
2851,0.611318,1.06444,586.282
2852,-0.0420587,-0.500435,586.492
2853,0.364316,0.968721,586.858
2854,-0.214325,-0.46392,586.92
2855,-0.0245365,0.989306,587.948
2856,-0.418469,-0.509393,587.956
2857,0.516637,0.933518,588.13
2858,0.0291091,-0.372857,588.291
2859,0.685045,1.08542,588.452
2860,-0.131434,-0.761261,588.848
2861,0.71165,0.514301,588.887
2862,-0.0649523,0.401314,589.105
2863,0.676008,0.928816,589.169
2864,-0.260796,-0.0873847,589.199
2865,0.0877799,1.26795,590.592
2866,-0.551805,-1.27701,591.118
2867,-0.0910979,-0.902658,591.776
2868,-0.122204,-0.523811,591.937
2869,0.509441,0.345073,591.964
2870,0.253534,0.676151,592.143
2871,0.296045,0.46347,592.171
2872,0.274897,0.902119,592.564
2873,0.211225,-0.000305344,592.609
2874,0.823445,1.27064,592.809
2875,-1.24775,-1.26041,592.809
2876,-0.428636,-0.842904,592.981
2877,-0.226472,-0.372806,593.002
2878,0.461246,0.55255,593.011
2879,0.695229,0.460721,593.066
2880,0.913742,0.868595,593.068
2881,0.346846,0.0819758,593.138
2882,0.955303,1.25117,593.225
2883,-0.456584,-1.16701,593.73
2884,0.103221,-0.531313,594.133
2885,0.082324,0.254688,594.163
2886,0.241637,0.749794,594.421
2887,0.194827,0.289339,594.43
2888,0.811898,1.10773,594.517
2889,0.0811687,-0.631105,595.025
2890,0.619329,0.774709,595.049
2891,0.0540372,-0.0295758,595.056
2892,0.308695,1.23119,595.907
2893,0.00114005,-1.13103,597.188
2894,0.756039,-0.421554,598.575
2895,-0.239414,0.411901,598.999
2896,0.74038,0.636006,599.01
2897,0.300452,0.557265,599.076
2898,0.576194,0.756039,599.109
2899,0.738806,0.366946,599.247
2900,0.686345,1.0383,599.371
2901,-0.388322,-0.399216,599.371
2902,-0.108023,1.08837,600.802
2903,-0.0826916,-0.778126,601.286
2904,0.513938,0.478838,601.287
2905,0.110546,0.445562,601.399
2906,0.472006,0.865715,601.554
2907,0.326533,0.0844213,601.613
2908,-0.1344,1.24974,603.529
2909,-0.374419,-1.16125,604.148
2910,0.0190879,-0.512989,604.431
2911,-0.131748,0.283204,604.603
2912,0.608599,0.733817,604.619
2913,0.0615544,0.331078,604.691
2914,0.814293,1.06669,604.755
2915,0.0323737,-0.493627,605.032
2916,0.686255,0.978872,605.117
2917,-0.291239,-0.489555,605.157
2918,-0.0154746,0.958132,606.105
2919,0.127642,-0.43209,606.418
2920,0.725055,1.02606,606.509
2921,-0.204318,-0.603537,606.668
2922,0.592356,0.797858,606.71
2923,-0.0648423,-0.0722687,606.71
2924,0.674276,1.23205,607.021
2925,-0.284254,-1.14679,607.765
2926,0.606826,-0.471568,608.928
2927,0.120106,0.344636,608.979
2928,0.652051,0.692246,608.98
2929,0.640449,0.432505,609.024
2930,0.784967,0.945789,609.049
2931,0.599196,-0.122573,609.57
2932,0.760642,1.2627,609.822
2933,-0.922926,-1.26896,609.942
2934,-0.362049,-0.875547,610.206
2935,-0.102471,-0.453902,610.329
2936,0.678852,0.448898,610.382
2937,0.734103,0.581716,610.405
2938,0.647124,0.660919,610.406
2939,0.137427,0.562976,610.587
2940,0.691539,0.754557,610.591
2941,0.172967,0.371794,610.63
2942,0.511109,1.03284,610.902
2943,0.0757689,-0.381935,611.112
2944,-0.108251,1.10563,612.585
2945,-0.474521,-0.825961,612.709
2946,0.262122,0.376592,612.722
2947,0.156468,0.553662,612.88
2948,0.42354,0.683819,612.948
2949,0.35289,0.511446,612.973
2950,-0.0695069,0.838938,613.798
2951,-0.0738893,0.168089,613.857
2952,0.297636,1.21213,614.693
2953,0.187037,-1.00652,616.117
2954,0.33483,-0.0546821,616.269
2955,-0.257252,0.693857,617.174
2956,0.467976,0.309582,617.199
2957,0.302843,1.07398,617.793
2958,-0.347605,-0.521931,617.824
2959,1.22422,0.940818,617.904
2960,-0.288057,-0.395772,617.916
2961,0.905926,1.06296,617.94
2962,-0.6263,-0.700555,617.946
2963,0.481025,0.631798,617.969
2964,0.0421744,0.230998,618.004
2965,0.615743,1.11484,618.253
2966,-0.083374,-0.670701,618.598
2967,0.438933,0.704674,618.669
2968,-0.070705,0.103598,618.699
2969,0.123318,1.19638,619.851
2970,-0.170658,-0.972765,620.494
2971,0.56242,0.0341323,620.773
2972,-0.477717,0.706539,622.176
2973,0.523002,0.311362,622.221
2974,0.458578,1.07624,622.602
2975,-0.0713139,-0.528191,622.811
2976,0.789221,0.932292,622.831
2977,-0.430654,-0.375292,622.834
2978,1.17467,1.08251,622.843
2979,-0.663958,-0.753134,622.851
2980,0.594885,0.530656,622.855
2981,0.0795463,0.379825,622.945
2982,0.596804,0.957223,623.075
2983,0.0443881,-0.168839,623.12
2984,0.253565,1.24726,624.108
2985,-0.447683,-1.22856,624.718
2986,-0.12879,-0.73894,625.09
2987,-0.143046,-0.133014,625.09
2988,0.566403,0.753548,625.125
2989,0.26191,0.165127,625.134
2990,1.8008,1.18789,625.51
2991,-0.448692,-0.92598,625.738
2992,0.376985,0.155952,625.787
2993,0.282941,0.688156,625.951
2994,0.898201,0.383803,626.216
2995,0.80212,1.00022,626.255
2996,-0.664959,-0.285477,626.399
2997,1.19763,1.18597,626.399
2998,-1.22588,-1.05478,626.428
2999,-0.555978,-0.201791,626.554
