t,predict_test,teacher
501,0.291305,0.602165,0.0966339
502,0.266563,0.670824,0.260061
503,0.423647,0.550643,0.276189
504,0.331612,0.776757,0.474343
505,0.0406207,0.320502,0.552676
506,0.301624,1.08922,1.17298
507,0.0761503,-0.564801,1.5838
508,0.325502,0.880165,1.89145
509,0.237907,-0.254006,2.13343
510,0.386493,1.17372,2.75316
511,0.153413,-1.00488,4.09479
512,0.443215,-0.0615716,4.3496
513,0.28879,0.693229,4.51317
514,0.265969,0.308735,4.515
515,0.247909,1.07452,5.1983
516,0.322971,-0.523825,5.91536
517,0.497405,0.938208,6.10967
518,-0.0745625,-0.389475,6.20884
519,0.35319,1.0691,6.72136
520,-0.0760409,-0.716994,7.13218
521,0.451114,0.601016,7.15465
522,0.222824,0.279193,7.15783
523,0.344613,1.07118,7.68572
524,0.188243,-0.522628,8.19106
525,0.219631,0.938957,8.70849
526,0.371936,-0.391084,9.29069
527,0.0318053,1.06756,10.3635
528,0.29276,-0.712889,11.3748
529,0.219174,0.608773,11.5266
530,0.320043,0.267287,11.5294
531,0.231061,1.08261,12.2545
532,0.304742,-0.560684,13.0035
533,0.192822,0.884671,13.4821
534,0.362952,-0.263905,13.8751
535,0.0324489,1.1679,15.1643
536,0.291131,-0.988749,16.8024
537,0.225265,-0.0183049,16.8617
538,0.330574,0.702906,17.0004
539,0.201227,0.3028,17.0107
540,0.284233,1.08251,17.6479
541,0.253985,-0.549714,18.2939
542,0.475981,0.901692,18.4751
543,-0.0778097,-0.303183,18.5259
544,0.359457,1.14182,19.138
545,-0.0732333,-0.916208,19.8486
546,0.460266,0.167333,19.9344
547,0.229044,0.685937,20.1432
548,0.324181,0.391486,20.1477
549,0.173915,0.991215,20.8157
550,0.265578,-0.258064,21.0899
551,0.450765,1.20413,21.6574
552,-0.0638796,-1.10732,22.7462
553,0.367394,-0.355367,23.2686
554,-0.043842,0.491005,23.5546
555,0.439544,0.555869,23.5682
556,0.165957,0.714715,23.8693
557,0.516807,0.451616,23.8735
558,0.447312,0.928875,24.1054
559,-0.0678655,-0.0724465,24.1055
560,0.232928,1.27131,25.1837
561,-0.00345702,-1.28447,26.8247
562,0.278606,-0.928417,28.2816
563,0.191661,-0.592082,28.8959
564,0.443742,0.23069,28.9413
565,0.13082,0.747871,29.322
566,0.4754,0.286172,29.3578
567,0.612125,1.10971,29.6054
568,0.134512,-0.638183,30.2025
569,0.187864,0.762725,30.5329
570,-0.188446,-0.00590313,30.5662
571,0.174146,1.22877,31.6785
572,0.0495823,-1.11559,33.0361
573,0.520232,-0.373733,33.8353
574,0.229566,0.469775,33.893
575,0.131491,0.578916,34.0932
576,0.160026,0.671731,34.355
577,0.341804,0.541963,34.3951
578,0.547498,0.790307,34.454
579,-0.027545,0.288171,34.5537
580,0.258735,1.12083,35.2969
581,-0.0504238,-0.672322,35.6837
582,0.242183,0.703427,35.8964
583,0.223599,0.10557,35.9104
584,0.393983,1.19543,36.5527
585,0.14444,-0.968986,37.7924
586,0.419976,0.0441194,37.9337
587,0.312518,0.706579,38.0889
588,0.179731,0.31428,38.107
589,0.23278,1.07369,38.8142
590,0.345898,-0.519658,39.5634
591,0.474285,0.944045,39.784
592,-0.0250958,-0.403607,39.9273
593,0.362391,1.05515,40.4072
594,-0.0694577,-0.679775,40.7797
595,0.447777,0.669615,40.8289
596,0.23961,0.16833,40.834
597,0.350799,1.16122,41.4908
598,0.191537,-0.83729,42.5493
599,0.217383,0.366888,42.5716
600,0.360509,0.560364,42.6116
601,0.0559515,0.670456,42.9892
602,0.282681,0.538793,43.0548
603,0.268078,0.79472,43.3321
604,0.428049,0.277426,43.3548
605,-0.00308586,1.13066,44.6402
606,0.32943,-0.706536,45.7134
607,0.0373454,0.640329,46.077
608,0.27992,0.214009,46.0814
609,0.306785,1.12798,46.7557
610,0.269601,-0.717069,47.7292
611,0.409974,0.618531,47.7727
612,0.316709,0.249267,47.7773
613,0.15222,1.09857,48.6729
614,0.239712,-0.614823,49.4031
615,0.308524,0.800361,49.645
616,0.368586,-0.0812563,49.8474
617,0.113914,1.23086,51.0949
618,0.284474,-1.14542,53.1395
619,0.22838,-0.46751,53.6238
620,0.321527,0.350383,53.6246
621,0.189366,0.687871,53.8731
622,0.274149,0.442682,53.9015
623,0.297701,0.932008,54.3039
624,0.554643,-0.0832892,54.7108
625,-0.0250543,1.26989,56.3877
626,0.225216,-1.28266,58.6614
627,-0.0286273,-0.922325,59.4601
628,0.173032,-0.575755,60.0208
629,0.342489,0.259212,60.0277
630,0.261967,0.733207,60.2498
631,0.452054,0.325135,60.2659
632,0.557945,1.07196,60.5301
633,0.115817,-0.511211,60.9233
634,0.18221,0.955718,61.5216
635,-0.183317,-0.43212,61.5835
636,0.172015,1.0253,62.3116
637,0.0570738,-0.601363,62.7451
638,0.504718,0.801297,62.8331
639,0.192911,-0.0793157,62.9072
640,0.231416,1.23158,63.9075
641,0.207291,-1.14731,65.7424
642,0.213922,-0.473359,66.2148
643,0.338468,0.342113,66.2148
644,0.10903,0.694135,66.5572
645,0.280057,0.428081,66.5791
646,0.304588,0.951686,66.9978
647,0.583918,-0.139564,67.5212
648,-0.0586974,1.25824,69.2555
649,0.216085,-1.25829,71.4293
650,-0.0268767,-0.839146,72.0891
651,0.169335,-0.363319,72.3728
652,0.350296,0.563456,72.4183
653,0.26576,0.446529,72.4509
654,0.438708,0.889893,72.6545
655,0.543854,0.0252855,72.9234
656,0.0762327,1.26607,74.3391
657,0.146922,-1.23653,76.2531
658,-0.0943523,-0.76079,76.6972
659,0.121553,-0.181281,76.7889
660,0.24299,0.725755,77.022
661,0.265037,0.208207,77.0252
662,0.456148,1.15704,77.5165
663,0.516366,-0.811763,79.2804
664,0.0322247,0.424568,79.4343
665,0.12007,0.50411,79.5818
666,-0.0187187,0.771592,80.2064
667,0.0971649,0.317737,80.2551
668,0.395986,1.09014,80.7369
669,0.434458,-0.568441,81.7427
670,-0.00197868,0.874666,82.5112
671,0.207242,-0.241589,82.7127
672,0.0947645,1.18069,83.8919
673,0.245598,-1.02411,85.5041
674,0.429439,-0.11412,85.7995
675,0.338845,0.674534,85.9122
676,0.190976,0.32877,85.9312
677,0.227609,1.05103,86.6092
678,0.324158,-0.447912,87.2053
679,0.506291,1.03443,87.4843
680,-0.0736214,-0.632451,87.7965
681,0.342515,0.750339,87.9629
682,-0.0775231,0.0220526,87.9728
683,0.433417,1.22442,88.5985
684,0.205111,-1.09227,90.2817
685,0.401925,-0.302959,90.7785
686,0.247882,0.54382,90.8661
687,0.0603946,0.495076,91.0551
688,0.243489,0.820006,91.3874
689,0.3461,0.207149,91.4067
690,0.560938,1.18593,91.7973
691,-0.0700131,-0.906847,92.4976
692,0.276356,0.204458,92.5028
693,-0.0639285,0.669422,93.0406
694,0.301558,0.433962,93.0581
695,0.17206,0.937174,93.6435
696,0.559849,-0.0994249,94.0782
697,0.336925,1.26731,94.9438
698,-0.0239259,-1.27834,96.5174
699,0.309601,-0.907627,97.999
700,0.0242433,-0.536805,98.3138
701,0.412888,0.324288,98.3216
702,0.177086,0.691731,98.5865
703,0.577564,0.427399,98.609
704,0.543219,0.951782,98.776
705,0.0980804,-0.140024,98.8327
706,0.172575,1.25809,100.011
707,-0.169151,-1.2579,101.196
708,0.164564,-0.8378,102.201
709,0.0800204,-0.360042,102.395
710,0.455868,0.567177,102.407
711,0.130303,0.441621,102.504
712,0.441975,0.897112,102.711
713,0.541611,0.00575217,102.998
714,0.0744986,1.26909,104.425
715,0.146343,-1.25309,106.384
716,-0.0929456,-0.817602,106.909
717,0.120884,-0.31179,107.096
718,0.246343,0.618621,107.235
719,0.265178,0.370694,107.246
720,0.456074,0.993207,107.534
721,0.526789,-0.269837,108.169
722,0.0489852,1.19603,109.485
723,0.128743,-1.08362,110.955
724,-0.0704272,-0.285115,111.001
725,0.107466,0.561108,111.206
726,0.30139,0.473687,111.236
727,0.287656,0.854201,111.557
728,0.381682,0.120582,111.625
729,0.436817,1.2359,112.264
730,-0.101579,-1.10227,113.265
731,0.2527,-0.330224,113.605
732,-0.0176277,0.516652,113.89
733,0.338358,0.527232,113.926
734,0.152,0.765833,114.303
735,0.578822,0.337069,114.361
736,0.434134,1.07069,114.767
737,-0.0458421,-0.5038,114.976
738,0.225182,0.965866,115.525
739,-0.00149398,-0.457195,115.733
740,0.287247,0.997121,116.236
741,0.192176,-0.52911,116.757
742,0.507984,0.907196,116.916
743,0.195504,-0.31094,117.173
744,0.256983,1.1368,117.947
745,0.271353,-0.902527,119.325
746,0.217269,0.200663,119.325
747,0.321309,0.67287,119.448
748,0.158393,0.426344,119.52
749,0.303198,0.947384,119.935
750,0.241147,-0.128649,120.072
751,0.466912,1.26104,120.703
752,-0.0994092,-1.26492,122.061
753,0.35715,-0.861724,123.547
754,-0.0338189,-0.419072,123.695
755,0.424187,0.495613,123.7
756,0.151832,0.530393,123.844
757,0.565607,0.754841,123.879
758,0.535671,0.361419,123.91
759,0.0764696,1.04358,124.845
760,0.152481,-0.416253,125.168
761,-0.119322,1.0705,126.584
762,0.134293,-0.729235,127.33
763,0.185065,0.576653,127.483
764,0.290414,0.315689,127.484
765,0.359782,1.03347,127.938
766,0.179095,-0.400585,128.274
767,0.317542,1.08539,128.863
768,0.347523,-0.769463,130.111
769,0.0378553,0.496714,130.322
770,0.269368,0.423747,130.345
771,0.245325,0.897628,130.771
772,0.300992,-0.000906481,130.862
773,0.319328,1.26929,131.764
774,0.410525,-1.2558,134.541
775,-0.0502892,-0.827054,135.144
776,0.271347,-0.334366,135.511
777,0.176636,0.595363,135.687
778,0.254994,0.403451,135.709
779,0.472655,0.950727,135.937
780,0.643103,-0.1444,136.557
781,0.0378364,1.25603,138.041
782,0.125588,-1.25196,139.939
783,-0.081493,-0.817568,140.481
784,0.111199,-0.311373,140.659
785,0.279468,0.618995,140.775
786,0.273526,0.370171,140.784
787,0.432151,0.993861,141.1
788,0.529421,-0.271811,141.741
789,0.0306888,1.19472,143.096
790,0.133586,-1.07986,144.569
791,-0.0733125,-0.274106,144.609
792,0.112164,0.570855,144.82
793,0.293917,0.461542,144.848
794,0.286578,0.873027,145.192
795,0.380706,0.0714155,145.287
796,0.434885,1.25477,145.96
797,-0.10276,-1.18279,147.126
798,0.25651,-0.582175,147.829
799,-0.0192741,0.170663,147.865
800,0.347268,0.784571,148.057
801,0.15041,0.189425,148.058
802,0.585583,1.18514,148.418
803,0.479808,-0.909541,150.348
804,-0.00810153,0.197371,150.39
805,0.141303,0.6726,150.672
806,0.043695,0.425863,150.819
807,0.125164,0.947877,151.495
808,0.451899,-0.130099,151.834
809,0.472068,1.26067,152.456
810,-0.0506842,-1.26402,153.928
811,0.249185,-0.858656,155.155
812,0.000131254,-0.411414,155.325
813,0.413843,0.505437,155.333
814,0.178146,0.518923,155.449
815,0.570016,0.774638,155.491
816,0.534961,0.315587,155.539
817,0.0749225,1.09296,156.576
818,0.151366,-0.577705,157.107
819,-0.115938,0.860647,158.061
820,0.132381,-0.21031,158.178
821,0.193016,1.19627,159.185
822,0.28389,-1.06658,161.009
823,0.382046,-0.233763,161.388
824,0.219515,0.603521,161.535
825,0.196411,0.419938,161.585
826,0.230202,0.934169,162.081
827,0.335626,-0.0957604,162.267
828,0.527567,1.26741,162.814
829,-0.0657278,-1.2776,164.283
830,0.309537,-0.904933,165.758
831,-0.0722561,-0.529745,165.967
832,0.36545,0.335639,165.968
833,0.156629,0.683362,166.246
834,0.576695,0.446915,166.263
835,0.539938,0.925382,166.411
836,0.0736832,-0.0647914,166.43
837,0.165834,1.27174,167.653
838,-0.167274,-1.28368,168.9
839,0.162625,-0.925449,170.084
840,0.0852248,-0.584144,170.532
841,0.445629,0.244652,170.572
842,0.125646,0.74096,170.951
843,0.458614,0.304764,170.974
844,0.556226,1.09225,171.262
845,0.118474,-0.578798,171.748
846,0.183425,0.858666,172.204
847,-0.185964,-0.205869,172.204
848,0.172746,1.19826,173.256
849,0.0537625,-1.07193,174.523
850,0.513207,-0.249181,175.104
851,0.211448,0.591492,175.249
852,0.178535,0.435438,175.315
853,0.17164,0.911999,175.863
854,0.317951,-0.0338066,175.987
855,0.527547,1.272,176.541
856,-0.0647993,-1.27532,178.006
857,0.304454,-0.89541,179.446
858,-0.070597,-0.505059,179.635
859,0.354033,0.374258,179.635
860,0.154075,0.652385,179.883
861,0.586225,0.516429,179.888
862,0.537187,0.822338,179.969
863,0.0772353,0.208193,179.987
864,0.158909,1.18602,181.042
865,-0.155889,-0.90684,181.605
866,0.154381,0.204504,181.608
867,0.107648,0.669397,181.924
868,0.408267,0.434021,181.924
869,0.131261,0.937095,182.574
870,0.433429,-0.0991999,182.857
871,0.35139,1.26735,183.696
872,0.0145577,-1.27841,185.368
873,0.318029,-0.907868,186.871
874,0.0257676,-0.537437,187.188
875,0.413039,0.323265,187.196
876,0.177134,0.692468,187.462
877,0.577621,0.425662,187.485
878,0.543258,0.954077,187.654
879,0.0982073,-0.146668,187.714
880,0.1727,1.25611,188.887
881,-0.169397,-1.25293,190.061
882,0.164704,-0.820923,191.033
883,0.0795934,-0.319357,191.192
884,0.456773,0.610939,191.216
885,0.130844,0.381649,191.279
886,0.440016,0.979364,191.57
887,0.538698,-0.22832,192.158
888,0.0675533,1.22083,193.488
889,0.142112,-1.15508,195.171
890,-0.0752536,-0.501654,195.352
891,0.113675,0.301156,195.388
892,0.286332,0.722531,195.578
893,0.280797,0.359475,195.584
894,0.401289,1.03585,195.987
895,0.474728,-0.39433,196.742
896,-0.0658006,1.09306,198.085
897,0.174123,-0.790991,199.016
898,0.0281514,0.451985,199.196
899,0.168499,0.476696,199.291
900,0.376995,0.81746,199.485
901,0.300392,0.207471,199.494
902,0.312944,1.18498,200.254
903,0.315202,-0.903595,201.739
904,-0.0143342,0.212416,201.791
905,0.292932,0.665753,201.93
906,0.14445,0.443207,202.019
907,0.261363,0.924721,202.459
908,0.442059,-0.0641895,202.715
909,0.455019,1.27165,203.382
910,-0.0389641,-1.28318,204.93
911,0.301876,-0.923678,206.432
912,0.0254122,-0.579406,206.798
913,0.408201,0.2529,206.822
914,0.175235,0.736636,207.138
915,0.583943,0.316184,207.209
916,0.545578,1.08103,207.496
917,0.109526,-0.541219,207.919
918,0.180905,0.914224,208.457
919,-0.184526,-0.332494,208.479
920,0.171964,1.11949,209.377
921,0.0561715,-0.854322,210.206
922,0.508614,0.314035,210.244
923,0.200867,0.605638,210.408
924,0.208136,0.580694,210.546
925,0.188631,0.709603,210.818
926,0.268147,0.469257,210.858
927,0.427332,0.904598,211.086
928,-0.0414302,-0.00483996,211.087
929,0.350961,1.27135,211.934
930,0.0107568,-1.2643,213.56
931,0.345207,-0.856444,215.004
932,0.190284,-0.406185,215.36
933,0.428535,0.512086,215.367
934,0.133401,0.51102,215.51
935,0.518645,0.788028,215.582
936,0.607013,0.283923,215.687
937,0.117152,1.12355,216.699
938,0.151241,-0.682138,217.394
939,-0.110249,0.685629,218.027
940,0.127211,0.137238,218.027
941,0.205073,1.17932,218.977
942,0.281083,-0.905945,220.386
943,0.396083,0.204765,220.422
944,0.252349,0.669516,220.596
945,0.114706,0.433876,220.698
946,0.222031,0.937307,221.21
947,0.334805,-0.0997986,221.399
948,0.444642,1.26725,222.075
949,-0.00282371,-1.27823,223.702
950,0.360402,-0.907229,225.309
951,-0.0362355,-0.535759,225.558
952,0.401583,0.325978,225.564
953,0.172924,0.690506,225.832
954,0.576855,0.430276,225.853
955,0.543181,0.947959,226.017
956,0.0978959,-0.128995,226.069
957,0.172373,1.26109,227.254
958,-0.168743,-1.26519,228.456
959,0.16433,-0.862674,229.511
960,0.0807307,-0.421446,229.763
961,0.454365,0.492534,229.765
962,0.129452,0.53394,229.928
963,0.445055,0.748631,230.02
964,0.545888,0.375554,230.049
965,0.085161,1.02713,230.937
966,0.154272,-0.364334,231.206
967,-0.120123,1.1223,232.749
968,0.134955,-0.872694,233.765
969,0.182569,0.270458,233.772
970,0.292612,0.635785,233.89
971,0.352515,0.515225,233.917
972,0.168758,0.819096,234.34
973,0.351936,0.215282,234.358
974,0.402358,1.18084,234.964
975,-0.0363514,-0.887565,235.689
976,0.328791,0.251374,235.695
977,0.0379103,0.645266,236.064
978,0.390199,0.492496,236.074
979,0.151646,0.854006,236.567
980,0.550078,0.126692,236.747
981,0.33234,1.23373,237.559
982,0.0160542,-1.09292,238.789
983,0.311638,-0.302144,239.166
984,0.0419773,0.544317,239.418
985,0.383365,0.494564,239.431
986,0.175823,0.820864,239.847
987,0.579223,0.205023,239.987
988,0.432476,1.18741,240.557
989,-0.0188814,-0.912416,241.355
990,0.241575,0.19072,241.358
991,-0.00517538,0.675352,241.821
992,0.310973,0.418676,241.832
993,0.17781,0.9572,242.44
994,0.561452,-0.157122,242.956
995,0.33941,1.2526,243.79
996,-0.0262436,-1.24374,245.272
997,0.310772,-0.789858,246.484
998,0.0200947,-0.246548,246.555
999,0.420201,0.677942,246.621
1000,0.181303,0.282588,246.631
1001,0.562251,1.09158,246.912
1002,0.523114,-0.583402,248.136
1003,0.0466575,0.850975,248.783
1004,0.135088,-0.188842,248.888
1005,-0.0455153,1.20537,250.453
1006,0.105603,-1.09072,251.884
1007,0.34678,-0.303943,252.307
1008,0.353985,0.543448,252.343
1009,0.167267,0.495346,252.451
1010,0.163895,0.819519,252.881
1011,0.295881,0.208348,252.888
1012,0.531944,1.18508,253.315
1013,-0.0594,-0.903688,254.028
1014,0.285557,0.212213,254.033
1015,-0.0628774,0.665846,254.564
1016,0.309737,0.442973,254.582
1017,0.161281,0.925039,255.165
1018,0.557508,-0.0650831,255.553
1019,0.33555,1.27158,256.429
1020,-0.0225945,-1.28321,258.018
1021,0.308861,-0.923812,259.538
1022,0.0267104,-0.579764,259.905
1023,0.408475,0.25228,259.93
1024,0.175327,0.736968,260.245
1025,0.583817,0.315314,260.317
1026,0.545614,1.0819,260.605
1027,0.109453,-0.544111,261.032
1028,0.18101,0.910091,261.564
1029,-0.184673,-0.322804,261.583
1030,0.172049,1.12714,262.495
1031,0.0559422,-0.875475,263.362
1032,0.508963,0.265103,263.422
1033,0.201657,0.638966,263.613
1034,0.205873,0.507942,263.704
1035,0.187065,0.830482,264.118
1036,0.272784,0.186802,264.126
1037,0.436123,1.20029,264.71
1038,-0.0499012,-0.96094,265.54
1039,0.358335,0.0673189,265.624
1040,-0.0116042,0.705373,266.138
1041,0.383207,0.323623,266.142
1042,0.151159,1.06499,266.977
1043,0.559425,-0.490789,268.08
1044,0.365797,0.982273,268.46
1045,-0.0122729,-0.49804,268.696
1046,0.320309,0.947421,269.089
1047,-0.00510831,-0.40606,269.25
1048,0.457024,1.05339,269.606
1049,0.236884,-0.675293,270.438
1050,0.37346,0.677588,270.53
1051,0.212289,0.154637,270.534
1052,0.160575,1.1698,271.552
1053,0.288357,-0.86941,272.893
1054,0.234414,0.292715,272.896
1055,0.39013,0.619222,272.948
1056,0.0173666,0.551005,273.233
1057,0.273159,0.760718,273.471
1058,0.273673,0.355134,273.478
1059,0.442055,1.05165,273.849
1060,-0.0210992,-0.441807,274.026
1061,0.342586,1.04222,274.516
1062,-0.00222836,-0.653262,274.94
1063,0.340699,0.715215,275.08
1064,0.194877,0.0878764,275.091
1065,0.495649,1.20375,275.593
1066,0.184939,-1.00227,277.002
1067,0.336741,-0.0452308,277.148
1068,0.331702,0.696456,277.281
1069,0.0885353,0.30736,277.329
1070,0.251468,1.07668,278.01
1071,0.336796,-0.530722,278.762
1072,0.51378,0.928671,278.935
1073,-0.0699039,-0.366619,279.023
1074,0.344852,1.09043,279.579
1075,-0.0770317,-0.774633,280.065
1076,0.440123,0.48705,280.067
1077,0.242173,0.435506,280.105
1078,0.342431,0.880583,280.394
1079,0.184047,0.0450536,280.414
1080,0.232942,1.26133,281.471
1081,0.392872,-1.21383,284.053
1082,-0.00253559,-0.684338,284.518
1083,0.315876,-0.0197941,284.63
1084,0.125975,0.79415,285.077
1085,0.244852,0.111117,285.095
1086,0.473789,1.22096,285.653
1087,0.617542,-1.0537,288.446
1088,-0.00211056,-0.188117,288.481
1089,0.115733,0.634346,288.75
1090,0.0247152,0.380212,288.876
1091,0.103526,0.987918,289.658
1092,0.446675,-0.252312,290.147
1093,0.544488,1.20725,290.586
1094,-0.0826099,-1.11613,291.654
1095,0.206001,-0.381859,292
1096,-0.0507435,0.461019,292.262
1097,0.389103,0.587888,292.301
1098,0.188591,0.654448,292.518
1099,0.525218,0.576744,292.521
1100,0.449539,0.730647,292.6
1101,-0.0830779,0.42564,292.859
1102,0.219013,0.965557,293.416
1103,0.00152855,-0.177528,293.448
1104,0.255655,1.24554,294.428
1105,0.219627,-1.22519,296.515
1106,0.371689,-0.727868,297.724
1107,0.165714,-0.109266,297.8
1108,0.350764,0.764925,297.971
1109,0.205379,0.148066,297.975
1110,0.504375,1.19878,298.457
1111,0.590613,-0.967499,300.885
1112,0.0510395,0.0491597,300.885
1113,0.136134,0.706367,301.21
1114,0.00200994,0.316212,301.309
1115,0.105333,1.07192,302.243
1116,0.414267,-0.513767,303.104
1117,0.500487,0.952039,303.308
1118,-0.0737265,-0.423059,303.43
1119,0.246853,1.03504,304.051
1120,-0.0461909,-0.626752,304.388
1121,0.452851,0.760567,304.483
1122,0.240549,0.00212668,304.54
1123,0.355692,1.22816,305.301
1124,0.195461,-1.1111,307.008
1125,0.206327,-0.359921,307.329
1126,0.34378,0.485309,307.349
1127,0.091311,0.562289,307.571
1128,0.277782,0.702956,307.751
1129,0.304629,0.476882,307.781
1130,0.562131,0.892504,307.89
1131,-0.0652242,0.027875,307.899
1132,0.256432,1.26666,308.919
1133,-0.052954,-1.23785,310.323
1134,0.253814,-0.765177,311.362
1135,0.209761,-0.191049,311.522
1136,0.431755,0.719347,311.605
1137,0.128418,0.218241,311.613
1138,0.48251,1.14912,312.058
1139,0.5812,-0.783207,313.919
1140,0.0882996,0.485958,314.077
1141,0.131255,0.43442,314.169
1142,-0.0200629,0.881578,314.982
1143,0.0974779,0.0422747,314.985
1144,0.391088,1.26197,315.744
1145,0.423268,-1.21692,318.434
1146,0.0165351,-0.694654,318.94
1147,0.193612,-0.040637,318.995
1148,0.140914,0.789292,319.415
1149,0.22721,0.115634,319.427
1150,0.504246,1.21807,319.937
1151,0.625188,-1.04247,322.718
1152,0.000232431,-0.156033,322.742
1153,0.114684,0.653173,323.032
1154,0.0203956,0.355901,323.145
1155,0.102018,1.01862,323.985
1156,0.44279,-0.34585,324.607
1157,0.538918,1.13813,324.966
1158,-0.0831343,-0.917226,325.662
1159,0.214363,0.163613,325.664
1160,-0.0532531,0.687355,326.213
1161,0.406434,0.387644,326.213
1162,0.203321,0.995831,326.841
1163,0.473931,-0.272059,327.398
1164,0.353309,1.19513,328.107
1165,-0.0942879,-1.08128,329.081
1166,0.331045,-0.278288,329.452
1167,0.00145001,0.567194,329.772
1168,0.452005,0.46612,329.772
1169,0.166041,0.865983,330.262
1170,0.509434,0.0899385,330.438
1171,0.43374,1.24847,331.102
1172,-0.0779283,-1.15517,332.262
1173,0.26055,-0.493638,332.831
1174,-0.0175106,0.3123,332.94
1175,0.344101,0.715365,333.078
1176,0.15083,0.377244,333.129
1177,0.58352,1.01537,333.316
1178,0.46375,-0.330197,333.946
1179,-0.0247845,1.15197,335.331
1180,0.16758,-0.956906,336.595
1181,0.0334737,0.0636549,336.596
1182,0.162639,0.707256,336.893
1183,0.385154,0.318802,336.897
1184,0.291307,1.06989,337.503
1185,0.353471,-0.506885,338.243
1186,0.384858,0.961262,338.576
1187,-0.0758417,-0.445699,338.712
1188,0.335872,1.01027,339.167
1189,-0.0163371,-0.562618,339.466
1190,0.475336,0.859926,339.614
1191,0.214083,-0.204048,339.788
1192,0.356343,1.19969,340.5
1193,0.200462,-1.07617,342.129
1194,0.193514,-0.261481,342.336
1195,0.325409,0.581429,342.402
1196,0.134818,0.448272,342.5
1197,0.289292,0.893101,342.865
1198,0.281489,0.0177998,342.934
1199,0.548283,1.26749,343.452
1200,-0.102676,-1.24379,344.754
1201,0.29256,-0.78558,345.916
1202,-0.0684816,-0.237128,345.945
1203,0.344835,0.685605,346.061
1204,0.153233,0.270787,346.075
1205,0.588759,1.10303,346.339
1206,0.516827,-0.622097,347.636
1207,0.0435531,0.789102,348.192
1208,0.12396,-0.0583837,348.225
1209,-0.0392484,1.23196,349.841
1210,0.0992929,-1.14233,351.383
1211,0.362543,-0.457283,352.055
1212,0.367179,0.364552,352.055
1213,0.136673,0.676758,352.347
1214,0.155529,0.468163,352.444
1215,0.316666,0.89618,352.78
1216,0.558084,0.0160557,353.074
1217,-0.0225189,1.26849,354.741
1218,0.2288,-1.24789,356.921
1219,-0.0310481,-0.799565,357.512
1220,0.178942,-0.269393,357.713
1221,0.329961,0.658529,357.821
1222,0.259187,0.312057,357.824
1223,0.461466,1.06123,358.183
1224,0.535007,-0.483067,359.22
1225,0.0838935,0.991673,360.044
1226,0.133621,-0.521701,360.473
1227,-0.0507734,0.916461,361.409
1228,0.10212,-0.332371,361.598
1229,0.338541,1.12028,362.209
1230,0.328772,-0.856748,363.614
1231,0.244903,0.308461,363.618
1232,0.221355,0.609768,363.769
1233,0.128128,0.571994,363.966
1234,0.271187,0.724883,364.172
1235,0.272853,0.435961,364.199
1236,0.456617,0.951378,364.443
1237,-0.083803,-0.136379,364.446
1238,0.343387,1.25937,365.285
1239,0.00873219,-1.26135,366.898
1240,0.34999,-0.849583,368.337
1241,0.183706,-0.388911,368.665
1242,0.447538,0.533373,368.673
1243,0.139401,0.485046,368.792
1244,0.497054,0.830634,368.903
1245,0.608154,0.179579,369.087
1246,0.0970108,1.20404,370.313
1247,0.152502,-0.975732,371.585
1248,-0.105231,0.0283398,371.603
1249,0.127199,0.706156,371.939
1250,0.216408,0.310383,371.947
1251,0.270181,1.07697,372.598
1252,0.433097,-0.530708,373.527
1253,0.373035,0.928781,373.836
1254,-0.0502994,-0.366899,373.936
1255,0.309719,1.09017,374.545
1256,-0.0117926,-0.773938,375.126
1257,0.458457,0.488479,375.127
1258,0.247001,0.433762,375.162
1259,0.342973,0.883134,375.454
1260,0.18453,0.038232,375.475
1261,0.236799,1.26289,376.528
1262,0.393408,-1.22139,379.136
1263,-0.00195272,-0.709649,379.636
1264,0.315593,-0.0714602,379.786
1265,0.127118,0.779956,380.212
1266,0.244854,0.126898,380.226
1267,0.474064,1.21144,380.77
1268,0.622122,-1.01656,383.455
1269,0.00440892,-0.0833216,383.463
1270,0.113884,0.685312,383.79
1271,0.0132405,0.317489,383.882
1272,0.10007,1.06447,384.812
1273,0.435913,-0.491101,385.672
1274,0.526075,0.98169,385.879
1275,-0.0822521,-0.496532,386.051
1276,0.230368,0.949345,386.568
1277,-0.054782,-0.410718,386.694
1278,0.435568,1.04864,387.07
1279,0.234515,-0.662715,387.875
1280,0.373296,0.699724,387.982
1281,0.210999,0.115726,387.991
1282,0.153349,1.19117,389.068
1283,0.28765,-0.951714,390.604
1284,0.231337,0.0892858,390.624
1285,0.386025,0.703325,390.725
1286,0.0256336,0.334253,390.82
1287,0.27112,1.05458,391.434
1288,0.285584,-0.456724,391.985
1289,0.479596,1.02434,392.282
1290,-0.0564413,-0.605994,392.584
1291,0.357325,0.793181,392.774
1292,-0.0625081,-0.0625882,392.774
1293,0.443386,1.23247,393.396
1294,0.224374,-1.14535,395.273
1295,0.398027,-0.466822,396.02
1296,0.241194,0.351303,396.033
1297,0.08938,0.687174,396.39
1298,0.247466,0.444299,396.429
1299,0.349138,0.92979,396.766
1300,0.591793,-0.077024,397.213
1301,-0.0587172,1.27063,398.98
1302,0.217933,-1.28341,401.234
1303,-0.0283859,-0.924818,402.038
1304,0.17288,-0.582426,402.608
1305,0.342599,0.247646,402.617
1306,0.261811,0.739412,402.846
1307,0.45318,0.308871,402.866
1308,0.558314,1.08826,403.147
1309,0.117691,-0.565377,403.614
1310,0.183561,0.878967,404.097
1311,-0.185575,-0.251229,404.102
1312,0.17288,1.17533,405.107
1313,0.0539764,-1.00932,406.237
1314,0.511464,-0.0736231,406.58
1315,0.207592,0.689615,406.812
1316,0.189147,0.312116,406.827
1317,0.176863,1.0705,407.626
1318,0.302919,-0.510727,408.288
1319,0.496538,0.955972,408.499
1320,-0.0751634,-0.432653,408.627
1321,0.350867,1.02473,409.081
1322,-0.0765561,-0.59989,409.355
1323,0.447704,0.803603,409.481
1324,0.219623,-0.0840554,409.573
1325,0.354776,1.23119,410.341
1326,0.196789,-1.14737,412.148
1327,0.193939,-0.4737,412.594
1328,0.334449,0.341639,412.594
1329,0.109195,0.694486,412.937
1330,0.280154,0.427257,412.958
1331,0.304228,0.952777,413.379
1332,0.58407,-0.142721,413.907
1333,-0.0592683,1.25732,415.641
1334,0.216002,-1.256,417.807
1335,-0.02677,-0.831348,418.455
1336,0.169317,-0.344395,418.719
1337,0.350481,0.584545,418.773
1338,0.265973,0.418312,418.797
1339,0.437791,0.930385,419.039
1340,0.542507,-0.086368,419.435
1341,0.0729898,1.26867,420.864
1342,0.144821,-1.27925,422.892
1343,-0.086053,-0.910475,423.572
1344,0.117896,-0.544326,424.011
1345,0.262104,0.31205,424.013
1346,0.268246,0.700377,424.2
1347,0.44629,0.406877,424.201
1348,0.544879,0.978345,424.389
1349,0.0724709,-0.217958,424.474
1350,0.167222,1.227,425.597
1351,-0.173146,-1.17311,426.597
1352,0.165693,-0.558568,427.121
1353,0.0755884,0.211269,427.14
1354,0.466518,0.769941,427.232
1355,0.137971,0.233447,427.241
1356,0.414153,1.15469,427.789
1357,0.492937,-0.796584,429.452
1358,-0.0179522,0.458041,429.679
1359,0.163336,0.467303,429.771
1360,0.0378115,0.831692,430.401
1361,0.142494,0.171795,430.402
1362,0.426012,1.20819,431.014
1363,0.421201,-0.99207,433.011
1364,0.0115974,-0.0154264,433.012
1365,0.205747,0.702046,433.258
1366,0.141352,0.305356,433.285
1367,0.235479,1.08007,433.998
1368,0.484933,-0.541578,435.052
1369,0.502572,0.913393,435.221
1370,-0.066936,-0.330474,435.29
1371,0.299322,1.12112,435.966
1372,-0.0173187,-0.858815,436.674
1373,0.455127,0.303747,436.697
1374,0.249788,0.613189,436.829
1375,0.334613,0.564724,436.882
1376,0.178054,0.737479,437.195
1377,0.252954,0.407992,437.219
1378,0.426316,0.988203,437.535
1379,-0.0439885,-0.244766,437.575
1380,0.352542,1.21259,438.315
1381,0.00568492,-1.13194,439.609
1382,0.353516,-0.430033,440.223
1383,0.178651,0.401517,440.272
1384,0.463089,0.645287,440.306
1385,0.150527,0.537501,440.455
1386,0.456135,0.789116,440.566
1387,0.53547,0.289465,440.627
1388,-0.0280362,1.11943,441.943
1389,0.209543,-0.66753,442.713
1390,0.0144211,0.711993,443.199
1391,0.216682,0.0900332,443.215
1392,0.282426,1.20225,444.061
1393,0.273272,-0.996556,445.674
1394,0.399166,-0.0296974,445.858
1395,0.260604,0.699799,446.051
1396,0.170353,0.305485,446.069
1397,0.230192,1.07929,446.79
1398,0.349335,-0.539167,447.579
1399,0.487711,0.916805,447.763
1400,-0.0311872,-0.338495,447.858
1401,0.354645,1.11463,448.435
1402,-0.0765243,-0.840913,449.02
1403,0.442859,0.344402,449.029
1404,0.244454,0.581669,449.143
1405,0.33582,0.629646,449.229
1406,0.179301,0.619464,449.423
1407,0.248242,0.651664,449.586
1408,0.41884,0.591307,449.616
1409,-0.0362795,0.705997,450.167
1410,0.345523,0.479587,450.185
1411,0.0269794,0.889794,450.929
1412,0.320412,0.0354497,451.01
1413,0.23504,1.26518,452.071
1414,0.324641,-1.23031,454.489
1415,0.241066,-0.739586,455.451
1416,0.235256,-0.134877,455.588
1417,0.37693,0.752656,455.729
1418,0.208237,0.16645,455.731
1419,0.541142,1.18701,456.148
1420,0.58916,-0.922651,458.434
1421,0.0832242,0.164303,458.44
1422,0.130245,0.685411,458.748
1423,-0.00117688,0.391588,458.903
1424,0.0976755,0.990946,459.701
1425,0.416662,-0.257287,460.155
1426,0.481729,1.20461,460.677
1427,-0.0592615,-1.1087,461.779
1428,0.246944,-0.359519,462.147
1429,-0.0259706,0.486434,462.409
1430,0.4267,0.560879,462.427
1431,0.190342,0.705511,462.692
1432,0.521683,0.471419,462.695
1433,0.447871,0.900523,462.9
1434,-0.0674478,0.00610638,462.905
1435,0.23136,1.2701,463.984
1436,-0.00257731,-1.2566,465.557
1437,0.275005,-0.829632,466.777
1438,0.195617,-0.340586,467.065
1439,0.43246,0.588712,467.089
1440,0.128571,0.41261,467.17
1441,0.482517,0.938268,467.377
1442,0.593055,-0.108703,467.87
1443,0.107367,1.26494,469.21
1444,0.142514,-1.2727,471.213
1445,-0.0808888,-0.888208,471.864
1446,0.112537,-0.486289,472.223
1447,0.2737,0.40247,472.24
1448,0.270942,0.627339,472.367
1449,0.441555,0.569766,472.383
1450,0.541324,0.733716,472.42
1451,0.0610428,0.417255,472.547
1452,0.156565,0.976372,473.219
1453,-0.149735,-0.209446,473.223
1454,0.151672,1.2315,474.389
1455,0.119919,-1.18605,476.094
1456,0.378127,-0.599957,477.051
1457,0.159223,0.140256,477.051
1458,0.339206,0.792472,477.257
1459,0.157155,0.16286,477.257
1460,0.478545,1.20061,477.778
1461,0.566309,-0.969189,480.136
1462,0.0112069,0.0451242,480.137
1463,0.154816,0.706393,480.441
1464,0.0396121,0.314951,480.517
1465,0.129374,1.07305,481.408
1466,0.441635,-0.517515,482.328
1467,0.497623,0.946964,482.529
1468,-0.0713768,-0.410691,482.645
1469,0.250198,1.04796,483.281
1470,-0.0328455,-0.660702,483.675
1471,0.455275,0.703249,483.737
1472,0.242424,0.109406,483.754
1473,0.352958,1.19422,484.462
1474,0.192927,-0.963795,485.8
1475,0.213353,0.057803,485.824
1476,0.35433,0.706184,485.948
1477,0.0685331,0.319167,486.011
1478,0.279516,1.06924,486.635
1479,0.286456,-0.504834,487.261
1480,0.485124,0.963971,487.49
1481,-0.0600732,-0.452387,487.644
1482,0.356135,1.00268,488.062
1483,-0.0672399,-0.543219,488.288
1484,0.447173,0.887681,488.483
1485,0.23591,-0.266135,488.735
1486,0.36215,1.16715,489.383
1487,0.201754,-0.98696,490.796
1488,0.189049,-0.0135822,490.837
1489,0.320123,0.703654,490.984
1490,0.147863,0.302745,491.008
1491,0.296621,1.08278,491.626
1492,0.260193,-0.550553,492.283
1493,0.504845,0.900482,492.44
1494,-0.114755,-0.300382,492.474
1495,0.352481,1.14382,493.1
1496,-0.0722099,-0.92178,493.822
1497,0.461218,0.153596,493.917
1498,0.22914,0.690437,494.13
1499,0.323483,0.378694,494.133
1500,0.17353,1.00636,494.826
1501,0.267086,-0.304253,495.153
1502,0.453274,1.17231,495.67
1503,-0.0653467,-1.01531,496.572
1504,0.368004,-0.0915042,496.783
1505,-0.0472417,0.683685,497.317
1506,0.444843,0.318154,497.334
1507,0.172952,1.06339,498.126
1508,0.492842,-0.487685,499.088
1509,0.400696,0.986047,499.43
1510,-0.0899655,-0.50751,499.605
1511,0.313513,0.935221,499.991
1512,-0.0288335,-0.376747,500.112
1513,0.453894,1.08185,500.507
1514,0.211519,-0.751593,501.434
1515,0.371835,0.533708,501.46
1516,0.21372,0.375741,501.487
1517,0.145772,0.962459,502.154
1518,0.280958,-0.184136,502.37
1519,0.25041,1.24127,503.352
1520,0.416206,-1.21229,506.004
1521,-0.0302585,-0.685125,506.433
1522,0.297351,-0.0208426,506.534
1523,0.164933,0.793854,506.929
1524,0.257144,0.111461,506.951
1525,0.436537,1.22076,507.566
1526,0.620551,-1.05293,510.366
1527,-0.0308402,-0.185897,510.39
1528,0.123262,0.63574,510.653
1529,0.0197695,0.378399,510.782
1530,0.110686,0.990262,511.555
1531,0.434534,-0.259346,512.037
1532,0.542015,1.20291,512.473
1533,-0.0826219,-1.10361,513.516
1534,0.206608,-0.344252,513.819
1535,-0.0509264,0.503005,514.126
1536,0.390395,0.542505,514.149
1537,0.189556,0.738865,514.451
1538,0.521811,0.398462,514.466
1539,0.442946,0.999379,514.776
1540,-0.0886566,-0.278722,514.812
1541,0.232954,1.19105,515.73
1542,-0.00660743,-1.06967,516.86
1543,0.288114,-0.244548,517.144
1544,0.181951,0.595375,517.315
1545,0.473099,0.430376,517.317
1546,0.150692,0.919299,517.907
1547,0.404296,-0.054043,518.117
1548,0.494463,1.2717,518.721
1549,-0.0552393,-1.28033,520.222
1550,0.275975,-0.913416,521.637
1551,-0.0211652,-0.552158,521.919
1552,0.370416,0.299146,521.924
1553,0.151378,0.709069,522.235
1554,0.58319,0.385853,522.274
1555,0.540738,1.00429,522.489
1556,0.0819268,-0.29627,522.632
1557,0.169127,1.1784,523.65
1558,-0.175253,-1.03296,524.386
1559,0.166411,-0.140279,524.48
1560,0.0722195,0.662564,524.829
1561,0.477255,0.34333,524.847
1562,0.148597,1.03374,525.63
1563,0.376128,-0.393078,526.222
1564,0.419179,1.09381,526.677
1565,-0.0792098,-0.792908,527.186
1566,0.303871,0.447959,527.207
1567,-0.0285632,0.481193,527.467
1568,0.434088,0.810222,527.608
1569,0.191007,0.225314,527.61
1570,0.439705,1.17199,528.146
1571,0.302624,-0.855402,529.487
1572,-0.0411238,0.327201,529.622
1573,0.288905,0.593495,529.715
1574,0.140372,0.605029,529.931
1575,0.262638,0.665564,530.094
1576,0.436179,0.561343,530.109
1577,0.434117,0.758521,530.214
1578,-0.0152104,0.362907,530.357
1579,0.285569,1.04317,530.931
1580,0.0741865,-0.414624,531.17
1581,0.323677,1.07227,531.731
1582,0.240433,-0.734067,532.68
1583,0.380269,0.567285,532.715
1584,0.1597,0.329242,532.744
1585,0.422557,1.01843,533.099
1586,0.251703,-0.353294,533.465
1587,0.378571,1.13078,534.031
1588,0.362179,-0.896132,535.614
1589,0.0370981,0.214963,535.646
1590,0.271446,0.666468,535.802
1591,0.237766,0.442638,535.844
1592,0.291675,0.925641,536.246
1593,0.350193,-0.0667445,536.42
1594,0.461172,1.27146,537.076
1595,-0.109354,-1.28326,538.454
1596,0.320507,-0.92403,540.003
1597,0.0143213,-0.580343,540.357
1598,0.426604,0.251274,540.388
1599,0.146212,0.737503,540.737
1600,0.578153,0.313907,540.807
1601,0.545885,1.0833,541.096
1602,0.109516,-0.548777,541.529
1603,0.181222,0.903371,542.051
1604,-0.184908,-0.307144,542.066
1605,0.172194,1.13894,543
1606,0.0555607,-0.908198,543.929
1607,0.509522,0.186929,544.033
1608,0.20294,0.678621,544.259
1609,0.202214,0.411341,544.303
1610,0.184627,0.966704,544.915
1611,0.280008,-0.184922,545.131
1612,0.450132,1.24214,545.758
1613,-0.0609203,-1.21554,547.091
1614,0.366325,-0.695919,548.22
1615,-0.0385641,-0.0426868,548.22
1616,0.430833,0.788673,548.348
1617,0.157004,0.116386,548.349
1618,0.547888,1.21764,548.798
1619,0.506994,-1.04078,551.194
1620,0.0133389,-0.151231,551.221
1621,0.133782,0.655746,551.493
1622,0.0177247,0.352627,551.605
1623,0.109385,1.02264,552.439
1624,0.430538,-0.358321,553.062
1625,0.536007,1.12704,553.411
1626,-0.083121,-0.885805,554.055
1627,0.215558,0.239601,554.056
1628,-0.0534913,0.653886,554.556
1629,0.408799,0.473286,554.56
1630,0.205603,0.882566,555.019
1631,0.466184,0.0514947,555.191
1632,0.339791,1.26106,556.039
1633,-0.084012,-1.21092,557.309
1634,0.325133,-0.674553,558.309
1635,0.0243571,-0.000306642,558.309
1636,0.411613,0.797634,558.458
1637,0.14389,0.1092,558.459
1638,0.583396,1.2226,558.868
1639,0.499993,-1.05988,561.301
1640,0.0410168,-0.205895,561.362
1641,0.129779,0.622687,561.605
1642,0.030936,0.395397,561.738
1643,0.105284,0.967932,562.482
1644,0.450012,-0.19303,562.896
1645,0.547506,1.23821,563.373
1646,-0.0820008,-1.20436,564.632
1647,0.20115,-0.659196,565.373
1648,-0.0485024,0.030339,565.379
1649,0.378391,0.800953,565.557
1650,0.181439,0.110966,565.562
1651,0.550765,1.22305,566.014
1652,0.497916,-1.06089,568.444
1653,-0.0195059,-0.208772,568.48
1654,0.133863,0.620713,568.717
1655,0.0295817,0.39797,568.853
1656,0.115628,0.964481,569.573
1657,0.440985,-0.182923,569.963
1658,0.54538,1.2425,570.449
1659,-0.081497,-1.2162,571.736
1660,0.20073,-0.698061,572.544
1661,-0.0465802,-0.0470652,572.544
1662,0.376811,0.787481,572.713
1663,0.180505,0.117704,572.717
1664,0.554554,1.21685,573.155
1665,0.50465,-1.0377,575.534
1666,-0.00735593,-0.142483,575.552
1667,0.128947,0.660269,575.835
1668,0.0158729,0.346917,575.944
1669,0.108881,1.02959,576.792
1670,0.429765,-0.379999,577.448
1671,0.534495,1.10672,577.775
1672,-0.08314,-0.828754,578.331
1673,0.217681,0.370448,578.354
1674,-0.0539079,0.559249,578.73
1675,0.412939,0.673271,578.798
1676,0.209744,0.533164,578.903
1677,0.452261,0.804013,579.026
1678,0.316435,0.254939,579.03
1679,-0.0595308,1.15021,580.494
1680,0.304807,-0.775703,581.661
1681,0.0875451,0.502662,581.833
1682,0.310039,0.413552,581.844
1683,0.282165,0.911363,582.24
1684,0.26165,-0.0387498,582.33
1685,0.419289,1.27131,583.056
1686,0.342392,-1.27433,585.67
1687,0.102441,-0.892106,586.659
1688,0.266228,-0.496495,587.241
1689,0.19879,0.387258,587.276
1690,0.235613,0.641095,587.441
1691,0.504009,0.540773,587.442
1692,0.661626,0.782919,587.457
1693,0.0569093,0.304086,587.518
1694,0.15041,1.10542,588.43
1695,-0.153841,-0.61951,588.647
1696,0.152058,0.794316,589.059
1697,0.114608,-0.0691668,589.093
1698,0.394737,1.2316,589.793
1699,0.141557,-1.14431,591.447
1700,0.396277,-0.463759,592.187
1701,0.242988,0.355605,592.199
1702,0.206986,0.683836,592.427
1703,0.23036,0.451997,592.476
1704,0.363208,0.919129,592.785
1705,0.567345,-0.047117,593.162
1706,-0.0206885,1.27263,594.835
1707,0.226931,-1.28156,597.111
1708,-0.0295678,-0.917562,597.899
1709,0.174996,-0.563155,598.444
1710,0.338137,0.28073,598.447
1711,0.260447,0.72072,598.659
1712,0.457581,0.357007,598.669
1713,0.556675,1.03778,598.901
1714,0.118923,-0.400683,599.171
1715,0.178417,1.08657,599.995
1716,-0.177927,-0.77309,600.35
1717,0.168604,0.489236,600.452
1718,0.065938,0.43298,600.587
1719,0.490987,0.88431,600.742
1720,0.167344,0.0350876,600.759
1721,0.311914,1.26357,601.665
1722,0.306612,-1.22472,604.01
1723,-0.00572694,-0.72086,604.521
1724,0.284695,-0.0949122,604.666
1725,0.173341,0.77113,605.023
1726,0.254996,0.139028,605.036
1727,0.472735,1.20428,605.572
1728,0.623788,-0.988695,608.172
1729,0.00739689,-0.00724069,608.172
1730,0.113504,0.703318,608.52
1731,0.00712643,0.305309,608.609
1732,0.0988454,1.0805,609.572
1733,0.429626,-0.542869,610.518
1734,0.512508,0.911559,610.677
1735,-0.0784492,-0.326176,610.739
1736,0.241957,1.12452,611.518
1737,-0.0515512,-0.868217,612.184
1738,0.451166,0.282034,612.213
1739,0.248163,0.628174,612.357
1740,0.333283,0.532166,612.397
1741,0.177423,0.791972,612.775
1742,0.255477,0.281543,612.775
1743,0.430309,1.12662,613.26
1744,-0.0477619,-0.692514,613.676
1745,0.355871,0.66658,613.772
1746,-0.00436981,0.170186,613.803
1747,0.370562,1.15943,614.425
1748,0.160137,-0.830918,615.407
1749,0.525276,0.381233,615.428
1750,0.2561,0.547251,615.513
1751,0.1428,0.695093,615.818
1752,0.232956,0.487759,615.883
1753,0.325324,0.875455,616.186
1754,0.412441,0.0733367,616.301
1755,0.0364314,1.25511,617.786
1756,0.333473,-1.18341,620.087
1757,0.0458386,-0.584112,620.483
1758,0.268716,0.167316,620.494
1759,0.336493,0.785574,620.695
1760,0.255175,0.186218,620.7
1761,0.464793,1.18712,621.222
1762,0.540673,-0.917104,623.347
1763,0.0422061,0.178625,623.366
1764,0.150515,0.680199,623.646
1765,0.0455378,0.405848,623.776
1766,0.124772,0.973462,624.496
1767,0.452633,-0.204925,624.929
1768,0.475546,1.23325,625.503
1769,-0.053853,-1.19073,626.795
1770,0.250514,-0.615012,627.544
1771,-0.00541956,0.113245,627.559
1772,0.42318,0.797542,627.699
1773,0.184995,0.14347,627.7
1774,0.544978,1.21045,628.143
1775,0.492695,-1.00821,630.396
1776,-0.0117067,-0.0599453,630.398
1777,0.146995,0.692507,630.696
1778,0.0379576,0.310625,630.77
1779,0.125337,1.07267,631.668
1780,0.44369,-0.517679,632.592
1781,0.517119,0.946613,632.776
1782,-0.0791168,-0.40981,632.886
1783,0.237275,1.04886,633.544
1784,-0.0435655,-0.663098,633.928
1785,0.443661,0.69908,633.993
1786,0.242083,0.116872,634.009
1787,0.353072,1.1906,634.711
1788,0.1921,-0.949482,636.014
1789,0.208136,0.0950575,636.027
1790,0.353959,0.702505,636.148
1791,0.0666695,0.337599,636.221
1792,0.27979,1.05119,636.817
1793,0.284449,-0.44572,637.35
1794,0.478265,1.03722,637.662
1795,-0.0556869,-0.639883,638.003
1796,0.357445,0.737936,638.148
1797,-0.0615398,0.0456647,638.16
1798,0.442363,1.21846,638.762
1799,0.221886,-1.06481,640.418
1800,0.40599,-0.221806,640.812
1801,0.251389,0.61168,640.942
1802,0.0667492,0.409644,641.059
1803,0.245897,0.948573,641.553
1804,0.343613,-0.136813,641.784
1805,0.546065,1.25837,642.291
1806,-0.0731435,-1.25793,643.695
1807,0.303004,-0.837819,644.996
1808,-0.0745882,-0.360096,645.078
1809,0.362748,0.567118,645.12
1810,0.172659,0.4417,645.192
1811,0.568938,0.896997,645.3
1812,0.528689,0.0060643,645.573
1813,0.0436124,1.26905,647.074
1814,0.139895,-1.25286,649.014
1815,-0.0941562,-0.816791,649.536
1816,0.120621,-0.309864,649.722
1817,0.246451,0.62054,649.862
1818,0.265204,0.367942,649.872
1819,0.45608,0.996628,650.164
1820,0.526639,-0.280192,650.815
1821,0.0487389,1.18908,652.116
1822,0.128552,-1.06353,653.537
1823,-0.0695954,-0.226802,653.561
1824,0.107171,0.608927,653.813
1825,0.303185,0.41285,653.825
1826,0.289152,0.944055,654.254
1827,0.376381,-0.123881,654.504
1828,0.42657,1.26173,655.202
1829,-0.107154,-1.26592,656.545
1830,0.272166,-0.865045,657.838
1831,-0.025018,-0.427399,658
1832,0.382886,0.484748,658.01
1833,0.155222,0.542807,658.16
1834,0.569393,0.73293,658.187
1835,0.53336,0.410782,658.202
1836,0.0550635,0.98364,659.064
1837,0.148564,-0.231333,659.209
1838,-0.123938,1.22017,661.015
1839,0.136175,-1.15374,662.679
1840,0.176642,-0.497527,663.134
1841,0.298538,0.30733,663.134
1842,0.333712,0.718509,663.282
1843,0.148165,0.369441,663.331
1844,0.423974,1.02447,663.691
1845,0.537565,-0.358526,664.494
1846,-0.0159744,1.12738,665.802
1847,0.185279,-0.88695,666.951
1848,0.0293003,0.236863,666.994
1849,0.171163,0.65537,667.229
1850,0.372162,0.469746,667.238
1851,0.293419,0.887685,667.592
1852,0.336224,0.037745,667.681
1853,0.353896,1.26431,668.51
1854,-0.0577166,-1.22655,669.876
1855,0.330553,-0.726907,670.994
1856,0.024463,-0.107717,671.011
1857,0.413578,0.765684,671.135
1858,0.143783,0.146905,671.135
1859,0.584089,1.19949,671.514
1860,0.509479,-0.970221,673.704
1861,0.0544338,0.0419873,673.704
1862,0.126284,0.706466,674.04
1863,0.00618663,0.313865,674.135
1864,0.0984988,1.07402,675.087
1865,0.425991,-0.520779,675.983
1866,0.503728,0.942513,676.176
1867,-0.0744456,-0.399896,676.282
1868,0.246407,1.05887,676.942
1869,-0.0470275,-0.689659,677.355
1870,0.453122,0.651781,677.394
1871,0.242358,0.198357,677.396
1872,0.350313,1.14045,678.02
1873,0.190786,-0.761371,678.927
1874,0.219382,0.530576,679.024
1875,0.363761,0.377474,679.024
1876,0.0495102,0.959692,679.852
1877,0.284888,-0.17617,680.065
1878,0.256584,1.24446,681.041
1879,0.397592,-1.22099,683.661
1880,0.046406,-0.713822,684.239
1881,0.294458,-0.0796567,684.379
1882,0.158224,0.77697,684.761
1883,0.232388,0.130947,684.772
1884,0.468907,1.20908,685.32
1885,0.631281,-1.00736,688.005
1886,-0.0217155,-0.0579497,688.006
1887,0.120646,0.693091,688.334
1888,0.00672433,0.310089,688.426
1889,0.106354,1.07331,689.361
1890,0.422688,-0.519766,690.249
1891,0.519621,0.943774,690.429
1892,-0.0812714,-0.402922,690.532
1893,0.234853,1.05585,691.206
1894,-0.0542001,-0.681616,691.6
1895,0.442445,0.666313,691.65
1896,0.241882,0.173952,691.655
1897,0.351344,1.15753,692.305
1898,0.190756,-0.823643,693.334
1899,0.212209,0.397517,693.368
1900,0.360009,0.531679,693.397
1901,0.0544825,0.723499,693.845
1902,0.283024,0.426672,693.866
1903,0.266036,0.962181,694.35
1904,0.422367,-0.168107,694.699
1905,0.00514366,1.24909,696.246
1906,0.323228,-1.23475,698.674
1907,0.0568213,-0.75972,699.34
1908,0.25711,-0.178469,699.53
1909,0.371409,0.727492,699.657
1910,0.263511,0.205516,699.66
1911,0.436304,1.15912,700.183
1912,0.576723,-0.819316,702.132
1913,0.0589691,0.407945,702.253
1914,0.136103,0.521218,702.402
1915,-0.0197247,0.742048,702.982
1916,0.103545,0.385476,703.062
1917,0.38728,1.01459,703.455
1918,0.435733,-0.325497,704.035
1919,-0.00663102,1.15605,705.386
1920,0.210845,-0.968676,706.778
1921,0.0832671,0.0331481,706.78
1922,0.255431,0.707859,706.985
1923,0.395641,0.308455,706.992
1924,0.28414,1.07916,707.624
1925,0.363107,-0.537872,708.436
1926,0.438262,0.918718,708.667
1927,-0.0627759,-0.343022,708.746
1928,0.335923,1.11089,709.346
1929,-0.0197363,-0.8306,710.004
1930,0.476315,0.367411,710.016
1931,0.222653,0.561833,710.131
1932,0.332599,0.668304,710.243
1933,0.180565,0.543267,710.375
1934,0.24944,0.787296,710.664
1935,0.415369,0.29521,710.679
1936,-0.031361,1.11418,711.991
1937,0.34119,-0.649393,712.972
1938,0.0404759,0.743858,713.467
1939,0.302026,0.0305282,713.541
1940,0.277903,1.22185,714.432
1941,0.266775,-1.08093,716.248
1942,0.402551,-0.269232,716.699
1943,0.297504,0.57424,716.776
1944,0.196253,0.457579,716.844
1945,0.230778,0.879142,717.264
1946,0.360171,0.0552264,717.357
1947,0.531436,1.25947,717.887
1948,-0.0334085,-1.20421,719.258
1949,0.295448,-0.652336,720.157
1950,-0.069614,0.0429774,720.169
1951,0.328355,0.801713,720.393
1952,0.165407,0.113051,720.396
1953,0.58973,1.22262,720.797
1954,0.492491,-1.05881,723.203
1955,0.00772758,-0.202719,723.247
1956,0.126689,0.624825,723.496
1957,0.0362508,0.392616,723.623
1958,0.108996,0.971641,724.367
1959,0.455143,-0.203936,724.801
1960,0.546367,1.23327,725.273
1961,-0.0815267,-1.19051,726.503
1962,0.202695,-0.614245,727.17
1963,-0.0463176,0.114633,727.196
1964,0.380758,0.79733,727.37
1965,0.182832,0.144362,727.371
1966,0.546532,1.21002,727.811
1967,0.490108,-1.00651,730.051
1968,-0.0325371,-0.0552729,730.052
1969,0.142721,0.693771,730.355
1970,0.037138,0.309573,730.43
1971,0.125364,1.07396,731.329
1972,0.443686,-0.521878,732.262
1973,0.516261,0.940889,732.442
1974,-0.0788849,-0.395944,732.543
1975,0.238086,1.06279,733.223
1976,-0.0432522,-0.700105,733.654
1977,0.444796,0.63263,733.689
1978,0.243201,0.229659,733.69
1979,0.349822,1.11595,734.277
1980,0.189413,-0.67458,735.023
1981,0.216319,0.697704,735.255
1982,0.366219,0.116119,735.317
1983,0.0425262,1.19043,736.635
1984,0.287576,-0.949151,738.164
1985,0.243172,0.0958883,738.186
1986,0.366216,0.702382,738.299
1987,0.111142,0.338089,738.351
1988,0.267852,1.05069,738.964
1989,0.27891,-0.444099,739.486
1990,0.451752,1.03909,739.831
1991,-0.0228629,-0.64483,740.218
1992,0.363986,0.7296,740.352
1993,-0.0617915,0.0613085,740.367
1994,0.442086,1.21362,740.962
1995,0.22147,-1.04362,742.563
1996,0.407146,-0.160722,742.885
1997,0.252922,0.650749,743.043
1998,0.0634672,0.35892,743.131
1999,0.246112,1.01487,743.722
2000,0.341069,-0.334275,744.178
2001,0.534835,1.14803,744.554
2002,-0.0736255,-0.945431,745.314
2003,0.320401,0.0930332,745.365
2004,-0.0784476,0.704254,745.978
2005,0.398911,0.333548,745.982
2006,0.198182,1.05552,746.717
2007,0.480465,-0.459709,747.601
2008,0.365849,1.02079,748.03
2009,-0.101258,-0.596733,748.276
2010,0.331718,0.80771,748.502
2011,-0.0129798,-0.0923745,748.509
2012,0.471695,1.23037,749.084
2013,0.202192,-1.14704,750.905
2014,0.391506,-0.472858,751.652
2015,0.238669,0.342857,751.663
2016,0.0959113,0.693572,752.02
2017,0.248901,0.429399,752.052
2018,0.346938,0.949935,752.416
2019,0.593388,-0.134508,752.946
2020,-0.0615924,1.25965,754.692
2021,0.216056,-1.26176,756.875
2022,-0.0268702,-0.850966,757.555
2023,0.170215,-0.392329,757.871
2024,0.348933,0.52922,757.904
2025,0.265239,0.490199,757.954
2026,0.440142,0.822353,758.1
2027,0.545891,0.200289,758.22
2028,0.0812423,1.19054,759.45
2029,0.150484,-0.924267,760.605
2030,-0.107183,0.161186,760.677
2031,0.12788,0.686347,760.989
2032,0.212901,0.388855,761.02
2033,0.271726,0.994212,761.542
2034,0.427003,-0.267185,762.024
2035,0.348834,1.19832,762.746
2036,-0.0345024,-1.09052,763.861
2037,0.311511,-0.305423,764.241
2038,0.011854,0.542249,764.523
2039,0.433661,0.496726,764.527
2040,0.193734,0.817243,764.916
2041,0.517126,0.213977,765.007
2042,0.438326,1.18107,765.559
2043,-0.0749707,-0.888711,766.221
2044,0.251008,0.248591,766.221
2045,-0.0131479,0.64687,766.657
2046,0.321648,0.488759,766.685
2047,0.15806,0.859621,767.177
2048,0.554923,0.1121,767.373
2049,0.32892,1.24029,768.204
2050,-0.0158352,-1.12003,769.423
2051,0.304757,-0.384163,769.898
2052,0.0395916,0.457377,770.072
2053,0.385162,0.59188,770.115
2054,0.175127,0.646763,770.337
2055,0.581862,0.591941,770.337
2056,0.447295,0.703478,770.403
2057,-0.0113247,0.484749,770.649
2058,0.212455,0.882069,771.098
2059,0.0107779,0.0561604,771.1
2060,0.24161,1.26021,772.137
2061,0.242429,-1.20652,774.237
2062,0.366455,-0.659891,775.29
2063,0.177455,0.0284074,775.312
2064,0.316971,0.800903,775.546
2065,0.195462,0.110498,775.554
2066,0.538038,1.22318,776.023
2067,0.574332,-1.06148,778.699
2068,0.0625978,-0.210475,778.773
2069,0.135605,0.619537,779.008
2070,0.036194,0.399501,779.14
2071,0.107818,0.962419,779.87
2072,0.453804,-0.176901,780.268
2073,0.547984,1.24491,780.753
2074,-0.0815154,-1.22281,782.056
2075,0.200199,-0.719882,782.903
2076,-0.0465556,-0.0923649,782.905
2077,0.375697,0.772091,783.062
2078,0.179883,0.137715,783.064
2079,0.556715,1.20508,783.484
2080,0.508424,-0.991776,785.735
2081,-0.000167564,-0.0155451,785.735
2082,0.127486,0.702129,786.065
2083,0.0049278,0.305158,786.155
2084,0.105882,1.08027,787.105
2085,0.419274,-0.542226,788.029
2086,0.512062,0.912467,788.189
2087,-0.0789704,-0.328303,788.252
2088,0.240969,1.12284,789.029
2089,-0.0521122,-0.863581,789.688
2090,0.450198,0.292773,789.712
2091,0.247972,0.620923,789.852
2092,0.333805,0.548068,789.897
2093,0.177713,0.765748,790.243
2094,0.254,0.343503,790.251
2095,0.428289,1.06453,790.656
2096,-0.0459366,-0.48347,790.848
2097,0.354263,0.992119,791.254
2098,0.000490882,-0.523062,791.528
2099,0.362229,0.914604,791.834
2100,0.168281,-0.328019,792.08
2101,0.496753,1.12375,792.473
2102,0.194827,-0.866333,793.599
2103,0.306201,0.286377,793.599
2104,0.294951,0.625284,793.709
2105,0.176288,0.538542,793.84
2106,0.279161,0.781547,794.092
2107,0.276975,0.30642,794.093
2108,0.460868,1.10301,794.505
2109,-0.0877088,-0.611367,794.78
2110,0.34684,0.807626,794.992
2111,-0.00168876,-0.0965741,795.001
2112,0.367485,1.22923,795.744
2113,0.16315,-1.14438,797.453
2114,0.514332,-0.46469,798.412
2115,0.229815,0.354374,798.427
2116,0.206327,0.68478,798.656
2117,0.230374,0.449819,798.704
2118,0.360768,0.922162,799.019
2119,0.567803,-0.0555892,799.408
2120,-0.0239109,1.27232,801.088
2121,0.226888,-1.283,803.368
2122,-0.0291844,-0.922836,804.167
2123,0.175533,-0.577178,804.733
2124,0.33789,0.256761,804.74
2125,0.260521,0.73455,804.965
2126,0.456507,0.321639,804.983
2127,0.557708,1.07553,805.251
2128,0.119864,-0.522987,805.664
2129,0.18178,0.939738,806.239
2130,-0.183253,-0.393246,806.283
2131,0.171374,1.06542,807.082
2132,0.0577725,-0.707147,807.667
2133,0.506434,0.619547,807.68
2134,0.195979,0.250481,807.683
2135,0.222329,1.09803,808.45
2136,0.199454,-0.612784,809.109
2137,0.236395,0.803703,809.431
2138,0.371968,-0.0881483,809.643
2139,0.0388198,1.23023,811.063
2140,0.289745,-1.14531,813.122
2141,0.233469,-0.467346,813.613
2142,0.346093,0.350632,813.613
2143,0.15986,0.687677,813.892
2144,0.268353,0.44313,813.922
2145,0.297431,0.931393,814.324
2146,0.554813,-0.08155,814.729
2147,-0.0258965,1.27011,816.409
2148,0.225351,-1.28291,818.684
2149,-0.0286182,-0.923156,819.484
2150,0.173431,-0.577975,820.048
2151,0.341895,0.255376,820.056
2152,0.261811,0.735304,820.28
2153,0.452376,0.319672,820.298
2154,0.558071,1.07753,820.567
2155,0.116392,-0.529583,820.985
2156,0.182667,0.930616,821.544
2157,-0.184081,-0.37134,821.579
2158,0.172325,1.08613,822.414
2159,0.0560043,-0.762964,823.085
2160,0.507019,0.510881,823.085
2161,0.197731,0.405712,823.128
2162,0.217211,0.922821,823.626
2163,0.195351,-0.0705258,823.697
2164,0.248352,1.26988,824.74
2165,0.391768,-1.2788,827.531
2166,0.00486829,-0.908502,828.365
2167,0.310828,-0.539168,829.088
2168,0.145297,0.320466,829.119
2169,0.247836,0.694472,829.318
2170,0.46698,0.420933,829.32
2171,0.658776,0.960283,829.411
2172,0.0596162,-0.164721,829.461
2173,0.160036,1.2501,830.65
2174,-0.171964,-1.23726,831.785
2175,0.163861,-0.768113,832.653
2176,0.0798867,-0.197175,832.73
2177,0.45948,0.715137,832.795
2178,0.132416,0.224858,832.804
2179,0.434296,1.14376,833.307
2180,0.529544,-0.763989,834.98
2181,0.0471062,0.525975,835.21
2182,0.134348,0.383493,835.272
2183,-0.0266974,0.951899,836.229
2184,0.103614,-0.153507,836.295
2185,0.377695,1.25258,837.061
2186,0.414194,-1.24259,839.806
2187,0.029673,-0.785864,840.471
2188,0.184814,-0.237392,840.649
2189,0.173155,0.685344,840.912
2190,0.23558,0.271208,840.913
2191,0.478102,1.10263,841.303
2192,0.644021,-0.620741,842.902
2193,0.00401678,0.791341,843.522
2194,0.122608,-0.0629312,843.557
2195,-0.0443252,1.23186,845.185
2196,0.104538,-1.14334,846.743
2197,0.353393,-0.460568,847.405
2198,0.365209,0.360025,847.405
2199,0.137768,0.680364,847.7
2200,0.155689,0.459954,847.792
2201,0.316458,0.907928,848.142
2202,0.558717,-0.0160802,848.472
2203,-0.0225068,1.27202,850.148
2204,0.227686,-1.27006,852.391
2205,-0.0302884,-0.876669,853.108
2206,0.17689,-0.456985,853.51
2207,0.334175,0.44463,853.522
2208,0.2596,0.586131,853.628
2209,0.460406,0.65242,853.665
2210,0.54906,0.579926,853.666
2211,0.107277,0.724886,854.048
2212,0.157028,0.438334,854.127
2213,-0.133487,0.948474,855.297
2214,0.140918,-0.127944,855.37
2215,0.152347,1.26162,856.6
2216,0.335474,-1.26676,859.167
2217,0.236766,-0.868062,860.388
2218,0.171832,-0.434972,860.756
2219,0.34097,0.4747,860.774
2220,0.199995,0.554032,860.899
2221,0.519597,0.712678,860.937
2222,0.614575,0.455135,860.962
2223,0.105517,0.923796,861.632
2224,0.159001,-0.0582177,861.679
2225,-0.125614,1.27239,863.633
2226,0.138558,-1.28405,865.657
2227,0.16863,-0.926564,866.857
2228,0.306699,-0.587142,867.656
2229,0.308926,0.239401,867.66
2230,0.134,0.74362,868.032
2231,0.474624,0.297662,868.063
2232,0.610395,1.09904,868.302
2233,0.135458,-0.601753,868.846
2234,0.18629,0.822763,869.251
2235,-0.186447,-0.128241,869.254
2236,0.173032,1.2238,870.358
2237,0.0526488,-1.13525,871.769
2238,0.516035,-0.437168,872.678
2239,0.218247,0.391862,872.708
2240,0.160335,0.653871,872.952
2241,0.164928,0.518993,873.077
2242,0.335675,0.819066,873.311
2243,0.56029,0.216481,873.429
2244,-0.0332224,1.18011,874.901
2245,0.236906,-0.884781,876.159
2246,-0.0351745,0.258061,876.245
2247,0.19631,0.641332,876.443
2248,0.298357,0.501589,876.485
2249,0.266716,0.840171,876.813
2250,0.427183,0.162234,876.884
2251,0.343882,1.2152,877.643
2252,0.0258308,-1.01874,878.734
2253,0.312208,-0.0883928,878.894
2254,0.0448657,0.68344,879.302
2255,0.378623,0.319555,879.306
2256,0.177822,1.06207,880.088
2257,0.571292,-0.483325,881.2
2258,0.393816,0.991577,881.557
2259,-0.0233008,-0.521512,881.805
2260,0.301543,0.916708,882.184
2261,-0.0187651,-0.332948,882.282
2262,0.438885,1.11982,882.746
2263,0.234688,-0.855468,883.935
2264,0.379481,0.31139,883.939
2265,0.2171,0.60761,884.092
2266,0.136683,0.576551,884.285
2267,0.27328,0.716908,884.482
2268,0.273062,0.453425,884.514
2269,0.456167,0.927241,884.736
2270,-0.0832795,-0.0676582,884.737
2271,0.342902,1.27176,885.599
2272,0.0101856,-1.28463,887.276
2273,0.347622,-0.928866,888.905
2274,0.187071,-0.593298,889.514
2275,0.437623,0.228537,889.558
2276,0.135242,0.74889,889.935
2277,0.512286,0.283391,889.987
2278,0.62098,1.11223,890.228
2279,0.136826,-0.646868,890.843
2280,0.188221,0.747856,891.156
2281,-0.188725,0.0229347,891.201
2282,0.174154,1.22362,892.302
2283,0.0492746,-1.08927,893.598
2284,0.521292,-0.294013,894.263
2285,0.232359,0.552199,894.365
2286,0.12465,0.484903,894.495
2287,0.159875,0.836476,894.953
2288,0.339282,0.165901,894.983
2289,0.532888,1.21241,895.445
2290,-0.0329688,-1.00814,896.396
2291,0.286967,-0.0591738,896.515
2292,-0.0658927,0.692655,897.091
2293,0.308749,0.310569,897.091
2294,0.169116,1.07276,897.907
2295,0.571699,-0.517974,899.095
2296,0.384913,0.946213,899.41
2297,-0.0522795,-0.408838,899.537
2298,0.300014,1.04986,900.099
2299,-0.0188505,-0.665727,900.518
2300,0.447036,0.694488,900.579
2301,0.243459,0.125043,900.593
2302,0.35304,1.18646,901.287
2303,0.191905,-0.933236,902.553
2304,0.208739,0.136635,902.559
2305,0.354813,0.693892,902.674
2306,0.0649298,0.366909,902.765
2307,0.280164,1.0197,903.312
2308,0.282141,-0.345621,903.706
2309,0.470604,1.13867,904.152
2310,-0.0499961,-0.918895,904.907
2311,0.357269,0.159487,904.946
2312,-0.0535308,0.688721,905.497
2313,0.431805,0.383775,905.499
2314,0.201883,1.00042,906.137
2315,0.472861,-0.286042,906.713
2316,0.35591,1.18558,907.401
2317,-0.0788409,-1.05364,908.352
2318,0.334524,-0.19856,908.636
2319,0.00115575,0.62871,909.03
2320,0.453738,0.387045,909.034
2321,0.168116,0.978888,909.691
2322,0.502214,-0.225398,910.221
2323,0.41966,1.22254,910.865
2324,-0.0852012,-1.16007,912.021
2325,0.286249,-0.517296,912.666
2326,-0.0262707,0.277347,912.759
2327,0.401875,0.737122,912.871
2328,0.164725,0.322517,912.896
2329,0.533825,1.07551,913.189
2330,0.4733,-0.522663,914.181
2331,-0.0571049,0.940206,915.176
2332,0.17033,-0.394381,915.495
2333,0.031265,1.06431,916.562
2334,0.160282,-0.704175,917.309
2335,0.393578,0.625085,917.363
2336,0.330388,0.241723,917.371
2337,0.219394,1.10572,918.156
2338,0.201459,-0.639157,918.863
2339,0.237077,0.759787,919.136
2340,0.371172,6.5467e-05,919.274
2341,0.0407597,1.22794,920.683
2342,0.288867,-1.11094,922.643
2343,0.237617,-0.359478,922.999
2344,0.354453,0.485805,923.017
2345,0.13894,0.561748,923.195
2346,0.265789,0.703956,923.387
2347,0.298644,0.474748,923.418
2348,0.534661,0.895646,923.549
2349,-0.0314288,0.0193692,923.551
2350,0.263461,1.26817,924.561
2351,-0.0534927,-1.24574,925.982
2352,0.254113,-0.792171,927.077
2353,0.209212,-0.252271,927.29
2354,0.432963,0.673252,927.348
2355,0.128433,0.289744,927.374
2356,0.482625,1.08444,927.736
2357,0.586158,-0.559502,929.048
2358,0.0961187,0.887073,929.674
2359,0.134493,-0.26951,929.837
2360,-0.0434032,1.16443,931.296
2361,0.100556,-0.979117,932.462
2362,0.351851,0.00719233,932.58
2363,0.348769,0.706193,932.708
2364,0.186065,0.303967,932.722
2365,0.17304,1.0825,933.549
2366,0.268501,-0.54935,934.218
2367,0.476821,0.902251,934.399
2368,-0.0758,-0.304485,934.451
2369,0.362785,1.14088,935.057
2370,-0.0709859,-0.913595,935.767
2371,0.463349,0.173746,935.851
2372,0.2285,0.683659,936.058
2373,0.324307,0.397779,936.063
2374,0.174272,0.983579,936.718
2375,0.266385,-0.235065,936.97
2376,0.449891,1.21772,937.559
2377,-0.0630889,-1.14648,938.733
2378,0.36706,-0.474884,939.442
2379,-0.0421707,0.340334,939.588
2380,0.436843,0.695377,939.655
2381,0.162862,0.425132,939.724
2382,0.52752,0.955582,939.907
2383,0.468327,-0.150851,940.29
2384,-0.0462516,1.25482,941.983
2385,0.189136,-1.24964,944.053
2386,0.0238579,-0.809809,944.748
2387,0.184749,-0.292999,944.977
2388,0.344148,0.636869,945.062
2389,0.265234,0.344257,945.068
2390,0.435371,1.02514,945.416
2391,0.538771,-0.368009,946.239
2392,0.0642635,1.11794,947.349
2393,0.140008,-0.860109,948.349
2394,-0.0640564,0.299679,948.481
2395,0.110053,0.616237,948.738
2396,0.310106,0.558257,948.799
2397,0.302444,0.74856,948.998
2398,0.32534,0.382998,949.001
2399,0.333346,1.01921,949.472
2400,-0.0803409,-0.339391,949.539
2401,0.315493,1.1445,950.226
2402,0.04891,-0.935651,951.196
2403,0.367286,0.11773,951.258
2404,0.172735,0.6999,951.536
2405,0.476137,0.349515,951.552
2406,0.164839,1.03895,952.316
2407,0.405139,-0.406316,952.974
2408,0.438979,1.08055,953.386
2409,-0.0542015,-0.756529,953.879
2410,0.339856,0.522896,953.913
2411,-0.00693298,0.390253,954.07
2412,0.466963,0.943652,954.298
2413,0.190068,-0.129596,954.4
2414,0.42915,1.25958,955.089
2415,0.290788,-1.26005,957.495
2416,-0.00655982,-0.844929,958.197
2417,0.275764,-0.377481,958.624
2418,0.200262,0.547033,958.744
2419,0.261775,0.467813,958.787
2420,0.452676,0.857721,958.951
2421,0.647895,0.110384,959.24
2422,0.0280126,1.24026,960.709
2423,0.134885,-1.12042,962.285
2424,-0.103219,-0.385398,962.365
2425,0.123924,0.45593,962.475
2426,0.228761,0.59336,962.608
2427,0.266579,0.643872,962.75
2428,0.448481,0.597608,962.773
2429,0.448145,0.693173,962.833
2430,-0.0439509,0.506598,963.136
2431,0.204283,0.848653,963.551
2432,0.00957588,0.143682,963.569
2433,0.24043,1.22569,964.54
2434,0.243786,-1.06015,966.24
2435,0.363265,-0.205777,966.564
2436,0.182226,0.622673,966.758
2437,0.304205,0.395456,966.766
2438,0.198393,0.967862,967.358
2439,0.525313,-0.192823,967.874
2440,0.491907,1.23831,968.431
2441,0.000994042,-1.20461,969.884
2442,0.276388,-0.660019,970.761
2443,-0.0158415,0.0287418,970.763
2444,0.382644,0.800838,970.938
2445,0.183399,0.110745,970.943
2446,0.551148,1.22308,971.395
2447,0.498051,-1.06107,973.826
2448,-0.0192495,-0.209306,973.862
2449,0.133733,0.620345,974.099
2450,0.0293646,0.398449,974.235
2451,0.11547,0.963837,974.955
2452,0.44083,-0.181041,975.341
2453,0.545501,1.24327,975.828
2454,-0.0815033,-1.2183,977.121
2455,0.200549,-0.70499,977.941
2456,-0.0466285,-0.0613061,977.941
2457,0.376454,0.783241,978.106
2458,0.180304,0.122755,978.11
2459,0.555236,1.21388,978.543
2460,0.505849,-1.02607,980.89
2461,-0.00510233,-0.109777,980.901
2462,0.128375,0.675309,981.2
2463,0.0126583,0.328609,981.3
2464,0.10785,1.05142,982.19
2465,0.426826,-0.449081,982.958
2466,0.528759,1.03308,983.212
2467,-0.0828518,-0.628883,983.51
2468,0.225069,0.756233,983.792
2469,-0.0547796,0.0106907,983.796
2470,0.426602,1.22671,984.437
2471,0.224447,-1.10354,986.2
2472,0.404465,-0.336899,986.75
2473,0.246735,0.510037,986.819
2474,0.0630176,0.534737,987.042
2475,0.24358,0.75269,987.301
2476,0.347206,0.367261,987.301
2477,0.567213,1.03697,987.522
2478,-0.0679404,-0.395263,987.629
2479,0.264394,1.09237,988.315
2480,-0.0576789,-0.789149,988.85
2481,0.273236,0.455851,988.883
2482,0.19047,0.472336,988.962
2483,0.491985,0.824414,989.073
2484,0.17085,0.190179,989.073
2485,0.334933,1.19669,989.816
2486,0.370392,-0.947837,991.554
2487,0.0031862,0.101254,991.563
2488,0.294498,0.701296,991.729
2489,0.147878,0.341835,991.766
2490,0.260187,1.0468,992.385
2491,0.447317,-0.431548,993.158
2492,0.475208,1.05331,993.492
2493,-0.0556876,-0.682717,993.885
2494,0.307113,0.66345,994.012
2495,-0.00216157,0.178953,994.045
2496,0.451648,1.1542,994.538
2497,0.223033,-0.811365,995.608
2498,0.416735,0.424621,995.608
2499,0.265021,0.504166,995.666
2500,0.0386037,0.77153,996.203
2501,0.25126,0.317888,996.207
2502,0.308518,1.08999,996.818
2503,0.426989,-0.567929,997.808
2504,0.0116109,0.875435,998.554
2505,0.317164,-0.24332,998.868
2506,0.0755118,1.17974,1000.09
2507,0.240316,-1.02151,1001.68
2508,0.42757,-0.106954,1001.97
2509,0.338434,0.677532,1002.08
2510,0.191393,0.325245,1002.1
2511,0.227822,1.05516,1002.78
2512,0.323542,-0.46114,1003.4
2513,0.505022,1.01884,1003.66
2514,-0.0738493,-0.591586,1003.93
2515,0.344119,0.815687,1004.15
2516,-0.0774461,-0.10896,1004.15
2517,0.436263,1.22808,1004.78
2518,0.208035,-1.14416,1006.61
2519,0.392245,-0.464311,1007.34
2520,0.235892,0.354935,1007.36
2521,0.088508,0.684337,1007.71
2522,0.247657,0.450837,1007.75
2523,0.344505,0.920746,1008.09
2524,0.59207,-0.0516306,1008.5
2525,-0.0653172,1.27249,1010.29
2526,0.219174,-1.28242,1012.54
2527,-0.0286019,-0.920688,1013.34
2528,0.17651,-0.571458,1013.9
2529,0.336714,0.266603,1013.9
2530,0.260249,0.729055,1014.12
2531,0.45703,0.335852,1014.14
2532,0.55728,1.0608,1014.39
2533,0.119549,-0.474663,1014.75
2534,0.180382,1.00281,1015.42
2535,-0.181094,-0.550288,1015.56
2536,0.170277,0.8769,1016.06
2537,0.0610283,-0.241621,1016.15
2538,0.50041,1.18134,1016.61
2539,0.183802,-1.02627,1018.08
2540,0.259102,-0.120109,1018.22
2541,0.235491,0.671924,1018.41
2542,0.138353,0.331893,1018.45
2543,0.263951,1.04736,1019.06
2544,0.312766,-0.436188,1019.62
2545,0.532791,1.04785,1019.89
2546,-0.114586,-0.668028,1020.2
2547,0.332819,0.689587,1020.32
2548,-0.0768663,0.133849,1020.37
2549,0.431214,1.18179,1020.93
2550,0.202515,-0.915139,1022.18
2551,0.410363,0.182068,1022.23
2552,0.258967,0.67905,1022.41
2553,0.0362496,0.409067,1022.55
2554,0.246128,0.969445,1023.07
2555,0.323166,-0.193032,1023.34
2556,0.471738,1.23867,1023.92
2557,-0.0439816,-1.20593,1025.27
2558,0.35485,-0.66436,1026.31
2559,-0.0424093,0.0202974,1026.32
2560,0.413548,0.800115,1026.47
2561,0.180559,0.109831,1026.47
2562,0.549128,1.22315,1026.93
2563,0.501332,-1.06157,1029.37
2564,0.00303909,-0.210767,1029.41
2565,0.137597,0.619336,1029.65
2566,0.0290613,0.399761,1029.78
2567,0.114816,0.962068,1030.5
2568,0.439892,-0.175877,1030.88
2569,0.545881,1.24531,1031.37
2570,-0.081572,-1.22389,1032.68
2571,0.199995,-0.723491,1033.53
2572,-0.0469863,-0.0999843,1033.53
2573,0.375441,0.768957,1033.69
2574,0.179746,0.142192,1033.69
2575,0.557071,1.20238,1034.1
2576,0.509048,-0.981351,1036.32
2577,0.00104705,0.012445,1036.33
2578,0.127343,0.705378,1036.66
2579,0.00288399,0.307152,1036.75
2580,0.105466,1.07953,1037.7
2581,0.417152,-0.539405,1038.62
2582,0.507073,0.916519,1038.78
2583,-0.0769588,-0.337833,1038.85
2584,0.244032,1.11517,1039.61
2585,-0.0499651,-0.842404,1040.24
2586,0.452737,0.34105,1040.25
2587,0.247262,0.584438,1040.36
2588,0.335939,0.62412,1040.45
2589,0.17944,0.629995,1040.65
2590,0.250866,0.631584,1040.8
2591,0.419899,0.630541,1040.84
2592,-0.0368392,0.632861,1041.29
2593,0.346153,0.628445,1041.37
2594,0.0250986,0.636938,1041.74
2595,0.323141,0.620567,1041.83
2596,0.22938,0.651936,1042.01
2597,0.335307,0.591141,1042.07
2598,0.219316,0.706355,1042.31
2599,0.271533,0.47883,1042.35
2600,0.291814,0.890917,1042.71
2601,0.290267,0.0324219,1042.78
2602,0.29954,1.2658,1043.71
2603,0.282898,-1.23344,1046.01
2604,0.315969,-0.750167,1047.15
2605,0.25642,-0.157881,1047.32
2606,0.38089,0.740053,1047.45
2607,0.20875,0.185886,1047.45
2608,0.541311,1.17364,1047.85
2609,0.591105,-0.872639,1049.99
2610,0.0861558,0.285993,1050.03
2611,0.130582,0.6237,1050.28
2612,-0.00855919,0.541196,1050.58
2613,0.0973007,0.777059,1051.04
2614,0.407276,0.317009,1051.05
2615,0.45971,1.09243,1051.45
2616,-0.0367277,-0.575648,1051.74
2617,0.233872,0.863809,1052.14
2618,0.014916,-0.217326,1052.19
2619,0.351224,1.19302,1052.9
2620,0.191289,-1.05781,1054.46
2621,0.51444,-0.208648,1054.98
2622,0.219049,0.621709,1055.14
2623,0.234501,0.396275,1055.17
2624,0.239979,0.966665,1055.7
2625,0.335045,-0.189336,1055.97
2626,0.523345,1.23981,1056.49
2627,-0.0679703,-1.20879,1057.79
2628,0.317348,-0.673694,1058.77
2629,-0.0744525,0.00195426,1058.78
2630,0.382846,0.797886,1058.95
2631,0.163888,0.109314,1058.95
2632,0.549144,1.22264,1059.41
2633,0.500495,-1.05998,1061.84
2634,-0.0151404,-0.206194,1061.88
2635,0.131684,0.622483,1062.12
2636,0.0252984,0.395662,1062.25
2637,0.112941,0.967577,1062.99
2638,0.437749,-0.191988,1063.38
2639,0.545339,1.23867,1063.86
2640,-0.0819267,-1.20562,1065.13
2641,0.201091,-0.663329,1065.87
2642,-0.0483556,0.022307,1065.88
2643,0.37822,0.800305,1066.06
2644,0.181336,0.110009,1066.06
2645,0.551163,1.22315,1066.51
2646,0.498633,-1.06153,1068.95
2647,-0.0182531,-0.21063,1068.98
2648,0.13321,0.619431,1069.22
2649,0.0284596,0.399638,1069.36
2650,0.114843,0.962235,1070.08
2651,0.440172,-0.176362,1070.46
2652,0.545838,1.24513,1070.94
2653,-0.0815501,-1.22338,1072.25
2654,0.200064,-0.721787,1073.1
2655,-0.046885,-0.0963806,1073.1
2656,0.375546,0.770459,1073.26
2657,0.179803,0.140036,1073.26
2658,0.556902,1.20368,1073.68
2659,0.508753,-0.986386,1075.91
2660,0.00047235,-0.00103413,1075.91
2661,0.127407,0.704083,1076.24
2662,0.00385777,0.305664,1076.34
2663,0.105659,1.08042,1077.29
2664,0.41817,-0.542537,1078.21
2665,0.509477,0.912041,1078.37
2666,-0.0779764,-0.327308,1078.43
2667,0.242655,1.12363,1079.21
2668,-0.0510759,-0.865754,1079.87
2669,0.451774,0.287747,1079.9
2670,0.248086,0.624356,1080.04
2671,0.333527,0.540576,1080.08
2672,0.177643,0.778196,1080.44
2673,0.255272,0.314348,1080.45
2674,0.429349,1.09512,1080.89
2675,-0.0467702,-0.584694,1081.18
2676,0.35503,0.849921,1081.43
2677,-0.00181147,-0.186721,1081.46
2678,0.366155,1.20617,1082.17
2679,0.164226,-1.09279,1083.75
2680,0.510707,-0.310006,1084.42
2681,0.221868,0.537618,1084.52
2682,0.227493,0.502351,1084.59
2683,0.236922,0.807986,1084.92
2684,0.343944,0.236727,1084.93
2685,0.541169,1.16394,1085.32
2686,-0.0565224,-0.825641,1085.91
2687,0.283707,0.394826,1085.92
2688,-0.0618814,0.534065,1086.28
2689,0.304545,0.719132,1086.45
2690,0.163914,0.436208,1086.53
2691,0.547852,0.949352,1086.69
2692,0.302132,-0.130914,1086.87
2693,0.0180993,1.26081,1088.42
2694,0.279225,-1.26478,1090.8
2695,0.116071,-0.861289,1091.76
2696,0.270695,-0.417979,1092.23
2697,0.369922,0.497024,1092.25
2698,0.260998,0.52876,1092.32
2699,0.447562,0.757686,1092.42
2700,0.593986,0.354906,1092.47
2701,0.0992289,1.05096,1093.38
2702,0.156049,-0.439865,1093.73
2703,-0.118192,1.04442,1095.09
2704,0.13418,-0.659085,1095.71
2705,0.186093,0.705174,1095.98
2706,0.28941,0.106097,1096.02
2707,0.363072,1.19579,1096.71
2708,0.184224,-0.97006,1098.04
2709,0.30097,0.0413147,1098.11
2710,0.324241,0.706592,1098.26
2711,0.0830325,0.313413,1098.31
2712,0.251858,1.07446,1098.99
2713,0.332399,-0.522224,1099.72
2714,0.497871,0.940533,1099.91
2715,-0.0629826,-0.39511,1100.02
2716,0.35478,1.0636,1100.53
2717,-0.069351,-0.702285,1100.93
2718,0.447996,0.628595,1100.96
2719,0.240334,0.236131,1100.96
2720,0.348835,1.11052,1101.54
2721,0.189869,-0.655709,1102.25
2722,0.222057,0.731219,1102.51
2723,0.368004,0.0547342,1102.61
2724,0.0413829,1.21517,1103.99
2725,0.288231,-1.05088,1105.78
2726,0.24022,-0.181531,1105.96
2727,0.359875,0.638602,1106.04
2728,0.125892,0.374604,1106.1
2729,0.265996,0.995121,1106.63
2730,0.292313,-0.273992,1106.95
2731,0.50225,1.19344,1107.43
2732,-0.0391656,-1.0762,1108.51
2733,0.321802,-0.263468,1108.85
2734,-0.077961,0.579958,1109.28
2735,0.387576,0.450069,1109.28
2736,0.188344,0.890401,1109.78
2737,0.513961,0.0250813,1110.02
2738,0.428777,1.26624,1110.72
2739,-0.0982353,-1.23718,1112.02
2740,0.261649,-0.763,1113.07
2741,-0.0204226,-0.186191,1113.09
2742,0.355734,0.722566,1113.23
2743,0.149928,0.2132,1113.23
2744,0.588041,1.15313,1113.55
2745,0.512708,-0.797645,1115.27
2746,0.0369613,0.455207,1115.44
2747,0.121473,0.470607,1115.56
2748,-0.0201876,0.826502,1116.28
2749,0.0972505,0.184834,1116.29
2750,0.393479,1.20012,1116.94
2751,0.428864,-0.96096,1118.87
2752,0.00702086,0.067216,1118.87
2753,0.200472,0.705387,1119.13
2754,0.11715,0.323566,1119.17
2755,0.232365,1.06504,1119.87
2756,0.480112,-0.490975,1120.81
2757,0.487407,0.982034,1121.05
2758,-0.0598599,-0.497441,1121.24
2759,0.306165,0.948184,1121.66
2760,-0.0078074,-0.407907,1121.82
2761,0.45673,1.05151,1122.17
2762,0.236815,-0.670321,1122.99
2763,0.373303,0.686391,1123.09
2764,0.212145,0.139318,1123.1
2765,0.160959,1.17874,1124.13
2766,0.288726,-0.903416,1125.55
2767,0.23335,0.210998,1125.55
2768,0.388521,0.666647,1125.63
2769,0.0206217,0.441114,1125.81
2770,0.272275,0.92758,1126.24
2771,0.278659,-0.0722326,1126.36
2772,0.457155,1.27097,1127.02
2773,-0.0377421,-1.28318,1128.57
2774,0.352841,-0.923875,1130.2
2775,-0.033864,-0.579917,1130.5
2776,0.398158,0.252013,1130.52
2777,0.171527,0.73711,1130.84
2778,0.582074,0.31494,1130.92
2779,0.545751,1.08227,1131.2
2780,0.108482,-0.545354,1131.63
2781,0.181239,0.908306,1132.16
2782,-0.184878,-0.318634,1132.18
2783,0.172299,1.13035,1133.1
2784,0.0554913,-0.884368,1133.98
2785,0.509052,0.244157,1134.05
2786,0.201999,0.651232,1134.25
2787,0.204899,0.479502,1134.33
2788,0.186405,0.873478,1134.8
2789,0.27474,0.0757015,1134.84
2790,0.439881,1.25402,1135.5
2791,-0.0531571,-1.17888,1136.77
2792,0.360966,-0.569467,1137.63
2793,-0.0198254,0.192325,1137.68
2794,0.397843,0.777375,1137.82
2795,0.146016,0.21166,1137.83
2796,0.581764,1.17049,1138.17
2797,0.480974,-0.854576,1139.96
2798,0.0176596,0.328728,1140.05
2799,0.150942,0.59234,1140.25
2800,0.0444979,0.607405,1140.57
2801,0.129231,0.661185,1140.85
2802,0.447161,0.570189,1140.86
2803,0.447836,0.743193,1140.95
2804,-0.0235846,0.397786,1141.13
2805,0.231944,1.00143,1141.72
2806,0.0553959,-0.284673,1141.84
2807,0.319762,1.18697,1142.59
2808,0.241821,-1.05787,1144.28
2809,0.375038,-0.210646,1144.62
2810,0.1655,0.620517,1144.83
2811,0.404353,0.397748,1144.83
2812,0.228347,0.964671,1145.37
2813,0.45848,-0.183501,1145.78
2814,0.500565,1.24226,1146.33
2815,-0.0560555,-1.21554,1147.68
2816,0.286985,-0.695885,1148.64
2817,-0.0244703,-0.042621,1148.64
2818,0.394225,0.788691,1148.8
2819,0.160167,0.116366,1148.8
2820,0.550648,1.21765,1149.25
2821,0.504351,-1.04083,1151.63
2822,-0.00814196,-0.151363,1151.65
2823,0.129122,0.655676,1151.93
2824,0.0168277,0.352716,1152.04
2825,0.109216,1.02253,1152.88
2826,0.430621,-0.357982,1153.5
2827,0.536043,1.12735,1153.85
2828,-0.0831207,-0.886673,1154.49
2829,0.215525,0.23754,1154.5
2830,-0.0534845,0.655003,1155
2831,0.408734,0.470622,1155
2832,0.20554,0.886422,1155.46
2833,0.466397,0.0411456,1155.65
2834,0.340158,1.26356,1156.5
2835,-0.0843289,-1.22286,1157.79
2836,0.325359,-0.714477,1158.88
2837,0.0236159,-0.0815276,1158.89
2838,0.412963,0.776351,1159.02
2839,0.143823,0.131732,1159.02
2840,0.583954,1.20861,1159.41
2841,0.507225,-1.00552,1161.7
2842,0.0511456,-0.0529057,1161.71
2843,0.126593,0.694426,1162.03
2844,0.0133134,0.309009,1162.12
2845,0.0997295,1.07465,1163.07
2846,0.43357,-0.524109,1163.99
2847,0.5207,0.937828,1164.16
2848,-0.0810813,-0.388562,1164.25
2849,0.23567,1.06998,1164.95
2850,-0.0540398,-0.719357,1165.39
2851,0.443609,0.596528,1165.42
2852,0.243034,0.286008,1165.42
2853,0.347977,1.06444,1165.93
2854,0.188023,-0.500435,1166.41
2855,0.220585,0.968721,1166.97
2856,0.372851,-0.46392,1167.67
2857,0.0303499,0.989306,1168.59
2858,0.29356,-0.509393,1169.23
2859,0.215626,0.933518,1169.75
2860,0.314229,-0.372857,1170.22
2861,0.24816,1.08542,1170.92
2862,0.319915,-0.761261,1172.09
2863,0.149369,0.514301,1172.22
2864,0.3025,0.401314,1172.23
2865,0.168084,0.928816,1172.81
2866,0.313102,-0.0873847,1172.97
2867,0.210404,1.26795,1174.09
2868,0.410791,-1.27701,1176.94
2869,-0.0349493,-0.902658,1177.69
2870,0.301755,-0.523811,1178.37
2871,0.148873,0.345073,1178.41
2872,0.249054,0.676151,1178.59
2873,0.463904,0.46347,1178.59
2874,0.657945,0.902119,1178.65
2875,0.0551831,-0.000305344,1178.65
2876,0.157461,1.27064,1179.89
2877,-0.166156,-1.26041,1181.09
2878,0.160705,-0.842904,1182.1
2879,0.0900378,-0.372806,1182.31
2880,0.436828,0.55255,1182.33
2881,0.123794,0.460721,1182.44
2882,0.464624,0.868595,1182.6
2883,0.540791,0.0819758,1182.81
2884,0.0957548,1.25117,1184.15
2885,0.144112,-1.16701,1185.87
2886,-0.0957023,-0.531313,1186.06
2887,0.119173,0.254688,1186.08
2888,0.240426,0.749794,1186.33
2889,0.266886,0.289339,1186.34
2890,0.452444,1.10773,1186.76
2891,0.474609,-0.631105,1187.99
2892,-0.0220214,0.774709,1188.62
2893,0.154382,-0.0295758,1188.66
2894,0.0394281,1.23119,1190.08
2895,0.143666,-1.13103,1191.7
2896,0.422903,-0.421554,1192.41
2897,0.364741,0.411901,1192.42
2898,0.133915,0.636006,1192.67
2899,0.162178,0.557265,1192.82
2900,0.344154,0.756039,1192.99
2901,0.55656,0.366946,1193.03
2902,-0.0235138,1.0383,1194.16
2903,0.241528,-0.399216,1194.57
2904,-0.0394211,1.08837,1195.84
2905,0.204001,-0.778126,1196.8
2906,0.282223,0.478838,1196.84
2907,0.286141,0.445562,1196.87
2908,0.362375,0.865715,1197.12
2909,0.189209,0.0844213,1197.13
2910,0.374783,1.24974,1197.9
2911,0.375922,-1.16125,1200.26
2912,0.0109002,-0.512989,1200.54
2913,0.289761,0.283204,1200.54
2914,0.1657,0.733817,1200.86
2915,0.255508,0.331078,1200.86
2916,0.469119,1.06669,1201.22
2917,0.586225,-0.493627,1202.39
2918,-0.0387967,0.978872,1203.42
2919,0.154436,-0.489555,1203.84
2920,0.0355113,0.958132,1204.69
2921,0.152179,-0.43209,1205.03
2922,0.406049,1.02606,1205.42
2923,0.325748,-0.603537,1206.28
2924,0.241587,0.797858,1206.59
2925,0.22199,-0.0722687,1206.67
2926,0.179589,1.23205,1207.78
2927,0.296045,-1.14679,1209.86
2928,0.219629,-0.471568,1210.34
2929,0.368122,0.344636,1210.34
2930,0.0652503,0.692246,1210.74
2931,0.270934,0.432505,1210.76
2932,0.305923,0.945789,1211.17
2933,0.583742,-0.122573,1211.67
2934,-0.0581107,1.2627,1213.41
2935,0.216645,-1.26896,1215.62
2936,-0.0273097,-0.875547,1216.34
2937,0.170187,-0.453902,1216.73
2938,0.34834,0.448898,1216.74
2939,0.264526,0.581716,1216.84
2940,0.443338,0.660919,1216.89
2941,0.550113,0.562976,1216.89
2942,0.0920786,0.754557,1217.33
2943,0.159406,0.371794,1217.37
2944,-0.134351,1.03284,1218.74
2945,0.143442,-0.381935,1219.01
2946,0.149818,1.10563,1219.92
2947,0.33034,-0.825961,1221.26
2948,0.246488,0.376592,1221.28
2949,0.160087,0.553662,1221.43
2950,0.377188,0.683819,1221.53
2951,0.234281,0.511446,1221.6
2952,0.398839,0.838938,1221.8
2953,0.396196,0.168089,1221.85
2954,-0.0137733,1.21213,1223.35
2955,0.311214,-1.00652,1225.09
2956,0.0929544,-0.0546821,1225.11
2957,0.305581,0.693857,1225.26
2958,0.294692,0.309582,1225.26
2959,0.254005,1.07398,1225.93
2960,0.447708,-0.521931,1226.87
2961,0.444517,0.940818,1227.12
2962,-0.000917945,-0.395772,1227.28
2963,0.311004,1.06296,1227.84
2964,-0.0167695,-0.700555,1228.31
2965,0.448321,0.631798,1228.34
2966,0.244591,0.230998,1228.34
2967,0.34999,1.11484,1228.93
2968,0.189377,-0.670701,1229.67
2969,0.216446,0.704674,1229.91
2970,0.366378,0.103598,1229.98
2971,0.0422393,1.19638,1231.31
2972,0.287703,-0.972765,1232.9
2973,0.242567,0.0341323,1232.94
2974,0.364899,0.706539,1233.06
2975,0.114161,0.311362,1233.1
2976,0.267335,1.07624,1233.75
2977,0.282171,-0.528191,1234.41
2978,0.463007,0.932292,1234.63
2979,-0.0296599,-0.375292,1234.75
2980,0.361134,1.08251,1235.27
2981,-0.0706245,-0.753134,1235.73
2982,0.447986,0.530656,1235.74
2983,0.241818,0.379825,1235.76
2984,0.344226,0.957223,1236.13
2985,0.186108,-0.168839,1236.26
2986,0.232617,1.24726,1237.29
2987,0.385805,-1.22856,1239.9
2988,0.0100514,-0.73894,1240.46
2989,0.306541,-0.133014,1240.65
2990,0.161617,0.753548,1241
2991,0.255307,0.165127,1241.01
2992,0.442,1.18789,1241.57
2993,0.629929,-0.92598,1243.99
2994,-0.0128171,0.155952,1244.01
2995,0.120046,0.688156,1244.34
2996,-0.00807217,0.383803,1244.49
2997,0.103741,1.00022,1245.29
2998,0.406659,-0.285477,1245.77
2999,0.481379,1.18597,1246.27
