t,predict_test,teacher
501,0.716012,0.550643,0.027347
502,0.062605,0.776757,0.53736
503,0.541288,0.320502,0.586106
504,1.20274,1.08922,0.598994
505,-0.311391,-0.564801,0.66321
506,0.712443,0.880165,0.691341
507,-0.731039,-0.254006,0.918901
508,0.0256084,1.17372,2.23707
509,-0.102297,-1.00488,3.05172
510,0.488912,-0.0615716,3.35475
511,0.482432,0.693229,3.39919
512,0.174563,0.308735,3.41719
513,1.24653,1.07452,3.44677
514,-0.240361,-0.523825,3.52712
515,1.45921,0.938208,3.79857
516,-0.47588,-0.389475,3.80603
517,1.21624,1.0691,3.82768
518,0.000488779,-0.716994,4.34246
519,0.72543,0.601016,4.35794
520,-0.0562482,0.279193,4.47046
521,0.810168,1.07118,4.53859
522,-0.349989,-0.522628,4.56839
523,0.638448,0.938957,4.6587
524,-0.303867,-0.391084,4.66631
525,0.272918,1.06756,5.29777
526,-0.129016,-0.712889,5.63867
527,0.717122,0.608773,5.65041
528,0.0200643,0.267287,5.71153
529,0.843002,1.08261,5.76894
530,-0.379692,-0.560684,5.8017
531,0.639251,0.884671,5.86193
532,-0.300878,-0.263905,5.8633
533,0.330489,1.1679,6.56455
534,-0.101092,-0.988749,7.35249
535,0.601695,-0.0183049,7.73689
536,0.397847,0.702906,7.82995
537,0.196041,0.3028,7.84135
538,1.23319,1.08251,7.86405
539,-0.161072,-0.549714,8.0151
540,1.345,0.901692,8.21162
541,-0.614734,-0.303183,8.30868
542,1.13428,1.14182,8.30874
543,-0.164367,-0.916208,8.87401
544,0.746523,0.167333,9.20947
545,0.162667,0.685937,9.48328
546,0.250892,0.391486,9.50304
547,0.965065,0.991215,9.50373
548,0.131921,-0.258064,9.65582
549,0.814518,1.20413,9.80761
550,-1.10361,-1.10732,9.80763
551,-0.429097,-0.355367,9.81306
552,0.286664,0.491005,9.85482
553,0.500938,0.555869,9.85784
554,0.651829,0.714715,9.86179
555,0.264186,0.451616,9.89692
556,0.477743,0.928875,10.1004
557,-0.0830903,-0.0724465,10.1006
558,0.57916,1.27131,10.5796
559,-0.344108,-1.28447,11.4639
560,0.139588,-0.928417,12.6045
561,0.284445,-0.592082,13.3728
562,0.494856,0.23069,13.4426
563,0.548888,0.747871,13.4822
564,0.338689,0.286172,13.485
565,0.899067,1.10971,13.5294
566,-0.225268,-0.638183,13.6999
567,0.227597,0.762725,13.9862
568,0.048137,-0.00590313,13.9891
569,0.439703,1.22877,14.6118
570,-0.596182,-1.11559,14.8815
571,0.83435,-0.373733,16.341
572,0.822671,0.469775,16.4655
573,0.44454,0.578916,16.4836
574,0.503746,0.671731,16.5118
575,0.666063,0.541963,16.5272
576,0.275454,0.790307,16.7923
577,0.38217,0.288171,16.8011
578,0.813012,1.12083,16.8959
579,-0.217772,-0.672322,17.1025
580,0.523854,0.703427,17.1347
581,-0.891429,0.10557,18.1288
582,0.0521255,1.19543,19.4359
583,0.0466141,-0.968986,20.4673
584,0.355811,0.0441194,20.5645
585,0.808823,0.706579,20.5749
586,0.0527884,0.31428,20.6433
587,0.345809,1.07369,21.1731
588,0.0455935,-0.519658,21.4926
589,1.27672,0.944045,21.6033
590,-0.485723,-0.403607,21.6101
591,0.909179,1.05515,21.6314
592,-0.320634,-0.679775,21.7603
593,0.635598,0.669615,21.7615
594,-0.0798399,0.16833,21.8231
595,0.89687,1.16122,21.893
596,-0.493943,-0.83729,22.0109
597,0.583774,0.366888,22.0579
598,-0.150664,0.560364,22.5635
599,0.378078,0.670456,22.6489
600,0.365345,0.538793,22.679
601,0.396533,0.79472,22.8376
602,-0.295726,0.277426,23.1661
603,1.30416,1.13066,23.1962
604,-0.0207549,-0.706536,23.6665
605,0.0308394,0.640329,24.038
606,-0.761701,0.214009,24.99
607,0.107114,1.12798,26.0321
608,0.130078,-0.717069,26.7498
609,0.339651,0.618531,26.8276
610,0.51855,0.249267,26.9001
611,0.785644,1.09857,26.998
612,0.0502299,-0.614823,27.4403
613,0.544706,0.800361,27.5057
614,0.686365,-0.0812563,28.0949
615,0.740126,1.23086,28.3357
616,-0.0483941,-1.14542,29.5392
617,0.383454,-0.46751,30.2633
618,0.93459,0.350383,30.6046
619,0.821186,0.687871,30.6224
620,0.220824,0.442682,30.6716
621,0.00835632,0.932008,31.5248
622,-0.323862,-0.0832892,31.5826
623,1.27218,1.26989,31.5826
624,-0.936,-1.28266,31.7028
625,-0.509604,-0.922325,31.8731
626,0.229138,-0.575755,32.521
627,0.25224,0.259212,32.521
628,0.529665,0.733207,32.5625
629,0.313562,0.325135,32.5626
630,0.683788,1.07196,32.7133
631,-0.217936,-0.511211,32.7993
632,0.567358,0.955718,32.9501
633,-0.0170043,-0.43212,33.1224
634,0.909629,1.0253,33.1358
635,-0.66777,-0.601363,33.1402
636,0.514194,0.801297,33.2227
637,-0.0194031,-0.0793157,33.2262
638,1.03565,1.23158,33.2646
639,-0.612289,-1.14731,33.5509
640,0.296137,-0.473359,34.143
641,0.681928,0.342113,34.2585
642,0.570591,0.694135,34.2737
643,0.111174,0.428081,34.3742
644,0.050423,0.951686,35.1864
645,-0.31663,-0.139564,35.2178
646,1.22972,1.25824,35.2186
647,-0.909852,-1.25829,35.34
648,-0.478855,-0.839146,35.4698
649,0.23748,-0.363319,35.8308
650,0.178009,0.563456,35.9794
651,0.39512,0.446529,35.982
652,0.527073,0.889893,36.1136
653,-0.315069,0.0252855,36.2295
654,0.839282,1.26607,36.4116
655,-1.02353,-1.23653,36.457
656,0.00578445,-0.76079,37.0446
657,-0.00505706,-0.181281,37.0757
658,0.412516,0.725755,37.1738
659,0.340204,0.208207,37.1912
660,0.885557,1.15704,37.2649
661,-0.611024,-0.811763,37.3052
662,0.995697,0.424568,37.6314
663,0.601655,0.50411,37.6409
664,0.321426,0.771592,37.8436
665,0.614273,0.317737,37.9315
666,0.608397,1.09014,38.1636
667,-0.272529,-0.568441,38.2512
668,0.900745,0.874666,38.2518
669,-0.236671,-0.241589,38.2519
670,0.599741,1.18069,38.5894
671,-0.085036,-1.02411,39.4712
672,0.628016,-0.11412,40.022
673,0.45722,0.674534,40.0692
674,0.205337,0.32877,40.0845
675,1.22325,1.05103,40.1141
676,-0.321294,-0.447912,40.1301
677,1.55841,1.03443,40.4047
678,-0.389855,-0.632451,40.4635
679,0.400751,0.750339,40.5858
680,0.192735,0.0220526,40.6149
681,0.528542,1.22442,41.0991
682,-0.19502,-1.09227,41.9042
683,-0.0349374,-0.302959,41.976
684,0.428027,0.54382,41.9894
685,0.670116,0.495076,42.0201
686,0.382388,0.820006,42.2116
687,0.124849,0.207149,42.2184
688,0.510364,1.18593,42.6748
689,-0.981872,-0.906847,42.6804
690,0.28846,0.204458,42.6874
691,0.0689311,0.669422,43.048
692,0.652086,0.433962,43.0956
693,0.872009,0.937174,43.0999
694,0.55033,-0.0994249,43.522
695,0.897728,1.26731,43.6586
696,-1.55082,-1.27834,43.7329
697,-1.01602,-0.907627,43.7446
698,0.18537,-0.536805,44.2662
699,0.473434,0.324288,44.2884
700,0.476439,0.691731,44.3347
701,0.332075,0.427399,44.3438
702,0.359987,0.951782,44.6941
703,-0.112466,-0.140024,44.6948
704,1.15623,1.25809,44.7052
705,-1.09711,-1.2579,44.731
706,-0.190996,-0.8378,45.1494
707,0.299759,-0.360042,45.5847
708,0.0940167,0.567177,45.8086
709,0.380348,0.441621,45.8124
710,0.52867,0.897112,45.9481
711,-0.324143,0.00575217,46.057
712,0.852757,1.26909,46.2303
713,-1.04469,-1.25309,46.2737
714,-0.101167,-0.817602,46.787
715,-0.00323214,-0.31179,46.8822
716,0.41131,0.618621,46.9252
717,0.381031,0.370694,46.9253
718,1.06818,0.993207,46.9309
719,-0.0856312,-0.269837,46.9648
720,1.08224,1.19603,46.9778
721,-0.955816,-1.08362,46.9941
722,-1.22613,-0.285115,47.8796
723,0.29359,0.561108,47.9512
724,0.331721,0.473687,47.9713
725,0.725257,0.854201,47.988
726,0.0430136,0.120582,47.994
727,0.896692,1.2359,48.1091
728,-1.18688,-1.10227,48.1162
729,0.254735,-0.330224,48.4584
730,0.0612061,0.516652,48.6658
731,0.681263,0.527232,48.6895
732,0.717439,0.765833,48.6919
733,0.0772348,0.337069,48.7594
734,0.236165,1.07069,49.4558
735,-0.330999,-0.5038,49.4857
736,0.390262,0.965866,49.817
737,-0.168194,-0.457195,49.9005
738,0.120671,0.997121,50.6687
739,0.0330236,-0.52911,50.9847
740,0.58619,0.907196,51.0877
741,0.00663326,-0.31094,51.1886
742,1.10154,1.1368,51.1898
743,-0.518525,-0.902527,51.3373
744,0.277614,0.200663,51.3432
745,0.554789,0.67287,51.3572
746,0.735759,0.426344,51.4529
747,0.756811,0.947384,51.4892
748,0.219079,-0.128649,51.6101
749,0.734847,1.26104,51.887
750,-1.48042,-1.26492,51.9334
751,-0.933295,-0.861724,51.9386
752,0.185183,-0.419072,52.3037
753,0.449341,0.495613,52.3058
754,0.407044,0.530393,52.321
755,0.449617,0.754841,52.4142
756,-0.148963,0.361419,52.6747
757,0.547175,1.04358,52.9211
758,-0.161978,-0.416253,52.9858
759,0.293464,1.0705,53.5896
760,0.250896,-0.729235,54.5502
761,0.0655811,0.576653,54.8114
762,0.143363,0.315689,54.8411
763,0.642135,1.03347,54.9942
764,0.209243,-0.400585,55.3661
765,0.0847728,1.08539,56.3674
766,-0.301345,-0.769463,56.5865
767,0.0374314,0.496714,56.7974
768,-0.144074,0.423747,57.1199
769,0.400262,0.897628,57.3672
770,0.222433,-0.000906481,57.4171
771,0.312114,1.26929,58.3333
772,-0.202393,-1.2558,59.443
773,-0.56603,-0.827054,59.5111
774,-0.604117,-0.334366,59.5839
775,0.177393,0.595363,59.7586
776,0.572515,0.403451,59.7871
777,1.13971,0.950727,59.8229
778,0.0919453,-0.1444,59.8787
779,1.01636,1.25603,59.9362
780,-1.11577,-1.25196,59.9547
781,-1.04004,-0.817568,60.0042
782,0.155063,-0.311373,60.2218
783,0.540724,0.618995,60.2279
784,0.358016,0.370171,60.228
785,0.555709,0.993861,60.42
786,-0.460955,-0.271811,60.4558
787,0.986388,1.19472,60.4992
788,-0.917333,-1.07986,60.5256
789,-1.22952,-0.274106,61.4384
790,0.295084,0.570855,61.5145
791,0.327112,0.461542,61.5325
792,0.732601,0.873027,61.5523
793,0.0169047,0.0714155,61.5552
794,0.954963,1.25477,61.6451
795,-1.25495,-1.18279,61.6503
796,0.199839,-0.582175,62.2619
797,-0.00976629,0.170663,62.2944
798,0.598043,0.784571,62.3292
799,0.451017,0.189425,62.3976
800,0.668859,1.18514,62.6642
801,-0.646346,-0.909541,62.7335
802,-0.130023,0.197371,62.8406
803,0.376904,0.6726,62.9281
804,0.423979,0.425863,62.9281
805,0.895149,0.947877,62.9309
806,0.306153,-0.130099,63.1212
807,0.69031,1.26067,63.4465
808,-1.55771,-1.26402,63.5327
809,-1.04721,-0.858656,63.5683
810,0.201484,-0.411414,63.9439
811,0.455998,0.505437,63.9464
812,0.403175,0.518923,63.9598
813,0.456733,0.774638,64.0608
814,-0.173284,0.315587,64.2998
815,0.592242,1.09296,64.5505
816,-0.322216,-0.577705,64.6158
817,0.358111,0.860647,64.8684
818,0.215193,-0.21031,65.0494
819,0.248609,1.19627,65.9475
820,-0.0347344,-1.06658,67.0122
821,0.561626,-0.233763,67.6448
822,0.553302,0.603521,67.6474
823,0.343995,0.419938,67.6531
824,1.04704,0.934169,67.6659
825,-0.124167,-0.0957604,67.6667
826,1.43203,1.26741,67.6938
827,-0.995226,-1.2776,67.7735
828,-0.293762,-0.904933,68.147
829,-0.310007,-0.529745,68.1953
830,0.415814,0.335639,68.2018
831,0.531025,0.683362,68.225
832,0.314905,0.446915,68.2424
833,0.370996,0.925382,68.5497
834,-0.0584564,-0.0647914,68.5498
835,1.20838,1.27174,68.5538
836,-1.28909,-1.28368,68.5538
837,-0.249724,-0.925449,69.0104
838,0.270735,-0.584144,69.7412
839,0.236328,0.244652,69.7413
840,0.521208,0.74096,69.7896
841,0.37873,0.304764,69.7951
842,0.99526,1.09225,69.8045
843,-0.166922,-0.578798,69.9741
844,0.390383,0.858666,70.1934
845,0.0467387,-0.205869,70.2572
846,0.745972,1.19826,70.4618
847,-0.723726,-1.07193,70.583
848,0.697429,-0.249181,71.4791
849,0.49847,0.591492,71.4878
850,0.381171,0.435438,71.4907
851,1.01013,0.911999,71.5003
852,-0.0152867,-0.0338066,71.5007
853,1.35867,1.272,71.5082
854,-1.02306,-1.27532,71.5718
855,-0.0843775,-0.89541,72.2296
856,-0.24563,-0.505059,72.2969
857,0.438056,0.374258,72.301
858,0.568952,0.652385,72.3079
859,0.806071,0.516429,72.3918
860,0.994055,0.822338,72.4213
861,0.235836,0.208193,72.4221
862,1.21608,1.18602,72.423
863,-1.45446,-0.90684,72.7229
864,-0.364749,0.204504,73.0469
865,-0.284259,0.669397,73.9564
866,0.625034,0.434021,73.9929
867,0.844483,0.937095,74.0014
868,0.613992,-0.0991999,74.5101
869,0.909118,1.26735,74.6384
870,-1.55049,-1.27841,74.7124
871,-1.01634,-0.907868,74.7242
872,0.185251,-0.537437,75.2465
873,0.473668,0.323265,75.2691
874,0.476913,0.692468,75.3156
875,0.331346,0.425662,75.3245
876,0.364169,0.954077,75.6725
877,-0.114865,-0.146668,75.6735
878,1.15044,1.25611,75.6846
879,-1.07783,-1.25293,75.7153
880,-0.181826,-0.820923,76.1237
881,0.297002,-0.319357,76.5036
882,0.0897729,0.610939,76.7753
883,0.365156,0.381649,76.7755
884,0.579242,0.979364,76.9356
885,-0.433225,-0.22832,76.9776
886,0.977391,1.22083,77.0369
887,-0.987385,-1.15508,77.065
888,-1.30259,-0.501654,77.7065
889,0.274666,0.301156,77.7072
890,0.429626,0.722531,77.793
891,0.530529,0.359475,77.8222
892,0.791801,1.03585,77.8818
893,-0.511088,-0.39433,77.8954
894,1.25634,1.09306,77.9221
895,-0.497251,-0.790991,78.0084
896,-0.0775459,0.451985,78.2888
897,-0.160566,0.476696,78.6949
898,0.320459,0.81746,78.9419
899,0.364944,0.207471,78.9667
900,0.448139,1.18498,79.5096
901,-0.0188409,-0.903595,80.2924
902,0.0502514,0.212416,80.3187
903,0.0997747,0.665753,80.639
904,0.491078,0.443207,80.6413
905,0.842198,0.924721,80.6481
906,0.520825,-0.0641895,80.9904
907,0.824017,1.27165,81.1908
908,-1.55273,-1.28318,81.2634
909,-0.932815,-0.923678,81.2635
910,0.169688,-0.579406,81.8246
911,0.524641,0.2529,81.8985
912,0.51622,0.736636,81.9471
913,0.376704,0.316184,81.9507
914,0.988446,1.08103,81.9593
915,-0.148339,-0.541219,82.1137
916,0.486853,0.914224,82.2963
917,0.0195931,-0.332494,82.4203
918,0.867191,1.11949,82.4839
919,-0.714158,-0.854322,82.5036
920,0.595988,0.314035,82.5831
921,0.177221,0.605638,82.7666
922,0.383002,0.580694,82.8057
923,0.548379,0.709603,82.8317
924,0.33822,0.469257,82.8489
925,0.496342,0.904598,83.0155
926,0.135468,-0.00483996,83.0352
927,0.717637,1.27135,83.3418
928,-0.432902,-1.2643,84.033
929,0.394083,-0.856444,85.5969
930,0.109847,-0.406185,85.8631
931,0.646244,0.512086,85.8811
932,0.384622,0.51102,85.8971
933,1.09464,0.788028,85.9911
934,0.347069,0.283923,85.9951
935,0.757178,1.12355,86.1293
936,-0.460738,-0.682138,86.1784
937,0.397802,0.685629,86.2612
938,0.187625,0.137238,86.2638
939,0.389519,1.17932,86.8875
940,0.11687,-0.905945,87.9337
941,0.43496,0.204765,87.9867
942,0.707237,0.669516,87.9881
943,0.221835,0.433876,88.0331
944,0.202575,0.937307,88.5729
945,-0.267909,-0.0997986,88.6012
946,0.358488,1.26725,89.427
947,-1.4774,-1.27823,89.4667
948,-1.03693,-0.907229,89.4835
949,0.18692,-0.535759,90.0058
950,0.472014,0.325978,90.0271
951,0.475662,0.690506,90.0732
952,0.333296,0.430276,90.0826
953,0.353095,0.947959,90.4365
954,-0.108466,-0.128995,90.4369
955,1.16548,1.26109,90.4461
956,-1.12836,-1.26519,90.4648
957,-0.204558,-0.862674,90.8979
958,0.302402,-0.421446,91.4219
959,0.103858,0.492534,91.5729
960,0.408838,0.53394,91.5886
961,0.464659,0.748631,91.6692
962,-0.141275,0.375554,91.9363
963,0.5333,1.02713,92.1802
964,-0.110523,-0.364334,92.2446
965,0.271916,1.1223,92.9678
966,0.258764,-0.872694,94.248
967,0.0247172,0.270458,94.3084
968,0.249469,0.635785,94.4576
969,0.675147,0.515225,94.4832
970,0.597338,0.819096,94.5324
971,0.540648,0.215282,94.6382
972,0.703549,1.18084,94.866
973,-0.949055,-0.887565,94.8698
974,0.118341,0.251374,94.8875
975,-0.220733,0.645266,95.6375
976,0.488494,0.492496,95.6375
977,0.799752,0.854006,95.6404
978,0.681624,0.126692,95.9484
979,0.56097,1.23373,96.401
980,-1.24288,-1.09292,96.4235
981,-0.070249,-0.302144,96.4773
982,-0.00887427,0.544317,96.7833
983,0.866222,0.494564,96.9214
984,0.745898,0.820864,96.927
985,-0.016548,0.205023,96.9761
986,0.365971,1.18741,97.6509
987,-0.804965,-0.912416,97.6624
988,0.312519,0.19072,97.6773
989,0.0735132,0.675352,98.0395
990,0.659619,0.418676,98.0975
991,0.884568,0.9572,98.1028
992,0.515936,-0.157122,98.5558
993,0.995887,1.2526,98.6217
994,-1.50636,-1.24374,98.6907
995,-1.03879,-0.789858,98.7526
996,0.218356,-0.246548,98.9688
997,0.458458,0.677942,99.017
998,0.355302,0.282588,99.0222
999,0.666836,1.09158,99.2027
1000,-0.610988,-0.583402,99.2034
1001,0.953608,0.850975,99.214
1002,0.00399488,-0.188842,99.2511
1003,1.93646,1.20537,99.7856
1004,-0.424285,-1.09072,100.23
1005,0.778431,-0.303943,101.401
1006,0.533206,0.543448,101.401
1007,0.496866,0.495346,101.401
1008,0.857817,0.819519,101.403
1009,0.559284,0.208348,101.526
1010,0.964918,1.18508,101.575
1011,-0.747622,-0.903688,101.599
1012,0.286629,0.212213,101.604
1013,0.0692323,0.665846,101.96
1014,0.643728,0.442973,102.001
1015,0.864488,0.925039,102.004
1016,0.568127,-0.0650831,102.405
1017,0.841358,1.27158,102.59
1018,-1.55276,-1.28321,102.663
1019,-0.936002,-0.923812,102.663
1020,0.170045,-0.579764,103.225
1021,0.522943,0.25228,103.299
1022,0.516253,0.736968,103.347
1023,0.369495,0.315314,103.35
1024,0.976215,1.0819,103.361
1025,-0.152898,-0.544111,103.515
1026,0.480064,0.910091,103.699
1027,0.0224913,-0.322804,103.819
1028,0.860453,1.12714,103.89
1029,-0.716973,-0.875475,103.915
1030,0.603953,0.265103,104.03
1031,0.20055,0.638966,104.222
1032,0.3261,0.507942,104.255
1033,0.701285,0.830482,104.272
1034,0.276686,0.186802,104.28
1035,0.603459,1.20029,104.636
1036,-1.11182,-0.96094,104.659
1037,0.0377265,0.0673189,104.66
1038,-0.152826,0.705373,105.396
1039,0.640502,0.323623,105.497
1040,0.943605,1.06499,105.511
1041,0.156545,-0.490789,105.93
1042,1.67036,0.982273,106.404
1043,-0.580758,-0.49804,106.411
1044,0.660627,0.947421,106.493
1045,-0.0666521,-0.40606,106.608
1046,0.558638,1.05339,106.853
1047,-0.187849,-0.675293,107.09
1048,1.01511,0.677588,107.204
1049,-0.0823415,0.154637,107.261
1050,0.814401,1.1698,107.387
1051,-0.565417,-0.86941,107.479
1052,0.528563,0.292715,107.535
1053,-0.11247,0.619222,108.07
1054,0.374234,0.551005,108.101
1055,0.433086,0.760718,108.209
1056,0.0429227,0.355134,108.306
1057,-0.0875431,1.05165,109.604
1058,-0.263313,-0.441807,109.636
1059,0.991893,1.04222,109.638
1060,-0.402346,-0.653262,109.701
1061,-0.0714073,0.715215,110.32
1062,0.020266,0.0878764,110.325
1063,0.55913,1.20375,110.74
1064,0.0605207,-1.00227,111.87
1065,-0.0722147,-0.0452308,111.871
1066,0.217675,0.696456,112.1
1067,0.502858,0.30736,112.138
1068,0.659222,1.07668,112.312
1069,0.417364,-0.530722,113.211
1070,1.57745,0.928671,113.632
1071,-0.418457,-0.366619,113.635
1072,1.29507,1.09043,113.677
1073,0.00426992,-0.774633,114.283
1074,0.748138,0.48705,114.351
1075,-0.00178475,0.435506,114.543
1076,0.641109,0.880583,114.6
1077,-0.0249356,0.0450536,114.605
1078,0.552512,1.26133,115.107
1079,-0.0619777,-1.21383,116.434
1080,-0.496907,-0.684338,116.469
1081,-0.530123,-0.0197941,116.73
1082,0.0681317,0.79415,117.257
1083,0.579924,0.111117,117.477
1084,0.717562,1.22096,117.73
1085,-0.833872,-1.0537,117.778
1086,0.068539,-0.188117,117.844
1087,0.848178,0.634346,117.89
1088,-0.0140564,0.380212,118.045
1089,-0.144879,0.987918,119.329
1090,-0.0255604,-0.252312,119.38
1091,1.27872,1.20725,119.385
1092,-1.18812,-1.11613,119.39
1093,-0.3196,-0.381859,119.394
1094,0.228682,0.461019,119.448
1095,0.395827,0.587888,119.485
1096,0.604514,0.654448,119.488
1097,0.335804,0.576744,119.546
1098,0.291612,0.730647,119.738
1099,0.477838,0.42564,119.741
1100,0.71513,0.965557,119.804
1101,-0.0947943,-0.177528,119.811
1102,0.589487,1.24554,120.241
1103,-0.712981,-1.22519,120.503
1104,0.137541,-0.727868,121.252
1105,0.376635,-0.109266,121.488
1106,0.604944,0.764925,121.514
1107,0.399076,0.148066,121.577
1108,0.930782,1.19878,121.649
1109,-0.881382,-0.967499,121.656
1110,0.107448,0.0491597,121.66
1111,0.542867,0.706367,121.686
1112,0.0760516,0.316212,121.744
1113,0.445542,1.07192,122.136
1114,-0.239166,-0.513767,122.212
1115,1.1604,0.952039,122.255
1116,-0.528986,-0.423059,122.266
1117,0.856554,1.03504,122.298
1118,-0.273826,-0.626752,122.423
1119,0.62093,0.760567,122.442
1120,-0.112911,0.00212668,122.456
1121,1.00362,1.22816,122.506
1122,-0.603554,-1.1111,122.764
1123,0.386796,-0.359921,123.321
1124,0.424492,0.485309,123.325
1125,0.687092,0.562289,123.341
1126,0.256945,0.702956,123.539
1127,0.441141,0.476882,123.541
1128,0.260815,0.892504,123.94
1129,0.113731,0.027875,123.947
1130,0.723734,1.26666,124.242
1131,-0.343926,-1.23785,125.041
1132,0.250685,-0.765177,126.073
1133,-0.0735703,-0.191049,126.087
1134,0.646388,0.719347,126.092
1135,0.302229,0.218241,126.099
1136,0.878513,1.14912,126.172
1137,-0.600057,-0.783207,126.206
1138,1.04267,0.485958,126.516
1139,0.563283,0.43442,126.532
1140,0.413427,0.881578,126.752
1141,0.425809,0.0422747,126.899
1142,0.644988,1.26197,127.279
1143,-0.0765998,-1.21692,128.58
1144,-0.289572,-0.694654,128.744
1145,-0.82656,-0.040637,129.361
1146,0.108168,0.789292,129.825
1147,0.596437,0.115634,130.057
1148,0.73904,1.21807,130.286
1149,-0.828791,-1.04247,130.332
1150,0.199055,-0.156033,130.458
1151,0.736674,0.653173,130.465
1152,0.229472,0.355901,130.481
1153,-0.0465643,1.01862,131.615
1154,-0.0335399,-0.34585,131.713
1155,1.37639,1.13813,131.77
1156,-0.918211,-0.917226,131.77
1157,0.0426806,0.163613,131.784
1158,0.549678,0.687355,131.803
1159,0.37247,0.387644,131.803
1160,0.607906,0.995831,131.954
1161,0.219945,-0.272059,132.196
1162,1.02567,1.19513,132.225
1163,-0.995414,-1.08128,132.232
1164,-0.302393,-0.278288,132.233
1165,0.298858,0.567194,132.305
1166,0.500598,0.46612,132.306
1167,0.717671,0.865983,132.328
1168,0.0445231,0.0899385,132.33
1169,0.943301,1.24847,132.423
1170,-1.23469,-1.15517,132.429
1171,0.22764,-0.493638,132.95
1172,0.0221413,0.3123,133.034
1173,0.632999,0.715365,133.041
1174,0.528938,0.377244,133.064
1175,0.608959,1.01537,133.229
1176,-0.389616,-0.330197,133.232
1177,1.04217,1.15197,133.244
1178,-0.665594,-0.956906,133.329
1179,-0.211453,0.0636549,133.405
1180,-0.0212037,0.707256,133.936
1181,0.282614,0.318802,133.937
1182,0.735642,1.06989,134.049
1183,0.0227253,-0.506885,134.329
1184,1.28346,0.961262,134.433
1185,-0.264814,-0.445699,134.466
1186,0.789841,1.01027,134.514
1187,-0.112198,-0.562618,134.717
1188,0.592344,0.859926,134.789
1189,-0.13961,-0.204048,134.793
1190,1.08044,1.19969,134.807
1191,-0.588325,-1.07617,135.045
1192,0.230819,-0.261481,135.287
1193,0.799582,0.581429,135.335
1194,0.369858,0.448272,135.341
1195,1.0375,0.893101,135.362
1196,0.0871926,0.0177998,135.367
1197,1.25652,1.26749,135.367
1198,-1.01852,-1.24379,135.418
1199,0.0925961,-0.78558,136.189
1200,-0.128368,-0.237128,136.201
1201,0.500683,0.685605,136.235
1202,0.443381,0.270787,136.265
1203,0.962266,1.10303,136.285
1204,-0.432933,-0.622097,136.32
1205,1.12766,0.789102,136.435
1206,0.125946,-0.0583837,136.469
1207,1.89107,1.23196,136.903
1208,-0.415634,-1.14233,137.431
1209,0.742189,-0.457283,138.87
1210,0.906854,0.364552,139.164
1211,0.770497,0.676758,139.173
1212,0.266976,0.468163,139.213
1213,0.584103,0.89618,139.311
1214,0.161547,0.0160557,139.332
1215,1.26666,1.26849,139.332
1216,-0.906123,-1.24789,139.449
1217,-0.511294,-0.799565,139.532
1218,0.107337,-0.269393,139.674
1219,0.579746,0.658529,139.68
1220,0.350868,0.312057,139.682
1221,0.99005,1.06123,139.687
1222,-0.338577,-0.483067,139.708
1223,1.14929,0.991673,139.732
1224,-0.360475,-0.521701,139.758
1225,1.12805,0.916461,139.803
1226,-0.202669,-0.332371,139.82
1227,0.610331,1.12028,140.08
1228,-0.34577,-0.856748,140.341
1229,0.885698,0.308461,140.674
1230,0.227716,0.609768,140.82
1231,0.843705,0.571994,140.894
1232,0.427942,0.724883,140.982
1233,0.350302,0.435961,140.99
1234,0.505751,0.951378,141.188
1235,-0.0133156,-0.136379,141.203
1236,0.707815,1.25937,141.508
1237,-0.45313,-1.26135,142.161
1238,0.189361,-0.849583,143.24
1239,0.393794,-0.388911,143.853
1240,0.543492,0.533373,143.853
1241,0.452553,0.485046,143.854
1242,0.508194,0.830634,143.958
1243,-0.245449,0.179579,144.139
1244,0.719393,1.20404,144.373
1245,-0.73017,-0.975732,144.434
1246,0.439271,0.0283398,144.603
1247,0.0857258,0.706156,144.988
1248,0.626468,0.310383,145.087
1249,0.934427,1.07697,145.108
1250,-0.0647666,-0.530708,145.325
1251,1.72331,0.928781,145.956
1252,-0.476658,-0.366899,145.968
1253,1.15135,1.09017,145.972
1254,-0.409707,-0.773938,146.105
1255,0.665841,0.488479,146.136
1256,-0.00706544,0.433762,146.33
1257,0.638169,0.883134,146.39
1258,-0.0287004,0.038232,146.395
1259,0.553951,1.26289,146.898
1260,-0.0670177,-1.22139,148.23
1261,-0.510731,-0.709649,148.27
1262,-0.54894,-0.0714602,148.498
1263,0.0767086,0.779956,148.992
1264,0.574832,0.126898,149.193
1265,0.771819,1.21144,149.386
1266,-0.808322,-1.01656,149.429
1267,0.399439,-0.0833216,149.663
1268,0.622648,0.685312,149.666
1269,0.188963,0.317489,149.683
1270,0.1916,1.06447,150.445
1271,-0.110615,-0.491101,150.59
1272,1.45325,0.98169,150.812
1273,-0.499928,-0.496532,150.812
1274,0.900741,0.949345,150.814
1275,0.0188493,-0.410718,150.999
1276,0.642547,1.04864,151.164
1277,-0.23263,-0.662715,151.349
1278,1.02839,0.699724,151.457
1279,-0.10427,0.115726,151.505
1280,0.799188,1.19117,151.659
1281,-0.587021,-0.951714,151.792
1282,0.475964,0.0892858,151.941
1283,0.00868913,0.703325,152.424
1284,0.403258,0.334253,152.429
1285,0.597801,1.05458,152.637
1286,-0.160024,-0.456724,152.725
1287,1.03784,1.02434,152.726
1288,-0.610824,-0.605994,152.726
1289,0.472813,0.793181,152.828
1290,0.196752,-0.0625882,152.895
1291,0.47825,1.23247,153.464
1292,-0.128404,-1.14535,154.498
1293,0.136223,-0.466822,154.862
1294,0.634706,0.351303,154.942
1295,0.594128,0.687174,154.951
1296,0.0908103,0.444299,155.076
1297,0.453088,0.92979,155.303
1298,0.0500687,-0.077024,155.319
1299,1.23915,1.27063,155.32
1300,-0.933148,-1.28341,155.443
1301,-0.512538,-0.924818,155.613
1302,0.225505,-0.582426,156.266
1303,0.266563,0.247646,156.266
1304,0.535662,0.739412,156.308
1305,0.319879,0.308871,156.308
1306,0.799654,1.08826,156.391
1307,-0.21292,-0.565377,156.515
1308,0.431049,0.878967,156.716
1309,0.0399166,-0.251229,156.801
1310,0.797219,1.17533,156.944
1311,-0.727358,-1.00932,157.023
1312,0.661946,-0.0736231,157.564
1313,0.382782,0.689615,157.658
1314,0.194357,0.312116,157.672
1315,1.24283,1.0705,157.702
1316,-0.259834,-0.510727,157.765
1317,1.48625,0.955972,158.046
1318,-0.435414,-0.432653,158.046
1319,1.10145,1.02473,158.052
1320,-0.00692612,-0.59989,158.404
1321,0.687681,0.803603,158.417
1322,-0.147484,-0.0840554,158.421
1323,1.05161,1.23119,158.453
1324,-0.61791,-1.14737,158.734
1325,0.290603,-0.4737,159.318
1326,0.693593,0.341639,159.442
1327,0.555105,0.694486,159.461
1328,0.125581,0.427257,159.552
1329,-0.0132302,0.952777,160.485
1330,-0.42808,-0.142721,160.567
1331,1.23459,1.25732,160.567
1332,-0.90866,-1.256,160.688
1333,-0.476344,-0.831348,160.814
1334,0.236481,-0.344395,161.151
1335,0.176565,0.584545,161.318
1336,0.387234,0.418312,161.319
1337,0.549423,0.930385,161.464
1338,-0.367108,-0.086368,161.543
1339,0.911055,1.26867,161.671
1340,-1.0911,-1.27925,161.706
1341,-0.694792,-0.910475,161.753
1342,0.0682405,-0.544326,162.128
1343,0.50569,0.31205,162.165
1344,0.472164,0.700377,162.217
1345,0.315216,0.406877,162.226
1346,0.533331,0.978345,162.424
1347,-0.0920918,-0.217958,162.44
1348,1.07455,1.227,162.463
1349,-0.853761,-1.17311,162.565
1350,-0.0300851,-0.558568,162.844
1351,0.213743,0.211269,162.844
1352,0.105568,0.769941,163.286
1353,0.411015,0.233447,163.317
1354,0.997797,1.15469,163.342
1355,-0.795617,-0.796584,163.342
1356,0.275454,0.458041,163.375
1357,0.166731,0.467303,163.465
1358,0.150335,0.831692,163.93
1359,0.166065,0.171795,163.93
1360,0.995571,1.20819,163.975
1361,-0.226793,-0.99207,164.561
1362,0.253823,-0.0154264,164.633
1363,-0.41167,0.702046,165.873
1364,0.381045,0.305356,165.879
1365,1.00335,1.08007,165.885
1366,-0.272741,-0.541578,165.957
1367,1.70478,0.913393,166.584
1368,-0.418212,-0.330474,166.591
1369,1.30892,1.12112,166.627
1370,-0.186046,-0.858815,167.079
1371,0.734508,0.303747,167.265
1372,0.0840843,0.613189,167.545
1373,0.386294,0.564724,167.577
1374,0.578633,0.737479,167.602
1375,0.326988,0.407992,167.608
1376,0.520194,0.988203,167.827
1377,-0.145035,-0.244766,167.837
1378,0.682651,1.21259,168.118
1379,-0.459033,-1.13194,168.571
1380,0.0434112,-0.430033,168.795
1381,0.387047,0.401517,168.795
1382,0.647803,0.645287,168.795
1383,0.567956,0.537501,168.796
1384,0.564806,0.789116,168.847
1385,-0.0353726,0.289465,168.952
1386,1.27989,1.11943,168.978
1387,-0.36475,-0.66753,169.069
1388,-0.126108,0.711993,169.772
1389,-0.297582,0.0900332,169.922
1390,0.280895,1.20225,170.771
1391,0.0298671,-0.996556,171.825
1392,0.37045,-0.0296974,171.985
1393,0.830179,0.699799,172.002
1394,0.0178768,0.305485,172.084
1395,0.428208,1.07929,172.508
1396,0.395055,-0.539167,173.381
1397,1.55145,0.916805,173.784
1398,-0.430199,-0.338495,173.792
1399,1.27462,1.11463,173.818
1400,-0.0705198,-0.840913,174.411
1401,0.750623,0.344402,174.576
1402,0.067122,0.581669,174.841
1403,0.438508,0.629646,174.878
1404,0.446392,0.619464,174.908
1405,0.375251,0.651664,174.984
1406,0.419834,0.591307,175.013
1407,0.83041,0.705997,175.029
1408,0.366248,0.479587,175.042
1409,-0.182763,0.889794,176.192
1410,0.188378,0.0354497,176.216
1411,0.491363,1.26518,176.814
1412,-0.44728,-1.23031,177.427
1413,0.424709,-0.739586,178.783
1414,-0.035153,-0.134877,178.793
1415,0.766829,0.752656,178.793
1416,0.292327,0.16645,178.809
1417,0.806351,1.18701,178.954
1418,-0.710938,-0.922651,178.999
1419,0.802287,0.164303,179.406
1420,0.627508,0.685411,179.409
1421,0.362866,0.391588,179.41
1422,0.68289,0.990946,179.505
1423,-0.0567588,-0.257287,179.545
1424,0.581058,1.20461,179.934
1425,-1.33836,-1.1087,179.987
1426,-0.650765,-0.359519,180.071
1427,0.313356,0.486434,180.101
1428,0.504548,0.560879,180.105
1429,0.647595,0.705511,180.108
1430,0.277652,0.471419,180.145
1431,0.450006,0.900523,180.348
1432,0.00468241,0.00610638,180.348
1433,0.626161,1.2701,180.763
1434,-0.338684,-1.2566,181.606
1435,0.220555,-0.829632,182.709
1436,0.0126998,-0.340586,182.833
1437,0.606459,0.588712,182.834
1438,0.351203,0.41261,182.837
1439,1.07421,0.938268,182.856
1440,-0.021609,-0.108703,182.864
1441,1.02171,1.26494,182.923
1442,-1.12683,-1.2727,182.944
1443,-0.829974,-0.888208,182.947
1444,0.0988664,-0.486289,183.29
1445,0.527987,0.40247,183.306
1446,0.426832,0.627339,183.346
1447,0.369141,0.569766,183.386
1448,0.11987,0.733716,183.763
1449,0.150516,0.417255,183.834
1450,1.10029,0.976372,183.849
1451,-1.04934,-0.209446,184.555
1452,-0.526894,1.2315,187.647
1453,-0.144449,-1.18605,188.732
1454,0.334947,-0.599957,189.606
1455,0.403493,0.140256,189.675
1456,0.621653,0.792472,189.704
1457,0.436713,0.16286,189.779
1458,1.08337,1.20061,189.793
1459,-0.937738,-0.969189,189.794
1460,-0.463947,0.0451242,190.053
1461,0.659616,0.706393,190.055
1462,0.552386,0.314951,190.112
1463,0.752324,1.07305,190.214
1464,-0.202046,-0.517515,190.314
1465,1.34655,0.946964,190.474
1466,-0.534532,-0.410691,190.489
1467,0.933458,1.04796,190.502
1468,-0.31281,-0.660702,190.623
1469,0.631257,0.703249,190.628
1470,-0.0929214,0.109406,190.669
1471,0.939379,1.19422,190.734
1472,-0.546689,-0.963795,190.908
1473,0.522268,0.057803,191.124
1474,0.0274885,0.706184,191.584
1475,0.412164,0.319167,191.593
1476,0.61477,1.06924,191.8
1477,-0.0389444,-0.504834,192.017
1478,1.20597,0.963971,192.075
1479,-0.50584,-0.452387,192.078
1480,0.719762,1.00268,192.158
1481,-0.18037,-0.543219,192.29
1482,0.595513,0.887681,192.375
1483,-0.151953,-0.266135,192.388
1484,1.09238,1.16715,192.394
1485,-0.555705,-0.98696,192.58
1486,0.245052,-0.0135822,192.647
1487,0.694415,0.703654,192.647
1488,0.567705,0.302745,192.717
1489,1.19108,1.08278,192.729
1490,-0.0998227,-0.550553,192.932
1491,1.31039,0.900482,193.1
1492,-0.625486,-0.300382,193.206
1493,1.12853,1.14382,193.206
1494,-0.203566,-0.92178,193.722
1495,0.740348,0.153596,194.066
1496,0.169204,0.690437,194.338
1497,0.240568,0.378694,194.357
1498,0.996849,1.00636,194.357
1499,0.109597,-0.304253,194.528
1500,0.84832,1.17231,194.633
1501,-0.917627,-1.01531,194.643
1502,-0.0467879,-0.0915042,194.645
1503,0.34283,0.683685,194.761
1504,0.492197,0.318154,194.791
1505,0.809736,1.06339,194.855
1506,-0.169287,-0.487685,194.957
1507,1.45758,0.986047,195.179
1508,-0.43191,-0.50751,195.185
1509,0.819631,0.935221,195.198
1510,0.0165222,-0.376747,195.353
1511,0.621148,1.08185,195.565
1512,-0.246937,-0.751593,195.82
1513,0.972206,0.533708,196.012
1514,0.0428099,0.375741,196.123
1515,0.87156,0.962459,196.131
1516,-0.284335,-0.184136,196.141
1517,0.617307,1.24127,196.531
1518,-0.216122,-1.21229,197.523
1519,-0.510291,-0.685125,197.553
1520,-0.429143,-0.0208426,197.72
1521,0.46472,0.793854,197.828
1522,0.0715077,0.111461,197.83
1523,1.0186,1.22076,197.871
1524,-0.984961,-1.05293,197.876
1525,-0.573442,-0.185897,198.026
1526,0.801912,0.63574,198.053
1527,-0.00185705,0.378399,198.198
1528,-0.14502,0.990262,199.487
1529,-0.0279174,-0.259346,199.54
1530,1.2859,1.20291,199.547
1531,-1.17051,-1.10361,199.552
1532,-0.291047,-0.344252,199.555
1533,0.264741,0.503005,199.611
1534,0.390957,0.542505,199.634
1535,0.633338,0.738865,199.645
1536,0.208503,0.398462,199.682
1537,0.543972,0.999379,199.889
1538,-0.310975,-0.278722,199.89
1539,0.443956,1.19105,200.448
1540,-0.296275,-1.06967,201.046
1541,0.0180453,-0.244548,201.115
1542,0.445352,0.595375,201.138
1543,0.669329,0.430376,201.195
1544,0.69982,0.919299,201.243
1545,0.00724106,-0.054043,201.247
1546,1.10962,1.2717,201.273
1547,-1.27578,-1.28033,201.273
1548,-0.158421,-0.913416,201.843
1549,-0.278404,-0.552158,201.918
1550,0.424857,0.299146,201.934
1551,0.587375,0.709069,201.949
1552,0.498337,0.385853,201.961
1553,1.03998,1.00429,201.963
1554,-0.0124454,-0.29627,202.043
1555,0.960463,1.1784,202.091
1556,-0.590404,-1.03296,202.286
1557,0.250293,-0.140279,202.439
1558,0.0226843,0.662564,202.848
1559,0.17922,0.34333,202.875
1560,0.738308,1.03374,202.963
1561,-0.136969,-0.393078,203.028
1562,1.41864,1.09381,203.134
1563,-0.477892,-0.792908,203.233
1564,0.244341,0.447959,203.274
1565,0.467776,0.481193,203.275
1566,0.418804,0.810222,203.428
1567,0.226508,0.225314,203.428
1568,0.445363,1.17199,203.956
1569,-0.0154062,-0.855402,204.661
1570,0.127966,0.327201,204.701
1571,0.138226,0.593495,204.908
1572,0.544758,0.605029,204.912
1573,0.67737,0.665564,204.912
1574,0.676113,0.561343,204.925
1575,0.0413863,0.758521,205.44
1576,0.582906,0.362907,205.488
1577,1.17311,1.04317,205.505
1578,-0.296758,-0.414624,205.519
1579,0.71004,1.07227,205.65
1580,-0.704502,-0.734067,205.651
1581,-0.003117,0.567285,205.976
1582,0.0456252,0.329242,206.057
1583,0.563616,1.01843,206.264
1584,0.23982,-0.353294,206.615
1585,0.120969,1.13078,207.635
1586,-0.299192,-0.896132,207.991
1587,-0.0859077,0.214963,208.082
1588,-0.161287,0.666468,208.767
1589,0.170403,0.442638,208.841
1590,0.573405,0.925641,208.965
1591,0.320068,-0.0667445,209.115
1592,0.858925,1.27146,209.285
1593,-1.52429,-1.28326,209.343
1594,-0.902986,-0.92403,209.344
1595,0.162039,-0.580343,209.895
1596,0.508505,0.251274,209.961
1597,0.516994,0.737503,210.01
1598,0.357097,0.313907,210.011
1599,0.952799,1.0833,210.028
1600,-0.161259,-0.548777,210.179
1601,0.469123,0.903371,210.367
1602,0.026903,-0.307144,210.479
1603,0.848628,1.13894,210.563
1604,-0.720836,-0.908198,210.598
1605,0.616786,0.186929,210.783
1606,0.239219,0.678621,210.976
1607,0.250763,0.411341,211.002
1608,0.91909,0.966704,211.004
1609,0.161959,-0.184922,211.124
1610,0.768637,1.24214,211.349
1611,-1.35206,-1.21554,211.367
1612,-0.827574,-0.695919,211.385
1613,0.21549,-0.0426868,211.451
1614,0.465405,0.788673,211.556
1615,0.360118,0.116386,211.615
1616,0.985999,1.21764,211.669
1617,-0.960782,-1.04078,211.675
1618,-0.424582,-0.151231,211.75
1619,0.678775,0.655746,211.75
1620,0.245165,0.352627,211.762
1621,-0.0326948,1.02264,212.876
1622,-0.0372819,-0.358321,212.979
1623,1.38703,1.12704,213.046
1624,-0.878351,-0.885805,213.046
1625,0.0745435,0.239601,213.074
1626,0.547922,0.653886,213.085
1627,0.38282,0.473286,213.093
1628,0.526332,0.882566,213.22
1629,0.409684,0.0514947,213.348
1630,0.795224,1.26106,213.565
1631,-1.43909,-1.21092,213.617
1632,-0.548729,-0.674553,213.633
1633,0.0810539,-0.000306642,213.64
1634,0.797985,0.797634,213.64
1635,0.341773,0.1092,213.694
1636,0.696494,1.2226,213.971
1637,-0.794571,-1.05988,214.041
1638,-0.0294586,-0.205895,214.072
1639,0.958299,0.622687,214.185
1640,-0.104437,0.395397,214.435
1641,-0.103573,0.967932,215.583
1642,-0.0193908,-0.19303,215.613
1643,1.20484,1.23821,215.614
1644,-1.31253,-1.20436,215.626
1645,-0.48723,-0.659196,215.655
1646,-0.0690203,0.030339,215.665
1647,0.423752,0.800953,215.807
1648,0.391225,0.110966,215.886
1649,1.02121,1.22305,215.927
1650,-1.00388,-1.06089,215.93
1651,-0.789165,-0.208772,216.267
1652,1.07206,0.620713,216.471
1653,0.347063,0.39797,216.473
1654,0.0860495,0.964481,217.245
1655,-0.0380103,-0.182923,217.266
1656,1.1671,1.2425,217.271
1657,-1.32599,-1.2162,217.284
1658,-0.498846,-0.698061,217.323
1659,-0.112514,-0.0470652,217.327
1660,0.425025,0.787481,217.459
1661,0.376538,0.117704,217.526
1662,0.947277,1.21685,217.599
1663,-0.957491,-1.0377,217.605
1664,-0.394653,-0.142483,217.669
1665,0.658299,0.660269,217.669
1666,0.271628,0.346917,217.674
1667,0.00160402,1.02959,218.731
1668,-0.0423663,-0.379999,218.845
1669,1.40513,1.10672,218.934
1670,-0.808472,-0.828754,218.934
1671,0.121812,0.370448,218.996
1672,0.510068,0.559249,218.999
1673,0.409494,0.673271,219.068
1674,0.350106,0.533164,219.102
1675,0.550395,0.804013,219.166
1676,0.302507,0.254939,219.168
1677,1.08473,1.15021,219.173
1678,-0.130577,-0.775703,219.589
1679,0.0228822,0.502662,219.819
1680,-0.744548,0.413552,221.16
1681,0.206414,0.911363,221.657
1682,0.373763,-0.0387498,221.827
1683,0.46955,1.27131,222.47
1684,-0.191167,-1.27433,223.643
1685,-0.328778,-0.892106,223.961
1686,-0.860495,-0.496495,224.093
1687,0.372159,0.387258,224.093
1688,0.553517,0.641095,224.101
1689,0.825793,0.540773,224.182
1690,0.976565,0.782919,224.22
1691,0.269103,0.304086,224.221
1692,1.17,1.10542,224.225
1693,-1.3114,-0.61951,224.704
1694,-0.464878,0.794316,226.29
1695,-0.321415,-0.0691668,226.353
1696,0.223293,1.2316,227.37
1697,-0.0495416,-1.14431,228.568
1698,0.438005,-0.463759,229.382
1699,0.857443,0.355605,229.633
1700,0.800897,0.683836,229.647
1701,0.26236,0.451997,229.683
1702,0.270201,0.919129,230.104
1703,-0.04209,-0.047117,230.104
1704,1.26815,1.27263,230.104
1705,-0.934907,-1.28156,230.224
1706,-0.518671,-0.917562,230.383
1707,0.199184,-0.563155,230.965
1708,0.35004,0.28073,230.969
1709,0.521114,0.72072,231.009
1710,0.587156,0.357007,231.062
1711,1.13567,1.03778,231.072
1712,-0.0384313,-0.400683,231.203
1713,0.784281,1.08657,231.294
1714,-0.26085,-0.77309,231.557
1715,0.698133,0.489236,231.6
1716,-0.331477,0.43298,232.185
1717,0.288372,0.88431,232.54
1718,0.322282,0.0350876,232.622
1719,0.341971,1.26357,233.472
1720,-0.151969,-1.22472,234.623
1721,-0.508863,-0.72086,234.668
1722,-0.528674,-0.0949122,234.856
1723,0.0804165,0.77113,235.333
1724,0.572098,0.139028,235.52
1725,0.802235,1.20428,235.682
1726,-0.782355,-0.988695,235.725
1727,0.549114,-0.00724069,236.034
1728,0.592393,0.703318,236.046
1729,0.0234203,0.305309,236.126
1730,0.340183,1.0805,236.674
1731,-0.216446,-0.542869,236.78
1732,1.34506,0.911559,236.968
1733,-0.463259,-0.326176,236.987
1734,1.25296,1.12452,237.004
1735,-0.256486,-0.868217,237.378
1736,0.722772,0.282034,237.572
1737,0.0938407,0.628174,237.858
1738,0.360267,0.532166,237.887
1739,0.646996,0.791972,237.908
1740,0.299931,0.281543,237.909
1741,0.56794,1.12662,238.221
1742,-0.726954,-0.692514,238.222
1743,0.38979,0.66658,238.299
1744,-0.345825,0.170186,238.565
1745,0.114149,1.15943,239.657
1746,0.105877,-0.830918,240.535
1747,0.358821,0.381233,240.535
1748,0.650148,0.547251,240.546
1749,0.476926,0.695093,240.594
1750,0.119118,0.487759,240.73
1751,0.455653,0.875455,240.906
1752,-0.303675,0.0733367,241.048
1753,1.36339,1.25511,241.06
1754,-0.321897,-1.18341,241.802
1755,0.13006,-0.584112,242.312
1756,-0.200466,0.167316,242.447
1757,0.71382,0.785574,242.452
1758,0.366059,0.186218,242.485
1759,0.720328,1.18712,242.703
1760,-0.634773,-0.917104,242.782
1761,-0.139182,0.178625,242.883
1762,0.402944,0.680199,242.96
1763,0.458815,0.405848,242.963
1764,0.914472,0.973462,242.966
1765,0.234588,-0.204925,243.16
1766,0.797052,1.23325,243.35
1767,-1.46046,-1.19073,243.423
1768,-0.921341,-0.615012,243.516
1769,0.257868,0.113245,243.537
1770,0.483451,0.797542,243.636
1771,0.406868,0.14347,243.705
1772,1.06602,1.21045,243.726
1773,-0.968837,-1.00821,243.728
1774,-0.651979,-0.0599453,244.078
1775,0.885504,0.692507,244.116
1776,0.451813,0.310625,244.135
1777,0.298851,1.07267,244.734
1778,-0.330271,-0.517679,244.769
1779,1.41808,0.946613,244.992
1780,-0.457708,-0.40981,244.994
1781,1.24944,1.04886,245.034
1782,0.0258741,-0.663098,245.509
1783,0.720978,0.69908,245.509
1784,-0.0996759,0.116872,245.556
1785,0.941495,1.1906,245.618
1786,-0.542444,-0.949482,245.784
1787,0.530944,0.0950575,245.974
1788,0.00224772,0.702505,246.464
1789,0.398342,0.337599,246.468
1790,0.593199,1.05119,246.678
1791,-0.178784,-0.44572,246.749
1792,1.00543,1.03722,246.75
1793,-0.641516,-0.639883,246.75
1794,0.458509,0.737936,246.828
1795,0.252116,0.0456647,246.871
1796,0.460691,1.21846,247.445
1797,-0.0686324,-1.06481,248.437
1798,-0.076101,-0.221806,248.459
1799,0.355955,0.61168,248.524
1800,0.621389,0.409644,248.569
1801,0.525958,0.948573,248.747
1802,0.29793,-0.136813,248.936
1803,1.08881,1.25837,248.965
1804,-1.41469,-1.25793,248.99
1805,-0.45136,-0.837819,249.139
1806,-0.263782,-0.360096,249.148
1807,0.421033,0.567118,249.17
1808,0.416575,0.4417,249.17
1809,0.487441,0.896997,249.338
1810,-0.328643,0.0060643,249.45
1811,0.84825,1.26905,249.627
1812,-1.04716,-1.25286,249.669
1813,-0.0992882,-0.816791,250.184
1814,-0.00330007,-0.309864,250.278
1815,0.411239,0.62054,250.322
1816,0.380253,0.367942,250.322
1817,1.06636,0.996628,250.327
1818,-0.0957025,-0.280192,250.361
1819,1.08628,1.18908,250.372
1820,-0.935552,-1.06353,250.388
1821,-1.18564,-0.226802,251.307
1822,0.292483,0.608927,251.408
1823,0.308672,0.41285,251.418
1824,0.75973,0.944055,251.452
1825,-0.0767938,-0.123881,251.455
1826,1.17087,1.26173,251.463
1827,-1.18774,-1.26592,251.469
1828,-0.339622,-0.865045,251.745
1829,-0.28952,-0.427399,251.764
1830,0.418431,0.484748,251.768
1831,0.453061,0.542807,251.777
1832,0.418582,0.73293,251.875
1833,-0.120561,0.410782,252.158
1834,0.496929,0.98364,252.395
1835,0.0164148,-0.231333,252.456
1836,0.214922,1.22017,253.466
1837,0.268106,-1.15374,255.488
1838,-0.0283896,-0.497527,255.708
1839,0.426245,0.30733,255.722
1840,0.628121,0.718509,255.731
1841,0.497903,0.369441,255.747
1842,0.819384,1.02447,255.789
1843,-0.479581,-0.358526,255.804
1844,1.30092,1.12738,255.834
1845,-0.568229,-0.88695,255.935
1846,-0.159774,0.236863,256.093
1847,-0.0855851,0.65537,256.642
1848,0.296974,0.469746,256.672
1849,0.622544,0.887685,256.742
1850,0.442172,0.037745,256.905
1851,0.815853,1.26431,257.107
1852,-1.46086,-1.22655,257.162
1853,-0.601556,-0.726907,257.177
1854,0.0963991,-0.107717,257.219
1855,0.768033,0.765684,257.219
1856,0.331014,0.146905,257.253
1857,0.768731,1.19949,257.438
1858,-0.751689,-0.970221,257.486
1859,0.643966,0.0419873,257.848
1860,0.597293,0.706466,257.86
1861,0.0639163,0.313865,257.923
1862,0.434268,1.07402,258.332
1863,-0.240556,-0.520779,258.411
1864,1.18806,0.942513,258.471
1865,-0.514068,-0.399896,258.484
1866,0.955517,1.05887,258.495
1867,-0.337178,-0.689659,258.619
1868,0.639471,0.651781,258.619
1869,-0.0735671,0.198357,258.693
1870,0.873321,1.14045,258.764
1871,-0.460765,-0.761371,258.855
1872,0.60757,0.530576,258.861
1873,-0.218529,0.377474,259.216
1874,0.405282,0.959692,259.523
1875,0.216813,-0.17617,259.678
1876,0.714648,1.24446,259.958
1877,0.12766,-1.22099,261.777
1878,-0.380178,-0.713822,261.889
1879,-0.431241,-0.0796567,262.012
1880,0.511776,0.77697,262.083
1881,0.0697587,0.130947,262.086
1882,0.947302,1.20908,262.155
1883,-0.925853,-1.00736,262.161
1884,-0.1418,-0.0579497,262.168
1885,0.553595,0.693091,262.188
1886,0.110598,0.310089,262.228
1887,0.243487,1.07331,262.916
1888,-0.149635,-0.519766,263.053
1889,1.43699,0.943774,263.297
1890,-0.459751,-0.402922,263.3
1891,1.25163,1.05585,263.338
1892,0.0258003,-0.681616,263.839
1893,0.72607,0.666313,263.842
1894,-0.0851574,0.173952,263.909
1895,0.899619,1.15753,263.976
1896,-0.489516,-0.823643,264.087
1897,0.588801,0.397517,264.124
1898,-0.164696,0.531679,264.609
1899,0.382403,0.723499,264.725
1900,0.337793,0.426672,264.733
1901,0.525122,0.962181,264.924
1902,-0.313919,-0.168107,264.946
1903,1.29436,1.24909,264.948
1904,-0.420714,-1.23475,265.61
1905,0.288663,-0.75972,266.709
1906,0.487392,-0.178469,267.153
1907,0.549695,0.727492,267.184
1908,0.380776,0.205516,267.215
1909,0.815207,1.15912,267.333
1910,-0.759343,-0.819316,267.337
1911,0.635579,0.407945,267.389
1912,0.580873,0.521218,267.392
1913,0.310338,0.742048,267.579
1914,0.653645,0.385476,267.651
1915,0.589901,1.01459,267.831
1916,-0.295116,-0.325497,267.832
1917,1.16042,1.15605,267.832
1918,-0.357545,-0.968676,268.205
1919,0.419255,0.0331481,268.354
1920,0.366942,0.707859,268.471
1921,0.726842,0.308455,268.646
1922,0.748485,1.07916,268.755
1923,-0.00928194,-0.537872,269.034
1924,1.34471,0.918718,269.216
1925,-0.41149,-0.343022,269.221
1926,1.08891,1.11089,269.221
1927,-0.385511,-0.8306,269.419
1928,0.67526,0.367411,269.514
1929,0.0551147,0.561833,269.771
1930,0.465641,0.668304,269.812
1931,0.370397,0.543267,269.842
1932,0.40189,0.787296,269.99
1933,0.354755,0.29521,269.994
1934,1.10078,1.11418,269.994
1935,-0.107159,-0.649393,270.288
1936,0.00300754,0.743858,270.837
1937,-0.774554,0.0305282,271.485
1938,0.0434405,1.22185,272.874
1939,-0.0204478,-1.08093,273.998
1940,0.385735,-0.269232,274.427
1941,0.896375,0.57424,274.531
1942,0.176275,0.457579,274.61
1943,0.607014,0.879142,274.684
1944,0.169477,0.0552264,274.697
1945,0.750334,1.25947,274.956
1946,-1.37158,-1.20421,274.984
1947,0.211174,-0.652336,275.73
1948,-0.0486039,0.0429774,275.739
1949,0.572093,0.801713,275.791
1950,0.416453,0.113051,275.883
1951,0.67176,1.22262,276.187
1952,-0.793705,-1.05881,276.257
1953,-0.238698,-0.202719,276.258
1954,1.1296,0.624825,276.513
1955,0.567996,0.392616,276.544
1956,0.125201,0.971641,277.26
1957,-0.068575,-0.203936,277.279
1958,1.17434,1.23327,277.282
1959,-1.289,-1.19051,277.292
1960,-0.470812,-0.614245,277.312
1961,-0.017974,0.114633,277.33
1962,0.421237,0.79733,277.471
1963,0.416576,0.144362,277.546
1964,1.03709,1.21002,277.575
1965,-0.969854,-1.00651,277.577
1966,-0.646344,-0.0552729,277.926
1967,0.875776,0.693771,277.959
1968,0.45433,0.309573,277.98
1969,0.320368,1.07396,278.548
1970,-0.329897,-0.521878,278.585
1971,1.42115,0.940889,278.816
1972,-0.453362,-0.395944,278.819
1973,1.28308,1.06279,278.867
1974,0.0254581,-0.700105,279.394
1975,0.731835,0.63263,279.404
1976,-0.0699097,0.229659,279.493
1977,0.853925,1.11595,279.562
1978,-0.4227,-0.67458,279.626
1979,0.62579,0.697704,279.631
1980,-0.269238,0.116119,279.779
1981,0.414872,1.19043,280.381
1982,0.057036,-0.949151,281.393
1983,0.362919,0.0958883,281.464
1984,1.03161,0.702382,281.573
1985,0.0538914,0.338089,281.654
1986,0.290922,1.05069,282.231
1987,-0.170072,-0.444099,282.306
1988,1.00214,1.03909,282.307
1989,-0.645819,-0.64483,282.307
1990,0.456859,0.7296,282.382
1991,0.259411,0.0613085,282.421
1992,0.458472,1.21362,282.991
1993,-0.0583902,-1.04362,283.962
1994,-0.0960958,-0.160722,283.966
1995,0.303936,0.650749,284.086
1996,0.57887,0.35892,284.135
1997,0.600543,1.01487,284.306
1998,0.512108,-0.334275,285.023
1999,1.43873,1.14803,285.107
2000,-0.907616,-0.945431,285.109
2001,0.0280424,0.0930332,285.113
2002,0.531625,0.704254,285.143
2003,0.36488,0.333548,285.144
2004,0.666468,1.05552,285.295
2005,0.04314,-0.459709,285.548
2006,1.20643,1.02079,285.582
2007,-0.251231,-0.596733,285.702
2008,0.753557,0.80771,285.705
2009,0.224176,-0.0923745,285.805
2010,0.476086,1.23037,286.374
2011,-0.138362,-1.14704,287.391
2012,0.21252,-0.472858,287.861
2013,0.673568,0.342857,287.97
2014,0.499839,0.693572,288.008
2015,0.16979,0.429399,288.075
2016,-0.0438131,0.949935,289.063
2017,-0.611225,-0.134508,289.29
2018,1.25108,1.25965,289.29
2019,-0.915644,-1.26176,289.41
2020,-0.482114,-0.850966,289.546
2021,0.23855,-0.392329,289.944
2022,0.180801,0.52922,290.065
2023,0.408419,0.490199,290.072
2024,0.495636,0.822353,290.179
2025,-0.231369,0.200289,290.365
2026,0.699655,1.19054,290.606
2027,-0.676716,-0.924267,290.667
2028,0.445767,0.161186,290.748
2029,0.104857,0.686347,291.087
2030,0.620531,0.388855,291.14
2031,0.886672,0.994212,291.152
2032,0.424538,-0.267185,291.63
2033,1.19215,1.19832,291.63
2034,-1.28828,-1.09052,291.669
2035,-0.563273,-0.305423,291.736
2036,0.323289,0.542249,291.784
2037,0.50481,0.496726,291.784
2038,0.695348,0.817243,291.799
2039,0.112741,0.213977,291.809
2040,0.791972,1.18107,291.96
2041,-0.976652,-0.888711,291.968
2042,0.252641,0.248591,291.968
2043,0.0641716,0.64687,292.308
2044,0.626803,0.488759,292.327
2045,0.82632,0.859621,292.328
2046,0.635584,0.1121,292.602
2047,0.573801,1.24029,293.046
2048,-1.28404,-1.12003,293.073
2049,-0.146861,-0.384163,293.129
2050,0.0149229,0.457377,293.325
2051,0.880982,0.59188,293.409
2052,0.642462,0.646763,293.409
2053,0.31577,0.591941,293.485
2054,-0.0226071,0.703478,294.012
2055,0.684641,0.484749,294.052
2056,0.81398,0.882069,294.057
2057,-0.0476625,0.0561604,294.068
2058,0.596846,1.26021,294.508
2059,-0.481333,-1.20652,295.033
2060,0.415483,-0.659891,296.19
2061,-0.108333,0.0284074,296.209
2062,0.796032,0.800903,296.209
2063,0.307924,0.110498,296.248
2064,0.708765,1.22318,296.512
2065,-0.771534,-1.06148,296.596
2066,-0.168985,-0.210475,296.598
2067,1.09083,0.619537,296.82
2068,0.307975,0.399501,296.829
2069,0.07942,0.962419,297.608
2070,-0.0319136,-0.176901,297.629
2071,1.16327,1.24491,297.636
2072,-1.33549,-1.22281,297.649
2073,-0.502154,-0.719882,297.696
2074,-0.136967,-0.0923649,297.698
2075,0.425294,0.772091,297.818
2076,0.372041,0.137715,297.873
2077,0.885195,1.20508,297.975
2078,-0.903021,-0.991776,297.983
2079,-0.0351078,-0.0155451,297.984
2080,0.539617,0.702129,298.01
2081,0.0281413,0.305158,298.087
2082,0.322219,1.08027,298.662
2083,-0.207375,-0.542226,298.774
2084,1.36542,0.912467,298.979
2085,-0.459042,-0.328303,298.996
2086,1.26336,1.12284,299.016
2087,-0.182578,-0.863581,299.479
2088,0.735144,0.292773,299.675
2089,0.0900805,0.620923,299.957
2090,0.373261,0.548068,299.987
2091,0.613399,0.765748,300.011
2092,0.313493,0.343503,300.012
2093,0.544708,1.06453,300.282
2094,-0.445778,-0.48347,300.283
2095,0.565788,0.992119,300.465
2096,-0.429594,-0.523062,300.474
2097,-0.0806129,0.914604,301.464
2098,-0.0478688,-0.328019,301.543
2099,0.539359,1.12375,301.884
2100,-0.0285173,-0.866333,302.586
2101,0.892502,0.286377,302.953
2102,0.253512,0.625284,303.092
2103,0.838444,0.538542,303.182
2104,0.500913,0.781547,303.26
2105,0.325671,0.30642,303.261
2106,0.555464,1.10301,303.561
2107,-0.612824,-0.611367,303.561
2108,0.466281,0.807626,303.677
2109,-0.385437,-0.0965741,303.761
2110,0.00489935,1.22923,305.26
2111,-0.0646932,-1.14438,306.425
2112,0.457178,-0.46469,307.275
2113,0.819205,0.354374,307.491
2114,0.848199,0.68478,307.518
2115,0.2643,0.449819,307.552
2116,-0.0401362,0.922162,308.478
2117,-0.645671,-0.0555892,308.827
2118,1.30465,1.27232,308.828
2119,-0.940483,-1.283,308.945
2120,-0.516519,-0.922836,309.11
2121,0.207586,-0.577178,309.726
2122,0.323911,0.256761,309.73
2123,0.53245,0.73455,309.771
2124,0.471988,0.321639,309.794
2125,1.09828,1.07553,309.794
2126,-0.11187,-0.522987,309.963
2127,0.527202,0.939738,310.133
2128,-0.00186381,-0.393246,310.287
2129,0.899235,1.06542,310.314
2130,-0.689487,-0.707147,310.315
2131,0.545936,0.619547,310.32
2132,0.0460011,0.250481,310.362
2133,0.818486,1.09803,310.44
2134,-0.388901,-0.612784,310.49
2135,0.632973,0.803703,310.519
2136,-0.29079,-0.0881483,310.56
2137,0.385221,1.23023,311.274
2138,-0.0408648,-1.14531,312.494
2139,0.396331,-0.467346,313.24
2140,0.914883,0.350632,313.558
2141,0.834597,0.687677,313.58
2142,0.224072,0.44313,313.628
2143,-0.058946,0.931393,314.609
2144,-0.481465,-0.08155,314.769
2145,1.28292,1.27011,314.769
2146,-0.937691,-1.28291,314.888
2147,-0.509982,-0.923156,315.059
2148,0.22805,-0.577975,315.708
2149,0.256063,0.255376,315.708
2150,0.531613,0.735304,315.75
2151,0.313893,0.319672,315.75
2152,0.716464,1.07753,315.88
2153,-0.218029,-0.529583,315.977
2154,0.522798,0.930616,316.144
2155,0.00730281,-0.37134,316.287
2156,0.88933,1.08613,316.326
2157,-0.699733,-0.762964,316.33
2158,0.563972,0.510881,316.333
2159,0.0898221,0.405712,316.432
2160,0.658578,0.922821,316.502
2161,-0.095017,-0.0705258,316.503
2162,0.580028,1.26988,316.979
2163,-0.142753,-1.2788,318.269
2164,-0.614698,-0.908502,318.356
2165,-0.642476,-0.539168,318.366
2166,0.463379,0.320466,318.387
2167,0.439431,0.694472,318.452
2168,0.445386,0.420933,318.452
2169,0.759472,0.960283,318.493
2170,-0.00379384,-0.164721,318.519
2171,1.12414,1.2501,318.535
2172,-1.02389,-1.23726,318.58
2173,-0.152672,-0.768113,318.959
2174,0.285117,-0.197175,319.191
2175,0.084109,0.715137,319.59
2176,0.336484,0.224858,319.602
2177,0.768189,1.14376,319.743
2178,-0.717774,-0.763989,319.745
2179,0.748386,0.525975,319.795
2180,0.507309,0.383493,319.81
2181,0.531546,0.951899,319.987
2182,0.282007,-0.153507,320.176
2183,0.649858,1.25258,320.54
2184,0.129474,-1.24259,322.422
2185,-0.402704,-0.785864,322.569
2186,-0.509891,-0.237392,322.643
2187,0.578701,0.685344,322.655
2188,0.0905241,0.271208,322.687
2189,0.713949,1.10263,322.838
2190,-0.647114,-0.620741,322.839
2191,0.923477,0.791341,322.857
2192,0.125218,-0.0629312,322.892
2193,1.88768,1.23186,323.322
2194,-0.417447,-1.14334,323.849
2195,0.744121,-0.460568,325.3
2196,0.897185,0.360025,325.589
2197,0.789725,0.680364,325.601
2198,0.255344,0.459954,325.643
2199,0.44937,0.907928,325.853
2200,0.0828338,-0.0160802,325.863
2201,1.26719,1.27202,325.863
2202,-0.925313,-1.27006,325.982
2203,-0.518857,-0.876669,326.11
2204,0.159568,-0.456985,326.49
2205,0.457961,0.44463,326.49
2206,0.442772,0.586131,326.51
2207,1.02967,0.65242,326.653
2208,0.68305,0.579926,326.663
2209,0.497756,0.724886,326.715
2210,0.6137,0.438334,326.746
2211,-0.227276,0.948474,328.128
2212,-0.051566,-0.127944,328.134
2213,0.419615,1.26162,328.843
2214,-0.703509,-1.26676,329.16
2215,0.201318,-0.868062,330.304
2216,0.34737,-0.434972,330.916
2217,0.568982,0.4747,330.925
2218,0.477665,0.554032,330.931
2219,0.463981,0.712678,330.992
2220,-0.102468,0.455135,331.303
2221,0.451142,0.923796,331.527
2222,0.185766,-0.0582177,331.586
2223,0.133297,1.27239,332.884
2224,0.250081,-1.28405,335.237
2225,0.0148762,-0.926564,336.124
2226,0.171832,-0.587142,336.7
2227,0.501747,0.239401,336.769
2228,0.538198,0.74362,336.811
2229,0.443672,0.297662,336.832
2230,1.09315,1.09904,336.832
2231,-0.153454,-0.601753,337.033
2232,0.324813,0.822763,337.281
2233,0.0525311,-0.128241,337.314
2234,0.640017,1.2238,337.654
2235,-0.697082,-1.13525,337.846
2236,0.754774,-0.437168,339.267
2237,0.673023,0.391862,339.346
2238,0.804151,0.653871,339.369
2239,0.379702,0.518993,339.388
2240,0.832582,0.819066,339.388
2241,-0.728478,0.216481,340.281
2242,1.29386,1.18011,340.294
2243,-0.569994,-0.884781,340.393
2244,-0.27377,0.258061,340.676
2245,-0.259648,0.641332,341.488
2246,0.599102,0.501589,341.498
2247,0.774738,0.840171,341.502
2248,0.699581,0.162234,341.791
2249,0.511768,1.2152,342.285
2250,-1.13317,-1.01874,342.298
2251,0.119473,-0.0883928,342.342
2252,-0.0731647,0.68344,342.914
2253,0.777948,0.319555,343.124
2254,0.933223,1.06207,343.141
2255,-0.328386,-0.483325,343.165
2256,1.56269,0.991577,343.491
2257,-0.477075,-0.521512,343.493
2258,0.836453,0.916708,343.499
2259,0.0301953,-0.332948,343.631
2260,0.621844,1.11982,343.879
2261,-0.249054,-0.855468,344.247
2262,0.881135,0.31139,344.572
2263,0.228461,0.60761,344.715
2264,0.845637,0.576551,344.788
2265,0.418302,0.716908,344.877
2266,0.353537,0.453425,344.887
2267,0.49886,0.927241,345.07
2268,0.0663139,-0.0676582,345.088
2269,0.715643,1.27176,345.398
2270,-0.444193,-1.28463,346.104
2271,0.295374,-0.928866,347.603
2272,0.281216,-0.593298,348.368
2273,0.551171,0.228537,348.472
2274,0.550217,0.74889,348.511
2275,0.362665,0.283391,348.517
2276,0.977018,1.11223,348.536
2277,-0.208307,-0.646868,348.728
2278,0.199689,0.747856,349.029
2279,0.0444058,0.0229347,349.029
2280,0.389781,1.22362,349.724
2281,-0.560844,-1.08927,350.003
2282,0.850997,-0.294013,351.315
2283,0.82744,0.552199,351.39
2284,0.240211,0.484903,351.45
2285,0.594578,0.836476,351.509
2286,0.15844,0.165901,351.509
2287,0.578216,1.21241,351.911
2288,-1.11492,-1.00814,351.922
2289,0.302111,-0.0591738,352.053
2290,0.0836635,0.692655,352.424
2291,0.710828,0.310569,352.584
2292,0.94812,1.07276,352.599
2293,-0.323917,-0.517974,352.637
2294,1.64484,0.946213,353.125
2295,-0.414244,-0.408838,353.125
2296,1.28028,1.04986,353.178
2297,0.0253524,-0.665727,353.656
2298,0.722448,0.694488,353.657
2299,-0.0975544,0.125043,353.706
2300,0.935752,1.18646,353.769
2301,-0.53578,-0.933236,353.927
2302,0.54019,0.136635,354.09
2303,-0.0246231,0.693892,354.606
2304,0.386384,0.366909,354.607
2305,0.564222,1.0197,354.814
2306,-0.274586,-0.345621,354.819
2307,0.762638,1.13867,354.96
2308,-0.969197,-0.918895,354.963
2309,0.0424283,0.159487,354.977
2310,0.396804,0.688721,355.062
2311,0.463388,0.383775,355.068
2312,0.729967,1.00042,355.141
2313,0.222198,-0.286042,355.4
2314,1.04511,1.18558,355.419
2315,-0.933004,-1.05364,355.434
2316,-0.183553,-0.19856,355.434
2317,0.316134,0.62871,355.532
2318,0.49841,0.387045,355.544
2319,0.770587,0.978888,355.588
2320,-0.101371,-0.225398,355.603
2321,1.28147,1.22254,355.607
2322,-0.95108,-1.16007,355.65
2323,-0.247202,-0.517296,355.723
2324,0.0531567,0.277347,355.773
2325,0.406959,0.737122,355.882
2326,0.493726,0.322517,355.912
2327,0.838668,1.07551,355.968
2328,-0.598759,-0.522663,355.974
2329,1.04059,0.940206,355.984
2330,-0.245095,-0.394381,356.006
2331,0.240626,1.06431,356.685
2332,-0.396089,-0.704175,356.779
2333,0.531871,0.625085,356.788
2334,0.0351341,0.241723,356.831
2335,0.825936,1.10572,356.909
2336,-0.401119,-0.639157,356.966
2337,0.630135,0.759787,356.983
2338,-0.282954,6.5467e-05,357.063
2339,0.402363,1.22794,357.744
2340,-0.0018621,-1.11094,358.974
2341,0.338656,-0.359478,359.462
2342,1.05506,0.485805,359.786
2343,0.365244,0.561748,359.824
2344,0.508196,0.703956,359.863
2345,0.51695,0.474748,359.864
2346,0.287458,0.895646,360.234
2347,0.0984099,0.0193692,360.241
2348,0.717377,1.26817,360.544
2349,-0.345486,-1.24574,361.354
2350,0.241129,-0.792171,362.422
2351,-0.0390321,-0.252271,362.468
2352,0.631144,0.673252,362.469
2353,0.316902,0.289744,362.47
2354,0.966909,1.08444,362.484
2355,-0.41388,-0.559502,362.505
2356,1.15206,0.887073,362.575
2357,-0.0907271,-0.26951,362.607
2358,1.8668,1.16443,363.101
2359,-0.397654,-0.979117,363.439
2360,0.777057,0.00719233,364.031
2361,0.248973,0.706193,364.24
2362,0.199711,0.303967,364.251
2363,1.2195,1.0825,364.27
2364,-0.122438,-0.54935,364.452
2365,1.2714,0.902251,364.589
2366,-0.625546,-0.304485,364.692
2367,1.14363,1.14088,364.692
2368,-0.360218,-0.913595,364.998
2369,0.710466,0.173746,365.286
2370,0.154187,0.683659,365.566
2371,0.254571,0.397779,365.587
2372,0.949725,0.983579,365.588
2373,0.142119,-0.235065,365.73
2374,0.799213,1.21772,365.905
2375,-1.18952,-1.14648,365.907
2376,-0.586353,-0.474884,365.92
2377,0.260628,0.340334,365.926
2378,0.494237,0.695377,365.966
2379,0.534448,0.425132,365.978
2380,0.709731,0.955582,366.039
2381,-0.338028,-0.150851,366.074
2382,1.46262,1.25482,366.117
2383,-0.869769,-1.24964,366.261
2384,-0.470276,-0.809809,366.377
2385,0.230821,-0.292999,366.651
2386,0.173326,0.636869,366.866
2387,0.36886,0.344257,366.867
2388,0.61796,1.02514,367.032
2389,-0.499987,-0.368009,367.05
2390,1.00796,1.11794,367.062
2391,-0.690712,-0.860109,367.091
2392,-0.4657,0.299679,367.676
2393,0.169368,0.616237,367.876
2394,0.248334,0.558257,367.972
2395,0.469912,0.74856,368.05
2396,0.51123,0.382998,368.066
2397,0.57894,1.01921,368.26
2398,-0.222707,-0.339391,368.274
2399,0.614413,1.1445,368.555
2400,-0.457257,-0.935651,368.784
2401,-0.045814,0.11773,368.81
2402,0.231917,0.6999,369.029
2403,0.645257,0.349515,369.117
2404,0.73182,1.03895,369.211
2405,0.183566,-0.406316,369.559
2406,1.16056,1.08055,369.565
2407,-0.394284,-0.756529,369.697
2408,0.733386,0.522896,369.741
2409,0.377385,0.390253,369.741
2410,0.4314,0.943652,370.004
2411,0.253907,-0.129596,370.151
2412,0.218706,1.25958,371.234
2413,-0.247939,-1.26005,372.258
2414,-0.565917,-0.844929,372.336
2415,-0.539353,-0.377481,372.362
2416,0.578584,0.547033,372.363
2417,0.16146,0.467813,372.457
2418,0.542236,0.857721,372.557
2419,-0.288239,0.110384,372.716
2420,0.766893,1.24026,372.94
2421,-0.894493,-1.12042,372.991
2422,0.336709,-0.385398,373.512
2423,0.0290813,0.45593,373.694
2424,0.533207,0.59336,373.698
2425,0.595342,0.643872,373.7
2426,0.296037,0.597608,373.791
2427,-0.00717833,0.693173,374.282
2428,0.701772,0.506598,374.32
2429,0.800356,0.848653,374.322
2430,-0.0269859,0.143682,374.351
2431,0.592281,1.22569,374.753
2432,-0.378565,-1.06015,375.217
2433,0.495452,-0.205777,375.709
2434,-0.406676,0.622673,376.768
2435,0.775032,0.395456,376.913
2436,0.817991,0.967862,376.935
2437,-0.291194,-0.192823,376.945
2438,0.932103,1.23831,377.038
2439,-1.2498,-1.20461,377.04
2440,-0.47459,-0.660019,377.075
2441,-0.067636,0.0287418,377.084
2442,0.423942,0.800838,377.226
2443,0.390558,0.110745,377.305
2444,1.02021,1.22308,377.346
2445,-1.00361,-1.06107,377.349
2446,-0.785407,-0.209306,377.681
2447,1.06633,0.620345,377.88
2448,0.315372,0.398449,377.887
2449,0.07828,0.963837,378.671
2450,-0.0351312,-0.181041,378.692
2451,1.16683,1.24327,378.698
2452,-1.32911,-1.2183,378.71
2453,-0.500077,-0.70499,378.752
2454,-0.120303,-0.0613061,378.756
2455,0.425144,0.783241,378.884
2456,0.374791,0.122755,378.948
2457,0.928943,1.21388,379.029
2458,-0.942283,-1.02607,379.036
2459,-0.287123,-0.109777,379.067
2460,0.600145,0.675309,379.073
2461,0.264008,0.328609,379.077
2462,0.116269,1.05142,379.951
2463,-0.0740185,-0.449081,380.092
2464,1.44728,1.03308,380.264
2465,-0.598046,-0.628883,380.265
2466,0.407866,0.756233,380.386
2467,0.167177,0.0106907,380.411
2468,0.538617,1.22671,380.884
2469,-0.194549,-1.10354,381.71
2470,-0.0156621,-0.336899,381.813
2471,0.46209,0.510037,381.816
2472,0.683964,0.534737,381.838
2473,0.311145,0.75269,382.033
2474,0.255254,0.367261,382.046
2475,0.330325,1.03697,382.545
2476,-0.360276,-0.395263,382.546
2477,0.427175,1.09237,382.989
2478,-0.240742,-0.789149,383.289
2479,0.0405913,0.455851,383.462
2480,0.230161,0.472336,383.52
2481,0.641334,0.824414,383.554
2482,0.373253,0.190179,383.587
2483,0.465135,1.19669,384.123
2484,-0.0305704,-0.947837,384.964
2485,-0.0234848,0.101254,384.98
2486,0.0507495,0.701296,385.403
2487,0.429733,0.341835,385.41
2488,0.947814,1.0468,385.42
2489,0.155634,-0.431548,385.765
2490,1.5015,1.05331,385.966
2491,-0.761476,-0.682717,385.972
2492,0.475649,0.66345,386.007
2493,0.298474,0.178953,386.022
2494,0.445154,1.1542,386.524
2495,0.0311915,-0.811365,387.234
2496,-0.140846,0.424621,387.554
2497,-0.0852903,0.504166,387.902
2498,0.410863,0.77153,388.032
2499,0.340172,0.317888,388.032
2500,0.617557,1.08999,388.255
2501,-0.291921,-0.567929,388.332
2502,0.906902,0.875435,388.333
2503,-0.245746,-0.24332,388.333
2504,0.599942,1.17974,388.669
2505,-0.0851881,-1.02151,389.545
2506,0.628371,-0.106954,390.086
2507,0.452837,0.677532,390.137
2508,0.200087,0.325245,390.152
2509,1.22827,1.05516,390.182
2510,-0.312075,-0.46114,390.204
2511,1.54837,1.01884,390.485
2512,-0.384365,-0.591586,390.528
2513,0.507375,0.815687,390.623
2514,0.120794,-0.10896,390.676
2515,0.557676,1.22808,391.125
2516,-0.243116,-1.14416,391.937
2517,0.260971,-0.464311,392.463
2518,0.684698,0.354935,392.572
2519,0.448417,0.684337,392.627
2520,0.254953,0.450837,392.666
2521,0.210376,0.920746,393.17
2522,-0.843412,-0.0516306,393.797
2523,1.31135,1.27249,393.799
2524,-0.938733,-1.28242,393.917
2525,-0.517084,-0.920688,394.08
2526,0.203539,-0.571458,394.68
2527,0.335838,0.266603,394.685
2528,0.527807,0.729055,394.726
2529,0.522714,0.335852,394.761
2530,1.12332,1.0608,394.765
2531,-0.0803882,-0.474663,394.92
2532,0.636261,1.00281,395.054
2533,-0.0812883,-0.550288,395.274
2534,0.897581,0.8769,395.275
2535,-0.57729,-0.241621,395.387
2536,0.42264,1.18134,395.963
2537,-0.0921145,-1.02627,396.836
2538,0.649456,-0.120109,397.428
2539,0.545918,0.671924,397.444
2540,0.518958,0.331893,397.479
2541,1.23313,1.04736,397.513
2542,-0.251435,-0.436188,397.547
2543,1.52506,1.04785,397.775
2544,-0.405033,-0.668028,397.844
2545,0.330398,0.689587,397.973
2546,0.26004,0.133849,397.989
2547,0.503662,1.18179,398.449
2548,-0.12971,-0.915139,399.066
2549,-0.138375,0.182068,399.169
2550,0.0518656,0.67905,399.562
2551,0.410346,0.409067,399.562
2552,0.5536,0.969445,399.735
2553,-0.289646,-0.193032,399.744
2554,0.490872,1.23867,400.304
2555,-1.3827,-1.20593,400.335
2556,-0.984126,-0.66436,400.437
2557,0.246508,0.0202974,400.488
2558,0.475787,0.800115,400.593
2559,0.374739,0.109831,400.664
2560,1.04629,1.22315,400.695
2561,-1.00042,-1.06157,400.699
2562,-0.759545,-0.210767,401
2563,1.03093,0.619336,401.169
2564,0.149352,0.399761,401.232
2565,0.0283468,0.962068,402.104
2566,-0.0245146,-0.175877,402.127
2567,1.16974,1.24531,402.132
2568,-1.33796,-1.22389,402.145
2569,-0.502212,-0.723491,402.194
2570,-0.141054,-0.0999843,402.196
2571,0.425303,0.768957,402.314
2572,0.371598,0.142192,402.367
2573,0.873804,1.20238,402.475
2574,-0.892209,-0.981351,402.483
2575,0.0284903,0.012445,402.483
2576,0.538573,0.705378,402.511
2577,0.02488,0.307152,402.59
2578,0.373602,1.07953,403.089
2579,-0.231816,-0.539405,403.183
2580,1.29008,0.916519,403.323
2581,-0.476671,-0.337833,403.342
2582,1.21611,1.11517,403.352
2583,-0.391154,-0.842404,403.556
2584,0.692021,0.34105,403.679
2585,0.061831,0.584438,403.952
2586,0.431509,0.62412,403.989
2587,0.457699,0.629995,404.019
2588,0.371122,0.631584,404.087
2589,0.428785,0.630541,404.128
2590,0.769468,0.632861,404.146
2591,0.43237,0.628445,404.185
2592,-0.214281,0.636938,404.909
2593,0.373017,0.620567,404.971
2594,0.24398,0.651936,405.137
2595,0.171278,0.591141,405.313
2596,0.228299,0.706355,405.542
2597,0.162839,0.47883,405.642
2598,0.285658,0.890917,406.008
2599,0.038884,0.0324219,406.008
2600,0.457591,1.2658,406.661
2601,-0.423345,-1.23344,407.317
2602,0.422451,-0.750167,408.693
2603,-0.0251748,-0.157881,408.71
2604,0.761546,0.740053,408.711
2605,0.294442,0.185886,408.722
2606,0.833929,1.17364,408.838
2607,-0.672372,-0.872639,408.878
2608,0.915299,0.285993,409.274
2609,0.642566,0.6237,409.274
2610,0.406637,0.541196,409.292
2611,0.801638,0.777059,409.293
2612,0.324127,0.317009,409.293
2613,-0.0681075,1.09243,410.64
2614,-0.526477,-0.575648,410.642
2615,0.889032,0.863809,410.643
2616,-0.360904,-0.217326,410.664
2617,-0.0100415,1.19302,412.111
2618,-0.0930587,-1.05781,413.042
2619,0.497795,-0.208648,413.541
2620,0.567578,0.621709,413.544
2621,0.307185,0.396275,413.552
2622,1.09899,0.966665,413.569
2623,-0.251115,-0.189336,413.573
2624,1.51831,1.23981,413.65
2625,-0.88143,-1.20879,413.758
2626,-0.370276,-0.673694,413.85
2627,-0.106401,0.00195426,413.861
2628,0.421873,0.797886,414.003
2629,0.387919,0.109314,414.08
2630,0.99974,1.22264,414.13
2631,-0.99455,-1.05998,414.134
2632,-0.691345,-0.206194,414.37
2633,0.936598,0.622483,414.468
2634,-0.0927324,0.395662,414.707
2635,-0.0936455,0.967577,415.833
2636,-0.0212084,-0.191988,415.862
2637,1.20161,1.23867,415.864
2638,-1.31412,-1.20562,415.875
2639,-0.488674,-0.663329,415.906
2640,-0.0736582,0.022307,415.915
2641,0.423931,0.800305,416.057
2642,0.389306,0.110009,416.135
2643,1.01589,1.22315,416.178
2644,-1.00222,-1.06153,416.181
2645,-0.768078,-0.21063,416.492
2646,1.04055,0.619431,416.669
2647,0.187749,0.399638,416.714
2648,0.041349,0.962235,417.562
2649,-0.0263671,-0.176362,417.585
2650,1.16837,1.24513,417.591
2651,-1.337,-1.22338,417.604
2652,-0.502126,-0.721787,417.652
2653,-0.139138,-0.0963806,417.654
2654,0.425299,0.770459,417.773
2655,0.371798,0.140036,417.827
2656,0.879219,1.20368,417.932
2657,-0.897378,-0.986386,417.94
2658,-0.00161575,-0.00103413,417.94
2659,0.538461,0.704083,417.967
2660,0.0212933,0.305664,418.048
2661,0.348579,1.08042,418.584
2662,-0.221826,-0.542537,418.687
2663,1.32902,0.912041,418.86
2664,-0.466922,-0.327308,418.88
2665,1.24603,1.12363,418.895
2666,-0.308174,-0.865754,419.206
2667,0.712984,0.287747,419.387
2668,0.0898201,0.624356,419.672
2669,0.366545,0.540576,419.703
2670,0.629226,0.778196,419.725
2671,0.307133,0.314348,419.725
2672,0.555664,1.09512,420.016
2673,-0.579853,-0.584694,420.016
2674,0.489773,0.849921,420.146
2675,-0.396337,-0.186721,420.19
2676,-0.0220257,1.20617,421.698
2677,-0.0895261,-1.09279,422.705
2678,0.488911,-0.310006,423.343
2679,0.642296,0.537618,423.354
2680,0.484595,0.502351,423.354
2681,0.848328,0.807986,423.356
2682,0.641247,0.236727,423.519
2683,0.908269,1.16394,423.585
2684,-0.677805,-0.825641,423.607
2685,0.282485,0.394826,423.619
2686,0.0382507,0.534065,423.865
2687,0.55379,0.719132,423.892
2688,0.621994,0.436208,423.927
2689,0.647839,0.949352,424.018
2690,-0.233649,-0.130914,424.028
2691,1.38215,1.26081,424.043
2692,-0.395906,-1.26478,424.798
2693,0.258671,-0.861289,426.052
2694,0.443754,-0.417979,426.795
2695,0.506275,0.497024,426.795
2696,0.452495,0.52876,426.801
2697,0.479269,0.757686,426.878
2698,-0.156466,0.354906,427.14
2699,0.55495,1.05096,427.386
2700,-0.183846,-0.439865,427.451
2701,0.303147,1.04442,428.001
2702,0.246632,-0.659085,428.821
2703,0.0875321,0.705174,429.203
2704,0.0972078,0.106097,429.203
2705,0.628053,1.19579,429.525
2706,0.0551438,-0.97006,430.576
2707,-0.090429,0.0413147,430.593
2708,0.154157,0.706592,430.899
2709,0.456779,0.313413,430.919
2710,0.644044,1.07446,431.104
2711,0.0309795,-0.522224,431.41
2712,1.28625,0.940533,431.53
2713,-0.482314,-0.39511,431.538
2714,0.946996,1.0636,431.551
2715,-0.342795,-0.702285,431.68
2716,0.642271,0.628595,431.681
2717,-0.0641291,0.236131,431.771
2718,0.841618,1.11052,431.843
2719,-0.412616,-0.655709,431.902
2720,0.628351,0.731219,431.913
2721,-0.277,0.0547342,432.023
2722,0.409653,1.21517,432.672
2723,0.0248886,-1.05088,433.829
2724,0.334263,-0.181531,434.095
2725,1.07645,0.638602,434.287
2726,0.0373977,0.374604,434.4
2727,0.571405,0.995121,434.58
2728,0.477127,-0.273992,435.144
2729,1.34231,1.19344,435.166
2730,-1.10822,-1.0762,435.167
2731,-0.206338,-0.263468,435.171
2732,0.327755,0.579958,435.234
2733,0.379614,0.450069,435.239
2734,0.68584,0.890401,435.281
2735,-0.00706399,0.0250813,435.282
2736,1.01122,1.26624,435.347
2737,-1.28891,-1.23718,435.35
2738,0.0956565,-0.763,436.087
2739,-0.109998,-0.186191,436.093
2740,0.511847,0.722566,436.137
2741,0.428633,0.2132,436.184
2742,0.884276,1.15313,436.256
2743,-0.600071,-0.797645,436.295
2744,1.01438,0.455207,436.608
2745,0.583504,0.470607,436.62
2746,0.352111,0.826502,436.845
2747,0.526277,0.184834,436.962
2748,0.632201,1.20012,437.285
2749,-0.195809,-0.96096,437.87
2750,0.260157,0.067216,437.907
2751,-0.361355,0.705387,439.045
2752,0.428861,0.323566,439.056
2753,0.976223,1.06504,439.064
2754,0.0213851,-0.490975,439.327
2755,1.62456,0.982034,439.739
2756,-0.580727,-0.497441,439.746
2757,0.661838,0.948184,439.828
2758,-0.0678435,-0.407907,439.944
2759,0.55909,1.05151,440.187
2760,-0.187595,-0.670321,440.42
2761,1.01785,0.686391,440.529
2762,-0.0902908,0.139318,440.582
2763,0.808812,1.17874,440.719
2764,-0.574801,-0.903416,440.827
2765,0.50861,0.210998,440.916
2766,-0.0673778,0.666647,441.454
2767,0.376563,0.441114,441.459
2768,0.505082,0.92758,441.637
2769,-0.246852,-0.0722326,441.668
2770,0.322454,1.27097,442.567
2771,-1.48123,-1.28318,442.606
2772,-0.977342,-0.923875,442.609
2773,0.175238,-0.579917,443.18
2774,0.508747,0.252013,443.245
2775,0.514381,0.73711,443.295
2776,0.325501,0.31494,443.295
2777,0.865626,1.08227,443.342
2778,-0.182151,-0.545354,443.474
2779,0.480175,0.908306,443.657
2780,0.0239622,-0.318634,443.775
2781,0.857293,1.13035,443.849
2782,-0.718084,-0.884368,443.877
2783,0.607377,0.244157,444.009
2784,0.210739,0.651232,444.203
2785,0.303888,0.479502,444.234
2786,0.763334,0.873478,444.246
2787,0.247997,0.0757015,444.276
2788,0.646514,1.25402,444.645
2789,-1.43745,-1.17888,444.711
2790,-0.425445,-0.569467,444.732
2791,0.0551122,0.192325,444.751
2792,0.839278,0.777375,444.755
2793,0.41711,0.21166,444.797
2794,0.697203,1.17049,445.021
2795,-0.603795,-0.854576,445.084
2796,0.0152766,0.328728,445.182
2797,0.212816,0.59234,445.326
2798,0.196562,0.607405,445.495
2799,0.585085,0.661185,445.501
2800,0.75803,0.570189,445.536
2801,-0.0234552,0.743193,446.124
2802,0.579558,0.397786,446.157
2803,1.13746,1.00143,446.175
2804,-0.286017,-0.284673,446.175
2805,0.697892,1.18697,446.415
2806,-0.648523,-1.05787,446.582
2807,0.0630445,-0.210646,446.657
2808,0.293956,0.620517,446.764
2809,0.670343,0.397748,446.838
2810,0.733503,0.964671,446.891
2811,-0.045828,-0.183501,446.91
2812,1.24509,1.24226,446.91
2813,-1.06155,-1.21554,446.934
2814,-0.343659,-0.695885,447.058
2815,-0.132352,-0.042621,447.066
2816,0.422323,0.788691,447.2
2817,0.380805,0.116366,447.27
2818,0.952698,1.21765,447.341
2819,-0.961853,-1.04083,447.347
2820,-0.42669,-0.151363,447.423
2821,0.67977,0.655676,447.423
2822,0.244677,0.352716,447.435
2823,-0.0331801,1.02253,448.549
2824,-0.0372069,-0.357982,448.652
2825,1.38673,1.12735,448.72
2826,-0.87944,-0.886673,448.72
2827,0.0737369,0.23754,448.747
2828,0.54816,0.655003,448.758
2829,0.382488,0.470622,448.766
2830,0.528773,0.886422,448.894
2831,0.405085,0.0411456,449.026
2832,0.802014,1.26356,449.239
2833,-1.45686,-1.22286,449.294
2834,-0.588315,-0.714477,449.31
2835,0.092843,-0.0815276,449.34
2836,0.775919,0.776351,449.34
2837,0.331619,0.131732,449.38
2838,0.74381,1.20861,449.596
2839,-0.77663,-1.00552,449.649
2840,0.480598,-0.0529057,449.933
2841,0.605361,0.694426,449.941
2842,0.0962737,0.309009,449.986
2843,0.256458,1.07465,450.656
2844,-0.157428,-0.524109,450.79
2845,1.43117,0.937828,451.034
2846,-0.456459,-0.388562,451.038
2847,1.28097,1.06998,451.083
2848,0.0235532,-0.719357,451.635
2849,0.736651,0.596528,451.654
2850,-0.0533909,0.286008,451.769
2851,0.802806,1.06444,451.838
2852,-0.338753,-0.500435,451.864
2853,0.638556,0.968721,451.973
2854,-0.304128,-0.46392,451.999
2855,0.233001,0.989306,452.571
2856,-0.139274,-0.509393,452.708
2857,0.738714,0.933518,452.746
2858,-0.124142,-0.372857,452.807
2859,1.13075,1.08542,452.809
2860,-0.485191,-0.761261,452.886
2861,0.339924,0.514301,452.916
2862,0.294547,0.401314,452.927
2863,0.821939,0.928816,452.939
2864,-0.24235,-0.0873847,452.963
2865,0.599809,1.26795,453.409
2866,-0.159952,-1.27701,454.657
2867,-0.611669,-0.902658,454.742
2868,-0.623812,-0.523811,454.752
2869,0.518507,0.345073,454.782
2870,0.363301,0.676151,454.88
2871,0.399419,0.46347,454.884
2872,0.447306,0.902119,455.091
2873,0.00844883,-0.000305344,455.091
2874,1.23555,1.27064,455.092
2875,-1.40785,-1.26041,455.114
2876,-0.261319,-0.842904,455.452
2877,0.167592,-0.372806,455.744
2878,0.476563,0.55255,455.75
2879,0.381316,0.460721,455.756
2880,1.08715,0.868595,455.804
2881,0.176518,0.0819758,455.813
2882,0.901318,1.25117,455.935
2883,-0.978362,-1.16701,455.971
2884,0.25829,-0.531313,456.594
2885,0.0131551,0.254688,456.653
2886,0.477915,0.749794,456.727
2887,0.422869,0.289339,456.744
2888,0.647312,1.10773,456.956
2889,-0.503468,-0.631105,456.973
2890,0.541723,0.774709,457.027
2891,-0.13267,-0.0295758,457.038
2892,0.397896,1.23119,457.732
2893,-0.443185,-1.13103,458.205
2894,0.812511,-0.421554,459.728
2895,0.799643,0.411901,459.878
2896,0.610792,0.636006,459.879
2897,0.392763,0.557265,459.906
2898,1.06081,0.756039,459.999
2899,0.335571,0.366946,460
2900,1.09815,1.0383,460.003
2901,-0.124145,-0.399216,460.079
2902,0.0331704,1.08837,461.193
2903,-0.224352,-0.778126,461.499
2904,0.183802,0.478838,461.586
2905,0.082458,0.445562,461.718
2906,0.587506,0.865715,461.796
2907,0.355207,0.0844213,461.869
2908,0.406466,1.24974,462.58
2909,-0.113041,-1.16125,463.679
2910,-0.395962,-0.512989,463.692
2911,-0.365257,0.283204,464.113
2912,0.0765745,0.733817,464.545
2913,0.673494,0.331078,464.662
2914,0.605452,1.06669,464.875
2915,-0.449452,-0.493627,464.877
2916,0.802102,0.978872,464.908
2917,-0.359844,-0.489555,464.925
2918,0.172782,0.958132,465.542
2919,-0.344515,-0.43209,465.549
2920,0.463822,1.02606,465.865
2921,-0.0899089,-0.603537,466.129
2922,1.0534,0.797858,466.195
2923,-0.189761,-0.0722687,466.208
2924,0.718717,1.23205,466.472
2925,-0.595622,-1.14679,466.776
2926,0.215715,-0.471568,467.248
2927,0.664988,0.344636,467.351
2928,0.592737,0.692246,467.361
2929,0.0951422,0.432505,467.474
2930,0.194669,0.945789,468.039
2931,-0.151635,-0.122573,468.039
2932,1.22975,1.2627,468.04
2933,-0.918842,-1.26896,468.163
2934,-0.490667,-0.875547,468.311
2935,0.2401,-0.453902,468.793
2936,0.190419,0.448898,468.86
2937,0.441725,0.581716,468.879
2938,0.436816,0.660919,468.929
2939,-0.0316207,0.562976,469.283
2940,0.332776,0.754557,469.461
2941,0.584851,0.371794,469.506
2942,-0.161538,1.03284,470.933
2943,0.00846243,-0.381935,471.085
2944,0.385777,1.10563,471.603
2945,-0.89355,-0.825961,471.608
2946,-0.0394868,0.376592,471.781
2947,0.105772,0.553662,471.982
2948,0.598765,0.683819,471.989
2949,0.491683,0.511446,471.989
2950,0.604747,0.838938,472.044
2951,0.293625,0.168089,472.06
2952,1.09776,1.21213,472.073
2953,-0.205688,-1.00652,472.714
2954,0.0663102,-0.0546821,472.729
2955,-0.54985,0.693857,474.276
2956,0.59577,0.309582,474.358
2957,0.905246,1.07398,474.386
2958,-0.22537,-0.521931,474.474
2959,1.6853,0.940818,475.028
2960,-0.409835,-0.395772,475.029
2961,1.31198,1.06296,475.091
2962,0.0242454,-0.700555,475.616
2963,0.732585,0.631798,475.626
2964,-0.0694838,0.230998,475.716
2965,0.852713,1.11484,475.785
2966,-0.42089,-0.670701,475.848
2967,0.626393,0.704674,475.854
2968,-0.270922,0.103598,475.994
2969,0.414058,1.19638,476.606
2970,0.0503066,-0.972765,477.653
2971,0.354141,0.0341323,477.755
2972,1.04689,0.706539,477.871
2973,0.0104605,0.311362,477.961
2974,0.355346,1.07624,478.481
2975,0.0918323,-0.528191,478.865
2976,1.32338,0.932292,479.018
2977,-0.476302,-0.375292,479.029
2978,1.03665,1.08251,479.031
2979,-0.38648,-0.753134,479.165
2980,0.657466,0.530656,479.181
2981,-0.0242484,0.379825,479.345
2982,0.700343,0.957223,479.411
2983,-0.157698,-0.168839,479.411
2984,0.601879,1.24726,479.827
2985,-0.201863,-1.22856,480.881
2986,-0.535328,-0.73894,480.923
2987,-0.464971,-0.133014,481.033
2988,0.516321,0.753548,481.089
2989,0.0649845,0.165127,481.099
2990,0.86989,1.18789,481.2
2991,-0.847904,-0.92598,481.206
2992,0.300359,0.155952,481.227
2993,0.573735,0.688156,481.24
2994,0.344764,0.383803,481.242
2995,0.664145,1.00022,481.355
2996,-0.0791375,-0.285477,481.397
2997,0.628826,1.18597,481.708
2998,-1.26089,-1.05478,481.75
2999,-0.440911,-0.201791,481.808
