t,predict_test,teacher
501,0.671734,0.602165,0.00483977
502,0.0483742,0.670824,0.392283
503,0.292904,0.550643,0.458713
504,1.2387,0.776757,0.672102
505,0.258941,0.320502,0.675892
506,1.00843,1.08922,0.682418
507,-0.853079,-0.564801,0.765523
508,1.30358,0.880165,0.944801
509,-0.474659,-0.254006,0.993489
510,1.10365,1.17372,0.998399
511,-0.567741,-1.00488,1.18949
512,-0.340457,-0.0615716,1.26726
513,1.12662,0.693229,1.45509
514,0.509544,0.308735,1.49542
515,0.941818,1.07452,1.51303
516,-0.276327,-0.523825,1.57429
517,0.844168,0.938208,1.58313
518,-0.384133,-0.389475,1.58316
519,1.04468,1.0691,1.58375
520,-0.209675,-0.716994,1.84113
521,0.350878,0.601016,1.9037
522,0.169734,0.279193,1.91568
523,0.993267,1.07118,1.92175
524,-0.268574,-0.522628,1.98629
525,0.285773,0.938957,2.41294
526,-0.472958,-0.391084,2.41964
527,0.726902,1.06756,2.53569
528,0.228874,-0.712889,3.42261
529,0.448484,0.608773,3.4483
530,0.231827,0.267287,3.44956
531,1.00029,1.08261,3.45634
532,-0.322277,-0.560684,3.51318
533,0.271442,0.884671,3.88923
534,-0.366906,-0.263905,3.89984
535,0.678459,1.1679,4.13938
536,0.0683379,-0.988749,5.25682
537,-0.208537,-0.0183049,5.29301
538,1.00871,0.702906,5.38652
539,0.345894,0.3028,5.38838
540,0.953062,1.08251,5.40514
541,-0.266003,-0.549714,5.48563
542,1.00044,0.901692,5.49538
543,-0.604868,-0.303183,5.58639
544,1.11885,1.14182,5.58692
545,-0.322268,-0.916208,5.93969
546,-0.109138,0.167333,6.01612
547,0.805176,0.685937,6.03034
548,0.121541,0.391486,6.10321
549,1.01639,0.991215,6.10385
550,0.189777,-0.258064,6.30441
551,0.362599,1.20413,7.01258
552,-1.14162,-1.10732,7.01376
553,-0.628165,-0.355367,7.08817
554,0.0171341,0.491005,7.31273
555,0.592361,0.555869,7.31406
556,0.599449,0.714715,7.32735
557,0.613075,0.451616,7.35342
558,0.865821,0.928875,7.35739
559,0.162989,-0.0724465,7.41282
560,1.3319,1.27131,7.41649
561,-1.19916,-1.28447,7.42377
562,-0.70493,-0.928417,7.47371
563,0.00258432,-0.592082,7.82734
564,0.281041,0.23069,7.82988
565,0.533333,0.747871,7.8759
566,0.587018,0.286172,7.96641
567,0.733631,1.10971,8.10785
568,-0.656477,-0.638183,8.10818
569,-0.0854632,0.762725,8.8276
570,-0.0759523,-0.00590313,8.83251
571,1.29479,1.22877,8.83687
572,-0.684388,-1.11559,9.02281
573,-0.672073,-0.373733,9.11181
574,0.223507,0.469775,9.17246
575,0.75043,0.578916,9.20188
576,0.71531,0.671731,9.20378
577,0.575835,0.541963,9.20492
578,0.873753,0.790307,9.21189
579,0.308393,0.288171,9.2123
580,0.964819,1.12083,9.23664
581,-0.893984,-0.672322,9.28577
582,1.07194,0.703427,9.42157
583,-0.34463,0.10557,9.62425
584,1.2134,1.19543,9.62458
585,-0.814882,-0.968986,9.64833
586,-0.214857,0.0441194,9.71539
587,0.227235,0.706579,9.94517
588,0.608928,0.31428,10.032
589,0.778172,1.07369,10.1193
590,-0.275997,-0.519658,10.1787
591,0.852703,0.944045,10.187
592,-0.805183,-0.403607,10.3483
593,1.04712,1.05515,10.3484
594,-0.240234,-0.679775,10.5416
595,0.427642,0.669615,10.6001
596,0.0560658,0.16833,10.6127
597,1.18622,1.16122,10.6133
598,-0.560526,-0.83729,10.6899
599,0.128945,0.366888,10.7465
600,0.355497,0.560364,10.7885
601,0.160731,0.670456,11.0483
602,0.365976,0.538793,11.0782
603,0.24941,0.79472,11.3756
604,1.33537,0.277426,12.4948
605,1.00278,1.13066,12.5112
606,-0.679458,-0.706536,12.5119
607,0.78051,0.640329,12.5316
608,-0.150329,0.214009,12.6643
609,1.17818,1.12798,12.6668
610,-0.771251,-0.717069,12.6697
611,0.173324,0.618531,12.868
612,-0.0838916,0.249267,12.979
613,0.355351,1.09857,13.5313
614,-0.237024,-0.614823,13.6741
615,0.269103,0.800361,13.9563
616,-0.314253,-0.0812563,14.0106
617,0.528342,1.23086,14.5041
618,-0.218943,-1.14542,15.3625
619,-0.628697,-0.46751,15.3885
620,0.590174,0.350383,15.446
621,0.579294,0.687871,15.4577
622,0.823739,0.442682,15.6029
623,0.785435,0.932008,15.6244
624,0.209478,-0.0832892,15.7101
625,0.900622,1.26989,15.8465
626,-1.16656,-1.28266,15.86
627,-1.01314,-0.922325,15.8682
628,0.127289,-0.575755,16.3625
629,0.362855,0.259212,16.3732
630,0.444246,0.733207,16.4567
631,0.567398,0.325135,16.5154
632,0.794241,1.07196,16.5926
633,-0.444312,-0.511211,16.597
634,0.233551,0.955718,17.1186
635,-0.30676,-0.43212,17.1343
636,1.03114,1.0253,17.1343
637,-0.332399,-0.601363,17.2067
638,0.425363,0.801297,17.348
639,-0.181711,-0.0793157,17.3585
640,1.43664,1.23158,17.4005
641,-0.96399,-1.14731,17.4341
642,-0.111308,-0.473359,17.5652
643,0.40353,0.342113,17.569
644,0.66115,0.694135,17.5701
645,0.831769,0.428081,17.733
646,0.784162,0.951686,17.7611
647,0.20357,-0.139564,17.8788
648,0.862471,1.25824,18.0355
649,-1.08966,-1.25829,18.0639
650,-0.984387,-0.839146,18.085
651,0.148183,-0.363319,18.3466
652,0.578989,0.563456,18.3469
653,0.148285,0.446529,18.4358
654,0.738072,0.889893,18.4589
655,0.595398,0.0252855,18.7839
656,-0.0501662,1.26607,20.5164
657,-0.526921,-1.23653,21.0199
658,-0.889657,-0.76079,21.0365
659,-0.00280446,-0.181281,21.0684
660,0.889639,0.725755,21.0952
661,0.487254,0.208207,21.1731
662,0.87661,1.15704,21.2518
663,-0.577026,-0.811763,21.3069
664,0.786954,0.424568,21.4382
665,0.352018,0.50411,21.4613
666,0.520307,0.771592,21.5245
667,0.0807861,0.317737,21.5806
668,0.28085,1.09014,22.2355
669,0.653334,-0.568441,23.7283
670,0.915251,0.874666,23.7299
671,-0.294233,-0.241589,23.7327
672,0.979142,1.18069,23.7733
673,-0.502916,-1.02411,24.045
674,-0.466477,-0.11412,24.1691
675,1.12719,0.674534,24.374
676,0.631992,0.32877,24.466
677,0.883577,1.05103,24.494
678,-0.231273,-0.447912,24.5409
679,0.536781,1.03443,24.7886
680,-0.299267,-0.632451,24.8996
681,0.819215,0.750339,24.9044
682,0.067031,0.0220526,24.9064
683,1.25436,1.22442,24.9073
684,-1.07184,-1.09227,24.9077
685,-0.140869,-0.302959,24.934
686,0.338957,0.54382,24.9759
687,0.842372,0.495076,25.0965
688,0.852232,0.820006,25.0976
689,0.364275,0.207149,25.1223
690,1.34662,1.18593,25.1481
691,-0.741562,-0.906847,25.1754
692,0.387854,0.204458,25.209
693,-0.0885784,0.669422,25.7836
694,0.54511,0.433962,25.796
695,0.416543,0.937174,26.067
696,-0.0825482,-0.0994249,26.0673
697,0.191893,1.26731,27.2238
698,-1.19501,-1.27834,27.2308
699,-1.11746,-0.907627,27.2748
700,-0.0723598,-0.536805,27.4905
701,0.541959,0.324288,27.5379
702,0.359729,0.691731,27.6481
703,0.580837,0.427399,27.6717
704,0.899535,0.951782,27.6744
705,0.0943293,-0.140024,27.7293
706,1.0706,1.25809,27.7645
707,-1.15586,-1.2579,27.7749
708,-0.875627,-0.8378,27.7763
709,-0.0266254,-0.360042,27.8875
710,0.602861,0.567177,27.8888
711,0.139338,0.441621,27.9801
712,0.741865,0.897112,28.0042
713,0.57783,0.00575217,28.3315
714,-0.0473928,1.26909,30.0646
715,-0.515041,-1.25309,30.6093
716,-0.957007,-0.817602,30.6288
717,-0.0266425,-0.31179,30.7101
718,0.794665,0.618621,30.7411
719,0.455553,0.370694,30.7483
720,0.722759,0.993207,30.8214
721,0.201389,-0.269837,31.0435
722,0.299082,1.19603,31.848
723,-0.320614,-1.08362,32.4302
724,-0.28948,-0.285115,32.4302
725,0.213973,0.561108,32.5507
726,0.340061,0.473687,32.5685
727,0.812635,0.854201,32.5703
728,0.247386,0.120582,32.5863
729,1.10864,1.2359,32.6025
730,-0.901711,-1.10227,32.6428
731,-0.159764,-0.330224,32.6718
732,-0.0304816,0.516652,32.9712
733,0.619481,0.527232,32.9797
734,1.06381,0.765833,33.0685
735,0.800261,0.337069,33.283
736,1.15731,1.07069,33.2905
737,-0.208385,-0.5038,33.3778
738,1.13857,0.965866,33.4076
739,-0.619827,-0.457195,33.4341
740,0.914378,0.997121,33.4409
741,-0.391075,-0.52911,33.46
742,0.582559,0.907196,33.5654
743,-0.31877,-0.31094,33.5654
744,1.47048,1.1368,33.6768
745,-0.969964,-0.902527,33.6813
746,0.557238,0.200663,33.8085
747,0.279168,0.67287,33.9635
748,0.183216,0.426344,34.0226
749,0.872809,0.947384,34.0281
750,0.263303,-0.128649,34.1818
751,0.413041,1.26104,34.9009
752,-1.31523,-1.26492,34.9034
753,-1.09278,-0.861724,34.9568
754,-0.0842719,-0.419072,35.0689
755,0.674935,0.495613,35.101
756,0.196777,0.530393,35.2123
757,0.673426,0.754841,35.219
758,0.828139,0.361419,35.4368
759,0.201943,1.04358,36.1451
760,-0.520332,-0.416253,36.156
761,1.13926,1.0705,36.1607
762,-0.61431,-0.729235,36.1739
763,0.229331,0.576653,36.2945
764,-0.0226623,0.315689,36.409
765,0.953972,1.03347,36.4153
766,-0.410099,-0.400585,36.4154
767,0.171258,1.08539,37.2511
768,-0.801665,-0.769463,37.2521
769,0.619952,0.496714,37.2673
770,0.639297,0.423747,37.3137
771,0.899701,0.897628,37.3137
772,0.065408,-0.000906481,37.3181
773,0.219742,1.26929,38.4197
774,-0.701394,-1.2558,38.7271
775,-0.621159,-0.827054,38.7694
776,0.0739497,-0.334366,38.9362
777,0.762931,0.595363,38.9642
778,0.638898,0.403451,39.0197
779,0.665168,0.950727,39.1012
780,0.352335,-0.1444,39.348
781,0.100991,1.25603,40.6821
782,-0.411055,-1.25196,41.3892
783,-0.922785,-0.817568,41.4003
784,-0.0465754,-0.311373,41.4704
785,0.572581,0.618995,41.4725
786,0.196636,0.370171,41.5027
787,0.761886,0.993861,41.5565
788,0.280184,-0.271811,41.8612
789,0.265943,1.19472,42.7238
790,-0.323484,-1.07986,43.2959
791,-0.293709,-0.274106,43.2963
792,0.215616,0.570855,43.4225
793,0.322826,0.461542,43.4417
794,0.84103,0.873027,43.4427
795,0.195204,0.0714155,43.4581
796,1.06588,1.25477,43.4938
797,-1.01419,-1.18279,43.5222
798,-0.444418,-0.582175,43.5412
799,-0.0564307,0.170663,43.5927
800,0.99464,0.784571,43.6369
801,0.732147,0.189425,43.9314
802,1.27639,1.18514,43.9397
803,0.0925324,-0.909541,44.9439
804,-0.486403,0.197371,45.4114
805,0.47071,0.6726,45.4522
806,0.515202,0.425863,45.4602
807,0.661248,0.947877,45.5423
808,-0.234732,-0.130099,45.5533
809,0.13681,1.26067,46.8163
810,-1.21523,-1.26402,46.8187
811,-1.11377,-0.858656,46.8838
812,-0.0709064,-0.411414,46.9997
813,0.682063,0.505437,47.0309
814,0.18893,0.518923,47.1398
815,0.68106,0.774638,47.1486
816,0.802639,0.315587,47.3858
817,0.145992,1.09296,48.2825
818,-0.562476,-0.577705,48.2828
819,0.948391,0.860647,48.2905
820,-0.353613,-0.21031,48.311
821,1.03907,1.19627,48.3357
822,-0.709307,-1.06658,48.4634
823,-0.556505,-0.233763,48.5675
824,1.1297,0.603521,48.8444
825,0.915243,0.419938,49.0897
826,0.787828,0.934169,49.1111
827,0.0607281,-0.0957604,49.1356
828,0.857054,1.26741,49.304
829,-1.21574,-1.2776,49.3079
830,-0.841566,-0.904933,49.3119
831,-0.142802,-0.529745,49.4616
832,0.49896,0.335639,49.4883
833,0.434877,0.683362,49.55
834,0.560288,0.446915,49.5629
835,0.911505,0.925382,49.5631
836,0.182939,-0.0647914,49.6244
837,1.13019,1.27174,49.6445
838,-1.26716,-1.28368,49.6447
839,-0.869327,-0.925449,49.6479
840,-0.0375931,-0.584144,49.9466
841,0.400792,0.244652,49.971
842,0.470425,0.74096,50.0442
843,0.569194,0.304764,50.1141
844,0.757674,1.09225,50.226
845,-0.549689,-0.578798,50.2269
846,0.0481077,0.858666,50.8839
847,-0.169758,-0.205869,50.8852
848,1.24051,1.19826,50.887
849,-0.564727,-1.07193,51.1442
850,-0.631117,-0.249181,51.2901
851,1.02358,0.591492,51.4768
852,0.907563,0.435438,51.6997
853,0.768576,0.911999,51.7203
854,0.10991,-0.0338066,51.7409
855,0.983057,1.272,51.8244
856,-1.2292,-1.27532,51.8266
857,-0.82481,-0.89541,51.8315
858,-0.139783,-0.505059,51.965
859,0.671446,0.374258,52.0533
860,0.47524,0.652385,52.0847
861,0.579653,0.516429,52.0887
862,0.898291,0.822338,52.0944
863,0.446826,0.208193,52.1514
864,1.01335,1.18602,52.1812
865,-1.24551,-0.90684,52.2959
866,0.612855,0.204504,52.4626
867,-0.0168274,0.669397,52.9335
868,0.470605,0.434021,52.9349
869,0.432133,0.937095,53.1899
870,-0.0396289,-0.0991999,53.1934
871,0.188585,1.26735,54.3572
872,-1.19329,-1.27841,54.3644
873,-1.11723,-0.907868,54.4082
874,-0.0721379,-0.537437,54.6247
875,0.541343,0.323265,54.6723
876,0.360735,0.692468,54.7823
877,0.580504,0.425662,54.8063
878,0.898298,0.954077,54.8094
879,0.0863992,-0.146668,54.8638
880,1.06329,1.25611,54.9009
881,-1.14416,-1.25293,54.9128
882,-0.865281,-0.820923,54.9147
883,-0.0229783,-0.319357,55.0026
884,0.640489,0.610939,55.0034
885,0.0997349,0.381649,55.0829
886,0.79124,0.979364,55.1183
887,0.341974,-0.22832,55.4435
888,0.183372,1.22083,56.5199
889,-0.355416,-1.15508,57.1593
890,-0.557295,-0.501654,57.1624
891,0.111548,0.301156,57.1984
892,0.681336,0.722531,57.2001
893,0.263015,0.359475,57.2094
894,1.13204,1.03585,57.2186
895,0.110504,-0.39433,57.4735
896,0.543688,1.09306,57.7753
897,-0.480953,-0.790991,57.8714
898,0.287755,0.451985,57.8984
899,0.207565,0.476696,57.9708
900,0.731004,0.81746,57.9783
901,0.116091,0.207471,57.9866
902,0.275126,1.18498,58.8145
903,0.00210979,-0.903595,59.6348
904,0.320404,0.212416,59.6464
905,0.103664,0.665753,59.9624
906,0.392083,0.443207,59.965
907,0.57551,0.924721,60.0869
908,-0.099142,-0.0641895,60.0882
909,0.250471,1.27165,61.131
910,-1.21824,-1.28318,61.1352
911,-1.08088,-0.923678,61.1599
912,-0.0635089,-0.579406,61.426
913,0.53252,0.2529,61.5042
914,0.450043,0.736636,61.5864
915,0.568592,0.316184,61.6501
916,0.773731,1.08103,61.7445
917,-0.484479,-0.541219,61.7477
918,0.148746,0.914224,62.3337
919,-0.24171,-0.332494,62.3419
920,1.14284,1.11949,62.3425
921,-0.441556,-0.854322,62.5128
922,-0.109412,0.314035,62.6922
923,0.659576,0.605638,62.6951
924,0.240214,0.580694,62.811
925,0.811612,0.709603,62.8214
926,0.539696,0.469257,62.8264
927,1.06987,0.904598,62.8537
928,0.0166812,-0.00483996,62.8541
929,1.37216,1.27135,62.8643
930,-1.08103,-1.2643,62.8979
931,-0.257499,-0.856444,63.2566
932,0.00969444,-0.406185,63.4296
933,0.587122,0.512086,63.4352
934,0.523841,0.51102,63.4354
935,0.703784,0.788028,63.4425
936,0.694006,0.283923,63.6106
937,0.163464,1.12355,64.5324
938,-0.584107,-0.682138,64.542
939,0.785977,0.685629,64.5521
940,-0.195206,0.137238,64.6626
941,1.135,1.17932,64.6646
942,-0.871607,-0.905945,64.6657
943,-0.164838,0.204765,64.8024
944,0.192789,0.669516,65.0296
945,0.401509,0.433876,65.0307
946,0.560807,0.937307,65.1724
947,-0.160227,-0.0997986,65.1761
948,0.311395,1.26725,66.0897
949,-1.30401,-1.27823,66.0904
950,-1.13298,-0.907229,66.1414
951,-0.0835383,-0.535759,66.3459
952,0.541863,0.325978,66.3925
953,0.357758,0.690506,66.5032
954,0.581426,0.430276,66.526
955,0.90154,0.947959,66.5282
956,0.10733,-0.128995,66.584
957,1.08201,1.26109,66.6161
958,-1.17467,-1.26519,66.6243
959,-0.888967,-0.862674,66.625
960,-0.0317827,-0.421446,66.7768
961,0.540207,0.492534,66.7791
962,0.208477,0.53394,66.885
963,0.675128,0.748631,66.8904
964,0.837907,0.375554,67.1042
965,0.21848,1.02713,67.7581
966,-0.503273,-0.364334,67.7774
967,1.17961,1.1223,67.7807
968,-0.6959,-0.872694,67.812
969,-0.102199,0.270458,67.9508
970,0.111211,0.635785,68.226
971,0.408512,0.515225,68.2374
972,0.946892,0.819096,68.2537
973,0.327547,0.215282,68.2663
974,0.768226,1.18084,68.4366
975,-0.879775,-0.887565,68.4367
976,0.60408,0.251374,68.5611
977,-0.0105413,0.645266,68.9911
978,0.652722,0.492496,69.0168
979,0.266563,0.854006,69.3619
980,0.0830325,0.126692,69.3638
981,0.578996,1.23373,69.7925
982,-1.09256,-1.09292,69.7925
983,-0.0942105,-0.302144,69.8357
984,0.0744998,0.544317,70.0565
985,0.55432,0.494564,70.06
986,1.07286,0.820864,70.1235
987,0.723187,0.205023,70.392
988,1.27198,1.18741,70.3992
989,-0.654156,-0.912416,70.4659
990,0.375398,0.19072,70.5
991,-0.0690954,0.675352,71.0542
992,0.528252,0.418676,71.0662
993,0.457501,0.9572,71.3159
994,-0.114928,-0.157122,71.3177
995,0.126876,1.2526,72.5849
996,-1.13998,-1.24374,72.5957
997,-1.05991,-0.789858,72.6686
998,-0.0557601,-0.246548,72.705
999,0.83542,0.677942,72.7298
1000,0.03487,0.282588,72.7912
1001,0.882118,1.09158,72.835
1002,-0.13234,-0.583402,73.0385
1003,0.945257,0.850975,73.0474
1004,-0.0311439,-0.188842,73.0723
1005,1.08124,1.20537,73.0877
1006,-0.167948,-1.09072,73.9392
1007,-0.665036,-0.303943,74.0696
1008,0.956058,0.543448,74.2398
1009,0.963904,0.495346,74.4594
1010,0.760774,0.819519,74.4628
1011,0.299667,0.208348,74.4712
1012,1.22924,1.18508,74.4731
1013,-0.73906,-0.903688,74.5002
1014,0.413807,0.212213,74.5409
1015,-0.103159,0.665846,75.1322
1016,0.55449,0.442973,75.1447
1017,0.392947,0.925039,75.4278
1018,-0.0634123,-0.0650831,75.4278
1019,0.240288,1.27158,76.4913
1020,-1.21402,-1.28321,76.4961
1021,-1.0824,-0.923812,76.5213
1022,-0.0638185,-0.579764,76.7875
1023,0.530404,0.25228,76.8648
1024,0.449402,0.736968,76.9475
1025,0.568201,0.315314,77.0115
1026,0.772984,1.0819,77.1069
1027,-0.489837,-0.544111,77.1099
1028,0.140721,0.910091,77.7018
1029,-0.235975,-0.322804,77.7093
1030,1.15203,1.12714,77.7099
1031,-0.451779,-0.875475,77.8895
1032,-0.158804,0.265103,78.0692
1033,0.723815,0.638966,78.0764
1034,0.173507,0.507942,78.1882
1035,0.911674,0.830482,78.1948
1036,0.464869,0.186802,78.2721
1037,0.780246,1.20029,78.4486
1038,-0.999714,-0.96094,78.4501
1039,0.387086,0.0673189,78.5523
1040,0.0350459,0.705373,79.0016
1041,0.424362,0.323623,79.0118
1042,0.77338,1.06499,79.0968
1043,-0.253152,-0.490789,79.1533
1044,0.62615,0.982273,79.2801
1045,-0.736209,-0.49804,79.3369
1046,0.930202,0.947421,79.3371
1047,-0.146501,-0.40606,79.4045
1048,0.908145,1.05339,79.4256
1049,-0.737201,-0.675293,79.4294
1050,1.02705,0.677588,79.5516
1051,-0.341727,0.154637,79.7979
1052,1.28982,1.1698,79.8124
1053,-0.70705,-0.86941,79.8387
1054,0.0613233,0.292715,79.8923
1055,0.389588,0.619222,79.945
1056,0.200712,0.551005,80.0677
1057,0.527746,0.760718,80.122
1058,0.0368631,0.355134,80.2233
1059,1.08383,1.05165,80.2243
1060,-0.563711,-0.441807,80.2392
1061,1.31248,1.04222,80.3122
1062,-0.577551,-0.653262,80.3179
1063,0.638451,0.715215,80.3238
1064,-0.0948668,0.0878764,80.3572
1065,1.12066,1.20375,80.3641
1066,-0.908052,-1.00227,80.373
1067,-0.0391678,-0.0452308,80.373
1068,0.441174,0.696456,80.4382
1069,0.659805,0.30736,80.5624
1070,0.972333,1.07668,80.5733
1071,-0.220389,-0.530722,80.6696
1072,0.968363,0.928671,80.6712
1073,-0.432452,-0.366619,80.6755
1074,1.02626,1.09043,80.6796
1075,-0.233703,-0.774633,80.9723
1076,0.224477,0.48705,81.0412
1077,0.366514,0.435506,81.046
1078,0.648701,0.880583,81.0997
1079,0.228952,0.0450536,81.1335
1080,0.462276,1.26133,81.772
1081,-0.476502,-1.21383,82.3157
1082,-0.540698,-0.684338,82.3363
1083,0.098261,-0.0197941,82.3503
1084,0.934415,0.79415,82.3699
1085,0.750893,0.111117,82.7792
1086,1.05144,1.22096,82.808
1087,-0.67046,-1.0537,82.9549
1088,0.798557,-0.188117,83.9284
1089,1.00422,0.634346,84.0652
1090,0.668607,0.380212,84.1484
1091,0.994394,0.987918,84.1484
1092,0.0822044,-0.252312,84.2603
1093,0.628404,1.20725,84.5954
1094,-0.886492,-1.11613,84.6481
1095,-0.2954,-0.381859,84.6556
1096,0.106819,0.461019,84.781
1097,0.653228,0.587888,84.7853
1098,0.541887,0.654448,84.798
1099,0.722038,0.576744,84.8191
1100,0.597902,0.730647,84.8367
1101,0.504595,0.42564,84.8429
1102,0.772736,0.965557,84.8801
1103,-0.526598,-0.177528,85.002
1104,1.14371,1.24554,85.0123
1105,-0.955869,-1.22519,85.0849
1106,-0.72227,-0.727868,85.0849
1107,0.255103,-0.109266,85.2177
1108,0.734158,0.764925,85.2186
1109,0.0432464,0.148066,85.2296
1110,1.10759,1.19878,85.2379
1111,-0.686589,-0.967499,85.3168
1112,0.0488471,0.0491597,85.3168
1113,0.82302,0.706367,85.3304
1114,0.286626,0.316212,85.3313
1115,0.827032,1.07192,85.3913
1116,-0.363954,-0.513767,85.4137
1117,0.742278,0.952039,85.4577
1118,-0.778486,-0.423059,85.5841
1119,1.0235,1.03504,85.5842
1120,-0.216278,-0.626752,85.7527
1121,0.534476,0.760567,85.8038
1122,-0.118927,0.00212668,85.8184
1123,1.37828,1.22816,85.841
1124,-0.877929,-1.1111,85.8954
1125,-0.0963229,-0.359921,85.9648
1126,0.349044,0.485309,85.9834
1127,0.768906,0.562289,86.0261
1128,0.798898,0.702956,86.0353
1129,0.531884,0.476882,86.0383
1130,1.01681,0.892504,86.0538
1131,0.134386,0.027875,86.0651
1132,1.24417,1.26666,86.0656
1133,-1.20333,-1.23785,86.0668
1134,-0.317653,-0.765177,86.2671
1135,-0.0259397,-0.191049,86.2944
1136,0.719892,0.719347,86.2944
1137,0.553303,0.218241,86.4066
1138,0.927423,1.14912,86.4558
1139,-0.532076,-0.783207,86.5188
1140,0.876315,0.485958,86.6712
1141,0.290147,0.43442,86.692
1142,0.621789,0.881578,86.7595
1143,-0.0558889,0.0422747,86.7692
1144,0.376714,1.26197,87.5528
1145,-0.422465,-1.21692,88.184
1146,-0.509049,-0.694654,88.2184
1147,0.094576,-0.040637,88.2367
1148,0.915245,0.789292,88.2526
1149,0.738907,0.115634,88.6411
1150,1.0255,1.21807,88.6781
1151,-0.730311,-1.04247,88.7756
1152,0.465061,-0.156033,89.1613
1153,1.04293,0.653173,89.3133
1154,0.592059,0.355901,89.369
1155,0.978494,1.01862,89.3706
1156,-0.0226373,-0.34585,89.4751
1157,0.513963,1.13813,89.8647
1158,-0.547713,-0.917226,90.0012
1159,0.264185,0.163613,90.0113
1160,0.220023,0.687355,90.2297
1161,0.382045,0.387644,90.2298
1162,1.13652,0.995831,90.2496
1163,0.0328215,-0.272059,90.3425
1164,0.319676,1.19513,91.1089
1165,-1.0747,-1.08128,91.109
1166,-0.537268,-0.278288,91.1761
1167,0.028317,0.567194,91.4664
1168,0.476841,0.46612,91.4666
1169,0.809916,0.865983,91.4697
1170,0.239514,0.0899385,91.4921
1171,1.08515,1.24847,91.5187
1172,-0.975629,-1.15517,91.551
1173,-0.343812,-0.493638,91.5734
1174,-0.0434313,0.3123,91.7
1175,0.874927,0.715365,91.7254
1176,0.874479,0.377244,91.9727
1177,1.26057,1.01537,92.0328
1178,-0.0318838,-0.330197,92.1218
1179,0.651196,1.15197,92.3726
1180,-0.662904,-0.956906,92.459
1181,-0.0937989,0.0636549,92.4838
1182,0.282304,0.707256,92.6644
1183,0.148254,0.318802,92.6935
1184,1.29068,1.06989,92.7422
1185,-0.257144,-0.506885,92.8046
1186,0.73607,0.961262,92.8553
1187,-0.740172,-0.445699,92.942
1188,1.04832,1.01027,92.9435
1189,-0.224173,-0.562618,93.058
1190,0.651689,0.859926,93.1014
1191,-0.320876,-0.204048,93.115
1192,1.45634,1.19969,93.1809
1193,-1.02992,-1.07617,93.183
1194,0.112804,-0.261481,93.3231
1195,0.602334,0.581429,93.3235
1196,1.08687,0.448272,93.7314
1197,0.682988,0.893101,93.7755
1198,0.128038,0.0177998,93.7877
1199,1.06285,1.26749,93.8295
1200,-1.18958,-1.24379,93.8325
1201,-0.69505,-0.78558,93.8407
1202,-0.103334,-0.237128,93.8586
1203,1.01037,0.685605,93.964
1204,0.456684,0.270787,93.9986
1205,0.823115,1.10303,94.077
1206,-0.277192,-0.622097,94.1959
1207,1.00413,0.789102,94.2421
1208,0.0232898,-0.0583837,94.2488
1209,1.07661,1.23196,94.273
1210,-0.26872,-1.14233,95.0361
1211,-0.765196,-0.457283,95.1309
1212,0.403139,0.364552,95.1324
1213,0.592182,0.676758,95.1396
1214,0.775831,0.468163,95.2342
1215,0.766548,0.89618,95.2511
1216,0.218662,0.0160557,95.2921
1217,0.927374,1.26849,95.4085
1218,-1.23874,-1.24789,95.4085
1219,-0.762325,-0.799565,95.4099
1220,0.159067,-0.269393,95.5935
1221,0.808006,0.658529,95.6159
1222,0.452445,0.312057,95.6356
1223,0.814874,1.06123,95.6963
1224,-0.0776304,-0.483067,95.8606
1225,0.769121,0.991673,95.9102
1226,-0.139387,-0.521701,96.0563
1227,0.921421,0.916461,96.0564
1228,0.188299,-0.332371,96.3274
1229,0.902904,1.12028,96.3747
1230,-0.877695,-0.856748,96.3751
1231,0.660621,0.308461,96.4992
1232,0.173607,0.609768,96.6894
1233,0.315241,0.571994,96.7553
1234,0.699103,0.724883,96.756
1235,0.499199,0.435961,96.76
1236,1.03567,0.951378,96.7671
1237,-0.120618,-0.136379,96.7673
1238,1.42989,1.25937,96.7964
1239,-0.992034,-1.26135,96.8689
1240,-0.603579,-0.849583,96.9295
1241,0.106097,-0.388911,97.1745
1242,0.515751,0.533373,97.1748
1243,0.223713,0.485046,97.2431
1244,0.740635,0.830634,97.2512
1245,0.725692,0.179579,97.5494
1246,0.00591367,1.20404,98.9849
1247,-0.592624,-0.975732,99.1317
1248,0.0431333,0.0283398,99.1319
1249,0.0824221,0.706156,99.521
1250,0.221685,0.310383,99.5288
1251,0.866745,1.07697,99.573
1252,-0.309941,-0.530708,99.6218
1253,0.893535,0.928781,99.623
1254,-0.681886,-0.366899,99.7222
1255,1.07519,1.09017,99.7225
1256,-0.256974,-0.773938,99.9897
1257,0.22685,0.488479,100.058
1258,0.37382,0.433762,100.062
1259,0.654219,0.883134,100.114
1260,0.224449,0.038232,100.149
1261,0.460545,1.26289,100.793
1262,-0.496646,-1.22139,101.318
1263,-0.561311,-0.709649,101.34
1264,0.0922289,-0.0714602,101.367
1265,0.93465,0.779956,101.391
1266,0.717173,0.126898,101.739
1267,0.985887,1.21144,101.79
1268,-0.782004,-1.01656,101.845
1269,0.0976766,-0.0833216,101.878
1270,1.00163,0.685312,101.978
1271,0.45467,0.317489,101.997
1272,0.944822,1.06447,102.011
1273,-0.211668,-0.491101,102.089
1274,0.71787,0.98169,102.159
1275,-0.234349,-0.496532,102.227
1276,0.924188,0.949345,102.228
1277,-0.0665146,-0.410718,102.346
1278,0.909723,1.04864,102.366
1279,-0.736438,-0.662715,102.371
1280,1.04558,0.699724,102.491
1281,-0.380006,0.115726,102.736
1282,1.34122,1.19117,102.759
1283,-0.790609,-0.951714,102.785
1284,-0.000402064,0.0892858,102.793
1285,0.450313,0.703325,102.857
1286,0.432233,0.334253,102.867
1287,0.870161,1.05458,102.901
1288,-0.272515,-0.456724,102.935
1289,0.54805,1.02434,103.161
1290,-0.840975,-0.605994,103.217
1291,0.735116,0.793181,103.22
1292,-0.0710125,-0.0625882,103.22
1293,1.22312,1.23247,103.22
1294,-1.11257,-1.14535,103.221
1295,-0.138376,-0.466822,103.329
1296,0.375779,0.351303,103.33
1297,0.685869,0.687174,103.33
1298,0.812255,0.444299,103.465
1299,0.775603,0.92979,103.489
1300,0.201967,-0.077024,103.567
1301,0.90202,1.27063,103.703
1302,-1.17365,-1.28341,103.715
1303,-1.00653,-0.924818,103.721
1304,0.127286,-0.582426,104.225
1305,0.363316,0.247646,104.238
1306,0.460008,0.739412,104.316
1307,0.566177,0.308871,104.383
1308,0.769191,1.08826,104.484
1309,-0.532909,-0.565377,104.486
1310,0.0829112,0.878967,105.119
1311,-0.195802,-0.251229,105.122
1312,1.21089,1.17533,105.124
1313,-0.523603,-1.00932,105.359
1314,-0.48049,-0.0736231,105.525
1315,1.01931,0.689615,105.634
1316,0.497111,0.312116,105.668
1317,0.912381,1.0705,105.693
1318,-0.273259,-0.510727,105.749
1319,0.773963,0.955972,105.782
1320,-0.334122,-0.432653,105.792
1321,1.01468,1.02473,105.792
1322,-0.156066,-0.59989,105.989
1323,0.58952,0.803603,106.035
1324,-0.217106,-0.0840554,106.053
1325,1.43049,1.23119,106.093
1326,-0.978904,-1.14737,106.121
1327,-0.109754,-0.4737,106.253
1328,0.412238,0.341639,106.258
1329,0.673772,0.694486,106.259
1330,0.837126,0.427257,106.427
1331,0.784752,0.952777,106.455
1332,0.203706,-0.142721,106.575
1333,0.860037,1.25732,106.733
1334,-1.08458,-1.256,106.762
1335,-0.979632,-0.831348,106.784
1336,0.150186,-0.344395,107.029
1337,0.596917,0.584545,107.029
1338,0.129037,0.418312,107.113
1339,0.760475,0.930385,107.142
1340,0.492181,-0.086368,107.476
1341,-0.000793419,1.26867,109.088
1342,-0.454715,-1.27925,109.768
1343,-1.05917,-0.910475,109.79
1344,-0.0874359,-0.544326,109.998
1345,0.300517,0.31205,109.999
1346,0.492749,0.700377,110.042
1347,0.536374,0.406877,110.059
1348,0.883067,0.978345,110.068
1349,0.00265866,-0.217958,110.116
1350,0.963906,1.227,110.185
1351,-1.00231,-1.17311,110.215
1352,-0.651926,-0.558568,110.223
1353,0.0338772,0.211269,110.255
1354,0.733017,0.769941,110.256
1355,0.114988,0.233447,110.27
1356,1.26374,1.15469,110.282
1357,0.321272,-0.796584,111.532
1358,-0.678959,0.458041,112.824
1359,0.492972,0.467303,112.825
1360,0.825492,0.831692,112.825
1361,-0.0798509,0.171795,112.889
1362,0.393087,1.20819,113.553
1363,0.0623781,-0.99207,114.665
1364,0.124046,-0.0154264,114.684
1365,0.138555,0.702046,115.002
1366,0.204223,0.305356,115.012
1367,1.12274,1.08007,115.014
1368,-0.303169,-0.541578,115.071
1369,1.00721,0.913393,115.079
1370,-0.501194,-0.330474,115.109
1371,1.06485,1.12112,115.112
1372,-0.273742,-0.858815,115.454
1373,0.0309225,0.303747,115.528
1374,0.643025,0.613189,115.529
1375,0.215804,0.564724,115.651
1376,0.828155,0.737479,115.659
1377,0.527796,0.407992,115.674
1378,1.02193,0.988203,115.675
1379,-0.232254,-0.244766,115.675
1380,1.43744,1.21259,115.726
1381,-0.867416,-1.13194,115.796
1382,-0.42848,-0.430033,115.796
1383,0.213761,0.401517,115.831
1384,0.539068,0.645287,115.842
1385,0.493414,0.537501,115.844
1386,0.982655,0.789116,115.881
1387,0.174871,0.289465,115.895
1388,0.948926,1.11943,115.924
1389,-0.92514,-0.66753,115.99
1390,0.886049,0.711993,116.02
1391,-0.13287,0.0900332,116.07
1392,1.26893,1.20225,116.074
1393,-0.880612,-0.996556,116.088
1394,-0.287829,-0.0296974,116.155
1395,0.229477,0.699799,116.376
1396,0.701256,0.305485,116.532
1397,0.82774,1.07929,116.596
1398,-0.235824,-0.539167,116.688
1399,1.00716,0.916805,116.696
1400,-0.522679,-0.338495,116.73
1401,1.05084,1.11463,116.734
1402,-0.270873,-0.840913,117.059
1403,0.0718533,0.344402,117.133
1404,0.585181,0.581669,117.133
1405,0.286647,0.629646,117.251
1406,0.727136,0.619464,117.262
1407,0.559717,0.651664,117.271
1408,1.13343,0.591307,117.565
1409,0.734873,0.705997,117.565
1410,0.316298,0.479587,117.592
1411,0.25903,0.889794,117.99
1412,-0.397383,0.0354497,118.177
1413,0.921288,1.26518,118.296
1414,-1.02456,-1.23031,118.338
1415,-0.0915738,-0.739586,118.758
1416,0.0963029,-0.134877,118.811
1417,0.765056,0.752656,118.811
1418,0.602541,0.16645,119.002
1419,1.00946,1.18701,119.033
1420,-0.739042,-0.922651,119.067
1421,0.237865,0.164303,119.072
1422,0.658435,0.685411,119.073
1423,0.275527,0.391588,119.086
1424,0.6544,0.990946,119.2
1425,-0.302927,-0.257287,119.202
1426,0.0843343,1.20461,120.457
1427,-1.05917,-1.1087,120.459
1428,-0.654071,-0.359519,120.546
1429,0.0315856,0.486434,120.753
1430,0.599052,0.560879,120.754
1431,0.589025,0.705511,120.768
1432,0.632672,0.471419,120.794
1433,0.827142,0.900523,120.799
1434,0.221721,0.00610638,120.846
1435,1.2936,1.2701,120.846
1436,-1.21536,-1.2566,120.848
1437,-0.426788,-0.829632,121.01
1438,-0.023125,-0.340586,121.111
1439,0.635215,0.588712,121.113
1440,0.513565,0.41261,121.124
1441,0.75692,0.938268,121.156
1442,0.369849,-0.108703,121.385
1443,0.0639075,1.26494,122.828
1444,-0.436826,-1.2727,123.527
1445,-1.01172,-0.888208,123.542
1446,-0.0780054,-0.486289,123.709
1447,0.357326,0.40247,123.711
1448,0.40621,0.627339,123.759
1449,0.57423,0.569766,123.759
1450,0.940634,0.733716,123.802
1451,0.487017,0.417255,123.807
1452,0.667009,0.976372,123.903
1453,-0.71501,-0.209446,124.158
1454,1.42223,1.2315,124.195
1455,-0.92178,-1.18605,124.265
1456,-0.653839,-0.599957,124.268
1457,0.200787,0.140256,124.271
1458,0.720847,0.792472,124.276
1459,0.118252,0.16286,124.278
1460,1.31499,1.20061,124.291
1461,0.237311,-0.969189,125.747
1462,-0.0536235,0.0451242,125.757
1463,0.41909,0.706393,125.839
1464,0.462685,0.314951,125.861
1465,0.968568,1.07305,125.872
1466,-0.390141,-0.517515,125.888
1467,0.775388,0.946964,125.918
1468,-0.760312,-0.410691,126.04
1469,1.03633,1.04796,126.04
1470,-0.22424,-0.660702,126.231
1471,0.467571,0.703249,126.286
1472,-0.00742468,0.109406,126.3
1473,1.26755,1.19422,126.305
1474,-0.691357,-0.963795,126.379
1475,0.0372439,0.057803,126.38
1476,0.465299,0.706184,126.438
1477,0.477867,0.319167,126.463
1478,0.903521,1.06924,126.491
1479,-0.277366,-0.504834,126.542
1480,0.772652,0.963971,126.579
1481,-0.818258,-0.452387,126.713
1482,0.991615,1.00268,126.713
1483,-0.198458,-0.543219,126.832
1484,0.688582,0.887681,126.871
1485,-0.378545,-0.266135,126.884
1486,1.44604,1.16715,126.962
1487,-1.0199,-0.98696,126.963
1488,0.346741,-0.0135822,127.093
1489,0.489072,0.703654,127.139
1490,0.455544,0.302745,127.162
1491,0.864082,1.08278,127.21
1492,-0.293743,-0.550553,127.276
1493,1.00022,0.900482,127.286
1494,-0.627368,-0.300382,127.393
1495,1.12534,1.14382,127.393
1496,-0.327278,-0.92178,127.747
1497,-0.122558,0.153596,127.823
1498,0.820143,0.690437,127.84
1499,0.125335,0.378694,127.904
1500,1.02311,1.00636,127.904
1501,0.144271,-0.304253,128.105
1502,0.371263,1.17231,128.747
1503,-1.05677,-1.01531,128.749
1504,-0.331304,-0.0915042,128.806
1505,0.0520604,0.683685,129.205
1506,0.295103,0.318154,129.206
1507,1.19874,1.06339,129.224
1508,-0.390994,-0.487685,129.233
1509,0.632527,0.986047,129.358
1510,-0.224423,-0.50751,129.438
1511,0.967889,0.935221,129.439
1512,-0.0653479,-0.376747,129.536
1513,0.955693,1.08185,129.552
1514,-0.810075,-0.751593,129.556
1515,0.886091,0.533708,129.68
1516,-0.1301,0.375741,129.936
1517,0.876695,0.962459,129.943
1518,-0.090787,-0.184136,129.952
1519,0.357572,1.24127,130.733
1520,-0.918905,-1.21229,130.819
1521,-0.359579,-0.685125,130.925
1522,0.23173,-0.0208426,130.989
1523,0.767475,0.793854,130.989
1524,0.239228,0.111461,131.006
1525,1.1233,1.22076,131.015
1526,-0.584135,-1.05293,131.235
1527,0.769729,-0.185897,132.148
1528,1.01147,0.63574,132.289
1529,0.647842,0.378399,132.362
1530,0.991705,0.990262,132.362
1531,0.0741019,-0.259346,132.473
1532,0.616421,1.20291,132.817
1533,-0.863154,-1.10361,132.875
1534,-0.255357,-0.344252,132.883
1535,0.119758,0.503005,133.03
1536,0.591489,0.542505,133.032
1537,0.643169,0.738865,133.041
1538,0.546977,0.398462,133.063
1539,0.959111,0.999379,133.065
1540,-0.00270218,-0.278722,133.141
1541,1.33571,1.19105,133.162
1542,-1.00109,-1.06967,133.167
1543,-0.411095,-0.244548,133.195
1544,0.173427,0.595375,133.373
1545,0.260193,0.430376,133.402
1546,0.99816,0.919299,133.408
1547,0.11692,-0.054043,133.437
1548,0.882439,1.2717,133.588
1549,-1.1474,-1.28033,133.606
1550,-0.832223,-0.913416,133.613
1551,-0.146723,-0.552158,133.777
1552,0.552322,0.299146,133.841
1553,0.497769,0.709069,133.886
1554,0.55344,0.385853,133.914
1555,0.850589,1.00429,133.938
1556,-0.088423,-0.29627,133.981
1557,0.812203,1.1784,134.115
1558,-0.81989,-1.03296,134.16
1559,-0.243114,-0.140279,134.171
1560,0.0875078,0.662564,134.502
1561,0.184016,0.34333,134.527
1562,1.1459,1.03374,134.54
1563,-0.293148,-0.393078,134.549
1564,0.404505,1.09381,135.025
1565,-0.351777,-0.792908,135.219
1566,0.574545,0.447959,135.235
1567,0.180702,0.481193,135.326
1568,0.886376,0.810222,135.331
1569,0.118067,0.225314,135.343
1570,0.270821,1.17199,136.155
1571,0.0604953,-0.855402,136.994
1572,0.430923,0.327201,137.005
1573,0.06724,0.593495,137.282
1574,0.573954,0.605029,137.282
1575,0.20434,0.665564,137.495
1576,0.222436,0.561343,137.61
1577,1.25529,0.758521,137.857
1578,0.295209,0.362907,137.861
1579,0.944275,1.04317,137.871
1580,-0.770815,-0.414624,137.998
1581,1.32895,1.07227,138.064
1582,-0.665109,-0.734067,138.069
1583,0.344652,0.567285,138.118
1584,0.124627,0.329242,138.16
1585,1.01597,1.01843,138.16
1586,-0.3555,-0.353294,138.16
1587,0.187922,1.13078,139.049
1588,-0.877776,-0.896132,139.05
1589,0.455057,0.214963,139.107
1590,0.657518,0.666468,139.107
1591,0.315797,0.442638,139.123
1592,1.18134,0.925641,139.189
1593,0.172224,-0.0667445,139.246
1594,0.425781,1.27146,139.961
1595,-1.29966,-1.28326,139.961
1596,-1.06058,-0.92403,139.98
1597,-0.0795739,-0.580343,140.231
1598,0.52752,0.251274,140.307
1599,0.44704,0.737503,140.391
1600,0.567737,0.313907,140.456
1601,0.771849,1.0833,140.553
1602,-0.498607,-0.548777,140.555
1603,0.127855,0.903371,141.157
1604,-0.226841,-0.307144,141.163
1605,1.16627,1.13894,141.164
1606,-0.46808,-0.908198,141.358
1607,-0.236216,0.186929,141.537
1608,0.816656,0.678621,141.556
1609,0.128117,0.411341,141.636
1610,1.00965,0.966704,141.638
1611,0.253922,-0.184922,141.83
1612,0.383307,1.24214,142.568
1613,-1.25538,-1.21554,142.57
1614,-0.970051,-0.695919,142.645
1615,-0.0525592,-0.0426868,142.645
1616,0.931123,0.788673,142.665
1617,-0.0353598,0.116386,142.688
1618,1.14824,1.21764,142.693
1619,-0.640367,-1.04078,142.853
1620,0.430722,-0.151231,143.192
1621,1.04659,0.655746,143.345
1622,0.566075,0.352627,143.39
1623,0.974915,1.02264,143.393
1624,-0.037791,-0.358321,143.495
1625,0.509327,1.12704,143.877
1626,-0.501592,-0.885805,144.024
1627,0.337511,0.239601,144.034
1628,0.220363,0.653886,144.222
1629,0.490374,0.473286,144.222
1630,0.950754,0.882566,144.227
1631,0.23323,0.0514947,144.26
1632,0.558678,1.26106,144.753
1633,-1.23113,-1.21092,144.754
1634,-0.57913,-0.674553,144.763
1635,0.0166824,-0.000306642,144.763
1636,1.00877,0.797634,144.808
1637,0.566153,0.1092,145.016
1638,1.15821,1.2226,145.021
1639,-0.610336,-1.05988,145.223
1640,1.10114,-0.205895,146.931
1641,0.921593,0.622687,147.02
1642,0.721643,0.395397,147.127
1643,1.01146,0.967932,147.129
1644,0.145372,-0.19303,147.243
1645,0.744505,1.23821,147.487
1646,-1.05639,-1.20436,147.509
1647,-0.595249,-0.659196,147.513
1648,-0.00490771,0.030339,147.514
1649,0.951236,0.800953,147.537
1650,0.0279039,0.110966,147.544
1651,1.20312,1.22305,147.544
1652,-0.335239,-1.06089,148.071
1653,1.37529,-0.208772,150.58
1654,0.740656,0.620713,150.594
1655,0.739661,0.39797,150.711
1656,1.0445,0.964481,150.717
1657,0.156316,-0.182923,150.833
1658,0.768584,1.2425,151.057
1659,-1.07837,-1.2162,151.076
1660,-0.637591,-0.698061,151.08
1661,-0.0220289,-0.0470652,151.08
1662,0.938455,0.787481,151.103
1663,0.0222676,0.117704,151.112
1664,1.12647,1.21685,151.12
1665,-0.660223,-1.0377,151.263
1666,0.368785,-0.142483,151.524
1667,1.0466,0.660269,151.674
1668,0.54769,0.346917,151.714
1669,0.971215,1.02959,151.717
1670,-0.0637259,-0.379999,151.817
1671,0.508833,1.10672,152.175
1672,-0.42451,-0.828754,152.338
1673,0.460212,0.370448,152.346
1674,0.209811,0.559249,152.468
1675,0.732485,0.673271,152.472
1676,0.470634,0.533164,152.476
1677,0.332543,0.804013,152.698
1678,0.983223,0.254939,153.229
1679,1.20836,1.15021,153.232
1680,-0.694011,-0.775703,153.239
1681,0.679413,0.502662,153.27
1682,-0.0789112,0.413552,153.512
1683,0.971923,0.911363,153.516
1684,-0.469203,-0.0387498,153.701
1685,0.601489,1.27131,154.15
1686,-0.580841,-1.27433,154.631
1687,-0.600747,-0.892106,154.716
1688,0.0497655,-0.496495,155.014
1689,0.432904,0.387258,155.016
1690,0.697459,0.641095,155.019
1691,0.533175,0.540773,155.019
1692,0.916559,0.782919,155.037
1693,0.490208,0.304086,155.072
1694,0.873677,1.10542,155.126
1695,-1.0552,-0.61951,155.316
1696,1.17103,0.794316,155.457
1697,-0.326177,-0.0691668,155.523
1698,1.25679,1.2316,155.524
1699,-0.838291,-1.14431,155.618
1700,-0.653549,-0.463759,155.654
1701,0.566545,0.355605,155.698
1702,0.649293,0.683836,155.699
1703,0.809496,0.451997,155.827
1704,0.780183,0.919129,155.847
1705,0.21121,-0.047117,155.913
1706,0.915449,1.27263,156.041
1707,-1.2027,-1.28156,156.047
1708,-0.964119,-0.917562,156.049
1709,0.130761,-0.563155,156.531
1710,0.445444,0.28073,156.558
1711,0.479224,0.72072,156.616
1712,0.580344,0.357007,156.666
1713,0.812155,1.03778,156.717
1714,-0.245012,-0.400683,156.741
1715,0.55071,1.08657,157.028
1716,-0.562554,-0.77309,157.073
1717,0.427413,0.489236,157.077
1718,0.00506875,0.43298,157.26
1719,0.818606,0.88431,157.264
1720,-0.0700258,0.0350876,157.275
1721,0.234848,1.26357,158.333
1722,-0.582889,-1.22472,158.745
1723,-0.540809,-0.72086,158.778
1724,0.102268,-0.0949122,158.817
1725,0.930998,0.77113,158.842
1726,0.703114,0.139028,159.16
1727,0.955322,1.20428,159.222
1728,-0.788222,-0.988695,159.262
1729,0.00472907,-0.00724069,159.263
1730,0.903196,0.703318,159.303
1731,0.352285,0.305309,159.305
1732,0.888978,1.0805,159.341
1733,-0.329318,-0.542869,159.387
1734,0.959399,0.911559,159.389
1735,-0.604791,-0.326176,159.467
1736,1.07106,1.12452,159.47
1737,-0.286547,-0.868217,159.808
1738,0.00822613,0.282034,159.883
1739,0.672502,0.628174,159.885
1740,0.18551,0.532166,160.005
1741,0.873692,0.791972,160.012
1742,0.496101,0.281543,160.058
1743,0.893645,1.12662,160.112
1744,-0.707882,-0.692514,160.113
1745,1.03037,0.66658,160.245
1746,-0.209036,0.170186,160.389
1747,1.35948,1.15943,160.429
1748,-0.876341,-0.830918,160.431
1749,0.00437237,0.381233,160.573
1750,0.117004,0.547251,160.758
1751,0.267701,0.695093,160.941
1752,0.201746,0.487759,161.022
1753,0.286315,0.875455,161.369
1754,1.24683,0.0733367,162.747
1755,1.14535,1.25511,162.759
1756,-0.927251,-1.18341,162.824
1757,-0.376114,-0.584112,162.867
1758,0.127504,0.167316,162.869
1759,0.693666,0.785574,162.877
1760,0.809937,0.186218,163.267
1761,1.3257,1.18712,163.286
1762,0.0896721,-0.917104,164.299
1763,-0.447749,0.178625,164.692
1764,0.462703,0.680199,164.739
1765,0.503485,0.405848,164.748
1766,0.707232,0.973462,164.819
1767,-0.270862,-0.204925,164.824
1768,0.0776798,1.23325,166.159
1769,-1.12326,-1.19073,166.164
1770,-0.915042,-0.615012,166.254
1771,-0.0193078,0.113245,166.271
1772,0.922306,0.797542,166.287
1773,0.017853,0.14347,166.303
1774,1.26745,1.21045,166.306
1775,0.114279,-1.00821,167.566
1776,0.505303,-0.0599453,167.885
1777,0.387751,0.692507,167.978
1778,0.541025,0.310625,168.031
1779,1.08241,1.07267,168.031
1780,-0.28035,-0.517679,168.088
1781,0.851775,0.946613,168.097
1782,-0.300555,-0.40981,168.109
1783,0.989533,1.04886,168.112
1784,-0.171171,-0.663098,168.354
1785,0.465634,0.69908,168.409
1786,-0.0106724,0.116872,168.425
1787,1.25649,1.1906,168.429
1788,-0.678257,-0.949482,168.503
1789,0.048456,0.0950575,168.505
1790,0.463903,0.702505,168.562
1791,0.426388,0.337599,168.57
1792,0.863632,1.05119,168.605
1793,-0.270298,-0.44572,168.636
1794,0.507115,1.03722,168.917
1795,-0.847455,-0.639883,168.96
1796,0.664908,0.737936,168.965
1797,-0.0458309,0.0456647,168.974
1798,1.24592,1.21846,168.974
1799,-1.04968,-1.06481,168.974
1800,-0.121413,-0.221806,168.985
1801,0.371109,0.61168,169.042
1802,0.82979,0.409644,169.219
1803,0.922303,0.948573,169.22
1804,0.125677,-0.136813,169.289
1805,0.922209,1.25837,169.402
1806,-1.1914,-1.25793,169.406
1807,-0.786502,-0.837819,169.409
1808,-0.0965212,-0.360096,169.478
1809,0.702225,0.567118,169.496
1810,0.212609,0.4417,169.549
1811,0.716904,0.896997,169.581
1812,0.569852,0.0060643,169.899
1813,-0.0453368,1.26905,171.627
1814,-0.515062,-1.25286,172.171
1815,-0.955741,-0.816791,172.19
1816,-0.026272,-0.309864,172.271
1817,0.796596,0.62054,172.302
1818,0.455705,0.367942,172.309
1819,0.724803,0.996628,172.383
1820,0.1892,-0.280192,172.604
1821,0.319188,1.18908,173.36
1822,-0.312856,-1.06353,173.924
1823,-0.223335,-0.226802,173.924
1824,0.237685,0.608927,174.062
1825,0.256145,0.41285,174.086
1826,0.957928,0.944055,174.087
1827,-0.0173813,-0.123881,174.098
1828,0.733,1.26173,174.377
1829,-1.10403,-1.26592,174.404
1830,-0.784424,-0.865045,174.41
1831,-0.123918,-0.427399,174.502
1832,0.620018,0.484748,174.521
1833,0.291951,0.542807,174.583
1834,0.642979,0.73293,174.592
1835,0.849137,0.410782,174.784
1836,0.265601,0.98364,175.299
1837,-0.45123,-0.231333,175.348
1838,1.23805,1.22017,175.348
1839,-0.880348,-1.15374,175.423
1840,-0.791846,-0.497527,175.509
1841,0.148084,0.30733,175.535
1842,0.587897,0.718509,175.552
1843,0.311132,0.369441,175.555
1844,1.19155,1.02447,175.583
1845,0.114687,-0.358526,175.807
1846,0.629716,1.12738,176.055
1847,-0.581302,-0.88695,176.148
1848,0.0545845,0.236863,176.181
1849,0.258516,0.65537,176.339
1850,0.338014,0.469746,176.356
1851,0.98218,0.887685,176.365
1852,0.238762,0.037745,176.405
1853,0.545121,1.26431,176.923
1854,-1.24747,-1.22655,176.923
1855,-0.660602,-0.726907,176.928
1856,0.00393704,-0.107717,176.94
1857,1.01119,0.765684,177
1858,0.492408,0.146905,177.12
1859,1.02057,1.19949,177.152
1860,-0.791915,-0.970221,177.183
1861,0.0325088,0.0419873,177.184
1862,0.831509,0.706466,177.199
1863,0.308726,0.313865,177.199
1864,0.837499,1.07402,177.255
1865,-0.361403,-0.520779,177.281
1866,0.78753,0.942513,177.305
1867,-0.768607,-0.399896,177.441
1868,1.04673,1.05887,177.441
1869,-0.235789,-0.689659,177.647
1870,0.407907,0.651781,177.706
1871,0.0893396,0.198357,177.718
1872,1.13925,1.14045,177.718
1873,-0.486771,-0.761371,177.793
1874,0.174648,0.530576,177.92
1875,0.198271,0.377474,177.952
1876,0.187585,0.959692,178.548
1877,0.0161668,-0.17617,178.585
1878,0.519346,1.24446,179.111
1879,-0.8481,-1.22099,179.25
1880,-0.441155,-0.713822,179.325
1881,0.185867,-0.0796567,179.395
1882,0.708661,0.77697,179.4
1883,0.254429,0.130947,179.415
1884,1.05478,1.20908,179.439
1885,-0.721834,-1.00736,179.52
1886,0.0492141,-0.0579497,179.532
1887,0.97458,0.693091,179.611
1888,0.40008,0.310089,179.619
1889,0.927314,1.07331,179.64
1890,-0.260812,-0.519766,179.708
1891,0.845142,0.943774,179.717
1892,-0.323486,-0.402922,179.724
1893,0.994517,1.05585,179.727
1894,-0.181429,-0.681616,179.977
1895,0.427109,0.666313,180.035
1896,0.0512427,0.173952,180.05
1897,1.17615,1.15753,180.05
1898,-0.549348,-0.823643,180.125
1899,0.137389,0.397517,180.193
1900,0.331376,0.531679,180.233
1901,0.152549,0.723499,180.559
1902,0.297254,0.426672,180.576
1903,0.336973,0.962181,180.967
1904,1.10278,-0.168107,182.582
1905,1.17683,1.24909,182.587
1906,-0.853666,-1.23475,182.732
1907,-1.01249,-0.75972,182.796
1908,0.227373,-0.178469,182.961
1909,0.660385,0.727492,182.965
1910,0.0489809,0.205516,182.99
1911,1.00258,1.15912,183.014
1912,-0.497734,-0.819316,183.118
1913,0.764459,0.407945,183.245
1914,0.367474,0.521218,183.269
1915,0.477829,0.742048,183.338
1916,0.117526,0.385476,183.41
1917,0.242244,1.01459,184.007
1918,0.89675,-0.325497,185.501
1919,1.14792,1.15605,185.501
1920,-0.660653,-0.968676,185.596
1921,-0.373952,0.0331481,185.761
1922,0.311613,0.707859,185.918
1923,0.142821,0.308455,185.946
1924,1.37175,1.07916,186.031
1925,-0.303613,-0.537872,186.086
1926,0.895924,0.918718,186.087
1927,-0.712128,-0.343022,186.223
1928,1.15071,1.11089,186.225
1929,-0.309581,-0.8306,186.496
1930,0.0946594,0.367411,186.57
1931,0.560181,0.561833,186.57
1932,0.335432,0.668304,186.681
1933,0.662315,0.543267,186.695
1934,0.562921,0.787296,186.746
1935,1.08061,0.29521,187.363
1936,1.14074,1.11418,187.363
1937,-0.621553,-0.649393,187.364
1938,0.843581,0.743858,187.374
1939,-0.213489,0.0305282,187.434
1940,1.22971,1.22185,187.434
1941,-0.820234,-1.08093,187.502
1942,-0.459272,-0.269232,187.538
1943,0.259058,0.57424,187.637
1944,0.864615,0.457579,187.803
1945,0.777802,0.879142,187.813
1946,0.265124,0.0552264,187.857
1947,1.26246,1.25947,187.857
1948,-1.14357,-1.20421,187.861
1949,-0.558992,-0.652336,187.869
1950,-0.0558117,0.0429774,187.879
1951,1.05658,0.801713,187.944
1952,0.61792,0.113051,188.199
1953,1.1726,1.22262,188.202
1954,-0.411224,-1.05881,188.621
1955,1.43561,-0.202719,191.305
1956,0.648457,0.624825,191.306
1957,0.755372,0.392616,191.437
1958,1.06278,0.971641,191.446
1959,0.134953,-0.203936,191.56
1960,0.726443,1.23327,191.817
1961,-1.02632,-1.19051,191.844
1962,-0.545917,-0.614245,191.849
1963,0.0154253,0.114633,191.859
1964,0.942642,0.79733,191.88
1965,0.0612703,0.144362,191.887
1966,1.25123,1.21002,191.888
1967,0.113357,-1.00651,193.143
1968,0.476543,-0.0552729,193.425
1969,0.38785,0.693771,193.519
1970,0.536006,0.309573,193.57
1971,1.0793,1.07396,193.57
1972,-0.289183,-0.521878,193.624
1973,0.87278,0.940889,193.629
1974,-0.323069,-0.395944,193.634
1975,0.999327,1.06279,193.638
1976,-0.188596,-0.700105,193.9
1977,0.388451,0.63263,193.96
1978,0.113719,0.229659,193.973
1979,1.0849,1.11595,193.974
1980,-0.407155,-0.67458,194.046
1981,0.219818,0.697704,194.274
1982,-0.0339385,0.116119,194.296
1983,0.386487,1.19043,194.943
1984,-0.171989,-0.949151,195.547
1985,-0.180623,0.0958883,195.623
1986,0.28,0.702382,195.802
1987,0.450434,0.338089,195.814
1988,0.724075,1.05069,195.921
1989,-0.274131,-0.444099,195.95
1990,0.495304,1.03909,196.246
1991,-0.849926,-0.64483,196.288
1992,0.65431,0.7296,196.293
1993,-0.0424353,0.0613085,196.304
1994,1.24586,1.21362,196.305
1995,-1.03306,-1.04362,196.305
1996,-0.109091,-0.160722,196.308
1997,0.390287,0.650749,196.376
1998,0.787099,0.35892,196.559
1999,0.960055,1.01487,196.562
2000,-0.0278616,-0.334275,196.656
2001,0.581002,1.14803,196.977
2002,-0.617997,-0.945431,197.085
2003,0.200107,0.0930332,197.096
2004,0.208396,0.704254,197.342
2005,0.310781,0.333548,197.343
2006,1.23949,1.05552,197.376
2007,-0.185845,-0.459709,197.451
2008,0.564891,1.02079,197.659
2009,-0.769919,-0.596733,197.689
2010,0.792973,0.80771,197.689
2011,-0.0970977,-0.0923745,197.689
2012,1.20778,1.23037,197.69
2013,-1.11494,-1.14704,197.691
2014,-0.113274,-0.472858,197.82
2015,0.43612,0.342857,197.829
2016,0.748663,0.693572,197.832
2017,0.848097,0.429399,198.007
2018,0.785094,0.949935,198.034
2019,0.202396,-0.134508,198.148
2020,0.867009,1.25965,198.302
2021,-1.0973,-1.26176,198.329
2022,-0.99341,-0.850966,198.349
2023,0.144791,-0.392329,198.638
2024,0.550155,0.52922,198.638
2025,0.179875,0.490199,198.735
2026,0.70545,0.822353,198.748
2027,0.732114,0.200289,199.031
2028,0.0243268,1.19054,200.391
2029,-0.595168,-0.924267,200.5
2030,0.195709,0.161186,200.501
2031,0.0560905,0.686347,200.898
2032,0.326001,0.388855,200.902
2033,0.550792,0.994212,201.099
2034,-0.190176,-0.267185,201.105
2035,0.0874082,1.19832,202.339
2036,-0.980797,-1.09052,202.351
2037,-0.584576,-0.305423,202.429
2038,0.0463276,0.542249,202.675
2039,0.517495,0.496726,202.675
2040,0.738501,0.817243,202.681
2041,0.370822,0.213977,202.706
2042,1.13253,1.18107,202.708
2043,-0.626046,-0.888711,202.777
2044,0.47045,0.248591,202.826
2045,-0.114982,0.64687,203.407
2046,0.608322,0.488759,203.421
2047,0.279764,0.859621,203.757
2048,0.0323685,0.1121,203.764
2049,0.554567,1.24029,204.234
2050,-1.11748,-1.12003,204.234
2051,-0.201815,-0.384163,204.267
2052,0.0707989,0.457377,204.417
2053,0.667164,0.59188,204.422
2054,1.00606,0.646763,204.551
2055,1.04285,0.591941,204.755
2056,0.611953,0.703478,204.763
2057,0.507923,0.484749,204.764
2058,0.631254,0.882069,204.826
2059,-0.301675,0.0561604,204.955
2060,0.954924,1.26021,205.048
2061,-1.09042,-1.20652,205.061
2062,-0.0454613,-0.659891,205.439
2063,0.0613315,0.0284074,205.44
2064,0.753462,0.800903,205.442
2065,0.712226,0.110498,205.804
2066,1.21702,1.22318,205.804
2067,-0.477157,-1.06148,206.146
2068,1.39253,-0.210475,208.715
2069,0.745871,0.619537,208.731
2070,0.758255,0.399501,208.86
2071,1.04394,0.962419,208.867
2072,0.162983,-0.176901,208.982
2073,0.780807,1.24491,209.197
2074,-1.09184,-1.22281,209.215
2075,-0.661499,-0.719882,209.218
2076,-0.0320091,-0.0923649,209.222
2077,0.921978,0.772091,209.244
2078,0.0294453,0.137715,209.256
2079,1.07192,1.20508,209.274
2080,-0.719587,-0.991776,209.348
2081,0.0152363,-0.0155451,209.349
2082,0.917109,0.702129,209.395
2083,0.345224,0.305158,209.396
2084,0.894574,1.08027,209.431
2085,-0.321155,-0.542226,209.48
2086,0.96006,0.912467,209.482
2087,-0.560887,-0.328303,209.536
2088,1.06217,1.12284,209.54
2089,-0.280717,-0.863581,209.88
2090,0.0190738,0.292773,209.954
2091,0.657342,0.620923,209.956
2092,0.199733,0.548068,210.077
2093,0.851843,0.765748,210.085
2094,0.513045,0.343503,210.113
2095,0.960769,1.06453,210.124
2096,-0.483969,-0.48347,210.124
2097,1.31391,0.992119,210.228
2098,-0.512144,-0.523062,210.228
2099,0.88129,0.914604,210.229
2100,-0.282621,-0.328019,210.231
2101,0.899113,1.12375,210.281
2102,-0.793069,-0.866333,210.287
2103,0.700758,0.286377,210.458
2104,0.239651,0.625284,210.607
2105,0.288852,0.538542,210.669
2106,0.747728,0.781547,210.671
2107,0.469928,0.30642,210.697
2108,0.912405,1.10301,210.734
2109,-0.62179,-0.611367,210.734
2110,1.16121,0.807626,210.859
2111,-0.319458,-0.0965741,210.909
2112,1.35527,1.22923,210.924
2113,-0.829511,-1.14438,211.024
2114,-0.665501,-0.46469,211.064
2115,0.702604,0.354374,211.185
2116,0.693896,0.68478,211.185
2117,0.860372,0.449819,211.354
2118,0.782975,0.922162,211.373
2119,0.210746,-0.0555892,211.444
2120,0.913735,1.27232,211.573
2121,-1.19476,-1.283,211.58
2122,-0.982706,-0.922836,211.584
2123,0.12846,-0.577178,212.082
2124,0.409753,0.256761,212.105
2125,0.48193,0.73455,212.169
2126,0.573263,0.321639,212.232
2127,0.775963,1.07553,212.322
2128,-0.450256,-0.522987,212.328
2129,0.200006,0.939738,212.875
2130,-0.278528,-0.393246,212.888
2131,1.07878,1.06542,212.888
2132,-0.375586,-0.707147,212.998
2133,0.215908,0.619547,213.161
2134,0.169311,0.250481,213.168
2135,1.05605,1.09803,213.169
2136,-0.340775,-0.612784,213.243
2137,0.249152,0.803703,213.551
2138,-0.214521,-0.0881483,213.567
2139,0.561398,1.23023,214.014
2140,-0.103051,-1.14531,215.1
2141,-0.614354,-0.467346,215.122
2142,0.624162,0.350632,215.197
2143,0.595201,0.687677,215.205
2144,0.835887,0.44313,215.36
2145,0.785706,0.931393,215.381
2146,0.209518,-0.08155,215.466
2147,0.901821,1.27011,215.601
2148,-1.16842,-1.28291,215.614
2149,-1.01274,-0.923156,215.622
2150,0.12704,-0.577975,216.119
2151,0.362342,0.255376,216.131
2152,0.449066,0.735304,216.213
2153,0.56687,0.319672,216.274
2154,0.786216,1.07753,216.359
2155,-0.474386,-0.529583,216.362
2156,0.181146,0.930616,216.923
2157,-0.267461,-0.37134,216.934
2158,1.10267,1.08613,216.935
2159,-0.399763,-0.762964,217.066
2160,0.0967131,0.510881,217.238
2161,0.359642,0.405712,217.24
2162,0.728667,0.922821,217.278
2163,0.137433,-0.0705258,217.321
2164,0.430751,1.26988,218.025
2165,-0.762314,-1.2788,218.292
2166,-0.667966,-0.908502,218.35
2167,0.0459056,-0.539168,218.692
2168,0.267617,0.320466,218.695
2169,0.720402,0.694472,218.696
2170,0.509104,0.420933,218.703
2171,0.89675,0.960283,218.707
2172,0.0783833,-0.164721,218.767
2173,1.04202,1.2501,218.81
2174,-1.10799,-1.23726,218.827
2175,-0.828074,-0.768113,218.83
2176,-0.0111189,-0.197175,218.865
2177,0.730721,0.715137,218.865
2178,0.0121349,0.224858,218.91
2179,0.954057,1.14376,218.946
2180,-0.41693,-0.763989,219.067
2181,0.931746,0.525975,219.231
2182,0.249815,0.383493,219.249
2183,0.674185,0.951899,219.326
2184,-0.138438,-0.153507,219.327
2185,0.380898,1.25258,220.086
2186,-0.893782,-1.24259,220.208
2187,-0.488581,-0.785864,220.296
2188,0.139196,-0.237392,220.438
2189,0.569722,0.685344,220.452
2190,0.349777,0.271208,220.458
2191,0.840132,1.10263,220.527
2192,-0.201816,-0.620741,220.702
2193,0.991618,0.791341,220.742
2194,0.0178309,-0.0629312,220.749
2195,1.0617,1.23186,220.778
2196,-0.268491,-1.14334,221.543
2197,-0.76992,-0.460568,221.639
2198,0.422693,0.360025,221.643
2199,0.58823,0.680364,221.651
2200,0.786084,0.459954,221.758
2201,0.772295,0.907928,221.776
2202,0.213585,-0.0160802,221.829
2203,0.923397,1.27202,221.95
2204,-1.22488,-1.27006,221.952
2205,-0.882601,-0.876669,221.952
2206,0.14216,-0.456985,222.311
2207,0.626424,0.44463,222.344
2208,0.44669,0.586131,222.364
2209,0.64064,0.65242,222.364
2210,0.842646,0.579926,222.433
2211,0.499778,0.724886,222.484
2212,0.000868744,0.438334,222.675
2213,0.627563,0.948474,222.778
2214,-0.305725,-0.127944,222.81
2215,0.971681,1.26162,222.894
2216,-0.998574,-1.26676,222.966
2217,-0.733187,-0.868062,222.984
2218,0.196489,-0.434972,223.383
2219,0.486038,0.4747,223.383
2220,0.283346,0.554032,223.456
2221,0.695361,0.712678,223.456
2222,0.883713,0.455135,223.64
2223,0.314937,0.923796,224.011
2224,-0.365707,-0.0582177,224.105
2225,1.21792,1.27239,224.108
2226,-1.02171,-1.28405,224.177
2227,-0.863135,-0.926564,224.181
2228,-0.00134801,-0.587142,224.524
2229,0.302634,0.239401,224.528
2230,0.549881,0.74362,224.566
2231,0.590493,0.297662,224.651
2232,0.744276,1.09904,224.777
2233,-0.58752,-0.601753,224.777
2234,-0.00822751,0.822763,225.468
2235,-0.129449,-0.128241,225.468
2236,1.2763,1.2238,225.471
2237,-0.624742,-1.13525,225.731
2238,-0.76866,-0.437168,225.841
2239,0.756752,0.391862,225.974
2240,0.794795,0.653871,225.994
2241,0.854153,0.518993,226.107
2242,0.725711,0.819066,226.115
2243,0.279987,0.216481,226.119
2244,0.879994,1.18011,226.209
2245,-1.09688,-0.884781,226.254
2246,0.463784,0.258061,226.297
2247,0.100922,0.641332,226.589
2248,0.548495,0.501589,226.591
2249,0.2727,0.840171,226.913
2250,0.100367,0.162234,226.917
2251,0.649078,1.2152,227.237
2252,-1.02764,-1.01874,227.237
2253,0.174149,-0.0883928,227.306
2254,0.067335,0.68344,227.686
2255,0.382796,0.319555,227.69
2256,1.02654,1.06207,227.691
2257,-0.0937097,-0.483325,227.843
2258,0.731508,0.991577,227.911
2259,-0.1637,-0.521512,228.039
2260,0.905789,0.916708,228.039
2261,-0.0327562,-0.332948,228.129
2262,1.01437,1.11982,228.14
2263,-0.893395,-0.855468,228.141
2264,0.672302,0.31139,228.272
2265,0.176318,0.60761,228.458
2266,0.320187,0.576551,228.523
2267,0.692143,0.716908,228.524
2268,0.502354,0.453425,228.526
2269,1.04896,0.927241,228.541
2270,-0.0494343,-0.0676582,228.542
2271,1.40612,1.27176,228.56
2272,-1.04861,-1.28463,228.615
2273,-0.493081,-0.928866,228.805
2274,0.0446828,-0.593298,229.212
2275,0.306051,0.228537,229.218
2276,0.550073,0.74889,229.258
2277,0.593258,0.283391,229.354
2278,0.727204,1.11223,229.502
2279,-0.669022,-0.646868,229.503
2280,-0.101124,0.747856,230.223
2281,-0.0638472,0.0229347,230.231
2282,1.29275,1.22362,230.236
2283,-0.690816,-1.08927,230.394
2284,-0.602217,-0.294013,230.489
2285,0.168474,0.552199,230.637
2286,0.813209,0.484903,230.744
2287,0.755017,0.836476,230.751
2288,0.338752,0.165901,230.781
2289,1.34204,1.21241,230.798
2290,-0.870436,-1.00814,230.817
2291,0.104344,-0.0591738,230.843
2292,-0.0305088,0.692655,231.366
2293,0.376403,0.310569,231.371
2294,0.997427,1.07276,231.376
2295,-0.197764,-0.517974,231.479
2296,0.88158,0.946213,231.483
2297,-0.253116,-0.408838,231.507
2298,0.993945,1.04986,231.511
2299,-0.16976,-0.665727,231.757
2300,0.460479,0.694488,231.811
2301,-0.00178045,0.125043,231.827
2302,1.24583,1.18646,231.831
2303,-0.660883,-0.933236,231.905
2304,0.0611308,0.136635,231.911
2305,0.458876,0.693892,231.966
2306,0.370665,0.366909,231.966
2307,0.809224,1.0197,232.01
2308,-0.244245,-0.345621,232.021
2309,0.269775,1.13867,232.776
2310,-0.959015,-0.918895,232.777
2311,-0.0581889,0.159487,232.825
2312,0.0725793,0.688721,233.204
2313,0.391097,0.383775,233.204
2314,1.14213,1.00042,233.224
2315,0.025388,-0.286042,233.321
2316,0.321519,1.18558,234.068
2317,-1.04883,-1.05364,234.068
2318,-0.448189,-0.19856,234.13
2319,0.0393188,0.62871,234.478
2320,0.377545,0.387045,234.478
2321,1.00593,0.978888,234.478
2322,-0.109819,-0.225398,234.492
2323,0.527219,1.22254,234.975
2324,-0.895666,-1.16007,235.045
2325,-0.405021,-0.517296,235.058
2326,0.0335228,0.277347,235.117
2327,0.854784,0.737122,235.131
2328,0.213146,0.322517,235.143
2329,1.18138,1.07551,235.154
2330,0.178873,-0.522663,235.646
2331,0.163361,0.940206,236.25
2332,-0.107026,-0.394381,236.332
2333,0.974406,1.06431,236.341
2334,-0.189429,-0.704175,236.606
2335,0.207282,0.625085,236.78
2336,0.168564,0.241723,236.785
2337,1.07336,1.10572,236.786
2338,-0.363726,-0.639157,236.862
2339,0.237426,0.759787,237.135
2340,-0.136784,6.5467e-05,237.154
2341,0.488442,1.22794,237.701
2342,-0.153155,-1.11094,238.618
2343,-0.520549,-0.359478,238.644
2344,0.33116,0.485805,238.668
2345,0.726341,0.561748,238.695
2346,0.721285,0.703956,238.695
2347,0.534274,0.474748,238.699
2348,1.02066,0.895646,238.715
2349,0.128775,0.0193692,238.727
2350,1.24994,1.26817,238.727
2351,-1.20494,-1.24574,238.729
2352,-0.360623,-0.792171,238.915
2353,-0.0249259,-0.252271,238.966
2354,0.693268,0.673252,238.967
2355,0.531048,0.289744,239.025
2356,0.852532,1.08444,239.079
2357,-0.184644,-0.559502,239.219
2358,0.91805,0.887073,239.22
2359,-0.0562432,-0.26951,239.266
2360,1.08758,1.16443,239.272
2361,-0.0839115,-0.979117,240.073
2362,-0.380533,0.00719233,240.223
2363,0.938844,0.706193,240.278
2364,0.299972,0.303967,240.278
2365,0.982426,1.0825,240.288
2366,-0.240977,-0.54935,240.383
2367,0.996932,0.902251,240.392
2368,-0.706268,-0.304485,240.553
2369,1.14574,1.14088,240.553
2370,-0.333259,-0.913595,240.89
2371,-0.102059,0.173746,240.966
2372,0.802048,0.683659,240.98
2373,0.120984,0.397779,241.057
2374,1.01289,0.983579,241.057
2375,0.210882,-0.235065,241.256
2376,0.365073,1.21772,241.983
2377,-1.18095,-1.14648,241.985
2378,-0.755116,-0.474884,242.063
2379,-0.00531455,0.340334,242.183
2380,0.775609,0.695377,242.189
2381,0.281052,0.425132,242.21
2382,1.0929,0.955582,242.229
2383,0.0460486,-0.150851,242.267
2384,0.961501,1.25482,242.353
2385,-1.05174,-1.24964,242.393
2386,-0.972839,-0.809809,242.419
2387,0.154302,-0.292999,242.619
2388,0.641678,0.636869,242.619
2389,0.082316,0.344257,242.688
2390,0.82502,1.02514,242.728
2391,0.17399,-0.368009,243.022
2392,0.475136,1.11794,243.435
2393,-0.248767,-0.860109,243.809
2394,0.328058,0.299679,243.809
2395,0.360617,0.616237,243.875
2396,0.434416,0.558257,243.89
2397,0.774921,0.74856,243.891
2398,0.311911,0.382998,243.896
2399,0.933337,1.01921,243.903
2400,-0.294885,-0.339391,243.905
2401,1.41956,1.1445,243.981
2402,-0.735321,-0.935651,244.021
2403,0.0191005,0.11773,244.031
2404,0.191799,0.6999,244.289
2405,0.251381,0.349515,244.298
2406,1.31954,1.03895,244.377
2407,-0.0661741,-0.406316,244.493
2408,0.444573,1.08055,244.897
2409,-0.833737,-0.756529,244.903
2410,0.424881,0.522896,244.913
2411,0.00890772,0.390253,245.058
2412,1.03006,0.943652,245.066
2413,-0.247764,-0.129596,245.08
2414,0.194193,1.25958,246.215
2415,-0.929641,-1.26005,246.324
2416,-0.525353,-0.844929,246.426
2417,0.120335,-0.377481,246.674
2418,0.418316,0.547033,246.691
2419,0.493038,0.467813,246.691
2420,0.65698,0.857721,246.731
2421,0.656319,0.110384,247.03
2422,-0.0320707,1.24026,248.648
2423,-0.570902,-1.12042,248.95
2424,-0.441268,-0.385398,248.953
2425,0.0883127,0.45593,249.089
2426,0.545406,0.59336,249.091
2427,1.02472,0.643872,249.236
2428,0.992315,0.597608,249.392
2429,0.600244,0.693173,249.4
2430,0.520103,0.506598,249.401
2431,0.5882,0.848653,249.468
2432,-0.222864,0.143682,249.603
2433,0.853331,1.22569,249.741
2434,-1.07228,-1.06015,249.742
2435,0.47736,-0.205777,250.208
2436,0.00194882,0.622673,250.594
2437,0.2558,0.395456,250.613
2438,1.22478,0.967862,250.679
2439,0.333393,-0.192823,250.956
2440,0.781777,1.23831,251.164
2441,-1.00575,-1.20461,251.204
2442,-0.589774,-0.660019,251.209
2443,0.000527841,0.0287418,251.21
2444,0.951795,0.800838,251.232
2445,0.0276713,0.110745,251.239
2446,1.20184,1.22308,251.24
2447,-0.343803,-1.06107,251.754
2448,1.36754,-0.209306,254.241
2449,0.751282,0.620345,254.258
2450,0.739307,0.398449,254.374
2451,1.04247,0.963837,254.38
2452,0.158229,-0.181041,254.495
2453,0.772355,1.24327,254.717
2454,-1.0827,-1.2183,254.735
2455,-0.64519,-0.70499,254.739
2456,-0.0252016,-0.0613061,254.74
2457,0.933975,0.783241,254.763
2458,0.0237114,0.122755,254.773
2459,1.10993,1.21388,254.784
2460,-0.691182,-1.02607,254.896
2461,0.19433,-0.109777,254.988
2462,1.02986,0.675309,255.114
2463,0.4842,0.328609,255.138
2464,0.956776,1.05142,255.147
2465,-0.151794,-0.449081,255.236
2466,0.59039,1.03308,255.432
2467,-0.242515,-0.628883,255.581
2468,0.787135,0.756233,255.582
2469,0.0775274,0.0106907,255.586
2470,1.25479,1.22671,255.587
2471,-1.08086,-1.10354,255.588
2472,-0.14628,-0.336899,255.624
2473,0.330442,0.510037,255.656
2474,0.829392,0.534737,255.743
2475,0.822038,0.75269,255.748
2476,0.466455,0.367261,255.758
2477,1.21344,1.03697,255.789
2478,-0.202083,-0.395263,255.826
2479,1.23726,1.09237,255.847
2480,-0.815241,-0.789149,255.848
2481,0.270284,0.455851,255.882
2482,0.0375417,0.472336,256.071
2483,0.759776,0.824414,256.075
2484,0.163084,0.190179,256.076
2485,0.300348,1.19669,256.88
2486,-0.0515044,-0.947837,257.683
2487,0.214081,0.101254,257.696
2488,0.129926,0.701296,258.022
2489,0.268542,0.341835,258.028
2490,0.882004,1.0468,258.055
2491,-0.304829,-0.431548,258.071
2492,0.373474,1.05331,258.533
2493,-0.769738,-0.682717,258.54
2494,0.577557,0.66345,258.548
2495,-0.00443814,0.178953,258.581
2496,1.21915,1.1542,258.586
2497,-0.846558,-0.811365,258.587
2498,0.0113827,0.424621,258.758
2499,0.257325,0.504166,258.819
2500,0.180865,0.77153,259.168
2501,0.243348,0.317888,259.173
2502,0.407957,1.08999,259.638
2503,0.730909,-0.567929,261.325
2504,0.876059,0.875435,261.325
2505,-0.299612,-0.24332,261.328
2506,0.974693,1.17974,261.37
2507,-0.501323,-1.02151,261.641
2508,-0.460433,-0.106954,261.766
2509,1.12527,0.677532,261.966
2510,0.61363,0.325245,262.05
2511,0.891008,1.05516,262.077
2512,-0.241016,-0.46114,262.125
2513,0.574093,1.01884,262.323
2514,-0.286562,-0.591586,262.416
2515,0.869347,0.815687,262.419
2516,0.0267575,-0.10896,262.437
2517,1.21249,1.22808,262.437
2518,-1.11548,-1.14416,262.438
2519,-0.0975823,-0.464311,262.573
2520,0.468816,0.354935,262.586
2521,0.830466,0.684337,262.607
2522,0.850389,0.450837,262.767
2523,0.770681,0.920746,262.789
2524,0.198758,-0.0516306,262.852
2525,0.915316,1.27249,262.979
2526,-1.19787,-1.28242,262.987
2527,-0.976847,-0.920688,262.99
2528,0.129028,-0.571458,263.48
2529,0.425307,0.266603,263.506
2530,0.481297,0.729055,263.567
2531,0.576239,0.335852,263.625
2532,0.791398,1.0608,263.697
2533,-0.367327,-0.474663,263.709
2534,0.339725,1.00281,264.149
2535,-0.385374,-0.550288,264.176
2536,0.860935,0.8769,264.176
2537,-0.201172,-0.241621,264.178
2538,0.940033,1.18134,264.236
2539,-1.00655,-1.02627,264.236
2540,0.274462,-0.120109,264.392
2541,0.595121,0.671924,264.398
2542,0.786639,0.331893,264.605
2543,0.771436,1.04736,264.681
2544,-0.249609,-0.436188,264.716
2545,0.501057,1.04785,265.015
2546,-0.317094,-0.668028,265.138
2547,0.770744,0.689587,265.144
2548,0.0988656,0.133849,265.146
2549,1.24218,1.18179,265.149
2550,-0.929346,-0.915139,265.149
2551,-0.0404616,0.182068,265.199
2552,0.39721,0.67905,265.278
2553,0.347253,0.409067,265.282
2554,0.744911,0.969445,265.333
2555,-0.191798,-0.193032,265.333
2556,0.228748,1.23867,266.353
2557,-1.20201,-1.20593,266.353
2558,-0.967907,-0.66436,266.445
2559,-0.0392184,0.0202974,266.448
2560,0.935177,0.800115,266.466
2561,-0.0250414,0.109831,266.485
2562,1.21128,1.22315,266.485
2563,-0.380479,-1.06157,266.949
2564,1.31103,-0.210767,269.265
2565,0.806468,0.619336,269.3
2566,0.734431,0.399761,269.412
2567,1.03209,0.962068,269.417
2568,0.163322,-0.175877,269.532
2569,0.782349,1.24531,269.746
2570,-1.09452,-1.22389,269.763
2571,-0.665517,-0.723491,269.766
2572,-0.0337689,-0.0999843,269.77
2573,0.918559,0.768957,269.793
2574,0.031384,0.142192,269.805
2575,1.06225,1.20238,269.825
2576,-0.718105,-0.981351,269.894
2577,0.0196541,0.012445,269.894
2578,0.876943,0.705378,269.923
2579,0.316234,0.307152,269.924
2580,0.868026,1.07953,269.968
2581,-0.346841,-0.539405,270.005
2582,0.924129,0.916519,270.005
2583,-0.691825,-0.337833,270.131
2584,1.08184,1.11517,270.132
2585,-0.283683,-0.842404,270.444
2586,0.0694756,0.34105,270.518
2587,0.595872,0.584438,270.518
2588,0.280841,0.62412,270.636
2589,0.736889,0.629995,270.647
2590,0.558474,0.631584,270.653
2591,1.13324,0.630541,270.905
2592,0.661988,0.632861,270.906
2593,0.470166,0.628445,270.931
2594,0.00130282,0.636938,271.335
2595,0.0846768,0.620567,271.622
2596,-0.00261337,0.651936,272.051
2597,-0.0167713,0.591141,272.42
2598,0.120146,0.706355,272.764
2599,-0.0867598,0.47883,273.084
2600,0.336233,0.890917,273.392
2601,-0.433369,0.0324219,273.608
2602,1.00681,1.2658,273.676
2603,-0.986866,-1.23344,273.736
2604,-0.0927418,-0.750167,274.169
2605,0.101519,-0.157881,274.236
2606,0.761074,0.740053,274.236
2607,0.590827,0.185886,274.4
2608,0.979443,1.17364,274.438
2609,-0.670535,-0.872639,274.479
2610,0.509518,0.285993,274.529
2611,0.504315,0.6237,274.543
2612,0.343937,0.541196,274.582
2613,0.404825,0.777059,274.721
2614,-0.0738053,0.317009,274.873
2615,0.925683,1.09243,274.901
2616,-0.663658,-0.575648,274.909
2617,1.17422,0.863809,275.005
2618,-0.366784,-0.217326,275.027
2619,1.27217,1.19302,275.034
2620,-0.711631,-1.05781,275.154
2621,-0.489976,-0.208648,275.233
2622,1.14261,0.621709,275.504
2623,0.869785,0.396275,275.728
2624,0.803052,0.966665,275.755
2625,-0.0167093,-0.189336,275.785
2626,0.653713,1.23981,276.128
2627,-1.06719,-1.20879,276.148
2628,-0.589049,-0.673694,276.156
2629,-0.0347515,0.00195426,276.157
2630,0.946379,0.797886,276.179
2631,0.0230002,0.109314,276.186
2632,1.17782,1.22264,276.188
2633,-0.479287,-1.05998,276.526
2634,1.11215,-0.206194,278.264
2635,0.915371,0.622483,278.349
2636,0.708087,0.395662,278.447
2637,1.01186,0.967577,278.449
2638,0.14605,-0.191988,278.563
2639,0.747041,1.23867,278.805
2640,-1.05878,-1.20562,278.827
2641,-0.599763,-0.663329,278.831
2642,-0.00672755,0.022307,278.831
2643,0.950823,0.800305,278.854
2644,0.0262345,0.110009,278.861
2645,1.19639,1.22315,278.862
2646,-0.377928,-1.06153,279.329
2647,1.3269,-0.21063,281.693
2648,0.793605,0.619431,281.723
2649,0.736107,0.399638,281.837
2650,1.03448,0.962235,281.842
2651,0.162885,-0.176362,281.957
2652,0.781524,1.24513,282.172
2653,-1.09336,-1.22338,282.189
2654,-0.663636,-0.721787,282.192
2655,-0.0329614,-0.0963806,282.196
2656,0.920196,0.770459,282.219
2657,0.0304409,0.140036,282.231
2658,1.06684,1.20368,282.249
2659,-0.719223,-0.986386,282.321
2660,0.0151826,-0.00103413,282.321
2661,0.896423,0.704083,282.358
2662,0.329486,0.305664,282.359
2663,0.881317,1.08042,282.398
2664,-0.335858,-0.542537,282.441
2665,0.953556,0.912041,282.443
2666,-0.635087,-0.327308,282.537
2667,1.07629,1.12363,282.54
2668,-0.288155,-0.865754,282.873
2669,0.0142116,0.287747,282.948
2670,0.66599,0.624356,282.95
2671,0.193084,0.540576,283.071
2672,0.86241,0.778196,283.078
2673,0.505442,0.314348,283.114
2674,0.930078,1.09512,283.141
2675,-0.591989,-0.584694,283.141
2676,1.1984,0.849921,283.263
2677,-0.358139,-0.186721,283.292
2678,1.29979,1.20617,283.301
2679,-0.745644,-1.09279,283.422
2680,-0.569136,-0.310006,283.489
2681,1.09247,0.537618,283.797
2682,1.01559,0.502351,284.06
2683,0.779351,0.807986,284.061
2684,0.323237,0.236727,284.068
2685,1.22633,1.16394,284.072
2686,-0.646483,-0.825641,284.104
2687,0.60478,0.394826,284.148
2688,-0.175793,0.534065,284.652
2689,0.867487,0.719132,284.674
2690,-0.205099,0.436208,285.086
2691,0.43242,0.949352,285.353
2692,1.07457,-0.130914,286.806
2693,1.26404,1.26081,286.806
2694,-0.870068,-1.26478,286.962
2695,-1.03624,-0.861289,286.992
2696,0.191645,-0.417979,287.364
2697,0.46661,0.497024,287.365
2698,0.248138,0.52876,287.444
2699,0.699949,0.757686,287.447
2700,0.833204,0.354906,287.676
2701,0.191076,1.05096,288.415
2702,-0.527696,-0.439865,288.423
2703,1.11737,1.04442,288.428
2704,-0.576289,-0.659085,288.435
2705,0.377743,0.705174,288.542
2706,-0.107063,0.106097,288.588
2707,1.07289,1.19579,288.603
2708,-0.88825,-0.97006,288.61
2709,-0.0264891,0.0413147,288.614
2710,0.44585,0.706592,288.682
2711,0.540457,0.313413,288.734
2712,0.924002,1.07446,288.756
2713,-0.274808,-0.522224,288.818
2714,0.875663,0.940533,288.822
2715,-0.799724,-0.39511,288.985
2716,1.05492,1.0636,288.986
2717,-0.247182,-0.702285,289.193
2718,0.380878,0.628595,289.254
2719,0.131818,0.236131,289.265
2720,1.07501,1.11052,289.266
2721,-0.387568,-0.655709,289.338
2722,0.22906,0.731219,289.59
2723,-0.0884631,0.0547342,289.611
2724,0.440755,1.21517,290.21
2725,-0.16915,-1.05088,290.988
2726,-0.382174,-0.181531,291.028
2727,0.287577,0.638602,291.151
2728,0.752724,0.374604,291.294
2729,0.824654,0.995121,291.323
2730,0.0187502,-0.273992,291.409
2731,0.645432,1.19344,291.709
2732,-0.83789,-1.0762,291.766
2733,-0.164976,-0.263468,291.776
2734,0.137187,0.579958,291.972
2735,0.465178,0.450069,291.972
2736,0.856436,0.890401,291.973
2737,0.159186,0.0250813,291.991
2738,1.00856,1.26624,292.058
2739,-1.09144,-1.23718,292.079
2740,-0.652668,-0.763,292.091
2741,-0.0967876,-0.186191,292.099
2742,1.0385,0.722566,292.199
2743,0.474279,0.2132,292.267
2744,0.885974,1.15313,292.338
2745,-0.555978,-0.797645,292.397
2746,0.836089,0.455207,292.542
2747,0.321006,0.470607,292.564
2748,0.569587,0.826502,292.63
2749,0.0109675,0.184834,292.661
2750,0.339259,1.20012,293.402
2751,0.117581,-0.96096,294.565
2752,0.183727,0.067216,294.578
2753,0.123676,0.705387,294.917
2754,0.234158,0.323566,294.925
2755,0.964339,1.06504,294.935
2756,-0.330327,-0.490975,294.961
2757,0.641104,0.982034,295.077
2758,-0.74053,-0.497441,295.136
2759,0.931544,0.948184,295.136
2760,-0.147244,-0.407907,295.204
2761,0.905503,1.05151,295.226
2762,-0.733058,-0.670321,295.23
2763,1.03545,0.686391,295.351
2764,-0.355224,0.139318,295.596
2765,1.31103,1.17874,295.613
2766,-0.740931,-0.903416,295.64
2767,0.0369491,0.210998,295.67
2768,0.426026,0.666647,295.728
2769,0.278063,0.441114,295.755
2770,0.68834,0.92758,295.812
2771,-0.14652,-0.0722326,295.817
2772,0.353346,1.27097,296.659
2773,-1.31738,-1.28318,296.661
2774,-1.10929,-0.923875,296.695
2775,-0.0776199,-0.579917,296.947
2776,0.516655,0.252013,297.017
2777,0.441053,0.73711,297.105
2778,0.56612,0.31494,297.168
2779,0.775794,1.08227,297.262
2780,-0.49551,-0.545354,297.264
2781,0.137241,0.908306,297.859
2782,-0.234247,-0.318634,297.866
2783,1.15574,1.13035,297.867
2784,-0.45617,-0.884368,298.05
2785,-0.179724,0.244157,298.23
2786,0.74991,0.651232,298.24
2787,0.153738,0.479502,298.346
2788,0.945316,0.873478,298.351
2789,0.417799,0.0757015,298.468
2790,0.640632,1.25402,298.844
2791,-1.23748,-1.17888,298.848
2792,-0.431734,-0.569467,298.867
2793,0.0382463,0.192325,298.89
2794,0.927026,0.777375,298.913
2795,0.738925,0.21166,299.191
2796,1.32333,1.17049,299.214
2797,0.115289,-0.854576,300.155
2798,-0.651222,0.328728,301.115
2799,0.49748,0.59234,301.124
2800,0.654695,0.607405,301.126
2801,0.29894,0.661185,301.257
2802,0.0986537,0.570189,301.48
2803,1.2247,0.743193,301.712
2804,0.295558,0.397786,301.722
2805,0.880704,1.00143,301.737
2806,-0.695628,-0.284673,301.906
2807,1.29613,1.18697,301.917
2808,-0.82829,-1.05787,301.97
2809,-0.380217,-0.210646,301.999
2810,0.351551,0.620517,302.071
2811,0.292353,0.397748,302.082
2812,1.09793,0.964671,302.1
2813,-0.0219629,-0.183501,302.126
2814,0.618002,1.24226,302.516
2815,-1.00194,-1.21554,302.562
2816,-0.599889,-0.695885,302.571
2817,-0.0445488,-0.042621,302.571
2818,0.937068,0.788691,302.593
2819,0.0219284,0.116366,302.602
2820,1.13138,1.21765,302.609
2821,-0.648469,-1.04083,302.763
2822,0.431767,-0.151363,303.103
2823,1.04669,0.655676,303.256
2824,0.566461,0.352716,303.302
2825,0.974942,1.02253,303.304
2826,-0.0373919,-0.357982,303.407
2827,0.509415,1.12735,303.789
2828,-0.502832,-0.886673,303.936
2829,0.335541,0.23754,303.946
2830,0.220414,0.655003,304.134
2831,0.487048,0.470622,304.135
2832,0.956778,0.886422,304.14
2833,0.228951,0.0411456,304.175
2834,0.546362,1.26356,304.689
2835,-1.24367,-1.22286,304.69
2836,-0.640599,-0.714477,304.695
2837,0.00716068,-0.0815276,304.703
2838,1.01362,0.776351,304.759
2839,0.50857,0.131732,304.901
2840,1.055,1.20861,304.925
2841,-0.800646,-1.00552,304.967
2842,0.036908,-0.0529057,304.975
2843,0.964539,0.694426,305.048
2844,0.409263,0.309009,305.058
2845,0.925784,1.07465,305.08
2846,-0.268736,-0.524109,305.145
2847,0.867034,0.937828,305.15
2848,-0.348868,-0.388562,305.152
2849,1.00471,1.06998,305.156
2850,-0.199554,-0.719357,305.426
2851,0.347004,0.596528,305.489
2852,0.178994,0.286008,305.5
2853,0.980108,1.06444,305.507
2854,-0.248482,-0.500435,305.571
2855,0.294313,0.968721,306.026
2856,-0.531954,-0.46392,306.03
2857,0.736793,0.989306,306.094
2858,0.32447,-0.509393,306.789
2859,0.82798,0.933518,306.8
2860,-0.384458,-0.372857,306.801
2861,1.37662,1.08542,306.885
2862,-0.967397,-0.761261,306.928
2863,0.868792,0.514301,307.053
2864,-0.141805,0.401314,307.348
2865,0.771044,0.928816,307.373
2866,-0.0140167,-0.0873847,307.379
2867,0.384627,1.26795,308.159
2868,-0.806915,-1.27701,308.38
2869,-0.648487,-0.902658,308.445
2870,0.0555902,-0.523811,308.78
2871,0.243327,0.345073,308.791
2872,0.694152,0.676151,308.791
2873,0.518404,0.46347,308.794
2874,0.925127,0.902119,308.794
2875,0.251825,-0.000305344,308.858
2876,1.14769,1.27064,308.873
2877,-1.3273,-1.26041,308.878
2878,-0.685968,-0.842904,308.902
2879,-0.00726662,-0.372806,309.036
2880,0.74232,0.55255,309.072
2881,0.4303,0.460721,309.073
2882,0.70926,0.868595,309.098
2883,0.544282,0.0819758,309.312
2884,0.00864862,1.25117,310.856
2885,-0.558054,-1.16701,311.227
2886,-0.599538,-0.531313,311.231
2887,0.0669253,0.254688,311.267
2888,0.776421,0.749794,311.267
2889,0.824681,0.289339,311.554
2890,1.27432,1.10773,311.582
2891,0.0705665,-0.631105,312.074
2892,-0.212342,0.774709,313.048
2893,0.179719,-0.0295758,313.092
2894,1.21997,1.23119,313.092
2895,-0.492105,-1.13103,313.5
2896,-0.727226,-0.421554,313.594
2897,0.305347,0.411901,313.605
2898,0.67678,0.636006,313.607
2899,0.723739,0.557265,313.635
2900,0.696545,0.756039,313.638
2901,0.397069,0.366946,313.639
2902,0.771597,1.0383,313.71
2903,-0.734406,-0.399216,313.822
2904,1.17338,1.08837,313.83
2905,-0.525903,-0.778126,313.893
2906,0.252882,0.478838,313.944
2907,0.084526,0.445562,314.075
2908,0.841986,0.865715,314.075
2909,0.0617537,0.0844213,314.076
2910,0.280088,1.24974,315.016
2911,-0.418864,-1.16125,315.567
2912,-0.361743,-0.512989,315.59
2913,0.143102,0.283204,315.61
2914,0.757168,0.733817,315.61
2915,1.02475,0.331078,316.091
2916,1.2328,1.06669,316.119
2917,0.0224074,-0.493627,316.385
2918,0.235774,0.978872,316.937
2919,-0.199387,-0.489555,317.022
2920,0.887362,0.958132,317.027
2921,-0.0766484,-0.43209,317.153
2922,0.692787,1.02606,317.264
2923,-0.652421,-0.603537,317.266
2924,1.14993,0.797858,317.39
2925,-0.51818,-0.0722687,317.589
2926,1.49996,1.23205,317.661
2927,-1.06509,-1.14679,317.668
2928,-0.164988,-0.471568,317.762
2929,0.376596,0.344636,317.763
2930,0.645805,0.692246,317.765
2931,0.821975,0.432505,317.917
2932,0.781231,0.945789,317.944
2933,0.202459,-0.122573,318.049
2934,0.875224,1.2627,318.199
2935,-1.11547,-1.26896,318.223
2936,-1.00537,-0.875547,318.24
2937,0.138656,-0.453902,318.591
2938,0.484807,0.448898,318.592
2939,0.255185,0.581716,318.699
2940,0.644362,0.660919,318.699
2941,0.915098,0.562976,318.823
2942,0.430521,0.754557,318.928
2943,-0.0559656,0.371794,319.111
2944,0.739323,1.03284,319.197
2945,-0.512561,-0.381935,319.214
2946,1.04922,1.10563,319.218
2947,-0.706382,-0.825961,319.232
2948,0.105911,0.376592,319.305
2949,0.209657,0.553662,319.423
2950,0.671601,0.683819,319.424
2951,0.5426,0.511446,319.425
2952,0.374626,0.838938,319.64
2953,0.962812,0.168089,320.272
2954,1.27212,1.21213,320.275
2955,-0.825065,-1.00652,320.308
2956,0.202249,-0.0546821,320.374
2957,0.0834871,0.693857,320.747
2958,0.183406,0.309582,320.763
2959,1.08896,1.07398,320.763
2960,-0.158644,-0.521931,320.895
2961,0.901164,0.940818,320.896
2962,-0.275146,-0.395772,320.911
2963,1.00286,1.06296,320.915
2964,-0.186022,-0.700555,321.179
2965,0.387785,0.631798,321.239
2966,0.115394,0.230998,321.252
2967,1.08257,1.11484,321.253
2968,-0.403535,-0.670701,321.325
2969,0.221701,0.704674,321.558
2970,-0.0450893,0.103598,321.58
2971,0.397547,1.19638,322.218
2972,-0.17276,-0.972765,322.858
2973,-0.224316,0.0341323,322.925
2974,0.286188,0.706539,323.102
2975,0.530975,0.311362,323.15
2976,0.787063,1.07624,323.234
2977,-0.277328,-0.528191,323.297
2978,0.908051,0.932292,323.297
2979,-0.788577,-0.375292,323.468
2980,1.07112,1.08251,323.468
2981,-0.263619,-0.753134,323.708
2982,0.271614,0.530656,323.775
2983,0.303799,0.379825,323.781
2984,0.781524,0.957223,323.811
2985,0.0450519,-0.168839,323.857
2986,0.402203,1.24726,324.571
2987,-0.894626,-1.22856,324.683
2988,-0.419194,-0.73894,324.785
2989,0.191459,-0.133014,324.89
2990,0.697625,0.753548,324.893
2991,0.275238,0.165127,324.906
2992,0.985862,1.18789,324.946
2993,-0.679969,-0.92598,325.007
2994,0.232531,0.155952,325.013
2995,0.671243,0.688156,325.013
2996,0.25733,0.383803,325.029
2997,0.667242,1.00022,325.14
2998,-0.313473,-0.285477,325.141
2999,0.0926404,1.18597,326.336
