t,predict_test,teacher
501,0.459146,0.550643,0.00837175
502,0.599681,0.776757,0.0397276
503,-0.0869797,0.320502,0.205769
504,0.918265,1.08922,0.234993
505,-0.233501,-0.564801,0.344753
506,0.499706,0.880165,0.489502
507,-0.14481,-0.254006,0.501425
508,0.435139,1.17372,1.04693
509,-0.468216,-1.00488,1.33494
510,0.46375,-0.0615716,1.6109
511,0.426981,0.693229,1.68179
512,0.528174,0.308735,1.72994
513,0.978909,1.07452,1.73908
514,0.261303,-0.523825,2.35551
515,0.829142,0.938208,2.36741
516,-0.468401,-0.389475,2.37363
517,1.00342,1.0691,2.37795
518,-0.7897,-0.716994,2.38323
519,0.389528,0.601016,2.42796
520,0.0256203,0.279193,2.49226
521,1.06616,1.07118,2.49229
522,-0.365759,-0.522628,2.51689
523,1.03627,0.938957,2.52636
524,-0.810333,-0.391084,2.70213
525,1.15982,1.06756,2.71064
526,-0.751551,-0.712889,2.71214
527,0.192508,0.608773,2.88542
528,0.399039,0.267287,2.90277
529,1.19885,1.08261,2.91628
530,-0.165427,-0.560684,3.07251
531,1.01636,0.884671,3.08986
532,-0.806002,-0.263905,3.38373
533,1.29008,1.1679,3.39865
534,-0.804678,-0.988749,3.43254
535,-0.287114,-0.0183049,3.50479
536,0.792481,0.702906,3.51282
537,0.153734,0.3028,3.53504
538,1.20901,1.08251,3.55104
539,-0.116158,-0.549714,3.73901
540,0.864945,0.901692,3.74036
541,-0.564093,-0.303183,3.80844
542,0.886145,1.14182,3.87381
543,-0.785747,-0.916208,3.89083
544,0.139383,0.167333,3.89161
545,0.754726,0.685937,3.89634
546,0.308807,0.391486,3.90318
547,0.991387,0.991215,3.90318
548,-0.663651,-0.258064,4.06768
549,1.27495,1.20413,4.07269
550,-0.88468,-1.10732,4.12226
551,-0.352934,-0.355367,4.12227
552,0.394951,0.491005,4.13149
553,0.323022,0.555869,4.18571
554,0.963673,0.714715,4.24769
555,0.365379,0.451616,4.25513
556,0.956622,0.928875,4.2559
557,-0.125238,-0.0724465,4.25868
558,1.05209,1.27131,4.30674
559,-1.12864,-1.28447,4.33103
560,-0.169391,-0.928417,4.90715
561,0.14406,-0.592082,5.44905
562,0.614115,0.23069,5.59607
563,0.67884,0.747871,5.60083
564,0.194972,0.286172,5.60915
565,1.2431,1.10971,5.62694
566,-0.602649,-0.638183,5.62821
567,1.07692,0.762725,5.72692
568,-0.132282,-0.00590313,5.7429
569,1.28682,1.22877,5.74627
570,-0.985076,-1.11559,5.7633
571,0.189219,-0.373733,6.08022
572,1.05813,0.469775,6.42638
573,0.758887,0.578916,6.45877
574,0.667673,0.671731,6.45879
575,-0.174684,0.541963,6.97237
576,0.403425,0.790307,7.12205
577,0.0171593,0.288171,7.19549
578,0.841623,1.12083,7.27345
579,-0.624633,-0.672322,7.27573
580,-0.244114,0.703427,8.17356
581,-0.466212,0.10557,8.50049
582,0.520336,1.19543,8.95624
583,-0.467342,-0.968986,9.20789
584,0.397662,0.0441194,9.33288
585,0.25289,0.706579,9.53871
586,0.355409,0.31428,9.5404
587,0.835128,1.07369,9.59732
588,-0.0936931,-0.519658,9.77876
589,1.09486,0.944045,9.80151
590,-0.334893,-0.403607,9.80623
591,0.885758,1.05515,9.83492
592,-0.411568,-0.679775,9.90686
593,0.55925,0.669615,9.91904
594,0.0562319,0.16833,9.93161
595,1.06257,1.16122,9.94134
596,-0.579195,-0.83729,10.0079
597,0.771479,0.366888,10.1716
598,-0.357364,0.560364,11.0139
599,0.900451,0.670456,11.0668
600,0.665259,0.538793,11.0828
601,0.41894,0.79472,11.224
602,0.411077,0.277426,11.2418
603,1.21037,1.13066,11.2482
604,-0.419274,-0.706536,11.3307
605,0.721547,0.640329,11.3373
606,-0.380377,0.214009,11.6906
607,0.9417,1.12798,11.7253
608,-0.241488,-0.717069,11.9515
609,0.643764,0.618531,11.9521
610,-0.234396,0.249267,12.186
611,1.25766,1.09857,12.2113
612,0.90054,-0.614823,14.5077
613,0.57823,0.800361,14.557
614,-1.13504,-0.0812563,15.6675
615,1.04287,1.23086,15.7028
616,-0.250778,-1.14542,16.5032
617,-0.238119,-0.46751,16.5558
618,0.87642,0.350383,16.8325
619,1.41662,0.687871,17.3636
620,0.351775,0.442682,17.3719
621,0.543801,0.932008,17.5226
622,-0.179906,-0.0832892,17.5319
623,1.21768,1.26989,17.5346
624,-1.32161,-1.28266,17.5362
625,-0.607834,-0.922325,17.6351
626,-0.477569,-0.575755,17.6447
627,0.365297,0.259212,17.656
628,0.597115,0.733207,17.6745
629,0.245366,0.325135,17.6808
630,1.14511,1.07196,17.6862
631,-0.484858,-0.511211,17.6869
632,1.0454,0.955718,17.6949
633,-0.478045,-0.43212,17.697
634,1.02094,1.0253,17.6971
635,-0.196248,-0.601363,17.8612
636,0.449221,0.801297,17.9851
637,-0.460865,-0.0793157,18.1307
638,1.1572,1.23158,18.1362
639,-0.792763,-1.14731,18.2619
640,0.204916,-0.473359,18.722
641,0.774496,0.342113,18.909
642,0.553729,0.694135,18.9287
643,0.575769,0.428081,18.9505
644,0.769374,0.951686,18.9837
645,-0.0893026,-0.139564,18.9862
646,1.31798,1.25824,18.9898
647,-1.23742,-1.25829,18.9902
648,-0.678874,-0.839146,19.0159
649,-0.427289,-0.363319,19.02
650,0.517921,0.563456,19.0221
651,0.0543159,0.446529,19.1759
652,0.647455,0.889893,19.2347
653,0.309183,0.0252855,19.3153
654,1.11948,1.26607,19.3368
655,-1.10467,-1.23653,19.3542
656,-0.00479812,-0.76079,19.9257
657,0.0727397,-0.181281,19.9902
658,0.185027,0.725755,20.2826
659,0.247709,0.208207,20.2842
660,0.818521,1.15704,20.3988
661,-0.578389,-0.811763,20.4532
662,0.662239,0.424568,20.5097
663,-0.0259031,0.50411,20.7906
664,1.23147,0.771592,21.0021
665,0.193323,0.317737,21.0176
666,0.902428,1.09014,21.0528
667,-0.342192,-0.568441,21.104
668,1.29114,0.874666,21.2775
669,-0.0488343,-0.241589,21.3146
670,0.338289,1.18069,22.0243
671,-0.29125,-1.02411,22.5613
672,0.116981,-0.11412,22.6148
673,0.423568,0.674534,22.6777
674,0.441769,0.32877,22.6905
675,0.901309,1.05103,22.7129
676,0.588237,-0.447912,23.7865
677,0.914986,1.03443,23.8008
678,-0.612632,-0.632451,23.8012
679,0.564328,0.750339,23.8358
680,0.216531,0.0220526,23.8736
681,1.21402,1.22442,23.8737
682,-0.923782,-1.09227,23.9021
683,-0.0937425,-0.302959,23.9459
684,0.60082,0.54382,23.9491
685,-0.0822465,0.495076,24.2824
686,0.398412,0.820006,24.4602
687,-0.134252,0.207149,24.5767
688,0.700019,1.18593,24.8128
689,-0.82211,-0.906847,24.82
690,0.298917,0.204458,24.8289
691,0.806481,0.669422,24.8477
692,1.14065,0.433962,25.3471
693,0.656839,0.937174,25.4257
694,-0.50682,-0.0994249,25.5917
695,1.14826,1.26731,25.6059
696,-0.896322,-1.27834,25.7518
697,-0.375362,-0.907627,26.0351
698,-0.479699,-0.536805,26.0384
699,0.716814,0.324288,26.1924
700,0.609772,0.691731,26.1992
701,0.316983,0.427399,26.2114
702,0.849837,0.951782,26.2217
703,-0.170118,-0.140024,26.2227
704,1.04965,1.25809,26.2661
705,-1.3721,-1.2579,26.2791
706,-0.988345,-0.8378,26.3018
707,-0.0210564,-0.360042,26.4167
708,0.618302,0.567177,26.4193
709,0.100377,0.441621,26.5358
710,0.691541,0.897112,26.578
711,0.297054,0.00575217,26.6629
712,1.12118,1.26909,26.6848
713,-1.1072,-1.25309,26.7061
714,-0.0712152,-0.817602,27.2631
715,0.0531038,-0.31179,27.3963
716,0.304731,0.618621,27.4948
717,0.534003,0.370694,27.5215
718,0.945195,0.993207,27.5238
719,-0.458806,-0.269837,27.5595
720,1.1936,1.19603,27.5595
721,-0.784528,-1.08362,27.649
722,-0.278008,-0.285115,27.649
723,-0.0525128,0.561108,28.0255
724,0.363675,0.473687,28.0376
725,1.06387,0.854201,28.0816
726,-0.114694,0.120582,28.137
727,1.14946,1.2359,28.1444
728,-1.11378,-1.10227,28.1446
729,-0.405515,-0.330224,28.1502
730,0.10496,0.516652,28.3197
731,0.926552,0.527232,28.4792
732,0.562252,0.765833,28.5206
733,0.879645,0.337069,28.815
734,0.810621,1.07069,28.8827
735,-0.363552,-0.5038,28.9023
736,1.02722,0.965866,28.9061
737,-0.0632715,-0.457195,29.0613
738,0.482295,0.997121,29.3263
739,-0.297153,-0.52911,29.3801
740,0.54562,0.907196,29.5108
741,-0.549866,-0.31094,29.5679
742,1.28612,1.1368,29.5902
743,-0.687511,-0.902527,29.6365
744,0.107598,0.200663,29.6451
745,0.416922,0.67287,29.7106
746,0.884508,0.426344,29.9205
747,1.19512,0.947384,29.9819
748,-0.315679,-0.128649,30.0169
749,1.18874,1.26104,30.0221
750,-1.11758,-1.26492,30.0438
751,-0.549384,-0.861724,30.1414
752,-0.772977,-0.419072,30.2666
753,0.61023,0.495613,30.2798
754,0.373491,0.530393,30.3044
755,0.572279,0.754841,30.3377
756,0.428442,0.361419,30.3422
757,0.805717,1.04358,30.3988
758,-0.362543,-0.416253,30.4017
759,0.305867,1.0705,30.9863
760,-0.356987,-0.729235,31.1249
761,0.492285,0.576653,31.132
762,-0.0322699,0.315689,31.2531
763,0.64716,1.03347,31.4023
764,-0.201083,-0.400585,31.4421
765,0.735934,1.08539,31.5643
766,-0.733034,-0.769463,31.5656
767,0.306941,0.496714,31.6016
768,-0.160269,0.423747,31.9427
769,1.14179,0.897628,32.0023
770,-0.00528495,-0.000906481,32.0023
771,1.27926,1.26929,32.0024
772,-1.00787,-1.2558,32.0639
773,-0.677203,-0.827054,32.0863
774,-0.279176,-0.334366,32.0894
775,0.566863,0.595363,32.0902
776,0.760722,0.403451,32.2178
777,1.21519,0.950727,32.2878
778,-0.236914,-0.1444,32.2963
779,1.23251,1.25603,32.2969
780,-1.01848,-1.25196,32.3514
781,-0.476151,-0.817568,32.468
782,-0.131543,-0.311373,32.5003
783,0.870262,0.618995,32.5634
784,0.0904426,0.370171,32.6417
785,0.909126,0.993861,32.6489
786,-0.0190172,-0.271811,32.7128
787,1.16621,1.19472,32.7136
788,-0.713173,-1.07986,32.848
789,-0.220029,-0.274106,32.851
790,-0.0421768,0.570855,33.2268
791,0.357415,0.461542,33.2376
792,1.08418,0.873027,33.2822
793,-0.146485,0.0714155,33.3297
794,1.14661,1.25477,33.3414
795,-1.18857,-1.18279,33.3414
796,-0.549433,-0.582175,33.3425
797,-0.263213,0.170663,33.5307
798,0.663189,0.784571,33.5455
799,0.187342,0.189425,33.5455
800,1.03411,1.18514,33.5683
801,-0.827871,-0.909541,33.575
802,0.42626,0.197371,33.6273
803,0.73785,0.6726,33.6316
804,0.394908,0.425863,33.6326
805,0.930212,0.947877,33.6329
806,-0.205838,-0.130099,33.6386
807,1.08922,1.26067,33.668
808,-1.11048,-1.26402,33.6916
809,-0.568394,-0.858656,33.7758
810,-0.42534,-0.411414,33.776
811,0.773659,0.505437,33.848
812,0.300218,0.518923,33.8958
813,0.585533,0.774638,33.9316
814,0.393843,0.315587,33.9377
815,0.853592,1.09296,33.995
816,-0.515729,-0.577705,33.9988
817,0.245199,0.860647,34.3776
818,-0.315813,-0.21031,34.3887
819,0.594634,1.19627,34.7507
820,-0.814743,-1.06658,34.8141
821,0.371594,-0.233763,35.1806
822,0.599366,0.603521,35.1806
823,0.741637,0.419938,35.2841
824,0.632877,0.934169,35.3749
825,0.212481,-0.0957604,35.4699
826,1.15291,1.26741,35.483
827,-1.30329,-1.2776,35.4836
828,-0.870545,-0.904933,35.4848
829,-0.402767,-0.529745,35.501
830,0.710929,0.335639,35.6418
831,0.716848,0.683362,35.6429
832,0.183679,0.446915,35.7122
833,0.873238,0.925382,35.7149
834,-0.0726468,-0.0647914,35.715
835,1.09077,1.27174,35.7477
836,-1.39997,-1.28368,35.7613
837,-0.834775,-0.925449,35.7695
838,0.0493995,-0.584144,36.1709
839,0.338535,0.244652,36.1797
840,0.79562,0.74096,36.1827
841,0.364863,0.304764,36.1863
842,1.23857,1.09225,36.2077
843,-0.535737,-0.578798,36.2095
844,1.05564,0.858666,36.2483
845,-0.280589,-0.205869,36.2539
846,1.1829,1.19826,36.2542
847,-0.666385,-1.07193,36.4186
848,0.164314,-0.249181,36.5896
849,0.880042,0.591492,36.6729
850,0.54601,0.435438,36.6851
851,0.647272,0.911999,36.7552
852,0.127537,-0.0338066,36.7812
853,1.13383,1.272,36.8003
854,-1.28966,-1.27532,36.8005
855,-0.780922,-0.89541,36.8136
856,-0.526563,-0.505059,36.8141
857,0.506504,0.374258,36.8316
858,1.04722,0.652385,36.9875
859,0.651381,0.516429,37.0057
860,0.376689,0.822338,37.2043
861,0.217071,0.208193,37.2043
862,1.06982,1.18602,37.2178
863,-0.557194,-0.90684,37.3401
864,0.61451,0.204504,37.5082
865,-0.00950794,0.669397,37.9691
866,0.666332,0.434021,38.0231
867,0.784837,0.937095,38.0463
868,-0.34845,-0.0991999,38.1084
869,1.22033,1.26735,38.1106
870,-0.828201,-1.27841,38.3133
871,-0.355878,-0.907868,38.618
872,-0.480468,-0.537437,38.6212
873,0.71479,0.323265,38.7745
874,0.611181,0.692468,38.7811
875,0.315933,0.425662,38.7932
876,0.853407,0.954077,38.8033
877,-0.175775,-0.146668,38.8042
878,1.04973,1.25611,38.8467
879,-1.36559,-1.25293,38.8594
880,-0.986478,-0.820923,38.8868
881,-0.0233797,-0.319357,38.9745
882,0.637331,0.610939,38.9751
883,0.0366196,0.381649,39.0942
884,0.786828,0.979364,39.1313
885,0.123756,-0.22832,39.2552
886,1.19767,1.22083,39.2558
887,-0.821294,-1.15508,39.3672
888,-0.356433,-0.501654,39.3883
889,-0.0945956,0.301156,39.5449
890,0.454205,0.722531,39.6169
891,0.490694,0.359475,39.6341
892,0.74645,1.03585,39.7178
893,-0.109556,-0.39433,39.7989
894,1.5876,1.09306,40.0435
895,-0.124878,-0.790991,40.4872
896,0.070602,0.451985,40.6327
897,0.289681,0.476696,40.6676
898,1.2426,0.81746,40.8484
899,0.0826387,0.207471,40.864
900,1.0055,1.18498,40.8962
901,-0.632436,-0.903595,40.9697
902,0.0942658,0.212416,40.9837
903,0.242331,0.665753,41.163
904,0.899231,0.443207,41.3709
905,0.818971,0.924721,41.3821
906,-0.784766,-0.0641895,41.9013
907,1.00037,1.27165,41.9749
908,-1.02358,-1.28318,42.0423
909,-0.50274,-0.923678,42.2195
910,-0.465273,-0.579406,42.2325
911,0.594063,0.2529,42.3489
912,0.789029,0.736636,42.3517
913,0.376423,0.316184,42.3553
914,1.17156,1.08103,42.3635
915,-0.509482,-0.541219,42.3645
916,1.054,0.914224,42.384
917,-0.378585,-0.332494,42.3862
918,1.10007,1.11949,42.3865
919,-0.395344,-0.854322,42.5972
920,0.297501,0.314035,42.5975
921,0.162708,0.605638,42.7937
922,0.482356,0.580694,42.8033
923,0.723038,0.709603,42.8035
924,0.537004,0.469257,42.8081
925,0.69986,0.904598,42.85
926,-0.139092,-0.00483996,42.868
927,1.05489,1.27135,42.9149
928,-0.642813,-1.2643,43.3011
929,0.151695,-0.856444,44.3175
930,-0.0672219,-0.406185,44.4324
931,0.491424,0.512086,44.4328
932,0.354125,0.51102,44.4574
933,1.02504,0.788028,44.5136
934,-0.27958,0.283923,44.8311
935,0.927819,1.12355,44.8694
936,-0.441815,-0.682138,44.9272
937,0.413073,0.685629,45.0015
938,-0.341479,0.137238,45.2307
939,0.607539,1.17932,45.5576
940,-0.876107,-0.905945,45.5585
941,0.513441,0.204765,45.6538
942,0.151747,0.669516,45.9218
943,0.659751,0.433876,45.9729
944,1.12592,0.937307,46.0084
945,-0.36747,-0.0997986,46.0801
946,1.16485,1.26725,46.0906
947,-0.863031,-1.27823,46.263
948,-0.573807,-0.907229,46.3741
949,-0.539562,-0.535759,46.3741
950,0.674592,0.325978,46.4957
951,0.621686,0.690506,46.5004
952,0.318948,0.430276,46.5128
953,0.846241,0.947959,46.5232
954,-0.160771,-0.128995,46.5242
955,1.04954,1.26109,46.5689
956,-1.38136,-1.26519,46.5824
957,-0.985555,-0.862674,46.5975
958,-0.0155441,-0.421446,46.7623
959,0.583908,0.492534,46.7706
960,0.22097,0.53394,46.8686
961,0.550632,0.748631,46.9078
962,0.508421,0.375554,46.9254
963,0.810953,1.02713,46.9722
964,-0.320586,-0.364334,46.9741
965,0.339767,1.1223,47.5864
966,-0.364844,-0.872694,47.8444
967,0.442898,0.270458,47.8741
968,0.246963,0.635785,48.0253
969,0.493748,0.515225,48.0257
970,0.80939,0.819096,48.0258
971,0.217987,0.215282,48.0258
972,1.01119,1.18084,48.0546
973,-0.772751,-0.887565,48.0678
974,0.211736,0.251374,48.0694
975,0.117755,0.645266,48.3476
976,0.613676,0.492496,48.3623
977,0.70119,0.854006,48.3857
978,-0.196522,0.126692,48.4901
979,1.02637,1.23373,48.5331
980,-1.0858,-1.09292,48.5332
981,-0.570549,-0.302144,48.6052
982,0.345875,0.544317,48.6446
983,0.705051,0.494564,48.6889
984,0.961867,0.820864,48.7088
985,0.6875,0.205023,48.9416
986,0.928808,1.18741,49.0085
987,-0.773232,-0.912416,49.0278
988,0.183719,0.19072,49.0279
989,0.603791,0.675352,49.033
990,1.11738,0.418676,49.5212
991,0.670396,0.9572,49.6034
992,-0.562726,-0.157122,49.768
993,1.17664,1.2526,49.7737
994,-0.802619,-1.24374,49.9683
995,-0.274937,-0.789858,50.2335
996,-0.221276,-0.246548,50.2341
997,0.784252,0.677942,50.2454
998,0.0718232,0.282588,50.2898
999,0.966747,1.09158,50.3054
1000,-0.315441,-0.583402,50.3772
1001,1.03529,0.850975,50.4112
1002,0.223753,-0.188842,50.5814
1003,0.641541,1.20537,50.8993
1004,-0.77148,-1.09072,51.0012
1005,-0.408889,-0.303943,51.0122
1006,1.07537,0.543448,51.2952
1007,0.842488,0.495346,51.4157
1008,0.64926,0.819519,51.4447
1009,0.0632187,0.208348,51.4657
1010,0.841253,1.18508,51.584
1011,-0.941321,-0.903688,51.5854
1012,0.0116783,0.212213,51.6256
1013,0.764017,0.665846,51.6352
1014,1.19409,0.442973,52.1994
1015,0.594874,0.925039,52.3084
1016,-0.482272,-0.0650831,52.4824
1017,1.1285,1.27158,52.5029
1018,-0.950733,-1.28321,52.6135
1019,-0.474617,-0.923812,52.8152
1020,-0.472546,-0.579764,52.8267
1021,0.599908,0.25228,52.9476
1022,0.787588,0.736968,52.9501
1023,0.369073,0.315314,52.953
1024,1.17731,1.0819,52.9621
1025,-0.513948,-0.544111,52.963
1026,1.05572,0.910091,52.9843
1027,-0.373045,-0.322804,52.9868
1028,1.10719,1.12714,52.9872
1029,-0.41623,-0.875475,53.1981
1030,0.284295,0.265103,53.1985
1031,0.225441,0.638966,53.3695
1032,0.399856,0.507942,53.3811
1033,0.851429,0.830482,53.3816
1034,0.120186,0.186802,53.386
1035,0.995813,1.20029,53.4278
1036,-0.971112,-0.96094,53.4279
1037,-0.220498,0.0673189,53.5108
1038,0.126196,0.705373,53.8462
1039,0.565338,0.323623,53.9046
1040,1.13899,1.06499,53.9101
1041,-0.883374,-0.490789,54.0642
1042,1.22366,0.982273,54.1225
1043,-0.467852,-0.49804,54.1234
1044,1.02262,0.947421,54.1291
1045,-0.411947,-0.40606,54.1291
1046,0.804351,1.05339,54.1911
1047,-0.575341,-0.675293,54.2011
1048,0.749714,0.677588,54.2063
1049,-0.200922,0.154637,54.3327
1050,0.74353,1.1698,54.5144
1051,-0.386183,-0.86941,54.748
1052,0.224204,0.292715,54.7526
1053,-0.450431,0.619222,55.8968
1054,0.724298,0.551005,55.9268
1055,0.753578,0.760718,55.9269
1056,-0.0705964,0.355134,56.1081
1057,1.13691,1.05165,56.1154
1058,-0.680635,-0.441807,56.1724
1059,0.882672,1.04222,56.1979
1060,-0.488685,-0.653262,56.225
1061,0.354609,0.715215,56.355
1062,-0.146229,0.0878764,56.4098
1063,0.793714,1.20375,56.578
1064,-0.574747,-1.00227,56.7607
1065,0.0933037,-0.0452308,56.7799
1066,0.487492,0.696456,56.8236
1067,0.228039,0.30736,56.8299
1068,0.89313,1.07668,56.8636
1069,-0.23472,-0.530722,56.9512
1070,1.41658,0.928671,57.1892
1071,-0.519273,-0.366619,57.2125
1072,0.998084,1.09043,57.2211
1073,-0.740087,-0.774633,57.2223
1074,0.383291,0.48705,57.233
1075,0.203305,0.435506,57.2869
1076,0.862436,0.880583,57.2873
1077,0.0625296,0.0450536,57.2876
1078,1.22552,1.26133,57.2889
1079,-0.636824,-1.21383,57.6218
1080,-0.334266,-0.684338,57.7443
1081,-0.0863312,-0.0197941,57.7488
1082,0.587418,0.79415,57.7915
1083,0.183749,0.111117,57.7968
1084,0.783815,1.22096,57.9879
1085,-0.643269,-1.0537,58.1563
1086,-0.312621,-0.188117,58.1718
1087,0.477082,0.634346,58.1966
1088,-0.288178,0.380212,58.6433
1089,1.24085,0.987918,58.7073
1090,-0.172939,-0.252312,58.7136
1091,1.44244,1.20725,58.7689
1092,-1.0172,-1.11613,58.7787
1093,-0.370154,-0.381859,58.7788
1094,0.330548,0.461019,58.7959
1095,0.234434,0.587888,58.9208
1096,0.749445,0.654448,58.9298
1097,0.404695,0.576744,58.9594
1098,0.897649,0.730647,58.9873
1099,0.423865,0.42564,58.9873
1100,0.787212,0.965557,59.0191
1101,-0.228266,-0.177528,59.0217
1102,-0.348612,1.24554,61.563
1103,-0.242695,-1.22519,62.5283
1104,-0.581504,-0.727868,62.5497
1105,0.185532,-0.109266,62.6366
1106,0.802381,0.764925,62.638
1107,0.148729,0.148066,62.638
1108,1.13445,1.19878,62.6422
1109,-0.978808,-0.967499,62.6423
1110,0.134023,0.0491597,62.6495
1111,0.705772,0.706367,62.6495
1112,0.575566,0.316212,62.7168
1113,0.584485,1.07192,62.9544
1114,-0.345207,-0.513767,62.9828
1115,0.835891,0.952039,62.9963
1116,-0.431194,-0.423059,62.9963
1117,1.07351,1.03504,62.9978
1118,-0.418624,-0.626752,63.0411
1119,0.638005,0.760567,63.0562
1120,-0.0808308,0.00212668,63.063
1121,1.12686,1.22816,63.0733
1122,-0.789622,-1.1111,63.1767
1123,0.324992,-0.359921,63.6458
1124,0.511368,0.485309,63.6464
1125,0.0204859,0.562289,63.94
1126,0.13416,0.702956,64.2635
1127,-0.23602,0.476882,64.7718
1128,0.830203,0.892504,64.7756
1129,-0.187218,0.027875,64.8219
1130,1.11778,1.26666,64.8441
1131,-1.07345,-1.23785,64.8711
1132,-0.190669,-0.765177,65.2012
1133,-0.149753,-0.191049,65.2029
1134,0.423833,0.719347,65.2902
1135,0.0162378,0.218241,65.331
1136,0.856556,1.14912,65.4166
1137,-0.506293,-0.783207,65.4933
1138,0.759766,0.485958,65.5682
1139,-0.0157898,0.43442,65.7709
1140,1.64617,0.881578,66.3555
1141,-0.273829,0.0422747,66.4555
1142,1.0156,1.26197,66.5162
1143,-0.997273,-1.21692,66.5644
1144,-0.288101,-0.694654,66.7297
1145,0.262784,-0.040637,66.8217
1146,0.500323,0.789292,66.9053
1147,0.45985,0.115634,67.0237
1148,0.782964,1.21807,67.2131
1149,-0.612891,-1.04247,67.3976
1150,-0.23964,-0.156033,67.4046
1151,0.558313,0.653173,67.4136
1152,-0.186334,0.355901,67.7076
1153,1.40069,1.01862,67.8536
1154,-0.26267,-0.34585,67.8605
1155,1.30609,1.13813,67.8887
1156,-0.996103,-0.917226,67.8949
1157,0.238833,0.163613,67.9006
1158,0.761154,0.687355,67.906
1159,0.312736,0.387644,67.9116
1160,0.871912,0.995831,67.927
1161,-0.198577,-0.272059,67.9324
1162,1.28628,1.19513,67.9407
1163,-0.809615,-1.08128,68.0145
1164,-0.0675622,-0.278288,68.0589
1165,0.590552,0.567194,68.0595
1166,0.337118,0.46612,68.0761
1167,1.14037,0.865983,68.1514
1168,0.0878531,0.0899385,68.1514
1169,1.0077,1.24847,68.2094
1170,-1.18358,-1.15517,68.2102
1171,-0.50126,-0.493638,68.2102
1172,-0.14385,0.3123,68.4183
1173,0.756818,0.715365,68.42
1174,0.271232,0.377244,68.4313
1175,1.13763,1.01537,68.4462
1176,-0.39619,-0.330197,68.4506
1177,1.65795,1.15197,68.7066
1178,0.0666102,-0.956906,69.7542
1179,-0.0564334,0.0636549,69.7686
1180,0.100394,0.707256,70.1369
1181,0.99034,0.318802,70.5878
1182,1.26858,1.06989,70.6273
1183,-0.384823,-0.506885,70.6422
1184,1.19091,0.961262,70.6949
1185,-0.502655,-0.445699,70.6982
1186,1.19501,1.01027,70.7323
1187,-0.600182,-0.562618,70.7337
1188,0.75116,0.859926,70.7456
1189,-0.275832,-0.204048,70.7507
1190,1.11801,1.19969,70.7574
1191,-0.838555,-1.07617,70.8138
1192,0.00545795,-0.261481,70.8851
1193,0.772246,0.581429,70.9215
1194,0.783694,0.448272,71.034
1195,0.0530272,0.893101,71.7397
1196,0.102728,0.0177998,71.747
1197,1.25978,1.26749,71.747
1198,-1.30583,-1.24379,71.7509
1199,-0.692956,-0.78558,71.7594
1200,-0.435709,-0.237128,71.7989
1201,0.467273,0.685605,71.8465
1202,0.523879,0.270787,71.9106
1203,1.00262,1.10303,71.9207
1204,-0.554649,-0.622097,71.9252
1205,0.984922,0.789102,71.9636
1206,-0.00843662,-0.0583837,71.9661
1207,0.937657,1.23196,72.0527
1208,-1.0108,-1.14233,72.07
1209,-0.570366,-0.457283,72.0828
1210,0.9266,0.364552,72.3987
1211,1.4251,0.676758,72.9587
1212,0.386221,0.468163,72.9654
1213,1.31539,0.89618,73.1411
1214,-0.331926,0.0160557,73.2622
1215,1.27394,1.26849,73.2623
1216,-1.21973,-1.24789,73.2631
1217,-0.429738,-0.799565,73.3998
1218,-0.334031,-0.269393,73.404
1219,0.200781,0.658529,73.6135
1220,0.191417,0.312057,73.6281
1221,1.08373,1.06123,73.6286
1222,-0.510306,-0.483067,73.6293
1223,1.13382,0.991673,73.6495
1224,-0.242105,-0.521701,73.7277
1225,0.309253,0.916461,74.0964
1226,-0.247554,-0.332371,74.1036
1227,1.02391,1.12028,74.1129
1228,-0.712439,-0.856748,74.1337
1229,0.502983,0.308461,74.1716
1230,0.299396,0.609768,74.2679
1231,0.738622,0.571994,74.2957
1232,0.874017,0.724883,74.3179
1233,0.398991,0.435961,74.3193
1234,0.597641,0.951378,74.4444
1235,-0.272301,-0.136379,74.4629
1236,1.0357,1.25937,74.5129
1237,-0.751406,-1.26135,74.7729
1238,0.107328,-0.849583,75.6886
1239,0.157499,-0.388911,75.9872
1240,0.908795,0.533373,76.1281
1241,0.367774,0.485046,76.1419
1242,0.51932,0.830634,76.2388
1243,0.417813,0.179579,76.2956
1244,1.03326,1.20404,76.3247
1245,-0.897249,-0.975732,76.3309
1246,0.258696,0.0283398,76.3839
1247,-0.0431974,0.706156,76.9455
1248,0.230556,0.310383,76.9518
1249,0.432287,1.07697,77.3675
1250,-0.922817,-0.530708,77.5212
1251,1.12572,0.928781,77.56
1252,-0.391795,-0.366899,77.5606
1253,1.47763,1.09017,77.7107
1254,-0.631405,-0.773938,77.7311
1255,0.51324,0.488479,77.7317
1256,0.288126,0.433762,77.7529
1257,0.805125,0.883134,77.759
1258,0.067075,0.038232,77.7598
1259,1.23191,1.26289,77.7608
1260,-0.64547,-1.22139,78.0924
1261,-0.351919,-0.709649,78.2204
1262,-0.117407,-0.0714602,78.2225
1263,0.566719,0.779956,78.268
1264,0.261263,0.126898,78.2861
1265,0.801342,1.21144,78.4542
1266,-0.562825,-1.01656,78.6601
1267,-0.0809022,-0.0833216,78.6601
1268,0.566428,0.685312,78.6743
1269,0.749875,0.317489,78.8612
1270,0.861184,1.06447,78.9025
1271,-0.379085,-0.491101,78.9151
1272,0.876044,0.98169,78.9262
1273,-0.704054,-0.496532,78.9693
1274,0.736932,0.949345,79.0144
1275,-0.519563,-0.410718,79.0263
1276,0.935805,1.04864,79.039
1277,-0.829977,-0.662715,79.067
1278,0.759587,0.699724,79.0706
1279,-0.262999,0.115726,79.214
1280,0.720364,1.19117,79.4357
1281,-0.449471,-0.951714,79.6879
1282,0.107097,0.0892858,79.6882
1283,-0.202181,0.703325,80.5082
1284,0.247524,0.334253,80.5157
1285,0.693275,1.05458,80.6462
1286,-0.557319,-0.456724,80.6563
1287,1.17827,1.02434,80.68
1288,-0.672194,-0.605994,80.6844
1289,0.0520539,0.793181,81.2337
1290,-0.13599,-0.0625882,81.2391
1291,0.96886,1.23247,81.3086
1292,-0.926884,-1.14535,81.3563
1293,-0.0432478,-0.466822,81.5357
1294,1.00771,0.351303,81.9666
1295,0.427242,0.687174,82.0342
1296,0.688188,0.444299,82.0936
1297,1.26526,0.92979,82.2062
1298,-0.0399598,-0.077024,82.2075
1299,1.37841,1.27063,82.2192
1300,-1.24975,-1.28341,82.2203
1301,-0.588636,-0.924818,82.3333
1302,-0.479806,-0.582426,82.3438
1303,0.348643,0.247646,82.354
1304,0.633323,0.739412,82.3653
1305,0.255219,0.308871,82.3682
1306,1.20819,1.08826,82.3826
1307,-0.533046,-0.565377,82.3836
1308,1.05755,0.878967,82.4155
1309,-0.335169,-0.251229,82.4225
1310,1.15654,1.17533,82.4229
1311,-0.572893,-1.00932,82.6134
1312,0.200971,-0.0736231,82.6888
1313,0.657787,0.689615,82.6898
1314,0.208401,0.312116,82.7005
1315,0.979901,1.0705,82.7087
1316,0.365681,-0.510727,83.4768
1317,0.851553,0.955972,83.4877
1318,-0.468351,-0.432653,83.489
1319,0.989546,1.02473,83.4903
1320,-0.724739,-0.59989,83.5058
1321,0.616969,0.803603,83.5407
1322,-0.33368,-0.0840554,83.603
1323,1.20212,1.23119,83.6038
1324,-0.853091,-1.14737,83.6904
1325,0.12733,-0.4737,84.0517
1326,0.779031,0.341639,84.243
1327,0.582973,0.694486,84.2554
1328,0.583975,0.427257,84.28
1329,0.64453,0.952777,84.375
1330,-0.0478344,-0.142721,84.384
1331,1.29881,1.25732,84.3857
1332,-1.24387,-1.256,84.3859
1333,-0.685509,-0.831348,84.4071
1334,-0.420365,-0.344395,84.4129
1335,0.525627,0.584545,84.4164
1336,0.0266309,0.418312,84.5698
1337,0.692688,0.930385,84.6263
1338,0.233246,-0.086368,84.7284
1339,1.17294,1.26867,84.7376
1340,-1.07518,-1.27925,84.7793
1341,-0.364358,-0.910475,85.0775
1342,-0.0762632,-0.544326,85.2966
1343,0.859423,0.31205,85.5962
1344,0.877826,0.700377,85.6277
1345,0.293959,0.406877,85.6404
1346,1.02279,0.978345,85.6424
1347,-0.191084,-0.217958,85.6431
1348,1.09678,1.227,85.6601
1349,-1.25813,-1.17311,85.6673
1350,-0.804201,-0.558568,85.7277
1351,0.00370123,0.211269,85.7707
1352,0.763204,0.769941,85.7708
1353,0.160388,0.233447,85.7761
1354,1.10908,1.15469,85.7782
1355,-0.645531,-0.796584,85.801
1356,0.740383,0.458041,85.8807
1357,-0.416853,0.467303,86.6625
1358,-0.124214,0.831692,87.5762
1359,-0.282267,0.171795,87.7824
1360,0.450689,1.20819,88.3562
1361,-0.475419,-0.99207,88.6231
1362,0.944584,-0.0154264,89.5448
1363,0.797713,0.702046,89.5539
1364,0.578175,0.305356,89.6283
1365,1.12051,1.08007,89.63
1366,-0.945328,-0.541578,89.793
1367,0.975597,0.913393,89.7969
1368,-0.412118,-0.330474,89.8035
1369,1.20566,1.12112,89.8107
1370,-0.808873,-0.858815,89.8132
1371,0.407492,0.303747,89.8239
1372,0.502011,0.613189,89.8363
1373,0.499688,0.564724,89.8405
1374,0.7007,0.737479,89.8419
1375,0.406812,0.407992,89.8419
1376,0.768154,0.988203,89.8903
1377,-0.351545,-0.244766,89.9017
1378,1.01084,1.21259,89.9424
1379,-0.800605,-1.13194,90.0522
1380,0.0975767,-0.430033,90.3305
1381,0.204757,0.401517,90.3693
1382,0.71422,0.645287,90.374
1383,0.609922,0.537501,90.3793
1384,0.631167,0.789116,90.4042
1385,0.638921,0.289465,90.5263
1386,1.19027,1.11943,90.5313
1387,-0.279038,-0.66753,90.6823
1388,0.304679,0.711993,90.8482
1389,0.268921,0.0900332,90.8802
1390,0.861335,1.20225,90.9964
1391,-0.325575,-0.996556,91.4466
1392,0.396822,-0.0296974,91.6285
1393,0.333537,0.699799,91.7627
1394,0.246807,0.305485,91.7661
1395,0.775057,1.07929,91.8587
1396,0.0361638,-0.539167,92.1897
1397,1.32854,0.916805,92.3592
1398,-0.304325,-0.338495,92.3604
1399,1.01015,1.11463,92.3713
1400,-0.704591,-0.840913,92.3899
1401,0.338483,0.344402,92.3899
1402,0.453683,0.581669,92.4063
1403,0.584045,0.629646,92.4084
1404,0.57896,0.619464,92.41
1405,0.715086,0.651664,92.414
1406,0.477815,0.591307,92.4269
1407,0.49419,0.705997,92.4718
1408,0.299028,0.479587,92.5044
1409,0.552835,0.889794,92.6179
1410,-0.123806,0.0354497,92.6433
1411,0.350171,1.26518,93.4805
1412,-0.130797,-1.23031,94.6895
1413,-0.291713,-0.739586,94.8901
1414,-0.0177229,-0.134877,94.9038
1415,0.232144,0.752656,95.1747
1416,0.0901002,0.16645,95.1805
1417,0.786442,1.18701,95.341
1418,-0.567088,-0.922651,95.4674
1419,0.369879,0.164303,95.5097
1420,0.112573,0.685411,95.8378
1421,-0.512478,0.391588,96.6552
1422,1.04392,0.990946,96.658
1423,-0.111742,-0.257287,96.6791
1424,1.32723,1.20461,96.6942
1425,-0.747011,-1.1087,96.825
1426,-0.597237,-0.359519,96.8815
1427,0.650077,0.486434,96.9083
1428,0.446361,0.560879,96.9214
1429,0.91071,0.705511,96.9635
1430,0.368486,0.471419,96.9741
1431,0.943527,0.900523,96.976
1432,-0.0440773,0.00610638,96.9785
1433,1.0386,1.2701,97.0321
1434,-1.15827,-1.2566,97.0417
1435,-0.212366,-0.829632,97.4228
1436,-0.117886,-0.340586,97.4724
1437,0.433131,0.588712,97.4966
1438,0.176744,0.41261,97.5522
1439,1.01046,0.938268,97.5574
1440,-0.404514,-0.108703,97.6449
1441,1.16109,1.26494,97.6557
1442,-1.01247,-1.2727,97.7234
1443,-0.414538,-0.888208,97.9478
1444,-0.11363,-0.486289,98.0866
1445,0.908909,0.40247,98.3431
1446,0.571512,0.627339,98.3462
1447,0.48059,0.569766,98.3542
1448,0.628625,0.733716,98.3652
1449,0.316742,0.417255,98.3753
1450,0.868089,0.976372,98.3871
1451,0.396961,-0.209446,98.7548
1452,0.202572,1.2315,99.8135
1453,-0.296108,-1.18605,100.605
1454,-0.164269,-0.599957,100.795
1455,0.457183,0.140256,100.896
1456,0.76011,0.792472,100.897
1457,0.258948,0.16286,100.906
1458,1.27008,1.20061,100.911
1459,-1.01146,-0.969189,100.913
1460,0.001269,0.0451242,100.915
1461,0.333435,0.706393,101.054
1462,0.307928,0.314951,101.054
1463,1.04187,1.07305,101.055
1464,-0.522632,-0.517515,101.055
1465,1.03486,0.946964,101.062
1466,-0.556075,-0.410691,101.084
1467,1.15324,1.04796,101.095
1468,-0.486874,-0.660702,101.125
1469,0.608424,0.703249,101.134
1470,0.0035614,0.109406,101.145
1471,1.09508,1.19422,101.155
1472,-0.672536,-0.963795,101.24
1473,0.610078,0.057803,101.545
1474,-0.0341005,0.706184,102.093
1475,0.200569,0.319167,102.107
1476,0.645649,1.06924,102.286
1477,-0.516239,-0.504834,102.286
1478,1.19869,0.963971,102.341
1479,-0.55558,-0.452387,102.352
1480,0.640823,1.00268,102.483
1481,-0.356242,-0.543219,102.518
1482,0.678736,0.887681,102.562
1483,-0.283468,-0.266135,102.562
1484,1.08788,1.16715,102.568
1485,-0.814614,-0.98696,102.598
1486,0.00681629,-0.0135822,102.598
1487,0.59559,0.703654,102.61
1488,0.802136,0.302745,102.859
1489,0.841965,1.08278,102.917
1490,0.0846079,-0.550553,103.321
1491,1.01216,0.900482,103.333
1492,-0.623484,-0.300382,103.438
1493,0.944556,1.14382,103.477
1494,-0.788991,-0.92178,103.495
1495,0.149631,0.153596,103.495
1496,0.769916,0.690437,103.501
1497,0.289202,0.378694,103.509
1498,1.00844,1.00636,103.509
1499,-0.727689,-0.304253,103.689
1500,1.27506,1.17231,103.699
1501,-0.81715,-1.01531,103.739
1502,-0.209639,-0.0915042,103.753
1503,0.801097,0.683685,103.766
1504,0.256107,0.318154,103.77
1505,1.41118,1.06339,103.891
1506,-0.304566,-0.487685,103.925
1507,0.835254,0.986047,103.947
1508,-0.293425,-0.50751,103.993
1509,0.702739,0.935221,104.047
1510,-0.508139,-0.376747,104.065
1511,0.970541,1.08185,104.077
1512,-0.775933,-0.751593,104.078
1513,0.638253,0.533708,104.088
1514,-0.0483002,0.375741,104.268
1515,0.77417,0.962459,104.304
1516,0.139921,-0.184136,104.409
1517,0.840754,1.24127,104.569
1518,-1.15924,-1.21229,104.572
1519,-0.251833,-0.685125,104.76
1520,-0.0921808,-0.0208426,104.765
1521,0.413709,0.793854,104.909
1522,-0.0547938,0.111461,104.937
1523,1.20604,1.22076,104.937
1524,-1.20704,-1.05293,104.961
1525,-0.412612,-0.185897,105.012
1526,0.743517,0.63574,105.024
1527,-0.223804,0.378399,105.387
1528,1.3852,0.990262,105.543
1529,-0.253428,-0.259346,105.543
1530,1.42855,1.20291,105.593
1531,-1.01088,-1.10361,105.602
1532,-0.337314,-0.344252,105.602
1533,0.363832,0.503005,105.621
1534,0.214742,0.542505,105.729
1535,0.856635,0.738865,105.743
1536,0.258296,0.398462,105.762
1537,1.04,0.999379,105.764
1538,-0.310405,-0.278722,105.765
1539,1.01238,1.19105,105.797
1540,-0.747672,-1.06967,105.901
1541,0.0481927,-0.244548,105.986
1542,0.43391,0.595375,106.012
1543,0.40951,0.430376,106.013
1544,1.02533,0.919299,106.024
1545,-0.0594603,-0.054043,106.024
1546,0.906019,1.2717,106.158
1547,-1.3127,-1.28033,106.159
1548,-0.787211,-0.913416,106.175
1549,-0.549606,-0.552158,106.175
1550,0.591467,0.299146,106.26
1551,1.06574,0.709069,106.388
1552,0.325896,0.385853,106.391
1553,0.973698,1.00429,106.392
1554,-0.239057,-0.29627,106.395
1555,1.07785,1.1784,106.405
1556,-1.03576,-1.03296,106.405
1557,-0.31585,-0.140279,106.436
1558,0.118214,0.662564,106.733
1559,0.817718,0.34333,106.958
1560,1.24257,1.03374,107.001
1561,-0.327558,-0.393078,107.006
1562,0.79587,1.09381,107.094
1563,-0.550258,-0.792908,107.153
1564,0.414588,0.447959,107.154
1565,0.74978,0.481193,107.226
1566,0.939569,0.810222,107.243
1567,-0.0523261,0.225314,107.32
1568,1.04016,1.17199,107.338
1569,-0.74871,-0.855402,107.349
1570,0.112686,0.327201,107.395
1571,0.188618,0.593495,107.559
1572,0.887733,0.605029,107.639
1573,0.603386,0.665564,107.643
1574,-0.212889,0.561343,108.242
1575,0.431843,0.758521,108.349
1576,-0.201593,0.362907,108.668
1577,0.823185,1.04317,108.716
1578,-0.144915,-0.414624,108.789
1579,0.48282,1.07227,109.136
1580,-0.0473121,-0.734067,109.608
1581,0.0305323,0.567285,109.896
1582,-0.213596,0.329242,110.191
1583,0.637049,1.01843,110.336
1584,-0.150172,-0.353294,110.377
1585,0.681385,1.13078,110.579
1586,-0.768247,-0.896132,110.596
1587,0.0521087,0.214963,110.622
1588,0.0339902,0.666468,111.022
1589,1.09875,0.442638,111.453
1590,0.580689,0.925641,111.572
1591,-0.100528,-0.0667445,111.573
1592,1.01334,1.27146,111.639
1593,-1.08889,-1.28326,111.677
1594,-0.326443,-0.92403,112.034
1595,-0.631918,-0.580343,112.037
1596,0.434332,0.251274,112.07
1597,0.843912,0.737503,112.082
1598,0.359506,0.313907,112.084
1599,1.1972,1.0833,112.097
1600,-0.5209,-0.548777,112.098
1601,1.05906,0.903371,112.122
1602,-0.364564,-0.307144,112.125
1603,1.11847,1.13894,112.126
1604,-0.450209,-0.908198,112.335
1605,0.263814,0.186929,112.341
1606,0.325546,0.678621,112.466
1607,0.287021,0.411341,112.481
1608,1.00173,0.966704,112.483
1609,-0.510254,-0.184922,112.588
1610,1.25694,1.24214,112.589
1611,-0.998974,-1.21554,112.636
1612,-0.460578,-0.695919,112.691
1613,-0.441671,-0.0426868,112.85
1614,0.592969,0.788673,112.888
1615,0.0772637,0.116386,112.89
1616,1.28367,1.21764,112.894
1617,-1.22464,-1.04078,112.928
1618,-0.313036,-0.151231,112.954
1619,0.887449,0.655746,113.008
1620,-0.0123427,0.352627,113.141
1621,1.45965,1.02264,113.332
1622,-0.329044,-0.358321,113.333
1623,1.26882,1.12704,113.353
1624,-0.982498,-0.885805,113.362
1625,0.309248,0.239601,113.367
1626,0.794083,0.653886,113.387
1627,0.392685,0.473286,113.393
1628,0.645539,0.882566,113.45
1629,0.113804,0.0514947,113.454
1630,1.04172,1.26106,113.502
1631,-1.00921,-1.21092,113.542
1632,-0.377667,-0.674553,113.63
1633,0.158829,-0.000306642,113.656
1634,0.181624,0.797634,114.035
1635,0.132247,0.1092,114.036
1636,0.891594,1.2226,114.145
1637,-0.798325,-1.05988,114.214
1638,-0.377548,-0.205895,114.243
1639,0.443286,0.622687,114.275
1640,0.124706,0.395397,114.349
1641,0.855676,0.967932,114.361
1642,-0.0425783,-0.19303,114.384
1643,1.43263,1.23821,114.422
1644,-1.02965,-1.20436,114.452
1645,-0.497574,-0.659196,114.478
1646,0.0670964,0.030339,114.48
1647,0.426617,0.800953,114.62
1648,-0.0581713,0.110966,114.648
1649,1.23801,1.22305,114.649
1650,-1.26849,-1.06089,114.692
1651,-0.425604,-0.208772,114.739
1652,0.512388,0.620713,114.751
1653,0.811632,0.39797,114.922
1654,0.784742,0.964481,114.954
1655,0.043489,-0.182923,115.005
1656,1.32754,1.2425,115.012
1657,-1.08936,-1.2162,115.029
1658,-0.49576,-0.698061,115.069
1659,0.0262573,-0.0470652,115.075
1660,0.44858,0.787481,115.19
1661,-0.106133,0.117704,115.24
1662,1.21296,1.21685,115.24
1663,-1.15796,-1.0377,115.254
1664,-0.245856,-0.142483,115.265
1665,0.911352,0.660269,115.328
1666,0.111783,0.346917,115.383
1667,1.4091,1.02959,115.527
1668,-0.340142,-0.379999,115.529
1669,1.21615,1.10672,115.541
1670,-0.96242,-0.828754,115.559
1671,0.402041,0.370448,115.56
1672,0.804853,0.559249,115.62
1673,0.566802,0.673271,115.631
1674,0.17747,0.533164,115.758
1675,0.769405,0.804013,115.759
1676,-0.0722566,0.254939,115.866
1677,0.557081,1.15021,116.218
1678,-0.625589,-0.775703,116.24
1679,0.762842,0.502662,116.308
1680,-0.534636,0.413552,117.207
1681,1.08615,0.911363,117.238
1682,0.0354914,-0.0387498,117.243
1683,1.10126,1.27131,117.272
1684,-0.549086,-1.27433,117.798
1685,-0.167808,-0.892106,118.323
1686,0.190999,-0.496495,118.795
1687,0.379617,0.387258,118.796
1688,1.38042,0.641095,119.342
1689,0.881164,0.540773,119.458
1690,0.591726,0.782919,119.495
1691,0.335478,0.304086,119.496
1692,1.02722,1.10542,119.502
1693,-0.088876,-0.61951,119.783
1694,0.614919,0.794316,119.815
1695,-0.209954,-0.0691668,119.835
1696,0.460294,1.2316,120.43
1697,-0.373655,-1.14431,121.024
1698,0.251869,-0.463759,121.536
1699,0.777065,0.355605,121.714
1700,1.36547,0.683836,122.178
1701,0.199114,0.451997,122.242
1702,1.06506,0.919129,122.264
1703,-0.368797,-0.047117,122.367
1704,1.2493,1.27263,122.368
1705,-1.30146,-1.28156,122.368
1706,-0.542583,-0.917562,122.509
1707,-0.457717,-0.563155,122.52
1708,0.271801,0.28073,122.52
1709,0.666735,0.72072,122.523
1710,0.500428,0.357007,122.543
1711,0.913059,1.03778,122.559
1712,-0.316464,-0.400683,122.566
1713,1.01649,1.08657,122.571
1714,-0.71769,-0.77309,122.574
1715,0.475926,0.489236,122.574
1716,0.200579,0.43298,122.628
1717,0.844262,0.88431,122.63
1718,-0.107566,0.0350876,122.65
1719,1.02572,1.26357,122.707
1720,-0.812707,-1.22472,122.876
1721,-0.506923,-0.72086,122.922
1722,-0.159353,-0.0949122,122.926
1723,0.690913,0.77113,122.933
1724,0.254114,0.139028,122.946
1725,0.829512,1.20428,123.087
1726,-0.522175,-0.988695,123.304
1727,0.0642237,-0.00724069,123.309
1728,0.433475,0.703318,123.382
1729,0.813749,0.305309,123.641
1730,0.520148,1.0805,123.955
1731,-0.394262,-0.542869,123.977
1732,0.704762,0.911559,124.019
1733,-0.400162,-0.326176,124.025
1734,1.24079,1.12452,124.038
1735,-0.694775,-0.868217,124.069
1736,0.436198,0.282034,124.092
1737,0.535077,0.628174,124.101
1738,0.457418,0.532166,124.107
1739,0.761585,0.791972,124.107
1740,0.224023,0.281543,124.111
1741,0.902553,1.12662,124.161
1742,-0.746202,-0.692514,124.164
1743,0.40333,0.66658,124.233
1744,-0.395297,0.170186,124.553
1745,0.428509,1.15943,125.087
1746,-0.386004,-0.830918,125.285
1747,0.460101,0.381233,125.291
1748,-0.0768386,0.547251,125.681
1749,0.989192,0.695093,125.767
1750,1.38585,0.487759,126.574
1751,0.27907,0.875455,126.93
1752,0.273042,0.0733367,126.969
1753,1.49979,1.25511,127.029
1754,-0.504763,-1.18341,127.49
1755,0.451241,-0.584112,128.562
1756,0.240146,0.167316,128.567
1757,0.900165,0.785574,128.58
1758,0.127192,0.186218,128.584
1759,0.658403,1.18712,128.863
1760,-0.75326,-0.917104,128.89
1761,0.332275,0.178625,128.914
1762,0.77366,0.680199,128.922
1763,0.407567,0.405848,128.923
1764,0.979484,0.973462,128.923
1765,-0.258214,-0.204925,128.925
1766,1.12624,1.23325,128.937
1767,-0.987502,-1.19073,128.978
1768,-0.538451,-0.615012,128.984
1769,0.162481,0.113245,128.986
1770,0.657506,0.797542,129.006
1771,0.160793,0.14347,129.006
1772,1.26994,1.21045,129.01
1773,-1.18089,-1.00821,129.04
1774,-0.170935,-0.0599453,129.052
1775,0.678274,0.692507,129.052
1776,0.351315,0.310625,129.054
1777,0.897256,1.07267,129.085
1778,-0.534699,-0.517679,129.085
1779,0.937616,0.946613,129.085
1780,-0.533563,-0.40981,129.1
1781,0.960458,1.04886,129.108
1782,-0.748559,-0.663098,129.115
1783,0.549416,0.69908,129.138
1784,-0.199406,0.116872,129.238
1785,1.16178,1.1906,129.239
1786,-0.678478,-0.949482,129.312
1787,0.620751,0.0950575,129.588
1788,-0.0762261,0.702505,130.195
1789,0.278269,0.337599,130.198
1790,0.685567,1.05119,130.332
1791,-0.566566,-0.44572,130.347
1792,1.18014,1.03722,130.367
1793,-0.69134,-0.639883,130.37
1794,-0.0425278,0.737936,130.979
1795,-0.0501531,0.0456647,130.988
1796,0.984648,1.21846,131.043
1797,-0.908587,-1.06481,131.067
1798,0.0874347,-0.221806,131.163
1799,0.590952,0.61168,131.163
1800,-0.0564518,0.409644,131.38
1801,0.540307,0.948573,131.547
1802,0.256352,-0.136813,131.702
1803,0.944744,1.25837,131.8
1804,-1.08607,-1.25793,131.83
1805,-0.644585,-0.837819,131.867
1806,-0.191139,-0.360096,131.896
1807,0.564618,0.567118,131.896
1808,0.157813,0.4417,131.976
1809,0.675402,0.896997,132.025
1810,0.178769,0.0060643,132.055
1811,1.09064,1.26905,132.087
1812,-1.09651,-1.25286,132.111
1813,-0.0758477,-0.816791,132.66
1814,0.0527463,-0.309864,132.792
1815,0.302993,0.62054,132.893
1816,0.529312,0.367942,132.919
1817,0.943904,0.996628,132.921
1818,-0.461106,-0.280192,132.954
1819,1.19243,1.18908,132.954
1820,-0.761348,-1.06353,133.046
1821,-0.242424,-0.226802,133.046
1822,-0.0399587,0.608927,133.467
1823,0.372149,0.41285,133.468
1824,1.14198,0.944055,133.508
1825,-0.27919,-0.123881,133.532
1826,1.09797,1.26173,133.559
1827,-1.21881,-1.26592,133.561
1828,-0.797992,-0.865045,133.565
1829,-0.30251,-0.427399,133.581
1830,0.789438,0.484748,133.674
1831,0.279884,0.542807,133.743
1832,0.491711,0.73293,133.801
1833,0.40308,0.410782,133.801
1834,0.757701,0.98364,133.852
1835,-0.167065,-0.231333,133.856
1836,0.440368,1.22017,134.464
1837,-0.384979,-1.15374,135.055
1838,0.30195,-0.497527,135.695
1839,0.692112,0.30733,135.843
1840,0.472128,0.718509,135.903
1841,0.416143,0.369441,135.905
1842,0.922222,1.02447,135.916
1843,0.0191935,-0.358526,136.059
1844,1.48171,1.12738,136.184
1845,-0.259588,-0.88695,136.578
1846,-0.171645,0.236863,136.745
1847,0.234445,0.65537,136.922
1848,1.12092,0.469746,137.346
1849,0.874346,0.887685,137.346
1850,0.156202,0.037745,137.36
1851,1.17191,1.26431,137.369
1852,-0.975128,-1.22655,137.432
1853,-0.396873,-0.726907,137.541
1854,0.0782827,-0.107717,137.575
1855,0.165451,0.765684,137.936
1856,0.136545,0.146905,137.936
1857,0.985033,1.19949,137.982
1858,-0.666749,-0.970221,138.074
1859,0.167737,0.0419873,138.09
1860,0.346728,0.706466,138.219
1861,0.398958,0.313865,138.226
1862,0.593093,1.07402,138.458
1863,-0.347108,-0.520779,138.488
1864,0.809968,0.942513,138.505
1865,-0.419517,-0.399896,138.506
1866,1.18569,1.05887,138.522
1867,-0.453729,-0.689659,138.577
1868,0.584994,0.651781,138.582
1869,0.0798793,0.198357,138.596
1870,1.04617,1.14045,138.605
1871,-0.526601,-0.761371,138.66
1872,0.851126,0.530576,138.763
1873,-0.508696,0.377474,139.548
1874,1.22131,0.959692,139.616
1875,0.26834,-0.17617,139.814
1876,1.01042,1.24446,139.869
1877,-1.50141,-1.22099,139.947
1878,-0.881685,-0.713822,139.976
1879,0.0981547,-0.0796567,140.007
1880,0.54198,0.77697,140.062
1881,-0.0167752,0.130947,140.084
1882,1.20866,1.20908,140.084
1883,-1.06481,-1.00736,140.088
1884,-0.152567,-0.0579497,140.096
1885,0.888644,0.693091,140.135
1886,1.11738,0.310089,140.786
1887,0.683065,1.07331,140.939
1888,-0.420883,-0.519766,140.949
1889,0.768168,0.943774,140.979
1890,-0.568154,-0.402922,141.007
1891,1.05712,1.05585,141.007
1892,-0.73169,-0.681616,141.009
1893,0.525524,0.666313,141.029
1894,-0.137628,0.173952,141.126
1895,1.1325,1.15753,141.127
1896,-0.58689,-0.823643,141.183
1897,0.777243,0.397517,141.327
1898,-0.387257,0.531679,142.171
1899,0.969454,0.723499,142.232
1900,0.616004,0.426672,142.268
1901,0.624454,0.962181,142.382
1902,-0.00233576,-0.168107,142.409
1903,1.72629,1.24909,142.637
1904,-0.425985,-1.23475,143.291
1905,0.242935,-0.75972,144.296
1906,0.751239,-0.178469,145.161
1907,0.780393,0.727492,145.164
1908,-0.0431203,0.205516,145.225
1909,0.995519,1.15912,145.252
1910,-0.630858,-0.819316,145.288
1911,0.678625,0.407945,145.361
1912,0.381469,0.521218,145.38
1913,1.15032,0.742048,145.547
1914,0.344045,0.385476,145.549
1915,0.84418,1.01459,145.578
1916,-0.138742,-0.325497,145.613
1917,1.37788,1.15605,145.662
1918,-0.488317,-0.968676,145.893
1919,0.240611,0.0331481,145.936
1920,0.431152,0.707859,146.012
1921,0.367011,0.308455,146.016
1922,1.13272,1.07916,146.019
1923,-0.428948,-0.537872,146.03
1924,1.09454,0.918718,146.061
1925,-0.506144,-0.343022,146.088
1926,1.74406,1.11089,146.489
1927,-0.798182,-0.8306,146.49
1928,0.424536,0.367411,146.493
1929,0.463708,0.561833,146.503
1930,0.573882,0.668304,146.512
1931,0.516029,0.543267,146.513
1932,0.866421,0.787296,146.519
1933,0.296091,0.29521,146.519
1934,0.84864,1.11418,146.589
1935,-0.492216,-0.649393,146.614
1936,0.630671,0.743858,146.627
1937,-0.580548,0.0305282,147
1938,0.822797,1.22185,147.159
1939,-0.36045,-1.08093,147.679
1940,0.294266,-0.269232,147.996
1941,0.546231,0.57424,147.997
1942,0.338018,0.457579,148.011
1943,0.732193,0.879142,148.033
1944,-0.0659394,0.0552264,148.047
1945,0.53854,1.25947,148.567
1946,-0.983651,-1.20421,148.616
1947,-0.340793,-0.652336,148.713
1948,-0.201662,0.0429774,148.773
1949,0.378861,0.801713,148.952
1950,0.271583,0.113051,148.977
1951,0.937982,1.22262,149.058
1952,-0.853738,-1.05881,149.1
1953,-0.403462,-0.202719,149.14
1954,0.753528,0.624825,149.157
1955,0.744519,0.392616,149.28
1956,0.729866,0.971641,149.339
1957,0.0773327,-0.203936,149.418
1958,1.29086,1.23327,149.421
1959,-1.09611,-1.19051,149.43
1960,-0.50119,-0.614245,149.443
1961,0.118024,0.114633,149.443
1962,0.392426,0.79733,149.607
1963,0.035783,0.144362,149.619
1964,1.20234,1.21002,149.619
1965,-1.15068,-1.00651,149.64
1966,-0.0810577,-0.0552729,149.64
1967,0.680371,0.693771,149.64
1968,0.34362,0.309573,149.642
1969,0.897844,1.07396,149.673
1970,-0.535977,-0.521878,149.673
1971,0.935612,0.940889,149.673
1972,-0.519044,-0.395944,149.688
1973,1.0053,1.06279,149.691
1974,-0.756816,-0.700105,149.695
1975,0.492225,0.63263,149.714
1976,-0.07295,0.229659,149.806
1977,1.09448,1.11595,149.806
1978,-0.480694,-0.67458,149.844
1979,0.921761,0.697704,149.894
1980,-0.647916,0.116119,150.478
1981,1.39344,1.19043,150.519
1982,-0.371291,-0.949151,150.853
1983,-0.11281,0.0958883,150.897
1984,-0.510143,0.702382,152.367
1985,0.0653294,0.338089,152.441
1986,0.735737,1.05069,152.54
1987,-0.270861,-0.444099,152.57
1988,1.05238,1.03909,152.571
1989,-0.536049,-0.64483,152.582
1990,-0.0648442,0.7296,153.213
1991,-0.0376889,0.0613085,153.223
1992,0.984739,1.21362,153.276
1993,-0.900724,-1.04362,153.296
1994,0.123335,-0.160722,153.377
1995,0.505873,0.650749,153.398
1996,-0.0118614,0.35892,153.535
1997,0.669452,1.01487,153.655
1998,0.237224,-0.334275,153.981
1999,1.2629,1.14803,153.994
2000,-1.0918,-0.945431,154.016
2001,0.0354346,0.0930332,154.019
2002,0.665425,0.704254,154.021
2003,0.351637,0.333548,154.021
2004,1.04062,1.05552,154.021
2005,-0.37991,-0.459709,154.028
2006,1.2485,1.02079,154.079
2007,-0.557106,-0.596733,154.081
2008,0.768366,0.80771,154.083
2009,-0.412313,-0.0923745,154.185
2010,1.05658,1.23037,154.215
2011,-0.909812,-1.14704,154.271
2012,-0.0225849,-0.472858,154.474
2013,1.05965,0.342857,154.988
2014,0.596953,0.693572,154.997
2015,0.743332,0.429399,155.096
2016,0.469622,0.949935,155.326
2017,0.060624,-0.134508,155.365
2018,1.26568,1.25965,155.365
2019,-1.27335,-1.26176,155.365
2020,-0.687473,-0.850966,155.391
2021,-0.433136,-0.392329,155.393
2022,0.50557,0.52922,155.394
2023,0.102025,0.490199,155.544
2024,0.579035,0.822353,155.604
2025,0.413832,0.200289,155.649
2026,0.993799,1.19054,155.688
2027,-0.851622,-0.924267,155.693
2028,0.258471,0.161186,155.703
2029,-0.0893908,0.686347,156.304
2030,0.327269,0.388855,156.308
2031,0.292244,0.994212,156.801
2032,-0.81702,-0.267185,157.103
2033,1.19693,1.19832,157.103
2034,-0.630044,-1.09052,157.315
2035,-0.312714,-0.305423,157.315
2036,0.781624,0.542249,157.373
2037,0.409238,0.496726,157.38
2038,1.0529,0.817243,157.436
2039,0.163566,0.213977,157.438
2040,1.01978,1.18107,157.464
2041,-0.931348,-0.888711,157.466
2042,0.0458287,0.248591,157.507
2043,0.622664,0.64687,157.508
2044,1.19809,0.488759,158.011
2045,0.475406,0.859621,158.159
2046,-0.30336,0.1121,158.331
2047,0.998306,1.24029,158.39
2048,-1.13318,-1.12003,158.39
2049,-0.644797,-0.384163,158.458
2050,0.319939,0.457377,158.477
2051,0.647596,0.59188,158.48
2052,0.751762,0.646763,158.491
2053,0.926063,0.591941,158.603
2054,0.44848,0.703478,158.668
2055,0.530097,0.484749,158.67
2056,0.450747,0.882069,158.856
2057,0.0800283,0.0561604,158.856
2058,-0.272492,1.26021,161.205
2059,-0.131646,-1.20652,162.361
2060,-0.582861,-0.659891,162.367
2061,-0.134216,0.0284074,162.393
2062,0.311207,0.800903,162.633
2063,0.0965645,0.110498,162.633
2064,0.613263,1.22318,163.005
2065,-0.753271,-1.06148,163.1
2066,-0.420226,-0.210475,163.144
2067,0.555166,0.619537,163.148
2068,0.728361,0.399501,163.256
2069,0.609618,0.962419,163.381
2070,0.117171,-0.176901,163.467
2071,1.3291,1.24491,163.474
2072,-1.08897,-1.22281,163.492
2073,-0.488802,-0.719882,163.546
2074,-0.000336513,-0.0923649,163.554
2075,0.460067,0.772091,163.652
2076,-0.116134,0.137715,163.716
2077,1.17441,1.20508,163.717
2078,-1.01274,-0.991776,163.717
2079,0.0244361,-0.0155451,163.719
2080,0.840655,0.702129,163.738
2081,1.09118,0.305158,164.356
2082,0.517277,1.08027,164.673
2083,-0.415252,-0.542226,164.689
2084,0.700168,0.912467,164.734
2085,-0.413093,-0.328303,164.741
2086,1.20822,1.12284,164.749
2087,-0.70915,-0.863581,164.773
2088,0.410959,0.292773,164.787
2089,0.523403,0.620923,164.796
2090,0.481698,0.548068,164.8
2091,0.731796,0.765748,164.802
2092,0.315263,0.343503,164.802
2093,0.83813,1.06453,164.854
2094,-0.563588,-0.48347,164.86
2095,0.770789,0.992119,164.909
2096,-0.697279,-0.523062,164.939
2097,0.206056,0.914604,165.441
2098,-0.274418,-0.328019,165.444
2099,0.787729,1.12375,165.557
2100,-0.703189,-0.866333,165.584
2101,0.690531,0.286377,165.747
2102,0.391224,0.625284,165.802
2103,0.749403,0.538542,165.846
2104,0.9265,0.781547,165.867
2105,0.244642,0.30642,165.871
2106,0.758177,1.10301,165.99
2107,-0.704656,-0.611367,165.999
2108,0.541241,0.807626,166.07
2109,-0.525431,-0.0965741,166.254
2110,0.335362,1.22923,167.053
2111,-0.485023,-1.14438,167.487
2112,0.241604,-0.46469,167.986
2113,0.739471,0.354374,168.135
2114,1.46272,0.68478,168.74
2115,0.161757,0.449819,168.823
2116,0.402539,0.922162,169.093
2117,0.132684,-0.0555892,169.128
2118,1.13585,1.27232,169.147
2119,-1.35186,-1.283,169.152
2120,-0.578677,-0.922836,169.27
2121,-0.461432,-0.577178,169.283
2122,0.291988,0.256761,169.285
2123,0.681911,0.73455,169.287
2124,0.397845,0.321639,169.293
2125,1.11082,1.07553,169.295
2126,-0.452076,-0.522987,169.3
2127,1.02649,0.939738,169.307
2128,-0.402074,-0.393246,169.307
2129,1.0507,1.06542,169.307
2130,-0.267173,-0.707147,169.501
2131,0.387552,0.619547,169.555
2132,-0.229315,0.250481,169.785
2133,1.01717,1.09803,169.792
2134,-0.373761,-0.612784,169.849
2135,1.03692,0.803703,169.903
2136,-0.721698,-0.0881483,170.304
2137,1.37192,1.23023,170.325
2138,-0.710566,-1.14531,170.514
2139,-0.61916,-0.467346,170.537
2140,0.689622,0.350632,170.651
2141,1.40021,0.687677,171.159
2142,0.374394,0.44313,171.164
2143,0.385022,0.931393,171.462
2144,-0.044184,-0.08155,171.464
2145,1.18852,1.27011,171.47
2146,-1.33466,-1.28291,171.473
2147,-0.6111,-0.923156,171.571
2148,-0.476066,-0.577975,171.581
2149,0.360537,0.255376,171.592
2150,0.608178,0.735304,171.608
2151,0.246962,0.319672,171.613
2152,1.16532,1.07753,171.621
2153,-0.501631,-0.529583,171.622
2154,1.0492,0.930616,171.636
2155,-0.430153,-0.37134,171.639
2156,1.07274,1.08613,171.64
2157,-0.317004,-0.762964,171.838
2158,0.353787,0.510881,171.863
2159,-0.0897849,0.405712,172.109
2160,0.844377,0.922821,172.115
2161,0.0293227,-0.0705258,172.125
2162,1.28148,1.26988,172.125
2163,-0.760156,-1.2788,172.394
2164,-0.475025,-0.908502,172.582
2165,-0.380519,-0.539168,172.607
2166,0.215618,0.320466,172.618
2167,1.03199,0.694472,172.732
2168,0.426748,0.420933,172.732
2169,1.17728,0.960283,172.779
2170,-0.130058,-0.164721,172.78
2171,1.12617,1.2501,172.796
2172,-1.34098,-1.23726,172.806
2173,-0.978487,-0.768113,172.851
2174,-0.0222953,-0.197175,172.881
2175,0.68248,0.715137,172.882
2176,-0.0853199,0.224858,172.978
2177,1.05244,1.14376,172.987
2178,-0.513066,-0.763989,173.05
2179,0.785608,0.525975,173.117
2180,0.386864,0.383493,173.117
2181,1.79468,0.951899,173.827
2182,-0.496381,-0.153507,173.945
2183,0.978631,1.25258,174.02
2184,-1.2591,-1.24259,174.02
2185,-0.941849,-0.785864,174.045
2186,0.210278,-0.237392,174.245
2187,0.46632,0.685344,174.293
2188,0.0950526,0.271208,174.324
2189,1.06028,1.10263,174.326
2190,-0.434745,-0.620741,174.36
2191,0.854138,0.791341,174.364
2192,0.260252,-0.0629312,174.469
2193,0.911539,1.23186,174.571
2194,-0.974372,-1.14334,174.6
2195,-0.581695,-0.460568,174.615
2196,0.944053,0.360025,174.956
2197,1.46335,0.680364,175.569
2198,0.372814,0.459954,175.576
2199,1.2316,0.907928,175.681
2200,-0.354339,-0.0160802,175.796
2201,1.2747,1.27202,175.796
2202,-1.26668,-1.27006,175.796
2203,-0.486063,-0.876669,175.948
2204,-0.409051,-0.456985,175.951
2205,0.216552,0.44463,176.003
2206,0.474614,0.586131,176.015
2207,0.963963,0.65242,176.112
2208,-0.0920417,0.579926,176.564
2209,0.619003,0.724886,176.575
2210,0.562712,0.438334,176.59
2211,1.24656,0.948474,176.679
2212,-0.775069,-0.127944,177.098
2213,-0.171528,1.26162,179.152
2214,-0.138968,-1.26676,180.424
2215,-0.700024,-0.868062,180.452
2216,0.220602,-0.434972,180.882
2217,0.787179,0.4747,180.979
2218,0.454799,0.554032,180.989
2219,0.402809,0.712678,181.085
2220,0.555661,0.455135,181.095
2221,0.744132,0.923796,181.128
2222,-0.0458118,-0.0582177,181.128
2223,0.612868,1.27239,181.563
2224,-0.421383,-1.28405,182.307
2225,0.121283,-0.926564,183.405
2226,0.532928,-0.587142,184.659
2227,0.395063,0.239401,184.684
2228,0.711938,0.74362,184.685
2229,0.272557,0.297662,184.685
2230,1.15889,1.09904,184.689
2231,-0.530373,-0.601753,184.694
2232,1.04253,0.822763,184.742
2233,-0.203338,-0.128241,184.748
2234,1.2261,1.2238,184.748
2235,-0.81617,-1.13525,184.85
2236,0.136737,-0.437168,185.179
2237,1.11811,0.391862,185.707
2238,1.31782,0.653871,186.147
2239,0.288586,0.518993,186.2
2240,1.04826,0.819066,186.253
2241,0.359228,0.216481,186.273
2242,0.95621,1.18011,186.324
2243,-0.791979,-0.884781,186.332
2244,-0.055846,0.258061,186.431
2245,0.266561,0.641332,186.571
2246,0.885316,0.501589,186.718
2247,0.679093,0.840171,186.744
2248,0.0218934,0.162234,186.764
2249,1.01754,1.2152,186.803
2250,-1.04631,-1.01874,186.804
2251,-0.39497,-0.0883928,186.898
2252,0.362394,0.68344,187.001
2253,0.819356,0.319555,187.251
2254,1.24499,1.06207,187.284
2255,-0.444072,-0.483325,187.286
2256,1.10694,0.991577,187.299
2257,-0.65729,-0.521512,187.317
2258,0.520975,0.916708,187.474
2259,-0.462241,-0.332948,187.491
2260,0.978995,1.11982,187.511
2261,-0.948683,-0.855468,187.519
2262,0.46148,0.31139,187.542
2263,0.225145,0.60761,187.688
2264,0.699005,0.576551,187.703
2265,0.874614,0.716908,187.728
2266,0.411539,0.453425,187.73
2267,0.57517,0.927241,187.854
2268,-0.209857,-0.0676582,187.874
2269,1.04357,1.27176,187.926
2270,-0.698935,-1.28463,188.269
2271,0.127269,-0.928866,189.384
2272,0.0514938,-0.593298,189.8
2273,0.698684,0.228537,190.021
2274,0.779018,0.74889,190.022
2275,0.262428,0.283391,190.023
2276,1.25211,1.11223,190.042
2277,-0.605104,-0.646868,190.044
2278,1.07591,0.747856,190.152
2279,-0.0971239,0.0229347,190.166
2280,1.2953,1.22362,190.171
2281,-1.003,-1.08927,190.178
2282,0.217033,-0.294013,190.44
2283,0.968241,0.552199,190.613
2284,0.477916,0.484903,190.613
2285,0.817444,0.836476,190.613
2286,-0.156019,0.165901,190.717
2287,0.460281,1.21241,191.282
2288,-0.877229,-1.00814,191.3
2289,0.0421883,-0.0591738,191.31
2290,0.626927,0.692655,191.314
2291,1.0409,0.310569,191.848
2292,0.952594,1.07276,191.862
2293,-0.450934,-0.517974,191.867
2294,1.10649,0.946213,191.892
2295,-0.510931,-0.408838,191.903
2296,0.940399,1.04986,191.915
2297,-0.788351,-0.665727,191.93
2298,0.5209,0.694488,191.96
2299,-0.191611,0.125043,192.06
2300,1.15707,1.18646,192.061
2301,-0.666879,-0.933236,192.132
2302,0.643339,0.136635,192.389
2303,-0.121849,0.693892,193.054
2304,0.368326,0.366909,193.054
2305,0.720791,1.0197,193.143
2306,-0.575017,-0.345621,193.196
2307,1.22244,1.13867,193.203
2308,-0.792491,-0.918895,193.219
2309,-0.610788,0.159487,193.812
2310,0.827972,0.688721,193.832
2311,0.48629,0.383775,193.842
2312,1.00904,1.00042,193.842
2313,-0.0679036,-0.286042,193.89
2314,1.3763,1.18558,193.926
2315,-0.756383,-1.05364,194.015
2316,-0.0259935,-0.19856,194.044
2317,0.722841,0.62871,194.053
2318,0.311704,0.387045,194.059
2319,1.29325,0.978888,194.158
2320,-0.130967,-0.225398,194.167
2321,0.890147,1.22254,194.277
2322,-1.05492,-1.16007,194.288
2323,-0.406238,-0.517296,194.301
2324,0.156095,0.277347,194.315
2325,0.582458,0.737122,194.339
2326,0.274138,0.322517,194.342
2327,0.932281,1.07551,194.362
2328,-0.284547,-0.522663,194.419
2329,1.42558,0.940206,194.654
2330,0.125193,-0.394381,194.924
2331,0.797595,1.06431,194.995
2332,0.100633,-0.704175,195.643
2333,0.981229,0.625085,195.77
2334,-0.314703,0.241723,196.08
2335,1.00093,1.10572,196.091
2336,-0.411163,-0.639157,196.143
2337,1.02881,0.759787,196.215
2338,-0.693179,6.5467e-05,196.696
2339,1.39442,1.22794,196.723
2340,-0.591574,-1.11094,196.993
2341,-0.521294,-0.359478,197.019
2342,0.282793,0.485805,197.06
2343,0.390051,0.561748,197.09
2344,0.506575,0.703956,197.129
2345,-0.400321,0.474748,197.895
2346,0.444458,0.895646,198.098
2347,-0.202707,0.0193692,198.147
2348,1.11754,1.26817,198.17
2349,-1.08591,-1.24574,198.196
2350,-0.189213,-0.792171,198.559
2351,-0.122546,-0.252271,198.576
2352,0.424069,0.673252,198.638
2353,0.0684624,0.289744,198.687
2354,0.945291,1.08444,198.707
2355,-0.46774,-0.559502,198.715
2356,1.06717,0.887073,198.747
2357,-0.086169,-0.26951,198.781
2358,0.527472,1.16443,199.187
2359,-0.66004,-0.979117,199.289
2360,-0.101018,0.00719233,199.3
2361,0.822574,0.706193,199.314
2362,0.220176,0.303967,199.321
2363,1.13172,1.0825,199.323
2364,-0.318018,-0.54935,199.377
2365,0.918382,0.902251,199.377
2366,-0.665271,-0.304485,199.507
2367,1.28991,1.14088,199.529
2368,-0.798185,-0.913595,199.543
2369,0.227124,0.173746,199.546
2370,0.731643,0.683659,199.548
2371,0.29279,0.397779,199.559
2372,0.985459,0.983579,199.559
2373,-0.628086,-0.235065,199.713
2374,1.27139,1.21772,199.716
2375,-0.920894,-1.14648,199.767
2376,-0.396324,-0.474884,199.773
2377,0.121029,0.340334,199.821
2378,0.41132,0.695377,199.902
2379,0.595684,0.425132,199.931
2380,0.858187,0.955582,199.941
2381,0.181206,-0.150851,200.051
2382,1.5664,1.25482,200.148
2383,-0.823726,-1.24964,200.329
2384,-0.684696,-0.809809,200.345
2385,-0.439995,-0.292999,200.367
2386,0.548561,0.636869,200.374
2387,-0.0324023,0.344257,200.516
2388,0.816067,1.02514,200.56
2389,-0.00268809,-0.368009,200.693
2390,1.19652,1.11794,200.7
2391,-0.411052,-0.860109,200.901
2392,0.132443,0.299679,200.929
2393,0.0335619,0.616237,201.269
2394,0.913746,0.558257,201.395
2395,0.140172,0.74856,201.765
2396,0.396231,0.382998,201.765
2397,0.608486,1.01921,201.934
2398,-0.446707,-0.339391,201.946
2399,1.10772,1.1445,201.947
2400,-0.665085,-0.935651,202.02
2401,0.136801,0.11773,202.021
2402,0.0779588,0.6999,202.407
2403,0.565542,0.349515,202.454
2404,1.12583,1.03895,202.462
2405,-0.375259,-0.406316,202.463
2406,1.36398,1.08055,202.543
2407,-0.578154,-0.756529,202.575
2408,0.57514,0.522896,202.577
2409,0.261219,0.390253,202.594
2410,0.897793,0.943652,202.596
2411,-0.290867,-0.129596,202.622
2412,1.1364,1.25958,202.637
2413,-0.931473,-1.26005,202.745
2414,-0.677186,-0.844929,202.773
2415,-0.284706,-0.377481,202.782
2416,0.339845,0.547033,202.825
2417,0.217512,0.467813,202.888
2418,0.849973,0.857721,202.888
2419,0.122968,0.110384,202.888
2420,0.938651,1.24026,202.979
2421,-1.0083,-1.12042,202.991
2422,0.205311,-0.385398,203.34
2423,0.0650418,0.45593,203.493
2424,-0.00183303,0.59336,203.847
2425,0.0470645,0.643872,204.204
2426,0.796238,0.597608,204.243
2427,0.443796,0.693173,204.305
2428,0.636547,0.506598,204.322
2429,0.46561,0.848653,204.469
2430,0.180866,0.143682,204.47
2431,-0.273977,1.22569,206.719
2432,-0.0779264,-1.06015,207.684
2433,-0.504935,-0.205777,207.774
2434,-0.342017,0.622673,208.704
2435,0.777928,0.395456,208.85
2436,0.894457,0.967862,208.856
2437,0.322053,-0.192823,209.121
2438,1.10798,1.23831,209.138
2439,-1.15351,-1.20461,209.141
2440,-0.707237,-0.660019,209.143
2441,-0.0260723,0.0287418,209.146
2442,0.396485,0.800838,209.309
2443,-0.0543232,0.110745,209.336
2444,1.23892,1.22308,209.337
2445,-1.26839,-1.06107,209.38
2446,-0.42655,-0.209306,209.427
2447,0.512152,0.620345,209.439
2448,0.796322,0.398449,209.597
2449,0.780235,0.963837,209.631
2450,0.0417574,-0.181041,209.68
2451,1.33227,1.24327,209.688
2452,-1.08685,-1.2183,209.705
2453,-0.493983,-0.70499,209.75
2454,0.0179562,-0.0613061,209.756
2455,0.452467,0.783241,209.866
2456,-0.110803,0.122755,209.92
2457,1.20264,1.21388,209.92
2458,-1.11782,-1.02607,209.929
2459,-0.170567,-0.109777,209.932
2460,0.940743,0.675309,210.003
2461,0.617872,0.328609,210.087
2462,1.12549,1.05142,210.092
2463,-0.382236,-0.449081,210.097
2464,1.01371,1.03308,210.097
2465,-0.839108,-0.628883,210.141
2466,0.496945,0.756233,210.208
2467,0.180714,0.0106907,210.237
2468,1.11317,1.22671,210.25
2469,-1.0377,-1.10354,210.254
2470,-0.12283,-0.336899,210.3
2471,0.653827,0.510037,210.321
2472,-0.0487441,0.534737,210.661
2473,0.367546,0.75269,210.81
2474,-0.279004,0.367261,211.227
2475,0.764893,1.03697,211.301
2476,-0.516142,-0.395263,211.316
2477,1.23144,1.09237,211.335
2478,-0.303945,-0.789149,211.571
2479,0.257104,0.455851,211.61
2480,0.180812,0.472336,211.695
2481,0.545257,0.824414,211.773
2482,0.190983,0.190179,211.773
2483,0.855878,1.19669,211.889
2484,-0.582805,-0.947837,212.023
2485,0.010839,0.101254,212.031
2486,0.278453,0.701296,212.21
2487,0.902723,0.341835,212.524
2488,0.913366,1.0468,212.542
2489,-1.03516,-0.431548,212.906
2490,1.08529,1.05331,212.907
2491,-0.550963,-0.682717,212.925
2492,0.398434,0.66345,212.995
2493,0.0321184,0.178953,213.017
2494,0.978739,1.1542,213.047
2495,-0.796243,-0.811365,213.048
2496,0.49108,0.424621,213.052
2497,-0.212428,0.504166,213.565
2498,1.1291,0.77153,213.693
2499,0.769315,0.317888,213.897
2500,0.818795,1.08999,213.971
2501,-0.372591,-0.567929,214.009
2502,1.63177,0.875435,214.581
2503,0.127749,-0.24332,214.719
2504,0.353688,1.17974,215.401
2505,-0.305056,-1.02151,215.914
2506,0.125024,-0.106954,215.968
2507,0.414712,0.677532,216.037
2508,0.434056,0.325245,216.049
2509,0.914895,1.05516,216.069
2510,0.561216,-0.46114,217.114
2511,0.897442,1.01884,217.129
2512,-0.572991,-0.591586,217.129
2513,0.623905,0.815687,217.166
2514,0.0024778,-0.10896,217.178
2515,1.19072,1.22808,217.18
2516,-0.9672,-1.14416,217.211
2517,-0.149574,-0.464311,217.31
2518,0.979898,0.354935,217.7
2519,0.636332,0.684337,217.703
2520,0.673349,0.450837,217.752
2521,0.636048,0.920746,217.833
2522,0.238935,-0.0516306,217.918
2523,1.22654,1.27249,217.92
2524,-1.34306,-1.28242,217.924
2525,-0.587036,-0.920688,218.035
2526,-0.454943,-0.571458,218.048
2527,0.283787,0.266603,218.049
2528,0.677413,0.729055,218.051
2529,0.443132,0.335852,218.063
2530,1.0287,1.0608,218.064
2531,-0.396108,-0.474663,218.07
2532,1.018,1.00281,218.07
2533,-0.52049,-0.550288,218.071
2534,0.884713,0.8769,218.071
2535,0.00833893,-0.241621,218.134
2536,0.634041,1.18134,218.433
2537,-0.910856,-1.02627,218.447
2538,0.256082,-0.120109,218.588
2539,0.813507,0.671924,218.608
2540,0.614266,0.331893,218.688
2541,0.379596,1.04736,219.134
2542,0.754167,-0.436188,220.551
2543,1.16377,1.04785,220.564
2544,-0.668241,-0.668028,220.564
2545,0.549743,0.689587,220.584
2546,0.391557,0.133849,220.65
2547,1.19331,1.18179,220.65
2548,-0.818955,-0.915139,220.66
2549,0.207291,0.182068,220.66
2550,-0.0520746,0.67905,221.195
2551,0.599989,0.409067,221.231
2552,1.07953,0.969445,221.243
2553,-0.520707,-0.193032,221.351
2554,1.31857,1.23867,221.357
2555,-0.915697,-1.20593,221.441
2556,-0.519234,-0.66436,221.462
2557,-0.0159341,0.0202974,221.464
2558,0.675971,0.800115,221.479
2559,0.0777061,0.109831,221.48
2560,1.30022,1.22315,221.486
2561,-1.31663,-1.06157,221.551
2562,-0.491075,-0.210767,221.63
2563,0.512066,0.619336,221.641
2564,0.676368,0.399761,221.718
2565,0.787854,0.962068,221.748
2566,0.0131472,-0.175877,221.784
2567,1.35998,1.24531,221.797
2568,-1.06937,-1.22389,221.821
2569,-0.488152,-0.723491,221.876
2570,-0.00523853,-0.0999843,221.885
2571,0.462203,0.768957,221.979
2572,-0.116475,0.142192,222.046
2573,1.16631,1.20238,222.048
2574,-0.98371,-0.981351,222.048
2575,0.0771368,0.012445,222.052
2576,0.78949,0.705378,222.059
2577,0.911019,0.307152,222.423
2578,0.50758,1.07953,222.751
2579,-0.391725,-0.539405,222.772
2580,0.727455,0.916519,222.808
2581,-0.386773,-0.337833,222.811
2582,1.33029,1.11517,222.857
2583,-0.62042,-0.842404,222.906
2584,0.480589,0.34105,222.926
2585,0.466195,0.584438,222.94
2586,0.546068,0.62412,222.946
2587,0.595165,0.629995,222.947
2588,0.694721,0.631584,222.951
2589,0.503285,0.630541,222.967
2590,0.429166,0.632861,223.009
2591,0.420654,0.628445,223.052
2592,0.444453,0.636938,223.089
2593,-0.0141839,0.620567,223.492
2594,0.43766,0.651936,223.538
2595,0.269552,0.591141,223.641
2596,0.229438,0.706355,223.868
2597,0.212727,0.47883,223.939
2598,0.277044,0.890917,224.316
2599,0.145953,0.0324219,224.329
2600,0.284154,1.2658,225.293
2601,-0.195201,-1.23344,226.371
2602,-0.297799,-0.750167,226.575
2603,-0.00652434,-0.157881,226.598
2604,0.216274,0.740053,226.872
2605,0.0991594,0.185886,226.88
2606,0.821565,1.17364,227.004
2607,-0.544611,-0.872639,227.112
2608,0.533622,0.285993,227.173
2609,-0.00612583,0.6237,227.57
2610,-0.068453,0.541196,227.941
2611,1.00833,0.777059,227.995
2612,0.317724,0.317009,227.995
2613,1.12673,1.09243,227.996
2614,-1.1559,-0.575648,228.333
2615,0.376239,0.863809,228.57
2616,-0.345877,-0.217326,228.587
2617,0.508765,1.19302,229.055
2618,-0.447622,-1.05781,229.427
2619,0.371087,-0.208648,229.763
2620,0.523612,0.621709,229.773
2621,0.698088,0.396275,229.864
2622,0.687369,0.966665,229.942
2623,0.371373,-0.189336,230.257
2624,1.15313,1.23981,230.264
2625,-1.24939,-1.20879,230.266
2626,-0.755612,-0.673694,230.272
2627,0.00146101,0.00195426,230.272
2628,0.727635,0.797886,230.277
2629,-0.12793,0.109314,230.334
2630,1.22328,1.22264,230.334
2631,-1.25242,-1.05998,230.371
2632,-0.41135,-0.206194,230.413
2633,0.598601,0.622483,230.413
2634,0.225994,0.395662,230.442
2635,0.989375,0.967577,230.443
2636,-0.110822,-0.191988,230.449
2637,1.42312,1.23867,230.483
2638,-1.02775,-1.20562,230.515
2639,-0.498453,-0.663329,230.542
2640,0.0629998,0.022307,230.544
2641,0.429135,0.800305,230.681
2642,-0.0648895,0.110009,230.712
2643,1.23793,1.22315,230.712
2644,-1.26629,-1.06153,230.754
2645,-0.427993,-0.21063,230.801
2646,0.517909,0.619431,230.812
2647,0.708503,0.399638,230.907
2648,0.780407,0.962235,230.94
2649,0.0234611,-0.176362,230.98
2650,1.35299,1.24513,230.992
2651,-1.07401,-1.22338,231.014
2652,-0.488775,-0.721787,231.068
2653,-0.0029383,-0.0963806,231.077
2654,0.461293,0.770459,231.173
2655,-0.11638,0.140036,231.238
2656,1.1702,1.20368,231.24
2657,-0.997587,-0.986386,231.24
2658,0.0520259,-0.00103413,231.242
2659,0.814539,0.704083,231.255
2660,1.0106,0.305664,231.752
2661,0.503241,1.08042,232.085
2662,-0.404685,-0.542537,232.104
2663,0.707522,0.912041,232.146
2664,-0.391586,-0.327308,232.15
2665,1.27052,1.12363,232.171
2666,-0.677469,-0.865754,232.207
2667,0.452818,0.287747,232.234
2668,0.526791,0.624356,232.244
2669,0.462593,0.540576,232.25
2670,0.747644,0.778196,232.251
2671,0.273375,0.314348,232.252
2672,0.868786,1.09512,232.303
2673,-0.652783,-0.584694,232.308
2674,0.609905,0.849921,232.366
2675,-0.57295,-0.186721,232.515
2676,0.306223,1.20617,233.325
2677,-0.470834,-1.09279,233.712
2678,0.330301,-0.310006,234.122
2679,0.619167,0.537618,234.128
2680,0.979381,0.502351,234.356
2681,0.454457,0.807986,234.481
2682,0.0472161,0.236727,234.517
2683,0.787055,1.16394,234.659
2684,-0.882989,-0.825641,234.662
2685,0.200904,0.394826,234.7
2686,0.771384,0.534065,234.756
2687,1.14386,0.719132,234.936
2688,0.100267,0.436208,235.049
2689,0.522759,0.949352,235.231
2690,0.0316719,-0.130914,235.258
2691,1.5712,1.26081,235.354
2692,-0.459345,-1.26478,236.003
2693,0.388146,-0.861289,237.564
2694,0.819129,-0.417979,239.094
2695,0.856497,0.497024,239.223
2696,0.217918,0.52876,239.32
2697,0.417122,0.757686,239.436
2698,0.506949,0.354906,239.459
2699,0.865249,1.05096,239.494
2700,-0.400222,-0.439865,239.495
2701,0.296807,1.04442,240.054
2702,-0.352934,-0.659085,240.148
2703,0.512828,0.705174,240.185
2704,-0.166421,0.106097,240.259
2705,0.692444,1.19579,240.512
2706,-0.55963,-0.97006,240.681
2707,0.182371,0.0413147,240.701
2708,0.369338,0.706592,240.815
2709,0.411644,0.313413,240.824
2710,1.0084,1.07446,240.829
2711,-0.521126,-0.522224,240.829
2712,1.22854,0.940533,240.912
2713,-0.507797,-0.39511,240.924
2714,0.925936,1.0636,240.943
2715,-0.420074,-0.702285,241.023
2716,0.54043,0.628595,241.031
2717,0.115448,0.236131,241.045
2718,1.01629,1.11052,241.054
2719,-0.450139,-0.655709,241.096
2720,0.946274,0.731219,241.143
2721,-0.673052,0.0547342,241.672
2722,1.39833,1.21517,241.706
2723,-0.495185,-1.05088,242.015
2724,-0.364016,-0.181531,242.048
2725,-0.0668195,0.638602,242.545
2726,-0.168176,0.374604,242.84
2727,0.535928,0.995121,243.051
2728,0.154872,-0.273992,243.235
2729,1.13625,1.19344,243.238
2730,-1.07922,-1.0762,243.238
2731,-0.382181,-0.263468,243.252
2732,0.409038,0.579958,243.281
2733,0.284623,0.450069,243.309
2734,1.04718,0.890401,243.333
2735,-0.020894,0.0250813,243.336
2736,1.09085,1.26624,243.366
2737,-1.24234,-1.23718,243.366
2738,-0.639302,-0.763,243.382
2739,-0.505068,-0.186191,243.483
2740,0.508406,0.722566,243.529
2741,0.421248,0.2132,243.572
2742,0.97377,1.15313,243.605
2743,-0.599632,-0.797645,243.644
2744,0.692673,0.455207,243.7
2745,-0.0158938,0.470607,243.937
2746,1.4591,0.826502,244.337
2747,-0.0384809,0.184834,244.387
2748,0.97942,1.20012,244.436
2749,-0.695249,-0.96096,244.506
2750,0.644054,0.067216,244.839
2751,0.602457,0.705387,244.85
2752,0.500789,0.323566,244.881
2753,1.12271,1.06504,244.884
2754,-1.08472,-0.490975,245.237
2755,1.03783,0.982034,245.24
2756,-0.499182,-0.497441,245.24
2757,0.978545,0.948184,245.241
2758,-0.406955,-0.407907,245.241
2759,0.802623,1.05151,245.303
2760,-0.570547,-0.670321,245.313
2761,0.755667,0.686391,245.318
2762,-0.212407,0.139318,245.441
2763,0.738082,1.17874,245.635
2764,-0.412349,-0.903416,245.877
2765,0.176731,0.210998,245.878
2766,-0.353534,0.666647,246.919
2767,0.526974,0.441114,246.926
2768,0.769038,0.92758,246.951
2769,-0.44408,-0.0722326,247.089
2770,1.3395,1.27097,247.094
2771,-1.00296,-1.28318,247.173
2772,-0.631422,-0.923875,247.258
2773,-0.528279,-0.579917,247.261
2774,0.579435,0.252013,247.368
2775,0.792137,0.73711,247.371
2776,0.321355,0.31494,247.371
2777,1.18958,1.08227,247.383
2778,-0.525942,-0.545354,247.383
2779,1.0635,0.908306,247.407
2780,-0.382894,-0.318634,247.411
2781,1.11126,1.13035,247.412
2782,-0.426596,-0.884368,247.621
2783,0.278717,0.244157,247.622
2784,0.252326,0.651232,247.781
2785,0.36701,0.479502,247.794
2786,0.89863,0.873478,247.795
2787,-0.0629998,0.0757015,247.814
2788,1.09418,1.25402,247.839
2789,-1.12428,-1.17888,247.842
2790,-0.676174,-0.569467,247.854
2791,0.164317,0.192325,247.855
2792,0.197992,0.777375,248.19
2793,0.296769,0.21166,248.198
2794,0.907515,1.17049,248.267
2795,-0.779282,-0.854576,248.272
2796,0.616214,0.328728,248.355
2797,0.453671,0.59234,248.374
2798,0.172319,0.607405,248.564
2799,0.273337,0.661185,248.714
2800,0.218997,0.570189,248.837
2801,0.399002,0.743193,248.956
2802,-0.293274,0.397786,249.433
2803,0.593968,1.00143,249.599
2804,-0.108038,-0.284673,249.631
2805,0.44584,1.18697,250.18
2806,0.0421199,-1.05787,251.39
2807,-0.205734,-0.210646,251.39
2808,0.0845467,0.620517,251.677
2809,0.492917,0.397748,251.686
2810,1.07282,0.964671,251.698
2811,-0.203357,-0.183501,251.698
2812,0.825287,1.24226,251.872
2813,-1.18139,-1.21554,251.873
2814,-0.668783,-0.695885,251.874
2815,-0.0435679,-0.042621,251.874
2816,0.7326,0.788691,251.877
2817,-0.157887,0.116366,251.952
2818,1.20423,1.21765,251.953
2819,-1.17194,-1.04083,251.97
2820,-0.267812,-0.151363,251.983
2821,0.893089,0.655676,252.04
2822,-0.0174395,0.352716,252.177
2823,1.45963,1.02253,252.368
2824,-0.32767,-0.357982,252.369
2825,1.26968,1.12735,252.389
2826,-0.982753,-0.886673,252.398
2827,0.307479,0.23754,252.403
2828,0.793406,0.655003,252.422
2829,0.390297,0.470622,252.429
2830,0.652222,0.886422,252.484
2831,0.104,0.0411456,252.487
2832,1.05302,1.26356,252.532
2833,-1.01556,-1.22286,252.575
2834,-0.38543,-0.714477,252.683
2835,0.0973658,-0.0815276,252.715
2836,0.168185,0.776351,253.085
2837,0.130009,0.131732,253.085
2838,0.956736,1.20861,253.148
2839,-0.698927,-1.00552,253.242
2840,-0.00875083,-0.0529057,253.244
2841,0.541671,0.694426,253.268
2842,0.912694,0.309009,253.632
2843,0.657457,1.07465,253.806
2844,-0.402917,-0.524109,253.821
2845,0.757451,0.937828,253.853
2846,-0.54561,-0.388562,253.878
2847,1.09896,1.06998,253.879
2848,-0.735916,-0.719357,253.879
2849,0.468725,0.596528,253.895
2850,-0.00481448,0.286008,253.98
2851,1.04606,1.06444,253.98
2852,-0.35512,-0.500435,254.001
2853,1.0517,0.968721,254.008
2854,-0.826382,-0.46392,254.14
2855,1.07907,0.989306,254.148
2856,-0.6796,-0.509393,254.177
2857,0.468584,0.933518,254.393
2858,0.113798,-0.372857,254.63
2859,1.26579,1.08542,254.662
2860,-0.515164,-0.761261,254.723
2861,0.170713,0.514301,254.841
2862,0.0771181,0.401314,254.946
2863,0.968718,0.928816,254.948
2864,0.416247,-0.0873847,255.201
2865,0.896507,1.26795,255.339
2866,-1.06655,-1.27701,255.384
2867,-0.412566,-0.902658,255.624
2868,-0.356084,-0.523811,255.652
2869,0.202646,0.345073,255.672
2870,0.848384,0.676151,255.702
2871,0.457819,0.46347,255.702
2872,1.00707,0.902119,255.713
2873,-0.0198824,-0.000305344,255.713
2874,1.12223,1.27064,255.735
2875,-1.34161,-1.26041,255.742
2876,-0.50229,-0.842904,255.858
2877,0.132673,-0.372806,256.113
2878,0.139146,0.55255,256.284
2879,0.445392,0.460721,256.284
2880,1.15394,0.868595,256.366
2881,-0.375744,0.0819758,256.575
2882,1.08897,1.25117,256.602
2883,-0.937453,-1.16701,256.654
2884,0.226559,-0.531313,257.229
2885,0.0466716,0.254688,257.272
2886,3.09097e-05,0.749794,257.834
2887,-0.115328,0.289339,257.998
2888,0.897493,1.10773,258.042
2889,-0.615931,-0.631105,258.042
2890,1.31692,0.774709,258.336
2891,0.892302,-0.0295758,259.186
2892,0.869789,1.23119,259.317
2893,-0.534397,-1.13103,259.673
2894,0.335308,-0.421554,260.246
2895,1.1048,0.411901,260.726
2896,0.940921,0.636006,260.819
2897,0.479147,0.557265,260.825
2898,0.764831,0.756039,260.825
2899,0.167019,0.366946,260.865
2900,0.877405,1.0383,260.891
2901,-0.146612,-0.399216,260.955
2902,0.571014,1.08837,261.222
2903,0.325697,-0.778126,262.441
2904,0.578789,0.478838,262.451
2905,0.0283211,0.445562,262.625
2906,0.668623,0.865715,262.664
2907,0.163811,0.0844213,262.67
2908,0.831083,1.24974,262.845
2909,-0.7122,-1.16125,263.047
2910,-0.378857,-0.512989,263.065
2911,0.0568659,0.283204,263.116
2912,0.821719,0.733817,263.124
2913,-0.0180633,0.331078,263.246
2914,1.05524,1.06669,263.246
2915,-0.478286,-0.493627,263.246
2916,1.62078,0.978872,263.658
2917,0.795808,-0.489555,265.31
2918,0.929573,0.958132,265.311
2919,0.108931,-0.43209,265.604
2920,1.16391,1.02606,265.623
2921,-0.789792,-0.603537,265.657
2922,0.869166,0.797858,265.663
2923,-0.336489,-0.0722687,265.732
2924,0.699497,1.23205,266.016
2925,-0.633719,-1.14679,266.279
2926,-0.328536,-0.471568,266.3
2927,0.7439,0.344636,266.459
2928,0.474024,0.692246,266.507
2929,0.56212,0.432505,266.523
2930,0.999901,0.945789,266.526
2931,-0.115833,-0.122573,266.526
2932,1.34999,1.2627,266.534
2933,-1.24206,-1.26896,266.535
2934,-0.656683,-0.875547,266.583
2935,-0.454953,-0.453902,266.583
2936,0.474582,0.448898,266.583
2937,0.225083,0.581716,266.711
2938,0.439555,0.660919,266.76
2939,0.599644,0.562976,266.761
2940,0.57985,0.754557,266.791
2941,0.337808,0.371794,266.793
2942,1.0373,1.03284,266.793
2943,-0.673728,-0.381935,266.878
2944,-0.166552,1.10563,268.496
2945,-0.184032,-0.825961,268.908
2946,-0.408932,0.376592,269.525
2947,-0.111764,0.553662,269.968
2948,0.538059,0.683819,269.989
2949,0.467103,0.511446,269.991
2950,0.575672,0.838938,270.061
2951,0.0511104,0.168089,270.074
2952,0.609204,1.21213,270.438
2953,-0.813672,-1.00652,270.475
2954,0.618982,-0.0546821,270.929
2955,-0.325101,0.693857,271.967
2956,1.19379,0.309582,272.749
2957,0.947718,1.07398,272.765
2958,-0.510002,-0.521931,272.765
2959,1.11697,0.940818,272.796
2960,-0.517797,-0.395772,272.811
2961,0.971332,1.06296,272.819
2962,-0.789138,-0.700555,272.827
2963,0.465399,0.631798,272.855
2964,-0.0725516,0.230998,272.947
2965,1.09205,1.11484,272.948
2966,-0.478359,-0.670701,272.985
2967,0.925043,0.704674,273.033
2968,-0.653347,0.103598,273.606
2969,1.39565,1.19638,273.646
2970,-0.397825,-0.972765,273.976
2971,-0.169394,0.0341323,274.018
2972,-0.417626,0.706539,275.281
2973,-0.0589486,0.311362,275.419
2974,0.63218,1.07624,275.616
2975,-0.130232,-0.528191,275.774
2976,1.16542,0.932292,275.829
2977,-0.311946,-0.375292,275.833
2978,1.01129,1.08251,275.838
2979,-0.453817,-0.753134,275.927
2980,0.499086,0.530656,275.928
2981,0.247759,0.379825,275.946
2982,0.873319,0.957223,275.953
2983,-0.0929945,-0.168839,275.958
2984,1.20961,1.24726,275.96
2985,-0.83543,-1.22856,276.114
2986,-0.340899,-0.73894,276.273
2987,-0.162595,-0.133014,276.274
2988,0.347259,0.753548,276.439
2989,-0.0534743,0.165127,276.487
2990,1.13787,1.18789,276.489
2991,-0.864153,-0.92598,276.493
2992,0.211088,0.155952,276.496
2993,0.520497,0.688156,276.524
2994,-0.297685,0.383803,276.988
2995,0.984861,1.00022,276.989
2996,-0.129565,-0.285477,277.013
2997,1.30194,1.18597,277.026
2998,-0.705467,-1.05478,277.148
2999,-0.601289,-0.201791,277.308
