t,predict_test,teacher
501,0.172809,0.164706,6.56547e-05
502,0.112453,0.117647,9.2632e-05
503,0.1276,0.12549,9.70829e-05
504,0.196457,0.196078,9.7226e-05
505,0.344426,0.337255,0.000148658
506,0.405999,0.403922,0.000152973
507,0.27348,0.286275,0.000316684
508,0.176168,0.164706,0.00044807
509,0.113023,0.113725,0.000448564
510,0.117244,0.117647,0.000448726
511,0.184062,0.192157,0.000514256
512,0.360146,0.341176,0.000874113
513,0.416688,0.411765,0.00089835
514,0.274744,0.286275,0.0010313
515,0.172885,0.160784,0.00117773
516,0.107689,0.109804,0.0011822
517,0.114193,0.117647,0.00119414
518,0.194061,0.192157,0.00119776
519,0.357654,0.345098,0.00135541
520,0.42385,0.427451,0.00136838
521,0.283701,0.290196,0.00141056
522,0.169548,0.156863,0.00157149
523,0.102067,0.109804,0.00163134
524,0.128401,0.113725,0.00184671
525,0.176308,0.180392,0.00186339
526,0.343048,0.345098,0.00186759
527,0.455782,0.443137,0.00202748
528,0.285686,0.298039,0.00218009
529,0.169144,0.160784,0.00224997
530,0.112554,0.109804,0.00225753
531,0.123368,0.113725,0.00235051
532,0.179112,0.180392,0.00235215
533,0.341884,0.345098,0.00236248
534,0.455681,0.45098,0.00238457
535,0.29251,0.309804,0.00268364
536,0.176433,0.164706,0.00282117
537,0.114137,0.105882,0.0028893
538,0.107151,0.109804,0.00289634
539,0.182586,0.172549,0.00299709
540,0.330771,0.341176,0.00310536
541,0.472782,0.466667,0.00314276
542,0.304115,0.32549,0.00359965
543,0.180417,0.164706,0.00384649
544,0.105735,0.105882,0.00384652
545,0.119284,0.105882,0.00402612
546,0.167374,0.164706,0.00403324
547,0.323436,0.333333,0.00413119
548,0.484157,0.482353,0.00413445
549,0.321131,0.34902,0.00491222
550,0.18791,0.176471,0.00504308
551,0.121898,0.109804,0.00518935
552,0.120185,0.101961,0.00552147
553,0.1492,0.152941,0.00553547
554,0.30457,0.313725,0.00561929
555,0.489212,0.490196,0.00562026
556,0.347181,0.368627,0.0060802
557,0.191119,0.184314,0.00612652
558,0.125227,0.109804,0.0063644
559,0.114118,0.101961,0.00651219
560,0.156007,0.145098,0.00663119
561,0.278571,0.294118,0.0068729
562,0.484535,0.494118,0.00696473
563,0.376413,0.396078,0.00735144
564,0.199044,0.196078,0.00736023
565,0.129643,0.109804,0.0077538
566,0.104747,0.0980392,0.00779879
567,0.151927,0.137255,0.00801406
568,0.265938,0.27451,0.00808753
569,0.474369,0.490196,0.00833802
570,0.404666,0.431373,0.00905124
571,0.213637,0.211765,0.00905475
572,0.132032,0.113725,0.00938986
573,0.10898,0.0980392,0.00950955
574,0.152343,0.12549,0.0102307
575,0.227758,0.243137,0.0104672
576,0.454535,0.478431,0.0110382
577,0.450129,0.470588,0.0114568
578,0.226484,0.239216,0.0116189
579,0.142744,0.12549,0.0119165
580,0.12415,0.0941176,0.0128185
581,0.120791,0.113725,0.0128684
582,0.208834,0.219608,0.0129845
583,0.43974,0.45098,0.0131108
584,0.472396,0.505882,0.0142322
585,0.254945,0.262745,0.014293
586,0.139487,0.12549,0.0144889
587,0.104521,0.0901961,0.0146941
588,0.123899,0.101961,0.0151754
589,0.178237,0.188235,0.0152754
590,0.404526,0.407843,0.0152864
591,0.507938,0.537255,0.0161458
592,0.29194,0.305882,0.0163402
593,0.14837,0.141176,0.016392
594,0.113704,0.0901961,0.0169446
595,0.106352,0.0980392,0.0170137
596,0.174264,0.160784,0.0171954
597,0.337205,0.364706,0.0179517
598,0.54163,0.556863,0.0181837
599,0.329784,0.352941,0.01872
600,0.160553,0.14902,0.018853
601,0.0933305,0.0941176,0.0188536
602,0.134554,0.0862745,0.0211845
603,0.118808,0.137255,0.0215248
604,0.31217,0.305882,0.0215644
605,0.52875,0.556863,0.0223547
606,0.402035,0.407843,0.0223884
607,0.177887,0.176471,0.0223904
608,0.115377,0.0941176,0.0228424
609,0.0938486,0.0784314,0.0230801
610,0.111085,0.109804,0.0230817
611,0.242119,0.247059,0.0231061
612,0.518554,0.521569,0.0231152
613,0.467623,0.486275,0.0234631
614,0.211993,0.211765,0.0234632
615,0.111448,0.0980392,0.0236429
616,0.0800978,0.0784314,0.0236457
617,0.126318,0.0941176,0.0246826
618,0.177876,0.196078,0.0250139
619,0.460267,0.466667,0.0250548
620,0.540544,0.54902,0.0251267
621,0.248561,0.262745,0.0253279
622,0.119425,0.117647,0.025331
623,0.103902,0.0784314,0.0259798
624,0.0960047,0.0823529,0.0261662
625,0.141738,0.14902,0.0262192
626,0.365637,0.384314,0.026568
627,0.600035,0.592157,0.0266301
628,0.317249,0.337255,0.0270303
629,0.138099,0.133333,0.027053
630,0.0812945,0.0784314,0.0270612
631,0.0964269,0.0745098,0.0275416
632,0.11652,0.121569,0.0275671
633,0.300142,0.298039,0.0275715
634,0.574603,0.592157,0.0278797
635,0.427474,0.435294,0.0279408
636,0.172325,0.168627,0.0279545
637,0.0973119,0.0823529,0.0281783
638,0.0755989,0.0705882,0.0282034
639,0.113124,0.0941176,0.0285646
640,0.206656,0.219608,0.0287324
641,0.52177,0.52549,0.0287462
642,0.525185,0.537255,0.0288919
643,0.217419,0.223529,0.0289292
644,0.10183,0.0941176,0.0289887
645,0.0697768,0.0666667,0.0289984
646,0.0940849,0.0823529,0.029136
647,0.172388,0.156863,0.029377
648,0.389719,0.419608,0.0302704
649,0.617578,0.615686,0.030274
650,0.2963,0.317647,0.0307297
651,0.119265,0.121569,0.030735
652,0.0805595,0.0705882,0.0308344
653,0.0799481,0.0666667,0.0310108
654,0.104667,0.113725,0.0310928
655,0.303529,0.301961,0.0310953
656,0.611779,0.619608,0.0311566
657,0.431578,0.443137,0.0312902
658,0.164519,0.160784,0.0313042
659,0.0896371,0.0784314,0.0314297
660,0.0798779,0.0666667,0.0316043
661,0.102878,0.0901961,0.0317651
662,0.206149,0.207843,0.031768
663,0.508312,0.529412,0.0322132
664,0.55713,0.584314,0.0329521
665,0.22769,0.239216,0.0330849
666,0.0995208,0.0980392,0.0330871
667,0.0884466,0.0705882,0.0334061
668,0.108197,0.0745098,0.0345409
669,0.125353,0.141176,0.0347913
670,0.375545,0.384314,0.0348682
671,0.627327,0.662745,0.0361226
672,0.3584,0.360784,0.0361283
673,0.121483,0.129412,0.0361911
674,0.0946057,0.0745098,0.036595
675,0.0959329,0.0666667,0.0374515
676,0.0931265,0.0980392,0.0374756
677,0.245306,0.247059,0.0374787
678,0.569872,0.607843,0.0389205
679,0.516948,0.537255,0.0393329
680,0.185755,0.2,0.0395358
681,0.109231,0.0862745,0.0400628
682,0.0791924,0.0627451,0.0403333
683,0.0849532,0.0745098,0.0404424
684,0.154753,0.152941,0.0404457
685,0.412294,0.435294,0.0409747
686,0.641669,0.678431,0.0423262
687,0.31646,0.321569,0.0423523
688,0.0975864,0.117647,0.0427547
689,0.110053,0.0705882,0.0443122
690,0.0870782,0.0666667,0.0447288
691,0.100615,0.0980392,0.0447355
692,0.246993,0.262745,0.0449836
693,0.605292,0.643137,0.0464159
694,0.502257,0.52549,0.0469557
695,0.172428,0.180392,0.0470191
696,0.10233,0.0862745,0.0472769
697,0.117363,0.0588235,0.0507037
698,0.0492925,0.0745098,0.0513396
699,0.176862,0.145098,0.0523486
700,0.384008,0.439216,0.0553965
701,0.674292,0.705882,0.0563945
702,0.316199,0.329412,0.0565691
703,0.0882393,0.109804,0.0570341
704,0.0860096,0.0666667,0.0574082
705,0.0961591,0.054902,0.0591104
706,0.0565437,0.0862745,0.0599943
707,0.250433,0.235294,0.0602235
708,0.590868,0.639216,0.062561
709,0.55066,0.572549,0.0630402
710,0.178461,0.192157,0.0632277
711,0.0938075,0.0784314,0.0634642
712,0.0776079,0.054902,0.0639797
713,0.0671722,0.0627451,0.0639993
714,0.131336,0.117647,0.0641867
715,0.339993,0.372549,0.0652466
716,0.70495,0.741176,0.0665589
717,0.394891,0.388235,0.0666032
718,0.106546,0.121569,0.0668289
719,0.0968948,0.0627451,0.0679951
720,0.0602648,0.0509804,0.0680813
721,0.0612092,0.0705882,0.0681693
722,0.192467,0.160784,0.0691731
723,0.455404,0.537255,0.0758726
724,0.687503,0.698039,0.0759836
725,0.228483,0.25098,0.0764898
726,0.0611302,0.0862745,0.077122
727,0.0871986,0.054902,0.0781651
728,0.0696149,0.0509804,0.0785123
729,0.0736791,0.0784314,0.0785349
730,0.234007,0.231373,0.0785419
731,0.620139,0.690196,0.0834499
732,0.570071,0.588235,0.0837798
733,0.161733,0.172549,0.0838968
734,0.0808792,0.0705882,0.0840027
735,0.0876492,0.0470588,0.0856503
736,0.0400265,0.0470588,0.0856997
737,0.0919811,0.0862745,0.0857323
738,0.28316,0.301961,0.0860858
739,0.731786,0.780392,0.0884483
740,0.485933,0.482353,0.0884612
741,0.128555,0.129412,0.0884619
742,0.0831741,0.054902,0.0892612
743,0.0320222,0.0431373,0.0893847
744,0.0564367,0.0431373,0.0895616
745,0.0898021,0.0901961,0.0895618
746,0.320036,0.337255,0.0898583
747,0.770647,0.835294,0.0940375
748,0.4627,0.439216,0.094589
749,0.107839,0.105882,0.0945928
750,0.0569105,0.0470588,0.0946899
751,0.0266163,0.0392157,0.0948486
752,0.0519498,0.0392157,0.0950108
753,0.0888579,0.0823529,0.0950531
754,0.303976,0.301961,0.0950572
755,0.748745,0.866667,0.108963
756,0.509841,0.490196,0.109349
757,0.119576,0.109804,0.109444
758,0.0664409,0.0470588,0.10982
759,0.0301584,0.0392157,0.109902
760,0.0536319,0.0313725,0.110397
761,0.0484764,0.0509804,0.110403
762,0.19613,0.168627,0.11116
763,0.568213,0.729412,0.137145
764,0.672997,0.764706,0.145555
765,0.150639,0.172549,0.146035
766,0.0576198,0.054902,0.146043
767,0.116104,0.0352941,0.152573
768,0.0296419,0.0313725,0.152576
769,0.0480905,0.027451,0.153002
770,0.0725819,0.0392157,0.154115
771,0.150722,0.145098,0.154147
772,0.548831,0.768627,0.202457
773,0.682658,0.85098,0.23079
774,0.134549,0.168627,0.231951
775,0.0665289,0.0470588,0.23233
776,0.133873,0.0313725,0.242836
777,0.0401629,0.0313725,0.242914
778,0.0567765,0.0235294,0.244019
779,0.0512917,0.0196078,0.245023
780,0.0679681,0.027451,0.246665
781,0.118619,0.0705882,0.248972
782,0.295709,0.211765,0.256018
783,0.604783,0.203922,0.416708
784,0.155623,0.156863,0.41671
785,0.116072,0.145098,0.417552
786,0.17822,0.160784,0.417856
787,0.213727,0.2,0.418045
788,0.264105,0.254902,0.418129
789,0.287072,0.290196,0.418139
790,0.257247,0.282353,0.418769
791,0.228217,0.235294,0.41882
792,0.187709,0.196078,0.41889
793,0.180265,0.184314,0.418906
794,0.196789,0.211765,0.41913
795,0.25574,0.258824,0.41914
796,0.274291,0.298039,0.419704
797,0.267698,0.282353,0.419918
798,0.220245,0.231373,0.420042
799,0.186999,0.192157,0.420069
800,0.179297,0.188235,0.420149
801,0.212025,0.219608,0.420206
802,0.258885,0.270588,0.420343
803,0.280714,0.309804,0.421189
804,0.270389,0.282353,0.421333
805,0.213663,0.227451,0.421523
806,0.18903,0.192157,0.421533
807,0.187508,0.188235,0.421533
808,0.208362,0.223529,0.421763
809,0.267475,0.278431,0.421883
810,0.285019,0.309804,0.422497
811,0.26077,0.282353,0.422963
812,0.219746,0.219608,0.422963
813,0.174244,0.188235,0.423159
814,0.194337,0.192157,0.423164
815,0.220474,0.227451,0.423212
816,0.262357,0.286275,0.423785
817,0.293659,0.313725,0.424187
818,0.256507,0.27451,0.424511
819,0.209148,0.219608,0.424621
820,0.189046,0.184314,0.424643
821,0.178496,0.188235,0.424738
822,0.2212,0.235294,0.424937
823,0.285046,0.294118,0.425019
824,0.28561,0.321569,0.426312
825,0.262932,0.266667,0.426326
826,0.194122,0.211765,0.426637
827,0.191698,0.176471,0.426869
828,0.169759,0.188235,0.42721
829,0.23485,0.235294,0.42721
830,0.279216,0.305882,0.427922
831,0.304819,0.317647,0.428086
832,0.241136,0.262745,0.428553
833,0.20108,0.2,0.428554
834,0.170235,0.172549,0.42856
835,0.182402,0.184314,0.428563
836,0.22585,0.243137,0.428862
837,0.3029,0.313725,0.428979
838,0.297284,0.32549,0.429775
839,0.247739,0.254902,0.429826
840,0.185596,0.192157,0.429869
841,0.171872,0.168627,0.42988
842,0.184431,0.188235,0.429894
843,0.239186,0.247059,0.429956
844,0.297881,0.32549,0.430719
845,0.310484,0.321569,0.430841
846,0.230784,0.25098,0.431249
847,0.191873,0.184314,0.431306
848,0.157926,0.164706,0.431352
849,0.189847,0.188235,0.431355
850,0.243758,0.258824,0.431582
851,0.317329,0.337255,0.431979
852,0.304028,0.321569,0.432287
853,0.226819,0.243137,0.432553
854,0.18737,0.176471,0.432672
855,0.153222,0.160784,0.432729
856,0.192633,0.188235,0.432748
857,0.248673,0.266667,0.433072
858,0.32961,0.341176,0.433206
859,0.295507,0.321569,0.433885
860,0.228678,0.235294,0.433929
861,0.176664,0.172549,0.433946
862,0.157847,0.156863,0.433947
863,0.18536,0.192157,0.433993
864,0.266825,0.278431,0.434128
865,0.336824,0.352941,0.434387
866,0.293796,0.321569,0.435159
867,0.224927,0.223529,0.435161
868,0.163954,0.164706,0.435161
869,0.161027,0.156863,0.435179
870,0.196312,0.196078,0.435179
871,0.270084,0.286275,0.435441
872,0.341806,0.360784,0.435801
873,0.293638,0.321569,0.436581
874,0.222266,0.223529,0.436583
875,0.169935,0.160784,0.436666
876,0.15092,0.14902,0.43667
877,0.185099,0.196078,0.436791
878,0.291139,0.294118,0.436799
879,0.347936,0.372549,0.437405
880,0.296576,0.321569,0.43803
881,0.216928,0.211765,0.438057
882,0.155462,0.156863,0.438059
883,0.165517,0.14902,0.438331
884,0.185593,0.2,0.438538
885,0.298182,0.301961,0.438553
886,0.351587,0.384314,0.439624
887,0.300654,0.321569,0.440061
888,0.211504,0.211765,0.440061
889,0.164284,0.152941,0.44019
890,0.154989,0.14902,0.440225
891,0.196925,0.203922,0.440274
892,0.303867,0.313725,0.440372
893,0.359988,0.392157,0.441406
894,0.295075,0.317647,0.441916
895,0.208067,0.203922,0.441933
896,0.158929,0.14902,0.442031
897,0.158287,0.145098,0.442205
898,0.189927,0.203922,0.442401
899,0.314403,0.321569,0.442452
900,0.369211,0.4,0.4434
901,0.292611,0.317647,0.444027
902,0.206722,0.196078,0.44414
903,0.147871,0.141176,0.444185
904,0.153064,0.145098,0.444249
905,0.206853,0.207843,0.44425
906,0.31748,0.329412,0.444392
907,0.373007,0.411765,0.445894
908,0.297218,0.313725,0.446167
909,0.197885,0.196078,0.44617
910,0.161632,0.137255,0.446764
911,0.138139,0.141176,0.446773
912,0.207445,0.2,0.446829
913,0.309212,0.337255,0.447615
914,0.402155,0.419608,0.44792
915,0.286678,0.313725,0.448651
916,0.196886,0.184314,0.44881
917,0.139774,0.133333,0.448851
918,0.154711,0.133333,0.449308
919,0.184882,0.2,0.449537
920,0.334594,0.341176,0.44958
921,0.402085,0.431373,0.450438
922,0.294658,0.317647,0.450966
923,0.194849,0.184314,0.451077
924,0.143647,0.129412,0.45128
925,0.145254,0.129412,0.451531
926,0.185022,0.196078,0.451653
927,0.335388,0.345098,0.451747
928,0.41594,0.443137,0.452487
929,0.29709,0.317647,0.45291
930,0.189136,0.180392,0.452986
931,0.142213,0.12549,0.453266
932,0.142256,0.12549,0.453547
933,0.181548,0.192157,0.453659
934,0.337174,0.345098,0.453722
935,0.425009,0.45098,0.454397
936,0.301103,0.32549,0.454991
937,0.191542,0.180392,0.455116
938,0.138497,0.121569,0.455402
939,0.135023,0.121569,0.455583
940,0.181585,0.184314,0.455591
941,0.327732,0.337255,0.455681
942,0.435128,0.458824,0.456243
943,0.311893,0.333333,0.456703
944,0.190247,0.176471,0.456892
945,0.123922,0.117647,0.456932
946,0.137539,0.117647,0.457327
947,0.177789,0.168627,0.457411
948,0.297557,0.329412,0.458426
949,0.471241,0.466667,0.458447
950,0.313186,0.341176,0.45923
951,0.189459,0.176471,0.459399
952,0.119218,0.113725,0.459429
953,0.129145,0.113725,0.459667
954,0.177713,0.160784,0.459954
955,0.286445,0.313725,0.460698
956,0.471228,0.478431,0.46075
957,0.341141,0.356863,0.460997
958,0.188847,0.184314,0.461017
959,0.128713,0.109804,0.461375
960,0.105459,0.105882,0.461375
961,0.170943,0.152941,0.461699
962,0.287384,0.301961,0.461912
963,0.473069,0.482353,0.461998
964,0.359825,0.380392,0.462421
965,0.198344,0.188235,0.462523
966,0.118541,0.105882,0.462683
967,0.0976427,0.0941176,0.462696
968,0.143969,0.137255,0.462741
969,0.279788,0.282353,0.462747
970,0.487146,0.482353,0.46277
971,0.3837,0.403922,0.463179
972,0.206446,0.196078,0.463287
973,0.115051,0.109804,0.463314
974,0.110597,0.0941176,0.463586
975,0.136576,0.12549,0.463709
976,0.243108,0.258824,0.463956
977,0.485625,0.47451,0.464079
978,0.411859,0.435294,0.464629
979,0.219992,0.215686,0.464647
980,0.125398,0.109804,0.46489
981,0.0873313,0.0862745,0.464891
982,0.122728,0.117647,0.464917
983,0.242685,0.231373,0.465045
984,0.450633,0.462745,0.465192
985,0.461801,0.466667,0.465216
986,0.229446,0.235294,0.46525
987,0.129713,0.113725,0.465505
988,0.0828072,0.0862745,0.465517
989,0.125616,0.105882,0.465907
990,0.200991,0.207843,0.465954
991,0.440341,0.435294,0.465979
992,0.485265,0.501961,0.466258
993,0.258334,0.266667,0.466327
994,0.138351,0.12549,0.466493
995,0.0934717,0.0862745,0.466545
996,0.110675,0.0980392,0.466704
997,0.178651,0.180392,0.466707
998,0.39569,0.396078,0.466707
999,0.517159,0.533333,0.466969
1000,0.295719,0.301961,0.467008
1001,0.144469,0.137255,0.46706
1002,0.100251,0.0901961,0.467161
1003,0.115923,0.0941176,0.467637
1004,0.156151,0.152941,0.467647
1005,0.331005,0.352941,0.468128
1006,0.550122,0.552941,0.468136
1007,0.335579,0.356863,0.468589
1008,0.16283,0.156863,0.468625
1009,0.10879,0.0941176,0.46884
1010,0.11334,0.0862745,0.469573
1011,0.126405,0.133333,0.469621
1012,0.297132,0.298039,0.469621
1013,0.529696,0.54902,0.469995
1014,0.405775,0.419608,0.470186
1015,0.184849,0.180392,0.470206
1016,0.110556,0.0901961,0.47062
1017,0.0749502,0.0823529,0.470675
1018,0.145844,0.113725,0.471707
1019,0.234696,0.247059,0.47186
1020,0.506946,0.521569,0.472073
1021,0.471019,0.486275,0.472306
1022,0.210515,0.219608,0.472389
1023,0.124248,0.105882,0.472726
1024,0.0967796,0.0745098,0.473222
1025,0.0871438,0.0941176,0.473271
1026,0.199852,0.2,0.473271
1027,0.463962,0.462745,0.473272
1028,0.527098,0.552941,0.47394
1029,0.259899,0.266667,0.473986
1030,0.121262,0.117647,0.473999
1031,0.10013,0.0784314,0.47447
1032,0.0988859,0.0862745,0.474629
1033,0.156229,0.152941,0.47464
1034,0.361055,0.384314,0.475181
1035,0.589393,0.592157,0.475188
1036,0.320949,0.345098,0.475771
1037,0.141796,0.137255,0.475792
1038,0.0879006,0.0784314,0.475882
1039,0.0893472,0.0745098,0.476102
1040,0.119757,0.121569,0.476105
1041,0.298569,0.301961,0.476117
1042,0.581346,0.588235,0.476164
1043,0.417202,0.435294,0.476491
1044,0.174481,0.168627,0.476526
1045,0.0957985,0.0862745,0.476616
1046,0.0955081,0.0705882,0.477237
1047,0.0976957,0.0941176,0.47725
1048,0.210549,0.223529,0.477419
1049,0.529956,0.52549,0.477439
1050,0.514516,0.533333,0.477793
1051,0.219207,0.227451,0.477861
1052,0.108965,0.0980392,0.47798
1053,0.0770928,0.0705882,0.478022
1054,0.101782,0.0784314,0.478568
1055,0.144265,0.160784,0.478841
1056,0.42082,0.419608,0.478842
1057,0.598292,0.607843,0.478933
1058,0.299692,0.309804,0.479035
1059,0.119372,0.117647,0.479038
1060,0.0687601,0.0705882,0.479042
1061,0.089094,0.0705882,0.479384
1062,0.118013,0.113725,0.479403
1063,0.288199,0.305882,0.479715
1064,0.621882,0.615686,0.479754
1065,0.41867,0.431373,0.479915
1066,0.163163,0.152941,0.48002
1067,0.0723439,0.0784314,0.480057
1068,0.0967238,0.0627451,0.481211
1069,0.0778695,0.0862745,0.481282
1070,0.21009,0.203922,0.48132
1071,0.512769,0.529412,0.481597
1072,0.565189,0.564706,0.481597
1073,0.215547,0.227451,0.481739
1074,0.093168,0.0901961,0.481748
1075,0.0603916,0.0588235,0.48175
1076,0.0711819,0.0666667,0.48177
1077,0.135261,0.133333,0.481774
1078,0.3764,0.388235,0.481914
1079,0.661777,0.65098,0.482031
1080,0.335727,0.34902,0.482208
1081,0.119268,0.121569,0.482213
1082,0.0648919,0.0666667,0.482216
1083,0.0761387,0.0588235,0.482516
1084,0.082821,0.0901961,0.48257
1085,0.243743,0.247059,0.482581
1086,0.602914,0.603922,0.482582
1087,0.508924,0.509804,0.482583
1088,0.180883,0.180392,0.482583
1089,0.0818786,0.0745098,0.482638
1090,0.0507317,0.0509804,0.482638
1091,0.0572862,0.0666667,0.482726
1092,0.165035,0.145098,0.483123
1093,0.416829,0.443137,0.483815
1094,0.676669,0.662745,0.484009
1095,0.286726,0.298039,0.484137
1096,0.0918407,0.109804,0.48446
1097,0.0929871,0.054902,0.48591
1098,0.0168961,0.054902,0.487355
1099,0.108474,0.0941176,0.487561
1100,0.270482,0.262745,0.487621
1101,0.6205,0.643137,0.488133
1102,0.504217,0.494118,0.488235
1103,0.165322,0.160784,0.488256
1104,0.0699774,0.0705882,0.488256
1105,0.0677287,0.0509804,0.488536
1106,0.0562947,0.0627451,0.488578
1107,0.150523,0.145098,0.488607
1108,0.437236,0.454902,0.48892
1109,0.682897,0.686275,0.488931
1110,0.289708,0.298039,0.489
1111,0.0832235,0.0980392,0.48922
1112,0.0548824,0.054902,0.48922
1113,0.0570792,0.0470588,0.48932
1114,0.0599817,0.0862745,0.490012
1115,0.278684,0.243137,0.491275
1116,0.608443,0.647059,0.492766
1117,0.541653,0.537255,0.492786
1118,0.168987,0.172549,0.492798
1119,0.0774298,0.0705882,0.492845
1120,0.0612215,0.0470588,0.493046
1121,0.0436323,0.0588235,0.493277
1122,0.145461,0.117647,0.49405
1123,0.353737,0.392157,0.495526
1124,0.729114,0.733333,0.495544
1125,0.361434,0.356863,0.495565
1126,0.0979526,0.109804,0.495705
1127,0.0679114,0.054902,0.495875
1128,0.0403119,0.0509804,0.495988
1129,0.0839558,0.0666667,0.496287
1130,0.172544,0.180392,0.496349
1131,0.538509,0.572549,0.497508
1132,0.641525,0.67451,0.498596
1133,0.216815,0.227451,0.498709
1134,0.06328,0.0784314,0.498938
1135,0.0740914,0.0509804,0.499472
1136,0.0648187,0.0509804,0.499664
1137,0.0861362,0.0784314,0.499723
1138,0.233344,0.254902,0.500188
1139,0.677348,0.713725,0.501511
1140,0.530724,0.545098,0.501718
1141,0.153589,0.152941,0.501718
1142,0.0729692,0.0627451,0.501823
1143,0.0639129,0.0431373,0.502255
1144,0.0378761,0.0470588,0.502339
1145,0.106907,0.0941176,0.502502
1146,0.31505,0.333333,0.502837
1147,0.748846,0.796078,0.505068
1148,0.455468,0.435294,0.505475
1149,0.114582,0.113725,0.505475
1150,0.0635446,0.0509804,0.505633
1151,0.0312573,0.0352941,0.50565
1152,0.0221886,0.0470588,0.506268
1153,0.144471,0.101961,0.508075
1154,0.343892,0.384314,0.509709
1155,0.784721,0.835294,0.512267
1156,0.413104,0.380392,0.513337
1157,0.0874166,0.0980392,0.51345
1158,0.0681406,0.0431373,0.514075
1159,0.000482072,0.0352941,0.515287
1160,0.0471025,0.0352941,0.515426
1161,0.0863437,0.0901961,0.515441
1162,0.354349,0.360784,0.515482
1163,0.802806,0.878431,0.521202
1164,0.452414,0.407843,0.523188
1165,0.0948757,0.0941176,0.523189
1166,0.0548342,0.0392157,0.523433
1167,-0.00767402,0.027451,0.524666
1168,0.0187687,0.0313725,0.524825
1169,0.0971252,0.054902,0.526608
1170,0.205037,0.215686,0.526721
1171,0.694854,0.839216,0.547562
1172,0.578557,0.627451,0.549952
1173,0.131843,0.133333,0.549954
1174,0.0667187,0.0431373,0.55051
1175,0.0168828,0.027451,0.550622
1176,0.0150708,0.0235294,0.550694
1177,0.0422035,0.0196078,0.551204
1178,0.0594954,0.0470588,0.551359
1179,0.221436,0.239216,0.551675
1180,0.793432,0.988235,0.589623
1181,0.500942,0.576471,0.595328
1182,0.119851,0.0980392,0.595804
1183,0.0457057,0.0313725,0.596009
1184,-0.0230888,0.027451,0.598563
1185,0.049734,0.0235294,0.59925
1186,0.0417293,0.0156863,0.599928
1187,0.0423276,0.0156863,0.600638
1188,0.073837,0.0156863,0.604019
1189,0.0665064,0.054902,0.604154
1190,0.277088,0.141176,0.622626
1191,0.45314,0.0901961,0.754354
1192,0.0121723,0.0823529,0.759279
1193,0.174328,0.0980392,0.765099
1194,0.196258,0.133333,0.769059
1195,0.262478,0.188235,0.774571
1196,0.31062,0.227451,0.781488
1197,0.256464,0.247059,0.781576
1198,0.235472,0.25098,0.781817
1199,0.225703,0.231373,0.781849
1200,0.195564,0.203922,0.781919
1201,0.179477,0.192157,0.78208
1202,0.194768,0.203922,0.782163
1203,0.226494,0.223529,0.782172
1204,0.232441,0.25098,0.782516
1205,0.25269,0.25098,0.782519
1206,0.214786,0.235294,0.782939
1207,0.207188,0.211765,0.78296
1208,0.188728,0.2,0.783087
1209,0.197924,0.211765,0.783279
1210,0.230955,0.235294,0.783298
1211,0.242962,0.262745,0.783689
1212,0.254282,0.254902,0.78369
1213,0.210407,0.235294,0.784309
1214,0.209509,0.207843,0.784312
1215,0.183583,0.2,0.784581
1216,0.206291,0.215686,0.784669
1217,0.235792,0.243137,0.784723
1218,0.249275,0.266667,0.785026
1219,0.249087,0.258824,0.785121
1220,0.216529,0.235294,0.785473
1221,0.205792,0.207843,0.785477
1222,0.186603,0.2,0.785657
1223,0.206235,0.219608,0.785835
1224,0.243802,0.247059,0.785846
1225,0.247885,0.270588,0.786361
1226,0.251513,0.262745,0.786488
1227,0.219649,0.227451,0.786548
1228,0.187823,0.207843,0.786949
1229,0.205101,0.2,0.786975
1230,0.199489,0.219608,0.78738
1231,0.244167,0.254902,0.787495
1232,0.26232,0.27451,0.787644
1233,0.243153,0.254902,0.787782
1234,0.207239,0.227451,0.78819
1235,0.203868,0.203922,0.78819
1236,0.190001,0.203922,0.788384
1237,0.217001,0.227451,0.788493
1238,0.247587,0.262745,0.788723
1239,0.262667,0.278431,0.788972
1240,0.242207,0.258824,0.789248
1241,0.21349,0.219608,0.789285
1242,0.185183,0.2,0.789505
1243,0.200668,0.2,0.789505
1244,0.210648,0.231373,0.789935
1245,0.261751,0.266667,0.789959
1246,0.258522,0.282353,0.790527
1247,0.245429,0.254902,0.790617
1248,0.204357,0.219608,0.790849
1249,0.194711,0.196078,0.790851
1250,0.188678,0.2,0.790979
1251,0.219959,0.235294,0.791214
1252,0.266148,0.278431,0.791365
1253,0.269907,0.286275,0.791633
1254,0.235908,0.254902,0.791994
1255,0.207923,0.219608,0.79213
1256,0.198175,0.196078,0.792135
1257,0.188541,0.203922,0.792371
1258,0.228689,0.243137,0.79258
1259,0.271622,0.282353,0.792695
1260,0.263926,0.290196,0.793385
1261,0.241972,0.25098,0.793467
1262,0.198792,0.207843,0.793548
1263,0.183892,0.188235,0.793567
1264,0.192588,0.203922,0.793696
1265,0.237811,0.247059,0.793781
1266,0.273211,0.286275,0.793952
1267,0.26409,0.286275,0.794444
1268,0.233704,0.243137,0.794533
1269,0.193658,0.203922,0.794638
1270,0.186278,0.188235,0.794642
1271,0.1946,0.207843,0.794818
1272,0.243437,0.25098,0.794875
1273,0.27177,0.298039,0.795565
1274,0.277824,0.286275,0.795636
1275,0.219873,0.243137,0.796177
1276,0.202809,0.196078,0.796223
1277,0.169682,0.188235,0.796567
1278,0.212795,0.211765,0.796568
1279,0.24505,0.258824,0.796758
1280,0.277469,0.301961,0.797357
1281,0.272985,0.286275,0.797534
1282,0.220482,0.231373,0.797653
1283,0.184606,0.188235,0.797666
1284,0.17358,0.180392,0.797712
1285,0.202763,0.211765,0.797793
1286,0.259387,0.266667,0.797846
1287,0.285692,0.305882,0.798254
1288,0.265971,0.286275,0.798666
1289,0.221819,0.227451,0.798698
1290,0.180357,0.184314,0.798713
1291,0.172018,0.180392,0.798784
1292,0.209225,0.211765,0.79879
1293,0.256208,0.27451,0.799125
1294,0.299766,0.313725,0.79932
1295,0.263459,0.282353,0.799677
1296,0.212475,0.219608,0.799728
1297,0.176956,0.180392,0.79974
1298,0.175451,0.184314,0.799818
1299,0.221888,0.219608,0.799823
1300,0.259783,0.286275,0.800525
1301,0.305271,0.321569,0.800791
1302,0.261279,0.278431,0.801085
1303,0.205947,0.215686,0.80118
1304,0.181309,0.172549,0.801256
1305,0.161286,0.180392,0.801622
1306,0.229823,0.223529,0.801661
1307,0.272062,0.294118,0.802148
1308,0.306481,0.321569,0.802375
1309,0.253964,0.27451,0.802797
1310,0.205885,0.203922,0.802801
1311,0.162989,0.172549,0.802893
1312,0.183617,0.176471,0.802944
1313,0.209551,0.227451,0.803264
1314,0.292482,0.301961,0.803354
1315,0.306462,0.32549,0.803716
1316,0.251388,0.262745,0.803845
1317,0.189628,0.2,0.803953
1318,0.175867,0.160784,0.80418
1319,0.152161,0.180392,0.804977
1320,0.249557,0.235294,0.80518
1321,0.287924,0.313725,0.805846
1322,0.312675,0.329412,0.806126
1323,0.24685,0.262745,0.806379
1324,0.193278,0.188235,0.806404
1325,0.152994,0.156863,0.806419
1326,0.169199,0.176471,0.806472
1327,0.240406,0.239216,0.806474
1328,0.304823,0.321569,0.806754
1329,0.313282,0.333333,0.807156
1330,0.245291,0.254902,0.807249
1331,0.182438,0.184314,0.807252
1332,0.15982,0.156863,0.807261
1333,0.172317,0.176471,0.807278
1334,0.237079,0.247059,0.807378
1335,0.321186,0.333333,0.807525
1336,0.312743,0.333333,0.807949
1337,0.237551,0.243137,0.80798
1338,0.171543,0.172549,0.807981
1339,0.151794,0.152941,0.807983
1340,0.181613,0.176471,0.808009
1341,0.239057,0.254902,0.80826
1342,0.335312,0.345098,0.808356
1343,0.313501,0.333333,0.808749
1344,0.23051,0.239216,0.808825
1345,0.172931,0.164706,0.808893
1346,0.139286,0.14902,0.808987
1347,0.188401,0.176471,0.80913
1348,0.244439,0.262745,0.809465
1349,0.348011,0.352941,0.809489
1350,0.309452,0.337255,0.810262
1351,0.232699,0.235294,0.810269
1352,0.167765,0.164706,0.810278
1353,0.150084,0.145098,0.810303
1354,0.173392,0.176471,0.810313
1355,0.257002,0.266667,0.810406
1356,0.351863,0.368627,0.810687
1357,0.32162,0.341176,0.81107
1358,0.224414,0.227451,0.811079
1359,0.160326,0.156863,0.811091
1360,0.147691,0.141176,0.811133
1361,0.176881,0.180392,0.811146
1362,0.273198,0.278431,0.811173
1363,0.359839,0.376471,0.81145
1364,0.314387,0.337255,0.811973
1365,0.221037,0.223529,0.811979
1366,0.16289,0.14902,0.812171
1367,0.13055,0.141176,0.812284
1368,0.196664,0.180392,0.812549
1369,0.266736,0.286275,0.812931
1370,0.37525,0.388235,0.813099
1371,0.313763,0.341176,0.813851
1372,0.219952,0.211765,0.813918
1373,0.144789,0.145098,0.813918
1374,0.147189,0.137255,0.814017
1375,0.185618,0.180392,0.814044
1376,0.277439,0.286275,0.814122
1377,0.373714,0.392157,0.814462
1378,0.319101,0.337255,0.814792
1379,0.212647,0.211765,0.814792
1380,0.150838,0.141176,0.814886
1381,0.13225,0.133333,0.814887
1382,0.185584,0.180392,0.814914
1383,0.287351,0.294118,0.81496
1384,0.383977,0.407843,0.815529
1385,0.323568,0.341176,0.815839
1386,0.209193,0.203922,0.815867
1387,0.141694,0.133333,0.815937
1388,0.128513,0.129412,0.815938
1389,0.19073,0.172549,0.816268
1390,0.274493,0.298039,0.816823
1391,0.413572,0.415686,0.816827
1392,0.317586,0.341176,0.817384
1393,0.206494,0.2,0.817426
1394,0.138437,0.129412,0.817507
1395,0.124909,0.121569,0.817518
1396,0.174112,0.172549,0.817521
1397,0.299216,0.294118,0.817547
1398,0.401507,0.427451,0.81822
1399,0.339342,0.345098,0.818253
1400,0.199599,0.196078,0.818266
1401,0.132795,0.12549,0.818319
1402,0.124073,0.117647,0.81836
1403,0.170028,0.168627,0.818362
1404,0.299896,0.298039,0.818366
1405,0.418334,0.431373,0.818536
1406,0.333438,0.352941,0.818916
1407,0.206315,0.196078,0.819021
1408,0.128477,0.12549,0.81903
1409,0.130355,0.113725,0.819306
1410,0.156374,0.160784,0.819326
1411,0.292272,0.294118,0.819329
1412,0.433984,0.443137,0.819413
1413,0.344082,0.360784,0.819692
1414,0.203841,0.196078,0.819752
1415,0.127839,0.117647,0.819856
1416,0.108697,0.109804,0.819857
1417,0.169041,0.152941,0.820116
1418,0.276939,0.286275,0.820203
1419,0.446269,0.45098,0.820226
1420,0.358937,0.376471,0.820533
1421,0.207324,0.196078,0.82066
1422,0.118539,0.117647,0.82066
1423,0.120398,0.105882,0.820871
1424,0.154393,0.145098,0.820957
1425,0.267804,0.278431,0.82107
1426,0.456762,0.454902,0.821074
1427,0.370171,0.396078,0.821745
1428,0.215831,0.203922,0.821887
1429,0.121572,0.117647,0.821902
1430,0.116311,0.101961,0.822108
1431,0.146916,0.137255,0.822202
1432,0.25642,0.262745,0.822242
1433,0.452116,0.454902,0.822249
1434,0.395449,0.407843,0.822403
1435,0.215895,0.215686,0.822403
1436,0.133322,0.117647,0.822649
1437,0.0980362,0.0941176,0.822664
1438,0.127888,0.12549,0.82267
1439,0.246494,0.247059,0.82267
1440,0.457337,0.45098,0.82271
1441,0.417276,0.431373,0.822909
1442,0.226717,0.223529,0.822919
1443,0.127965,0.117647,0.823026
1444,0.0975267,0.0941176,0.823037
1445,0.134386,0.117647,0.823318
1446,0.218185,0.227451,0.823403
1447,0.445131,0.443137,0.823407
1448,0.448811,0.462745,0.823602
1449,0.240011,0.243137,0.823611
1450,0.134639,0.121569,0.823782
1451,0.0943653,0.0901961,0.8238
1452,0.121862,0.109804,0.823945
1453,0.206051,0.207843,0.823948
1454,0.424652,0.423529,0.823949
1455,0.475118,0.486275,0.824074
1456,0.258164,0.262745,0.824095
1457,0.138092,0.12549,0.824254
1458,0.0883886,0.0901961,0.824257
1459,0.124856,0.101961,0.824781
1460,0.178649,0.184314,0.824813
1461,0.393717,0.396078,0.824819
1462,0.506764,0.513725,0.824867
1463,0.284475,0.298039,0.825051
1464,0.150017,0.137255,0.825214
1465,0.0922949,0.0862745,0.82525
1466,0.0972309,0.0941176,0.82526
1467,0.171976,0.160784,0.825385
1468,0.350798,0.356863,0.825422
1469,0.529439,0.533333,0.825437
1470,0.326107,0.333333,0.82549
1471,0.158434,0.14902,0.825578
1472,0.0955002,0.0862745,0.825663
1473,0.0861894,0.0901961,0.825679
1474,0.165657,0.137255,0.826486
1475,0.289726,0.317647,0.827266
1476,0.553748,0.537255,0.827538
1477,0.363311,0.384314,0.827979
1478,0.178225,0.164706,0.828161
1479,0.0911462,0.0941176,0.82817
1480,0.112057,0.0784314,0.829301
1481,0.100957,0.121569,0.829726
1482,0.286978,0.270588,0.829994
1483,0.519232,0.52549,0.830034
1484,0.432148,0.443137,0.830154
1485,0.199452,0.196078,0.830166
1486,0.111401,0.0980392,0.830344
1487,0.0876137,0.0784314,0.830429
1488,0.113538,0.105882,0.830487
1489,0.225685,0.223529,0.830492
1490,0.479528,0.494118,0.830705
1491,0.499978,0.505882,0.83074
1492,0.224224,0.235294,0.830862
1493,0.120863,0.105882,0.831087
1494,0.0773697,0.0745098,0.831095
1495,0.0998624,0.0901961,0.831188
1496,0.181224,0.180392,0.831189
1497,0.426921,0.427451,0.831189
1498,0.549747,0.556863,0.83124
1499,0.277521,0.286275,0.831316
1500,0.127095,0.121569,0.831347
1501,0.0834975,0.0745098,0.831428
1502,0.082451,0.0784314,0.831444
1503,0.142083,0.145098,0.831453
1504,0.364057,0.356863,0.831505
1505,0.578267,0.584314,0.831541
1506,0.350164,0.356863,0.831586
1507,0.149666,0.145098,0.831607
1508,0.0926723,0.0784314,0.83181
1509,0.0735079,0.0705882,0.831818
1510,0.110499,0.113725,0.831829
1511,0.284673,0.278431,0.831868
1512,0.567305,0.568627,0.831869
1513,0.442081,0.45098,0.831949
1514,0.184619,0.176471,0.832015
1515,0.0893643,0.0862745,0.832025
1516,0.0866209,0.0705882,0.832282
1517,0.104377,0.0901961,0.832483
1518,0.192865,0.207843,0.832707
1519,0.507796,0.501961,0.832741
1520,0.535042,0.541176,0.832779
1521,0.22775,0.235294,0.832836
1522,0.104604,0.0980392,0.832879
1523,0.0661067,0.0666667,0.832879
1524,0.0891391,0.0745098,0.833093
1525,0.142441,0.14902,0.833136
1526,0.397341,0.403922,0.83318
1527,0.622328,0.611765,0.833291
1528,0.307301,0.32549,0.833622
1529,0.123906,0.121569,0.833628
1530,0.065576,0.0705882,0.833653
1531,0.0864593,0.0666667,0.834044
1532,0.103647,0.113725,0.834146
1533,0.303162,0.290196,0.834314
1534,0.590891,0.603922,0.834484
1535,0.444231,0.443137,0.834485
1536,0.169524,0.164706,0.834508
1537,0.0874425,0.0745098,0.834676
1538,0.051004,0.0588235,0.834737
1539,0.0863417,0.0823529,0.834753
1540,0.202981,0.2,0.834762
1541,0.517761,0.513725,0.834778
1542,0.564308,0.572549,0.834846
1543,0.229219,0.235294,0.834883
1544,0.0938438,0.0941176,0.834883
1545,0.0687999,0.0588235,0.834982
1546,0.0616647,0.0666667,0.835007
1547,0.137636,0.129412,0.835075
1548,0.361041,0.380392,0.835449
1549,0.667791,0.643137,0.836057
1550,0.335785,0.34902,0.836232
1551,0.123031,0.121569,0.836234
1552,0.0574567,0.0627451,0.836262
1553,0.0566685,0.0588235,0.836267
1554,0.098679,0.0901961,0.836339
1555,0.23969,0.243137,0.836351
1556,0.595593,0.596078,0.836351
1557,0.513707,0.513725,0.836351
1558,0.183696,0.184314,0.836352
1559,0.0831476,0.0784314,0.836374
1560,0.064433,0.054902,0.836465
1561,0.0643976,0.0705882,0.836503
1562,0.167846,0.152941,0.836725
1563,0.426647,0.443137,0.836997
1564,0.649433,0.65098,0.836999
1565,0.29001,0.298039,0.837064
1566,0.0967877,0.101961,0.837091
1567,0.0474982,0.0588235,0.837219
1568,0.0699276,0.0509804,0.837578
1569,0.0656404,0.0941176,0.838389
1570,0.29513,0.270588,0.838991
1571,0.633268,0.647059,0.839181
1572,0.491678,0.486275,0.839211
1573,0.163772,0.160784,0.839219
1574,0.0769948,0.0666667,0.839326
1575,0.0401615,0.0470588,0.839374
1576,0.0536385,0.0627451,0.839457
1577,0.16323,0.14902,0.839659
1578,0.448421,0.462745,0.839864
1579,0.677559,0.67451,0.839873
1580,0.278956,0.286275,0.839927
1581,0.0821869,0.0980392,0.840178
1582,0.0646009,0.054902,0.840272
1583,0.0507402,0.0509804,0.840272
1584,0.0797021,0.0862745,0.840315
1585,0.261169,0.254902,0.840355
1586,0.637834,0.658824,0.840795
1587,0.519563,0.513725,0.840829
1588,0.163649,0.160784,0.840837
1589,0.06937,0.0666667,0.840845
1590,0.0553633,0.0470588,0.840914
1591,0.0510234,0.0588235,0.840974
1592,0.145407,0.12549,0.841371
1593,0.38444,0.419608,0.842608
1594,0.725681,0.721569,0.842625
1595,0.327391,0.333333,0.84266
1596,0.0877101,0.101961,0.842863
1597,0.0502507,0.0509804,0.842864
1598,0.0353479,0.0470588,0.843001
1599,0.075924,0.0666667,0.843087
1600,0.188736,0.192157,0.843098
1601,0.571877,0.6,0.843889
1602,0.622097,0.627451,0.843918
1603,0.18996,0.203922,0.844113
1604,0.0642416,0.0705882,0.844153
1605,0.0472859,0.0431373,0.84417
1606,0.039558,0.0470588,0.844227
1607,0.0986304,0.0901961,0.844298
1608,0.295482,0.286275,0.844382
1609,0.686684,0.737255,0.84694
1610,0.501147,0.482353,0.847293
1611,0.140418,0.137255,0.847303
1612,0.0745591,0.054902,0.84769
1613,0.01853,0.0431373,0.848295
1614,0.0627201,0.0470588,0.84854
1615,0.104966,0.105882,0.848541
1616,0.365922,0.384314,0.848879
1617,0.764591,0.788235,0.849438
1618,0.393281,0.360784,0.850494
1619,0.0946646,0.0980392,0.850506
1620,0.0464583,0.0431373,0.850517
1621,0.00239106,0.0352941,0.8516
1622,0.0471868,0.0431373,0.851616
1623,0.124561,0.117647,0.851664
1624,0.428592,0.470588,0.853427
1625,0.792319,0.8,0.853486
1626,0.304453,0.294118,0.853593
1627,0.0555657,0.0862745,0.854536
1628,0.087024,0.0392157,0.856822
1629,-0.013641,0.0313725,0.858848
1630,0.0418673,0.0392157,0.858855
1631,0.123961,0.113725,0.85896
1632,0.429924,0.482353,0.861709
1633,0.814095,0.835294,0.862158
1634,0.307306,0.286275,0.8626
1635,0.0507695,0.0705882,0.862993
1636,0.0271624,0.0352941,0.863059
1637,0.0185222,0.0313725,0.863224
1638,0.0425248,0.0352941,0.863277
1639,0.1067,0.0784314,0.864076
1640,0.301472,0.368627,0.868586
1641,0.871354,0.92549,0.871517
1642,0.440399,0.388235,0.874238
1643,0.0913459,0.0784314,0.874404
1644,0.0121568,0.0352941,0.87494
1645,0.0124924,0.0235294,0.875062
1646,0.00260292,0.0235294,0.875499
1647,0.076424,0.0313725,0.877529
1648,0.11961,0.117647,0.877533
1649,0.484469,0.639216,0.90148
1650,0.808993,0.898039,0.909409
1651,0.19657,0.203922,0.909463
1652,0.0492414,0.0470588,0.909468
1653,0.0803047,0.027451,0.912261
1654,0.0317444,0.0196078,0.912408
1655,0.00630733,0.0156863,0.912496
1656,0.0564442,0.0117647,0.914493
1657,0.0468783,0.0117647,0.915726
1658,0.0638784,0.027451,0.917053
1659,0.147757,0.164706,0.91734
1660,0.679551,0.207843,1.13985
1661,0.252436,0.0980392,1.16369
1662,-0.0546175,0.0823529,1.18245
1663,0.181623,0.0941176,1.1901
1664,0.168279,0.152941,1.19034
1665,0.334976,0.27451,1.194
1666,0.428062,0.34902,1.20024
1667,0.278904,0.282353,1.20026
1668,0.17995,0.184314,1.20028
1669,0.124505,0.145098,1.2007
1670,0.162401,0.14902,1.20088
1671,0.196926,0.203922,1.20093
1672,0.302313,0.286275,1.20118
1673,0.320824,0.32549,1.20121
1674,0.260244,0.258824,1.20121
1675,0.173595,0.184314,1.20132
1676,0.144915,0.145098,1.20132
1677,0.142638,0.156863,1.20153
1678,0.22093,0.211765,1.20161
1679,0.296282,0.301961,1.20164
1680,0.332142,0.329412,1.20165
1681,0.247126,0.258824,1.20179
1682,0.179401,0.180392,1.20179
1683,0.139521,0.14902,1.20188
1684,0.16356,0.156863,1.20192
1685,0.205342,0.223529,1.20225
1686,0.326015,0.313725,1.2024
1687,0.320697,0.337255,1.20268
1688,0.25047,0.254902,1.2027
1689,0.173338,0.172549,1.2027
1690,0.132992,0.145098,1.20284
1691,0.169496,0.160784,1.20292
1692,0.221019,0.227451,1.20296
1693,0.32039,0.321569,1.20296
1694,0.328029,0.341176,1.20314
1695,0.247243,0.247059,1.20314
1696,0.162336,0.168627,1.20318
1697,0.139502,0.141176,1.20318
1698,0.161657,0.160784,1.20318
1699,0.230302,0.231373,1.20318
1700,0.326402,0.337255,1.2033
1701,0.341625,0.345098,1.20331
1702,0.236094,0.247059,1.20343
1703,0.168312,0.164706,1.20344
1704,0.133236,0.141176,1.20351
1705,0.172389,0.160784,1.20364
1706,0.226754,0.239216,1.2038
1707,0.343211,0.34902,1.20383
1708,0.339675,0.345098,1.20386
1709,0.229548,0.235294,1.20389
1710,0.156423,0.156863,1.20389
1711,0.133838,0.129412,1.20391
1712,0.147935,0.156863,1.20399
1713,0.248647,0.247059,1.204
1714,0.36331,0.356863,1.20404
1715,0.332585,0.34902,1.20431
1716,0.232887,0.231373,1.20431
1717,0.151052,0.14902,1.20431
1718,0.122348,0.129412,1.20436
1719,0.167387,0.160784,1.20441
1720,0.252595,0.25098,1.20441
1721,0.360707,0.368627,1.20447
1722,0.342964,0.34902,1.20451
1723,0.223193,0.227451,1.20453
1724,0.151378,0.141176,1.20463
1725,0.107485,0.12549,1.20496
1726,0.175269,0.152941,1.20545
1727,0.237474,0.254902,1.20576
1728,0.392567,0.380392,1.20591
1729,0.342053,0.352941,1.20602
1730,0.220677,0.219608,1.20603
1731,0.140799,0.141176,1.20603
1732,0.126483,0.121569,1.20605
1733,0.154932,0.156863,1.20605
1734,0.263135,0.262745,1.20605
1735,0.391749,0.392157,1.20605
1736,0.344426,0.360784,1.20632
1737,0.22296,0.219608,1.20633
1738,0.141694,0.137255,1.20635
1739,0.120796,0.117647,1.20636
1740,0.153852,0.152941,1.20636
1741,0.262076,0.258824,1.20637
1742,0.395162,0.4,1.2064
1743,0.358595,0.360784,1.2064
1744,0.214438,0.215686,1.2064
1745,0.138192,0.133333,1.20643
1746,0.116665,0.113725,1.20644
1747,0.149295,0.152941,1.20645
1748,0.273309,0.262745,1.20656
1749,0.40058,0.407843,1.20661
1750,0.360635,0.372549,1.20676
1751,0.221079,0.211765,1.20684
1752,0.126496,0.129412,1.20685
1753,0.121282,0.113725,1.20691
1754,0.158053,0.141176,1.20719
1755,0.235193,0.258824,1.20775
1756,0.435643,0.415686,1.20815
1757,0.363916,0.380392,1.20842
1758,0.221079,0.211765,1.20851
1759,0.124225,0.12549,1.20851
1760,0.11388,0.105882,1.20857
1761,0.142949,0.141176,1.20858
1762,0.26,0.258824,1.20858
1763,0.430148,0.423529,1.20862
1764,0.375696,0.392157,1.20889
1765,0.224347,0.219608,1.20891
1766,0.134231,0.129412,1.20894
1767,0.119341,0.105882,1.20912
1768,0.136945,0.137255,1.20912
1769,0.250012,0.25098,1.20912
1770,0.427184,0.431373,1.20914
1771,0.39637,0.411765,1.20937
1772,0.228283,0.223529,1.2094
1773,0.131452,0.12549,1.20943
1774,0.111789,0.0980392,1.20962
1775,0.123714,0.129412,1.20965
1776,0.250006,0.239216,1.20977
1777,0.426315,0.431373,1.2098
1778,0.418781,0.423529,1.20982
1779,0.229804,0.235294,1.20985
1780,0.14135,0.12549,1.2101
1781,0.0962934,0.0980392,1.2101
1782,0.134227,0.121569,1.21026
1783,0.222147,0.223529,1.21027
1784,0.420827,0.427451,1.21031
1785,0.44548,0.443137,1.21031
1786,0.235829,0.243137,1.21037
1787,0.138082,0.12549,1.21053
1788,0.0942827,0.0941176,1.21053
1789,0.125344,0.113725,1.21066
1790,0.208884,0.211765,1.21067
1791,0.420326,0.411765,1.21074
1792,0.453772,0.466667,1.21091
1793,0.258988,0.262745,1.21092
1794,0.143994,0.129412,1.21114
1795,0.0886457,0.0941176,1.21117
1796,0.128797,0.105882,1.21169
1797,0.182047,0.192157,1.21179
1798,0.400511,0.396078,1.21181
1799,0.484646,0.490196,1.21184
1800,0.275138,0.282353,1.2119
1801,0.147313,0.137255,1.212
1802,0.0987288,0.0901961,1.21207
1803,0.102617,0.0980392,1.21209
1804,0.173592,0.172549,1.21209
1805,0.372676,0.372549,1.21209
1806,0.511723,0.509804,1.2121
1807,0.299384,0.313725,1.2123
1808,0.158247,0.141176,1.21259
1809,0.0798158,0.0901961,1.2127
1810,0.114686,0.0901961,1.2133
1811,0.144434,0.152941,1.21337
1812,0.344959,0.341176,1.21339
1813,0.530221,0.521569,1.21346
1814,0.332655,0.34902,1.21373
1815,0.170221,0.156863,1.21391
1816,0.0932811,0.0901961,1.21392
1817,0.0929037,0.0862745,1.21396
1818,0.141986,0.133333,1.21404
1819,0.293488,0.301961,1.21411
1820,0.537771,0.52549,1.21426
1821,0.379942,0.388235,1.21433
1822,0.182305,0.172549,1.21442
1823,0.0985684,0.0901961,1.21449
1824,0.0762891,0.0784314,1.2145
1825,0.123371,0.113725,1.21459
1826,0.253616,0.254902,1.21459
1827,0.520307,0.517647,1.2146
1828,0.451285,0.443137,1.21467
1829,0.197589,0.196078,1.21467
1830,0.103616,0.0980392,1.2147
1831,0.0874912,0.0784314,1.21478
1832,0.113648,0.101961,1.21492
1833,0.211497,0.215686,1.21494
1834,0.477115,0.478431,1.21494
1835,0.503031,0.501961,1.21494
1836,0.228734,0.235294,1.21498
1837,0.115668,0.105882,1.21508
1838,0.0743112,0.0784314,1.21509
1839,0.117885,0.0862745,1.21609
1840,0.150784,0.176471,1.21675
1841,0.436205,0.419608,1.21703
1842,0.548663,0.545098,1.21704
1843,0.275656,0.286275,1.21715
1844,0.13001,0.121569,1.21723
1845,0.0743697,0.0745098,1.21723
1846,0.0838451,0.0784314,1.21725
1847,0.142211,0.141176,1.21726
1848,0.351228,0.352941,1.21726
1849,0.587659,0.580392,1.21731
1850,0.347553,0.356863,1.2174
1851,0.150995,0.141176,1.21749
1852,0.0758057,0.0784314,1.2175
1853,0.0866536,0.0745098,1.21765
1854,0.122843,0.113725,1.21773
1855,0.269257,0.282353,1.2179
1856,0.57837,0.564706,1.21809
1857,0.428445,0.439216,1.21821
1858,0.183311,0.176471,1.21825
1859,0.0939741,0.0862745,1.21831
1860,0.078886,0.0705882,1.21838
1861,0.105206,0.0941176,1.2185
1862,0.208077,0.215686,1.21856
1863,0.510099,0.509804,1.21856
1864,0.523971,0.537255,1.21874
1865,0.225628,0.235294,1.21883
1866,0.110111,0.0980392,1.21898
1867,0.0638054,0.0705882,1.21902
1868,0.108512,0.0823529,1.21971
1869,0.157954,0.160784,1.21972
1870,0.403151,0.415686,1.21987
1871,0.598092,0.596078,1.21988
1872,0.294378,0.309804,1.22012
1873,0.123649,0.121569,1.22012
1874,0.0759651,0.0666667,1.22021
1875,0.0572377,0.0666667,1.22029
1876,0.12158,0.113725,1.22036
1877,0.299855,0.309804,1.22046
1878,0.626767,0.611765,1.22068
1879,0.41127,0.419608,1.22075
1880,0.161178,0.14902,1.2209
1881,0.0654106,0.0745098,1.22098
1882,0.0815352,0.0627451,1.22133
1883,0.0902285,0.0901961,1.22133
1884,0.223007,0.219608,1.22135
1885,0.537097,0.541176,1.22136
1886,0.535532,0.541176,1.22139
1887,0.209618,0.219608,1.22149
1888,0.0996835,0.0941176,1.22152
1889,0.0801311,0.0588235,1.22198
1890,0.0519721,0.0745098,1.22249
1891,0.174515,0.152941,1.22295
1892,0.405101,0.415686,1.22306
1893,0.62408,0.635294,1.22319
1894,0.313555,0.317647,1.22321
1895,0.112722,0.113725,1.22321
1896,0.0607311,0.0666667,1.22324
1897,0.084735,0.0627451,1.22373
1898,0.0953798,0.105882,1.22384
1899,0.290814,0.278431,1.22399
1900,0.601319,0.623529,1.22448
1901,0.471697,0.466667,1.22451
1902,0.167575,0.164706,1.22452
1903,0.0844129,0.0745098,1.22461
1904,0.0627233,0.0588235,1.22463
1905,0.0846032,0.0745098,1.22473
1906,0.170564,0.176471,1.22477
1907,0.487267,0.498039,1.22488
1908,0.615733,0.619608,1.2249
1909,0.243323,0.254902,1.22503
1910,0.0871755,0.0941176,1.22508
1911,0.0622164,0.054902,1.22513
1912,0.0510359,0.0588235,1.22519
1913,0.115799,0.109804,1.22523
1914,0.320835,0.321569,1.22523
1915,0.663228,0.666667,1.22524
1916,0.423384,0.423529,1.22524
1917,0.143221,0.137255,1.22528
1918,0.0636347,0.0627451,1.22528
1919,0.0473785,0.0509804,1.22529
1920,0.0716369,0.0705882,1.22529
1921,0.185506,0.184314,1.22529
1922,0.527931,0.533333,1.22532
1923,0.614742,0.619608,1.22535
1924,0.223729,0.235294,1.22548
1925,0.0778665,0.0823529,1.2255
1926,0.0407703,0.0509804,1.22561
1927,0.0610172,0.054902,1.22564
1928,0.106125,0.105882,1.22564
1929,0.324934,0.32549,1.22564
1930,0.686294,0.698039,1.22578
1931,0.431307,0.423529,1.22584
1932,0.134382,0.133333,1.22584
1933,0.0727051,0.0588235,1.22604
1934,0.0298466,0.0470588,1.22633
1935,0.0659774,0.0666667,1.22633
1936,0.182931,0.164706,1.22666
1937,0.484721,0.517647,1.22775
1938,0.66456,0.662745,1.22775
1939,0.23529,0.247059,1.22789
1940,0.0688498,0.0823529,1.22807
1941,0.0461456,0.0509804,1.2281
1942,0.0646214,0.0470588,1.2284
1943,0.0683163,0.0862745,1.22873
1944,0.281917,0.266667,1.22896
1945,0.662401,0.694118,1.22997
1946,0.51352,0.505882,1.23002
1947,0.153512,0.152941,1.23002
1948,0.0767508,0.0588235,1.23035
1949,0.0195877,0.0431373,1.2309
1950,0.0579181,0.0509804,1.23095
1951,0.121136,0.117647,1.23096
1952,0.391521,0.407843,1.23123
1953,0.742947,0.74902,1.23126
1954,0.352863,0.341176,1.2314
1955,0.0876588,0.0980392,1.23151
1956,0.0402195,0.0470588,1.23156
1957,0.0255476,0.0392157,1.23174
1958,0.050571,0.054902,1.23176
1959,0.167448,0.160784,1.2318
1960,0.527807,0.560784,1.23289
1961,0.690545,0.698039,1.23295
1962,0.215634,0.231373,1.2332
1963,0.0529847,0.0705882,1.23351
1964,0.0354274,0.0431373,1.23357
1965,0.0527155,0.0392157,1.23375
1966,0.0549931,0.0666667,1.23388
1967,0.229444,0.207843,1.23435
1968,0.613101,0.682353,1.23915
1969,0.609928,0.619608,1.23924
1970,0.160728,0.172549,1.23938
1971,0.0621775,0.054902,1.23943
1972,0.0157726,0.0392157,1.23998
1973,0.0607191,0.0352941,1.24063
1974,0.0514252,0.0627451,1.24076
1975,0.231581,0.231373,1.24076
1976,0.694038,0.752941,1.24423
1977,0.570913,0.580392,1.24432
1978,0.14594,0.145098,1.24432
1979,0.0606037,0.0509804,1.24441
1980,0.0271796,0.0313725,1.24443
1981,0.0139195,0.0352941,1.24488
1982,0.0901805,0.054902,1.24613
1983,0.187424,0.203922,1.2464
1984,0.663714,0.74902,1.25368
1985,0.610355,0.643137,1.25475
1986,0.144724,0.152941,1.25482
1987,0.0572628,0.0470588,1.25492
1988,0.0214221,0.0313725,1.25502
1989,0.032399,0.027451,1.25505
1990,0.0429815,0.0352941,1.25511
1991,0.127841,0.109804,1.25543
1992,0.432961,0.537255,1.26631
1993,0.846493,0.909804,1.27032
1994,0.286393,0.254902,1.27131
1995,0.0429186,0.0588235,1.27156
1996,0.0610969,0.027451,1.27269
1997,-0.00336068,0.0235294,1.27342
1998,0.0313765,0.0196078,1.27356
1999,0.0559034,0.0235294,1.2746
2000,0.098912,0.0862745,1.27476
2001,0.387351,0.52549,1.29385
2002,0.93255,1,1.2984
2003,0.316032,0.262745,1.30124
2004,0.0403264,0.054902,1.30145
2005,0.077413,0.0313725,1.30357
2006,0.0445293,0.0235294,1.30401
2007,0.0123761,0.0156863,1.30402
2008,0.0420831,0.0156863,1.30472
2009,0.072161,0.0156863,1.30791
2010,0.0663595,0.0313725,1.30913
2011,0.155306,0.113725,1.31086
2012,0.465123,0.129412,1.42356
2013,0.194226,0.0901961,1.43438
2014,0.0606571,0.0901961,1.43526
2015,0.180796,0.109804,1.4403
2016,0.209434,0.14902,1.44395
2017,0.275038,0.211765,1.44795
2018,0.320677,0.278431,1.44973
2019,0.298413,0.298039,1.44973
2020,0.24061,0.247059,1.44978
2021,0.178789,0.184314,1.44981
2022,0.144045,0.160784,1.45009
2023,0.176087,0.172549,1.4501
2024,0.216978,0.219608,1.45011
2025,0.280681,0.282353,1.45011
2026,0.293335,0.290196,1.45012
2027,0.226936,0.243137,1.45038
2028,0.185855,0.184314,1.45038
2029,0.145456,0.160784,1.45062
2030,0.172733,0.184314,1.45075
2031,0.24688,0.239216,1.45081
2032,0.287633,0.301961,1.45102
2033,0.291525,0.294118,1.45102
2034,0.219321,0.235294,1.45128
2035,0.180762,0.180392,1.45128
2036,0.153762,0.160784,1.45133
2037,0.17574,0.188235,1.45148
2038,0.253503,0.247059,1.45153
2039,0.293239,0.305882,1.45169
2040,0.285045,0.294118,1.45177
2041,0.219882,0.227451,1.45182
2042,0.169411,0.172549,1.45183
2043,0.149488,0.156863,1.45189
2044,0.178919,0.192157,1.45206
2045,0.268248,0.254902,1.45224
2046,0.295776,0.317647,1.45272
2047,0.291182,0.298039,1.45277
2048,0.216242,0.223529,1.45282
2049,0.165544,0.168627,1.45283
2050,0.150758,0.156863,1.45287
2051,0.185854,0.192157,1.45291
2052,0.265029,0.266667,1.45291
2053,0.317698,0.32549,1.45297
2054,0.280104,0.290196,1.45307
2055,0.205705,0.211765,1.45311
2056,0.158622,0.160784,1.45311
2057,0.148498,0.156863,1.45318
2058,0.197379,0.196078,1.45319
2059,0.268974,0.27451,1.45322
2060,0.323089,0.333333,1.45332
2061,0.280251,0.286275,1.45336
2062,0.197176,0.207843,1.45347
2063,0.161709,0.152941,1.45355
2064,0.13289,0.152941,1.45395
2065,0.20592,0.2,1.45399
2066,0.283933,0.286275,1.45399
2067,0.330734,0.341176,1.4541
2068,0.27553,0.286275,1.45422
2069,0.197057,0.2,1.45422
2070,0.151314,0.14902,1.45423
2071,0.139322,0.152941,1.45441
2072,0.210522,0.203922,1.45446
2073,0.290616,0.294118,1.45447
2074,0.334721,0.345098,1.45458
2075,0.271539,0.286275,1.4548
2076,0.19825,0.192157,1.45483
2077,0.137515,0.145098,1.45489
2078,0.146331,0.14902,1.4549
2079,0.204189,0.207843,1.45491
2080,0.309713,0.309804,1.45491
2081,0.346665,0.356863,1.45501
2082,0.266563,0.282353,1.45526
2083,0.192261,0.184314,1.45533
2084,0.134015,0.141176,1.45538
2085,0.150984,0.14902,1.45538
2086,0.209165,0.211765,1.45539
2087,0.316752,0.321569,1.45541
2088,0.355484,0.364706,1.4555
2089,0.262506,0.27451,1.45564
2090,0.182049,0.180392,1.45564
2091,0.142068,0.137255,1.45567
2092,0.142641,0.14902,1.45571
2093,0.218294,0.219608,1.45571
2094,0.33188,0.333333,1.45571
2095,0.353702,0.368627,1.45593
2096,0.258823,0.270588,1.45607
2097,0.180393,0.172549,1.45613
2098,0.132185,0.137255,1.45616
2099,0.159891,0.145098,1.45638
2100,0.199906,0.219608,1.45677
2101,0.346713,0.345098,1.45677
2102,0.366034,0.376471,1.45688
2103,0.253177,0.270588,1.45718
2104,0.181088,0.164706,1.45745
2105,0.118314,0.129412,1.45757
2106,0.156697,0.145098,1.45771
2107,0.218067,0.223529,1.45774
2108,0.349983,0.352941,1.45775
2109,0.369879,0.380392,1.45786
2110,0.251543,0.266667,1.45809
2111,0.176886,0.160784,1.45835
2112,0.117014,0.12549,1.45842
2113,0.151571,0.145098,1.45846
2114,0.227849,0.227451,1.45846
2115,0.356147,0.368627,1.45861
2116,0.381572,0.392157,1.45873
2117,0.248771,0.262745,1.45892
2118,0.171344,0.160784,1.45903
2119,0.132728,0.12549,1.45909
2120,0.148227,0.141176,1.45914
2121,0.216182,0.227451,1.45926
2122,0.370071,0.372549,1.45927
2123,0.382069,0.4,1.45959
2124,0.252776,0.258824,1.45963
2125,0.162443,0.152941,1.45972
2126,0.122412,0.117647,1.45974
2127,0.140989,0.137255,1.45975
2128,0.224181,0.223529,1.45975
2129,0.37054,0.376471,1.45979
2130,0.395793,0.407843,1.45993
2131,0.252992,0.258824,1.45997
2132,0.158751,0.14902,1.46006
2133,0.11641,0.117647,1.46006
2134,0.152752,0.133333,1.46044
2135,0.208173,0.223529,1.46068
2136,0.385612,0.384314,1.46068
2137,0.401305,0.419608,1.46101
2138,0.255713,0.266667,1.46113
2139,0.165571,0.14902,1.46141
2140,0.112729,0.109804,1.46142
2141,0.131609,0.129412,1.46142
2142,0.222758,0.215686,1.46147
2143,0.374954,0.388235,1.46165
2144,0.425363,0.431373,1.46168
2145,0.255167,0.266667,1.46182
2146,0.159371,0.145098,1.46202
2147,0.108717,0.105882,1.46203
2148,0.128924,0.12549,1.46204
2149,0.220359,0.211765,1.46211
2150,0.378092,0.388235,1.46222
2151,0.433637,0.443137,1.46231
2152,0.261932,0.27451,1.46247
2153,0.16175,0.14902,1.46263
2154,0.116714,0.101961,1.46284
2155,0.108767,0.117647,1.46292
2156,0.211736,0.2,1.46306
2157,0.374534,0.376471,1.46307
2158,0.445546,0.454902,1.46315
2159,0.275687,0.282353,1.4632
2160,0.158745,0.145098,1.46338
2161,0.0992346,0.0980392,1.46338
2162,0.111637,0.109804,1.46339
2163,0.194512,0.192157,1.46339
2164,0.382415,0.372549,1.46349
2165,0.457979,0.470588,1.46365
2166,0.287553,0.298039,1.46376
2167,0.164614,0.145098,1.46414
2168,0.087644,0.0980392,1.46425
2169,0.12423,0.101961,1.46474
2170,0.164766,0.172549,1.46481
2171,0.360389,0.356863,1.46482
2172,0.491643,0.486275,1.46485
2173,0.300849,0.317647,1.46513
2174,0.168645,0.14902,1.46551
2175,0.0833459,0.0941176,1.46563
2176,0.111399,0.0941176,1.46593
2177,0.152363,0.156863,1.46595
2178,0.341486,0.337255,1.46597
2179,0.511942,0.501961,1.46607
2180,0.326728,0.341176,1.46628
2181,0.173317,0.160784,1.46643
2182,0.0993407,0.0941176,1.46646
2183,0.0936839,0.0941176,1.46646
2184,0.162266,0.145098,1.46675
2185,0.301791,0.313725,1.4669
2186,0.517542,0.505882,1.46703
2187,0.354154,0.372549,1.46737
2188,0.185459,0.172549,1.46754
2189,0.101716,0.0941176,1.4676
2190,0.0837657,0.0901961,1.46764
2191,0.157104,0.129412,1.4684
2192,0.263375,0.282353,1.46876
2193,0.519198,0.501961,1.46906
2194,0.392445,0.411765,1.46943
2195,0.200447,0.188235,1.46958
2196,0.103419,0.0980392,1.46961
2197,0.0870386,0.0862745,1.46961
2198,0.14029,0.113725,1.47032
2199,0.224706,0.243137,1.47066
2200,0.498127,0.490196,1.47072
2201,0.452257,0.454902,1.47073
2202,0.2129,0.215686,1.47074
2203,0.118549,0.105882,1.4709
2204,0.0841302,0.0823529,1.4709
2205,0.11957,0.101961,1.47121
2206,0.198794,0.211765,1.47138
2207,0.466835,0.458824,1.47144
2208,0.494496,0.501961,1.4715
2209,0.241726,0.247059,1.47153
2210,0.123665,0.113725,1.47163
2211,0.0834552,0.0784314,1.47165
2212,0.0999657,0.0941176,1.47168
2213,0.186196,0.176471,1.47178
2214,0.399234,0.411765,1.47194
2215,0.547424,0.541176,1.47198
2216,0.278336,0.294118,1.47222
2217,0.136718,0.129412,1.47228
2218,0.0894987,0.0823529,1.47233
2219,0.100051,0.0823529,1.47264
2220,0.134044,0.145098,1.47276
2221,0.351311,0.352941,1.47277
2222,0.572321,0.564706,1.47282
2223,0.339667,0.356863,1.47312
2224,0.157331,0.141176,1.47338
2225,0.0662593,0.0784314,1.47353
2226,0.089158,0.0784314,1.47364
2227,0.139063,0.12549,1.47383
2228,0.293464,0.294118,1.47383
2229,0.554901,0.560784,1.47386
2230,0.416046,0.431373,1.4741
2231,0.183435,0.176471,1.47415
2232,0.0996115,0.0901961,1.47424
2233,0.092507,0.0745098,1.47456
2234,0.107695,0.101961,1.47459
2235,0.225249,0.231373,1.47463
2236,0.515431,0.517647,1.47464
2237,0.495781,0.505882,1.47474
2238,0.215111,0.219608,1.47476
2239,0.109331,0.101961,1.47481
2240,0.0930397,0.0745098,1.47516
2241,0.100064,0.0862745,1.47535
2242,0.165515,0.176471,1.47547
2243,0.435109,0.443137,1.47553
2244,0.573556,0.572549,1.47553
2245,0.266508,0.282353,1.47578
2246,0.118974,0.113725,1.47581
2247,0.0694944,0.0705882,1.47581
2248,0.0864084,0.0745098,1.47595
2249,0.134083,0.133333,1.47595
2250,0.34174,0.345098,1.47596
2251,0.606018,0.603922,1.47597
2252,0.367561,0.376471,1.47605
2253,0.149807,0.141176,1.47612
2254,0.0729615,0.0745098,1.47612
2255,0.0778739,0.0666667,1.47625
2256,0.103215,0.101961,1.47625
2257,0.255163,0.254902,1.47625
2258,0.569367,0.572549,1.47626
2259,0.482689,0.486275,1.47628
2260,0.188883,0.188235,1.47628
2261,0.0940056,0.0823529,1.47641
2262,0.0591695,0.0627451,1.47642
2263,0.0928568,0.0784314,1.47663
2264,0.170741,0.180392,1.47673
2265,0.480112,0.47451,1.47676
2266,0.58758,0.592157,1.47678
2267,0.254237,0.266667,1.47693
2268,0.103164,0.101961,1.47693
2269,0.0589511,0.0627451,1.47695
2270,0.075427,0.0666667,1.47702
2271,0.12333,0.12549,1.47703
2272,0.346914,0.34902,1.47703
2273,0.640929,0.635294,1.47707
2274,0.375018,0.384314,1.47715
2275,0.140414,0.137255,1.47716
2276,0.0749158,0.0705882,1.47718
2277,0.0703533,0.0588235,1.47731
2278,0.0796217,0.0901961,1.47743
2279,0.241053,0.223529,1.47773
2280,0.54522,0.568627,1.47828
2281,0.545046,0.533333,1.47842
2282,0.192501,0.196078,1.47843
2283,0.0801125,0.0823529,1.47844
2284,0.0704742,0.054902,1.47868
2285,0.0575498,0.0666667,1.47876
2286,0.151788,0.141176,1.47887
2287,0.403699,0.419608,1.47913
2288,0.666947,0.647059,1.47952
2289,0.301016,0.313725,1.47968
2290,0.104778,0.109804,1.47971
2291,0.0561443,0.0588235,1.47972
2292,0.0523389,0.054902,1.47972
2293,0.0892743,0.0941176,1.47975
2294,0.273894,0.266667,1.4798
2295,0.627795,0.631373,1.47981
2296,0.489044,0.490196,1.47981
2297,0.169539,0.164706,1.47984
2298,0.0751005,0.0745098,1.47984
2299,0.0772478,0.0509804,1.48053
2300,0.0445373,0.0666667,1.48102
2301,0.170476,0.152941,1.48132
2302,0.443367,0.466667,1.48187
2303,0.667257,0.658824,1.48194
2304,0.268744,0.282353,1.48212
2305,0.085055,0.0941176,1.4822
2306,0.0400546,0.054902,1.48243
2307,0.0661397,0.0509804,1.48266
2308,0.0757822,0.0941176,1.48299
2309,0.294588,0.266667,1.48377
2310,0.626999,0.658824,1.48478
2311,0.505935,0.490196,1.48503
2312,0.160274,0.156863,1.48504
2313,0.0716346,0.0666667,1.48507
2314,0.0515236,0.0470588,1.48509
2315,0.0496194,0.0588235,1.48517
2316,0.14728,0.141176,1.48521
2317,0.440347,0.45098,1.48532
2318,0.69321,0.698039,1.48535
2319,0.297833,0.298039,1.48535
2320,0.0810314,0.0980392,1.48564
2321,0.0630745,0.0509804,1.48578
2322,0.0322523,0.0470588,1.486
2323,0.0764988,0.0784314,1.486
2324,0.241656,0.223529,1.48633
2325,0.599489,0.643137,1.48824
2326,0.574113,0.568627,1.48827
2327,0.170535,0.180392,1.48837
2328,0.0740688,0.0705882,1.48838
2329,0.0610996,0.0470588,1.48857
2330,0.0477419,0.0509804,1.48859
2331,0.107504,0.105882,1.48859
2332,0.344792,0.352941,1.48865
2333,0.725321,0.745098,1.48905
2334,0.414769,0.396078,1.48939
2335,0.113837,0.113725,1.48939
2336,0.0532502,0.0509804,1.4894
2337,0.0230462,0.0431373,1.4898
2338,0.0633897,0.054902,1.48988
2339,0.14732,0.145098,1.48988
2340,0.476252,0.501961,1.49054
2341,0.713143,0.737255,1.49112
2342,0.271122,0.270588,1.49112
2343,0.0582793,0.0823529,1.4917
2344,0.0562154,0.0470588,1.49179
2345,0.0477964,0.0392157,1.49186
2346,0.0443055,0.0627451,1.4922
2347,0.210877,0.188235,1.49271
2348,0.574633,0.631373,1.49593
2349,0.64121,0.662745,1.4964
2350,0.182252,0.2,1.49671
2351,0.059886,0.0666667,1.49676
2352,0.0549,0.0392157,1.497
2353,0.0267931,0.0352941,1.49708
2354,0.0564942,0.0627451,1.49711
2355,0.226794,0.215686,1.49724
2356,0.65247,0.713725,1.50099
2357,0.596249,0.619608,1.50154
2358,0.155668,0.164706,1.50162
2359,0.065947,0.054902,1.50174
2360,0.0306525,0.0352941,1.50176
2361,0.0317223,0.0313725,1.50176
2362,0.0514886,0.054902,1.50177
2363,0.208217,0.2,1.50184
2364,0.647662,0.729412,1.50852
2365,0.620354,0.662745,1.51032
2366,0.1516,0.164706,1.51049
2367,0.0613245,0.054902,1.51053
2368,0.0579,0.0313725,1.51124
2369,0.00483437,0.0313725,1.51194
2370,0.0678206,0.0352941,1.513
2371,0.107541,0.121569,1.5132
2372,0.484194,0.572549,1.521
2373,0.808096,0.878431,1.52595
2374,0.252594,0.235294,1.52625
2375,0.0411711,0.0588235,1.52656
2376,0.0820878,0.0313725,1.52913
2377,0.0170258,0.027451,1.52924
2378,0.0367368,0.027451,1.52933
2379,0.084547,0.0352941,1.53175
2380,0.128242,0.141176,1.53192
2381,0.557218,0.745098,1.56722
2382,0.702776,0.843137,1.58692
2383,0.138967,0.164706,1.58758
2384,0.0674242,0.0431373,1.58817
2385,0.111877,0.027451,1.5953
2386,0.0293777,0.0196078,1.5954
2387,0.0104512,0.0156863,1.59542
2388,0.0567522,0.0156863,1.59711
2389,0.0686129,0.0117647,1.60034
2390,0.0464612,0.0196078,1.60106
2391,0.109653,0.0627451,1.60326
2392,0.291851,0.0431373,1.66512
2393,0.0284855,0.027451,1.66512
2394,0.0646464,0.0392157,1.66577
2395,0.154301,0.0666667,1.67345
2396,0.221802,0.109804,1.68599
2397,0.298992,0.14902,1.70848
2398,0.278444,0.180392,1.7181
2399,0.253844,0.211765,1.71987
2400,0.25185,0.247059,1.71989
2401,0.258397,0.258824,1.71989
2402,0.226877,0.231373,1.71991
2403,0.18423,0.2,1.72016
2404,0.17757,0.180392,1.72017
2405,0.175985,0.196078,1.72057
2406,0.235341,0.223529,1.72071
2407,0.241681,0.254902,1.72089
2408,0.254673,0.258824,1.72091
2409,0.222344,0.231373,1.72099
2410,0.189948,0.203922,1.72118
2411,0.185883,0.184314,1.72118
2412,0.176349,0.2,1.72174
2413,0.237516,0.227451,1.72185
2414,0.242837,0.258824,1.7221
2415,0.255753,0.262745,1.72215
2416,0.224807,0.227451,1.72216
2417,0.17943,0.203922,1.72276
2418,0.196715,0.188235,1.72283
2419,0.182028,0.203922,1.72331
2420,0.236286,0.239216,1.72332
2421,0.259732,0.266667,1.72336
2422,0.247862,0.262745,1.72359
2423,0.221051,0.231373,1.72369
2424,0.192305,0.2,1.72375
2425,0.180373,0.188235,1.72381
2426,0.194042,0.203922,1.72391
2427,0.232736,0.247059,1.72412
2428,0.274595,0.27451,1.72412
2429,0.245833,0.266667,1.72455
2430,0.221317,0.227451,1.72459
2431,0.184924,0.196078,1.72471
2432,0.18242,0.188235,1.72475
2433,0.199713,0.211765,1.72489
2434,0.246476,0.254902,1.72496
2435,0.271009,0.278431,1.72502
2436,0.244576,0.262745,1.72535
2437,0.214749,0.219608,1.72537
2438,0.178898,0.188235,1.72546
2439,0.177213,0.184314,1.72551
2440,0.202849,0.215686,1.72567
2441,0.25892,0.262745,1.72569
2442,0.273608,0.290196,1.72596
2443,0.252745,0.266667,1.72616
2444,0.209996,0.215686,1.72619
2445,0.174059,0.188235,1.72639
2446,0.188793,0.192157,1.7264
2447,0.217476,0.223529,1.72644
2448,0.255256,0.270588,1.72667
2449,0.276716,0.286275,1.72676
2450,0.239425,0.262745,1.72731
2451,0.214902,0.211765,1.72732
2452,0.169539,0.184314,1.72754
2453,0.184509,0.188235,1.72755
2454,0.215145,0.231373,1.72781
2455,0.278106,0.278431,1.72781
2456,0.269831,0.290196,1.72823
2457,0.240089,0.258824,1.72858
2458,0.209007,0.207843,1.72858
2459,0.170711,0.184314,1.72877
2460,0.189873,0.192157,1.72877
2461,0.22092,0.235294,1.72898
2462,0.276325,0.282353,1.72901
2463,0.27154,0.301961,1.72994
2464,0.253529,0.254902,1.72994
2465,0.190084,0.203922,1.73013
2466,0.178078,0.180392,1.73014
2467,0.186185,0.196078,1.73024
2468,0.236457,0.243137,1.73028
2469,0.27871,0.294118,1.73052
2470,0.278028,0.301961,1.73109
2471,0.242246,0.247059,1.73111
2472,0.185747,0.2,1.73132
2473,0.183595,0.176471,1.73137
2474,0.178742,0.196078,1.73167
2475,0.243961,0.25098,1.73172
2476,0.290655,0.305882,1.73195
2477,0.28055,0.305882,1.73259
2478,0.23797,0.247059,1.73267
2479,0.189592,0.192157,1.73268
2480,0.169589,0.172549,1.73269
2481,0.187317,0.196078,1.73277
2482,0.247684,0.258824,1.73289
2483,0.302432,0.309804,1.73294
2484,0.272634,0.298039,1.73359
2485,0.228706,0.239216,1.7337
2486,0.188917,0.184314,1.73372
2487,0.159336,0.172549,1.7339
2488,0.199858,0.203922,1.73391
2489,0.259251,0.266667,1.73397
2490,0.29787,0.321569,1.73453
2491,0.282082,0.298039,1.73478
2492,0.219423,0.235294,1.73504
2493,0.190913,0.180392,1.73515
2494,0.157862,0.168627,1.73526
2495,0.196172,0.207843,1.7354
2496,0.276086,0.270588,1.73543
2497,0.292294,0.329412,1.73681
2498,0.290274,0.301961,1.73694
2499,0.218235,0.223529,1.73697
2500,0.169847,0.176471,1.73702
2501,0.174586,0.168627,1.73705
2502,0.195979,0.211765,1.7373
2503,0.281964,0.286275,1.73732
2504,0.310009,0.341176,1.73829
2505,0.282146,0.298039,1.73854
2506,0.212035,0.219608,1.7386
2507,0.176692,0.168627,1.73866
2508,0.15997,0.164706,1.73869
2509,0.203192,0.215686,1.73884
2510,0.295636,0.298039,1.73885
2511,0.316974,0.345098,1.73964
2512,0.273427,0.294118,1.74007
2513,0.211229,0.211765,1.74007
2514,0.169661,0.164706,1.74009
2515,0.163118,0.164706,1.7401
2516,0.2071,0.215686,1.74017
2517,0.293106,0.305882,1.74033
2518,0.330118,0.352941,1.74085
2519,0.27082,0.286275,1.74109
2520,0.198558,0.2,1.74109
2521,0.161478,0.156863,1.74112
2522,0.161867,0.160784,1.74112
2523,0.20844,0.219608,1.74124
2524,0.308298,0.313725,1.74127
2525,0.330981,0.360784,1.74216
2526,0.273175,0.286275,1.74233
2527,0.196355,0.196078,1.74233
2528,0.159073,0.152941,1.74237
2529,0.160327,0.160784,1.74237
2530,0.216361,0.227451,1.74249
2531,0.322021,0.329412,1.74255
2532,0.335933,0.364706,1.74337
2533,0.263747,0.278431,1.74359
2534,0.192513,0.184314,1.74366
2535,0.147041,0.14902,1.74366
2536,0.171332,0.160784,1.74377
2537,0.217666,0.227451,1.74387
2538,0.320841,0.337255,1.74414
2539,0.348287,0.368627,1.74455
2540,0.257635,0.270588,1.74472
2541,0.183172,0.180392,1.74473
2542,0.152582,0.145098,1.74478
2543,0.163121,0.156863,1.74482
2544,0.215657,0.231373,1.74507
2545,0.339008,0.34902,1.74517
2546,0.3518,0.372549,1.7456
2547,0.252228,0.266667,1.74581
2548,0.181598,0.172549,1.74589
2549,0.14264,0.137255,1.74592
2550,0.156554,0.152941,1.74593
2551,0.222552,0.235294,1.74609
2552,0.35445,0.356863,1.7461
2553,0.351697,0.376471,1.74671
2554,0.251824,0.262745,1.74683
2555,0.177386,0.164706,1.74699
2556,0.131563,0.133333,1.747
2557,0.162404,0.14902,1.74718
2558,0.217085,0.235294,1.74751
2559,0.365835,0.368627,1.74752
2560,0.363853,0.388235,1.74811
2561,0.25102,0.258824,1.74817
2562,0.169344,0.160784,1.74824
2563,0.13651,0.129412,1.74829
2564,0.157616,0.14902,1.74837
2565,0.2264,0.239216,1.74853
2566,0.371763,0.376471,1.74856
2567,0.365752,0.392157,1.74925
2568,0.249842,0.258824,1.74933
2569,0.170941,0.156863,1.74953
2570,0.128992,0.121569,1.74959
2571,0.14288,0.145098,1.74959
2572,0.238082,0.239216,1.74959
2573,0.379036,0.384314,1.74962
2574,0.373979,0.4,1.7503
2575,0.250017,0.254902,1.75032
2576,0.163688,0.14902,1.75054
2577,0.118611,0.121569,1.75055
2578,0.162769,0.145098,1.75086
2579,0.230754,0.239216,1.75093
2580,0.381388,0.392157,1.75104
2581,0.383417,0.407843,1.75164
2582,0.248461,0.254902,1.75168
2583,0.1625,0.145098,1.75199
2584,0.112807,0.117647,1.75201
2585,0.161272,0.141176,1.75241
2586,0.228871,0.235294,1.75245
2587,0.384493,0.4,1.75269
2588,0.399048,0.419608,1.75312
2589,0.247982,0.254902,1.75317
2590,0.158357,0.145098,1.75334
2591,0.121521,0.113725,1.7534
2592,0.147303,0.141176,1.75344
2593,0.242548,0.231373,1.75356
2594,0.373075,0.403922,1.75452
2595,0.414477,0.431373,1.7548
2596,0.249859,0.262745,1.75497
2597,0.163132,0.145098,1.75529
2598,0.117001,0.109804,1.75534
2599,0.139979,0.12549,1.75555
2600,0.206475,0.223529,1.75585
2601,0.408778,0.4,1.75592
2602,0.414579,0.447059,1.75698
2603,0.26418,0.270588,1.75702
2604,0.160926,0.145098,1.75727
2605,0.114804,0.105882,1.75735
2606,0.132011,0.12549,1.75739
2607,0.219556,0.211765,1.75745
2608,0.378127,0.4,1.75793
2609,0.447348,0.462745,1.75817
2610,0.264089,0.278431,1.75837
2611,0.160254,0.145098,1.7586
2612,0.113217,0.105882,1.75866
2613,0.138617,0.113725,1.75928
2614,0.179303,0.2,1.7597
2615,0.394213,0.388235,1.75974
2616,0.454603,0.478431,1.76031
2617,0.281369,0.298039,1.76059
2618,0.166698,0.14902,1.7609
2619,0.107217,0.101961,1.76093
2620,0.1275,0.109804,1.76124
2621,0.181788,0.184314,1.76125
2622,0.363827,0.372549,1.76132
2623,0.480196,0.494118,1.76152
2624,0.296485,0.309804,1.76169
2625,0.163518,0.152941,1.7618
2626,0.112245,0.0980392,1.76201
2627,0.108792,0.105882,1.76201
2628,0.185257,0.168627,1.76229
2629,0.33162,0.352941,1.76275
2630,0.502423,0.509804,1.7628
2631,0.318323,0.345098,1.76352
2632,0.176283,0.160784,1.76376
2633,0.104027,0.0980392,1.76379
2634,0.11282,0.0980392,1.76401
2635,0.161853,0.152941,1.76409
2636,0.313426,0.317647,1.76411
2637,0.497688,0.517647,1.76451
2638,0.36515,0.372549,1.76456
2639,0.180469,0.172549,1.76463
2640,0.110147,0.101961,1.76469
2641,0.115705,0.0941176,1.76516
2642,0.142868,0.133333,1.76525
2643,0.267973,0.290196,1.76574
2644,0.518684,0.513725,1.76577
2645,0.388915,0.415686,1.76648
2646,0.198937,0.196078,1.76649
2647,0.126186,0.105882,1.7669
2648,0.102488,0.0823529,1.76731
2649,0.10294,0.117647,1.76753
2650,0.259745,0.25098,1.7676
2651,0.492329,0.498039,1.76764
2652,0.44701,0.458824,1.76778
2653,0.214288,0.215686,1.76778
2654,0.121754,0.105882,1.76803
2655,0.0869983,0.0784314,1.7681
2656,0.102483,0.105882,1.76811
2657,0.228628,0.215686,1.76828
2658,0.456872,0.462745,1.76832
2659,0.493688,0.505882,1.76846
2660,0.242949,0.25098,1.76853
2661,0.128332,0.113725,1.76874
2662,0.0793913,0.0823529,1.76875
2663,0.120666,0.0941176,1.76946
2664,0.169923,0.180392,1.76957
2665,0.413418,0.411765,1.76957
2666,0.533265,0.54902,1.76982
2667,0.288919,0.298039,1.7699
2668,0.13723,0.12549,1.77004
2669,0.0752186,0.0784314,1.77005
2670,0.0977326,0.0823529,1.77028
2671,0.144671,0.145098,1.77028
2672,0.348841,0.352941,1.7703
2673,0.574583,0.572549,1.77031
2674,0.345423,0.356863,1.77044
2675,0.154213,0.14902,1.77046
2676,0.0967926,0.0823529,1.77067
2677,0.0814886,0.0784314,1.77068
2678,0.131866,0.121569,1.77079
2679,0.281532,0.290196,1.77086
2680,0.561221,0.560784,1.77086
2681,0.418444,0.435294,1.77115
2682,0.184664,0.180392,1.77116
2683,0.105507,0.0862745,1.77153
2684,0.0663721,0.0745098,1.7716
2685,0.1267,0.0980392,1.77242
2686,0.205787,0.223529,1.77274
2687,0.515035,0.517647,1.77274
2688,0.511843,0.513725,1.77275
2689,0.213717,0.223529,1.77284
2690,0.109506,0.101961,1.7729
2691,0.0895348,0.0705882,1.77326
2692,0.0851017,0.0862745,1.77326
2693,0.180334,0.168627,1.7734
2694,0.408665,0.435294,1.77411
2695,0.593808,0.584314,1.7742
2696,0.271885,0.290196,1.77453
2697,0.118101,0.117647,1.77453
2698,0.0811006,0.0745098,1.77458
2699,0.0963362,0.0745098,1.77505
2700,0.121374,0.129412,1.77512
2701,0.33055,0.341176,1.77523
2702,0.614032,0.607843,1.77527
2703,0.370853,0.388235,1.77557
2704,0.152416,0.145098,1.77562
2705,0.0786781,0.0784314,1.77562
2706,0.0926215,0.0666667,1.7763
2707,0.0907877,0.0980392,1.77635
2708,0.242712,0.243137,1.77635
2709,0.559153,0.564706,1.77638
2710,0.499576,0.505882,1.77642
2711,0.195249,0.2,1.77644
2712,0.10039,0.0901961,1.77655
2713,0.0815138,0.0627451,1.7769
2714,0.0717857,0.0784314,1.77694
2715,0.17535,0.172549,1.77695
2716,0.453593,0.458824,1.77698
2717,0.599169,0.611765,1.77714
2718,0.272329,0.278431,1.77718
2719,0.1026,0.109804,1.77723
2720,0.087783,0.0666667,1.77767
2721,0.0728358,0.0666667,1.77771
2722,0.113742,0.117647,1.77773
2723,0.31958,0.32549,1.77776
2724,0.635875,0.635294,1.77776
2725,0.403745,0.411765,1.77783
2726,0.150277,0.141176,1.77791
2727,0.0642138,0.0705882,1.77795
2728,0.0764268,0.0588235,1.77826
2729,0.0809276,0.0862745,1.77829
2730,0.223282,0.211765,1.77842
2731,0.533624,0.54902,1.77866
2732,0.558941,0.564706,1.77869
2733,0.209068,0.215686,1.77873
2734,0.0871807,0.0901961,1.77874
2735,0.0859123,0.0588235,1.77948
2736,0.0609389,0.0666667,1.77951
2737,0.138128,0.133333,1.77953
2738,0.376899,0.392157,1.77977
2739,0.665693,0.662745,1.77977
2740,0.337881,0.345098,1.77983
2741,0.114371,0.117647,1.77984
2742,0.0617032,0.0627451,1.77984
2743,0.0639044,0.054902,1.77992
2744,0.0776236,0.0862745,1.77999
2745,0.242755,0.243137,1.77999
2746,0.61093,0.607843,1.78
2747,0.51744,0.529412,1.78015
2748,0.184042,0.188235,1.78017
2749,0.0897242,0.0745098,1.7804
2750,0.0423542,0.054902,1.78055
2751,0.0828513,0.0627451,1.78096
2752,0.128939,0.137255,1.78103
2753,0.411579,0.423529,1.78117
2754,0.683297,0.686275,1.78118
2755,0.317455,0.321569,1.7812
2756,0.0952443,0.105882,1.78131
2757,0.0576953,0.0588235,1.78131
2758,0.0650986,0.054902,1.78141
2759,0.0844006,0.0823529,1.78142
2760,0.227952,0.239216,1.78155
2761,0.622253,0.631373,1.78163
2762,0.53339,0.545098,1.78177
2763,0.177025,0.176471,1.78177
2764,0.0738365,0.0705882,1.78178
2765,0.0591109,0.0470588,1.78192
2766,0.045988,0.0588235,1.78209
2767,0.144039,0.121569,1.78259
2768,0.368317,0.388235,1.78299
2769,0.70849,0.717647,1.78307
2770,0.364383,0.352941,1.7832
2771,0.103195,0.109804,1.78325
2772,0.05873,0.0509804,1.78331
2773,0.0185105,0.0470588,1.78412
2774,0.0822002,0.0666667,1.78436
2775,0.18517,0.184314,1.78436
2776,0.548585,0.580392,1.78538
2777,0.636199,0.635294,1.78538
2778,0.196892,0.215686,1.78573
2779,0.0657241,0.0745098,1.78581
2780,0.0487038,0.0431373,1.78584
2781,0.0317163,0.0470588,1.78607
2782,0.0999107,0.0862745,1.78626
2783,0.277359,0.286275,1.78634
2784,0.705476,0.72549,1.78674
2785,0.490057,0.482353,1.7868
2786,0.14249,0.137255,1.78683
2787,0.0659081,0.054902,1.78695
2788,0.0225729,0.0392157,1.78722
2789,0.0417173,0.0470588,1.78725
2790,0.121677,0.109804,1.78739
2791,0.377693,0.4,1.78789
2792,0.766792,0.776471,1.78798
2793,0.369622,0.34902,1.78841
2794,0.0871432,0.0941176,1.78846
2795,0.0306185,0.0470588,1.78873
2796,0.0395698,0.0392157,1.78873
2797,0.0461014,0.0470588,1.78873
2798,0.132525,0.137255,1.78875
2799,0.485413,0.505882,1.78917
2800,0.738528,0.772549,1.79033
2801,0.279742,0.266667,1.7905
2802,0.0522367,0.0784314,1.79119
2803,0.067074,0.0392157,1.79196
2804,0.00798153,0.0352941,1.79271
2805,0.0557432,0.0470588,1.79278
2806,0.148233,0.141176,1.79283
2807,0.498626,0.556863,1.79622
2808,0.746949,0.776471,1.7971
2809,0.235119,0.239216,1.79711
2810,0.0426514,0.0705882,1.79789
2811,0.0770595,0.0392157,1.79933
2812,0.0249613,0.0352941,1.79943
2813,0.0522223,0.0392157,1.7996
2814,0.113724,0.117647,1.79962
2815,0.449321,0.509804,1.80327
2816,0.808869,0.866667,1.80662
2817,0.303485,0.27451,1.80745
2818,0.0438181,0.0705882,1.80817
2819,0.0762859,0.0352941,1.80985
2820,0.00863015,0.0313725,1.81037
2821,0.045974,0.0313725,1.81058
2822,0.0872438,0.054902,1.81163
2823,0.210562,0.270588,1.81523
2824,0.827771,0.933333,1.82637
2825,0.509782,0.533333,1.82693
2826,0.121707,0.101961,1.82732
2827,0.0530728,0.0392157,1.82751
2828,0.0099973,0.027451,1.82782
2829,0.0170741,0.0235294,1.82786
2830,0.0511944,0.0196078,1.82886
2831,0.0604247,0.0313725,1.8297
2832,0.140575,0.145098,1.82972
2833,0.587854,0.819608,1.88343
2834,0.639759,0.784314,1.90433
2835,0.102781,0.152941,1.90684
2836,0.0605371,0.0431373,1.90714
2837,0.0823947,0.0313725,1.90975
2838,0.0490572,0.0196078,1.91061
2839,-0.00256761,0.0235294,1.9113
2840,0.103076,0.0431373,1.91489
2841,0.176526,0.203922,1.91564
2842,0.722884,0.709804,1.91581
2843,0.604211,0.584314,1.91621
2844,0.14859,0.164706,1.91647
2845,0.0640119,0.0627451,1.91647
2846,0.0533072,0.0431373,1.91657
2847,0.0459872,0.0588235,1.91674
2848,0.155341,0.137255,1.91706
2849,0.424828,0.435294,1.91717
2850,0.697151,0.682353,1.91739
2851,0.300776,0.298039,1.9174
2852,0.0880306,0.0980392,1.9175
2853,0.0487019,0.0509804,1.9175
2854,0.0352467,0.0509804,1.91775
2855,0.0942769,0.0941176,1.91775
2856,0.288649,0.266667,1.91823
2857,0.62868,0.643137,1.91844
2858,0.497919,0.486275,1.91858
2859,0.164281,0.160784,1.91859
2860,0.0736093,0.0666667,1.91864
2861,0.040968,0.0509804,1.91874
2862,0.073258,0.0666667,1.91878
2863,0.163249,0.152941,1.91889
2864,0.446591,0.470588,1.91947
2865,0.67111,0.654902,1.91973
2866,0.261486,0.278431,1.92002
2867,0.0840162,0.0941176,1.92012
2868,0.0436889,0.0509804,1.92017
2869,0.0418676,0.0509804,1.92025
2870,0.0927946,0.0862745,1.9203
2871,0.25873,0.270588,1.92044
2872,0.673574,0.662745,1.92055
2873,0.488634,0.486275,1.92056
2874,0.15967,0.152941,1.9206
2875,0.0654584,0.0627451,1.92061
2876,0.0383643,0.0470588,1.92069
2877,0.0623471,0.054902,1.92074
2878,0.126961,0.141176,1.92095
2879,0.461047,0.45098,1.92105
2880,0.690574,0.698039,1.9211
2881,0.300295,0.290196,1.9212
2882,0.0801997,0.0941176,1.9214
2883,0.0542192,0.0470588,1.92145
2884,0.0194373,0.0392157,1.92184
2885,0.0532675,0.0745098,1.92229
2886,0.258049,0.223529,1.92348
2887,0.614184,0.643137,1.92432
2888,0.573856,0.564706,1.92441
2889,0.170328,0.176471,1.92444
2890,0.0679342,0.0666667,1.92444
2891,0.0470643,0.0431373,1.92446
2892,0.0396831,0.0470588,1.92451
2893,0.103133,0.101961,1.92452
2894,0.34533,0.352941,1.92457
2895,0.742361,0.74902,1.92462
2896,0.412323,0.396078,1.92488
2897,0.112379,0.113725,1.92488
2898,0.0558844,0.0470588,1.92496
2899,-0.00201491,0.0431373,1.927
2900,0.0805891,0.054902,1.92766
2901,0.142923,0.137255,1.92769
2902,0.45013,0.494118,1.92963
2903,0.736955,0.741176,1.92965
2904,0.26797,0.27451,1.92969
2905,0.0579628,0.0784314,1.93011
2906,0.0278488,0.0431373,1.93034
2907,0.0425193,0.0352941,1.93039
2908,0.0366481,0.0627451,1.93107
2909,0.225936,0.180392,1.93315
2910,0.549684,0.619608,1.93804
2911,0.660549,0.682353,1.93851
2912,0.187904,0.207843,1.93891
2913,0.0566749,0.0666667,1.93901
2914,0.0510469,0.0392157,1.93915
2915,0.0306399,0.0352941,1.93917
2916,0.0542673,0.0588235,1.93919
2917,0.208643,0.2,1.93927
2918,0.628962,0.694118,1.94351
2919,0.621962,0.647059,1.94414
2920,0.159509,0.172549,1.94431
2921,0.0594436,0.054902,1.94433
2922,0.0320912,0.0352941,1.94434
2923,0.0353426,0.0352941,1.94434
2924,0.0676437,0.0509804,1.94462
2925,0.171902,0.176471,1.94464
2926,0.599858,0.686275,1.95211
2927,0.664685,0.713725,1.95451
2928,0.163087,0.176471,1.95469
2929,0.0505743,0.0509804,1.95469
2930,0.0450236,0.0313725,1.95488
2931,0.0265082,0.027451,1.95488
2932,0.0396029,0.0352941,1.9549
2933,0.126762,0.0980392,1.95573
2934,0.383941,0.470588,1.96323
2935,0.870862,0.937255,1.96764
2936,0.358063,0.301961,1.97079
2937,0.0521264,0.0705882,1.97113
2938,0.0828757,0.0352941,1.97339
2939,0.0126168,0.027451,1.97361
2940,0.0257984,0.0235294,1.97362
2941,0.0640727,0.0235294,1.97526
2942,0.0830008,0.0823529,1.97526
2943,0.371914,0.482353,1.98746
2944,0.939276,1,1.99115
2945,0.356763,0.290196,1.99558
2946,0.0454708,0.0588235,1.99576
2947,0.0561466,0.0313725,1.99637
2948,0.0327564,0.0235294,1.99645
2949,0.0134061,0.0196078,1.99649
2950,0.0610116,0.0196078,1.99821
2951,0.0761321,0.0156863,2.00186
2952,0.0538892,0.0196078,2.00304
2953,0.0948161,0.0627451,2.00407
2954,0.294472,0.0745098,2.05245
2955,0.163389,0.0431373,2.06691
2956,0.0199006,0.0509804,2.06787
2957,0.175486,0.0745098,2.07807
2958,0.207791,0.121569,2.08551
2959,0.311016,0.180392,2.10257
2960,0.325986,0.258824,2.10708
2961,0.33574,0.298039,2.1085
2962,0.253883,0.262745,2.10858
2963,0.191435,0.2,2.10865
2964,0.152677,0.168627,2.10891
2965,0.171982,0.176471,2.10893
2966,0.217523,0.219608,2.10893
2967,0.273423,0.27451,2.10893
2968,0.282045,0.286275,2.10895
2969,0.232711,0.25098,2.10928
2970,0.198737,0.196078,2.10929
2971,0.155461,0.172549,2.10958
2972,0.181268,0.184314,2.10959
2973,0.223594,0.231373,2.10965
2974,0.280433,0.290196,2.10975
2975,0.287326,0.298039,2.10986
2976,0.234151,0.239216,2.10989
2977,0.174627,0.192157,2.1102
2978,0.17671,0.164706,2.11034
2979,0.160749,0.188235,2.11109
2980,0.25208,0.243137,2.11117
2981,0.287324,0.294118,2.11122
2982,0.274154,0.294118,2.11162
2983,0.232733,0.239216,2.11166
2984,0.182023,0.184314,2.11167
2985,0.155582,0.164706,2.11175
2986,0.179712,0.192157,2.11191
2987,0.254519,0.247059,2.11196
2988,0.285558,0.305882,2.11237
2989,0.287711,0.294118,2.11241
2990,0.219356,0.231373,2.11256
2991,0.176594,0.176471,2.11256
2992,0.151766,0.164706,2.11273
2993,0.192922,0.192157,2.11273
2994,0.248191,0.258824,2.11284
2995,0.308814,0.313725,2.11286
2996,0.276514,0.294118,2.11317
2997,0.218645,0.223529,2.1132
2998,0.168039,0.172549,2.11322
2999,0.157436,0.160784,2.11323
