t,predict_test,teacher
501,0.13431,0.12549,7.77803e-05
502,0.177764,0.196078,0.000413216
503,0.289859,0.337255,0.00265958
504,0.409405,0.403922,0.00268965
505,0.365732,0.286275,0.00900316
506,0.182011,0.164706,0.00930261
507,0.103779,0.113725,0.00940155
508,0.128709,0.117647,0.00952393
509,0.173611,0.192157,0.00986789
510,0.291845,0.341176,0.0123015
511,0.419018,0.411765,0.0123541
512,0.369332,0.286275,0.0192527
513,0.182814,0.160784,0.019738
514,0.103366,0.109804,0.0197794
515,0.126614,0.117647,0.0198598
516,0.169127,0.192157,0.0203902
517,0.295336,0.345098,0.0228665
518,0.425525,0.427451,0.0228702
519,0.37393,0.290196,0.0298816
520,0.178087,0.156863,0.0303321
521,0.093868,0.109804,0.030586
522,0.120617,0.113725,0.0306335
523,0.166754,0.180392,0.0308195
524,0.292754,0.345098,0.0335594
525,0.433174,0.443137,0.0336587
526,0.386218,0.298039,0.0414342
527,0.176464,0.160784,0.04168
528,0.0869245,0.109804,0.0422035
529,0.121594,0.113725,0.0422654
530,0.156235,0.180392,0.042849
531,0.282957,0.345098,0.0467105
532,0.43606,0.45098,0.0469331
533,0.395085,0.309804,0.0542059
534,0.173049,0.164706,0.0542755
535,0.0841807,0.105882,0.0547465
536,0.115327,0.109804,0.054777
537,0.149589,0.172549,0.0553042
538,0.279533,0.341176,0.0591041
539,0.439419,0.466667,0.0598466
540,0.404484,0.32549,0.0660866
541,0.180047,0.164706,0.066322
542,0.0790002,0.105882,0.0670446
543,0.108026,0.105882,0.0670492
544,0.142649,0.164706,0.0675357
545,0.269441,0.333333,0.0716179
546,0.440862,0.482353,0.0733394
547,0.422186,0.34902,0.0786928
548,0.187916,0.176471,0.0788238
549,0.0703553,0.109804,0.0803799
550,0.0991063,0.101961,0.0803881
551,0.130544,0.152941,0.0808897
552,0.250982,0.313725,0.0848265
553,0.437791,0.490196,0.0875728
554,0.439143,0.368627,0.0925452
555,0.206794,0.184314,0.0930506
556,0.070774,0.109804,0.0945739
557,0.099858,0.101961,0.0945783
558,0.12307,0.145098,0.0950636
559,0.236336,0.294118,0.0984022
560,0.428242,0.494118,0.102742
561,0.457446,0.396078,0.106508
562,0.2244,0.196078,0.10731
563,0.0692044,0.109804,0.108958
564,0.0927766,0.0980392,0.108986
565,0.118077,0.137255,0.109354
566,0.218575,0.27451,0.112482
567,0.416581,0.490196,0.117902
568,0.474164,0.431373,0.119733
569,0.249521,0.211765,0.121158
570,0.0700476,0.113725,0.123066
571,0.0821691,0.0980392,0.123318
572,0.111105,0.12549,0.123525
573,0.199435,0.243137,0.125435
574,0.397904,0.478431,0.131919
575,0.490347,0.470588,0.13231
576,0.285625,0.239216,0.134464
577,0.0767548,0.12549,0.136839
578,0.0734151,0.0941176,0.137267
579,0.106534,0.113725,0.137319
580,0.169244,0.219608,0.139856
581,0.369179,0.45098,0.146547
582,0.499642,0.505882,0.146586
583,0.325945,0.262745,0.15058
584,0.0941659,0.12549,0.151561
585,0.0672171,0.0901961,0.152089
586,0.101501,0.101961,0.15209
587,0.150844,0.188235,0.153488
588,0.3452,0.407843,0.157412
589,0.507237,0.537255,0.158313
590,0.375368,0.305882,0.163141
591,0.118909,0.141176,0.163637
592,0.0559927,0.0901961,0.164807
593,0.0990744,0.0980392,0.164808
594,0.128297,0.160784,0.165863
595,0.30708,0.364706,0.169184
596,0.491252,0.556863,0.173489
597,0.424648,0.352941,0.178631
598,0.149279,0.14902,0.178631
599,0.0507865,0.0941176,0.180508
600,0.0934243,0.0862745,0.180559
601,0.11614,0.137255,0.181005
602,0.264845,0.305882,0.182689
603,0.480275,0.556863,0.188555
604,0.472633,0.407843,0.192753
605,0.195519,0.176471,0.193116
606,0.04889,0.0941176,0.195161
607,0.0921612,0.0784314,0.19535
608,0.100883,0.109804,0.195429
609,0.224925,0.247059,0.195919
610,0.44768,0.521569,0.201379
611,0.512745,0.486275,0.202079
612,0.252944,0.211765,0.203775
613,0.0690563,0.0980392,0.204615
614,0.0753101,0.0784314,0.204625
615,0.0933689,0.0941176,0.204625
616,0.178256,0.196078,0.204943
617,0.396731,0.466667,0.209834
618,0.531668,0.54902,0.210135
619,0.330262,0.262745,0.214694
620,0.0908761,0.117647,0.21541
621,0.0569903,0.0784314,0.21587
622,0.0933475,0.0823529,0.215991
623,0.13461,0.14902,0.216199
624,0.340417,0.384314,0.218125
625,0.529158,0.592157,0.222094
626,0.406392,0.337255,0.226874
627,0.132394,0.133333,0.226875
628,0.0495995,0.0784314,0.227706
629,0.0916888,0.0745098,0.228001
630,0.104374,0.121569,0.228297
631,0.276959,0.298039,0.228742
632,0.50006,0.592157,0.237223
633,0.480587,0.435294,0.239275
634,0.191643,0.168627,0.239804
635,0.0446245,0.0823529,0.241228
636,0.0761671,0.0705882,0.241259
637,0.0856937,0.0941176,0.24133
638,0.213889,0.219608,0.241363
639,0.446939,0.52549,0.247533
640,0.536174,0.537255,0.247534
641,0.274549,0.223529,0.250137
642,0.0682511,0.0941176,0.250806
643,0.0599312,0.0666667,0.250852
644,0.0833842,0.0823529,0.250853
645,0.156984,0.156863,0.250853
646,0.376853,0.419608,0.252681
647,0.547787,0.615686,0.257291
648,0.374575,0.317647,0.260532
649,0.113959,0.121569,0.26059
650,0.0386651,0.0705882,0.261609
651,0.0808763,0.0666667,0.261811
652,0.108348,0.113725,0.26184
653,0.29075,0.301961,0.261965
654,0.516224,0.619608,0.272654
655,0.477384,0.443137,0.273826
656,0.18651,0.160784,0.274488
657,0.0425997,0.0784314,0.275772
658,0.070145,0.0666667,0.275784
659,0.0802307,0.0901961,0.275883
660,0.20908,0.207843,0.275885
661,0.448849,0.529412,0.282375
662,0.544718,0.584314,0.283943
663,0.281803,0.239216,0.285757
664,0.0695901,0.0980392,0.286566
665,0.0432051,0.0705882,0.287316
666,0.0720725,0.0745098,0.287322
667,0.13833,0.141176,0.28733
668,0.35148,0.384314,0.288408
669,0.54981,0.662745,0.301162
670,0.404284,0.360784,0.303055
671,0.132636,0.129412,0.303065
672,0.0263877,0.0745098,0.305381
673,0.0743286,0.0666667,0.30544
674,0.08841,0.0980392,0.305532
675,0.253874,0.247059,0.305579
676,0.495909,0.607843,0.318108
677,0.521529,0.537255,0.318355
678,0.222518,0.2,0.318862
679,0.0493636,0.0862745,0.320225
680,0.0523101,0.0627451,0.320334
681,0.0661418,0.0745098,0.320404
682,0.16126,0.152941,0.320473
683,0.394497,0.435294,0.322137
684,0.566532,0.678431,0.334659
685,0.359452,0.321569,0.336094
686,0.118994,0.117647,0.336096
687,0.0234832,0.0705882,0.338314
688,0.0664758,0.0666667,0.338315
689,0.0958431,0.0980392,0.338319
690,0.273324,0.262745,0.338431
691,0.518341,0.643137,0.354005
692,0.507458,0.52549,0.354331
693,0.208143,0.180392,0.355101
694,0.0434203,0.0862745,0.356937
695,0.0504324,0.0588235,0.357008
696,0.0682498,0.0745098,0.357047
697,0.163794,0.145098,0.357396
698,0.40666,0.439216,0.358456
699,0.574937,0.705882,0.375603
700,0.352765,0.329412,0.376148
701,0.122343,0.109804,0.376305
702,0.0186975,0.0666667,0.378606
703,0.0615992,0.054902,0.378651
704,0.0917914,0.0862745,0.378682
705,0.261235,0.235294,0.379355
706,0.521348,0.639216,0.393247
707,0.531251,0.572549,0.394953
708,0.229082,0.192157,0.396316
709,0.0524794,0.0784314,0.39699
710,0.0378169,0.054902,0.397282
711,0.0624444,0.0627451,0.397282
712,0.143836,0.117647,0.397968
713,0.38172,0.372549,0.398052
714,0.590112,0.741176,0.420872
715,0.397055,0.388235,0.42095
716,0.155265,0.121569,0.422086
717,0.0114477,0.0627451,0.424717
718,0.0587084,0.0509804,0.424777
719,0.0758822,0.0705882,0.424805
720,0.215517,0.160784,0.4278
721,0.486628,0.537255,0.430364
722,0.578541,0.698039,0.444643
723,0.28748,0.25098,0.445976
724,0.0991114,0.0862745,0.44614
725,0.0154605,0.054902,0.447696
726,0.0662041,0.0509804,0.447928
727,0.102302,0.0784314,0.448498
728,0.290179,0.231373,0.451956
729,0.568683,0.690196,0.466721
730,0.503115,0.588235,0.473967
731,0.22594,0.172549,0.476817
732,0.0440933,0.0705882,0.477519
733,0.0285329,0.0470588,0.477862
734,0.0582569,0.0470588,0.477988
735,0.124129,0.0862745,0.479421
736,0.370495,0.301961,0.484118
737,0.618882,0.780392,0.510203
738,0.423916,0.482353,0.513618
739,0.198158,0.129412,0.518344
740,0.0123509,0.054902,0.520155
741,0.0378638,0.0431373,0.520182
742,0.0549841,0.0431373,0.520323
743,0.150003,0.0901961,0.5239
744,0.434665,0.337255,0.533388
745,0.636354,0.835294,0.572966
746,0.376258,0.439216,0.576929
747,0.191376,0.105882,0.584239
748,-0.0117747,0.0470588,0.5877
749,0.0384449,0.0392157,0.5877
750,0.0499276,0.0392157,0.587815
751,0.148147,0.0823529,0.592144
752,0.461405,0.301961,0.617567
753,0.654582,0.866667,0.662547
754,0.371954,0.490196,0.676528
755,0.208691,0.109804,0.686306
756,-0.01544,0.0470588,0.690212
757,0.0220039,0.0392157,0.690509
758,0.0382228,0.0313725,0.690556
759,0.108864,0.0509804,0.693906
760,0.428745,0.168627,0.761567
761,0.683811,0.729412,0.763647
762,0.423018,0.764706,0.880397
763,0.266737,0.172549,0.889269
764,0.0723458,0.054902,0.889573
765,-0.0499009,0.0352941,0.896831
766,0.0438405,0.0313725,0.896987
767,0.0165668,0.027451,0.897105
768,0.274845,0.0392157,0.952626
769,0.647196,0.145098,1.20473
770,0.619641,0.768627,1.22693
771,0.310958,0.85098,1.51855
772,0.336444,0.168627,1.54671
773,0.0526953,0.0470588,1.54674
774,-0.011698,0.0313725,1.5486
775,0.0306607,0.0313725,1.5486
776,0.000868714,0.0235294,1.54911
777,-0.0238894,0.0196078,1.551
778,0.207082,0.027451,1.58327
779,0.534041,0.0705882,1.79806
780,0.451823,0.211765,1.85569
781,0.345762,0.203922,1.87581
782,0.344074,0.156863,1.91085
783,0.279377,0.145098,1.92889
784,0.253332,0.160784,1.93745
785,0.280675,0.2,1.94396
786,0.189854,0.254902,1.94819
787,0.164499,0.290196,1.96399
788,0.389833,0.282353,1.97554
789,0.315801,0.235294,1.98202
790,0.206617,0.196078,1.98213
791,0.171015,0.184314,1.98231
792,0.137236,0.211765,1.98787
793,0.16253,0.258824,1.99714
794,0.246509,0.298039,1.99979
795,0.322987,0.282353,2.00144
796,0.271889,0.231373,2.00309
797,0.210974,0.192157,2.00344
798,0.18867,0.188235,2.00344
799,0.203857,0.219608,2.00369
800,0.222547,0.270588,2.006
801,0.262218,0.309804,2.00826
802,0.278602,0.282353,2.00828
803,0.214197,0.227451,2.00845
804,0.152346,0.192157,2.01004
805,0.139326,0.188235,2.01243
806,0.172794,0.223529,2.015
807,0.21056,0.278431,2.01961
808,0.266702,0.309804,2.02147
809,0.277948,0.282353,2.02149
810,0.213545,0.219608,2.02152
811,0.164452,0.188235,2.02209
812,0.159847,0.192157,2.02313
813,0.20181,0.227451,2.02379
814,0.246744,0.286275,2.02535
815,0.302401,0.313725,2.02548
816,0.29564,0.27451,2.02593
817,0.228678,0.219608,2.02601
818,0.170959,0.184314,2.02619
819,0.175416,0.188235,2.02635
820,0.209477,0.235294,2.02702
821,0.26089,0.294118,2.02812
822,0.31227,0.321569,2.02821
823,0.291908,0.266667,2.02885
824,0.219866,0.211765,2.02891
825,0.166665,0.176471,2.02901
826,0.173592,0.188235,2.02922
827,0.207631,0.235294,2.02999
828,0.272489,0.305882,2.0311
829,0.31924,0.317647,2.03111
830,0.294563,0.262745,2.03212
831,0.208531,0.2,2.03219
832,0.165521,0.172549,2.03224
833,0.171335,0.184314,2.03241
834,0.213567,0.243137,2.03328
835,0.282826,0.313725,2.03424
836,0.329648,0.32549,2.03425
837,0.289401,0.254902,2.03544
838,0.199938,0.192157,2.03551
839,0.157878,0.168627,2.03562
840,0.169826,0.188235,2.03596
841,0.216673,0.247059,2.03688
842,0.291208,0.32549,2.03806
843,0.336502,0.321569,2.03828
844,0.286175,0.25098,2.03952
845,0.187552,0.184314,2.03953
846,0.153398,0.164706,2.03966
847,0.170847,0.188235,2.03996
848,0.222797,0.258824,2.04126
849,0.300932,0.337255,2.04258
850,0.342857,0.321569,2.04303
851,0.276112,0.243137,2.04412
852,0.176207,0.176471,2.04412
853,0.148584,0.160784,2.04427
854,0.168113,0.188235,2.04467
855,0.228874,0.266667,2.0461
856,0.312251,0.341176,2.04694
857,0.350562,0.321569,2.04778
858,0.266173,0.235294,2.04873
859,0.17041,0.172549,2.04874
860,0.143182,0.156863,2.04892
861,0.171206,0.192157,2.04936
862,0.233386,0.278431,2.05139
863,0.32363,0.352941,2.05225
864,0.349218,0.321569,2.05301
865,0.257523,0.223529,2.05417
866,0.15855,0.164706,2.05421
867,0.139054,0.156863,2.05453
868,0.17116,0.196078,2.05515
869,0.240934,0.286275,2.0572
870,0.334802,0.360784,2.05788
871,0.353659,0.321569,2.05891
872,0.248472,0.223529,2.05953
873,0.146238,0.160784,2.05974
874,0.135068,0.14902,2.05994
875,0.171742,0.196078,2.06053
876,0.2454,0.294118,2.0629
877,0.344598,0.372549,2.06368
878,0.354297,0.321569,2.06475
879,0.243321,0.211765,2.06575
880,0.140779,0.156863,2.06601
881,0.132619,0.14902,2.06628
882,0.169266,0.2,2.06722
883,0.249562,0.301961,2.06997
884,0.353507,0.384314,2.07092
885,0.359275,0.321569,2.07234
886,0.233975,0.211765,2.07283
887,0.127613,0.152941,2.07347
888,0.1294,0.14902,2.07386
889,0.166963,0.203922,2.07522
890,0.253236,0.313725,2.07888
891,0.360353,0.392157,2.07989
892,0.359999,0.317647,2.08169
893,0.223363,0.203922,2.08207
894,0.12032,0.14902,2.08289
895,0.128385,0.145098,2.08317
896,0.167299,0.203922,2.08451
897,0.261681,0.321569,2.0881
898,0.372164,0.4,2.08887
899,0.363932,0.317647,2.09101
900,0.213465,0.196078,2.09132
901,0.115534,0.141176,2.09197
902,0.125705,0.145098,2.09235
903,0.168059,0.207843,2.09393
904,0.267172,0.329412,2.09781
905,0.381696,0.411765,2.09871
906,0.365316,0.313725,2.10137
907,0.20657,0.196078,2.10148
908,0.103775,0.137255,2.1026
909,0.12328,0.141176,2.10292
910,0.165592,0.2,2.10411
911,0.273143,0.337255,2.10822
912,0.389658,0.419608,2.10911
913,0.373558,0.313725,2.11269
914,0.197802,0.184314,2.11288
915,0.104776,0.133333,2.11369
916,0.122255,0.133333,2.11381
917,0.167119,0.2,2.1149
918,0.272991,0.341176,2.11955
919,0.405241,0.431373,2.12023
920,0.378778,0.317647,2.12397
921,0.19343,0.184314,2.12405
922,0.0957938,0.129412,2.12518
923,0.118552,0.129412,2.1253
924,0.158953,0.196078,2.12667
925,0.274052,0.345098,2.13172
926,0.412021,0.443137,2.13269
927,0.384806,0.317647,2.1372
928,0.189999,0.180392,2.13729
929,0.090784,0.12549,2.1385
930,0.116491,0.12549,2.13858
931,0.155146,0.192157,2.13995
932,0.274642,0.345098,2.14491
933,0.421897,0.45098,2.14576
934,0.392997,0.32549,2.15032
935,0.187111,0.180392,2.15036
936,0.0860296,0.121569,2.15162
937,0.113252,0.121569,2.15169
938,0.149909,0.184314,2.15288
939,0.273136,0.337255,2.15699
940,0.425079,0.458824,2.15813
941,0.401968,0.333333,2.16284
942,0.191448,0.176471,2.16306
943,0.0845465,0.117647,2.16416
944,0.111016,0.117647,2.1642
945,0.149436,0.168627,2.16457
946,0.267338,0.329412,2.16842
947,0.427618,0.466667,2.16995
948,0.418472,0.341176,2.17592
949,0.199402,0.176471,2.17645
950,0.0809285,0.113725,2.17752
951,0.112969,0.113725,2.17752
952,0.144774,0.160784,2.17778
953,0.256862,0.313725,2.18101
954,0.429886,0.478431,2.18337
955,0.433376,0.356863,2.18922
956,0.207412,0.184314,2.18976
957,0.076163,0.109804,2.19089
958,0.108767,0.105882,2.1909
959,0.137215,0.152941,2.19115
960,0.243819,0.301961,2.19453
961,0.426808,0.482353,2.19761
962,0.449625,0.380392,2.2024
963,0.221216,0.188235,2.20349
964,0.0754357,0.105882,2.20442
965,0.0993922,0.0941176,2.20445
966,0.128645,0.137255,2.20452
967,0.233048,0.282353,2.20695
968,0.423864,0.482353,2.21037
969,0.470781,0.403922,2.21484
970,0.244746,0.196078,2.21721
971,0.0770559,0.109804,2.21828
972,0.0913177,0.0941176,2.21829
973,0.121616,0.12549,2.21831
974,0.213286,0.258824,2.22038
975,0.412472,0.47451,2.22423
976,0.483858,0.435294,2.22659
977,0.268361,0.215686,2.22936
978,0.0773787,0.109804,2.23041
979,0.0866165,0.0862745,2.23041
980,0.115251,0.117647,2.23042
981,0.193748,0.231373,2.23184
982,0.394444,0.462745,2.2365
983,0.494625,0.466667,2.23728
984,0.304009,0.235294,2.242
985,0.0873178,0.113725,2.2427
986,0.0758376,0.0862745,2.24281
987,0.109639,0.105882,2.24282
988,0.174146,0.207843,2.24396
989,0.369866,0.435294,2.24824
990,0.50501,0.501961,2.24825
991,0.340361,0.266667,2.25368
992,0.0992523,0.12549,2.25437
993,0.064924,0.0862745,2.25483
994,0.104058,0.0980392,2.25486
995,0.150371,0.180392,2.25576
996,0.338006,0.396078,2.25913
997,0.502815,0.533333,2.26007
998,0.382259,0.301961,2.26651
999,0.124763,0.137255,2.26667
1000,0.0565704,0.0901961,2.2678
1001,0.103135,0.0941176,2.26788
1002,0.129432,0.152941,2.26843
1003,0.301313,0.352941,2.2711
1004,0.490102,0.552941,2.27505
1005,0.430946,0.356863,2.28054
1006,0.151581,0.156863,2.28057
1007,0.051423,0.0941176,2.28239
1008,0.0958909,0.0862745,2.28248
1009,0.110492,0.133333,2.283
1010,0.255196,0.298039,2.28484
1011,0.471035,0.54902,2.29092
1012,0.472819,0.419608,2.29375
1013,0.199563,0.180392,2.29412
1014,0.0543567,0.0901961,2.2954
1015,0.0866519,0.0823529,2.29542
1016,0.0981501,0.113725,2.29566
1017,0.218651,0.247059,2.29647
1018,0.437191,0.521569,2.30359
1019,0.511397,0.486275,2.30422
1020,0.260133,0.219608,2.30586
1021,0.0636806,0.105882,2.30764
1022,0.0679339,0.0745098,2.30769
1023,0.0922517,0.0941176,2.30769
1024,0.172256,0.2,2.30846
1025,0.39412,0.462745,2.31317
1026,0.529867,0.552941,2.3137
1027,0.328603,0.266667,2.31754
1028,0.0936309,0.117647,2.31812
1029,0.0550949,0.0784314,2.31866
1030,0.0881956,0.0862745,2.31866
1031,0.1339,0.152941,2.31903
1032,0.340097,0.384314,2.32098
1033,0.524867,0.592157,2.32551
1034,0.408485,0.345098,2.32953
1035,0.132222,0.137255,2.32955
1036,0.0442465,0.0784314,2.33072
1037,0.0871966,0.0745098,2.33088
1038,0.105309,0.121569,2.33115
1039,0.275475,0.301961,2.33185
1040,0.496269,0.588235,2.34031
1041,0.482807,0.435294,2.34256
1042,0.193539,0.168627,2.34318
1043,0.0458708,0.0862745,2.34482
1044,0.0757024,0.0705882,2.34484
1045,0.0877373,0.0941176,2.34488
1046,0.213315,0.223529,2.34499
1047,0.449006,0.52549,2.35084
1048,0.534388,0.533333,2.35084
1049,0.273277,0.227451,2.35294
1050,0.0679746,0.0980392,2.35384
1051,0.0625866,0.0705882,2.35391
1052,0.0817423,0.0784314,2.35392
1053,0.156303,0.160784,2.35394
1054,0.377215,0.419608,2.35574
1055,0.545733,0.607843,2.35959
1056,0.370047,0.309804,2.36322
1057,0.117786,0.117647,2.36322
1058,0.0443936,0.0705882,2.36391
1059,0.08532,0.0705882,2.36413
1060,0.111944,0.113725,2.36413
1061,0.298869,0.305882,2.36418
1062,0.516267,0.615686,2.37406
1063,0.473576,0.431373,2.37584
1064,0.1829,0.152941,2.37674
1065,0.0424735,0.0784314,2.37803
1066,0.0758171,0.0627451,2.3782
1067,0.0874959,0.0862745,2.37821
1068,0.215017,0.203922,2.37833
1069,0.455838,0.529412,2.38374
1070,0.544267,0.564706,2.38416
1071,0.279325,0.227451,2.38685
1072,0.0718424,0.0901961,2.38719
1073,0.0563334,0.0588235,2.38719
1074,0.0780683,0.0666667,2.38732
1075,0.14719,0.133333,2.38752
1076,0.364691,0.388235,2.38807
1077,0.556843,0.65098,2.39693
1078,0.403045,0.34902,2.39985
1079,0.135644,0.121569,2.40005
1080,0.0342089,0.0666667,2.4011
1081,0.073017,0.0588235,2.4013
1082,0.0933082,0.0901961,2.40131
1083,0.26117,0.247059,2.40151
1084,0.50531,0.603922,2.41124
1085,0.519488,0.509804,2.41133
1086,0.223977,0.180392,2.41323
1087,0.0528496,0.0745098,2.4137
1088,0.0605623,0.0509804,2.41379
1089,0.0755168,0.0666667,2.41387
1090,0.174401,0.145098,2.41473
1091,0.41293,0.443137,2.41564
1092,0.570633,0.662745,2.42413
1093,0.354253,0.298039,2.42729
1094,0.114691,0.109804,2.42731
1095,0.0294024,0.054902,2.42796
1096,0.0711547,0.054902,2.42822
1097,0.100988,0.0941176,2.42827
1098,0.287396,0.262745,2.42888
1099,0.530392,0.643137,2.44159
1100,0.500303,0.494118,2.44163
1101,0.204767,0.160784,2.44356
1102,0.0460545,0.0705882,2.44416
1103,0.0539449,0.0509804,2.44417
1104,0.0747925,0.0627451,2.44432
1105,0.18165,0.145098,2.44565
1106,0.420809,0.454902,2.44682
1107,0.581436,0.686275,2.45781
1108,0.340181,0.298039,2.45958
1109,0.114518,0.0980392,2.45986
1110,0.0207361,0.054902,2.46102
1111,0.0681875,0.0470588,2.46147
1112,0.0967886,0.0862745,2.46158
1113,0.279763,0.243137,2.46292
1114,0.536986,0.647059,2.47504
1115,0.514378,0.537255,2.47556
1116,0.217012,0.172549,2.47754
1117,0.047759,0.0705882,2.47806
1118,0.043198,0.0470588,2.47807
1119,0.0658393,0.0588235,2.47812
1120,0.159674,0.117647,2.47989
1121,0.397851,0.392157,2.47992
1122,0.589223,0.733333,2.50069
1123,0.378691,0.356863,2.50117
1124,0.145671,0.109804,2.50245
1125,0.0117546,0.054902,2.50431
1126,0.0610058,0.0509804,2.50441
1127,0.0809086,0.0666667,2.50462
1128,0.228006,0.180392,2.50688
1129,0.499272,0.572549,2.51225
1130,0.568594,0.67451,2.52347
1131,0.266206,0.227451,2.52497
1132,0.0815432,0.0784314,2.52498
1133,0.0123573,0.0509804,2.52648
1134,0.0628704,0.0509804,2.52662
1135,0.104285,0.0784314,2.52728
1136,0.314072,0.254902,2.53079
1137,0.581933,0.713725,2.54816
1138,0.481393,0.545098,2.55221
1139,0.209625,0.152941,2.55543
1140,0.031162,0.0627451,2.55642
1141,0.0361142,0.0431373,2.55647
1142,0.059458,0.0470588,2.55663
1143,0.139302,0.0941176,2.55867
1144,0.396601,0.333333,2.56267
1145,0.62164,0.796078,2.5931
1146,0.396082,0.435294,2.59464
1147,0.183802,0.113725,2.59955
1148,0.000267004,0.0509804,2.60212
1149,0.0434308,0.0352941,2.60219
1150,0.0575052,0.0470588,2.6023
1151,0.167324,0.101961,2.60657
1152,0.463367,0.384314,2.61282
1153,0.631562,0.835294,2.65432
1154,0.350873,0.380392,2.6552
1155,0.171528,0.0980392,2.6606
1156,-0.010548,0.0431373,2.66348
1157,0.0450271,0.0352941,2.66357
1158,0.0588489,0.0352941,2.66413
1159,0.154947,0.0901961,2.66832
1160,0.443503,0.360784,2.67516
1161,0.623238,0.878431,2.74029
1162,0.360837,0.407843,2.7425
1163,0.189177,0.0941176,2.75153
1164,-0.0175384,0.0392157,2.75475
1165,0.0397635,0.027451,2.75491
1166,0.0375535,0.0313725,2.75494
1167,0.103334,0.054902,2.75729
1168,0.393399,0.215686,2.78887
1169,0.64266,0.839216,2.82751
1170,0.415786,0.627451,2.87231
1171,0.2511,0.133333,2.88618
1172,0.00967997,0.0431373,2.8873
1173,-0.0141277,0.027451,2.88902
1174,0.0255644,0.0235294,2.88903
1175,0.0414388,0.0196078,2.88951
1176,0.353138,0.0470588,2.98319
1177,0.697294,0.239216,3.19302
1178,0.540621,0.988235,3.39338
1179,0.315786,0.576471,3.46134
1180,0.311399,0.0980392,3.50686
1181,-0.0710975,0.0313725,3.51736
1182,0.087963,0.027451,3.52102
1183,-0.00758776,0.0235294,3.52199
1184,0.0572331,0.0156863,3.52372
1185,0.0923854,0.0156863,3.5296
1186,0.268714,0.0156863,3.59362
1187,0.310677,0.054902,3.65904
1188,0.483433,0.141176,3.77618
1189,0.38562,0.0901961,3.86346
1190,0.3218,0.0823529,3.92079
1191,0.347409,0.0980392,3.98298
1192,0.316141,0.133333,4.0164
1193,0.326268,0.188235,4.03545
1194,0.211817,0.227451,4.0357
1195,0.276246,0.247059,4.03655
1196,0.39062,0.25098,4.05605
1197,0.285866,0.231373,4.05902
1198,0.220996,0.203922,4.05931
1199,0.179239,0.192157,4.05947
1200,0.144286,0.203922,4.06303
1201,0.17043,0.223529,4.06585
1202,0.247533,0.25098,4.06586
1203,0.28962,0.25098,4.06736
1204,0.269644,0.235294,4.06854
1205,0.244372,0.211765,4.0696
1206,0.223342,0.2,4.07014
1207,0.217583,0.211765,4.07018
1208,0.203067,0.235294,4.07122
1209,0.235489,0.262745,4.07196
1210,0.237981,0.254902,4.07225
1211,0.223992,0.235294,4.07237
1212,0.185881,0.207843,4.07286
1213,0.178085,0.2,4.07334
1214,0.176418,0.215686,4.07488
1215,0.188612,0.243137,4.07785
1216,0.228432,0.266667,4.07931
1217,0.236673,0.258824,4.0798
1218,0.222456,0.235294,4.07997
1219,0.190546,0.207843,4.08027
1220,0.189476,0.2,4.08038
1221,0.198151,0.219608,4.08084
1222,0.229566,0.247059,4.08114
1223,0.264727,0.270588,4.08118
1224,0.268355,0.262745,4.08121
1225,0.247262,0.227451,4.0816
1226,0.209535,0.207843,4.08161
1227,0.202424,0.2,4.08161
1228,0.212407,0.219608,4.08166
1229,0.24455,0.254902,4.08177
1230,0.271816,0.27451,4.08178
1231,0.277028,0.254902,4.08227
1232,0.243143,0.227451,4.08251
1233,0.205387,0.203922,4.08252
1234,0.203042,0.203922,4.08252
1235,0.212288,0.227451,4.08275
1236,0.247628,0.262745,4.08298
1237,0.276937,0.278431,4.08298
1238,0.271952,0.258824,4.08315
1239,0.231162,0.219608,4.08328
1240,0.200866,0.2,4.08328
1241,0.196381,0.2,4.0833
1242,0.216733,0.231373,4.08351
1243,0.254288,0.266667,4.08366
1244,0.283822,0.282353,4.08367
1245,0.272928,0.254902,4.08399
1246,0.230526,0.219608,4.08411
1247,0.196391,0.196078,4.08411
1248,0.195167,0.2,4.08413
1249,0.218206,0.235294,4.08443
1250,0.259609,0.278431,4.08478
1251,0.28814,0.286275,4.08478
1252,0.270689,0.254902,4.08503
1253,0.22347,0.219608,4.08505
1254,0.191147,0.196078,4.08507
1255,0.191395,0.203922,4.08523
1256,0.214809,0.243137,4.08603
1257,0.264395,0.282353,4.08635
1258,0.289982,0.290196,4.08635
1259,0.265618,0.25098,4.08657
1260,0.216799,0.207843,4.08665
1261,0.187982,0.188235,4.08665
1262,0.190334,0.203922,4.08683
1263,0.224468,0.247059,4.08734
1264,0.274692,0.286275,4.08748
1265,0.296413,0.286275,4.08758
1266,0.267538,0.243137,4.08818
1267,0.213057,0.203922,4.08826
1268,0.182429,0.188235,4.08829
1269,0.192901,0.207843,4.08852
1270,0.230971,0.25098,4.08892
1271,0.282368,0.298039,4.08916
1272,0.296653,0.286275,4.08927
1273,0.261782,0.243137,4.08962
1274,0.199394,0.196078,4.08963
1275,0.180372,0.188235,4.08969
1276,0.191099,0.211765,4.09012
1277,0.237034,0.258824,4.09059
1278,0.284696,0.301961,4.09089
1279,0.301927,0.286275,4.09114
1280,0.25457,0.231373,4.09167
1281,0.195481,0.188235,4.09173
1282,0.175031,0.180392,4.09176
1283,0.197567,0.211765,4.09196
1284,0.245374,0.266667,4.09241
1285,0.296648,0.305882,4.0925
1286,0.307595,0.286275,4.09295
1287,0.250649,0.227451,4.09349
1288,0.187403,0.184314,4.0935
1289,0.170635,0.180392,4.09359
1290,0.195836,0.211765,4.09385
1291,0.249858,0.27451,4.09445
1292,0.302002,0.313725,4.09459
1293,0.308028,0.282353,4.09525
1294,0.243059,0.219608,4.0958
1295,0.180242,0.180392,4.0958
1296,0.168997,0.184314,4.09604
1297,0.198852,0.219608,4.09647
1298,0.253458,0.286275,4.09754
1299,0.309616,0.321569,4.09769
1300,0.306693,0.278431,4.09848
1301,0.230734,0.215686,4.09871
1302,0.168317,0.172549,4.09873
1303,0.16707,0.180392,4.09891
1304,0.2007,0.223529,4.09943
1305,0.262973,0.294118,4.1004
1306,0.319352,0.321569,4.1004
1307,0.307426,0.27451,4.10149
1308,0.22147,0.203922,4.10179
1309,0.166608,0.172549,4.10183
1310,0.16354,0.176471,4.102
1311,0.206975,0.227451,4.10242
1312,0.269823,0.301961,4.10345
1313,0.329461,0.32549,4.10346
1314,0.303091,0.262745,4.10509
1315,0.214053,0.2,4.10529
1316,0.159106,0.160784,4.10529
1317,0.16937,0.180392,4.10541
1318,0.206846,0.235294,4.10622
1319,0.283358,0.313725,4.10715
1320,0.335512,0.329412,4.10718
1321,0.299651,0.262745,4.10854
1322,0.200492,0.188235,4.1087
1323,0.153791,0.156863,4.1087
1324,0.161341,0.176471,4.10893
1325,0.214471,0.239216,4.10955
1326,0.292348,0.321569,4.1104
1327,0.344918,0.333333,4.11053
1328,0.298316,0.254902,4.11242
1329,0.194776,0.184314,4.11253
1330,0.146039,0.156863,4.11265
1331,0.162419,0.176471,4.11284
1332,0.216054,0.247059,4.1138
1333,0.298239,0.333333,4.11504
1334,0.350296,0.333333,4.11532
1335,0.29189,0.243137,4.1177
1336,0.180914,0.172549,4.11777
1337,0.142914,0.152941,4.11787
1338,0.16538,0.176471,4.11799
1339,0.221438,0.254902,4.11911
1340,0.310658,0.345098,4.1203
1341,0.360858,0.333333,4.12106
1342,0.283872,0.239216,4.12305
1343,0.167269,0.164706,4.12306
1344,0.137495,0.14902,4.12319
1345,0.164688,0.176471,4.12333
1346,0.225347,0.262745,4.12473
1347,0.322259,0.352941,4.12567
1348,0.366937,0.337255,4.12655
1349,0.276006,0.235294,4.12821
1350,0.15903,0.164706,4.12824
1351,0.132004,0.145098,4.12841
1352,0.162473,0.176471,4.12861
1353,0.226349,0.266667,4.13023
1354,0.329541,0.368627,4.13176
1355,0.369863,0.341176,4.13258
1356,0.270596,0.227451,4.13445
1357,0.150325,0.156863,4.13449
1358,0.12916,0.141176,4.13463
1359,0.16089,0.180392,4.13501
1360,0.22708,0.278431,4.13765
1361,0.339244,0.376471,4.13904
1362,0.37759,0.337255,4.14066
1363,0.263999,0.223529,4.1423
1364,0.137636,0.14902,4.14243
1365,0.125847,0.141176,4.14266
1366,0.157517,0.180392,4.14319
1367,0.237319,0.286275,4.14558
1368,0.349913,0.388235,4.14705
1369,0.381898,0.341176,4.14871
1370,0.252586,0.211765,4.15038
1371,0.129144,0.145098,4.15063
1372,0.11906,0.137255,4.15096
1373,0.161644,0.180392,4.15132
1374,0.239354,0.286275,4.15352
1375,0.36132,0.392157,4.15447
1376,0.388352,0.337255,4.15708
1377,0.250483,0.211765,4.15858
1378,0.121042,0.141176,4.15898
1379,0.123507,0.133333,4.15908
1380,0.161896,0.180392,4.15942
1381,0.243799,0.294118,4.16195
1382,0.366304,0.407843,4.16368
1383,0.390234,0.341176,4.16609
1384,0.242159,0.203922,4.16755
1385,0.114583,0.133333,4.1679
1386,0.11853,0.129412,4.16802
1387,0.15777,0.172549,4.16824
1388,0.24524,0.298039,4.17102
1389,0.376517,0.415686,4.17256
1390,0.403847,0.341176,4.17649
1391,0.240103,0.2,4.17809
1392,0.108059,0.129412,4.17855
1393,0.11731,0.121569,4.17857
1394,0.155554,0.172549,4.17886
1395,0.245297,0.294118,4.18124
1396,0.388066,0.427451,4.18279
1397,0.410206,0.345098,4.18703
1398,0.237827,0.196078,4.18877
1399,0.102194,0.12549,4.18932
1400,0.114366,0.117647,4.18933
1401,0.151899,0.168627,4.18961
1402,0.244566,0.298039,4.19247
1403,0.392406,0.431373,4.19398
1404,0.418723,0.352941,4.19831
1405,0.235503,0.196078,4.19987
1406,0.0970336,0.12549,4.20068
1407,0.111049,0.113725,4.20068
1408,0.146947,0.160784,4.20087
1409,0.24285,0.294118,4.2035
1410,0.396365,0.443137,4.20569
1411,0.42593,0.360784,4.20993
1412,0.237627,0.196078,4.21166
1413,0.0934815,0.117647,4.21224
1414,0.108927,0.109804,4.21225
1415,0.141987,0.152941,4.21237
1416,0.237012,0.286275,4.21479
1417,0.400466,0.45098,4.21734
1418,0.438993,0.376471,4.22125
1419,0.245665,0.196078,4.22371
1420,0.088631,0.117647,4.22455
1421,0.101928,0.105882,4.22457
1422,0.137357,0.145098,4.22463
1423,0.227409,0.278431,4.22723
1424,0.398638,0.454902,4.2304
1425,0.45314,0.396078,4.23365
1426,0.253744,0.203922,4.23614
1427,0.0853816,0.117647,4.23718
1428,0.0954203,0.101961,4.23722
1429,0.131513,0.137255,4.23725
1430,0.21406,0.262745,4.23962
1431,0.395309,0.454902,4.24317
1432,0.463164,0.407843,4.24624
1433,0.271843,0.215686,4.24939
1434,0.0857569,0.117647,4.25041
1435,0.0957309,0.0941176,4.25041
1436,0.125502,0.12549,4.25041
1437,0.204491,0.247059,4.25222
1438,0.38844,0.45098,4.25613
1439,0.475501,0.431373,4.25808
1440,0.289,0.223529,4.26237
1441,0.0937915,0.117647,4.26293
1442,0.0882282,0.0941176,4.26297
1443,0.119562,0.117647,4.26297
1444,0.189762,0.227451,4.26439
1445,0.37678,0.443137,4.2688
1446,0.48557,0.462745,4.26932
1447,0.313839,0.243137,4.27432
1448,0.0955825,0.121569,4.27499
1449,0.0774996,0.0901961,4.27515
1450,0.113846,0.109804,4.27517
1451,0.171576,0.207843,4.27648
1452,0.357123,0.423529,4.28089
1453,0.494003,0.486275,4.28095
1454,0.345612,0.262745,4.28782
1455,0.107751,0.12549,4.28814
1456,0.0702089,0.0901961,4.28854
1457,0.111487,0.101961,4.28863
1458,0.156425,0.184314,4.2894
1459,0.336927,0.396078,4.2929
1460,0.495459,0.513725,4.29324
1461,0.379671,0.298039,4.2999
1462,0.122512,0.137255,4.30012
1463,0.0622358,0.0862745,4.3007
1464,0.105723,0.0941176,4.30083
1465,0.137307,0.160784,4.30138
1466,0.305842,0.356863,4.30398
1467,0.488998,0.533333,4.30595
1468,0.419362,0.333333,4.31335
1469,0.153993,0.14902,4.31338
1470,0.0569542,0.0862745,4.31424
1471,0.102149,0.0901961,4.31438
1472,0.122535,0.137255,4.31459
1473,0.274575,0.317647,4.31645
1474,0.47407,0.537255,4.32044
1475,0.462418,0.384314,4.32654
1476,0.184491,0.164706,4.32693
1477,0.0562188,0.0941176,4.32837
1478,0.0926021,0.0784314,4.32857
1479,0.112998,0.121569,4.32864
1480,0.23345,0.270588,4.33002
1481,0.455664,0.52549,4.3349
1482,0.49286,0.443137,4.33737
1483,0.231578,0.196078,4.33863
1484,0.0605059,0.0980392,4.34004
1485,0.0831695,0.0784314,4.34006
1486,0.0979048,0.105882,4.34013
1487,0.19751,0.223529,4.3408
1488,0.417922,0.494118,4.34661
1489,0.515865,0.505882,4.34671
1490,0.290546,0.235294,4.34976
1491,0.0748342,0.105882,4.35073
1492,0.0661885,0.0745098,4.3508
1493,0.093043,0.0901961,4.3508
1494,0.159133,0.180392,4.35126
1495,0.372602,0.427451,4.35426
1496,0.529158,0.556863,4.35503
1497,0.360477,0.286275,4.36054
1498,0.107589,0.121569,4.36073
1499,0.0536319,0.0745098,4.36117
1500,0.0936971,0.0784314,4.3614
1501,0.128049,0.145098,4.36169
1502,0.320156,0.356863,4.36304
1503,0.51653,0.584314,4.36763
1504,0.430474,0.356863,4.37305
1505,0.14998,0.145098,4.37308
1506,0.0451649,0.0784314,4.37418
1507,0.0892365,0.0705882,4.37453
1508,0.10067,0.113725,4.3747
1509,0.26401,0.278431,4.37491
1510,0.48519,0.568627,4.38187
1511,0.495479,0.45098,4.38385
1512,0.20999,0.176471,4.38498
1513,0.0541718,0.0862745,4.38601
1514,0.0759529,0.0705882,4.38603
1515,0.0895149,0.0901961,4.38604
1516,0.203319,0.207843,4.38606
1517,0.432212,0.501961,4.39092
1518,0.537336,0.541176,4.39094
1519,0.292226,0.235294,4.39418
1520,0.0760666,0.0980392,4.39466
1521,0.0610391,0.0666667,4.39469
1522,0.0873019,0.0745098,4.39485
1523,0.149471,0.14902,4.39485
1524,0.364868,0.403922,4.39638
1525,0.54376,0.611765,4.401
1526,0.388734,0.32549,4.405
1527,0.123913,0.121569,4.40501
1528,0.0418606,0.0705882,4.40584
1529,0.0828781,0.0666667,4.4061
1530,0.103428,0.113725,4.4062
1531,0.284184,0.290196,4.40624
1532,0.511984,0.603922,4.41469
1533,0.483532,0.443137,4.41632
1534,0.193272,0.164706,4.41714
1535,0.0439673,0.0745098,4.41807
1536,0.0736405,0.0588235,4.41829
1537,0.0832286,0.0823529,4.41829
1538,0.212066,0.2,4.41844
1539,0.446149,0.513725,4.42301
1540,0.546544,0.572549,4.42368
1541,0.291126,0.235294,4.4268
1542,0.079879,0.0941176,4.427
1543,0.0498127,0.0588235,4.42708
1544,0.0766477,0.0666667,4.42718
1545,0.142512,0.129412,4.42735
1546,0.356423,0.380392,4.42793
1547,0.551228,0.643137,4.43638
1548,0.412233,0.34902,4.44037
1549,0.138273,0.121569,4.44065
1550,0.0355518,0.0627451,4.44139
1551,0.0777338,0.0588235,4.44175
1552,0.0952986,0.0901961,4.44177
1553,0.26234,0.243137,4.44214
1554,0.503925,0.596078,4.45064
1555,0.521372,0.513725,4.45069
1556,0.224917,0.184314,4.45234
1557,0.0544547,0.0784314,4.45292
1558,0.0585007,0.054902,4.45293
1559,0.0769748,0.0705882,4.45297
1560,0.171456,0.152941,4.45331
1561,0.406203,0.443137,4.45468
1562,0.564301,0.65098,4.46219
1563,0.350883,0.298039,4.46498
1564,0.111292,0.101961,4.46507
1565,0.0318365,0.0588235,4.4658
1566,0.0721443,0.0509804,4.46625
1567,0.108685,0.0941176,4.46646
1568,0.292315,0.270588,4.46693
1569,0.533288,0.647059,4.47987
1570,0.495717,0.486275,4.47996
1571,0.202405,0.160784,4.4817
1572,0.0406659,0.0666667,4.48237
1573,0.0578048,0.0470588,4.48249
1574,0.0699191,0.0627451,4.48254
1575,0.184825,0.14902,4.48382
1576,0.429107,0.462745,4.48495
1577,0.580952,0.67451,4.49371
1578,0.336242,0.286275,4.4962
1579,0.11128,0.0980392,4.49638
1580,0.0229154,0.054902,4.4974
1581,0.0675859,0.0509804,4.49768
1582,0.102747,0.0862745,4.49795
1583,0.289682,0.254902,4.49916
1584,0.539229,0.658824,4.51346
1585,0.504577,0.513725,4.51354
1586,0.207805,0.160784,4.51576
1587,0.0433825,0.0666667,4.5163
1588,0.0496385,0.0470588,4.5163
1589,0.0703565,0.0588235,4.51644
1590,0.167039,0.12549,4.51816
1591,0.412249,0.419608,4.51822
1592,0.592139,0.721569,4.53497
1593,0.360643,0.333333,4.53572
1594,0.132567,0.101961,4.53665
1595,0.0135962,0.0509804,4.53805
1596,0.0626191,0.0470588,4.53829
1597,0.0854999,0.0666667,4.53865
1598,0.247502,0.192157,4.54171
1599,0.517519,0.6,4.54851
1600,0.553838,0.627451,4.55393
1601,0.255042,0.203922,4.55655
1602,0.0715695,0.0705882,4.55655
1603,0.0260436,0.0431373,4.55684
1604,0.0661928,0.0470588,4.5572
1605,0.122014,0.0901961,4.55822
1606,0.3427,0.286275,4.5614
1607,0.593265,0.737255,4.58213
1608,0.449441,0.482353,4.58322
1609,0.196595,0.137255,4.58674
1610,0.017581,0.054902,4.58813
1611,0.0440803,0.0431373,4.58813
1612,0.0619226,0.0470588,4.58835
1613,0.166256,0.105882,4.592
1614,0.426814,0.384314,4.5938
1615,0.619479,0.788235,4.62228
1616,0.359727,0.360784,4.62228
1617,0.163664,0.0980392,4.62659
1618,-0.00325076,0.0431373,4.62874
1619,0.0604516,0.0352941,4.62938
1620,0.0679046,0.0431373,4.62999
1621,0.202442,0.117647,4.63718
1622,0.502253,0.470588,4.63818
1623,0.611558,0.8,4.67369
1624,0.314837,0.294118,4.67412
1625,0.13913,0.0862745,4.67691
1626,0.00668654,0.0392157,4.67797
1627,0.0573859,0.0313725,4.67865
1628,0.0705298,0.0392157,4.67963
1629,0.169844,0.113725,4.68278
1630,0.416134,0.482353,4.68716
1631,0.549726,0.835294,4.76871
1632,0.345387,0.286275,4.77221
1633,0.139896,0.0705882,4.77701
1634,-0.0103627,0.0352941,4.7791
1635,0.0588639,0.0313725,4.77985
1636,0.0502954,0.0352941,4.78008
1637,0.130842,0.0784314,4.78282
1638,0.376988,0.368627,4.78289
1639,0.556986,0.92549,4.91869
1640,0.383517,0.388235,4.91871
1641,0.188469,0.0784314,4.93082
1642,-0.0270235,0.0352941,4.9347
1643,0.0488586,0.0235294,4.93534
1644,0.021204,0.0235294,4.93535
1645,0.0414881,0.0313725,4.93545
1646,0.305975,0.117647,4.97092
1647,0.639963,0.639216,4.97092
1648,0.459333,0.898039,5.16338
1649,0.293063,0.203922,5.17133
1650,0.120735,0.0470588,5.17676
1651,-0.0933015,0.027451,5.19134
1652,0.0551145,0.0196078,5.1926
1653,-0.0236751,0.0156863,5.19415
1654,0.215915,0.0117647,5.23583
1655,0.557221,0.0117647,5.53335
1656,0.615127,0.027451,5.87871
1657,0.276823,0.164706,5.89128
1658,0.425258,0.207843,5.93855
1659,0.422811,0.0980392,6.04403
1660,0.303115,0.0823529,6.09276
1661,0.333117,0.0941176,6.14989
1662,0.312718,0.152941,6.17541
1663,0.201533,0.27451,6.18074
1664,0.206328,0.34902,6.2011
1665,0.416709,0.282353,6.21915
1666,0.340606,0.184314,6.24358
1667,0.170088,0.145098,6.2442
1668,0.141008,0.14902,6.24427
1669,0.104938,0.203922,6.25407
1670,0.150202,0.286275,6.27258
1671,0.301878,0.32549,6.27314
1672,0.378268,0.258824,6.28741
1673,0.251473,0.184314,6.29192
1674,0.151668,0.145098,6.29196
1675,0.169994,0.156863,6.29213
1676,0.195025,0.211765,6.29241
1677,0.265278,0.301961,6.29376
1678,0.328583,0.329412,6.29376
1679,0.313039,0.258824,6.2967
1680,0.168842,0.180392,6.29683
1681,0.116874,0.14902,6.29786
1682,0.126039,0.156863,6.29881
1683,0.177493,0.223529,6.30093
1684,0.248117,0.313725,6.30524
1685,0.318957,0.337255,6.30557
1686,0.286585,0.254902,6.30658
1687,0.164431,0.172549,6.30664
1688,0.125057,0.145098,6.30704
1689,0.143481,0.160784,6.30734
1690,0.203379,0.227451,6.30792
1691,0.286405,0.321569,6.30916
1692,0.359177,0.341176,6.30948
1693,0.309194,0.247059,6.31334
1694,0.184212,0.168627,6.31359
1695,0.138046,0.141176,6.3136
1696,0.161493,0.160784,6.3136
1697,0.216459,0.231373,6.31382
1698,0.302181,0.337255,6.31505
1699,0.371134,0.345098,6.31573
1700,0.305583,0.247059,6.31915
1701,0.173454,0.164706,6.31923
1702,0.132575,0.141176,6.3193
1703,0.157679,0.160784,6.31931
1704,0.211089,0.239216,6.3201
1705,0.307012,0.34902,6.32187
1706,0.376876,0.345098,6.32288
1707,0.298191,0.235294,6.32684
1708,0.163379,0.156863,6.32688
1709,0.130866,0.129412,6.32688
1710,0.159346,0.156863,6.32689
1711,0.215606,0.247059,6.32788
1712,0.325024,0.356863,6.32889
1713,0.390606,0.34902,6.33062
1714,0.293091,0.231373,6.33443
1715,0.156678,0.14902,6.33449
1716,0.126399,0.129412,6.3345
1717,0.15431,0.160784,6.33454
1718,0.218643,0.25098,6.33558
1719,0.33562,0.368627,6.33667
1720,0.392198,0.34902,6.33854
1721,0.288989,0.227451,6.34232
1722,0.143973,0.141176,6.34233
1723,0.122437,0.12549,6.34234
1724,0.153753,0.152941,6.34234
1725,0.226115,0.254902,6.34317
1726,0.342506,0.380392,6.34461
1727,0.404346,0.352941,6.34725
1728,0.284436,0.219608,6.35145
1729,0.138758,0.141176,6.35146
1730,0.118956,0.121569,6.35146
1731,0.154531,0.156863,6.35147
1732,0.220676,0.262745,6.35324
1733,0.351772,0.392157,6.35487
1734,0.409438,0.360784,6.35724
1735,0.275806,0.219608,6.36039
1736,0.12606,0.137255,6.36052
1737,0.113222,0.117647,6.36054
1738,0.146813,0.152941,6.36058
1739,0.221259,0.258824,6.36199
1740,0.359226,0.4,6.36365
1741,0.416694,0.360784,6.36678
1742,0.277624,0.215686,6.37061
1743,0.122784,0.133333,6.37072
1744,0.114477,0.113725,6.37073
1745,0.147452,0.152941,6.37076
1746,0.221772,0.262745,6.37243
1747,0.364909,0.407843,6.37428
1748,0.422895,0.372549,6.37681
1749,0.274155,0.211765,6.3807
1750,0.115006,0.129412,6.38091
1751,0.107756,0.113725,6.38095
1752,0.143131,0.141176,6.38095
1753,0.22079,0.258824,6.3824
1754,0.367316,0.415686,6.38474
1755,0.435639,0.380392,6.38779
1756,0.278271,0.211765,6.39221
1757,0.110367,0.12549,6.39244
1758,0.106988,0.105882,6.39244
1759,0.14335,0.141176,6.39245
1760,0.212429,0.258824,6.3946
1761,0.373852,0.423529,6.39707
1762,0.44439,0.392157,6.3998
1763,0.282455,0.219608,6.40375
1764,0.103818,0.129412,6.4044
1765,0.100032,0.105882,6.40444
1766,0.131881,0.137255,6.40446
1767,0.205539,0.25098,6.40653
1768,0.371524,0.431373,6.41011
1769,0.449491,0.411765,6.41153
1770,0.287289,0.223529,6.4156
1771,0.101971,0.12549,6.41615
1772,0.0935785,0.0980392,6.41617
1773,0.128063,0.129412,6.41617
1774,0.197204,0.239216,6.41794
1775,0.369598,0.431373,6.42176
1776,0.463472,0.423529,6.42335
1777,0.306201,0.235294,6.42838
1778,0.10192,0.12549,6.42893
1779,0.0905755,0.0980392,6.42899
1780,0.120152,0.121569,6.42899
1781,0.189105,0.223529,6.43018
1782,0.36082,0.427451,6.43462
1783,0.47265,0.443137,6.43549
1784,0.320242,0.243137,6.44143
1785,0.106813,0.12549,6.44178
1786,0.0848377,0.0941176,6.44187
1787,0.120039,0.113725,6.44191
1788,0.177642,0.211765,6.44307
1789,0.350887,0.411765,6.44678
1790,0.482617,0.466667,6.44703
1791,0.341207,0.262745,6.45319
1792,0.114893,0.129412,6.4534
1793,0.0776534,0.0941176,6.45367
1794,0.114793,0.105882,6.45375
1795,0.165263,0.192157,6.45447
1796,0.334228,0.396078,6.4583
1797,0.48361,0.490196,6.45834
1798,0.368608,0.282353,6.46578
1799,0.127733,0.137255,6.46587
1800,0.0691974,0.0901961,6.46631
1801,0.113267,0.0980392,6.46655
1802,0.147315,0.172549,6.46718
1803,0.314459,0.372549,6.47056
1804,0.484036,0.509804,6.47122
1805,0.401778,0.313725,6.47897
1806,0.143536,0.141176,6.47898
1807,0.0650879,0.0901961,6.47961
1808,0.105052,0.0901961,6.47983
1809,0.134348,0.152941,6.48018
1810,0.28862,0.341176,6.48294
1811,0.480695,0.521569,6.48461
1812,0.435192,0.34902,6.49203
1813,0.169541,0.156863,6.4922
1814,0.058586,0.0901961,6.49319
1815,0.100753,0.0862745,6.4934
1816,0.119823,0.133333,6.49359
1817,0.261051,0.301961,6.49526
1818,0.465537,0.52549,6.49886
1819,0.467123,0.388235,6.50508
1820,0.202711,0.172549,6.50599
1821,0.0597702,0.0901961,6.50691
1822,0.0953264,0.0784314,6.5072
1823,0.112157,0.113725,6.5072
1824,0.230154,0.254902,6.50781
1825,0.446358,0.517647,6.5129
1826,0.498984,0.443137,6.51602
1827,0.247998,0.196078,6.51871
1828,0.0646436,0.0980392,6.51983
1829,0.0844971,0.0784314,6.51986
1830,0.102946,0.101961,6.51986
1831,0.191502,0.215686,6.52045
1832,0.409531,0.478431,6.5252
1833,0.522484,0.501961,6.52562
1834,0.297199,0.235294,6.52945
1835,0.0791918,0.105882,6.53016
1836,0.0696176,0.0784314,6.53024
1837,0.0993377,0.0862745,6.53041
1838,0.157892,0.176471,6.53076
1839,0.366658,0.419608,6.53356
1840,0.527615,0.545098,6.53386
1841,0.362689,0.286275,6.5397
1842,0.109874,0.121569,6.53984
1843,0.0602543,0.0745098,6.54004
1844,0.0989071,0.0784314,6.54046
1845,0.127304,0.141176,6.54066
1846,0.318861,0.352941,6.54182
1847,0.513434,0.580392,6.5463
1848,0.428404,0.356863,6.55142
1849,0.15282,0.141176,6.55155
1850,0.0467889,0.0784314,6.55256
1851,0.0896712,0.0745098,6.55279
1852,0.101271,0.113725,6.55294
1853,0.260729,0.282353,6.55341
1854,0.482627,0.564706,6.56014
1855,0.495043,0.439216,6.56326
1856,0.207267,0.176471,6.56421
1857,0.0501853,0.0862745,6.56551
1858,0.0797186,0.0705882,6.5656
1859,0.0909208,0.0941176,6.56561
1860,0.205231,0.215686,6.56572
1861,0.43688,0.509804,6.57103
1862,0.531666,0.537255,6.57106
1863,0.281303,0.235294,6.57318
1864,0.0719894,0.0980392,6.57386
1865,0.0587679,0.0705882,6.574
1866,0.0817974,0.0823529,6.574
1867,0.150743,0.160784,6.5741
1868,0.366913,0.415686,6.57648
1869,0.539608,0.596078,6.57967
1870,0.376672,0.309804,6.58414
1871,0.115969,0.121569,6.58417
1872,0.0424226,0.0666667,6.58476
1873,0.0866567,0.0666667,6.58516
1874,0.112468,0.113725,6.58516
1875,0.300157,0.309804,6.58525
1876,0.517166,0.611765,6.5942
1877,0.471003,0.419608,6.59684
1878,0.181627,0.14902,6.59791
1879,0.0437558,0.0745098,6.59885
1880,0.0761701,0.0627451,6.59903
1881,0.0875028,0.0901961,6.59904
1882,0.221007,0.219608,6.59904
1883,0.462165,0.541176,6.60528
1884,0.540895,0.541176,6.60529
1885,0.266192,0.219608,6.60746
1886,0.0618616,0.0941176,6.6085
1887,0.0575216,0.0588235,6.6085
1888,0.0767164,0.0745098,6.6085
1889,0.154608,0.152941,6.6085
1890,0.380876,0.415686,6.60972
1891,0.553174,0.635294,6.61646
1892,0.37431,0.317647,6.61967
1893,0.120528,0.113725,6.61972
1894,0.0359836,0.0666667,6.62066
1895,0.0748543,0.0627451,6.62081
1896,0.106285,0.105882,6.62081
1897,0.287104,0.278431,6.62088
1898,0.517193,0.623529,6.63219
1899,0.492408,0.466667,6.63285
1900,0.196604,0.164706,6.63387
1901,0.0403607,0.0745098,6.63503
1902,0.0664452,0.0588235,6.63509
1903,0.0789887,0.0745098,6.63511
1904,0.196555,0.176471,6.63552
1905,0.433651,0.498039,6.63966
1906,0.561471,0.619608,6.64304
1907,0.310209,0.254902,6.6461
1908,0.0884412,0.0941176,6.64613
1909,0.0401353,0.054902,6.64635
1910,0.0742443,0.0588235,6.64659
1911,0.123078,0.109804,6.64677
1912,0.329501,0.321569,6.64683
1913,0.554303,0.666667,6.65945
1914,0.453683,0.423529,6.66036
1915,0.169404,0.137255,6.6614
1916,0.0328026,0.0627451,6.66229
1917,0.0639758,0.0509804,6.66246
1918,0.0798847,0.0705882,6.66255
1919,0.218481,0.184314,6.66372
1920,0.466347,0.533333,6.6682
1921,0.565341,0.619608,6.67115
1922,0.286871,0.235294,6.67381
1923,0.0831532,0.0823529,6.67381
1924,0.0348059,0.0509804,6.67407
1925,0.0708881,0.054902,6.67433
1926,0.127646,0.105882,6.6748
1927,0.340327,0.32549,6.67502
1928,0.564883,0.698039,6.69275
1929,0.448126,0.423529,6.69335
1930,0.168651,0.133333,6.6946
1931,0.0225996,0.0588235,6.69591
1932,0.0592669,0.0470588,6.69606
1933,0.0741776,0.0666667,6.69612
1934,0.208871,0.164706,6.69807
1935,0.466666,0.517647,6.70067
1936,0.579257,0.662745,6.70764
1937,0.295716,0.247059,6.71001
1938,0.0948776,0.0823529,6.71016
1939,0.0236272,0.0509804,6.71091
1940,0.0697171,0.0470588,6.71143
1941,0.114745,0.0862745,6.71224
1942,0.311225,0.266667,6.71422
1943,0.5645,0.694118,6.73102
1944,0.4828,0.505882,6.73156
1945,0.20059,0.152941,6.73383
1946,0.0323788,0.0588235,6.73453
1947,0.0477104,0.0431373,6.73455
1948,0.0628898,0.0509804,6.73469
1949,0.166246,0.117647,6.73705
1950,0.416867,0.407843,6.73713
1951,0.606967,0.74902,6.75731
1952,0.362254,0.341176,6.75775
1953,0.147439,0.0980392,6.76019
1954,0.00465459,0.0470588,6.76199
1955,0.0614554,0.0392157,6.76249
1956,0.0784842,0.054902,6.76304
1957,0.23297,0.160784,6.76825
1958,0.515459,0.560784,6.77031
1959,0.579026,0.698039,6.78447
1960,0.27826,0.231373,6.78667
1961,0.0937757,0.0705882,6.78721
1962,0.0216346,0.0431373,6.78767
1963,0.0621375,0.0392157,6.7882
1964,0.103706,0.0666667,6.78957
1965,0.265166,0.207843,6.79285
1966,0.505252,0.682353,6.82422
1967,0.478942,0.619608,6.84401
1968,0.263217,0.172549,6.85223
1969,0.0441361,0.054902,6.85234
1970,0.0299963,0.0392157,6.85243
1971,0.06049,0.0352941,6.85306
1972,0.11284,0.0627451,6.85557
1973,0.302324,0.231373,6.86061
1974,0.517801,0.752941,6.9159
1975,0.418071,0.580392,6.94225
1976,0.266862,0.145098,6.95707
1977,0.0248047,0.0509804,6.95776
1978,0.0340263,0.0313725,6.95776
1979,0.0581731,0.0352941,6.95829
1980,0.101715,0.054902,6.96048
1981,0.322875,0.203922,6.97463
1982,0.52218,0.74902,7.02609
1983,0.402045,0.643137,7.08421
1984,0.289962,0.152941,7.10299
1985,0.0384999,0.0470588,7.10306
1986,0.0215903,0.0313725,7.10315
1987,0.0593471,0.027451,7.10417
1988,0.0769708,0.0352941,7.10591
1989,0.250035,0.109804,7.12557
1990,0.442038,0.537255,7.13464
1991,0.431114,0.909804,7.36378
1992,0.361485,0.254902,7.37514
1993,0.141767,0.0588235,7.38202
1994,-0.0348137,0.027451,7.3859
1995,0.065186,0.0235294,7.38764
1996,0.00787755,0.0196078,7.38777
1997,0.0433616,0.0235294,7.38817
1998,0.238413,0.0862745,7.41131
1999,0.586916,0.52549,7.41509
2000,0.454317,1,7.71286
2001,0.321393,0.262745,7.7163
2002,0.169117,0.054902,7.72934
2003,-0.122421,0.0313725,7.75299
2004,0.0959138,0.0235294,7.75823
2005,-0.0514764,0.0156863,7.76274
2006,0.159846,0.0156863,7.78353
2007,0.363691,0.0156863,7.90463
2008,0.383547,0.0313725,8.02866
2009,0.164066,0.113725,8.03119
2010,0.510948,0.129412,8.17676
2011,0.397607,0.0901961,8.27126
2012,0.274969,0.0901961,8.30541
2013,0.374704,0.109804,8.37558
2014,0.319862,0.14902,8.40477
2015,0.268849,0.211765,8.40802
2016,0.215616,0.278431,8.41197
2017,0.361911,0.298039,8.41605
2018,0.33988,0.247059,8.42466
2019,0.23171,0.184314,8.42691
2020,0.176322,0.160784,8.42715
2021,0.132221,0.172549,8.42878
2022,0.137602,0.219608,8.4355
2023,0.210133,0.282353,8.44072
2024,0.329291,0.290196,8.44225
2025,0.310851,0.243137,8.44683
2026,0.238388,0.184314,8.44976
2027,0.190527,0.160784,8.45064
2028,0.186279,0.184314,8.45065
2029,0.208207,0.239216,8.45161
2030,0.246659,0.301961,8.45467
2031,0.309024,0.294118,8.45489
2032,0.246184,0.235294,8.45501
2033,0.178088,0.180392,8.45501
2034,0.126284,0.160784,8.4562
2035,0.150336,0.188235,8.45764
2036,0.187314,0.247059,8.46121
2037,0.253464,0.305882,8.46396
2038,0.299117,0.294118,8.46398
2039,0.235069,0.227451,8.46404
2040,0.172306,0.172549,8.46404
2041,0.138318,0.156863,8.46438
2042,0.179823,0.192157,8.46453
2043,0.227499,0.254902,8.46529
2044,0.304088,0.317647,8.46547
2045,0.327085,0.298039,8.46631
2046,0.261514,0.223529,8.46776
2047,0.181571,0.168627,8.46792
2048,0.152575,0.156863,8.46794
2049,0.189449,0.192157,8.46795
2050,0.240605,0.266667,8.46863
2051,0.317863,0.32549,8.46869
2052,0.331923,0.290196,8.47043
2053,0.258898,0.211765,8.47265
2054,0.169868,0.160784,8.47273
2055,0.156347,0.156863,8.47273
2056,0.188074,0.196078,8.4728
2057,0.251007,0.27451,8.47335
2058,0.328834,0.333333,8.47337
2059,0.335658,0.286275,8.47581
2060,0.244815,0.207843,8.47717
2061,0.159213,0.152941,8.47721
2062,0.155168,0.152941,8.47722
2063,0.188787,0.2,8.47734
2064,0.260034,0.286275,8.47803
2065,0.337759,0.341176,8.47804
2066,0.33633,0.286275,8.48055
2067,0.233576,0.2,8.48168
2068,0.153635,0.14902,8.4817
2069,0.149668,0.152941,8.48171
2070,0.188308,0.203922,8.48195
2071,0.267576,0.294118,8.48266
2072,0.346011,0.345098,8.48266
2073,0.338089,0.286275,8.48534
2074,0.224469,0.192157,8.48639
2075,0.148184,0.145098,8.4864
2076,0.145951,0.14902,8.48641
2077,0.193604,0.207843,8.48661
2078,0.272666,0.309804,8.48799
2079,0.355461,0.356863,8.48799
2080,0.335674,0.282353,8.49083
2081,0.215499,0.184314,8.49181
2082,0.136261,0.141176,8.49183
2083,0.143137,0.14902,8.49186
2084,0.19056,0.211765,8.49231
2085,0.279222,0.321569,8.49411
2086,0.367628,0.364706,8.49412
2087,0.336744,0.27451,8.49799
2088,0.20254,0.180392,8.49848
2089,0.127277,0.137255,8.49858
2090,0.143185,0.14902,8.49861
2091,0.191035,0.219608,8.49943
2092,0.287839,0.333333,8.5015
2093,0.378908,0.368627,8.50161
2094,0.331792,0.270588,8.50535
2095,0.188607,0.172549,8.50561
2096,0.122343,0.137255,8.50583
2097,0.141803,0.145098,8.50584
2098,0.193073,0.219608,8.50655
2099,0.297631,0.345098,8.5088
2100,0.387874,0.376471,8.50893
2101,0.329822,0.270588,8.51244
2102,0.177502,0.164706,8.5126
2103,0.11911,0.129412,8.51271
2104,0.140271,0.145098,8.51273
2105,0.192289,0.223529,8.51371
2106,0.303431,0.352941,8.51616
2107,0.398509,0.380392,8.51649
2108,0.329859,0.266667,8.52048
2109,0.172323,0.160784,8.52061
2110,0.112244,0.12549,8.52079
2111,0.138312,0.145098,8.52083
2112,0.193451,0.227451,8.52199
2113,0.311896,0.368627,8.52521
2114,0.404873,0.392157,8.52537
2115,0.327736,0.262745,8.52959
2116,0.159403,0.160784,8.5296
2117,0.104382,0.12549,8.53004
2118,0.133515,0.141176,8.5301
2119,0.190266,0.227451,8.53148
2120,0.31479,0.372549,8.53482
2121,0.416612,0.4,8.5351
2122,0.326868,0.258824,8.53973
2123,0.152545,0.152941,8.53973
2124,0.103403,0.117647,8.53993
2125,0.13579,0.137255,8.53993
2126,0.189451,0.223529,8.54109
2127,0.323172,0.376471,8.54393
2128,0.425736,0.407843,8.54425
2129,0.333664,0.258824,8.54985
2130,0.147585,0.14902,8.54986
2131,0.100319,0.117647,8.55016
2132,0.132615,0.133333,8.55016
2133,0.187797,0.223529,8.55143
2134,0.322384,0.384314,8.55527
2135,0.433329,0.419608,8.55546
2136,0.3355,0.266667,8.5602
2137,0.140691,0.14902,8.56026
2138,0.0933565,0.109804,8.56054
2139,0.128086,0.129412,8.56054
2140,0.179635,0.215686,8.56184
2141,0.324668,0.388235,8.56588
2142,0.440848,0.431373,8.56597
2143,0.346204,0.266667,8.57229
2144,0.141578,0.145098,8.57231
2145,0.0901873,0.105882,8.57255
2146,0.123707,0.12549,8.57256
2147,0.176474,0.211765,8.5738
2148,0.322811,0.388235,8.57808
2149,0.451507,0.443137,8.57815
2150,0.354661,0.27451,8.58458
2151,0.13824,0.14902,8.58469
2152,0.0824031,0.101961,8.58507
2153,0.119032,0.117647,8.58508
2154,0.168422,0.2,8.58607
2155,0.319636,0.376471,8.5893
2156,0.456404,0.454902,8.58931
2157,0.367227,0.282353,8.59651
2158,0.14576,0.145098,8.59651
2159,0.0840286,0.0980392,8.59671
2160,0.118217,0.109804,8.59678
2161,0.16547,0.192157,8.59749
2162,0.312215,0.372549,8.60113
2163,0.460747,0.470588,8.60123
2164,0.383942,0.298039,8.60861
2165,0.151562,0.145098,8.60865
2166,0.0745196,0.0980392,8.6092
2167,0.111361,0.101961,8.60929
2168,0.154307,0.172549,8.60962
2169,0.301295,0.356863,8.61271
2170,0.464753,0.486275,8.61317
2171,0.40716,0.317647,8.62118
2172,0.162868,0.14902,8.62138
2173,0.0700743,0.0941176,8.62195
2174,0.109809,0.0941176,8.6222
2175,0.14387,0.156863,8.62237
2176,0.282756,0.337255,8.62534
2177,0.465973,0.501961,8.62663
2178,0.431619,0.341176,8.63481
2179,0.180978,0.160784,8.63522
2180,0.0635443,0.0941176,8.63616
2181,0.104661,0.0941176,8.63627
2182,0.127773,0.145098,8.63657
2183,0.261555,0.313725,8.63929
2184,0.455951,0.505882,8.64178
2185,0.454639,0.372549,8.64852
2186,0.197774,0.172549,8.64916
2187,0.0627109,0.0941176,8.65014
2188,0.0965748,0.0901961,8.65019
2189,0.121975,0.129412,8.65024
2190,0.240451,0.282353,8.652
2191,0.44316,0.501961,8.65545
2192,0.476888,0.411765,8.6597
2193,0.228849,0.188235,8.66134
2194,0.0657174,0.0980392,8.66239
2195,0.0888601,0.0862745,8.6624
2196,0.116038,0.113725,8.6624
2197,0.212961,0.243137,8.66331
2198,0.420731,0.490196,8.66814
2199,0.49826,0.454902,8.67002
2200,0.270535,0.215686,8.67303
2201,0.0723875,0.105882,8.67415
2202,0.080881,0.0823529,8.67415
2203,0.10918,0.101961,8.6742
2204,0.179342,0.211765,8.67525
2205,0.390009,0.458824,8.67999
2206,0.513164,0.501961,8.68011
2207,0.316975,0.247059,8.685
2208,0.0890497,0.113725,8.68561
2209,0.0694823,0.0784314,8.68569
2210,0.102514,0.0941176,8.68576
2211,0.152538,0.176471,8.68633
2212,0.356322,0.411765,8.68941
2213,0.517079,0.541176,8.68999
2214,0.372906,0.294118,8.6962
2215,0.114343,0.129412,8.69642
2216,0.0566006,0.0823529,8.69709
2217,0.098689,0.0823529,8.69735
2218,0.127288,0.145098,8.69767
2219,0.310027,0.352941,8.69951
2220,0.505104,0.564706,8.70307
2221,0.430741,0.356863,8.70852
2222,0.151595,0.141176,8.70863
2223,0.0528375,0.0784314,8.70929
2224,0.092409,0.0784314,8.70948
2225,0.108485,0.12549,8.70977
2226,0.262467,0.294118,8.71077
2227,0.482029,0.560784,8.71698
2228,0.485266,0.431373,8.71988
2229,0.203686,0.176471,8.72062
2230,0.0452569,0.0901961,8.72264
2231,0.076997,0.0745098,8.72265
2232,0.0936028,0.101961,8.72272
2233,0.212122,0.231373,8.72309
2234,0.439294,0.517647,8.72923
2235,0.522963,0.505882,8.72952
2236,0.269241,0.219608,8.73198
2237,0.0656201,0.101961,8.7333
2238,0.0678402,0.0745098,8.73335
2239,0.0907589,0.0862745,8.73337
2240,0.162707,0.176471,8.73356
2241,0.385045,0.443137,8.73693
2242,0.53649,0.572549,8.73823
2243,0.34924,0.282353,8.7427
2244,0.0999605,0.113725,8.74289
2245,0.0545403,0.0705882,8.74315
2246,0.0899725,0.0745098,8.74339
2247,0.124191,0.133333,8.74347
2248,0.321938,0.345098,8.74401
2249,0.526519,0.603922,8.75
2250,0.437062,0.376471,8.75367
2251,0.155821,0.141176,8.75389
2252,0.0432367,0.0745098,8.75487
2253,0.0840463,0.0666667,8.75517
2254,0.0962149,0.101961,8.7552
2255,0.25173,0.254902,8.75521
2256,0.481416,0.572549,8.76352
2257,0.513973,0.486275,8.76428
2258,0.229998,0.188235,8.76603
2259,0.0532409,0.0823529,8.76687
2260,0.0686596,0.0627451,8.76691
2261,0.0821964,0.0784314,8.76692
2262,0.184282,0.180392,8.76694
2263,0.416647,0.47451,8.77029
2264,0.554488,0.592157,8.77171
2265,0.326577,0.266667,8.7753
2266,0.0916642,0.101961,8.7754
2267,0.0464141,0.0627451,8.77567
2268,0.0789622,0.0666667,8.77582
2269,0.126521,0.12549,8.77582
2270,0.332266,0.34902,8.7761
2271,0.541628,0.635294,8.78487
2272,0.437304,0.384314,8.78768
2273,0.154257,0.137255,8.78797
2274,0.034684,0.0705882,8.78926
2275,0.075219,0.0588235,8.78953
2276,0.087362,0.0901961,8.78954
2277,0.243592,0.223529,8.78994
2278,0.48403,0.568627,8.7971
2279,0.529634,0.533333,8.79711
2280,0.247276,0.196078,8.79973
2281,0.0626381,0.0823529,8.80012
2282,0.0593263,0.054902,8.80014
2283,0.0794901,0.0666667,8.8003
2284,0.164559,0.141176,8.80085
2285,0.390426,0.419608,8.8017
2286,0.564112,0.647059,8.80858
2287,0.373577,0.313725,8.81216
2288,0.119697,0.109804,8.81226
2289,0.0378014,0.0588235,8.8127
2290,0.0750121,0.054902,8.81311
2291,0.103672,0.0941176,8.8132
2292,0.281777,0.266667,8.81343
2293,0.523298,0.631373,8.82511
2294,0.501981,0.490196,8.82525
2295,0.206784,0.164706,8.82702
2296,0.0450805,0.0745098,8.82788
2297,0.0570844,0.0509804,8.82792
2298,0.0732211,0.0666667,8.82796
2299,0.18205,0.152941,8.82881
2300,0.42609,0.466667,8.83046
2301,0.573569,0.658824,8.83773
2302,0.334611,0.282353,8.84046
2303,0.105569,0.0941176,8.84059
2304,0.0300795,0.054902,8.8412
2305,0.0700079,0.0509804,8.84157
2306,0.108331,0.0941176,8.84177
2307,0.298916,0.266667,8.84281
2308,0.542649,0.658824,8.85631
2309,0.492998,0.490196,8.85631
2310,0.199811,0.156863,8.85816
2311,0.0388166,0.0666667,8.85893
2312,0.0536869,0.0470588,8.85898
2313,0.0722487,0.0588235,8.85916
2314,0.180537,0.141176,8.86071
2315,0.424212,0.45098,8.86142
2316,0.585884,0.698039,8.874
2317,0.341617,0.298039,8.8759
2318,0.118922,0.0980392,8.87634
2319,0.0188874,0.0509804,8.87737
2320,0.0662243,0.0470588,8.87773
2321,0.0943522,0.0784314,8.87799
2322,0.274749,0.223529,8.88061
2323,0.535973,0.643137,8.8921
2324,0.525163,0.568627,8.89399
2325,0.228891,0.180392,8.89634
2326,0.0525495,0.0705882,8.89666
2327,0.0364478,0.0470588,8.89678
2328,0.0642274,0.0509804,8.89695
2329,0.14389,0.105882,8.8984
2330,0.375768,0.352941,8.89892
2331,0.598378,0.745098,8.92044
2332,0.401097,0.396078,8.92047
2333,0.165722,0.113725,8.92317
2334,0.0111058,0.0509804,8.92476
2335,0.0581507,0.0431373,8.92499
2336,0.0713504,0.054902,8.92526
2337,0.207096,0.145098,8.9291
2338,0.479841,0.501961,8.92959
2339,0.595801,0.737255,8.9496
2340,0.301879,0.270588,8.95058
2341,0.113855,0.0823529,8.95157
2342,0.0106819,0.0470588,8.95289
2343,0.0622923,0.0392157,8.95343
2344,0.0915396,0.0627451,8.95426
2345,0.238547,0.188235,8.95679
2346,0.488442,0.631373,8.97722
2347,0.515209,0.662745,8.99898
2348,0.273256,0.2,9.00435
2349,0.0652479,0.0666667,9.00435
2350,0.0254002,0.0392157,9.00454
2351,0.058643,0.0352941,9.00509
2352,0.103786,0.0627451,9.00677
2353,0.275112,0.215686,9.0103
2354,0.495538,0.713725,9.05791
2355,0.441102,0.619608,9.08977
2356,0.278601,0.164706,9.10275
2357,0.0405684,0.054902,9.10295
2358,0.0245006,0.0352941,9.10307
2359,0.0584201,0.0313725,9.1038
2360,0.0984954,0.054902,9.1057
2361,0.296069,0.2,9.11493
2362,0.506907,0.729412,9.16444
2363,0.420008,0.662745,9.22336
2364,0.294854,0.164706,9.2403
2365,0.0435625,0.054902,9.24043
2366,0.0214848,0.0313725,9.24052
2367,0.0559049,0.0313725,9.24113
2368,0.074789,0.0352941,9.24269
2369,0.238857,0.121569,9.25644
2370,0.425218,0.572549,9.27815
2371,0.432512,0.878431,9.47699
2372,0.359289,0.235294,9.49237
2373,0.123807,0.0588235,9.49659
2374,-0.0276207,0.0313725,9.50007
2375,0.0671435,0.027451,9.50165
2376,0.0133625,0.027451,9.50184
2377,0.0688999,0.0352941,9.50297
2378,0.264254,0.141176,9.51812
2379,0.55129,0.745098,9.55568
2380,0.438575,0.843137,9.71935
2381,0.300968,0.164706,9.73792
2382,0.0571089,0.0431373,9.73812
2383,-0.0789492,0.027451,9.74944
2384,0.0199843,0.0196078,9.74944
2385,-0.0380812,0.0156863,9.75233
2386,0.236845,0.0156863,9.80124
2387,0.650222,0.0117647,10.2089
2388,0.638922,0.0196078,10.5924
2389,0.278205,0.0627451,10.6388
2390,0.428537,0.0431373,10.7874
2391,0.417333,0.027451,10.9394
2392,0.349724,0.0392157,11.0358
2393,0.430328,0.0666667,11.168
2394,0.412153,0.109804,11.2595
2395,0.295952,0.14902,11.2811
2396,0.286459,0.180392,11.2923
2397,0.411739,0.211765,11.3323
2398,0.344483,0.247059,11.3418
2399,0.275041,0.258824,11.342
2400,0.226063,0.231373,11.3421
2401,0.149732,0.2,11.3446
2402,0.121687,0.180392,11.348
2403,0.158385,0.196078,11.3495
2404,0.229927,0.223529,11.3495
2405,0.253314,0.254902,11.3495
2406,0.278708,0.258824,11.3499
2407,0.278007,0.231373,11.3521
2408,0.234373,0.203922,11.353
2409,0.184341,0.184314,11.353
2410,0.169617,0.2,11.3539
2411,0.207593,0.227451,11.3543
2412,0.226853,0.258824,11.3553
2413,0.250649,0.262745,11.3555
2414,0.228924,0.227451,11.3555
2415,0.192646,0.203922,11.3556
2416,0.152373,0.188235,11.3569
2417,0.158455,0.203922,11.359
2418,0.192602,0.239216,11.3611
2419,0.223779,0.266667,11.363
2420,0.247287,0.262745,11.3632
2421,0.225575,0.231373,11.3633
2422,0.196395,0.2,11.3633
2423,0.17766,0.188235,11.3634
2424,0.193752,0.203922,11.3635
2425,0.231446,0.247059,11.3637
2426,0.270637,0.27451,11.3637
2427,0.282551,0.266667,11.364
2428,0.250154,0.227451,11.3645
2429,0.215267,0.196078,11.3649
2430,0.191164,0.188235,11.3649
2431,0.207435,0.211765,11.3649
2432,0.241065,0.254902,11.3651
2433,0.28493,0.278431,11.3651
2434,0.28493,0.262745,11.3656
2435,0.248382,0.219608,11.3665
2436,0.204477,0.188235,11.3667
2437,0.187814,0.184314,11.3667
2438,0.208255,0.215686,11.3668
2439,0.25115,0.262745,11.3669
2440,0.292309,0.290196,11.3669
2441,0.286188,0.266667,11.3673
2442,0.24096,0.215686,11.368
2443,0.192911,0.188235,11.368
2444,0.18098,0.192157,11.3681
2445,0.207009,0.223529,11.3684
2446,0.253425,0.270588,11.3687
2447,0.293541,0.286275,11.3687
2448,0.286244,0.262745,11.3693
2449,0.232342,0.211765,11.3697
2450,0.186524,0.184314,11.3697
2451,0.183579,0.188235,11.3697
2452,0.215791,0.231373,11.37
2453,0.26378,0.278431,11.3702
2454,0.299849,0.290196,11.3703
2455,0.280993,0.258824,11.3708
2456,0.225966,0.207843,11.3711
2457,0.18352,0.184314,11.3711
2458,0.181678,0.192157,11.3712
2459,0.218144,0.235294,11.3715
2460,0.269307,0.282353,11.3717
2461,0.302639,0.301961,11.3717
2462,0.275707,0.254902,11.3721
2463,0.220076,0.203922,11.3724
2464,0.173544,0.180392,11.3724
2465,0.183875,0.196078,11.3726
2466,0.219163,0.243137,11.3731
2467,0.273835,0.294118,11.3735
2468,0.304049,0.301961,11.3736
2469,0.278596,0.247059,11.3745
2470,0.208234,0.2,11.3746
2471,0.169487,0.176471,11.3747
2472,0.184036,0.196078,11.3748
2473,0.22382,0.25098,11.3755
2474,0.283809,0.305882,11.376
2475,0.312412,0.305882,11.3761
2476,0.272341,0.247059,11.3767
2477,0.196246,0.192157,11.3767
2478,0.164953,0.172549,11.3768
2479,0.179563,0.196078,11.3771
2480,0.226265,0.258824,11.3781
2481,0.292911,0.309804,11.3784
2482,0.318105,0.298039,11.3788
2483,0.268968,0.239216,11.3797
2484,0.191812,0.184314,11.3798
2485,0.164574,0.172549,11.3798
2486,0.18111,0.203922,11.3803
2487,0.237418,0.266667,11.3812
2488,0.303414,0.321569,11.3815
2489,0.318416,0.298039,11.3819
2490,0.257552,0.235294,11.3824
2491,0.180419,0.180392,11.3824
2492,0.157718,0.168627,11.3825
2493,0.18279,0.207843,11.3832
2494,0.243856,0.270588,11.3839
2495,0.310867,0.329412,11.3842
2496,0.319912,0.301961,11.3846
2497,0.25224,0.223529,11.3854
2498,0.173099,0.176471,11.3854
2499,0.154733,0.168627,11.3856
2500,0.185482,0.211765,11.3863
2501,0.249825,0.286275,11.3876
2502,0.315129,0.341176,11.3883
2503,0.32536,0.298039,11.389
2504,0.241869,0.219608,11.3895
2505,0.158535,0.168627,11.3896
2506,0.151055,0.164706,11.3898
2507,0.183819,0.215686,11.3908
2508,0.255627,0.298039,11.3926
2509,0.329228,0.345098,11.3929
2510,0.327394,0.294118,11.394
2511,0.230971,0.211765,11.3944
2512,0.152367,0.164706,11.3945
2513,0.148357,0.164706,11.3948
2514,0.185106,0.215686,11.3957
2515,0.266108,0.305882,11.3973
2516,0.339486,0.352941,11.3975
2517,0.327278,0.286275,11.3992
2518,0.220658,0.2,11.3996
2519,0.146849,0.156863,11.3997
2520,0.149406,0.160784,11.3998
2521,0.191469,0.219608,11.4006
2522,0.273416,0.313725,11.4022
2523,0.352867,0.360784,11.4023
2524,0.328671,0.286275,11.4041
2525,0.21119,0.196078,11.4043
2526,0.13777,0.152941,11.4045
2527,0.147054,0.160784,11.4047
2528,0.189814,0.227451,11.4062
2529,0.279653,0.329412,11.4086
2530,0.358539,0.364706,11.4087
2531,0.326696,0.278431,11.411
2532,0.198062,0.184314,11.4112
2533,0.131485,0.14902,11.4115
2534,0.143822,0.160784,11.4118
2535,0.194452,0.227451,11.4129
2536,0.29083,0.337255,11.415
2537,0.372046,0.368627,11.415
2538,0.325171,0.270588,11.418
2539,0.187128,0.180392,11.4181
2540,0.124785,0.145098,11.4185
2541,0.147947,0.156863,11.4186
2542,0.196531,0.231373,11.4198
2543,0.297553,0.34902,11.4224
2544,0.380391,0.372549,11.4225
2545,0.320962,0.266667,11.4254
2546,0.17438,0.172549,11.4254
2547,0.123433,0.137255,11.4256
2548,0.145097,0.152941,11.4257
2549,0.196515,0.235294,11.4272
2550,0.306649,0.356863,11.4297
2551,0.392592,0.376471,11.43
2552,0.318738,0.262745,11.4331
2553,0.169186,0.164706,11.4331
2554,0.118986,0.133333,11.4333
2555,0.142048,0.14902,11.4334
2556,0.198264,0.235294,11.4347
2557,0.316334,0.368627,11.4375
2558,0.40092,0.388235,11.4376
2559,0.318786,0.258824,11.4412
2560,0.159764,0.160784,11.4412
2561,0.110952,0.129412,11.4416
2562,0.138872,0.14902,11.4417
2563,0.194648,0.239216,11.4437
2564,0.319397,0.376471,11.4469
2565,0.410618,0.392157,11.4473
2566,0.318058,0.258824,11.4508
2567,0.150025,0.156863,11.4508
2568,0.105823,0.121569,11.4511
2569,0.136289,0.145098,11.4511
2570,0.194297,0.239216,11.4532
2571,0.328639,0.384314,11.4563
2572,0.417816,0.4,11.4566
2573,0.319219,0.254902,11.4607
2574,0.144755,0.14902,11.4607
2575,0.102078,0.121569,11.4611
2576,0.131796,0.145098,11.4613
2577,0.195672,0.239216,11.4632
2578,0.33124,0.392157,11.4669
2579,0.426244,0.407843,11.4672
2580,0.31984,0.254902,11.4715
2581,0.135101,0.145098,11.4716
2582,0.0938876,0.117647,11.4721
2583,0.132192,0.141176,11.4722
2584,0.194087,0.235294,11.4739
2585,0.334561,0.4,11.4782
2586,0.43489,0.419608,11.4784
2587,0.324655,0.254902,11.4833
2588,0.128554,0.145098,11.4836
2589,0.089917,0.113725,11.4841
2590,0.129803,0.141176,11.4843
2591,0.187997,0.231373,11.4861
2592,0.333904,0.403922,11.491
2593,0.443322,0.431373,11.4912
2594,0.329467,0.262745,11.4956
2595,0.123499,0.145098,11.4961
2596,0.0849674,0.109804,11.4967
2597,0.124344,0.12549,11.4967
2598,0.18216,0.223529,11.4984
2599,0.331398,0.4,11.5031
2600,0.454244,0.447059,11.5032
2601,0.341049,0.270588,11.5081
2602,0.129923,0.145098,11.5084
2603,0.0840212,0.105882,11.5089
2604,0.119031,0.12549,11.5089
2605,0.1706,0.211765,11.5106
2606,0.326361,0.4,11.516
2607,0.458031,0.462745,11.516
2608,0.356333,0.278431,11.5221
2609,0.131521,0.145098,11.5223
2610,0.0752426,0.105882,11.5232
2611,0.11569,0.113725,11.5232
2612,0.162852,0.2,11.5246
2613,0.31777,0.388235,11.5296
2614,0.467972,0.478431,11.5297
2615,0.374546,0.298039,11.5355
2616,0.137032,0.14902,11.5357
2617,0.0731415,0.101961,11.5365
2618,0.111208,0.109804,11.5365
2619,0.150853,0.184314,11.5376
2620,0.304786,0.372549,11.5422
2621,0.46839,0.494118,11.5429
2622,0.395037,0.309804,11.5502
2623,0.152329,0.152941,11.5502
2624,0.0668033,0.0980392,11.5511
2625,0.110401,0.105882,11.5512
2626,0.141203,0.168627,11.5519
2627,0.291674,0.352941,11.5557
2628,0.466878,0.509804,11.5575
2629,0.421388,0.345098,11.5633
2630,0.163468,0.160784,11.5633
2631,0.0618497,0.0980392,11.5646
2632,0.0995019,0.0980392,11.5646
2633,0.130899,0.152941,11.5651
2634,0.265942,0.317647,11.5678
2635,0.459978,0.517647,11.5711
2636,0.448362,0.372549,11.5769
2637,0.195362,0.172549,11.5774
2638,0.0589837,0.101961,11.5792
2639,0.0982527,0.0941176,11.5793
2640,0.122297,0.133333,11.5794
2641,0.24086,0.290196,11.5818
2642,0.443007,0.513725,11.5868
2643,0.477585,0.415686,11.5906
2644,0.22138,0.196078,11.5913
2645,0.0620767,0.105882,11.5932
2646,0.0907643,0.0823529,11.5933
2647,0.109211,0.117647,11.5933
2648,0.208105,0.25098,11.5952
2649,0.425238,0.498039,11.6005
2650,0.497335,0.458824,11.602
2651,0.267375,0.215686,11.6046
2652,0.0755948,0.105882,11.6056
2653,0.0815737,0.0784314,11.6056
2654,0.100977,0.105882,11.6056
2655,0.18383,0.215686,11.6066
2656,0.398077,0.462745,11.6108
2657,0.515532,0.505882,11.6109
2658,0.317394,0.25098,11.6153
2659,0.0895891,0.113725,11.6159
2660,0.0651103,0.0823529,11.6162
2661,0.0977181,0.0941176,11.6162
2662,0.157059,0.180392,11.6167
2663,0.357159,0.411765,11.6197
2664,0.516281,0.54902,11.6208
2665,0.372698,0.298039,11.6264
2666,0.114786,0.12549,11.6265
2667,0.0532659,0.0784314,11.6271
2668,0.0984191,0.0823529,11.6274
2669,0.130489,0.145098,11.6276
2670,0.311391,0.352941,11.6293
2671,0.507475,0.572549,11.6335
2672,0.437515,0.356863,11.64
2673,0.155564,0.14902,11.6401
2674,0.0455551,0.0823529,11.6414
2675,0.0937006,0.0784314,11.6417
2676,0.103915,0.121569,11.642
2677,0.26006,0.290196,11.6429
2678,0.480089,0.560784,11.6494
2679,0.490021,0.435294,11.6524
2680,0.202517,0.180392,11.6529
2681,0.0510756,0.0862745,11.6541
2682,0.0795345,0.0745098,11.6542
2683,0.0922285,0.0980392,11.6542
2684,0.210445,0.223529,11.6544
2685,0.437676,0.517647,11.6608
2686,0.527025,0.513725,11.6609
2687,0.277276,0.223529,11.6638
2688,0.069449,0.101961,11.6649
2689,0.0654787,0.0705882,11.6649
2690,0.0898527,0.0862745,11.6649
2691,0.158455,0.168627,11.665
2692,0.380196,0.435294,11.6681
2693,0.541003,0.584314,11.6699
2694,0.358141,0.290196,11.6745
2695,0.105126,0.117647,11.6747
2696,0.0491892,0.0745098,11.6753
2697,0.0889043,0.0745098,11.6756
2698,0.118742,0.129412,11.6757
2699,0.311435,0.341176,11.6765
2700,0.523682,0.607843,11.6836
2701,0.446947,0.388235,11.6871
2702,0.156668,0.145098,11.6872
2703,0.0427417,0.0784314,11.6885
2704,0.0819441,0.0666667,11.6887
2705,0.0915684,0.0980392,11.6888
2706,0.241368,0.243137,11.6888
2707,0.479676,0.564706,11.696
2708,0.51915,0.505882,11.6962
2709,0.238813,0.2,11.6977
2710,0.0572062,0.0901961,11.6988
2711,0.0670699,0.0627451,11.6988
2712,0.0776279,0.0784314,11.6988
2713,0.172614,0.172549,11.6988
2714,0.403191,0.458824,11.7019
2715,0.552069,0.611765,11.7054
2716,0.340624,0.278431,11.7093
2717,0.101249,0.109804,11.7094
2718,0.0412021,0.0666667,11.71
2719,0.0775135,0.0666667,11.7102
2720,0.11619,0.117647,11.7102
2721,0.318133,0.32549,11.7102
2722,0.534928,0.635294,11.7203
2723,0.457052,0.411765,11.7223
2724,0.164743,0.141176,11.7229
2725,0.0395778,0.0705882,11.7238
2726,0.0730025,0.0588235,11.7241
2727,0.0866529,0.0862745,11.7241
2728,0.228668,0.211765,11.7243
2729,0.470476,0.54902,11.7305
2730,0.543142,0.564706,11.731
2731,0.265728,0.215686,11.7335
2732,0.0673258,0.0901961,11.734
2733,0.0503539,0.0588235,11.7341
2734,0.0754353,0.0666667,11.7341
2735,0.149243,0.133333,11.7344
2736,0.37018,0.392157,11.7349
2737,0.559936,0.662745,11.7455
2738,0.395876,0.345098,11.748
2739,0.13258,0.117647,11.7483
2740,0.0328946,0.0627451,11.7491
2741,0.0733629,0.054902,11.7495
2742,0.0936346,0.0862745,11.7495
2743,0.261953,0.243137,11.7499
2744,0.507624,0.607843,11.7599
2745,0.52614,0.529412,11.7599
2746,0.226234,0.188235,11.7614
2747,0.0549981,0.0745098,11.7618
2748,0.0520627,0.054902,11.7618
2749,0.0688735,0.0627451,11.7618
2750,0.165341,0.137255,11.7626
2751,0.400734,0.423529,11.7631
2752,0.573667,0.686275,11.7758
2753,0.3668,0.321569,11.7779
2754,0.125906,0.105882,11.7783
2755,0.0214103,0.0588235,11.7797
2756,0.068995,0.054902,11.7799
2757,0.0945286,0.0823529,11.78
2758,0.267337,0.239216,11.7808
2759,0.521206,0.631373,11.7929
2760,0.526344,0.545098,11.7933
2761,0.222264,0.176471,11.7954
2762,0.048431,0.0705882,11.7959
2763,0.046905,0.0470588,11.7959
2764,0.0692366,0.0588235,11.796
2765,0.156923,0.121569,11.7972
2766,0.397886,0.388235,11.7973
2767,0.589248,0.717647,11.8138
2768,0.380288,0.352941,11.8146
2769,0.143918,0.109804,11.8157
2770,0.0164876,0.0509804,11.8169
2771,0.0654491,0.0470588,11.8172
2772,0.0852634,0.0666667,11.8176
2773,0.241993,0.184314,11.8209
2774,0.500888,0.580392,11.8272
2775,0.56317,0.635294,11.8324
2776,0.264061,0.215686,11.8348
2777,0.07934,0.0745098,11.8348
2778,0.0314097,0.0431373,11.8349
2779,0.0680706,0.0470588,11.8354
2780,0.122887,0.0862745,11.8367
2781,0.319794,0.286275,11.8378
2782,0.547075,0.72549,11.8697
2783,0.444919,0.482353,11.8711
2784,0.209617,0.137255,11.8763
2785,0.0206421,0.054902,11.8775
2786,0.0426061,0.0392157,11.8775
2787,0.0657239,0.0470588,11.8779
2788,0.163172,0.109804,11.8807
2789,0.431359,0.4,11.8817
2790,0.618038,0.776471,11.9068
2791,0.357084,0.34902,11.9068
2792,0.155243,0.0941176,11.9106
2793,-0.000107893,0.0470588,11.9128
2794,0.0590705,0.0392157,11.9132
2795,0.0731037,0.0470588,11.9139
2796,0.21404,0.137255,11.9198
2797,0.510946,0.505882,11.9198
2798,0.598263,0.772549,11.9502
2799,0.296575,0.266667,11.9511
2800,0.120058,0.0784314,11.9528
2801,-0.00871913,0.0392157,11.9551
2802,0.058986,0.0352941,11.9557
2803,0.070351,0.0470588,11.9562
2804,0.250762,0.141176,11.9682
2805,0.563914,0.556863,11.9683
2806,0.570399,0.776471,12.0107
2807,0.280444,0.239216,12.0124
2808,0.111913,0.0705882,12.0141
2809,-0.0187034,0.0392157,12.0175
2810,0.0565896,0.0352941,12.0179
2811,0.0627954,0.0392157,12.0185
2812,0.250838,0.117647,12.0362
2813,0.58323,0.509804,12.0416
2814,0.576314,0.866667,12.1259
2815,0.290447,0.27451,12.1262
2816,0.141339,0.0705882,12.1312
2817,-0.04672,0.0352941,12.1379
2818,0.0510989,0.0313725,12.1383
2819,0.0281751,0.0313725,12.1383
2820,0.199067,0.054902,12.1591
2821,0.561638,0.270588,12.2438
2822,0.651468,0.933333,12.3233
2823,0.332175,0.533333,12.3637
2824,0.247896,0.101961,12.385
2825,-0.0325787,0.0392157,12.3902
2826,0.0453829,0.027451,12.3905
2827,0.0165943,0.0235294,12.3906
2828,0.0736448,0.0196078,12.3935
2829,0.28238,0.0313725,12.4565
2830,0.463512,0.145098,12.5579
2831,0.383963,0.819608,12.7477
2832,0.406294,0.784314,12.8905
2833,0.347766,0.152941,12.9285
2834,-0.0138678,0.0431373,12.9318
2835,-0.0478927,0.0313725,12.938
2836,-0.0138748,0.0196078,12.9392
2837,-0.0644637,0.0235294,12.9469
2838,0.190422,0.0431373,12.9686
2839,0.805772,0.203922,13.3308
2840,0.68668,0.709804,13.3314
2841,0.279454,0.584314,13.4243
2842,0.308841,0.164706,13.4451
2843,0.035626,0.0627451,13.4458
2844,0.044261,0.0431373,13.4458
2845,0.0695607,0.0588235,13.4459
2846,0.160125,0.137255,13.4464
2847,0.0755983,0.435294,13.5758
2848,0.117404,0.682353,13.895
2849,0.339478,0.298039,13.8967
2850,0.293756,0.0980392,13.935
2851,-0.0402824,0.0509804,13.9433
2852,-0.00481434,0.0509804,13.9465
2853,0.0422474,0.0941176,13.9491
2854,0.158288,0.266667,13.9609
2855,0.542027,0.643137,13.9711
2856,0.581971,0.486275,13.9803
2857,0.191732,0.160784,13.9812
2858,0.0493205,0.0666667,13.9815
2859,0.0780514,0.0509804,13.9823
2860,0.0831487,0.0666667,13.9825
2861,0.16785,0.152941,13.9828
2862,0.428197,0.470588,13.9846
2863,0.589052,0.654902,13.9889
2864,0.323552,0.278431,13.9909
2865,0.103582,0.0941176,13.991
2866,0.0395324,0.0509804,13.9911
2867,0.0814458,0.0509804,13.9921
2868,0.097938,0.0862745,13.9922
2869,0.305967,0.270588,13.9935
2870,0.544935,0.662745,14.0073
2871,0.490597,0.486275,14.0074
2872,0.19531,0.152941,14.0092
2873,0.0468503,0.0627451,14.0094
2874,0.0582928,0.0470588,14.0095
2875,0.0661378,0.054902,14.0097
2876,0.182109,0.141176,14.0113
2877,0.428749,0.45098,14.0118
2878,0.59022,0.698039,14.0235
2879,0.335411,0.290196,14.0255
2880,0.123623,0.0941176,14.0264
2881,0.017759,0.0470588,14.0272
2882,0.0679373,0.0392157,14.0281
2883,0.0953181,0.0745098,14.0285
2884,0.281494,0.223529,14.0318
2885,0.541618,0.643137,14.0422
2886,0.52515,0.564706,14.0437
2887,0.230861,0.176471,14.0467
2888,0.054241,0.0666667,14.0468
2889,0.0368428,0.0431373,14.0469
2890,0.0616531,0.0470588,14.0471
2891,0.148372,0.101961,14.0492
2892,0.378978,0.352941,14.0499
2893,0.600019,0.74902,14.0721
2894,0.40274,0.396078,14.0722
2895,0.166992,0.113725,14.075
2896,0.00804124,0.0470588,14.0765
2897,0.0561254,0.0431373,14.0767
2898,0.069685,0.054902,14.0769
2899,0.205232,0.137255,14.0815
2900,0.479469,0.494118,14.0817
2901,0.59814,0.741176,14.1022
2902,0.30565,0.27451,14.1032
2903,0.116152,0.0784314,14.1046
2904,0.0111434,0.0431373,14.1056
2905,0.0648211,0.0352941,14.1065
2906,0.0934932,0.0627451,14.1074
2907,0.227972,0.180392,14.1097
2908,0.477282,0.619608,14.13
2909,0.517157,0.682353,14.1572
2910,0.281968,0.207843,14.1627
2911,0.0674345,0.0666667,14.1627
2912,0.0181706,0.0392157,14.1632
2913,0.0564247,0.0352941,14.1636
2914,0.0964634,0.0588235,14.165
2915,0.260432,0.2,14.1687
2916,0.485987,0.694118,14.212
2917,0.452638,0.647059,14.2498
2918,0.286591,0.172549,14.2628
2919,0.0491395,0.054902,14.2629
2920,0.0224562,0.0352941,14.263
2921,0.0604476,0.0352941,14.2637
2922,0.0907757,0.0509804,14.2652
2923,0.273592,0.176471,14.2747
2924,0.48692,0.686275,14.3144
2925,0.431962,0.713725,14.3938
2926,0.308132,0.176471,14.4111
2927,0.0620502,0.0509804,14.4113
2928,0.0145528,0.0313725,14.4115
2929,0.064262,0.027451,14.4129
2930,0.0660488,0.0352941,14.4138
2931,0.197168,0.0980392,14.4237
2932,0.385921,0.470588,14.4308
2933,0.455184,0.937255,14.6632
2934,0.377584,0.301961,14.669
2935,0.164974,0.0705882,14.6779
2936,-0.0414646,0.0352941,14.6838
2937,0.0616315,0.027451,14.6849
2938,0.00181614,0.0235294,14.6854
2939,0.0242385,0.0235294,14.6854
2940,0.237818,0.0823529,14.7096
2941,0.609021,0.482353,14.7256
2942,0.463273,1,15.0137
2943,0.318483,0.290196,15.0145
2944,0.197241,0.0588235,15.0336
2945,-0.116731,0.0313725,15.0556
2946,0.106541,0.0235294,15.0625
2947,-0.0414764,0.0196078,15.0662
2948,0.156965,0.0196078,15.0851
2949,0.319622,0.0156863,15.1774
2950,0.363744,0.0196078,15.2959
2951,0.173492,0.0627451,15.3081
2952,0.509644,0.0745098,15.4975
2953,0.402183,0.0431373,15.6264
2954,0.300896,0.0509804,15.6889
2955,0.406894,0.0745098,15.7993
2956,0.360763,0.121569,15.8565
2957,0.32535,0.180392,15.8776
2958,0.253683,0.258824,15.8776
2959,0.364182,0.298039,15.882
2960,0.357179,0.262745,15.8909
2961,0.249791,0.2,15.8934
2962,0.184332,0.168627,15.8936
2963,0.129175,0.176471,15.8958
2964,0.123575,0.219608,15.9051
2965,0.179402,0.27451,15.9141
2966,0.303057,0.286275,15.9144
2967,0.309733,0.25098,15.9178
2968,0.247255,0.196078,15.9205
2969,0.193748,0.172549,15.9209
2970,0.179672,0.184314,15.9209
2971,0.20155,0.231373,15.9218
2972,0.231314,0.290196,15.9253
2973,0.298469,0.298039,15.9253
2974,0.247769,0.239216,15.9254
2975,0.188643,0.192157,15.9254
2976,0.129174,0.164706,15.9266
2977,0.15091,0.188235,15.928
2978,0.174823,0.243137,15.9327
2979,0.234345,0.294118,15.9363
2980,0.283557,0.294118,15.9364
2981,0.233366,0.239216,15.9364
2982,0.174715,0.184314,15.9365
2983,0.137163,0.164706,15.9373
2984,0.170979,0.192157,15.9377
2985,0.215295,0.247059,15.9387
2986,0.289006,0.305882,15.939
2987,0.314858,0.294118,15.9394
2988,0.2672,0.231373,15.9407
2989,0.194595,0.176471,15.941
2990,0.161074,0.164706,15.9411
2991,0.191411,0.192157,15.9411
2992,0.237676,0.258824,15.9415
2993,0.307023,0.313725,15.9416
2994,0.325111,0.294118,15.9425
2995,0.2655,0.223529,15.9443
2996,0.182876,0.172549,15.9444
2997,0.159727,0.160784,15.9444
2998,0.188691,0.2,15.9445
2999,0.242159,0.266667,15.9451
