t,predict_test,teacher
501,0.337912,0.337075,7.0008e-07
502,0.510112,0.506931,1.08155e-05
503,0.42521,0.424797,1.0986e-05
504,0.354411,0.355245,1.16822e-05
505,0.27499,0.273552,1.37497e-05
506,0.487198,0.487865,1.41936e-05
507,0.510894,0.51129,1.435e-05
508,0.314429,0.31657,1.89338e-05
509,0.247616,0.25018,2.55107e-05
510,0.409372,0.411139,2.86326e-05
511,0.384847,0.385571,2.91568e-05
512,0.263945,0.264037,2.91653e-05
513,0.337876,0.338559,2.9631e-05
514,0.413088,0.415043,3.3456e-05
515,0.287561,0.287144,3.36302e-05
516,0.231007,0.231986,3.45898e-05
517,0.416408,0.416575,3.46179e-05
518,0.442677,0.443726,3.57175e-05
519,0.297508,0.297881,3.58564e-05
520,0.248105,0.248317,3.59017e-05
521,0.444366,0.444826,3.61132e-05
522,0.52157,0.520638,3.69817e-05
523,0.415108,0.415451,3.70994e-05
524,0.338147,0.339988,4.04873e-05
525,0.491923,0.49399,4.47604e-05
526,0.480639,0.482621,4.86894e-05
527,0.483081,0.485121,5.28507e-05
528,0.321561,0.323067,5.51211e-05
529,0.308006,0.308636,5.5518e-05
530,0.266142,0.266511,5.56536e-05
531,0.478628,0.479975,5.74681e-05
532,0.3243,0.326908,6.42658e-05
533,0.247406,0.249301,6.78594e-05
534,0.213551,0.215575,7.19553e-05
535,0.403126,0.40265,7.21821e-05
536,0.465246,0.46702,7.53291e-05
537,0.286829,0.288185,7.71667e-05
538,0.289775,0.290989,7.864e-05
539,0.301783,0.303776,8.26087e-05
540,0.272828,0.271955,8.3371e-05
541,0.218659,0.21851,8.33932e-05
542,0.218992,0.222507,9.57451e-05
543,0.220771,0.222459,9.85928e-05
544,0.220417,0.221469,9.96992e-05
545,0.244896,0.24496,9.97033e-05
546,0.219136,0.219204,9.97079e-05
547,0.187755,0.188661,0.000100529
548,0.395771,0.393811,0.00010437
549,0.31994,0.317729,0.00010926
550,0.37289,0.371885,0.00011027
551,0.238727,0.239592,0.000111019
552,0.358075,0.358287,0.000111063
553,0.380212,0.380222,0.000111064
554,0.350967,0.351498,0.000111346
555,0.236509,0.23573,0.000111953
556,0.247366,0.2476,0.000112008
557,0.2415,0.242399,0.000112818
558,0.307606,0.307743,0.000112837
559,0.25217,0.255902,0.000126767
560,0.195495,0.198734,0.000137257
561,0.170664,0.173178,0.000143575
562,0.217179,0.219134,0.000147399
563,0.243624,0.244139,0.000147664
564,0.185188,0.186633,0.000149753
565,0.169692,0.168302,0.000151684
566,0.175028,0.172562,0.000157761
567,0.225935,0.222665,0.000168458
568,0.178716,0.178543,0.000168488
569,0.194042,0.192305,0.000171504
570,0.224978,0.222625,0.00017704
571,0.264193,0.26605,0.000180489
572,0.343467,0.348612,0.000206958
573,0.235598,0.237837,0.000211971
574,0.470553,0.471392,0.000212675
575,0.362641,0.362977,0.000212788
576,0.468183,0.468367,0.000212822
577,0.310826,0.308462,0.000218413
578,0.344511,0.344589,0.000218419
579,0.521793,0.519542,0.000223487
580,0.45725,0.457938,0.00022396
581,0.441719,0.443111,0.000225899
582,0.357372,0.360381,0.000234952
583,0.397006,0.397098,0.000234961
584,0.312868,0.31404,0.000236335
585,0.381354,0.381882,0.000236613
586,0.443132,0.443296,0.00023664
587,0.356251,0.35664,0.000236791
588,0.289423,0.28973,0.000236885
589,0.327197,0.328197,0.000237886
590,0.504636,0.505618,0.000238851
591,0.45458,0.453604,0.000239804
592,0.378888,0.379187,0.000239894
593,0.382344,0.383639,0.00024157
594,0.385701,0.386666,0.000242501
595,0.502186,0.501647,0.000242792
596,0.457324,0.456824,0.000243041
597,0.396113,0.39664,0.000243319
598,0.295976,0.296464,0.000243557
599,0.245891,0.245759,0.000243574
600,0.496649,0.497829,0.000244967
601,0.431673,0.433178,0.000247231
602,0.338231,0.33864,0.000247399
603,0.263229,0.262889,0.000247514
604,0.398048,0.397785,0.000247584
605,0.432643,0.430678,0.000251446
606,0.352414,0.350428,0.000255393
607,0.414154,0.412827,0.000257153
608,0.470611,0.469357,0.000258727
609,0.416574,0.411895,0.000280625
610,0.314664,0.31202,0.000287613
611,0.284817,0.282527,0.000292858
612,0.497326,0.495571,0.000295939
613,0.417538,0.417349,0.000295975
614,0.389549,0.389536,0.000295975
615,0.332001,0.334199,0.000300807
616,0.25532,0.253714,0.000303385
617,0.394313,0.392871,0.000305463
618,0.462051,0.460539,0.000307751
619,0.513383,0.512009,0.000309638
620,0.305513,0.305591,0.000309644
621,0.359841,0.361871,0.000313765
622,0.288413,0.289834,0.000315785
623,0.295116,0.293874,0.000317327
624,0.215833,0.216756,0.000318178
625,0.283657,0.283521,0.000318196
626,0.252732,0.254102,0.000320074
627,0.20711,0.206413,0.00032056
628,0.191686,0.192301,0.000320938
629,0.296574,0.294147,0.000326828
630,0.525248,0.524405,0.00032754
631,0.331701,0.331562,0.00032756
632,0.338538,0.339274,0.0003281
633,0.26652,0.266034,0.000328337
634,0.341756,0.340608,0.000329655
635,0.335231,0.334402,0.00033034
636,0.328077,0.327126,0.000331244
637,0.254946,0.253769,0.00033263
638,0.24757,0.248379,0.000333285
639,0.307217,0.308297,0.000334451
640,0.345459,0.34564,0.000334484
641,0.271429,0.272497,0.000335625
642,0.231853,0.232483,0.000336023
643,0.443482,0.444861,0.000337924
644,0.276987,0.277189,0.000337965
645,0.249455,0.249907,0.00033817
646,0.200001,0.198925,0.000339327
647,0.212378,0.212937,0.00033964
648,0.183957,0.184714,0.000340214
649,0.203021,0.204917,0.000343809
650,0.186872,0.187572,0.000344299
651,0.188511,0.189605,0.000345496
652,0.382188,0.382798,0.000345868
653,0.293231,0.292155,0.000347025
654,0.391666,0.392551,0.000347809
655,0.266276,0.267009,0.000348346
656,0.397399,0.397797,0.000348505
657,0.359079,0.35876,0.000348606
658,0.359966,0.357606,0.000354175
659,0.274585,0.272202,0.000359856
660,0.228509,0.227769,0.000360404
661,0.278407,0.277294,0.000361643
662,0.336679,0.335369,0.00036336
663,0.26495,0.265173,0.000363409
664,0.229168,0.228417,0.000363973
665,0.239264,0.2373,0.000367832
666,0.289884,0.289962,0.000367839
667,0.24161,0.24184,0.000367891
668,0.198091,0.198845,0.000368461
669,0.236567,0.237273,0.00036896
670,0.283536,0.283616,0.000368966
671,0.314389,0.313521,0.00036972
672,0.224882,0.223737,0.000371031
673,0.332997,0.33289,0.000371043
674,0.303423,0.302577,0.000371758
675,0.316662,0.316013,0.000372179
676,0.223979,0.222553,0.000374211
677,0.286296,0.284719,0.000376699
678,0.301162,0.299067,0.000381089
679,0.387932,0.385268,0.00038819
680,0.250134,0.246796,0.000399333
681,0.234839,0.232601,0.000404339
682,0.534629,0.534195,0.000404528
683,0.435104,0.43287,0.000409517
684,0.271273,0.270619,0.000409945
685,0.218729,0.217748,0.000410908
686,0.32233,0.320795,0.000413264
687,0.323489,0.321132,0.00041882
688,0.223764,0.222692,0.000419971
689,0.244056,0.242631,0.000422004
690,0.23146,0.233163,0.000424904
691,0.324187,0.323753,0.000425093
692,0.339096,0.33817,0.000425951
693,0.369137,0.370196,0.000427073
694,0.240363,0.239701,0.000427512
695,0.292863,0.293612,0.000428075
696,0.518874,0.518876,0.000428075
697,0.433408,0.434758,0.000429896
698,0.272727,0.272109,0.000430278
699,0.289613,0.288963,0.000430701
700,0.512783,0.513008,0.000430752
701,0.419737,0.420786,0.000431852
702,0.333158,0.334488,0.00043362
703,0.3869,0.387782,0.000434398
704,0.441907,0.442317,0.000434566
705,0.290653,0.290473,0.000434599
706,0.265821,0.26553,0.000434684
707,0.231896,0.232079,0.000434717
708,0.296775,0.295393,0.000436627
709,0.228808,0.228147,0.000437064
710,0.242615,0.241049,0.000439516
711,0.210489,0.210391,0.000439525
712,0.304471,0.303632,0.00044023
713,0.239855,0.240401,0.000440528
714,0.228695,0.229068,0.000440668
715,0.269186,0.269625,0.000440861
716,0.366945,0.366992,0.000440863
717,0.275455,0.276623,0.000442226
718,0.235399,0.236873,0.000444398
719,0.27018,0.270001,0.00044443
720,0.262729,0.263564,0.000445127
721,0.230841,0.232009,0.00044649
722,0.207968,0.210108,0.000451069
723,0.342129,0.344754,0.000457957
724,0.304809,0.30636,0.000460363
725,0.240195,0.241794,0.000462921
726,0.211122,0.212028,0.000463741
727,0.461565,0.462343,0.000464346
728,0.574021,0.572292,0.000467338
729,0.356873,0.356333,0.00046763
730,0.249409,0.248839,0.000467954
731,0.247316,0.245717,0.00047051
732,0.524121,0.522249,0.000474014
733,0.321531,0.321417,0.000474027
734,0.240928,0.241803,0.000474793
735,0.252862,0.25105,0.000478076
736,0.512995,0.510372,0.000484956
737,0.354522,0.354789,0.000485028
738,0.338037,0.33898,0.000485917
739,0.353314,0.354087,0.000486515
740,0.24638,0.24609,0.000486599
741,0.299407,0.297094,0.000491949
742,0.264523,0.260392,0.000509016
743,0.200695,0.198387,0.000514339
744,0.169416,0.173375,0.000530011
745,0.324903,0.326837,0.000533752
746,0.234813,0.232627,0.000538533
747,0.188973,0.184097,0.000562309
748,0.182191,0.174803,0.000616887
749,0.373532,0.367216,0.00065677
750,0.243047,0.241994,0.000657878
751,0.214702,0.212505,0.000662707
752,0.367615,0.364393,0.00067309
753,0.411337,0.413077,0.000676119
754,0.266157,0.268528,0.000681741
755,0.327321,0.326375,0.000682635
756,0.238841,0.235852,0.000691564
757,0.29403,0.292235,0.000694784
758,0.286971,0.288076,0.000696005
759,0.408624,0.408289,0.000696117
760,0.264142,0.26119,0.000704829
761,0.316128,0.315739,0.000704981
762,0.494468,0.491136,0.000716084
763,0.410734,0.406896,0.000730811
764,0.454269,0.44894,0.000759206
765,0.304859,0.300105,0.000781803
766,0.428571,0.425945,0.0007887
767,0.373078,0.370331,0.000796246
768,0.29747,0.293765,0.00080997
769,0.23116,0.227325,0.000824677
770,0.42723,0.426494,0.000825217
771,0.393307,0.392195,0.000826454
772,0.27662,0.274445,0.000831184
773,0.34186,0.341326,0.000831468
774,0.309133,0.308851,0.000831547
775,0.253292,0.250189,0.000841176
776,0.204031,0.204033,0.000841176
777,0.231897,0.231988,0.000841184
778,0.270773,0.272711,0.00084494
779,0.228527,0.230999,0.000851052
780,0.199232,0.200756,0.000853374
781,0.229099,0.231146,0.000857563
782,0.246977,0.248025,0.000858663
783,0.3604,0.361509,0.000859892
784,0.461484,0.461182,0.000859984
785,0.44499,0.441932,0.00086934
786,0.296846,0.294422,0.000875214
787,0.337536,0.335115,0.000881074
788,0.459348,0.45613,0.000891428
789,0.353438,0.351718,0.000894385
790,0.312715,0.311109,0.000896967
791,0.339135,0.340253,0.000898216
792,0.285251,0.284916,0.000898329
793,0.237977,0.238062,0.000898336
794,0.362398,0.362609,0.00089838
795,0.410487,0.410916,0.000898564
796,0.26694,0.266106,0.000899259
797,0.252217,0.252048,0.000899287
798,0.304472,0.303557,0.000900125
799,0.268318,0.267897,0.000900303
800,0.240388,0.239619,0.000900893
801,0.382685,0.383,0.000900992
802,0.306991,0.307663,0.000901443
803,0.241783,0.242627,0.000902155
804,0.246401,0.247109,0.000902656
805,0.480225,0.481916,0.000905518
806,0.360342,0.360756,0.00090569
807,0.291278,0.290392,0.000906475
808,0.223645,0.222239,0.000908452
809,0.410737,0.409974,0.000909035
810,0.348032,0.348545,0.000909298
811,0.296926,0.29692,0.000909298
812,0.24038,0.240652,0.000909371
813,0.421291,0.422126,0.000910069
814,0.346465,0.346909,0.000910266
815,0.404756,0.40459,0.000910293
816,0.380023,0.380592,0.000910618
817,0.316954,0.318361,0.000912598
818,0.338219,0.338509,0.000912682
819,0.400748,0.4002,0.000912982
820,0.354672,0.352945,0.000915965
821,0.272606,0.27186,0.000916523
822,0.337444,0.337078,0.000916657
823,0.392071,0.393011,0.00091754
824,0.321141,0.319419,0.000920507
825,0.266404,0.265451,0.000921414
826,0.353014,0.353851,0.000922115
827,0.511378,0.510295,0.000923288
828,0.402708,0.402715,0.000923288
829,0.302598,0.303068,0.000923509
830,0.449506,0.449715,0.000923553
831,0.544114,0.545024,0.000924381
832,0.36928,0.370485,0.000925833
833,0.383129,0.383502,0.000925971
834,0.412333,0.413586,0.000927542
835,0.455561,0.456079,0.000927811
836,0.351985,0.35399,0.00093183
837,0.530135,0.53046,0.000931935
838,0.453561,0.455603,0.000936108
839,0.293027,0.292078,0.000937008
840,0.423813,0.425735,0.000940703
841,0.497982,0.499741,0.000943797
842,0.338834,0.34014,0.000945503
843,0.243088,0.243592,0.000945757
844,0.289657,0.289055,0.000946119
845,0.224308,0.224325,0.00094612
846,0.198162,0.198712,0.000946422
847,0.226761,0.229959,0.000956654
848,0.301147,0.305446,0.000975133
849,0.222434,0.222096,0.000975247
850,0.216316,0.215722,0.0009756
851,0.200628,0.199301,0.000977358
852,0.277368,0.27705,0.000977459
853,0.218848,0.22115,0.000982762
854,0.179614,0.182956,0.000993927
855,0.252153,0.252776,0.000994315
856,0.280942,0.283107,0.000999004
857,0.215745,0.216596,0.00099973
858,0.176342,0.177614,0.00100135
859,0.367244,0.367608,0.00100148
860,0.49137,0.490725,0.0010019
861,0.42647,0.424916,0.00100431
862,0.26326,0.263593,0.00100442
863,0.290523,0.289376,0.00100574
864,0.304818,0.3046,0.00100578
865,0.451427,0.450494,0.00100666
866,0.294114,0.295859,0.0010097
867,0.290756,0.291631,0.00101046
868,0.300483,0.301064,0.0010108
869,0.35337,0.353639,0.00101087
870,0.274517,0.274949,0.00101106
871,0.373976,0.373574,0.00101122
872,0.374021,0.374207,0.00101126
873,0.388476,0.388543,0.00101126
874,0.266844,0.265047,0.00101449
875,0.323996,0.322074,0.00101819
876,0.254911,0.253381,0.00102053
877,0.345021,0.342849,0.00102525
878,0.294136,0.294834,0.00102573
879,0.239072,0.238098,0.00102668
880,0.212849,0.212253,0.00102703
881,0.231014,0.23118,0.00102706
882,0.333349,0.334699,0.00102889
883,0.255568,0.256548,0.00102984
884,0.263531,0.264591,0.00103097
885,0.262267,0.262793,0.00103125
886,0.249338,0.249544,0.00103129
887,0.326417,0.326426,0.00103129
888,0.318474,0.31877,0.00103138
889,0.224312,0.225276,0.0010323
890,0.26942,0.270631,0.00103377
891,0.366728,0.367256,0.00103405
892,0.289406,0.289279,0.00103407
893,0.215943,0.21637,0.00103425
894,0.245312,0.24664,0.00103601
895,0.339904,0.340248,0.00103613
896,0.275407,0.27529,0.00103614
897,0.380802,0.379856,0.00103704
898,0.302093,0.301501,0.00103739
899,0.240611,0.23907,0.00103976
900,0.196439,0.196405,0.00103977
901,0.331165,0.331191,0.00103977
902,0.271379,0.272543,0.00104112
903,0.201798,0.202383,0.00104146
904,0.186415,0.186524,0.00104147
905,0.21626,0.219159,0.00104987
906,0.244254,0.248079,0.00106451
907,0.191023,0.19253,0.00106678
908,0.190121,0.192137,0.00107084
909,0.163932,0.169225,0.00109885
910,0.430404,0.429952,0.00109906
911,0.315111,0.312621,0.00110526
912,0.238633,0.239633,0.00110626
913,0.193297,0.193739,0.00110645
914,0.245181,0.245218,0.00110645
915,0.214386,0.215187,0.00110709
916,0.443025,0.444073,0.00110819
917,0.302486,0.301987,0.00110844
918,0.289347,0.29101,0.00111121
919,0.228223,0.227673,0.00111151
920,0.272943,0.271907,0.00111259
921,0.247811,0.245382,0.00111849
922,0.448485,0.448397,0.0011185
923,0.457921,0.455468,0.00112452
924,0.292045,0.288704,0.00113568
925,0.38886,0.386903,0.00113951
926,0.373566,0.372704,0.00114026
927,0.486757,0.485595,0.00114161
928,0.316149,0.316552,0.00114177
929,0.428037,0.429618,0.00114427
930,0.416107,0.416457,0.00114439
931,0.280357,0.278187,0.0011491
932,0.238066,0.23749,0.00114943
933,0.396259,0.395947,0.00114953
934,0.344154,0.344043,0.00114954
935,0.241958,0.241729,0.00114959
936,0.217413,0.216686,0.00115012
937,0.278488,0.278234,0.00115019
938,0.20684,0.206359,0.00115042
939,0.407096,0.405404,0.00115328
940,0.252466,0.25095,0.00115558
941,0.237037,0.235561,0.00115776
942,0.18919,0.188505,0.00115823
943,0.363863,0.359659,0.0011759
944,0.235577,0.233796,0.00117908
945,0.209221,0.207114,0.00118352
946,0.20789,0.204519,0.00119489
947,0.359389,0.358104,0.00119653
948,0.231361,0.231939,0.00119687
949,0.193242,0.193387,0.00119689
950,0.304464,0.304868,0.00119705
951,0.475505,0.477737,0.00120203
952,0.430215,0.432321,0.00120647
953,0.293972,0.295956,0.0012104
954,0.478528,0.478752,0.00121045
955,0.460946,0.462021,0.00121161
956,0.393135,0.394607,0.00121378
957,0.268079,0.267859,0.00121382
958,0.50284,0.504899,0.00121807
959,0.376282,0.377571,0.00121973
960,0.254626,0.255095,0.00121995
961,0.198626,0.200278,0.00122268
962,0.310596,0.311941,0.00122448
963,0.332159,0.334343,0.00122925
964,0.23076,0.22727,0.00124143
965,0.187186,0.18656,0.00124183
966,0.247486,0.24458,0.00125027
967,0.240853,0.238847,0.0012543
968,0.245714,0.2451,0.00125467
969,0.199572,0.200603,0.00125574
970,0.289885,0.288864,0.00125678
971,0.227424,0.22936,0.00126053
972,0.306091,0.307106,0.00126156
973,0.264632,0.264106,0.00126183
974,0.405148,0.405944,0.00126247
975,0.29228,0.293533,0.00126403
976,0.355308,0.356671,0.00126589
977,0.310266,0.310781,0.00126616
978,0.279521,0.280369,0.00126688
979,0.235056,0.235165,0.00126689
980,0.225115,0.226783,0.00126967
981,0.21342,0.212903,0.00126994
982,0.212899,0.212788,0.00126995
983,0.195066,0.196906,0.00127333
984,0.223748,0.2248,0.00127444
985,0.248655,0.25051,0.00127788
986,0.259664,0.262638,0.00128673
987,0.203963,0.205785,0.00129005
988,0.283489,0.285341,0.00129348
989,0.448171,0.44979,0.0012961
990,0.299172,0.299588,0.00129627
991,0.26469,0.2628,0.00129985
992,0.223846,0.221388,0.00130589
993,0.407345,0.40609,0.00130746
994,0.256994,0.258195,0.0013089
995,0.347988,0.349418,0.00131095
996,0.2485,0.249743,0.00131249
997,0.217306,0.215722,0.001315
998,0.190272,0.19187,0.00131756
999,0.19745,0.198561,0.00131879
1000,0.236103,0.23892,0.00132673
1001,0.183867,0.187611,0.00134074
1002,0.37116,0.374803,0.00135402
1003,0.27968,0.280731,0.00135512
1004,0.22095,0.21957,0.00135703
1005,0.188325,0.187905,0.0013572
1006,0.358297,0.358099,0.00135724
1007,0.417579,0.41738,0.00135728
1008,0.279238,0.279989,0.00135785
1009,0.231603,0.231991,0.001358
1010,0.315337,0.313838,0.00136024
1011,0.3209,0.319982,0.00136109
1012,0.271361,0.270355,0.0013621
1013,0.246191,0.245019,0.00136347
1014,0.276958,0.276103,0.0013642
1015,0.269816,0.268318,0.00136645
1016,0.243485,0.245069,0.00136896
1017,0.220361,0.220345,0.00136896
1018,0.280468,0.279686,0.00136957
1019,0.310149,0.309744,0.00136974
1020,0.470915,0.469337,0.00137223
1021,0.312125,0.311404,0.00137274
1022,0.335912,0.335448,0.00137296
1023,0.45216,0.450923,0.00137449
1024,0.373614,0.373235,0.00137464
1025,0.265586,0.264768,0.0013753
1026,0.313575,0.312394,0.0013767
1027,0.361427,0.360786,0.00137711
1028,0.283696,0.283055,0.00137752
1029,0.248733,0.249927,0.00137895
1030,0.337549,0.338185,0.00137935
1031,0.391269,0.391125,0.00137937
1032,0.332061,0.331844,0.00137942
1033,0.404291,0.40432,0.00137942
1034,0.302043,0.300917,0.00138069
1035,0.311371,0.308373,0.00138968
1036,0.314965,0.310906,0.00140615
1037,0.227196,0.223499,0.00141982
1038,0.201574,0.199468,0.00142425
1039,0.274374,0.274222,0.00142427
1040,0.27376,0.273415,0.00142439
1041,0.201845,0.200032,0.00142768
1042,0.270626,0.267761,0.00143589
1043,0.448823,0.447345,0.00143808
1044,0.301143,0.301743,0.00143844
1045,0.213624,0.215041,0.00144045
1046,0.498381,0.497286,0.00144164
1047,0.502898,0.503619,0.00144216
1048,0.316077,0.318507,0.00144807
1049,0.229694,0.229738,0.00144807
1050,0.292259,0.289973,0.00145329
1051,0.263269,0.26118,0.00145766
1052,0.26931,0.267018,0.00146291
1053,0.237533,0.238683,0.00146423
1054,0.263814,0.267104,0.00147506
1055,0.203525,0.206001,0.00148119
1056,0.185804,0.188628,0.00148916
1057,0.309492,0.312624,0.00149896
1058,0.224591,0.228404,0.00151351
1059,0.209977,0.211229,0.00151508
1060,0.175819,0.177063,0.00151662
1061,0.296932,0.29689,0.00151662
1062,0.221061,0.221302,0.00151668
1063,0.231671,0.232618,0.00151758
1064,0.18436,0.185602,0.00151912
1065,0.212028,0.211557,0.00151934
1066,0.313289,0.312925,0.00151948
1067,0.225754,0.225486,0.00151955
1068,0.191521,0.191276,0.00151961
1069,0.17504,0.174859,0.00151964
1070,0.283608,0.28176,0.00152306
1071,0.241017,0.239966,0.00152416
1072,0.246267,0.247098,0.00152485
1073,0.218301,0.218487,0.00152489
1074,0.338416,0.341187,0.00153257
1075,0.395843,0.398634,0.00154036
1076,0.372124,0.374617,0.00154658
1077,0.459887,0.460929,0.00154767
1078,0.51657,0.515168,0.00154963
1079,0.39311,0.392595,0.0015499
1080,0.456848,0.456357,0.00155014
1081,0.562339,0.561985,0.00155026
1082,0.357011,0.35878,0.00155339
1083,0.359382,0.359385,0.00155339
1084,0.25575,0.253712,0.00155754
1085,0.378701,0.378768,0.00155755
1086,0.276775,0.275422,0.00155938
1087,0.351946,0.350166,0.00156255
1088,0.237958,0.236803,0.00156388
1089,0.321043,0.319269,0.00156703
1090,0.253016,0.252701,0.00156713
1091,0.349724,0.350463,0.00156767
1092,0.322411,0.321217,0.0015691
1093,0.410187,0.4085,0.00157195
1094,0.27066,0.267069,0.00158484
1095,0.432078,0.4293,0.00159256
1096,0.452895,0.45147,0.00159459
1097,0.35968,0.358925,0.00159516
1098,0.298403,0.296606,0.00159839
1099,0.262846,0.261988,0.00159912
1100,0.262885,0.260907,0.00160303
1101,0.284483,0.283895,0.00160338
1102,0.301692,0.30322,0.00160571
1103,0.257671,0.258444,0.00160631
1104,0.207946,0.207495,0.00160651
1105,0.343558,0.34316,0.00160667
1106,0.371201,0.370713,0.00160691
1107,0.314211,0.313836,0.00160705
1108,0.276473,0.275529,0.00160794
1109,0.228457,0.225592,0.00161615
1110,0.21129,0.210161,0.00161743
1111,0.246933,0.247361,0.00161761
1112,0.484645,0.487687,0.00162686
1113,0.315612,0.314501,0.0016281
1114,0.23945,0.238908,0.00162839
1115,0.338817,0.338506,0.00162849
1116,0.308365,0.306522,0.00163188
1117,0.25754,0.25565,0.00163545
1118,0.256493,0.255474,0.00163649
1119,0.343637,0.343331,0.00163658
1120,0.319037,0.319103,0.00163659
1121,0.262761,0.261522,0.00163812
1122,0.292347,0.289744,0.0016449
1123,0.438407,0.434413,0.00166085
1124,0.63607,0.62646,0.0017532
1125,0.614308,0.605735,0.0018267
1126,0.457696,0.453668,0.00184292
1127,0.348186,0.342942,0.00187042
1128,0.279076,0.26956,0.00196098
1129,0.408565,0.398346,0.00206541
1130,0.310605,0.304964,0.00209722
1131,0.241704,0.239737,0.00210109
1132,0.201297,0.201971,0.00210155
1133,0.206024,0.205863,0.00210157
1134,0.181194,0.182045,0.00210229
1135,0.230227,0.227042,0.00211244
1136,0.320822,0.319455,0.00211431
1137,0.246862,0.247332,0.00211453
1138,0.192996,0.194054,0.00211565
1139,0.305882,0.305119,0.00211623
1140,0.396502,0.397198,0.00211672
1141,0.476034,0.475348,0.00211719
1142,0.337473,0.33933,0.00212064
1143,0.421221,0.42218,0.00212156
1144,0.280343,0.279955,0.00212171
1145,0.238812,0.23811,0.0021222
1146,0.218982,0.217112,0.0021257
1147,0.341008,0.341531,0.00212597
1148,0.237077,0.23709,0.00212597
1149,0.207952,0.2074,0.00212628
1150,0.212926,0.213565,0.00212669
1151,0.321299,0.322254,0.0021276
1152,0.272826,0.27372,0.0021284
1153,0.374651,0.374103,0.0021287
1154,0.468566,0.468419,0.00212872
1155,0.340492,0.342005,0.00213101
1156,0.244159,0.243971,0.00213105
1157,0.351783,0.350379,0.00213302
1158,0.371759,0.370565,0.00213445
1159,0.288093,0.286957,0.00213574
1160,0.236714,0.237717,0.00213674
1161,0.267975,0.269299,0.0021385
1162,0.28872,0.288875,0.00213852
1163,0.275062,0.275676,0.0021389
1164,0.238732,0.239734,0.0021399
1165,0.282491,0.284045,0.00214232
1166,0.384645,0.384467,0.00214235
1167,0.349764,0.347859,0.00214597
1168,0.26021,0.259537,0.00214643
1169,0.227325,0.226549,0.00214703
1170,0.503698,0.503527,0.00214706
1171,0.438858,0.437537,0.0021488
1172,0.315288,0.314934,0.00214893
1173,0.253969,0.254023,0.00214893
1174,0.402182,0.401874,0.00214903
1175,0.485676,0.484682,0.00215001
1176,0.345568,0.344909,0.00215045
1177,0.448473,0.447569,0.00215126
1178,0.413591,0.414201,0.00215164
1179,0.510208,0.508391,0.00215494
1180,0.533847,0.533485,0.00215507
1181,0.331905,0.331031,0.00215583
1182,0.26413,0.260791,0.00216698
1183,0.282317,0.27975,0.00217357
1184,0.23935,0.236149,0.00218382
1185,0.201413,0.201199,0.00218387
1186,0.181059,0.183978,0.00219239
1187,0.252394,0.255012,0.00219924
1188,0.217334,0.217701,0.00219937
1189,0.449388,0.448236,0.0022007
1190,0.26758,0.264832,0.00220825
1191,0.466941,0.464486,0.00221428
1192,0.323391,0.323183,0.00221432
1193,0.387976,0.388122,0.00221434
1194,0.255847,0.253877,0.00221823
1195,0.429473,0.427535,0.00222198
1196,0.326174,0.32483,0.00222379
1197,0.399503,0.398994,0.00222405
1198,0.297924,0.298784,0.00222479
1199,0.31302,0.31292,0.0022248
1200,0.373005,0.372196,0.00222545
1201,0.595178,0.59289,0.00223069
1202,0.43753,0.435443,0.00223504
1203,0.394326,0.392655,0.00223783
1204,0.266395,0.260618,0.00227121
1205,0.394875,0.392125,0.00227877
1206,0.313601,0.312468,0.00228005
1207,0.354077,0.354765,0.00228052
1208,0.236906,0.238271,0.00228239
1209,0.353512,0.353391,0.0022824
1210,0.316572,0.317173,0.00228276
1211,0.343128,0.343828,0.00228325
1212,0.370717,0.370524,0.00228329
1213,0.339316,0.339335,0.00228329
1214,0.3192,0.317067,0.00228784
1215,0.338815,0.338367,0.00228804
1216,0.567556,0.567426,0.00228806
1217,0.429079,0.427427,0.00229079
1218,0.326169,0.324692,0.00229297
1219,0.30319,0.302009,0.00229436
1220,0.499066,0.499564,0.00229461
1221,0.593931,0.593841,0.00229462
1222,0.415355,0.418223,0.00230284
1223,0.421233,0.424724,0.00231503
1224,0.318005,0.321454,0.00232693
1225,0.294941,0.293826,0.00232817
1226,0.344153,0.34173,0.00233404
1227,0.29384,0.294542,0.00233453
1228,0.26458,0.265806,0.00233604
1229,0.215565,0.215813,0.0023361
1230,0.275601,0.276369,0.00233669
1231,0.218817,0.218809,0.00233669
1232,0.455454,0.455004,0.00233689
1233,0.327459,0.326818,0.0023373
1234,0.342331,0.341073,0.00233888
1235,0.249111,0.248949,0.00233891
1236,0.205846,0.204379,0.00234106
1237,0.315715,0.315905,0.0023411
1238,0.272717,0.274348,0.00234376
1239,0.2701,0.273801,0.00235746
1240,0.201015,0.204878,0.00237238
1241,0.194762,0.196377,0.00237499
1242,0.223347,0.225045,0.00237787
1243,0.338521,0.341941,0.00238956
1244,0.372956,0.373091,0.00238958
1245,0.264621,0.264094,0.00238986
1246,0.232453,0.231904,0.00239016
1247,0.235421,0.236686,0.00239176
1248,0.23351,0.234293,0.00239238
1249,0.274324,0.272305,0.00239645
1250,0.223274,0.223937,0.00239689
1251,0.224126,0.22427,0.00239691
1252,0.218341,0.219616,0.00239854
1253,0.219867,0.219874,0.00239854
1254,0.188041,0.189278,0.00240007
1255,0.251365,0.253646,0.00240527
1256,0.366836,0.367648,0.00240593
1257,0.327949,0.328385,0.00240612
1258,0.234224,0.234644,0.0024063
1259,0.196639,0.196507,0.00240631
1260,0.347067,0.347617,0.00240662
1261,0.468705,0.468677,0.00240662
1262,0.348989,0.348631,0.00240675
1263,0.241784,0.240929,0.00240748
1264,0.421868,0.421454,0.00240765
1265,0.32288,0.321793,0.00240883
1266,0.229171,0.227791,0.00241073
1267,0.263118,0.262026,0.00241192
1268,0.225376,0.225394,0.00241193
1269,0.215678,0.212664,0.00242101
1270,0.18839,0.186102,0.00242624
1271,0.168552,0.166865,0.00242909
1272,0.179706,0.178925,0.0024297
1273,0.313265,0.311459,0.00243296
1274,0.536468,0.534319,0.00243758
1275,0.30149,0.298091,0.00244913
1276,0.342031,0.341157,0.00244989
1277,0.27694,0.273006,0.00246536
1278,0.427159,0.424922,0.00247037
1279,0.529049,0.525203,0.00248516
1280,0.518795,0.511447,0.00253914
1281,0.323739,0.318401,0.00256763
1282,0.389669,0.389271,0.00256779
1283,0.287527,0.286064,0.00256993
1284,0.511614,0.511199,0.00257011
1285,0.30434,0.307613,0.00258082
1286,0.261918,0.265744,0.00259546
1287,0.202563,0.204451,0.00259903
1288,0.295578,0.293382,0.00260385
1289,0.211854,0.211326,0.00260413
1290,0.212824,0.207758,0.0026298
1291,0.189022,0.186309,0.00263716
1292,0.196785,0.192552,0.00265508
1293,0.172081,0.169315,0.00266273
1294,0.257378,0.251023,0.00270311
1295,0.289068,0.288601,0.00270333
1296,0.211961,0.214866,0.00271177
1297,0.261572,0.263684,0.00271623
1298,0.289072,0.290445,0.00271812
1299,0.257271,0.258793,0.00272043
1300,0.241415,0.243299,0.00272398
1301,0.264866,0.266778,0.00272764
1302,0.319348,0.320903,0.00273006
1303,0.239823,0.242597,0.00273775
1304,0.230087,0.231652,0.0027402
1305,0.208564,0.20967,0.00274143
1306,0.378648,0.379113,0.00274164
1307,0.274138,0.272629,0.00274392
1308,0.235446,0.234922,0.00274419
1309,0.221215,0.221333,0.00274421
1310,0.411772,0.411127,0.00274462
1311,0.255592,0.254896,0.00274511
1312,0.385913,0.384428,0.00274731
1313,0.338461,0.338197,0.00274738
1314,0.397585,0.398714,0.00274866
1315,0.254739,0.255308,0.00274898
1316,0.461413,0.462538,0.00275025
1317,0.505339,0.505941,0.00275061
1318,0.463824,0.466387,0.00275718
1319,0.308199,0.312031,0.00277186
1320,0.493802,0.496501,0.00277915
1321,0.5271,0.52917,0.00278343
1322,0.3211,0.32496,0.00279833
1323,0.447856,0.451908,0.00281475
1324,0.421947,0.425111,0.00282476
1325,0.451707,0.451592,0.00282478
1326,0.289133,0.290617,0.00282698
1327,0.232999,0.230073,0.00283554
1328,0.371288,0.368669,0.0028424
1329,0.283769,0.278299,0.00287232
1330,0.230766,0.231396,0.00287272
1331,0.20074,0.20246,0.00287568
1332,0.202062,0.203579,0.00287798
1333,0.194208,0.19663,0.00288385
1334,0.187608,0.187524,0.00288385
1335,0.232414,0.235963,0.00289645
1336,0.192184,0.193662,0.00289863
1337,0.315895,0.315392,0.00289889
1338,0.335989,0.334244,0.00290193
1339,0.282773,0.281215,0.00290436
1340,0.232683,0.231252,0.00290641
1341,0.502006,0.499944,0.00291066
1342,0.421259,0.418374,0.00291898
1343,0.29215,0.291407,0.00291953
1344,0.221326,0.220207,0.00292079
1345,0.479896,0.481081,0.00292219
1346,0.347409,0.348275,0.00292294
1347,0.241179,0.241245,0.00292295
1348,0.194989,0.195772,0.00292356
1349,0.242201,0.242075,0.00292358
1350,0.252327,0.250311,0.00292764
1351,0.239431,0.23669,0.00293515
1352,0.212088,0.212402,0.00293525
1353,0.232981,0.234662,0.00293807
1354,0.384106,0.385824,0.00294103
1355,0.403312,0.404192,0.0029418
1356,0.317956,0.318377,0.00294198
1357,0.262365,0.261864,0.00294223
1358,0.409467,0.409165,0.00294232
1359,0.418314,0.417566,0.00294288
1360,0.313062,0.31132,0.00294591
1361,0.253287,0.251655,0.00294858
1362,0.358355,0.358345,0.00294858
1363,0.434817,0.434348,0.0029488
1364,0.290932,0.290316,0.00294918
1365,0.327355,0.327728,0.00294932
1366,0.407657,0.408201,0.00294961
1367,0.506467,0.505566,0.00295043
1368,0.327971,0.328738,0.00295101
1369,0.272789,0.272328,0.00295123
1370,0.458512,0.458287,0.00295128
1371,0.295748,0.29529,0.00295149
1372,0.331034,0.33069,0.00295161
1373,0.269829,0.26946,0.00295174
1374,0.391919,0.392234,0.00295184
1375,0.262617,0.263535,0.00295268
1376,0.372851,0.373031,0.00295272
1377,0.325824,0.325344,0.00295295
1378,0.297216,0.295093,0.00295746
1379,0.445315,0.444125,0.00295887
1380,0.561253,0.5591,0.00296351
1381,0.414653,0.41349,0.00296486
1382,0.32712,0.327258,0.00296488
1383,0.40337,0.403889,0.00296515
1384,0.375827,0.376175,0.00296527
1385,0.34156,0.341059,0.00296552
1386,0.375028,0.376212,0.00296692
1387,0.342349,0.344015,0.0029697
1388,0.321615,0.322575,0.00297062
1389,0.296115,0.296339,0.00297067
1390,0.438382,0.438998,0.00297105
1391,0.327278,0.32773,0.00297126
1392,0.433776,0.43278,0.00297225
1393,0.444856,0.444323,0.00297253
1394,0.481328,0.48124,0.00297254
1395,0.326276,0.327353,0.0029737
1396,0.311957,0.312753,0.00297433
1397,0.485599,0.486614,0.00297537
1398,0.464302,0.465981,0.00297818
1399,0.296033,0.297072,0.00297926
1400,0.243648,0.245327,0.00298208
1401,0.417045,0.419178,0.00298663
1402,0.499172,0.499924,0.00298719
1403,0.304735,0.305352,0.00298757
1404,0.300405,0.300459,0.00298757
1405,0.329108,0.330263,0.00298891
1406,0.462581,0.462533,0.00298891
1407,0.29593,0.29806,0.00299345
1408,0.255888,0.25724,0.00299527
1409,0.250651,0.249901,0.00299584
1410,0.393917,0.392896,0.00299688
1411,0.323574,0.323084,0.00299712
1412,0.243666,0.243373,0.00299721
1413,0.230211,0.229942,0.00299728
1414,0.404037,0.404692,0.00299771
1415,0.311349,0.310532,0.00299837
1416,0.223025,0.22397,0.00299927
1417,0.231369,0.231489,0.00299928
1418,0.39465,0.394737,0.00299929
1419,0.274622,0.273598,0.00300034
1420,0.205966,0.205141,0.00300102
1421,0.196424,0.195284,0.00300232
1422,0.212488,0.212276,0.00300236
1423,0.225321,0.22305,0.00300752
1424,0.230328,0.227955,0.00301315
1425,0.202951,0.202141,0.00301381
1426,0.217543,0.219221,0.00301663
1427,0.184408,0.187138,0.00302408
1428,0.318465,0.32017,0.00302699
1429,0.369538,0.370883,0.0030288
1430,0.349666,0.350802,0.00303009
1431,0.237699,0.239014,0.00303182
1432,0.255324,0.255904,0.00303215
1433,0.478977,0.478107,0.00303291
1434,0.303582,0.303309,0.00303299
1435,0.2838,0.284038,0.00303304
1436,0.261889,0.261406,0.00303328
1437,0.354596,0.35292,0.00303608
1438,0.237049,0.238726,0.0030389
1439,0.324234,0.324547,0.00303899
1440,0.261018,0.26167,0.00303942
1441,0.2741,0.273396,0.00303992
1442,0.209917,0.210447,0.0030402
1443,0.312454,0.310285,0.0030449
1444,0.279469,0.279533,0.00304491
1445,0.268063,0.269315,0.00304647
1446,0.305064,0.307406,0.00305196
1447,0.31661,0.318933,0.00305735
1448,0.477997,0.478724,0.00305788
1449,0.386697,0.387418,0.0030584
1450,0.33606,0.335892,0.00305843
1451,0.32559,0.324467,0.00305969
1452,0.260744,0.259022,0.00306266
1453,0.258761,0.256432,0.00306808
1454,0.295834,0.296436,0.00306845
1455,0.25667,0.257682,0.00306947
1456,0.20851,0.209185,0.00306993
1457,0.209278,0.209512,0.00306998
1458,0.286512,0.286622,0.00306999
1459,0.243655,0.243136,0.00307026
1460,0.296673,0.29482,0.0030737
1461,0.269161,0.268997,0.00307372
1462,0.249158,0.24902,0.00307374
1463,0.202557,0.203828,0.00307536
1464,0.344527,0.344373,0.00307538
1465,0.318952,0.319488,0.00307567
1466,0.307859,0.308055,0.00307571
1467,0.219851,0.220081,0.00307576
1468,0.333206,0.333367,0.00307578
1469,0.320917,0.322015,0.00307699
1470,0.23474,0.235828,0.00307817
1471,0.236115,0.237678,0.00308062
1472,0.190171,0.193007,0.00308866
1473,0.191184,0.192949,0.00309177
1474,0.177998,0.179064,0.00309291
1475,0.359732,0.361933,0.00309776
1476,0.231409,0.230918,0.003098
1477,0.218805,0.215994,0.0031059
1478,0.22177,0.220346,0.00310793
1479,0.295009,0.292959,0.00311213
1480,0.214023,0.215509,0.00311434
1481,0.199259,0.199891,0.00311474
1482,0.258849,0.260511,0.0031175
1483,0.217424,0.221558,0.00313459
1484,0.192548,0.194353,0.00313785
1485,0.180679,0.179318,0.0031397
1486,0.317872,0.318126,0.00313977
1487,0.216852,0.219158,0.00314508
1488,0.231805,0.231318,0.00314532
1489,0.239107,0.237385,0.00314829
1490,0.301043,0.300866,0.00314832
1491,0.22508,0.22662,0.00315069
1492,0.202001,0.20305,0.00315179
1493,0.237742,0.239225,0.00315399
1494,0.30845,0.310538,0.00315835
1495,0.303127,0.304126,0.00315935
1496,0.238398,0.240128,0.00316234
1497,0.195038,0.196581,0.00316472
1498,0.180214,0.182095,0.00316826
1499,0.191184,0.193967,0.00317601
1500,0.20487,0.208169,0.00318689
1501,0.185494,0.186981,0.0031891
1502,0.175725,0.176955,0.00319061
1503,0.235901,0.237247,0.00319242
1504,0.225,0.22826,0.00320305
1505,0.256347,0.261195,0.00322655
1506,0.341946,0.34433,0.00323223
1507,0.534017,0.535426,0.00323422
1508,0.339348,0.339274,0.00323422
1509,0.289963,0.288559,0.00323619
1510,0.355172,0.351596,0.00324898
1511,0.385928,0.38178,0.00326618
1512,0.256505,0.253306,0.00327642
1513,0.221426,0.222657,0.00327793
1514,0.357511,0.358814,0.00327963
1515,0.348008,0.347093,0.00328047
1516,0.23761,0.235822,0.00328367
1517,0.203253,0.201033,0.00328859
1518,0.185463,0.18528,0.00328863
1519,0.340523,0.33944,0.0032898
1520,0.245622,0.245343,0.00328988
1521,0.212756,0.211227,0.00329222
1522,0.178323,0.177774,0.00329252
1523,0.286129,0.284268,0.00329598
1524,0.220294,0.219632,0.00329642
1525,0.185736,0.185742,0.00329642
1526,0.213127,0.210406,0.00330382
1527,0.282769,0.28345,0.00330429
1528,0.242165,0.244285,0.00330878
1529,0.188962,0.191676,0.00331614
1530,0.337699,0.339439,0.00331917
1531,0.259519,0.263113,0.00333209
1532,0.390663,0.392537,0.0033356
1533,0.265568,0.267103,0.00333796
1534,0.31561,0.3157,0.00333797
1535,0.265649,0.265101,0.00333827
1536,0.378121,0.378516,0.00333843
1537,0.340104,0.340444,0.00333854
1538,0.417805,0.417789,0.00333854
1539,0.530892,0.527415,0.00335063
1540,0.437788,0.438174,0.00335078
1541,0.375412,0.374501,0.00335161
1542,0.515229,0.514224,0.00335262
1543,0.315991,0.31355,0.00335858
1544,0.274809,0.270091,0.00338084
1545,0.229411,0.227263,0.00338545
1546,0.336785,0.336318,0.00338567
1547,0.229533,0.229359,0.0033857
1548,0.2142,0.213194,0.00338671
1549,0.211434,0.210764,0.00338716
1550,0.192022,0.189689,0.0033926
1551,0.379694,0.377696,0.0033966
1552,0.319616,0.317628,0.00340055
1553,0.235222,0.235462,0.00340061
1554,0.199151,0.200124,0.00340155
1555,0.40523,0.406482,0.00340312
1556,0.310463,0.311429,0.00340405
1557,0.226686,0.227958,0.00340567
1558,0.261928,0.26271,0.00340628
1559,0.285037,0.285078,0.00340628
1560,0.277369,0.277259,0.0034063
1561,0.214629,0.215031,0.00340646
1562,0.248792,0.248293,0.00340671
1563,0.242657,0.242064,0.00340706
1564,0.474196,0.472765,0.0034091
1565,0.290188,0.288153,0.00341324
1566,0.300425,0.299368,0.00341436
1567,0.255662,0.255899,0.00341442
1568,0.45726,0.457057,0.00341446
1569,0.305317,0.30772,0.00342023
1570,0.315543,0.316135,0.00342058
1571,0.298456,0.298772,0.00342068
1572,0.287797,0.289634,0.00342405
1573,0.239921,0.240924,0.00342506
1574,0.266992,0.267059,0.00342506
1575,0.464177,0.467027,0.00343319
1576,0.325416,0.327473,0.00343742
1577,0.31798,0.318999,0.00343846
1578,0.352305,0.351697,0.00343883
1579,0.341446,0.340186,0.00344042
1580,0.405429,0.401241,0.00345795
1581,0.40506,0.402312,0.0034655
1582,0.378647,0.376712,0.00346925
1583,0.331806,0.330626,0.00347065
1584,0.296432,0.29237,0.00348714
1585,0.350343,0.347194,0.00349706
1586,0.248537,0.24387,0.00351884
1587,0.412503,0.409618,0.00352716
1588,0.276773,0.273901,0.00353541
1589,0.475335,0.472267,0.00354482
1590,0.295882,0.296326,0.00354502
1591,0.219981,0.21655,0.00355679
1592,0.203395,0.201908,0.003559
1593,0.28653,0.284092,0.00356494
1594,0.38707,0.388922,0.00356837
1595,0.242719,0.245248,0.00357477
1596,0.242282,0.244694,0.00358059
1597,0.218659,0.221394,0.00358807
1598,0.338538,0.338553,0.00358807
1599,0.29926,0.300155,0.00358887
1600,0.234418,0.235551,0.00359016
1601,0.272924,0.27496,0.0035943
1602,0.244885,0.246962,0.00359862
1603,0.307999,0.309671,0.00360142
1604,0.246424,0.245202,0.00360291
1605,0.467309,0.468643,0.00360469
1606,0.35931,0.355317,0.00362064
1607,0.295751,0.291195,0.00364139
1608,0.559961,0.557097,0.0036496
1609,0.477062,0.474308,0.00365718
1610,0.570817,0.567107,0.00367095
1611,0.356212,0.356247,0.00367095
1612,0.487435,0.489964,0.00367735
1613,0.39029,0.39492,0.00369879
1614,0.403916,0.406246,0.00370421
1615,0.293105,0.296534,0.00371597
1616,0.265071,0.268253,0.0037261
1617,0.279628,0.281185,0.00372852
1618,0.25657,0.256691,0.00372854
1619,0.260717,0.262717,0.00373254
1620,0.214647,0.215888,0.00373408
1621,0.344413,0.346236,0.0037374
1622,0.340038,0.339288,0.00373797
1623,0.303416,0.302915,0.00373822
1624,0.302648,0.300773,0.00374173
1625,0.219965,0.216232,0.00375567
1626,0.244845,0.244091,0.00375623
1627,0.218527,0.218673,0.00375626
1628,0.219336,0.220982,0.00375896
1629,0.18152,0.180867,0.00375939
1630,0.180085,0.182214,0.00376392
1631,0.216954,0.215259,0.00376679
1632,0.218517,0.217981,0.00376708
1633,0.286611,0.286845,0.00376714
1634,0.276274,0.276496,0.00376719
1635,0.332381,0.333277,0.00376799
1636,0.343311,0.345096,0.00377118
1637,0.502321,0.502942,0.00377156
1638,0.559159,0.555281,0.0037866
1639,0.537279,0.531348,0.00382177
1640,0.329711,0.324874,0.00384517
1641,0.44032,0.43944,0.00384594
1642,0.395106,0.395727,0.00384633
1643,0.512572,0.514299,0.00384932
1644,0.306613,0.311616,0.00387435
1645,0.333259,0.338318,0.00389994
1646,0.260311,0.263438,0.00390971
1647,0.342603,0.340636,0.00391358
1648,0.239039,0.240333,0.00391525
1649,0.193426,0.193705,0.00391533
1650,0.190491,0.191931,0.00391741
1651,0.211567,0.210746,0.00391808
1652,0.280131,0.27982,0.00391818
1653,0.20533,0.206133,0.00391882
1654,0.175957,0.178172,0.00392373
1655,0.215218,0.215943,0.00392426
1656,0.361084,0.362362,0.00392589
1657,0.289579,0.292039,0.00393194
1658,0.221998,0.222867,0.00393269
1659,0.399183,0.400446,0.00393429
1660,0.526612,0.523928,0.00394149
1661,0.323752,0.321979,0.00394463
1662,0.385234,0.384756,0.00394486
1663,0.459307,0.456521,0.00395263
1664,0.302351,0.298859,0.00396482
1665,0.252592,0.249293,0.0039757
1666,0.3761,0.374618,0.0039779
1667,0.264752,0.263755,0.00397889
1668,0.208407,0.207184,0.00398038
1669,0.238042,0.237493,0.00398069
1670,0.455915,0.456882,0.00398162
1671,0.284291,0.282926,0.00398349
1672,0.254547,0.252251,0.00398876
1673,0.389245,0.388069,0.00399014
1674,0.260837,0.26006,0.00399075
1675,0.274629,0.272951,0.00399356
1676,0.325005,0.322848,0.00399822
1677,0.28931,0.288954,0.00399834
1678,0.211418,0.21121,0.00399839
1679,0.227013,0.229361,0.0040039
1680,0.40791,0.408037,0.00400392
1681,0.308785,0.308824,0.00400392
1682,0.217049,0.215849,0.00400536
1683,0.189533,0.187986,0.00400775
1684,0.278868,0.27533,0.00402027
1685,0.40342,0.399297,0.00403726
1686,0.252808,0.251686,0.00403852
1687,0.213733,0.213597,0.00403854
1688,0.278179,0.279821,0.00404124
1689,0.310878,0.312749,0.00404474
1690,0.471551,0.472644,0.00404593
1691,0.389717,0.390262,0.00404623
1692,0.376356,0.376025,0.00404634
1693,0.297653,0.298423,0.00404693
1694,0.461901,0.462419,0.0040472
1695,0.415821,0.416357,0.00404749
1696,0.412985,0.413837,0.00404821
1697,0.362243,0.362654,0.00404838
1698,0.335435,0.335955,0.00404865
1699,0.304681,0.303606,0.00404981
1700,0.262973,0.262573,0.00404997
1701,0.302061,0.302027,0.00404997
1702,0.306256,0.306647,0.00405012
1703,0.224344,0.222853,0.00405235
1704,0.187448,0.188027,0.00405268
1705,0.199127,0.198999,0.0040527
1706,0.192564,0.194167,0.00405527
1707,0.170102,0.170894,0.0040559
1708,0.172764,0.169544,0.00406627
1709,0.183928,0.17978,0.00408346
1710,0.170744,0.166373,0.00410257
1711,0.186444,0.180381,0.00413933
1712,0.227012,0.226044,0.00414027
1713,0.239659,0.241642,0.0041442
1714,0.180596,0.185257,0.00416592
1715,0.500434,0.503501,0.00417533
1716,0.297188,0.299171,0.00417926
1717,0.345518,0.347944,0.00418515
1718,0.237296,0.236439,0.00418588
1719,0.355679,0.356813,0.00418717
1720,0.261373,0.258082,0.004198
1721,0.302173,0.304417,0.00420303
1722,0.392931,0.394398,0.00420519
1723,0.348808,0.349266,0.0042054
1724,0.265574,0.263332,0.00421042
1725,0.358309,0.356912,0.00421237
1726,0.254675,0.24957,0.00423843
1727,0.329617,0.325154,0.00425835
1728,0.244556,0.242162,0.00426408
1729,0.381937,0.381338,0.00426444
1730,0.257657,0.257537,0.00426446
1731,0.286327,0.285056,0.00426607
1732,0.373898,0.373606,0.00426616
1733,0.353455,0.353156,0.00426625
1734,0.263046,0.262812,0.0042663
1735,0.206025,0.207547,0.00426862
1736,0.397911,0.399403,0.00427084
1737,0.355675,0.356578,0.00427166
1738,0.245999,0.244633,0.00427352
1739,0.216138,0.213092,0.0042828
1740,0.436396,0.436495,0.00428281
1741,0.31211,0.312049,0.00428282
1742,0.273759,0.272369,0.00428475
1743,0.400826,0.40117,0.00428487
1744,0.25859,0.260069,0.00428705
1745,0.237095,0.236364,0.00428759
1746,0.229568,0.227489,0.00429191
1747,0.291609,0.289307,0.00429721
1748,0.210529,0.208811,0.00430016
1749,0.353033,0.350585,0.00430616
1750,0.250129,0.246026,0.00432299
1751,0.244963,0.24025,0.0043452
1752,0.188485,0.189678,0.00434663
1753,0.188385,0.187414,0.00434757
1754,0.265142,0.265093,0.00434757
1755,0.244388,0.245835,0.00434967
1756,0.191765,0.193796,0.00435379
1757,0.17286,0.177278,0.0043733
1758,0.410267,0.414012,0.00438733
1759,0.341051,0.343125,0.00439163
1760,0.449704,0.451408,0.00439454
1761,0.340038,0.3417,0.0043973
1762,0.478845,0.479267,0.00439748
1763,0.339002,0.339665,0.00439792
1764,0.291568,0.291664,0.00439793
1765,0.367722,0.367362,0.00439806
1766,0.283773,0.285297,0.00440038
1767,0.287891,0.288929,0.00440146
1768,0.257953,0.258894,0.00440234
1769,0.285164,0.286708,0.00440473
1770,0.250655,0.251096,0.00440492
1771,0.453215,0.453316,0.00440493
1772,0.307269,0.306951,0.00440503
1773,0.308758,0.307796,0.00440596
1774,0.404316,0.402149,0.00441066
1775,0.264322,0.261988,0.0044161
1776,0.240238,0.23698,0.00442672
1777,0.332191,0.330502,0.00442957
1778,0.375436,0.373651,0.00443276
1779,0.249922,0.24757,0.00443829
1780,0.260382,0.258969,0.00444029
1781,0.300099,0.298966,0.00444157
1782,0.26141,0.258093,0.00445257
1783,0.305708,0.302738,0.00446139
1784,0.219132,0.217033,0.0044658
1785,0.404393,0.403646,0.00446635
1786,0.291338,0.291205,0.00446637
1787,0.295022,0.294674,0.00446649
1788,0.2122,0.210997,0.00446794
1789,0.320219,0.318866,0.00446977
1790,0.24782,0.249199,0.00447167
1791,0.217674,0.217277,0.00447183
1792,0.177092,0.179519,0.00447772
1793,0.270821,0.268916,0.00448135
1794,0.214537,0.213078,0.00448348
1795,0.218544,0.216378,0.00448817
1796,0.190753,0.192409,0.00449091
1797,0.165112,0.168238,0.00450068
1798,0.232136,0.235414,0.00451143
1799,0.399797,0.402833,0.00452064
1800,0.437794,0.439652,0.0045241
1801,0.262971,0.263698,0.00452462
1802,0.302982,0.302233,0.00452519
1803,0.282667,0.278688,0.00454101
1804,0.298278,0.295377,0.00454943
1805,0.376102,0.373452,0.00455645
1806,0.252762,0.249927,0.00456449
1807,0.197131,0.19628,0.00456521
1808,0.307354,0.305601,0.00456828
1809,0.232121,0.229486,0.00457523
1810,0.197189,0.195562,0.00457788
1811,0.180665,0.178887,0.00458104
1812,0.438755,0.439945,0.00458246
1813,0.278024,0.278122,0.00458247
1814,0.284459,0.286186,0.00458545
1815,0.208103,0.205935,0.00459015
1816,0.337074,0.336376,0.00459064
1817,0.429552,0.426222,0.00460172
1818,0.422387,0.416806,0.00463288
1819,0.265657,0.26015,0.0046632
1820,0.261143,0.259439,0.0046661
1821,0.286718,0.284766,0.00466991
1822,0.502088,0.500948,0.00467121
1823,0.54535,0.543372,0.00467512
1824,0.405375,0.4033,0.00467943
1825,0.353215,0.353128,0.00467944
1826,0.569966,0.570447,0.00467967
1827,0.35702,0.356552,0.00467989
1828,0.320227,0.316577,0.00469321
1829,0.257297,0.255628,0.00469599
1830,0.367814,0.366268,0.00469838
1831,0.252799,0.250231,0.00470498
1832,0.25061,0.248795,0.00470827
1833,0.210737,0.209357,0.00471017
1834,0.304172,0.302547,0.00471281
1835,0.268473,0.267564,0.00471364
1836,0.205712,0.20309,0.00472052
1837,0.211721,0.212155,0.00472071
1838,0.439483,0.438501,0.00472167
1839,0.408179,0.406953,0.00472317
1840,0.259255,0.25996,0.00472367
1841,0.23149,0.231769,0.00472375
1842,0.249914,0.249025,0.00472454
1843,0.21872,0.218915,0.00472458
1844,0.29229,0.293383,0.00472577
1845,0.20686,0.20894,0.0047301
1846,0.179921,0.182655,0.00473757
1847,0.169307,0.17165,0.00474306
1848,0.208549,0.206461,0.00474742
1849,0.175185,0.173076,0.00475187
1850,0.202287,0.194441,0.00481343
1851,0.200789,0.197419,0.00482479
1852,0.18928,0.185385,0.00483996
1853,0.171952,0.169152,0.0048478
1854,0.32319,0.321373,0.00485111
1855,0.300192,0.301778,0.00485362
1856,0.228999,0.23372,0.00487592
1857,0.324289,0.32613,0.00487931
1858,0.374997,0.377284,0.00488454
1859,0.259225,0.260475,0.0048861
1860,0.234319,0.235366,0.00488719
1861,0.364242,0.365868,0.00488984
1862,0.402854,0.403345,0.00489008
1863,0.262017,0.262009,0.00489008
1864,0.233357,0.233354,0.00489008
1865,0.357717,0.357012,0.00489058
1866,0.390801,0.390404,0.00489074
1867,0.330385,0.329777,0.00489111
1868,0.368554,0.367543,0.00489213
1869,0.383064,0.382888,0.00489216
1870,0.373462,0.373012,0.00489236
1871,0.319235,0.319006,0.00489241
1872,0.401757,0.40106,0.0048929
1873,0.285833,0.284019,0.00489619
1874,0.298826,0.296836,0.00490015
1875,0.260002,0.258389,0.00490275
1876,0.238066,0.236825,0.00490429
1877,0.201379,0.201045,0.0049044
1878,0.194425,0.194984,0.00490472
1879,0.194716,0.196065,0.00490654
1880,0.246118,0.245227,0.00490733
1881,0.198095,0.197809,0.00490741
1882,0.184458,0.184664,0.00490745
1883,0.176918,0.176275,0.00490787
1884,0.196758,0.197792,0.00490894
1885,0.199881,0.203305,0.00492066
1886,0.21234,0.217627,0.0049486
1887,0.221487,0.223362,0.00495211
1888,0.207283,0.211337,0.00496855
1889,0.339252,0.343862,0.0049898
1890,0.331176,0.332108,0.00499067
1891,0.331483,0.33358,0.00499507
1892,0.4925,0.490447,0.00499928
1893,0.398375,0.397029,0.0050011
1894,0.432109,0.430654,0.00500321
1895,0.367168,0.365443,0.00500619
1896,0.542631,0.542343,0.00500627
1897,0.425318,0.426533,0.00500775
1898,0.471196,0.473033,0.00501112
1899,0.329696,0.331183,0.00501334
1900,0.547791,0.54978,0.00501729
1901,0.471168,0.475599,0.00503692
1902,0.621317,0.624349,0.00504612
1903,0.386732,0.394692,0.00510948
1904,0.509508,0.516805,0.00516271
1905,0.470823,0.480202,0.00525067
1906,0.64672,0.654182,0.00530635
1907,0.403903,0.416935,0.00547619
1908,0.348572,0.359174,0.00558861
1909,0.314105,0.320158,0.00562525
1910,0.554165,0.557946,0.00563955
1911,0.385048,0.392979,0.00570244
1912,0.296923,0.302794,0.00573691
1913,0.242195,0.245964,0.00575112
1914,0.516481,0.51983,0.00576233
1915,0.3064,0.308608,0.00576721
1916,0.232256,0.234349,0.00577159
1917,0.262423,0.262179,0.00577165
1918,0.328436,0.330978,0.00577811
1919,0.22679,0.226786,0.00577811
1920,0.220597,0.21846,0.00578268
1921,0.217483,0.218341,0.00578342
1922,0.183571,0.184057,0.00578366
1923,0.235548,0.235564,0.00578366
1924,0.292186,0.290715,0.00578582
1925,0.215365,0.212829,0.00579225
1926,0.175405,0.176754,0.00579407
1927,0.180722,0.17932,0.00579603
1928,0.189155,0.185372,0.00581034
1929,0.227288,0.221922,0.00583914
1930,0.194337,0.191627,0.00584649
1931,0.172809,0.170454,0.00585203
1932,0.195079,0.193039,0.00585619
1933,0.383969,0.38282,0.00585751
1934,0.38377,0.385301,0.00585986
1935,0.259397,0.262202,0.00586773
1936,0.302099,0.304119,0.00587181
1937,0.374742,0.375967,0.00587331
1938,0.261923,0.262917,0.0058743
1939,0.217006,0.219151,0.0058789
1940,0.213427,0.21488,0.00588101
1941,0.228115,0.228568,0.00588121
1942,0.196253,0.195977,0.00588129
1943,0.194453,0.193882,0.00588162
1944,0.167967,0.168618,0.00588204
1945,0.221459,0.219638,0.00588536
1946,0.188501,0.188728,0.00588541
1947,0.375633,0.37577,0.00588543
1948,0.234066,0.234389,0.00588553
1949,0.266349,0.2642,0.00589015
1950,0.220228,0.21911,0.0058914
1951,0.208176,0.209743,0.00589385
1952,0.193194,0.193629,0.00589404
1953,0.263921,0.267322,0.00590561
1954,0.443727,0.446126,0.00591137
1955,0.286025,0.28832,0.00591663
1956,0.459489,0.462066,0.00592327
1957,0.293267,0.29148,0.00592647
1958,0.523805,0.521194,0.00593328
1959,0.533045,0.527991,0.00595883
1960,0.570372,0.566573,0.00597327
1961,0.345399,0.3427,0.00598055
1962,0.286553,0.286512,0.00598056
1963,0.383622,0.382372,0.00598212
1964,0.326961,0.325447,0.00598441
1965,0.291023,0.29067,0.00598454
1966,0.253806,0.255253,0.00598663
1967,0.321979,0.322301,0.00598673
1968,0.300025,0.300369,0.00598685
1969,0.353201,0.353528,0.00598696
1970,0.396314,0.39632,0.00598696
1971,0.321777,0.31959,0.00599174
1972,0.254759,0.252543,0.00599665
1973,0.312526,0.309117,0.00600828
1974,0.307076,0.30372,0.00601954
1975,0.251797,0.248881,0.00602805
1976,0.228375,0.227925,0.00602825
1977,0.228496,0.228104,0.00602841
1978,0.228878,0.227945,0.00602927
1979,0.214604,0.215065,0.00602949
1980,0.195806,0.198236,0.00603539
1981,0.247193,0.250838,0.00604868
1982,0.215313,0.21699,0.00605149
1983,0.238118,0.238145,0.00605149
1984,0.194853,0.19537,0.00605176
1985,0.342435,0.343535,0.00605297
1986,0.287998,0.288689,0.00605345
1987,0.379962,0.381201,0.00605498
1988,0.387239,0.387221,0.00605498
1989,0.265521,0.264089,0.00605703
1990,0.371969,0.371502,0.00605725
1991,0.523052,0.521375,0.00606006
1992,0.433115,0.432156,0.00606098
1993,0.275306,0.274128,0.00606237
1994,0.228258,0.229859,0.00606493
1995,0.367328,0.366539,0.00606556
1996,0.287017,0.284341,0.00607272
1997,0.226666,0.224844,0.00607604
1998,0.200278,0.1997,0.00607637
1999,0.32899,0.329345,0.0060765
2000,0.223896,0.223557,0.00607661
2001,0.191735,0.192805,0.00607776
2002,0.370616,0.371077,0.00607797
2003,0.502311,0.501733,0.00607831
2004,0.29707,0.296288,0.00607892
2005,0.220807,0.220897,0.00607893
2006,0.196062,0.1924,0.00609234
2007,0.231718,0.230955,0.00609292
2008,0.477796,0.479182,0.00609484
2009,0.396996,0.39571,0.0060965
2010,0.252027,0.249872,0.00610114
2011,0.199783,0.200638,0.00610187
2012,0.277988,0.277149,0.00610258
2013,0.248036,0.246386,0.0061053
2014,0.218957,0.217071,0.00610886
2015,0.199651,0.200622,0.0061098
2016,0.251923,0.254144,0.00611473
2017,0.212351,0.215096,0.00612226
2018,0.224316,0.226447,0.0061268
2019,0.305363,0.30746,0.0061312
2020,0.221896,0.225085,0.00614137
2021,0.300395,0.303697,0.00615227
2022,0.22002,0.220549,0.00615255
2023,0.301602,0.30204,0.00615274
2024,0.215502,0.216161,0.00615318
2025,0.21344,0.215049,0.00615577
2026,0.187751,0.189747,0.00615975
2027,0.391629,0.391956,0.00615986
2028,0.291267,0.291426,0.00615988
2029,0.220438,0.221367,0.00616075
2030,0.254056,0.254366,0.00616084
2031,0.448349,0.448853,0.0061611
2032,0.362874,0.363633,0.00616167
2033,0.236769,0.238888,0.00616616
2034,0.472977,0.476939,0.00618186
2035,0.40981,0.413074,0.00619251
2036,0.388258,0.389622,0.00619438
2037,0.257583,0.256213,0.00619625
2038,0.456257,0.456213,0.00619625
2039,0.457349,0.45357,0.00621054
2040,0.3725,0.370154,0.00621604
2041,0.421471,0.4214,0.00621604
2042,0.422328,0.422906,0.00621638
2043,0.461173,0.458243,0.00622496
2044,0.298355,0.29703,0.00622672
2045,0.3867,0.389458,0.00623433
2046,0.260299,0.262077,0.00623749
2047,0.26003,0.259304,0.00623802
2048,0.226613,0.225233,0.00623992
2049,0.504446,0.504991,0.00624022
2050,0.303722,0.302475,0.00624177
2051,0.289262,0.288367,0.00624258
2052,0.497328,0.497585,0.00624264
2053,0.465733,0.465216,0.00624291
2054,0.598048,0.593198,0.00626643
2055,0.428019,0.426678,0.00626823
2056,0.334363,0.331766,0.00627497
2057,0.353731,0.350611,0.0062847
2058,0.293355,0.289291,0.00630121
2059,0.312603,0.310233,0.00630683
2060,0.266017,0.26697,0.00630774
2061,0.324907,0.326121,0.00630921
2062,0.241105,0.241627,0.00630949
2063,0.294095,0.293043,0.00631059
2064,0.212702,0.214272,0.00631306
2065,0.217399,0.216909,0.0063133
2066,0.323491,0.321961,0.00631564
2067,0.355863,0.354858,0.00631665
2068,0.236689,0.235084,0.00631923
2069,0.197952,0.198174,0.00631927
2070,0.180046,0.181083,0.00632035
2071,0.313704,0.315658,0.00632417
2072,0.343537,0.343204,0.00632428
2073,0.235553,0.234092,0.00632641
2074,0.186793,0.186547,0.00632647
2075,0.188652,0.189931,0.00632811
2076,0.278002,0.275541,0.00633416
2077,0.211986,0.210364,0.00633679
2078,0.217188,0.213601,0.00634966
2079,0.182075,0.181342,0.00635019
2080,0.233811,0.230291,0.00636259
2081,0.223258,0.221657,0.00636515
2082,0.411227,0.411488,0.00636522
2083,0.276154,0.276835,0.00636568
2084,0.266852,0.270354,0.00637794
2085,0.400949,0.403719,0.00638561
2086,0.41203,0.414569,0.00639206
2087,0.500328,0.499813,0.00639233
2088,0.308518,0.308649,0.00639234
2089,0.528148,0.52939,0.00639389
2090,0.413272,0.416348,0.00640335
2091,0.600747,0.601995,0.00640491
2092,0.371206,0.37228,0.00640606
2093,0.272518,0.271921,0.00640641
2094,0.341764,0.338988,0.00641412
2095,0.371858,0.369539,0.0064195
2096,0.47899,0.480445,0.00642162
2097,0.293597,0.296064,0.00642771
2098,0.353209,0.354912,0.00643061
2099,0.342584,0.344613,0.00643473
2100,0.321735,0.319148,0.00644142
2101,0.346185,0.342473,0.00645519
2102,0.358333,0.357311,0.00645624
2103,0.26411,0.26378,0.00645634
2104,0.232796,0.234241,0.00645843
2105,0.417416,0.41811,0.00645891
2106,0.290952,0.29086,0.00645892
2107,0.241424,0.242754,0.00646069
2108,0.262765,0.262788,0.00646069
2109,0.415582,0.416269,0.00646116
2110,0.267624,0.265007,0.00646801
2111,0.5255,0.523193,0.00647334
2112,0.326564,0.325143,0.00647536
2113,0.375852,0.374547,0.00647706
2114,0.276649,0.275872,0.00647766
2115,0.478511,0.477124,0.00647959
2116,0.327874,0.325217,0.00648664
2117,0.29014,0.290391,0.00648671
2118,0.268802,0.268675,0.00648672
2119,0.437645,0.438893,0.00648828
2120,0.494456,0.493048,0.00649026
2121,0.328499,0.328404,0.00649027
2122,0.233316,0.231609,0.00649319
2123,0.221098,0.221601,0.00649344
2124,0.223556,0.221279,0.00649862
2125,0.273854,0.273065,0.00649925
2126,0.208224,0.210378,0.00650389
2127,0.179267,0.180863,0.00650644
2128,0.212225,0.211907,0.00650654
2129,0.182445,0.182176,0.00650661
2130,0.330219,0.335325,0.00653269
2131,0.237674,0.240675,0.00654169
2132,0.418476,0.418456,0.00654169
2133,0.260056,0.261147,0.00654288
2134,0.353918,0.355261,0.00654469
2135,0.374625,0.370281,0.00656356
2136,0.427769,0.425897,0.00656707
2137,0.579006,0.573402,0.00659847
2138,0.469953,0.46928,0.00659892
2139,0.372046,0.37069,0.00660076
2140,0.298427,0.296902,0.00660308
2141,0.29894,0.295791,0.006613
2142,0.320743,0.315739,0.00663804
2143,0.308412,0.309721,0.00663976
2144,0.269241,0.269187,0.00663976
2145,0.257767,0.25912,0.00664159
2146,0.224324,0.223332,0.00664257
2147,0.324289,0.323487,0.00664322
2148,0.24836,0.248567,0.00664326
2149,0.368386,0.366899,0.00664547
2150,0.26624,0.265038,0.00664692
2151,0.265099,0.263588,0.0066492
2152,0.209458,0.207752,0.00665211
2153,0.314381,0.312953,0.00665415
2154,0.264938,0.265469,0.00665443
2155,0.285845,0.284556,0.0066561
2156,0.213133,0.213801,0.00665654
2157,0.365463,0.365107,0.00665667
2158,0.321,0.321473,0.00665689
2159,0.264139,0.265587,0.00665899
2160,0.231377,0.231628,0.00665905
2161,0.451377,0.453094,0.006662
2162,0.456138,0.456286,0.00666202
2163,0.293904,0.29535,0.00666411
2164,0.500586,0.502966,0.00666978
2165,0.459921,0.461853,0.00667351
2166,0.42272,0.423172,0.00667372
2167,0.34695,0.346445,0.00667397
2168,0.331617,0.329452,0.00667866
2169,0.366414,0.362336,0.00669529
2170,0.384167,0.382703,0.00669743
2171,0.429858,0.430144,0.00669751
2172,0.353176,0.353189,0.00669751
2173,0.4825,0.478969,0.00670998
2174,0.378706,0.377182,0.0067123
2175,0.421076,0.420129,0.0067132
2176,0.449737,0.448675,0.00671433
2177,0.493299,0.492451,0.00671505
2178,0.395618,0.39556,0.00671505
2179,0.386329,0.386163,0.00671508
2180,0.320215,0.319321,0.00671588
2181,0.430945,0.430408,0.00671616
2182,0.333105,0.333234,0.00671618
2183,0.249646,0.249409,0.00671624
2184,0.262678,0.262085,0.00671659
2185,0.353832,0.353468,0.00671672
2186,0.264102,0.262829,0.00671834
2187,0.238208,0.23571,0.00672458
2188,0.324884,0.325078,0.00672462
2189,0.385234,0.385779,0.00672491
2190,0.267333,0.26552,0.0067282
2191,0.396951,0.395638,0.00672993
2192,0.317928,0.316299,0.00673258
2193,0.464314,0.461769,0.00673907
2194,0.294215,0.294108,0.00673908
2195,0.417636,0.418599,0.00674
2196,0.30464,0.304843,0.00674004
2197,0.291417,0.291233,0.00674008
2198,0.250173,0.251123,0.00674098
2199,0.305055,0.305716,0.00674142
2200,0.295865,0.297023,0.00674276
2201,0.287538,0.288389,0.00674348
2202,0.36548,0.367025,0.00674587
2203,0.364122,0.364603,0.0067461
2204,0.321722,0.321194,0.00674638
2205,0.247089,0.245798,0.00674805
2206,0.354246,0.354834,0.00674839
2207,0.258268,0.258428,0.00674842
2208,0.293786,0.292845,0.0067493
2209,0.211538,0.210816,0.00674982
2210,0.32553,0.326105,0.00675015
2211,0.239189,0.238763,0.00675034
2212,0.288136,0.286532,0.00675291
2213,0.219397,0.217992,0.00675488
2214,0.386628,0.385759,0.00675564
2215,0.373546,0.373898,0.00675576
2216,0.366966,0.367377,0.00675593
2217,0.247768,0.244879,0.00676428
2218,0.413236,0.411781,0.00676639
2219,0.271296,0.266613,0.00678832
2220,0.462524,0.459541,0.00679722
2221,0.283528,0.280548,0.0068061
2222,0.421063,0.419643,0.00680812
2223,0.270982,0.271606,0.00680851
2224,0.452721,0.451834,0.00680929
2225,0.410434,0.410987,0.0068096
2226,0.279736,0.279325,0.00680977
2227,0.23649,0.236216,0.00680984
2228,0.291352,0.29192,0.00681017
2229,0.29653,0.29519,0.00681196
2230,0.224012,0.223127,0.00681274
2231,0.215362,0.217116,0.00681582
2232,0.252899,0.254303,0.00681779
2233,0.26108,0.261865,0.00681841
2234,0.298016,0.29862,0.00681878
2235,0.291437,0.291991,0.00681908
2236,0.282757,0.282978,0.00681913
2237,0.273365,0.27344,0.00681914
2238,0.372614,0.372651,0.00681914
2239,0.27427,0.273061,0.0068206
2240,0.278606,0.277387,0.00682208
2241,0.251332,0.250743,0.00682243
2242,0.220711,0.220252,0.00682264
2243,0.224736,0.224935,0.00682268
2244,0.235788,0.236654,0.00682343
2245,0.250488,0.251387,0.00682424
2246,0.225208,0.227451,0.00682927
2247,0.314994,0.317337,0.00683476
2248,0.233854,0.235719,0.00683824
2249,0.317997,0.31888,0.00683902
2250,0.347922,0.348848,0.00683988
2251,0.432267,0.432784,0.00684015
2252,0.323694,0.323283,0.00684031
2253,0.531162,0.527815,0.00685152
2254,0.315891,0.311022,0.00687523
2255,0.287674,0.285917,0.00687831
2256,0.321357,0.318641,0.00688569
2257,0.303069,0.301063,0.00688971
2258,0.220301,0.217602,0.00689699
2259,0.259376,0.257064,0.00690234
2260,0.219524,0.217901,0.00690498
2261,0.267252,0.266304,0.00690587
2262,0.224694,0.225453,0.00690645
2263,0.415159,0.415321,0.00690648
2264,0.267543,0.266575,0.00690741
2265,0.543654,0.540499,0.00691737
2266,0.397524,0.395042,0.00692353
2267,0.377369,0.378626,0.00692511
2268,0.295515,0.293338,0.00692985
2269,0.295459,0.295073,0.00693
2270,0.518894,0.519072,0.00693003
2271,0.350345,0.353584,0.00694052
2272,0.37643,0.379325,0.0069489
2273,0.28748,0.290172,0.00695614
2274,0.511609,0.512446,0.00695684
2275,0.323937,0.326544,0.00696364
2276,0.347493,0.348744,0.00696521
2277,0.341442,0.34273,0.00696686
2278,0.313183,0.312968,0.00696691
2279,0.27977,0.281829,0.00697115
2280,0.354787,0.35504,0.00697121
2281,0.355508,0.356185,0.00697167
2282,0.292826,0.292756,0.00697168
2283,0.452989,0.454643,0.00697442
2284,0.336402,0.336483,0.00697442
2285,0.250602,0.246747,0.00698928
2286,0.242084,0.239189,0.00699766
2287,0.246815,0.242693,0.00701466
2288,0.206499,0.202918,0.00702748
2289,0.180269,0.179426,0.0070282
2290,0.208446,0.207141,0.0070299
2291,0.240612,0.239348,0.0070315
2292,0.244413,0.243091,0.00703325
2293,0.212779,0.21296,0.00703328
2294,0.385358,0.385808,0.00703348
2295,0.387634,0.389131,0.00703572
2296,0.281051,0.282476,0.00703776
2297,0.245743,0.246064,0.00703786
2298,0.43928,0.438614,0.0070383
2299,0.280866,0.278038,0.0070463
2300,0.245069,0.245976,0.00704712
2301,0.296755,0.296785,0.00704712
2302,0.373067,0.374022,0.00704803
2303,0.256391,0.253829,0.0070546
2304,0.377457,0.376251,0.00705605
2305,0.344004,0.343666,0.00705617
2306,0.448076,0.445568,0.00706245
2307,0.466876,0.461765,0.00708858
2308,0.398571,0.395664,0.00709703
2309,0.369774,0.366014,0.00711117
2310,0.405872,0.402667,0.00712145
2311,0.398581,0.394849,0.00713538
2312,0.275621,0.273159,0.00714143
2313,0.535508,0.535605,0.00714144
2314,0.340967,0.340589,0.00714159
2315,0.290017,0.288812,0.00714304
2316,0.224406,0.222997,0.00714502
2317,0.48024,0.480528,0.00714511
2318,0.318384,0.319856,0.00714727
2319,0.274133,0.272648,0.00714948
2320,0.225259,0.226045,0.00715009
2321,0.301328,0.301351,0.0071501
2322,0.333236,0.333392,0.00715012
2323,0.259745,0.259237,0.00715038
2324,0.220404,0.220349,0.00715038
2325,0.233059,0.234145,0.00715156
2326,0.326168,0.325952,0.00715161
2327,0.259011,0.259253,0.00715167
2328,0.255252,0.256655,0.00715363
2329,0.201573,0.203712,0.00715821
2330,0.25416,0.254621,0.00715842
2331,0.202289,0.204244,0.00716224
2332,0.222307,0.22204,0.00716231
2333,0.189211,0.189186,0.00716231
2334,0.283822,0.283155,0.00716276
2335,0.218329,0.219532,0.00716421
2336,0.28571,0.28752,0.00716748
2337,0.220663,0.22286,0.00717231
2338,0.376359,0.37755,0.00717373
2339,0.26215,0.264131,0.00717765
2340,0.208807,0.211234,0.00718354
2341,0.201904,0.202659,0.00718411
2342,0.2838,0.285243,0.00718619
2343,0.227894,0.226915,0.00718715
2344,0.186066,0.187482,0.00718916
2345,0.189108,0.191706,0.00719591
2346,0.245541,0.246312,0.00719651
2347,0.196685,0.197627,0.00719739
2348,0.235755,0.235982,0.00719744
2349,0.204439,0.203803,0.00719785
2350,0.258108,0.257573,0.00719813
2351,0.197845,0.198734,0.00719892
2352,0.183008,0.18465,0.00720162
2353,0.277165,0.276994,0.00720165
2354,0.336713,0.338544,0.007205
2355,0.388888,0.389371,0.00720524
2356,0.254406,0.256694,0.00721047
2357,0.357809,0.359579,0.0072136
2358,0.411975,0.413611,0.00721628
2359,0.508513,0.509101,0.00721662
2360,0.337858,0.339059,0.00721806
2361,0.272688,0.272929,0.00721812
2362,0.388101,0.387657,0.00721832
2363,0.411649,0.412041,0.00721847
2364,0.30302,0.303663,0.00721889
2365,0.261201,0.26123,0.00721889
2366,0.429956,0.431353,0.00722084
2367,0.308332,0.309167,0.00722154
2368,0.295581,0.295532,0.00722154
2369,0.454555,0.453856,0.00722203
2370,0.4389,0.438983,0.00722204
2371,0.287685,0.287763,0.00722204
2372,0.308765,0.309296,0.00722232
2373,0.580386,0.581588,0.00722377
2374,0.39815,0.401262,0.00723346
2375,0.29487,0.297172,0.00723875
2376,0.261367,0.261516,0.00723878
2377,0.476844,0.478247,0.00724075
2378,0.322008,0.32459,0.00724741
2379,0.363357,0.364459,0.00724862
2380,0.244421,0.243654,0.00724921
2381,0.382975,0.381986,0.00725019
2382,0.302933,0.304082,0.00725151
2383,0.373858,0.37304,0.00725218
2384,0.244695,0.245305,0.00725255
2385,0.196758,0.198162,0.00725452
2386,0.261952,0.263339,0.00725645
2387,0.359389,0.360104,0.00725696
2388,0.28983,0.292728,0.00726536
2389,0.213841,0.214981,0.00726666
2390,0.317816,0.320418,0.00727343
2391,0.257418,0.258517,0.00727463
2392,0.449109,0.450122,0.00727566
2393,0.540588,0.538134,0.00728168
2394,0.632723,0.625947,0.0073276
2395,0.382006,0.380342,0.00733037
2396,0.421736,0.42228,0.00733067
2397,0.538389,0.538654,0.00733074
2398,0.491187,0.494358,0.00734079
2399,0.443946,0.447451,0.00735308
2400,0.452717,0.458479,0.00738628
2401,0.293143,0.295879,0.00739377
2402,0.304722,0.30607,0.00739558
2403,0.446037,0.446594,0.00739589
2404,0.32426,0.326522,0.00740101
2405,0.231273,0.231658,0.00740116
2406,0.314556,0.31415,0.00740132
2407,0.258757,0.258257,0.00740157
2408,0.228503,0.226377,0.00740609
2409,0.248976,0.249027,0.00740609
2410,0.394223,0.396184,0.00740994
2411,0.257375,0.254947,0.00741583
2412,0.242151,0.239496,0.00742288
2413,0.276277,0.274172,0.00742731
2414,0.333276,0.33255,0.00742784
2415,0.237486,0.236907,0.00742817
2416,0.271983,0.27214,0.0074282
2417,0.430887,0.432689,0.00743145
2418,0.353278,0.355248,0.00743533
2419,0.288809,0.290341,0.00743767
2420,0.273265,0.271671,0.00744021
2421,0.326647,0.324507,0.0074448
2422,0.269282,0.268122,0.00744614
2423,0.459341,0.458828,0.00744641
2424,0.306319,0.304042,0.00745159
2425,0.377279,0.374835,0.00745757
2426,0.322814,0.320949,0.00746104
2427,0.284232,0.279883,0.00747996
2428,0.28137,0.276548,0.00750322
2429,0.392542,0.39057,0.00750711
2430,0.397128,0.396029,0.00750831
2431,0.275025,0.275083,0.00750832
2432,0.286331,0.2856,0.00750885
2433,0.334807,0.332279,0.00751524
2434,0.29502,0.292164,0.0075234
2435,0.330327,0.327122,0.00753367
2436,0.30092,0.299472,0.00753576
2437,0.28621,0.284865,0.00753757
2438,0.282099,0.282003,0.00753758
2439,0.249975,0.249352,0.00753797
2440,0.35042,0.351997,0.00754045
2441,0.249691,0.250945,0.00754203
2442,0.297505,0.29828,0.00754263
2443,0.229217,0.229358,0.00754265
2444,0.46998,0.470013,0.00754265
2445,0.308074,0.308895,0.00754332
2446,0.267138,0.266548,0.00754367
2447,0.228599,0.228473,0.00754369
2448,0.321564,0.320986,0.00754402
2449,0.417588,0.418387,0.00754466
2450,0.311697,0.312795,0.00754587
2451,0.242025,0.243017,0.00754685
2452,0.308291,0.309205,0.00754769
2453,0.512619,0.513378,0.00754826
2454,0.361954,0.363932,0.00755217
2455,0.29597,0.297291,0.00755392
2456,0.248068,0.248245,0.00755395
2457,0.46078,0.461872,0.00755515
2458,0.32174,0.322504,0.00755573
2459,0.325409,0.32512,0.00755581
2460,0.226534,0.22524,0.00755749
2461,0.34495,0.343274,0.0075603
2462,0.356936,0.356982,0.0075603
2463,0.343872,0.342726,0.00756161
2464,0.232022,0.232374,0.00756174
2465,0.324125,0.324688,0.00756205
2466,0.389301,0.390107,0.0075627
2467,0.26762,0.269146,0.00756503
2468,0.328454,0.331685,0.00757547
2469,0.36315,0.365285,0.00758003
2470,0.381154,0.381669,0.00758029
2471,0.267591,0.269169,0.00758278
2472,0.252305,0.251485,0.00758345
2473,0.32024,0.318791,0.00758555
2474,0.300635,0.29959,0.00758664
2475,0.249465,0.248316,0.00758797
2476,0.22011,0.220342,0.00758802
2477,0.337176,0.33749,0.00758812
2478,0.29892,0.298137,0.00758873
2479,0.253296,0.252945,0.00758885
2480,0.307254,0.307376,0.00758887
2481,0.306032,0.305782,0.00758893
2482,0.399079,0.398111,0.00758987
2483,0.279429,0.278839,0.00759022
2484,0.244013,0.243407,0.00759058
2485,0.225953,0.225263,0.00759106
2486,0.397211,0.395811,0.00759302
2487,0.262441,0.260135,0.00759834
2488,0.266103,0.265249,0.00759907
2489,0.266655,0.266325,0.00759918
2490,0.274296,0.273837,0.00759939
2491,0.237384,0.237416,0.00759939
2492,0.488402,0.488426,0.00759939
2493,0.380023,0.379944,0.00759939
2494,0.27226,0.272691,0.00759958
2495,0.276198,0.275728,0.0075998
2496,0.382322,0.380762,0.00760224
2497,0.290714,0.288583,0.00760678
2498,0.267151,0.265818,0.00760855
2499,0.276591,0.276829,0.00760861
2500,0.243044,0.243116,0.00760862
2501,0.289707,0.289051,0.00760905
2502,0.290636,0.289799,0.00760975
2503,0.24386,0.243987,0.00760976
2504,0.235902,0.236099,0.0076098
2505,0.363537,0.363956,0.00760998
2506,0.268843,0.268852,0.00760998
2507,0.21992,0.220388,0.0076102
2508,0.262364,0.262567,0.00761024
2509,0.273422,0.272737,0.00761071
2510,0.26491,0.264453,0.00761092
2511,0.234811,0.234697,0.00761093
2512,0.228241,0.22789,0.00761105
2513,0.279213,0.279208,0.00761105
2514,0.374155,0.374908,0.00761162
2515,0.323933,0.324851,0.00761246
2516,0.287063,0.288152,0.00761365
2517,0.276587,0.277194,0.00761402
2518,0.356888,0.357815,0.00761488
2519,0.399072,0.399896,0.00761556
2520,0.340038,0.339359,0.00761602
2521,0.253406,0.252097,0.00761773
2522,0.381962,0.382291,0.00761784
2523,0.504609,0.504559,0.00761784
2524,0.455228,0.455457,0.00761789
2525,0.321593,0.322781,0.0076193
2526,0.500802,0.50113,0.00761941
2527,0.53943,0.540687,0.00762099
2528,0.376754,0.378814,0.00762523
2529,0.397177,0.397329,0.00762526
2530,0.596751,0.597268,0.00762552
2531,0.463028,0.466456,0.00763727
2532,0.305129,0.308909,0.00765156
2533,0.261675,0.26432,0.00765856
2534,0.519494,0.522689,0.00766877
2535,0.443266,0.445116,0.0076722
2536,0.321455,0.321476,0.0076722
2537,0.25539,0.257302,0.00767585
2538,0.281835,0.280801,0.00767692
2539,0.350266,0.348019,0.00768197
2540,0.252999,0.251711,0.00768363
2541,0.213212,0.214781,0.00768609
2542,0.245763,0.247857,0.00769047
2543,0.301329,0.302285,0.00769139
2544,0.242348,0.241841,0.00769164
2545,0.191469,0.188661,0.00769953
2546,0.294481,0.293315,0.00770089
2547,0.421077,0.420095,0.00770185
2548,0.51938,0.517021,0.00770742
2549,0.299881,0.299986,0.00770743
2550,0.339429,0.339219,0.00770747
2551,0.37757,0.377351,0.00770752
2552,0.563793,0.564128,0.00770763
2553,0.351005,0.354895,0.00772277
2554,0.401887,0.404522,0.00772971
2555,0.396856,0.399723,0.00773793
2556,0.436232,0.437588,0.00773977
2557,0.339223,0.341742,0.00774611
2558,0.30272,0.304223,0.00774837
2559,0.410363,0.411179,0.00774904
2560,0.428564,0.43022,0.00775178
2561,0.430298,0.430095,0.00775182
2562,0.327824,0.329123,0.00775351
2563,0.381903,0.382588,0.00775398
2564,0.531772,0.532356,0.00775432
2565,0.427574,0.427687,0.00775433
2566,0.377867,0.378035,0.00775436
2567,0.39232,0.392689,0.0077545
2568,0.473889,0.473969,0.0077545
2569,0.390341,0.391718,0.0077564
2570,0.319216,0.319796,0.00775674
2571,0.427526,0.427747,0.00775679
2572,0.395,0.395554,0.00775709
2573,0.546371,0.545189,0.00775849
2574,0.356266,0.358136,0.00776199
2575,0.313526,0.315019,0.00776422
2576,0.29069,0.291645,0.00776513
2577,0.504642,0.504866,0.00776518
2578,0.336696,0.338542,0.00776858
2579,0.315976,0.318199,0.00777352
2580,0.245213,0.245206,0.00777352
2581,0.464905,0.465682,0.00777413
2582,0.313698,0.314359,0.00777457
2583,0.427076,0.426673,0.00777473
2584,0.303801,0.305018,0.00777621
2585,0.290949,0.290748,0.00777625
2586,0.231437,0.230527,0.00777708
2587,0.253262,0.252675,0.00777742
2588,0.323835,0.324439,0.00777778
2589,0.223422,0.225129,0.0077807
2590,0.209645,0.211103,0.00778282
2591,0.268397,0.267156,0.00778436
2592,0.367338,0.367597,0.00778443
2593,0.246177,0.246654,0.00778466
2594,0.351702,0.352104,0.00778482
2595,0.304616,0.30507,0.00778502
2596,0.226652,0.226154,0.00778527
2597,0.186964,0.189657,0.00779253
2598,0.476224,0.478807,0.0077992
2599,0.364286,0.363671,0.00779957
2600,0.250507,0.249362,0.00780089
2601,0.198506,0.19393,0.00782182
2602,0.255078,0.251087,0.00783775
2603,0.323829,0.322769,0.00783888
2604,0.239591,0.238436,0.00784021
2605,0.189146,0.190226,0.00784138
2606,0.221288,0.221479,0.00784141
2607,0.312864,0.313943,0.00784258
2608,0.218919,0.217276,0.00784528
2609,0.27919,0.279017,0.00784531
2610,0.433888,0.431004,0.00785363
2611,0.386347,0.382049,0.0078721
2612,0.284158,0.282127,0.00787623
2613,0.264715,0.260579,0.00789334
2614,0.31386,0.310864,0.00790232
2615,0.291327,0.289565,0.00790542
2616,0.382758,0.381417,0.00790722
2617,0.273058,0.269349,0.00792098
2618,0.30282,0.301242,0.00792348
2619,0.337,0.335886,0.00792472
2620,0.372711,0.370976,0.00792773
2621,0.359189,0.357226,0.00793158
2622,0.258357,0.256964,0.00793352
2623,0.277294,0.276544,0.00793409
2624,0.225473,0.2249,0.00793442
2625,0.410939,0.411073,0.00793443
2626,0.274313,0.273402,0.00793526
2627,0.304798,0.304572,0.00793531
2628,0.249024,0.247123,0.00793893
2629,0.433339,0.432438,0.00793974
2630,0.269231,0.266865,0.00794533
2631,0.390898,0.389355,0.00794771
2632,0.594165,0.591319,0.00795581
2633,0.601686,0.597745,0.00797134
2634,0.349291,0.347872,0.00797336
2635,0.268016,0.266432,0.00797587
2636,0.365443,0.363345,0.00798027
2637,0.360768,0.358073,0.00798753
2638,0.35246,0.352694,0.00798758
2639,0.252337,0.253782,0.00798967
2640,0.221015,0.222168,0.007991
2641,0.218588,0.221554,0.0079998
2642,0.229913,0.230566,0.00800023
2643,0.338819,0.340969,0.00800485
2644,0.228373,0.229846,0.00800702
2645,0.220304,0.220647,0.00800714
2646,0.19293,0.192748,0.00800717
2647,0.218253,0.218174,0.00800718
2648,0.202818,0.202257,0.00800749
2649,0.232092,0.234239,0.0080121
2650,0.224392,0.225603,0.00801357
2651,0.221437,0.224671,0.00802402
2652,0.369323,0.372853,0.00803649
2653,0.336324,0.338477,0.00804112
2654,0.269554,0.27094,0.00804304
2655,0.473013,0.472956,0.00804305
2656,0.334882,0.332807,0.00804735
2657,0.29537,0.293751,0.00804997
2658,0.229076,0.227856,0.00805146
2659,0.443964,0.44433,0.00805159
2660,0.335423,0.336401,0.00805255
2661,0.278205,0.277266,0.00805343
2662,0.209335,0.208476,0.00805417
2663,0.188285,0.188385,0.00805418
2664,0.456132,0.455779,0.0080543
2665,0.356199,0.354557,0.008057
2666,0.24912,0.249059,0.00805701
2667,0.201312,0.201939,0.0080574
2668,0.373564,0.374917,0.00805923
2669,0.330233,0.331306,0.00806038
2670,0.39913,0.400631,0.00806263
2671,0.480899,0.480377,0.0080629
2672,0.543068,0.53982,0.00807346
2673,0.466148,0.463093,0.00808279
2674,0.481144,0.480328,0.00808346
2675,0.607558,0.606172,0.00808538
2676,0.400019,0.401469,0.00808748
2677,0.511688,0.512197,0.00808774
2678,0.622908,0.625798,0.00809609
2679,0.486852,0.493902,0.0081458
2680,0.334224,0.340372,0.0081836
2681,0.312071,0.315127,0.00819294
2682,0.231158,0.232736,0.00819543
2683,0.284314,0.282126,0.00820021
2684,0.266015,0.26679,0.00820081
2685,0.227745,0.229769,0.00820491
2686,0.185441,0.184811,0.00820531
2687,0.379859,0.377656,0.00821016
2688,0.300465,0.297566,0.00821857
2689,0.227337,0.224114,0.00822896
2690,0.260909,0.258216,0.00823622
2691,0.496309,0.495295,0.00823725
2692,0.49831,0.49809,0.00823729
2693,0.335132,0.335652,0.00823756
2694,0.353882,0.353559,0.00823767
2695,0.402668,0.401393,0.0082393
2696,0.478315,0.477496,0.00823997
2697,0.562139,0.560928,0.00824143
2698,0.452453,0.452325,0.00824145
2699,0.367979,0.368613,0.00824185
2700,0.469503,0.471055,0.00824426
2701,0.427733,0.429434,0.00824715
2702,0.431297,0.433218,0.00825084
2703,0.413232,0.415767,0.00825727
2704,0.505308,0.507118,0.00826054
2705,0.463391,0.466287,0.00826893
2706,0.438862,0.440834,0.00827282
2707,0.373555,0.37568,0.00827733
2708,0.490297,0.491564,0.00827894
2709,0.597739,0.598065,0.00827904
2710,0.545161,0.548506,0.00829023
2711,0.377617,0.383145,0.0083208
2712,0.346274,0.350272,0.00833678
2713,0.268191,0.269248,0.0083379
2714,0.374322,0.372506,0.0083412
2715,0.353284,0.353792,0.00834146
2716,0.308981,0.310714,0.00834446
2717,0.240915,0.241826,0.00834529
2718,0.258219,0.258905,0.00834576
2719,0.428212,0.428894,0.00834623
2720,0.39467,0.393493,0.00834761
2721,0.289123,0.288344,0.00834822
2722,0.273863,0.274579,0.00834873
2723,0.284724,0.28265,0.00835303
2724,0.378514,0.378534,0.00835303
2725,0.249894,0.246905,0.00836197
2726,0.306061,0.304743,0.0083637
2727,0.241093,0.240243,0.00836443
2728,0.371145,0.367851,0.00837528
2729,0.242562,0.242571,0.00837528
2730,0.23932,0.237002,0.00838065
2731,0.271807,0.269619,0.00838544
2732,0.320825,0.320295,0.00838572
2733,0.224676,0.224471,0.00838576
2734,0.25817,0.255759,0.00839157
2735,0.336983,0.338041,0.00839269
2736,0.25639,0.259239,0.00840081
2737,0.201985,0.205199,0.00841114
2738,0.398025,0.398239,0.00841118
2739,0.40158,0.401685,0.00841119
2740,0.261254,0.26161,0.00841132
2741,0.307791,0.307059,0.00841186
2742,0.357285,0.356264,0.0084129
2743,0.475712,0.473797,0.00841656
2744,0.31207,0.313932,0.00842003
2745,0.399815,0.401234,0.00842204
2746,0.322562,0.323863,0.00842373
2747,0.45892,0.457752,0.0084251
2748,0.40624,0.406233,0.0084251
2749,0.426935,0.428251,0.00842683
2750,0.324379,0.324498,0.00842684
2751,0.264654,0.264793,0.00842686
2752,0.295159,0.296016,0.0084276
2753,0.329134,0.32934,0.00842764
2754,0.257784,0.257716,0.00842764
2755,0.210069,0.210636,0.00842796
2756,0.222613,0.222864,0.00842803
2757,0.310028,0.31104,0.00842905
2758,0.230711,0.22928,0.0084311
2759,0.256283,0.254091,0.0084359
2760,0.211636,0.210511,0.00843717
2761,0.278258,0.277211,0.00843826
2762,0.269731,0.271393,0.00844102
2763,0.434068,0.43562,0.00844343
2764,0.29183,0.291239,0.00844378
2765,0.215181,0.216272,0.00844497
2766,0.517343,0.52019,0.00845308
2767,0.370782,0.37171,0.00845395
2768,0.424506,0.426297,0.00845715
2769,0.278196,0.279693,0.00845939
2770,0.572263,0.573272,0.00846041
2771,0.38083,0.385136,0.00847895
2772,0.27653,0.277087,0.00847926
2773,0.227036,0.224993,0.00848343
2774,0.501075,0.50169,0.00848381
2775,0.50056,0.499918,0.00848422
2776,0.310352,0.311832,0.00848641
2777,0.240669,0.241466,0.00848705
2778,0.37817,0.379689,0.00848936
2779,0.40976,0.409131,0.00848975
2780,0.411885,0.410322,0.0084922
2781,0.470243,0.470776,0.00849248
2782,0.400841,0.402225,0.0084944
2783,0.417401,0.417535,0.00849442
2784,0.523945,0.52338,0.00849474
2785,0.559041,0.559081,0.00849474
2786,0.455339,0.456994,0.00849748
2787,0.41154,0.41494,0.00850903
2788,0.484487,0.488907,0.00852857
2789,0.486453,0.491215,0.00855125
2790,0.499902,0.503786,0.00856633
2791,0.45201,0.455075,0.00857572
2792,0.324669,0.326745,0.00858003
2793,0.268015,0.268015,0.00858003
2794,0.483702,0.485543,0.00858342
2795,0.501116,0.503936,0.00859137
2796,0.336253,0.339431,0.00860147
2797,0.267159,0.269199,0.00860563
2798,0.499929,0.501615,0.00860848
2799,0.419544,0.421703,0.00861313
2800,0.307567,0.308256,0.00861361
2801,0.245301,0.246136,0.00861431
2802,0.532904,0.536307,0.00862589
2803,0.342146,0.342867,0.00862641
2804,0.261701,0.262056,0.00862653
2805,0.239954,0.236699,0.00863713
2806,0.374549,0.375639,0.00863832
2807,0.288597,0.286992,0.00864089
2808,0.348903,0.347604,0.00864258
2809,0.420101,0.420774,0.00864303
2810,0.385375,0.384118,0.00864461
2811,0.39826,0.395241,0.00865372
2812,0.33866,0.333741,0.00867792
2813,0.424547,0.421867,0.0086851
2814,0.40646,0.402718,0.00869911
2815,0.355396,0.352014,0.00871055
2816,0.295023,0.293355,0.00871333
2817,0.325462,0.324711,0.00871389
2818,0.287565,0.286364,0.00871534
2819,0.375629,0.37402,0.00871793
2820,0.414011,0.412725,0.00871958
2821,0.317974,0.31769,0.00871966
2822,0.311277,0.309979,0.00872135
2823,0.526091,0.523967,0.00872586
2824,0.465814,0.464496,0.00872759
2825,0.454767,0.451967,0.00873544
2826,0.318572,0.316308,0.00874056
2827,0.282531,0.279701,0.00874857
2828,0.366081,0.36205,0.00876482
2829,0.257993,0.254866,0.0087746
2830,0.2371,0.23922,0.0087791
2831,0.235188,0.236511,0.00878085
2832,0.450542,0.450368,0.00878088
2833,0.281149,0.277429,0.00879471
2834,0.262859,0.259189,0.00880818
2835,0.236695,0.236218,0.00880841
2836,0.272388,0.268377,0.0088245
2837,0.385281,0.381493,0.00883885
2838,0.278153,0.274287,0.00885379
2839,0.216903,0.213515,0.00886527
2840,0.197086,0.197082,0.00886527
2841,0.466087,0.468462,0.00887091
2842,0.464571,0.463678,0.00887171
2843,0.31096,0.309811,0.00887303
2844,0.2871,0.286332,0.00887362
2845,0.244741,0.243141,0.00887618
2846,0.321832,0.320634,0.00887761
2847,0.344259,0.342509,0.00888068
2848,0.444486,0.444354,0.00888069
2849,0.283074,0.282121,0.0088816
2850,0.310339,0.31143,0.00888279
2851,0.285743,0.284547,0.00888422
2852,0.219428,0.218042,0.00888614
2853,0.298816,0.297347,0.0088883
2854,0.301392,0.301345,0.0088883
2855,0.243416,0.243579,0.00888833
2856,0.198861,0.198047,0.00888899
2857,0.433294,0.43392,0.00888938
2858,0.287373,0.285186,0.00889417
2859,0.3625,0.359045,0.00890611
2860,0.247721,0.245317,0.00891189
2861,0.233787,0.232403,0.0089138
2862,0.239994,0.23635,0.00892708
2863,0.355763,0.353029,0.00893456
2864,0.237786,0.233876,0.00894985
2865,0.209679,0.208288,0.00895178
2866,0.43179,0.431849,0.00895179
2867,0.301774,0.299363,0.0089576
2868,0.223873,0.221753,0.0089621
2869,0.213524,0.211185,0.00896757
2870,0.47631,0.476039,0.00896764
2871,0.305405,0.30696,0.00897006
2872,0.225703,0.225324,0.0089702
2873,0.249936,0.24516,0.00899301
2874,0.469521,0.469938,0.00899318
2875,0.287005,0.288241,0.00899471
2876,0.268777,0.268847,0.00899472
2877,0.299311,0.299759,0.00899492
2878,0.458258,0.460161,0.00899854
2879,0.287706,0.290495,0.00900632
2880,0.476727,0.475122,0.00900889
2881,0.381459,0.378209,0.00901945
2882,0.369856,0.368179,0.00902227
2883,0.384456,0.383296,0.00902361
2884,0.435077,0.435425,0.00902373
2885,0.50863,0.507568,0.00902486
2886,0.460457,0.459613,0.00902557
2887,0.375484,0.37344,0.00902975
2888,0.442876,0.44195,0.00903061
2889,0.367207,0.365419,0.00903381
2890,0.57022,0.56876,0.00903594
2891,0.430805,0.432325,0.00903825
2892,0.38579,0.386964,0.00903962
2893,0.276616,0.277092,0.00903985
2894,0.347361,0.347405,0.00903985
2895,0.506012,0.506441,0.00904004
2896,0.331188,0.331622,0.00904022
2897,0.231544,0.232876,0.009042
2898,0.301318,0.30246,0.0090433
2899,0.335851,0.334464,0.00904523
2900,0.310231,0.309142,0.00904641
2901,0.229896,0.230294,0.00904657
2902,0.213087,0.215041,0.00905039
2903,0.263127,0.265158,0.00905452
2904,0.462174,0.462062,0.00905453
2905,0.37062,0.369172,0.00905663
2906,0.267945,0.265181,0.00906427
2907,0.283141,0.281261,0.0090678
2908,0.372254,0.369402,0.00907593
2909,0.260474,0.256632,0.00909069
2910,0.206487,0.206772,0.00909077
2911,0.296662,0.299024,0.00909635
2912,0.267716,0.267373,0.00909647
2913,0.228418,0.226979,0.00909854
2914,0.197986,0.195812,0.00910327
2915,0.393573,0.395904,0.0091087
2916,0.284678,0.285964,0.00911035
2917,0.300361,0.301303,0.00911124
2918,0.215167,0.215307,0.00911126
2919,0.395178,0.39859,0.0091229
2920,0.35098,0.350654,0.00912301
2921,0.313357,0.311057,0.0091283
2922,0.223084,0.219643,0.00914014
2923,0.276363,0.275581,0.00914075
2924,0.380364,0.380329,0.00914075
2925,0.333658,0.333092,0.00914107
2926,0.256131,0.256081,0.00914107
2927,0.20964,0.210686,0.00914217
2928,0.29849,0.297546,0.00914306
2929,0.337092,0.335485,0.00914564
2930,0.2803,0.280674,0.00914578
2931,0.206291,0.206856,0.0091461
2932,0.206521,0.20686,0.00914621
2933,0.347739,0.347685,0.00914622
2934,0.44264,0.442485,0.00914624
2935,0.280547,0.281281,0.00914678
2936,0.219095,0.220066,0.00914772
2937,0.267297,0.267332,0.00914772
2938,0.329319,0.330128,0.00914838
2939,0.403782,0.405122,0.00915017
2940,0.32361,0.323939,0.00915028
2941,0.274792,0.275558,0.00915087
2942,0.36271,0.363231,0.00915114
2943,0.453568,0.453411,0.00915117
2944,0.364114,0.364429,0.00915126
2945,0.392993,0.38931,0.00916483
2946,0.558105,0.555196,0.0091733
2947,0.364595,0.364423,0.00917333
2948,0.312214,0.311282,0.00917419
2949,0.547447,0.545465,0.00917812
2950,0.34056,0.340585,0.00917812
2951,0.252983,0.249492,0.00919031
2952,0.380052,0.377862,0.0091951
2953,0.488507,0.488776,0.00919518
2954,0.308608,0.307107,0.00919743
2955,0.223954,0.223272,0.00919789
2956,0.282006,0.281689,0.00919799
2957,0.2915,0.289074,0.00920388
2958,0.236488,0.2332,0.00921469
2959,0.195424,0.193528,0.00921828
2960,0.205404,0.204987,0.00921846
2961,0.230537,0.229871,0.0092189
2962,0.195843,0.195178,0.00921934
2963,0.329188,0.328624,0.00921966
2964,0.257535,0.258696,0.00922101
2965,0.193739,0.194059,0.00922111
2966,0.246834,0.248129,0.00922279
2967,0.272836,0.273779,0.00922368
2968,0.256535,0.258055,0.00922599
2969,0.190909,0.193839,0.00923457
2970,0.222989,0.224999,0.00923861
2971,0.252607,0.254744,0.00924318
2972,0.314882,0.31792,0.00925241
2973,0.28538,0.286369,0.00925338
2974,0.257667,0.258673,0.0092544
2975,0.362941,0.364031,0.00925559
2976,0.42559,0.425775,0.00925562
2977,0.39286,0.393138,0.0092557
2978,0.380324,0.379952,0.00925583
2979,0.317863,0.316283,0.00925833
2980,0.361046,0.360052,0.00925932
2981,0.262219,0.261178,0.0092604
2982,0.241596,0.240663,0.00926127
2983,0.269463,0.269166,0.00926136
2984,0.404483,0.405115,0.00926176
2985,0.26127,0.259263,0.00926579
2986,0.272808,0.270731,0.0092701
2987,0.221906,0.21988,0.00927421
2988,0.394291,0.394124,0.00927424
2989,0.330382,0.328406,0.00927814
2990,0.431491,0.428737,0.00928572
2991,0.282493,0.279345,0.00929564
2992,0.413251,0.413224,0.00929564
2993,0.540796,0.537168,0.0093088
2994,0.504766,0.50158,0.00931896
2995,0.368412,0.3671,0.00932068
2996,0.449355,0.448323,0.00932174
2997,0.445577,0.445193,0.00932189
2998,0.415577,0.41541,0.00932192
2999,0.304,0.303907,0.00932193
