t,predict_test,teacher
501,0.337703,0.337075,3.93228e-07
502,0.506603,0.506931,5.01178e-07
503,0.425416,0.424797,8.84672e-07
504,0.356634,0.355245,2.81436e-06
505,0.274803,0.273552,4.37854e-06
506,0.490219,0.487865,9.92219e-06
507,0.510573,0.51129,1.04361e-05
508,0.314798,0.31657,1.35738e-05
509,0.247564,0.25018,2.04169e-05
510,0.409725,0.411139,2.24156e-05
511,0.385194,0.385571,2.25577e-05
512,0.264532,0.264037,2.28023e-05
513,0.339824,0.338559,2.44038e-05
514,0.416069,0.415043,2.54558e-05
515,0.287141,0.287144,2.54558e-05
516,0.232204,0.231986,2.55032e-05
517,0.417675,0.416575,2.67128e-05
518,0.442765,0.443726,2.76358e-05
519,0.297815,0.297881,2.76401e-05
520,0.248552,0.248317,2.76954e-05
521,0.445085,0.444826,2.77623e-05
522,0.519934,0.520638,2.82587e-05
523,0.41403,0.415451,3.02764e-05
524,0.340618,0.339988,3.06735e-05
525,0.493316,0.49399,3.1128e-05
526,0.481568,0.482621,3.22371e-05
527,0.485018,0.485121,3.22476e-05
528,0.320852,0.323067,3.71561e-05
529,0.306449,0.308636,4.19399e-05
530,0.265255,0.266511,4.35165e-05
531,0.478602,0.479975,4.54027e-05
532,0.325341,0.326908,4.78582e-05
533,0.248746,0.249301,4.81665e-05
534,0.214833,0.215575,4.87176e-05
535,0.402874,0.40265,4.87681e-05
536,0.465684,0.46702,5.05534e-05
537,0.285653,0.288185,5.6964e-05
538,0.290931,0.290989,5.69673e-05
539,0.304495,0.303776,5.74854e-05
540,0.27251,0.271955,5.77933e-05
541,0.219359,0.21851,5.85134e-05
542,0.224147,0.222507,6.12035e-05
543,0.221697,0.222459,6.17836e-05
544,0.220862,0.221469,6.21518e-05
545,0.242637,0.24496,6.75498e-05
546,0.217764,0.219204,6.96242e-05
547,0.187177,0.188661,7.18268e-05
548,0.392558,0.393811,7.33968e-05
549,0.317421,0.317729,7.3492e-05
550,0.373506,0.371885,7.61176e-05
551,0.242967,0.239592,8.75136e-05
552,0.360028,0.358287,9.05469e-05
553,0.38032,0.380222,9.05564e-05
554,0.351717,0.351498,9.06046e-05
555,0.236422,0.23573,9.10831e-05
556,0.248437,0.2476,9.17829e-05
557,0.243305,0.242399,9.26034e-05
558,0.307203,0.307743,9.28955e-05
559,0.256665,0.255902,9.34781e-05
560,0.196807,0.198734,9.71898e-05
561,0.172434,0.173178,9.77425e-05
562,0.219421,0.219134,9.78246e-05
563,0.243906,0.244139,9.78788e-05
564,0.187171,0.186633,9.81673e-05
565,0.17175,0.168302,0.000110051
566,0.179419,0.172562,0.000157062
567,0.224225,0.222665,0.000159495
568,0.178987,0.178543,0.000159692
569,0.193044,0.192305,0.000160237
570,0.221595,0.222625,0.000161298
571,0.261535,0.26605,0.000181679
572,0.343,0.348612,0.000213173
573,0.233842,0.237837,0.000229132
574,0.470225,0.471392,0.000230491
575,0.365102,0.362977,0.000235005
576,0.470724,0.468367,0.000240562
577,0.311258,0.308462,0.000248377
578,0.345167,0.344589,0.000248711
579,0.51955,0.519542,0.000248711
580,0.458462,0.457938,0.000248985
581,0.443755,0.443111,0.0002494
582,0.360693,0.360381,0.000249497
583,0.396505,0.397098,0.00024985
584,0.314817,0.31404,0.000250452
585,0.383792,0.381882,0.000254097
586,0.442227,0.443296,0.000255238
587,0.356491,0.35664,0.00025526
588,0.289885,0.28973,0.000255284
589,0.328149,0.328197,0.000255287
590,0.508555,0.505618,0.000263914
591,0.454395,0.453604,0.00026454
592,0.379113,0.379187,0.000264545
593,0.383463,0.383639,0.000264576
594,0.386295,0.386666,0.000264714
595,0.502446,0.501647,0.000265352
596,0.456325,0.456824,0.000265602
597,0.396431,0.39664,0.000265646
598,0.296149,0.296464,0.000265745
599,0.24485,0.245759,0.000266571
600,0.499444,0.497829,0.000269179
601,0.433055,0.433178,0.000269194
602,0.337196,0.33864,0.000271281
603,0.26291,0.262889,0.000271281
604,0.399232,0.397785,0.000273375
605,0.434393,0.430678,0.000287177
606,0.353842,0.350428,0.000298833
607,0.415763,0.412827,0.000307454
608,0.4727,0.469357,0.00031863
609,0.416168,0.411895,0.000336887
610,0.315867,0.31202,0.000351689
611,0.282767,0.282527,0.000351746
612,0.496348,0.495571,0.00035235
613,0.418146,0.417349,0.000352985
614,0.391294,0.389536,0.000356076
615,0.333728,0.334199,0.000356298
616,0.25313,0.253714,0.00035664
617,0.39566,0.392871,0.000364419
618,0.462942,0.460539,0.000370193
619,0.514268,0.512009,0.000375294
620,0.307363,0.305591,0.000378432
621,0.360371,0.361871,0.000380683
622,0.288496,0.289834,0.000382474
623,0.293977,0.293874,0.000382485
624,0.216375,0.216756,0.00038263
625,0.283773,0.283521,0.000382694
626,0.253436,0.254102,0.000383138
627,0.205737,0.206413,0.000383595
628,0.193229,0.192301,0.000384456
629,0.294444,0.294147,0.000384544
630,0.525361,0.524405,0.000385459
631,0.332528,0.331562,0.000386393
632,0.339612,0.339274,0.000386508
633,0.26806,0.266034,0.000390615
634,0.340907,0.340608,0.000390704
635,0.334709,0.334402,0.000390798
636,0.328039,0.327126,0.000391631
637,0.253201,0.253769,0.000391954
638,0.248049,0.248379,0.000392062
639,0.307991,0.308297,0.000392156
640,0.346653,0.34564,0.000393181
641,0.273644,0.272497,0.000394496
642,0.232347,0.232483,0.000394515
643,0.445801,0.444861,0.000395398
644,0.279431,0.277189,0.000400424
645,0.250815,0.249907,0.000401248
646,0.199242,0.198925,0.000401348
647,0.21215,0.212937,0.000401968
648,0.183768,0.184714,0.000402865
649,0.204281,0.204917,0.00040327
650,0.184366,0.187572,0.000413548
651,0.185097,0.189605,0.000433874
652,0.379586,0.382798,0.000444188
653,0.290389,0.292155,0.000447307
654,0.393076,0.392551,0.000447583
655,0.267799,0.267009,0.000448208
656,0.397389,0.397797,0.000448375
657,0.359163,0.35876,0.000448537
658,0.360199,0.357606,0.000455261
659,0.272977,0.272202,0.000455862
660,0.228462,0.227769,0.000456342
661,0.277618,0.277294,0.000456447
662,0.336727,0.335369,0.000458291
663,0.26813,0.265173,0.000467035
664,0.228918,0.228417,0.000467285
665,0.236016,0.2373,0.000468932
666,0.287921,0.289962,0.000473101
667,0.240225,0.24184,0.000475707
668,0.196786,0.198845,0.000479946
669,0.234374,0.237273,0.000488349
670,0.280657,0.283616,0.000497107
671,0.312076,0.313521,0.000499192
672,0.223962,0.223737,0.000499243
673,0.331917,0.33289,0.00050019
674,0.301692,0.302577,0.000500973
675,0.315029,0.316013,0.000501941
676,0.222232,0.222553,0.000502044
677,0.283849,0.284719,0.0005028
678,0.296462,0.299067,0.000509586
679,0.385437,0.385268,0.000509615
680,0.248075,0.246796,0.000511251
681,0.234153,0.232601,0.000513658
682,0.535697,0.534195,0.000515914
683,0.433153,0.43287,0.000515994
684,0.271586,0.270619,0.00051693
685,0.219784,0.217748,0.000521078
686,0.32374,0.320795,0.000529748
687,0.323447,0.321132,0.000535107
688,0.225947,0.222692,0.000545707
689,0.244502,0.242631,0.00054921
690,0.233204,0.233163,0.000549211
691,0.324317,0.323753,0.000549529
692,0.339339,0.33817,0.000550894
693,0.373305,0.370196,0.000560562
694,0.241493,0.239701,0.000563773
695,0.293892,0.293612,0.000563851
696,0.518432,0.518876,0.000564048
697,0.434603,0.434758,0.000564072
698,0.271126,0.272109,0.000565038
699,0.28861,0.288963,0.000565163
700,0.513321,0.513008,0.000565261
701,0.42207,0.420786,0.00056691
702,0.335506,0.334488,0.000567946
703,0.387699,0.387782,0.000567953
704,0.44354,0.442317,0.000569448
705,0.29235,0.290473,0.000572971
706,0.265621,0.26553,0.00057298
707,0.231097,0.232079,0.000573945
708,0.295998,0.295393,0.000574311
709,0.230878,0.228147,0.00058177
710,0.24147,0.241049,0.000581947
711,0.210177,0.210391,0.000581992
712,0.303567,0.303632,0.000581997
713,0.238554,0.240401,0.000585407
714,0.2268,0.229068,0.000590551
715,0.267701,0.269625,0.000594254
716,0.365955,0.366992,0.00059533
717,0.276836,0.276623,0.000595375
718,0.236977,0.236873,0.000595386
719,0.269903,0.270001,0.000595396
720,0.261638,0.263564,0.000599106
721,0.230566,0.232009,0.000601187
722,0.208917,0.210108,0.000602605
723,0.343451,0.344754,0.000604302
724,0.307537,0.30636,0.000605689
725,0.241792,0.241794,0.000605689
726,0.214169,0.212028,0.000610275
727,0.463221,0.462343,0.000611047
728,0.572445,0.572292,0.00061107
729,0.356564,0.356333,0.000611124
730,0.250821,0.248839,0.000615049
731,0.248324,0.245717,0.000621844
732,0.522749,0.522249,0.000622093
733,0.322025,0.321417,0.000622463
734,0.242375,0.241803,0.00062279
735,0.250596,0.25105,0.000622996
736,0.51286,0.510372,0.000629186
737,0.355675,0.354789,0.000629971
738,0.340435,0.33898,0.000632087
739,0.354544,0.354087,0.000632296
740,0.246633,0.24609,0.00063259
741,0.30031,0.297094,0.000642928
742,0.262062,0.260392,0.000645718
743,0.199679,0.198387,0.000647385
744,0.174712,0.173375,0.000649175
745,0.328383,0.326837,0.000651565
746,0.234911,0.232627,0.000656783
747,0.188287,0.184097,0.000674337
748,0.180694,0.174803,0.000709036
749,0.370542,0.367216,0.000720096
750,0.242441,0.241994,0.000720297
751,0.212922,0.212505,0.000720471
752,0.365681,0.364393,0.00072213
753,0.411858,0.413077,0.000723616
754,0.267132,0.268528,0.000725563
755,0.325168,0.326375,0.000727021
756,0.237519,0.235852,0.000729799
757,0.291125,0.292235,0.000731031
758,0.291338,0.288076,0.000741677
759,0.41175,0.408289,0.000753649
760,0.264936,0.26119,0.000767681
761,0.317381,0.315739,0.000770379
762,0.491556,0.491136,0.000770556
763,0.410364,0.406896,0.000782585
764,0.450216,0.44894,0.000784212
765,0.300951,0.300105,0.000784927
766,0.429993,0.425945,0.000801313
767,0.372266,0.370331,0.000805059
768,0.293821,0.293765,0.000805062
769,0.225107,0.227325,0.000809979
770,0.426303,0.426494,0.000810015
771,0.392386,0.392195,0.000810052
772,0.27652,0.274445,0.000814355
773,0.341968,0.341326,0.000814767
774,0.308595,0.308851,0.000814833
775,0.250144,0.250189,0.000814835
776,0.204274,0.204033,0.000814893
777,0.233759,0.231988,0.00081803
778,0.270455,0.272711,0.000823119
779,0.231456,0.230999,0.000823328
780,0.199287,0.200756,0.000825485
781,0.230094,0.231146,0.000826591
782,0.246335,0.248025,0.000829449
783,0.359649,0.361509,0.000832908
784,0.461893,0.461182,0.000833413
785,0.447243,0.441932,0.000861627
786,0.300953,0.294422,0.000904278
787,0.337878,0.335115,0.000911911
788,0.457175,0.45613,0.000913002
789,0.352649,0.351718,0.000913868
790,0.311951,0.311109,0.000914578
791,0.340336,0.340253,0.000914585
792,0.285689,0.284916,0.000915183
793,0.239121,0.238062,0.000916304
794,0.363872,0.362609,0.0009179
795,0.411302,0.410916,0.000918049
796,0.266099,0.266106,0.000918049
797,0.25245,0.252048,0.00091821
798,0.303556,0.303557,0.00091821
799,0.268398,0.267897,0.000918462
800,0.240753,0.239619,0.000919747
801,0.384354,0.383,0.000921581
802,0.309949,0.307663,0.000926807
803,0.24423,0.242627,0.000929379
804,0.246386,0.247109,0.000929901
805,0.481406,0.481916,0.000930162
806,0.359429,0.360756,0.000931924
807,0.289413,0.290392,0.000932882
808,0.22233,0.222239,0.00093289
809,0.410661,0.409974,0.000933362
810,0.349281,0.348545,0.000933903
811,0.29863,0.29692,0.000936828
812,0.240804,0.240652,0.000936852
813,0.422521,0.422126,0.000937007
814,0.347225,0.346909,0.000937107
815,0.404909,0.40459,0.000937209
816,0.381462,0.380592,0.000937965
817,0.31937,0.318361,0.000938982
818,0.340286,0.338509,0.000942141
819,0.402103,0.4002,0.000945762
820,0.356401,0.352945,0.000957707
821,0.272168,0.27186,0.000957802
822,0.335653,0.337078,0.000959831
823,0.392882,0.393011,0.000959847
824,0.320445,0.319419,0.0009609
825,0.265525,0.265451,0.000960906
826,0.3543,0.353851,0.000961108
827,0.512908,0.510295,0.000967934
828,0.40373,0.402715,0.000968963
829,0.304426,0.303068,0.00097081
830,0.449802,0.449715,0.000970817
831,0.544608,0.545024,0.00097099
832,0.369054,0.370485,0.000973038
833,0.382665,0.383502,0.000973738
834,0.411786,0.413586,0.000976978
835,0.455935,0.456079,0.000976998
836,0.354459,0.35399,0.000977218
837,0.533188,0.53046,0.000984661
838,0.455049,0.455603,0.000984968
839,0.290195,0.292078,0.000988516
840,0.425408,0.425735,0.000988623
841,0.498987,0.499741,0.000989192
842,0.338515,0.34014,0.000991833
843,0.242214,0.243592,0.000993732
844,0.287973,0.289055,0.000994902
845,0.224987,0.224325,0.000995341
846,0.20018,0.198712,0.000997495
847,0.231016,0.229959,0.000998612
848,0.304129,0.305446,0.00100035
849,0.221674,0.222096,0.00100052
850,0.212696,0.215722,0.00100968
851,0.196723,0.199301,0.00101633
852,0.275564,0.27705,0.00101854
853,0.220189,0.22115,0.00101946
854,0.181159,0.182956,0.00102269
855,0.250476,0.252776,0.00102798
856,0.28361,0.283107,0.00102823
857,0.216335,0.216596,0.0010283
858,0.18082,0.177614,0.00103858
859,0.372625,0.367608,0.00106374
860,0.490719,0.490725,0.00106374
861,0.423313,0.424916,0.00106631
862,0.264899,0.263593,0.00106802
863,0.291966,0.289376,0.00107472
864,0.305962,0.3046,0.00107658
865,0.448851,0.450494,0.00107928
866,0.296339,0.295859,0.00107951
867,0.291509,0.291631,0.00107952
868,0.301126,0.301064,0.00107953
869,0.354985,0.353639,0.00108134
870,0.277499,0.274949,0.00108784
871,0.375838,0.373574,0.00109297
872,0.375211,0.374207,0.00109398
873,0.391036,0.388543,0.00110019
874,0.267353,0.265047,0.00110551
875,0.323688,0.322074,0.00110811
876,0.253059,0.253381,0.00110822
877,0.343377,0.342849,0.0011085
878,0.296007,0.294834,0.00110987
879,0.238464,0.238098,0.00111001
880,0.212197,0.212253,0.00111001
881,0.230545,0.23118,0.00111041
882,0.333146,0.334699,0.00111282
883,0.256276,0.256548,0.0011129
884,0.264419,0.264591,0.00111293
885,0.262657,0.262793,0.00111295
886,0.248124,0.249544,0.00111496
887,0.326441,0.326426,0.00111496
888,0.318512,0.31877,0.00111503
889,0.22536,0.225276,0.00111504
890,0.270555,0.270631,0.00111504
891,0.368463,0.367256,0.0011165
892,0.292162,0.289279,0.00112481
893,0.218281,0.21637,0.00112846
894,0.246535,0.24664,0.00112847
895,0.340102,0.340248,0.00112849
896,0.274225,0.27529,0.00112963
897,0.37923,0.379856,0.00113002
898,0.30256,0.301501,0.00113114
899,0.239236,0.23907,0.00113117
900,0.196768,0.196405,0.0011313
901,0.330735,0.331191,0.00113151
902,0.272569,0.272543,0.00113151
903,0.202353,0.202383,0.00113151
904,0.185692,0.186524,0.0011322
905,0.219313,0.219159,0.00113223
906,0.247678,0.248079,0.00113239
907,0.190636,0.19253,0.00113597
908,0.189114,0.192137,0.00114511
909,0.16456,0.169225,0.00116687
910,0.425674,0.429952,0.00118518
911,0.313265,0.312621,0.00118559
912,0.238746,0.239633,0.00118638
913,0.192893,0.193739,0.0011871
914,0.24048,0.245218,0.00120955
915,0.212013,0.215187,0.00121962
916,0.441,0.444073,0.00122907
917,0.304716,0.301987,0.00123652
918,0.292186,0.29101,0.0012379
919,0.231086,0.227673,0.00124955
920,0.272749,0.271907,0.00125025
921,0.247225,0.245382,0.00125365
922,0.451418,0.448397,0.00126278
923,0.457046,0.455468,0.00126527
924,0.290766,0.288704,0.00126952
925,0.386877,0.386903,0.00126952
926,0.373658,0.372704,0.00127043
927,0.487179,0.485595,0.00127294
928,0.317036,0.316552,0.00127317
929,0.429927,0.429618,0.00127327
930,0.41662,0.416457,0.0012733
931,0.277958,0.278187,0.00127335
932,0.238222,0.23749,0.00127389
933,0.397272,0.395947,0.00127564
934,0.345195,0.344043,0.00127696
935,0.243772,0.241729,0.00128114
936,0.216916,0.216686,0.00128119
937,0.277814,0.278234,0.00128137
938,0.206942,0.206359,0.00128171
939,0.408115,0.405404,0.00128906
940,0.25309,0.25095,0.00129364
941,0.235967,0.235561,0.0012938
942,0.190939,0.188505,0.00129972
943,0.35973,0.359659,0.00129973
944,0.233764,0.233796,0.00129973
945,0.210246,0.207114,0.00130954
946,0.207177,0.204519,0.00131661
947,0.358148,0.358104,0.00131661
948,0.231409,0.231939,0.00131689
949,0.191437,0.193387,0.00132069
950,0.303806,0.304868,0.00132182
951,0.474722,0.477737,0.00133091
952,0.430751,0.432321,0.00133337
953,0.296905,0.295956,0.00133427
954,0.479192,0.478752,0.00133447
955,0.463677,0.462021,0.00133721
956,0.395439,0.394607,0.0013379
957,0.268275,0.267859,0.00133807
958,0.507019,0.504899,0.00134257
959,0.375587,0.377571,0.0013465
960,0.252218,0.255095,0.00135478
961,0.197269,0.200278,0.00136382
962,0.313616,0.311941,0.00136663
963,0.335166,0.334343,0.00136731
964,0.227594,0.22727,0.00136741
965,0.188253,0.18656,0.00137028
966,0.246892,0.24458,0.00137562
967,0.240173,0.238847,0.00137738
968,0.243878,0.2451,0.00137888
969,0.19894,0.200603,0.00138164
970,0.289547,0.288864,0.00138211
971,0.229749,0.22936,0.00138226
972,0.305567,0.307106,0.00138463
973,0.262927,0.264106,0.00138602
974,0.405469,0.405944,0.00138625
975,0.292691,0.293533,0.00138695
976,0.354554,0.356671,0.00139144
977,0.308715,0.310781,0.0013957
978,0.279393,0.280369,0.00139666
979,0.234898,0.235165,0.00139673
980,0.226252,0.226783,0.00139701
981,0.213082,0.212903,0.00139704
982,0.211182,0.212788,0.00139962
983,0.196973,0.196906,0.00139962
984,0.224673,0.2248,0.00139964
985,0.250785,0.25051,0.00139972
986,0.259522,0.262638,0.00140942
987,0.202875,0.205785,0.00141789
988,0.282342,0.285341,0.00142689
989,0.44791,0.44979,0.00143042
990,0.299973,0.299588,0.00143057
991,0.26372,0.2628,0.00143142
992,0.222962,0.221388,0.0014339
993,0.407825,0.40609,0.0014369
994,0.260739,0.258195,0.00144337
995,0.352159,0.349418,0.00145089
996,0.248728,0.249743,0.00145192
997,0.215504,0.215722,0.00145196
998,0.191667,0.19187,0.001452
999,0.196643,0.198561,0.00145569
1000,0.238123,0.23892,0.00145632
1001,0.186277,0.187611,0.0014581
1002,0.37313,0.374803,0.0014609
1003,0.279955,0.280731,0.0014615
1004,0.218335,0.21957,0.00146303
1005,0.185779,0.187905,0.00146754
1006,0.356488,0.358099,0.00147014
1007,0.416756,0.41738,0.00147053
1008,0.279287,0.279989,0.00147102
1009,0.232367,0.231991,0.00147116
1010,0.312533,0.313838,0.00147287
1011,0.318422,0.319982,0.0014753
1012,0.269421,0.270355,0.00147617
1013,0.245817,0.245019,0.00147681
1014,0.273798,0.276103,0.00148212
1015,0.269161,0.268318,0.00148283
1016,0.245534,0.245069,0.00148305
1017,0.219682,0.220345,0.00148349
1018,0.280158,0.279686,0.00148371
1019,0.309693,0.309744,0.00148371
1020,0.470625,0.469337,0.00148537
1021,0.313515,0.311404,0.00148982
1022,0.336579,0.335448,0.0014911
1023,0.451407,0.450923,0.00149134
1024,0.373575,0.373235,0.00149145
1025,0.265797,0.264768,0.00149251
1026,0.312771,0.312394,0.00149265
1027,0.360224,0.360786,0.00149297
1028,0.284672,0.283055,0.00149558
1029,0.251245,0.249927,0.00149732
1030,0.339867,0.338185,0.00150015
1031,0.392845,0.391125,0.00150311
1032,0.333509,0.331844,0.00150588
1033,0.405418,0.40432,0.00150709
1034,0.302982,0.300917,0.00151135
1035,0.309752,0.308373,0.00151325
1036,0.314175,0.310906,0.00152394
1037,0.226624,0.223499,0.00153371
1038,0.199128,0.199468,0.00153382
1039,0.273895,0.274222,0.00153393
1040,0.274223,0.273415,0.00153458
1041,0.202303,0.200032,0.00153974
1042,0.272457,0.267761,0.0015618
1043,0.45118,0.447345,0.0015765
1044,0.302989,0.301743,0.00157806
1045,0.215769,0.215041,0.00157859
1046,0.50155,0.497286,0.00159677
1047,0.502886,0.503619,0.0015973
1048,0.31721,0.318507,0.00159899
1049,0.23206,0.229738,0.00160437
1050,0.292637,0.289973,0.00161147
1051,0.262905,0.26118,0.00161445
1052,0.269468,0.267018,0.00162045
1053,0.239697,0.238683,0.00162148
1054,0.267264,0.267104,0.0016215
1055,0.205501,0.206001,0.00162175
1056,0.186346,0.188628,0.00162696
1057,0.31018,0.312624,0.00163293
1058,0.227305,0.228404,0.00163414
1059,0.210646,0.211229,0.00163448
1060,0.178216,0.177063,0.00163581
1061,0.297112,0.29689,0.00163586
1062,0.221734,0.221302,0.00163605
1063,0.233003,0.232618,0.00163619
1064,0.18524,0.185602,0.00163633
1065,0.213356,0.211557,0.00163956
1066,0.312619,0.312925,0.00163965
1067,0.226144,0.225486,0.00164009
1068,0.191753,0.191276,0.00164031
1069,0.178792,0.174859,0.00165578
1070,0.284199,0.28176,0.00166173
1071,0.241089,0.239966,0.00166299
1072,0.247864,0.247098,0.00166358
1073,0.2184,0.218487,0.00166359
1074,0.337232,0.341187,0.00167923
1075,0.395866,0.398634,0.00168689
1076,0.37335,0.374617,0.0016885
1077,0.460925,0.460929,0.0016885
1078,0.51589,0.515168,0.00168902
1079,0.394443,0.392595,0.00169243
1080,0.458134,0.456357,0.00169559
1081,0.562856,0.561985,0.00169635
1082,0.356916,0.35878,0.00169982
1083,0.358716,0.359385,0.00170027
1084,0.25377,0.253712,0.00170027
1085,0.379701,0.378768,0.00170114
1086,0.277026,0.275422,0.00170372
1087,0.350511,0.350166,0.00170384
1088,0.237322,0.236803,0.0017041
1089,0.318588,0.319269,0.00170457
1090,0.251039,0.252701,0.00170733
1091,0.35033,0.350463,0.00170735
1092,0.321142,0.321217,0.00170736
1093,0.407074,0.4085,0.00170939
1094,0.266755,0.267069,0.00170949
1095,0.429297,0.4293,0.00170949
1096,0.452071,0.45147,0.00170985
1097,0.359805,0.358925,0.00171062
1098,0.296205,0.296606,0.00171078
1099,0.261534,0.261988,0.00171099
1100,0.260914,0.260907,0.00171099
1101,0.285037,0.283895,0.00171229
1102,0.303555,0.30322,0.00171241
1103,0.259068,0.258444,0.00171279
1104,0.206921,0.207495,0.00171312
1105,0.342516,0.34316,0.00171354
1106,0.370642,0.370713,0.00171354
1107,0.314744,0.313836,0.00171437
1108,0.27598,0.275529,0.00171457
1109,0.226115,0.225592,0.00171485
1110,0.209792,0.210161,0.00171498
1111,0.247321,0.247361,0.00171498
1112,0.486279,0.487687,0.00171697
1113,0.314682,0.314501,0.001717
1114,0.238841,0.238908,0.001717
1115,0.336751,0.338506,0.00172009
1116,0.305998,0.306522,0.00172036
1117,0.255926,0.25565,0.00172044
1118,0.25663,0.255474,0.00172177
1119,0.3446,0.343331,0.00172338
1120,0.321716,0.319103,0.00173021
1121,0.264122,0.261522,0.00173697
1122,0.292953,0.289744,0.00174727
1123,0.436346,0.434413,0.00175101
1124,0.629117,0.62646,0.00175806
1125,0.609854,0.605735,0.00177503
1126,0.457413,0.453668,0.00178906
1127,0.347,0.342942,0.00180552
1128,0.276615,0.26956,0.00185529
1129,0.403961,0.398346,0.00188682
1130,0.305926,0.304964,0.00188775
1131,0.237191,0.239737,0.00189423
1132,0.19974,0.201971,0.00189921
1133,0.207213,0.205863,0.00190103
1134,0.183099,0.182045,0.00190214
1135,0.229082,0.227042,0.00190631
1136,0.321319,0.319455,0.00190978
1137,0.248464,0.247332,0.00191106
1138,0.192877,0.194054,0.00191245
1139,0.303885,0.305119,0.00191397
1140,0.395718,0.397198,0.00191616
1141,0.474426,0.475348,0.00191701
1142,0.340125,0.33933,0.00191764
1143,0.423755,0.42218,0.00192012
1144,0.282826,0.279955,0.00192836
1145,0.238832,0.23811,0.00192888
1146,0.217323,0.217112,0.00192893
1147,0.339454,0.341531,0.00193324
1148,0.236732,0.23709,0.00193337
1149,0.207118,0.2074,0.00193345
1150,0.212804,0.213565,0.00193403
1151,0.322865,0.322254,0.0019344
1152,0.273519,0.27372,0.00193444
1153,0.373398,0.374103,0.00193494
1154,0.469911,0.468419,0.00193717
1155,0.345076,0.342005,0.0019466
1156,0.247052,0.243971,0.00195609
1157,0.351651,0.350379,0.0019577
1158,0.369908,0.370565,0.00195814
1159,0.28813,0.286957,0.00195951
1160,0.23816,0.237717,0.00195971
1161,0.269293,0.269299,0.00195971
1162,0.290201,0.288875,0.00196147
1163,0.276414,0.275676,0.00196201
1164,0.239417,0.239734,0.00196211
1165,0.283232,0.284045,0.00196277
1166,0.384943,0.384467,0.001963
1167,0.350128,0.347859,0.00196815
1168,0.262118,0.259537,0.00197481
1169,0.228149,0.226549,0.00197737
1170,0.504981,0.503527,0.00197948
1171,0.438732,0.437537,0.00198091
1172,0.316279,0.314934,0.00198272
1173,0.254949,0.254023,0.00198358
1174,0.403028,0.401874,0.00198491
1175,0.486038,0.484682,0.00198675
1176,0.34732,0.344909,0.00199256
1177,0.45007,0.447569,0.00199881
1178,0.414577,0.414201,0.00199895
1179,0.508715,0.508391,0.00199906
1180,0.533489,0.533485,0.00199906
1181,0.329722,0.331031,0.00200077
1182,0.2597,0.260791,0.00200197
1183,0.282171,0.27975,0.00200783
1184,0.237147,0.236149,0.00200882
1185,0.199997,0.201199,0.00201027
1186,0.181661,0.183978,0.00201563
1187,0.253946,0.255012,0.00201677
1188,0.218381,0.217701,0.00201723
1189,0.449596,0.448236,0.00201908
1190,0.26649,0.264832,0.00202183
1191,0.466125,0.464486,0.00202451
1192,0.325423,0.323183,0.00202953
1193,0.389165,0.388122,0.00203062
1194,0.254358,0.253877,0.00203085
1195,0.426418,0.427535,0.0020321
1196,0.321522,0.32483,0.00204305
1197,0.400055,0.398994,0.00204417
1198,0.297707,0.298784,0.00204533
1199,0.313981,0.31292,0.00204645
1200,0.371634,0.372196,0.00204677
1201,0.593896,0.59289,0.00204778
1202,0.437843,0.435443,0.00205354
1203,0.394502,0.392655,0.00205695
1204,0.262728,0.260618,0.00206141
1205,0.393557,0.392125,0.00206346
1206,0.31293,0.312468,0.00206367
1207,0.355906,0.354765,0.00206497
1208,0.237205,0.238271,0.00206611
1209,0.353264,0.353391,0.00206612
1210,0.317138,0.317173,0.00206613
1211,0.345099,0.343828,0.00206774
1212,0.371483,0.370524,0.00206866
1213,0.339454,0.339335,0.00206868
1214,0.317303,0.317067,0.00206873
1215,0.338707,0.338367,0.00206885
1216,0.569549,0.567426,0.00207335
1217,0.428789,0.427427,0.00207521
1218,0.324952,0.324692,0.00207528
1219,0.30268,0.302009,0.00207573
1220,0.500499,0.499564,0.0020766
1221,0.593518,0.593841,0.0020767
1222,0.415389,0.418223,0.00208474
1223,0.422119,0.424724,0.00209153
1224,0.318971,0.321454,0.00209769
1225,0.293006,0.293826,0.00209836
1226,0.342761,0.34173,0.00209943
1227,0.294299,0.294542,0.00209948
1228,0.264563,0.265806,0.00210103
1229,0.21539,0.215813,0.00210121
1230,0.273935,0.276369,0.00210713
1231,0.216495,0.218809,0.00211248
1232,0.456894,0.455004,0.00211605
1233,0.328461,0.326818,0.00211876
1234,0.341957,0.341073,0.00211954
1235,0.25047,0.248949,0.00212185
1236,0.203667,0.204379,0.00212236
1237,0.314996,0.315905,0.00212318
1238,0.27332,0.274348,0.00212424
1239,0.273029,0.273801,0.00212484
1240,0.20431,0.204878,0.00212516
1241,0.194595,0.196377,0.00212833
1242,0.223252,0.225045,0.00213155
1243,0.341775,0.341941,0.00213157
1244,0.372284,0.373091,0.00213223
1245,0.264222,0.264094,0.00213224
1246,0.231796,0.231904,0.00213225
1247,0.236498,0.236686,0.00213229
1248,0.232346,0.234293,0.00213608
1249,0.270081,0.272305,0.00214103
1250,0.223518,0.223937,0.0021412
1251,0.222605,0.22427,0.00214397
1252,0.218558,0.219616,0.00214509
1253,0.21825,0.219874,0.00214773
1254,0.188741,0.189278,0.00214802
1255,0.253369,0.253646,0.00214809
1256,0.366712,0.367648,0.00214897
1257,0.330755,0.328385,0.00215459
1258,0.236198,0.234644,0.002157
1259,0.198352,0.196507,0.00216041
1260,0.349008,0.347617,0.00216234
1261,0.469808,0.468677,0.00216362
1262,0.351439,0.348631,0.00217151
1263,0.242045,0.240929,0.00217275
1264,0.422194,0.421454,0.0021733
1265,0.323776,0.321793,0.00217723
1266,0.228255,0.227791,0.00217745
1267,0.262123,0.262026,0.00217746
1268,0.22718,0.225394,0.00218064
1269,0.213391,0.212664,0.00218117
1270,0.188628,0.186102,0.00218755
1271,0.164786,0.166865,0.00219188
1272,0.17784,0.178925,0.00219306
1273,0.311045,0.311459,0.00219323
1274,0.533426,0.534319,0.00219403
1275,0.298093,0.298091,0.00219403
1276,0.339289,0.341157,0.00219752
1277,0.273417,0.273006,0.00219769
1278,0.426211,0.424922,0.00219935
1279,0.525914,0.525203,0.00219985
1280,0.512904,0.511447,0.00220197
1281,0.32066,0.318401,0.00220708
1282,0.387612,0.389271,0.00220983
1283,0.285857,0.286064,0.00220987
1284,0.513899,0.511199,0.00221716
1285,0.304375,0.307613,0.00222765
1286,0.260498,0.265744,0.00225516
1287,0.201617,0.204451,0.0022632
1288,0.292728,0.293382,0.00226362
1289,0.213703,0.211326,0.00226927
1290,0.21222,0.207758,0.00228918
1291,0.19006,0.186309,0.00230325
1292,0.194074,0.192552,0.00230556
1293,0.169012,0.169315,0.00230566
1294,0.250912,0.251023,0.00230567
1295,0.288235,0.288601,0.0023058
1296,0.212664,0.214866,0.00231065
1297,0.261892,0.263684,0.00231386
1298,0.288181,0.290445,0.00231899
1299,0.257704,0.258793,0.00232017
1300,0.242274,0.243299,0.00232122
1301,0.265026,0.266778,0.00232429
1302,0.320105,0.320903,0.00232493
1303,0.241125,0.242597,0.0023271
1304,0.228963,0.231652,0.00233433
1305,0.206188,0.20967,0.00234646
1306,0.377059,0.379113,0.00235067
1307,0.273515,0.272629,0.00235146
1308,0.236191,0.234922,0.00235307
1309,0.221448,0.221333,0.00235308
1310,0.410873,0.411127,0.00235315
1311,0.253552,0.254896,0.00235495
1312,0.383647,0.384428,0.00235556
1313,0.339225,0.338197,0.00235662
1314,0.400881,0.398714,0.00236131
1315,0.25864,0.255308,0.00237242
1316,0.464722,0.462538,0.00237719
1317,0.504709,0.505941,0.0023787
1318,0.463527,0.466387,0.00238688
1319,0.308312,0.312031,0.00240072
1320,0.494174,0.496501,0.00240613
1321,0.526253,0.52917,0.00241464
1322,0.321601,0.32496,0.00242593
1323,0.45301,0.451908,0.00242714
1324,0.422478,0.425111,0.00243407
1325,0.450578,0.451592,0.0024351
1326,0.291668,0.290617,0.00243621
1327,0.231761,0.230073,0.00243906
1328,0.373408,0.368669,0.00246152
1329,0.281002,0.278299,0.00246882
1330,0.229298,0.231396,0.00247323
1331,0.200118,0.20246,0.00247871
1332,0.202942,0.203579,0.00247912
1333,0.19374,0.19663,0.00248747
1334,0.181957,0.187524,0.00251847
1335,0.230376,0.235963,0.00254968
1336,0.189995,0.193662,0.00256312
1337,0.312866,0.315392,0.0025695
1338,0.332001,0.334244,0.00257454
1339,0.279872,0.281215,0.00257634
1340,0.230542,0.231252,0.00257685
1341,0.497566,0.499944,0.0025825
1342,0.416141,0.418374,0.00258749
1343,0.29099,0.291407,0.00258766
1344,0.22172,0.220207,0.00258995
1345,0.482261,0.481081,0.00259134
1346,0.3495,0.348275,0.00259284
1347,0.240768,0.241245,0.00259307
1348,0.196011,0.195772,0.00259313
1349,0.245822,0.242075,0.00260717
1350,0.252876,0.250311,0.00261374
1351,0.239619,0.23669,0.00262232
1352,0.212155,0.212402,0.00262238
1353,0.233664,0.234662,0.00262338
1354,0.381658,0.385824,0.00264074
1355,0.401985,0.404192,0.00264561
1356,0.318786,0.318377,0.00264578
1357,0.261952,0.261864,0.00264579
1358,0.412021,0.409165,0.00265395
1359,0.420541,0.417566,0.00266279
1360,0.314752,0.31132,0.00267457
1361,0.253699,0.251655,0.00267875
1362,0.358945,0.358345,0.00267911
1363,0.43617,0.434348,0.00268243
1364,0.291669,0.290316,0.00268426
1365,0.329081,0.327728,0.00268609
1366,0.409111,0.408201,0.00268692
1367,0.507235,0.505566,0.00268971
1368,0.330242,0.328738,0.00269197
1369,0.27517,0.272328,0.00270004
1370,0.460545,0.458287,0.00270514
1371,0.295687,0.29529,0.0027053
1372,0.331849,0.33069,0.00270664
1373,0.269378,0.26946,0.00270665
1374,0.393156,0.392234,0.0027075
1375,0.265952,0.263535,0.00271334
1376,0.375895,0.373031,0.00272154
1377,0.327703,0.325344,0.00272711
1378,0.295949,0.295093,0.00272784
1379,0.445074,0.444125,0.00272874
1380,0.560981,0.5591,0.00273228
1381,0.414989,0.41349,0.00273453
1382,0.32845,0.327258,0.00273595
1383,0.403104,0.403889,0.00273656
1384,0.375603,0.376175,0.00273689
1385,0.341967,0.341059,0.00273772
1386,0.376706,0.376212,0.00273796
1387,0.343789,0.344015,0.00273801
1388,0.323444,0.322575,0.00273876
1389,0.296742,0.296339,0.00273893
1390,0.440855,0.438998,0.00274238
1391,0.327304,0.32773,0.00274256
1392,0.433555,0.43278,0.00274316
1393,0.445581,0.444323,0.00274474
1394,0.483936,0.48124,0.00275201
1395,0.328653,0.327353,0.0027537
1396,0.31241,0.312753,0.00275382
1397,0.486896,0.486614,0.0027539
1398,0.464777,0.465981,0.00275535
1399,0.294687,0.297072,0.00276104
1400,0.242746,0.245327,0.00276769
1401,0.418724,0.419178,0.0027679
1402,0.499205,0.499924,0.00276842
1403,0.302552,0.305352,0.00277626
1404,0.301312,0.300459,0.00277698
1405,0.330493,0.330263,0.00277704
1406,0.463038,0.462533,0.00277729
1407,0.297784,0.29806,0.00277737
1408,0.257867,0.25724,0.00277776
1409,0.249498,0.249901,0.00277792
1410,0.392578,0.392896,0.00277803
1411,0.32344,0.323084,0.00277815
1412,0.24449,0.243373,0.0027794
1413,0.231543,0.229942,0.00278196
1414,0.405072,0.404692,0.00278211
1415,0.310792,0.310532,0.00278218
1416,0.223495,0.22397,0.0027824
1417,0.232031,0.231489,0.0027827
1418,0.39497,0.394737,0.00278275
1419,0.276584,0.273598,0.00279166
1420,0.208486,0.205141,0.00280285
1421,0.19939,0.195284,0.00281972
1422,0.215852,0.212276,0.0028325
1423,0.225586,0.22305,0.00283893
1424,0.229692,0.227955,0.00284195
1425,0.201896,0.202141,0.00284201
1426,0.21922,0.219221,0.00284201
1427,0.183868,0.187138,0.00285271
1428,0.317362,0.32017,0.00286059
1429,0.367583,0.370883,0.00287148
1430,0.349827,0.350802,0.00287243
1431,0.240413,0.239014,0.00287439
1432,0.255583,0.255904,0.00287449
1433,0.477456,0.478107,0.00287492
1434,0.302359,0.303309,0.00287582
1435,0.284377,0.284038,0.00287593
1436,0.261422,0.261406,0.00287593
1437,0.354603,0.35292,0.00287876
1438,0.240934,0.238726,0.00288364
1439,0.3266,0.324547,0.00288785
1440,0.260683,0.26167,0.00288883
1441,0.273463,0.273396,0.00288883
1442,0.210681,0.210447,0.00288888
1443,0.30997,0.310285,0.00288898
1444,0.279233,0.279533,0.00288907
1445,0.268228,0.269315,0.00289026
1446,0.306204,0.307406,0.0028917
1447,0.316724,0.318933,0.00289658
1448,0.47811,0.478724,0.00289696
1449,0.389099,0.387418,0.00289978
1450,0.338102,0.335892,0.00290467
1451,0.326815,0.324467,0.00291018
1452,0.259927,0.259022,0.002911
1453,0.256832,0.256432,0.00291116
1454,0.296752,0.296436,0.00291126
1455,0.257597,0.257682,0.00291127
1456,0.208271,0.209185,0.0029121
1457,0.207646,0.209512,0.00291559
1458,0.285239,0.286622,0.0029175
1459,0.243289,0.243136,0.00291752
1460,0.29543,0.29482,0.0029179
1461,0.268861,0.268997,0.00291791
1462,0.248117,0.24902,0.00291873
1463,0.203037,0.203828,0.00291935
1464,0.343258,0.344373,0.0029206
1465,0.317167,0.319488,0.00292598
1466,0.307785,0.308055,0.00292606
1467,0.22044,0.220081,0.00292619
1468,0.333445,0.333367,0.00292619
1469,0.32141,0.322015,0.00292656
1470,0.23498,0.235828,0.00292728
1471,0.2367,0.237678,0.00292823
1472,0.193535,0.193007,0.00292851
1473,0.191961,0.192949,0.00292949
1474,0.177482,0.179064,0.00293199
1475,0.359997,0.361933,0.00293574
1476,0.230117,0.230918,0.00293638
1477,0.217731,0.215994,0.0029394
1478,0.220355,0.220346,0.0029394
1479,0.291751,0.292959,0.00294086
1480,0.213308,0.215509,0.0029457
1481,0.199832,0.199891,0.0029457
1482,0.258818,0.260511,0.00294857
1483,0.219876,0.221558,0.0029514
1484,0.192521,0.194353,0.00295476
1485,0.177739,0.179318,0.00295725
1486,0.319109,0.318126,0.00295821
1487,0.220838,0.219158,0.00296104
1488,0.231926,0.231318,0.00296141
1489,0.236802,0.237385,0.00296175
1490,0.300426,0.300866,0.00296194
1491,0.226345,0.22662,0.00296202
1492,0.200659,0.20305,0.00296773
1493,0.237031,0.239225,0.00297255
1494,0.306926,0.310538,0.0029856
1495,0.303259,0.304126,0.00298635
1496,0.239531,0.240128,0.0029867
1497,0.196073,0.196581,0.00298696
1498,0.180565,0.182095,0.00298931
1499,0.192204,0.193967,0.00299242
1500,0.20779,0.208169,0.00299256
1501,0.186861,0.186981,0.00299257
1502,0.17609,0.176955,0.00299332
1503,0.235155,0.237247,0.0029977
1504,0.22423,0.22826,0.00301394
1505,0.258083,0.261195,0.00302363
1506,0.339939,0.34433,0.00304291
1507,0.533369,0.535426,0.00304714
1508,0.342937,0.339274,0.00306056
1509,0.292644,0.288559,0.00307724
1510,0.353574,0.351596,0.00308115
1511,0.383582,0.38178,0.0030844
1512,0.255219,0.253306,0.00308805
1513,0.223431,0.222657,0.00308865
1514,0.359277,0.358814,0.00308887
1515,0.348898,0.347093,0.00309213
1516,0.23642,0.235822,0.00309248
1517,0.203367,0.201033,0.00309793
1518,0.189592,0.18528,0.00311653
1519,0.340636,0.33944,0.00311796
1520,0.247248,0.245343,0.00312159
1521,0.212733,0.211227,0.00312386
1522,0.180605,0.177774,0.00313187
1523,0.286184,0.284268,0.00313554
1524,0.22081,0.219632,0.00313693
1525,0.187922,0.185742,0.00314168
1526,0.212436,0.210406,0.0031458
1527,0.284241,0.28345,0.00314643
1528,0.243739,0.244285,0.00314673
1529,0.190792,0.191676,0.00314751
1530,0.339752,0.339439,0.00314761
1531,0.26098,0.263113,0.00315216
1532,0.389641,0.392537,0.00316055
1533,0.267994,0.267103,0.00316134
1534,0.317138,0.3157,0.00316341
1535,0.265827,0.265101,0.00316394
1536,0.378361,0.378516,0.00316396
1537,0.341385,0.340444,0.00316484
1538,0.418387,0.417789,0.0031652
1539,0.526484,0.527415,0.00316607
1540,0.439962,0.438174,0.00316927
1541,0.375977,0.374501,0.00317145
1542,0.517359,0.514224,0.00318128
1543,0.313689,0.31355,0.0031813
1544,0.271215,0.270091,0.00318256
1545,0.227824,0.227263,0.00318288
1546,0.333701,0.336318,0.00318972
1547,0.22961,0.229359,0.00318979
1548,0.214625,0.213194,0.00319184
1549,0.211079,0.210764,0.00319193
1550,0.190481,0.189689,0.00319256
1551,0.379317,0.377696,0.00319519
1552,0.319243,0.317628,0.0031978
1553,0.237233,0.235462,0.00320094
1554,0.201037,0.200124,0.00320177
1555,0.405999,0.406482,0.003202
1556,0.311886,0.311429,0.00320221
1557,0.227896,0.227958,0.00320221
1558,0.262224,0.26271,0.00320245
1559,0.284952,0.285078,0.00320247
1560,0.276943,0.277259,0.00320257
1561,0.214448,0.215031,0.00320291
1562,0.248793,0.248293,0.00320316
1563,0.239817,0.242064,0.0032082
1564,0.471005,0.472765,0.0032113
1565,0.288023,0.288153,0.00321132
1566,0.301934,0.299368,0.0032179
1567,0.256883,0.255899,0.00321887
1568,0.456326,0.457057,0.0032194
1569,0.306762,0.30772,0.00322032
1570,0.315547,0.316135,0.00322067
1571,0.297677,0.298772,0.00322187
1572,0.288729,0.289634,0.00322269
1573,0.2406,0.240924,0.00322279
1574,0.265949,0.267059,0.00322403
1575,0.466844,0.467027,0.00322406
1576,0.327665,0.327473,0.0032241
1577,0.31867,0.318999,0.0032242
1578,0.353086,0.351697,0.00322613
1579,0.342315,0.340186,0.00323067
1580,0.404569,0.401241,0.00324174
1581,0.406653,0.402312,0.00326058
1582,0.382707,0.376712,0.00329653
1583,0.33399,0.330626,0.00330784
1584,0.294371,0.29237,0.00331185
1585,0.349965,0.347194,0.00331952
1586,0.243601,0.24387,0.00331959
1587,0.408092,0.409618,0.00332192
1588,0.274111,0.273901,0.00332197
1589,0.475278,0.472267,0.00333103
1590,0.298529,0.296326,0.00333588
1591,0.218055,0.21655,0.00333815
1592,0.201725,0.201908,0.00333818
1593,0.285864,0.284092,0.00334132
1594,0.387086,0.388922,0.0033447
1595,0.245734,0.245248,0.00334493
1596,0.244531,0.244694,0.00334496
1597,0.221471,0.221394,0.00334496
1598,0.337694,0.338553,0.0033457
1599,0.29888,0.300155,0.00334733
1600,0.23585,0.235551,0.00334742
1601,0.274189,0.27496,0.00334801
1602,0.247593,0.246962,0.00334841
1603,0.31068,0.309671,0.00334943
1604,0.246127,0.245202,0.00335028
1605,0.471408,0.468643,0.00335793
1606,0.356931,0.355317,0.00336053
1607,0.292626,0.291195,0.00336258
1608,0.559167,0.557097,0.00336686
1609,0.477191,0.474308,0.00337518
1610,0.569754,0.567107,0.00338219
1611,0.358434,0.356247,0.00338697
1612,0.490483,0.489964,0.00338724
1613,0.391273,0.39492,0.00340053
1614,0.403558,0.406246,0.00340776
1615,0.29112,0.296534,0.00343708
1616,0.264867,0.268253,0.00344854
1617,0.278546,0.281185,0.00345551
1618,0.255536,0.256691,0.00345684
1619,0.262551,0.262717,0.00345687
1620,0.214714,0.215888,0.00345825
1621,0.348381,0.346236,0.00346285
1622,0.341556,0.339288,0.003468
1623,0.303571,0.302915,0.00346843
1624,0.301113,0.300773,0.00346854
1625,0.216874,0.216232,0.00346896
1626,0.24328,0.244091,0.00346961
1627,0.218294,0.218673,0.00346976
1628,0.220224,0.220982,0.00347033
1629,0.1791,0.180867,0.00347346
1630,0.179951,0.182214,0.00347858
1631,0.211773,0.215259,0.00349073
1632,0.218012,0.217981,0.00349074
1633,0.288482,0.286845,0.00349341
1634,0.273358,0.276496,0.00350326
1635,0.329635,0.333277,0.00351653
1636,0.342536,0.345096,0.00352309
1637,0.502721,0.502942,0.00352314
1638,0.558366,0.555281,0.00353266
1639,0.533138,0.531348,0.00353586
1640,0.330031,0.324874,0.00356245
1641,0.440241,0.43944,0.00356309
1642,0.394717,0.395727,0.00356411
1643,0.51314,0.514299,0.00356546
1644,0.306597,0.311616,0.00359065
1645,0.332703,0.338318,0.00362218
1646,0.258252,0.263438,0.00364906
1647,0.339656,0.340636,0.00365002
1648,0.239564,0.240333,0.00365062
1649,0.194796,0.193705,0.00365181
1650,0.191973,0.191931,0.00365181
1651,0.211163,0.210746,0.00365198
1652,0.279158,0.27982,0.00365242
1653,0.20422,0.206133,0.00365608
1654,0.172943,0.178172,0.00368343
1655,0.212913,0.215943,0.00369261
1656,0.35787,0.362362,0.00371279
1657,0.291356,0.292039,0.00371325
1658,0.220663,0.222867,0.00371811
1659,0.399985,0.400446,0.00371832
1660,0.525853,0.523928,0.00372203
1661,0.325739,0.321979,0.00373617
1662,0.386111,0.384756,0.003738
1663,0.456877,0.456521,0.00373813
1664,0.297993,0.298859,0.00373888
1665,0.250133,0.249293,0.00373958
1666,0.375772,0.374618,0.00374092
1667,0.264417,0.263755,0.00374136
1668,0.208581,0.207184,0.0037433
1669,0.238803,0.237493,0.00374502
1670,0.458462,0.456882,0.00374752
1671,0.282921,0.282926,0.00374752
1672,0.252442,0.252251,0.00374755
1673,0.38802,0.388069,0.00374755
1674,0.259284,0.26006,0.00374816
1675,0.273349,0.272951,0.00374831
1676,0.32501,0.322848,0.00375299
1677,0.292908,0.288954,0.00376862
1678,0.214155,0.21121,0.00377729
1679,0.230189,0.229361,0.00377798
1680,0.404117,0.408037,0.00379334
1681,0.306918,0.308824,0.00379698
1682,0.213951,0.215849,0.00380058
1683,0.187165,0.187986,0.00380125
1684,0.274437,0.27533,0.00380205
1685,0.398534,0.399297,0.00380263
1686,0.253607,0.251686,0.00380632
1687,0.2146,0.213597,0.00380733
1688,0.279168,0.279821,0.00380776
1689,0.310204,0.312749,0.00381423
1690,0.47145,0.472644,0.00381566
1691,0.390931,0.390262,0.00381611
1692,0.377661,0.376025,0.00381878
1693,0.300735,0.298423,0.00382413
1694,0.463466,0.462419,0.00382522
1695,0.416308,0.416357,0.00382523
1696,0.414326,0.413837,0.00382547
1697,0.361511,0.362654,0.00382677
1698,0.335864,0.335955,0.00382678
1699,0.30427,0.303606,0.00382722
1700,0.262558,0.262573,0.00382722
1701,0.30237,0.302027,0.00382734
1702,0.306873,0.306647,0.00382739
1703,0.223112,0.222853,0.00382746
1704,0.18678,0.188027,0.00382902
1705,0.199625,0.198999,0.00382941
1706,0.19789,0.194167,0.00384327
1707,0.175086,0.170894,0.00386084
1708,0.174689,0.169544,0.00388731
1709,0.186771,0.17978,0.00393617
1710,0.171703,0.166373,0.00396459
1711,0.183744,0.180381,0.00397589
1712,0.224532,0.226044,0.00397818
1713,0.239567,0.241642,0.00398249
1714,0.182406,0.185257,0.00399061
1715,0.498787,0.503501,0.00401283
1716,0.296338,0.299171,0.00402086
1717,0.344498,0.347944,0.00403273
1718,0.237288,0.236439,0.00403346
1719,0.358014,0.356813,0.0040349
1720,0.260198,0.258082,0.00403937
1721,0.306188,0.304417,0.00404251
1722,0.39552,0.394398,0.00404377
1723,0.349812,0.349266,0.00404407
1724,0.263168,0.263332,0.00404409
1725,0.357858,0.356912,0.00404499
1726,0.249031,0.24957,0.00404528
1727,0.325683,0.325154,0.00404556
1728,0.244759,0.242162,0.0040523
1729,0.384775,0.381338,0.00406412
1730,0.260228,0.257537,0.00407136
1731,0.286879,0.285056,0.00407468
1732,0.373994,0.373606,0.00407483
1733,0.352788,0.353156,0.00407497
1734,0.263186,0.262812,0.00407511
1735,0.208348,0.207547,0.00407575
1736,0.400137,0.399403,0.00407629
1737,0.35723,0.356578,0.00407672
1738,0.245459,0.244633,0.0040774
1739,0.213802,0.213092,0.0040779
1740,0.439167,0.436495,0.00408504
1741,0.314363,0.312049,0.0040904
1742,0.273265,0.272369,0.0040912
1743,0.403166,0.40117,0.00409518
1744,0.26336,0.260069,0.00410601
1745,0.238613,0.236364,0.00411107
1746,0.227653,0.227489,0.0041111
1747,0.288479,0.289307,0.00411179
1748,0.20686,0.208811,0.00411559
1749,0.348036,0.350585,0.00412209
1750,0.244882,0.246026,0.0041234
1751,0.243247,0.24025,0.00413238
1752,0.192767,0.189678,0.00414192
1753,0.189953,0.187414,0.00414837
1754,0.263334,0.265093,0.00415146
1755,0.245964,0.245835,0.00415148
1756,0.192755,0.193796,0.00415256
1757,0.175016,0.177278,0.00415768
1758,0.411363,0.414012,0.00416469
1759,0.342638,0.343125,0.00416493
1760,0.451587,0.451408,0.00416496
1761,0.342359,0.3417,0.00416539
1762,0.47972,0.479267,0.0041656
1763,0.34137,0.339665,0.00416851
1764,0.291977,0.291664,0.00416861
1765,0.367207,0.367362,0.00416863
1766,0.284575,0.285297,0.00416915
1767,0.288925,0.288929,0.00416915
1768,0.259963,0.258894,0.00417029
1769,0.287886,0.286708,0.00417168
1770,0.252498,0.251096,0.00417365
1771,0.455435,0.453316,0.00417814
1772,0.309082,0.306951,0.00418267
1773,0.307936,0.307796,0.00418269
1774,0.404108,0.402149,0.00418653
1775,0.263784,0.261988,0.00418976
1776,0.237379,0.23698,0.00418992
1777,0.330071,0.330502,0.0041901
1778,0.374777,0.373651,0.00419137
1779,0.248476,0.24757,0.00419219
1780,0.257233,0.258969,0.0041952
1781,0.298385,0.298966,0.00419554
1782,0.256265,0.258093,0.00419888
1783,0.300831,0.302738,0.00420252
1784,0.216223,0.217033,0.00420318
1785,0.403835,0.403646,0.00420321
1786,0.294219,0.291205,0.0042123
1787,0.297428,0.294674,0.00421988
1788,0.214555,0.210997,0.00423254
1789,0.322309,0.318866,0.0042444
1790,0.249346,0.249199,0.00424442
1791,0.217156,0.217277,0.00424444
1792,0.180457,0.179519,0.00424532
1793,0.270219,0.268916,0.00424701
1794,0.215057,0.213078,0.00425093
1795,0.217883,0.216378,0.00425319
1796,0.192997,0.192409,0.00425354
1797,0.165057,0.168238,0.00426365
1798,0.229024,0.235414,0.00430448
1799,0.397305,0.402833,0.00433504
1800,0.44083,0.439652,0.00433643
1801,0.26602,0.263698,0.00434183
1802,0.302569,0.302233,0.00434194
1803,0.279914,0.278688,0.00434344
1804,0.294731,0.295377,0.00434386
1805,0.373403,0.373452,0.00434386
1806,0.250638,0.249927,0.00434437
1807,0.196136,0.19628,0.00434439
1808,0.308298,0.305601,0.00435166
1809,0.231904,0.229486,0.00435751
1810,0.196142,0.195562,0.00435785
1811,0.181406,0.178887,0.00436419
1812,0.440219,0.439945,0.00436427
1813,0.278294,0.278122,0.0043643
1814,0.285155,0.286186,0.00436536
1815,0.205211,0.205935,0.00436588
1816,0.334889,0.336376,0.00436809
1817,0.426129,0.426222,0.0043681
1818,0.420364,0.416806,0.00438077
1819,0.263581,0.26015,0.00439254
1820,0.262284,0.259439,0.00440063
1821,0.285898,0.284766,0.00440191
1822,0.503597,0.500948,0.00440893
1823,0.545227,0.543372,0.00441237
1824,0.403158,0.4033,0.00441239
1825,0.353442,0.353128,0.00441249
1826,0.569887,0.570447,0.0044128
1827,0.356696,0.356552,0.00441282
1828,0.318965,0.316577,0.00441852
1829,0.256239,0.255628,0.0044189
1830,0.367092,0.366268,0.00441958
1831,0.254243,0.250231,0.00443567
1832,0.248676,0.248795,0.00443569
1833,0.206792,0.209357,0.00444227
1834,0.305673,0.302547,0.00445203
1835,0.270051,0.267564,0.00445822
1836,0.203281,0.20309,0.00445825
1837,0.210278,0.212155,0.00446178
1838,0.438134,0.438501,0.00446191
1839,0.408387,0.406953,0.00446397
1840,0.261537,0.25996,0.00446645
1841,0.234003,0.231769,0.00447144
1842,0.24943,0.249025,0.00447161
1843,0.218865,0.218915,0.00447161
1844,0.292318,0.293383,0.00447274
1845,0.211087,0.20894,0.00447735
1846,0.182554,0.182655,0.00447736
1847,0.173556,0.17165,0.004481
1848,0.208284,0.206461,0.00448432
1849,0.178204,0.173076,0.00451062
1850,0.203815,0.194441,0.00459851
1851,0.202813,0.197419,0.00462761
1852,0.186022,0.185385,0.00462802
1853,0.167319,0.169152,0.00463138
1854,0.318444,0.321373,0.00463995
1855,0.298752,0.301778,0.00464911
1856,0.230011,0.23372,0.00466287
1857,0.323205,0.32613,0.00467142
1858,0.374675,0.377284,0.00467823
1859,0.259251,0.260475,0.00467972
1860,0.234365,0.235366,0.00468072
1861,0.365014,0.365868,0.00468145
1862,0.4033,0.403345,0.00468146
1863,0.264203,0.262009,0.00468627
1864,0.234442,0.233354,0.00468745
1865,0.357423,0.357012,0.00468762
1866,0.391485,0.390404,0.00468879
1867,0.331862,0.329777,0.00469313
1868,0.36871,0.367543,0.0046945
1869,0.385086,0.382888,0.00469933
1870,0.374061,0.373012,0.00470043
1871,0.320169,0.319006,0.00470178
1872,0.402965,0.40106,0.00470541
1873,0.285498,0.284019,0.0047076
1874,0.297485,0.296836,0.00470802
1875,0.258071,0.258389,0.00470812
1876,0.237288,0.236825,0.00470834
1877,0.202288,0.201045,0.00470988
1878,0.198288,0.194984,0.0047208
1879,0.198132,0.196065,0.00472508
1880,0.24614,0.245227,0.00472591
1881,0.196878,0.197809,0.00472677
1882,0.183101,0.184664,0.00472922
1883,0.17494,0.176275,0.004731
1884,0.197072,0.197792,0.00473152
1885,0.20002,0.203305,0.00474231
1886,0.212948,0.217627,0.0047642
1887,0.220099,0.223362,0.00477484
1888,0.20627,0.211337,0.00480052
1889,0.338712,0.343862,0.00482704
1890,0.32879,0.332108,0.00483805
1891,0.331711,0.33358,0.00484155
1892,0.488692,0.490447,0.00484463
1893,0.398879,0.397029,0.00484805
1894,0.434421,0.430654,0.00486224
1895,0.368617,0.365443,0.00487231
1896,0.544264,0.542343,0.004876
1897,0.425535,0.426533,0.004877
1898,0.471228,0.473033,0.00488026
1899,0.329506,0.331183,0.00488307
1900,0.549578,0.54978,0.00488312
1901,0.471806,0.475599,0.00489751
1902,0.620674,0.624349,0.00491101
1903,0.386283,0.394692,0.00498172
1904,0.510224,0.516805,0.00502503
1905,0.471269,0.480202,0.00510483
1906,0.646316,0.654182,0.0051667
1907,0.401414,0.416935,0.0054076
1908,0.346979,0.359174,0.00555632
1909,0.310057,0.320158,0.00565834
1910,0.551791,0.557946,0.00569622
1911,0.384466,0.392979,0.0057687
1912,0.297524,0.302794,0.00579647
1913,0.241828,0.245964,0.00581357
1914,0.519857,0.51983,0.00581357
1915,0.306114,0.308608,0.00581979
1916,0.23043,0.234349,0.00583515
1917,0.260358,0.262179,0.00583847
1918,0.331873,0.330978,0.00583927
1919,0.228439,0.226786,0.00584201
1920,0.219979,0.21846,0.00584431
1921,0.217454,0.218341,0.0058451
1922,0.180137,0.184057,0.00586047
1923,0.232264,0.235564,0.00587136
1924,0.287505,0.290715,0.00588166
1925,0.211147,0.212829,0.00588449
1926,0.178236,0.176754,0.00588669
1927,0.182375,0.17932,0.00589602
1928,0.185308,0.185372,0.00589603
1929,0.224759,0.221922,0.00590408
1930,0.193432,0.191627,0.00590733
1931,0.169673,0.170454,0.00590794
1932,0.192828,0.193039,0.00590799
1933,0.38028,0.38282,0.00591444
1934,0.382768,0.385301,0.00592086
1935,0.259813,0.262202,0.00592657
1936,0.303164,0.304119,0.00592748
1937,0.375942,0.375967,0.00592748
1938,0.26296,0.262917,0.00592748
1939,0.219095,0.219151,0.00592748
1940,0.215032,0.21488,0.00592751
1941,0.228726,0.228568,0.00592753
1942,0.198597,0.195977,0.0059344
1943,0.193906,0.193882,0.0059344
1944,0.168297,0.168618,0.0059345
1945,0.223357,0.219638,0.00594833
1946,0.190581,0.188728,0.00595177
1947,0.375406,0.37577,0.0059519
1948,0.232966,0.234389,0.00595393
1949,0.263754,0.2642,0.00595413
1950,0.218988,0.21911,0.00595414
1951,0.207572,0.209743,0.00595885
1952,0.19131,0.193629,0.00596423
1953,0.264339,0.267322,0.00597314
1954,0.444596,0.446126,0.00597548
1955,0.2889,0.28832,0.00597582
1956,0.460468,0.462066,0.00597837
1957,0.294375,0.29148,0.00598675
1958,0.523802,0.521194,0.00599356
1959,0.532809,0.527991,0.00601677
1960,0.569416,0.566573,0.00602485
1961,0.343654,0.3427,0.00602576
1962,0.284377,0.286512,0.00603032
1963,0.383,0.382372,0.00603072
1964,0.323223,0.325447,0.00603566
1965,0.289269,0.29067,0.00603763
1966,0.253559,0.255253,0.0060405
1967,0.322877,0.322301,0.00604083
1968,0.302621,0.300369,0.0060459
1969,0.356147,0.353528,0.00605276
1970,0.399788,0.39632,0.00606479
1971,0.32074,0.31959,0.00606611
1972,0.253351,0.252543,0.00606676
1973,0.311559,0.309117,0.00607273
1974,0.304671,0.30372,0.00607363
1975,0.24983,0.248881,0.00607453
1976,0.228,0.227925,0.00607454
1977,0.22757,0.228104,0.00607482
1978,0.228758,0.227945,0.00607548
1979,0.214911,0.215065,0.00607551
1980,0.198166,0.198236,0.00607551
1981,0.249572,0.250838,0.00607712
1982,0.21531,0.21699,0.00607994
1983,0.236834,0.238145,0.00608166
1984,0.192972,0.19537,0.00608741
1985,0.342992,0.343535,0.0060877
1986,0.288635,0.288689,0.00608771
1987,0.381341,0.381201,0.00608773
1988,0.387254,0.387221,0.00608773
1989,0.26388,0.264089,0.00608777
1990,0.373201,0.371502,0.00609066
1991,0.523786,0.521375,0.00609647
1992,0.435907,0.432156,0.00611054
1993,0.278503,0.274128,0.00612968
1994,0.232137,0.229859,0.00613487
1995,0.367041,0.366539,0.00613512
1996,0.286577,0.284341,0.00614012
1997,0.225003,0.224844,0.00614014
1998,0.198881,0.1997,0.00614082
1999,0.331007,0.329345,0.00614358
2000,0.225048,0.223557,0.0061458
2001,0.193308,0.192805,0.00614606
2002,0.370662,0.371077,0.00614623
2003,0.501954,0.501733,0.00614628
2004,0.296541,0.296288,0.00614634
2005,0.224886,0.220897,0.00616225
2006,0.196355,0.1924,0.00617789
2007,0.233358,0.230955,0.00618367
2008,0.479765,0.479182,0.00618401
2009,0.398935,0.39571,0.00619441
2010,0.252213,0.249872,0.00619989
2011,0.204194,0.200638,0.00621253
2012,0.279512,0.277149,0.00621812
2013,0.246887,0.246386,0.00621837
2014,0.219351,0.217071,0.00622357
2015,0.202227,0.200622,0.00622614
2016,0.254152,0.254144,0.00622614
2017,0.213769,0.215096,0.0062279
2018,0.223978,0.226447,0.006234
2019,0.304884,0.30746,0.00624064
2020,0.222532,0.225085,0.00624716
2021,0.301975,0.303697,0.00625012
2022,0.221488,0.220549,0.006251
2023,0.303179,0.30204,0.0062523
2024,0.216959,0.216161,0.00625293
2025,0.215511,0.215049,0.00625315
2026,0.188336,0.189747,0.00625514
2027,0.391494,0.391956,0.00625535
2028,0.292446,0.291426,0.0062564
2029,0.220739,0.221367,0.00625679
2030,0.25316,0.254366,0.00625824
2031,0.446856,0.448853,0.00626223
2032,0.362937,0.363633,0.00626272
2033,0.238983,0.238888,0.00626272
2034,0.479539,0.476939,0.00626948
2035,0.413602,0.413074,0.00626976
2036,0.390761,0.389622,0.00627106
2037,0.258382,0.256213,0.00627576
2038,0.459573,0.456213,0.00628705
2039,0.45403,0.45357,0.00628726
2040,0.371978,0.370154,0.00629059
2041,0.42384,0.4214,0.00629654
2042,0.422812,0.422906,0.00629655
2043,0.458671,0.458243,0.00629674
2044,0.298721,0.29703,0.00629959
2045,0.38971,0.389458,0.00629966
2046,0.259621,0.262077,0.00630569
2047,0.257282,0.259304,0.00630978
2048,0.22368,0.225233,0.0063122
2049,0.505749,0.504991,0.00631277
2050,0.300756,0.302475,0.00631573
2051,0.287992,0.288367,0.00631587
2052,0.49397,0.497585,0.00632893
2053,0.465716,0.465216,0.00632918
2054,0.592611,0.593198,0.00632952
2055,0.427846,0.426678,0.00633089
2056,0.334165,0.331766,0.00633665
2057,0.353912,0.350611,0.00634754
2058,0.290564,0.289291,0.00634916
2059,0.310071,0.310233,0.00634919
2060,0.267143,0.26697,0.00634922
2061,0.324855,0.326121,0.00635083
2062,0.241891,0.241627,0.00635089
2063,0.292933,0.293043,0.00635091
2064,0.212854,0.214272,0.00635292
2065,0.215128,0.216909,0.00635609
2066,0.32069,0.321961,0.00635771
2067,0.356188,0.354858,0.00635948
2068,0.23618,0.235084,0.00636068
2069,0.202834,0.198174,0.00638239
2070,0.183548,0.181083,0.00638847
2071,0.314557,0.315658,0.00638968
2072,0.343754,0.343204,0.00638998
2073,0.236561,0.234092,0.00639608
2074,0.18881,0.186547,0.0064012
2075,0.193241,0.189931,0.00641216
2076,0.276761,0.275541,0.00641364
2077,0.213817,0.210364,0.00642556
2078,0.218019,0.213601,0.00644509
2079,0.18508,0.181342,0.00645906
2080,0.230725,0.230291,0.00645924
2081,0.219752,0.221657,0.00646287
2082,0.409016,0.411488,0.00646898
2083,0.27424,0.276835,0.00647572
2084,0.266715,0.270354,0.00648896
2085,0.399267,0.403719,0.00650877
2086,0.413752,0.414569,0.00650944
2087,0.499692,0.499813,0.00650946
2088,0.310341,0.308649,0.00651232
2089,0.531672,0.52939,0.00651753
2090,0.417403,0.416348,0.00651864
2091,0.601477,0.601995,0.00651891
2092,0.367948,0.37228,0.00653768
2093,0.271306,0.271921,0.00653806
2094,0.340128,0.338988,0.00653936
2095,0.370458,0.369539,0.00654021
2096,0.481934,0.480445,0.00654242
2097,0.296227,0.296064,0.00654245
2098,0.354536,0.354912,0.00654259
2099,0.344591,0.344613,0.00654259
2100,0.320455,0.319148,0.0065443
2101,0.345416,0.342473,0.00655296
2102,0.359334,0.357311,0.00655705
2103,0.26541,0.26378,0.0065597
2104,0.235172,0.234241,0.00656057
2105,0.418653,0.41811,0.00656086
2106,0.291199,0.29086,0.00656098
2107,0.242944,0.242754,0.00656101
2108,0.263425,0.262788,0.00656142
2109,0.417043,0.416269,0.00656202
2110,0.266576,0.265007,0.00656448
2111,0.524266,0.523193,0.00656563
2112,0.325663,0.325143,0.0065659
2113,0.374478,0.374547,0.00656591
2114,0.278361,0.275872,0.0065721
2115,0.478571,0.477124,0.0065742
2116,0.324044,0.325217,0.00657557
2117,0.291531,0.290391,0.00657687
2118,0.268193,0.268675,0.00657711
2119,0.438949,0.438893,0.00657711
2120,0.494069,0.493048,0.00657815
2121,0.330499,0.328404,0.00658254
2122,0.23227,0.231609,0.00658298
2123,0.222581,0.221601,0.00658394
2124,0.22499,0.221279,0.00659771
2125,0.272938,0.273065,0.00659772
2126,0.210689,0.210378,0.00659782
2127,0.179141,0.180863,0.00660079
2128,0.210706,0.211907,0.00660223
2129,0.180293,0.182176,0.00660577
2130,0.331525,0.335325,0.00662021
2131,0.236747,0.240675,0.00663564
2132,0.415837,0.418456,0.0066425
2133,0.263678,0.261147,0.00664891
2134,0.356212,0.355261,0.00664981
2135,0.370617,0.370281,0.00664992
2136,0.427348,0.425897,0.00665203
2137,0.573464,0.573402,0.00665203
2138,0.471371,0.46928,0.0066564
2139,0.373546,0.37069,0.00666456
2140,0.299388,0.296902,0.00667074
2141,0.297918,0.295791,0.00667527
2142,0.316001,0.315739,0.00667534
2143,0.310366,0.309721,0.00667575
2144,0.2691,0.269187,0.00667576
2145,0.25963,0.25912,0.00667602
2146,0.224948,0.223332,0.00667863
2147,0.324101,0.323487,0.00667901
2148,0.249102,0.248567,0.00667929
2149,0.366858,0.366899,0.00667929
2150,0.269442,0.265038,0.0066987
2151,0.265912,0.263588,0.0067041
2152,0.209405,0.207752,0.00670683
2153,0.314751,0.312953,0.00671006
2154,0.266353,0.265469,0.00671084
2155,0.285644,0.284556,0.00671203
2156,0.213984,0.213801,0.00671206
2157,0.365312,0.365107,0.0067121
2158,0.321479,0.321473,0.0067121
2159,0.264983,0.265587,0.00671247
2160,0.231584,0.231628,0.00671247
2161,0.45321,0.453094,0.00671248
2162,0.457779,0.456286,0.00671471
2163,0.297642,0.29535,0.00671997
2164,0.504416,0.502966,0.00672207
2165,0.462461,0.461853,0.00672244
2166,0.423037,0.423172,0.00672245
2167,0.346795,0.346445,0.00672258
2168,0.330987,0.329452,0.00672493
2169,0.365665,0.362336,0.00673602
2170,0.385217,0.382703,0.00674234
2171,0.43202,0.430144,0.00674586
2172,0.353638,0.353189,0.00674606
2173,0.480568,0.478969,0.00674861
2174,0.377862,0.377182,0.00674908
2175,0.421521,0.420129,0.00675101
2176,0.449545,0.448675,0.00675177
2177,0.492822,0.492451,0.00675191
2178,0.394223,0.39556,0.0067537
2179,0.384108,0.386163,0.00675792
2180,0.318563,0.319321,0.00675849
2181,0.430025,0.430408,0.00675864
2182,0.331119,0.333234,0.00676311
2183,0.247474,0.249409,0.00676686
2184,0.259461,0.262085,0.00677375
2185,0.352444,0.353468,0.0067748
2186,0.263184,0.262829,0.00677492
2187,0.236696,0.23571,0.00677589
2188,0.324757,0.325078,0.006776
2189,0.386382,0.385779,0.00677636
2190,0.265787,0.26552,0.00677643
2191,0.395222,0.395638,0.0067766
2192,0.3148,0.316299,0.00677885
2193,0.461461,0.461769,0.00677894
2194,0.296667,0.294108,0.00678549
2195,0.420124,0.418599,0.00678782
2196,0.303678,0.304843,0.00678917
2197,0.290124,0.291233,0.0067904
2198,0.249652,0.251123,0.00679257
2199,0.305128,0.305716,0.00679291
2200,0.297092,0.297023,0.00679292
2201,0.288575,0.288389,0.00679295
2202,0.367164,0.367025,0.00679297
2203,0.365253,0.364603,0.00679339
2204,0.321757,0.321194,0.00679371
2205,0.246868,0.245798,0.00679485
2206,0.356274,0.354834,0.00679693
2207,0.25972,0.258428,0.0067986
2208,0.295244,0.292845,0.00680436
2209,0.211593,0.210816,0.00680496
2210,0.324873,0.326105,0.00680648
2211,0.239513,0.238763,0.00680704
2212,0.289756,0.286532,0.00681744
2213,0.220064,0.217992,0.00682173
2214,0.386721,0.385759,0.00682266
2215,0.375094,0.373898,0.00682409
2216,0.367362,0.367377,0.00682409
2217,0.24621,0.244879,0.00682586
2218,0.414423,0.411781,0.00683284
2219,0.266184,0.266613,0.00683303
2220,0.457736,0.459541,0.00683629
2221,0.281322,0.280548,0.00683689
2222,0.422171,0.419643,0.00684328
2223,0.272811,0.271606,0.00684473
2224,0.453743,0.451834,0.00684837
2225,0.40979,0.410987,0.00684981
2226,0.276836,0.279325,0.006856
2227,0.234508,0.236216,0.00685892
2228,0.291927,0.29192,0.00685892
2229,0.295938,0.29519,0.00685948
2230,0.224344,0.223127,0.00686096
2231,0.217167,0.217116,0.00686096
2232,0.25294,0.254303,0.00686282
2233,0.262365,0.261865,0.00686307
2234,0.299994,0.29862,0.00686496
2235,0.291825,0.291991,0.00686498
2236,0.281887,0.282978,0.00686617
2237,0.2723,0.27344,0.00686747
2238,0.373713,0.372651,0.0068686
2239,0.273845,0.273061,0.00686921
2240,0.278721,0.277387,0.00687099
2241,0.250881,0.250743,0.00687101
2242,0.221134,0.220252,0.00687179
2243,0.225157,0.224935,0.00687184
2244,0.236918,0.236654,0.00687191
2245,0.251134,0.251387,0.00687197
2246,0.226881,0.227451,0.0068723
2247,0.316707,0.317337,0.00687269
2248,0.234862,0.235719,0.00687343
2249,0.317946,0.31888,0.0068743
2250,0.349798,0.348848,0.00687521
2251,0.434081,0.432784,0.00687689
2252,0.324575,0.323283,0.00687856
2253,0.529065,0.527815,0.00688012
2254,0.314967,0.311022,0.00689568
2255,0.286847,0.285917,0.00689655
2256,0.318677,0.318641,0.00689655
2257,0.301009,0.301063,0.00689655
2258,0.217801,0.217602,0.00689659
2259,0.257621,0.257064,0.0068969
2260,0.217281,0.217901,0.00689729
2261,0.268682,0.266304,0.00690294
2262,0.22562,0.225453,0.00690297
2263,0.416708,0.415321,0.00690489
2264,0.265487,0.266575,0.00690608
2265,0.539159,0.540499,0.00690787
2266,0.396386,0.395042,0.00690968
2267,0.380898,0.378626,0.00691484
2268,0.29466,0.293338,0.00691659
2269,0.295024,0.295073,0.00691659
2270,0.519442,0.519072,0.00691673
2271,0.354142,0.353584,0.00691704
2272,0.379541,0.379325,0.00691709
2273,0.289983,0.290172,0.00691712
2274,0.513145,0.512446,0.00691761
2275,0.326521,0.326544,0.00691761
2276,0.349475,0.348744,0.00691815
2277,0.340371,0.34273,0.00692371
2278,0.311993,0.312968,0.00692466
2279,0.282592,0.281829,0.00692524
2280,0.357561,0.35504,0.0069316
2281,0.35863,0.356185,0.00693757
2282,0.295775,0.292756,0.00694669
2283,0.455571,0.454643,0.00694755
2284,0.338565,0.336483,0.00695188
2285,0.247437,0.246747,0.00695236
2286,0.239937,0.239189,0.00695292
2287,0.245548,0.242693,0.00696107
2288,0.203678,0.202918,0.00696165
2289,0.181354,0.179426,0.00696536
2290,0.208205,0.207141,0.0069665
2291,0.242343,0.239348,0.00697547
2292,0.245127,0.243091,0.00697961
2293,0.210876,0.21296,0.00698395
2294,0.382801,0.385808,0.00699299
2295,0.386552,0.389131,0.00699965
2296,0.2814,0.282476,0.0070008
2297,0.246602,0.246064,0.00700109
2298,0.439363,0.438614,0.00700166
2299,0.281604,0.278038,0.00701437
2300,0.246728,0.245976,0.00701494
2301,0.298588,0.296785,0.00701819
2302,0.376938,0.374022,0.00702669
2303,0.256055,0.253829,0.00703165
2304,0.375689,0.376251,0.00703197
2305,0.345005,0.343666,0.00703376
2306,0.445716,0.445568,0.00703378
2307,0.465085,0.461765,0.00704481
2308,0.400098,0.395664,0.00706447
2309,0.367355,0.366014,0.00706627
2310,0.405061,0.402667,0.007072
2311,0.398251,0.394849,0.00708357
2312,0.273058,0.273159,0.00708358
2313,0.536774,0.535605,0.00708495
2314,0.340153,0.340589,0.00708514
2315,0.288245,0.288812,0.00708546
2316,0.222032,0.222997,0.0070864
2317,0.482555,0.480528,0.0070905
2318,0.319156,0.319856,0.00709099
2319,0.272391,0.272648,0.00709106
2320,0.225216,0.226045,0.00709175
2321,0.300467,0.301351,0.00709253
2322,0.332803,0.333392,0.00709288
2323,0.258389,0.259237,0.0070936
2324,0.22028,0.220349,0.0070936
2325,0.233446,0.234145,0.00709409
2326,0.325464,0.325952,0.00709433
2327,0.258653,0.259253,0.00709469
2328,0.257091,0.256655,0.00709488
2329,0.203905,0.203712,0.00709491
2330,0.253612,0.254621,0.00709593
2331,0.20402,0.204244,0.00709598
2332,0.221419,0.22204,0.00709637
2333,0.188523,0.189186,0.00709681
2334,0.283049,0.283155,0.00709682
2335,0.219326,0.219532,0.00709686
2336,0.28668,0.28752,0.00709757
2337,0.221104,0.22286,0.00710065
2338,0.37493,0.37755,0.00710752
2339,0.262431,0.264131,0.0071104
2340,0.208759,0.211234,0.00711653
2341,0.201498,0.202659,0.00711788
2342,0.283876,0.285243,0.00711974
2343,0.226895,0.226915,0.00711975
2344,0.187467,0.187482,0.00711975
2345,0.191553,0.191706,0.00711977
2346,0.245472,0.246312,0.00712048
2347,0.197559,0.197627,0.00712048
2348,0.233593,0.235982,0.00712619
2349,0.202299,0.203803,0.00712845
2350,0.257444,0.257573,0.00712847
2351,0.199037,0.198734,0.00712856
2352,0.18438,0.18465,0.00712864
2353,0.276094,0.276994,0.00712944
2354,0.33733,0.338544,0.00713092
2355,0.38865,0.389371,0.00713144
2356,0.25709,0.256694,0.0071316
2357,0.359411,0.359579,0.00713162
2358,0.413316,0.413611,0.00713171
2359,0.508833,0.509101,0.00713178
2360,0.339636,0.339059,0.00713212
2361,0.273351,0.272929,0.00713229
2362,0.388187,0.387657,0.00713258
2363,0.413038,0.412041,0.00713357
2364,0.304949,0.303663,0.00713522
2365,0.262255,0.26123,0.00713628
2366,0.43259,0.431353,0.0071378
2367,0.309806,0.309167,0.00713821
2368,0.296108,0.295532,0.00713854
2369,0.455033,0.453856,0.00713993
2370,0.440781,0.438983,0.00714316
2371,0.289114,0.287763,0.00714499
2372,0.309257,0.309296,0.00714499
2373,0.581712,0.581588,0.007145
2374,0.398166,0.401262,0.00715459
2375,0.294756,0.297172,0.00716043
2376,0.259631,0.261516,0.00716398
2377,0.478986,0.478247,0.00716453
2378,0.323281,0.32459,0.00716624
2379,0.363824,0.364459,0.00716664
2380,0.241608,0.243654,0.00717083
2381,0.382876,0.381986,0.00717162
2382,0.305191,0.304082,0.00717285
2383,0.374113,0.37304,0.007174
2384,0.24435,0.245305,0.00717491
2385,0.199014,0.198162,0.00717564
2386,0.263283,0.263339,0.00717564
2387,0.356912,0.360104,0.00718583
2388,0.29156,0.292728,0.00718719
2389,0.2131,0.214981,0.00719073
2390,0.316015,0.320418,0.00721011
2391,0.258809,0.258517,0.0072102
2392,0.45118,0.450122,0.00721131
2393,0.541049,0.538134,0.00721981
2394,0.628504,0.625947,0.00722635
2395,0.384251,0.380342,0.00724163
2396,0.42282,0.42228,0.00724193
2397,0.53748,0.538654,0.0072433
2398,0.491325,0.494358,0.0072525
2399,0.442527,0.447451,0.00727674
2400,0.45374,0.458479,0.0072992
2401,0.291934,0.295879,0.00731476
2402,0.305975,0.30607,0.00731477
2403,0.44696,0.446594,0.0073149
2404,0.324789,0.326522,0.0073179
2405,0.230229,0.231658,0.00731995
2406,0.314353,0.31415,0.00731999
2407,0.258172,0.258257,0.00731999
2408,0.225868,0.226377,0.00732025
2409,0.248257,0.249027,0.00732085
2410,0.395087,0.396184,0.00732205
2411,0.252743,0.254947,0.00732691
2412,0.237987,0.239496,0.00732919
2413,0.273126,0.274172,0.00733028
2414,0.333413,0.33255,0.00733102
2415,0.236905,0.236907,0.00733102
2416,0.272456,0.27214,0.00733112
2417,0.433627,0.432689,0.007332
2418,0.35607,0.355248,0.00733268
2419,0.29108,0.290341,0.00733323
2420,0.271453,0.271671,0.00733327
2421,0.32511,0.324507,0.00733364
2422,0.267865,0.268122,0.0073337
2423,0.457777,0.458828,0.00733481
2424,0.302919,0.304042,0.00733607
2425,0.376197,0.374835,0.00733793
2426,0.323389,0.320949,0.00734388
2427,0.284641,0.279883,0.00736652
2428,0.28047,0.276548,0.0073819
2429,0.392681,0.39057,0.00738636
2430,0.398839,0.396029,0.00739425
2431,0.278705,0.275083,0.00740738
2432,0.28649,0.2856,0.00740817
2433,0.331626,0.332279,0.00740859
2434,0.291972,0.292164,0.00740863
2435,0.3289,0.327122,0.00741179
2436,0.300864,0.299472,0.00741373
2437,0.28636,0.284865,0.00741596
2438,0.282535,0.282003,0.00741625
2439,0.249057,0.249352,0.00741633
2440,0.351489,0.351997,0.00741659
2441,0.250176,0.250945,0.00741718
2442,0.297783,0.29828,0.00741743
2443,0.228529,0.229358,0.00741812
2444,0.470414,0.470013,0.00741828
2445,0.309707,0.308895,0.00741894
2446,0.267066,0.266548,0.0074192
2447,0.227855,0.228473,0.00741959
2448,0.320335,0.320986,0.00742001
2449,0.417074,0.418387,0.00742173
2450,0.313077,0.312795,0.00742181
2451,0.24396,0.243017,0.0074227
2452,0.309145,0.309205,0.00742271
2453,0.513748,0.513378,0.00742284
2454,0.365001,0.363932,0.00742399
2455,0.29802,0.297291,0.00742452
2456,0.248158,0.248245,0.00742452
2457,0.463427,0.461872,0.00742694
2458,0.323265,0.322504,0.00742752
2459,0.326278,0.32512,0.00742886
2460,0.226002,0.22524,0.00742944
2461,0.34486,0.343274,0.00743196
2462,0.358986,0.356982,0.00743597
2463,0.34473,0.342726,0.00743999
2464,0.233055,0.232374,0.00744045
2465,0.324875,0.324688,0.00744049
2466,0.389724,0.390107,0.00744063
2467,0.268925,0.269146,0.00744068
2468,0.332602,0.331685,0.00744152
2469,0.366043,0.365285,0.0074421
2470,0.383455,0.381669,0.00744529
2471,0.272174,0.269169,0.00745432
2472,0.25253,0.251485,0.00745541
2473,0.319838,0.318791,0.00745651
2474,0.298866,0.29959,0.00745703
2475,0.247241,0.248316,0.00745818
2476,0.217566,0.220342,0.00746589
2477,0.336428,0.33749,0.00746702
2478,0.298643,0.298137,0.00746728
2479,0.254467,0.252945,0.00746959
2480,0.30779,0.307376,0.00746977
2481,0.30548,0.305782,0.00746986
2482,0.398306,0.398111,0.00746989
2483,0.279373,0.278839,0.00747018
2484,0.244101,0.243407,0.00747066
2485,0.224516,0.225263,0.00747122
2486,0.394953,0.395811,0.00747196
2487,0.260583,0.260135,0.00747216
2488,0.267215,0.265249,0.00747602
2489,0.267609,0.266325,0.00747767
2490,0.27458,0.273837,0.00747822
2491,0.237363,0.237416,0.00747823
2492,0.488524,0.488426,0.00747824
2493,0.382079,0.379944,0.00748279
2494,0.273914,0.272691,0.00748429
2495,0.276488,0.275728,0.00748487
2496,0.380494,0.380762,0.00748494
2497,0.289224,0.288583,0.00748535
2498,0.267424,0.265818,0.00748793
2499,0.277214,0.276829,0.00748808
2500,0.243156,0.243116,0.00748808
2501,0.290101,0.289051,0.00748918
2502,0.289752,0.289799,0.00748919
2503,0.244872,0.243987,0.00748997
2504,0.23607,0.236099,0.00748997
2505,0.363255,0.363956,0.00749046
2506,0.269508,0.268852,0.00749089
2507,0.220175,0.220388,0.00749094
2508,0.262852,0.262567,0.00749102
2509,0.27246,0.272737,0.0074911
2510,0.264474,0.264453,0.0074911
2511,0.234621,0.234697,0.0074911
2512,0.228088,0.22789,0.00749114
2513,0.278794,0.279208,0.00749131
2514,0.374347,0.374908,0.00749163
2515,0.325853,0.324851,0.00749263
2516,0.287791,0.288152,0.00749276
2517,0.276714,0.277194,0.00749299
2518,0.358391,0.357815,0.00749332
2519,0.400396,0.399896,0.00749357
2520,0.340464,0.339359,0.00749479
2521,0.254149,0.252097,0.007499
2522,0.382537,0.382291,0.00749906
2523,0.505606,0.504559,0.00750016
2524,0.456035,0.455457,0.00750049
2525,0.322903,0.322781,0.00750051
2526,0.499633,0.50113,0.00750275
2527,0.539894,0.540687,0.00750338
2528,0.377877,0.378814,0.00750425
2529,0.398519,0.397329,0.00750567
2530,0.598738,0.597268,0.00750783
2531,0.463968,0.466456,0.00751402
2532,0.307221,0.308909,0.00751687
2533,0.261122,0.26432,0.0075271
2534,0.520905,0.522689,0.00753028
2535,0.44033,0.445116,0.00755319
2536,0.316516,0.321476,0.00757779
2537,0.255039,0.257302,0.00758291
2538,0.280034,0.280801,0.0075835
2539,0.348216,0.348019,0.00758354
2540,0.251789,0.251711,0.00758354
2541,0.214373,0.214781,0.00758371
2542,0.24867,0.247857,0.00758437
2543,0.302826,0.302285,0.00758466
2544,0.24332,0.241841,0.00758685
2545,0.19182,0.188661,0.00759684
2546,0.297527,0.293315,0.00761458
2547,0.422741,0.420095,0.00762158
2548,0.518792,0.517021,0.00762472
2549,0.302393,0.299986,0.00763051
2550,0.341619,0.339219,0.00763627
2551,0.377903,0.377351,0.00763658
2552,0.563219,0.564128,0.0076374
2553,0.352826,0.354895,0.00764168
2554,0.403354,0.404522,0.00764305
2555,0.396831,0.399723,0.00765141
2556,0.435893,0.437588,0.00765428
2557,0.341081,0.341742,0.00765472
2558,0.302134,0.304223,0.00765908
2559,0.409881,0.411179,0.00766077
2560,0.43032,0.43022,0.00766078
2561,0.431478,0.430095,0.00766269
2562,0.331469,0.329123,0.00766819
2563,0.382821,0.382588,0.00766825
2564,0.533258,0.532356,0.00766906
2565,0.42807,0.427687,0.0076692
2566,0.379393,0.378035,0.00767105
2567,0.392487,0.392689,0.00767109
2568,0.474147,0.473969,0.00767112
2569,0.392084,0.391718,0.00767125
2570,0.320859,0.319796,0.00767238
2571,0.428818,0.427747,0.00767353
2572,0.39474,0.395554,0.00767419
2573,0.545138,0.545189,0.00767419
2574,0.357385,0.358136,0.00767476
2575,0.314793,0.315019,0.00767481
2576,0.291237,0.291645,0.00767498
2577,0.50494,0.504866,0.00767498
2578,0.336294,0.338542,0.00768003
2579,0.316869,0.318199,0.0076818
2580,0.243462,0.245206,0.00768484
2581,0.465411,0.465682,0.00768491
2582,0.311936,0.314359,0.00769079
2583,0.42605,0.426673,0.00769118
2584,0.30357,0.305018,0.00769327
2585,0.289331,0.290748,0.00769528
2586,0.230664,0.230527,0.0076953
2587,0.250591,0.252675,0.00769965
2588,0.322224,0.324439,0.00770455
2589,0.225346,0.225129,0.0077046
2590,0.21031,0.211103,0.00770523
2591,0.266569,0.267156,0.00770557
2592,0.36824,0.367597,0.00770598
2593,0.247488,0.246654,0.00770668
2594,0.350714,0.352104,0.00770861
2595,0.305117,0.30507,0.00770861
2596,0.224093,0.226154,0.00771286
2597,0.189844,0.189657,0.00771289
2598,0.477254,0.478807,0.0077153
2599,0.364358,0.363671,0.00771578
2600,0.248751,0.249362,0.00771615
2601,0.199148,0.19393,0.00774337
2602,0.254458,0.251087,0.00775474
2603,0.326366,0.322769,0.00776767
2604,0.240531,0.238436,0.00777206
2605,0.190847,0.190226,0.00777245
2606,0.221552,0.221479,0.00777245
2607,0.314644,0.313943,0.00777294
2608,0.21751,0.217276,0.007773
2609,0.284896,0.279017,0.00780756
2610,0.435296,0.431004,0.00782598
2611,0.385647,0.382049,0.00783893
2612,0.283515,0.282127,0.00784086
2613,0.261936,0.260579,0.0078427
2614,0.313933,0.310864,0.00785211
2615,0.29133,0.289565,0.00785523
2616,0.381591,0.381417,0.00785526
2617,0.270431,0.269349,0.00785643
2618,0.302308,0.301242,0.00785757
2619,0.336999,0.335886,0.0078588
2620,0.373136,0.370976,0.00786347
2621,0.358742,0.357226,0.00786577
2622,0.256579,0.256964,0.00786591
2623,0.27713,0.276544,0.00786626
2624,0.224388,0.2249,0.00786652
2625,0.410635,0.411073,0.00786671
2626,0.273799,0.273402,0.00786687
2627,0.305624,0.304572,0.00786798
2628,0.247481,0.247123,0.00786811
2629,0.434221,0.432438,0.00787128
2630,0.270093,0.266865,0.0078817
2631,0.391582,0.389355,0.00788666
2632,0.59558,0.591319,0.00790482
2633,0.601357,0.597745,0.00791787
2634,0.348935,0.347872,0.007919
2635,0.268408,0.266432,0.00792291
2636,0.365245,0.363345,0.00792652
2637,0.357466,0.358073,0.00792688
2638,0.353245,0.352694,0.00792719
2639,0.252882,0.253782,0.007928
2640,0.222062,0.222168,0.00792801
2641,0.221941,0.221554,0.00792816
2642,0.230503,0.230566,0.00792816
2643,0.33962,0.340969,0.00792998
2644,0.22849,0.229846,0.00793182
2645,0.21906,0.220647,0.00793434
2646,0.191958,0.192748,0.00793496
2647,0.218377,0.218174,0.007935
2648,0.201517,0.202257,0.00793555
2649,0.233549,0.234239,0.00793603
2650,0.224322,0.225603,0.00793767
2651,0.221669,0.224671,0.00794668
2652,0.369602,0.372853,0.00795725
2653,0.336122,0.338477,0.0079628
2654,0.269331,0.27094,0.00796539
2655,0.471916,0.472956,0.00796647
2656,0.335361,0.332807,0.00797299
2657,0.29668,0.293751,0.00798157
2658,0.230654,0.227856,0.0079894
2659,0.444848,0.44433,0.00798966
2660,0.335841,0.336401,0.00798998
2661,0.277546,0.277266,0.00799006
2662,0.210378,0.208476,0.00799368
2663,0.191012,0.188385,0.00800058
2664,0.457847,0.455779,0.00800486
2665,0.357719,0.354557,0.00801486
2666,0.251066,0.249059,0.00801889
2667,0.20368,0.201939,0.00802192
2668,0.373721,0.374917,0.00802335
2669,0.33258,0.331306,0.00802497
2670,0.402622,0.400631,0.00802894
2671,0.481687,0.480377,0.00803065
2672,0.54048,0.53982,0.00803109
2673,0.463494,0.463093,0.00803125
2674,0.48171,0.480328,0.00803316
2675,0.605886,0.606172,0.00803324
2676,0.398036,0.401469,0.00804503
2677,0.512264,0.512197,0.00804503
2678,0.624531,0.625798,0.00804664
2679,0.488719,0.493902,0.0080735
2680,0.333902,0.340372,0.00811537
2681,0.309035,0.315127,0.00815248
2682,0.227948,0.232736,0.0081754
2683,0.282422,0.282126,0.00817549
2684,0.266339,0.26679,0.0081757
2685,0.227061,0.229769,0.00818303
2686,0.180905,0.184811,0.00819829
2687,0.376693,0.377656,0.00819922
2688,0.297463,0.297566,0.00819923
2689,0.226032,0.224114,0.00820291
2690,0.259332,0.258216,0.00820415
2691,0.496276,0.495295,0.00820512
2692,0.498877,0.49809,0.00820574
2693,0.334186,0.335652,0.00820788
2694,0.355646,0.353559,0.00821224
2695,0.40281,0.401393,0.00821425
2696,0.478529,0.477496,0.00821532
2697,0.562113,0.560928,0.00821672
2698,0.452001,0.452325,0.00821683
2699,0.366664,0.368613,0.00822063
2700,0.468798,0.471055,0.00822572
2701,0.428072,0.429434,0.00822758
2702,0.433555,0.433218,0.00822769
2703,0.414202,0.415767,0.00823014
2704,0.506251,0.507118,0.00823089
2705,0.463924,0.466287,0.00823648
2706,0.440062,0.440834,0.00823707
2707,0.374675,0.37568,0.00823808
2708,0.491529,0.491564,0.00823808
2709,0.59731,0.598065,0.00823865
2710,0.544222,0.548506,0.008257
2711,0.377263,0.383145,0.00829161
2712,0.34406,0.350272,0.0083302
2713,0.266078,0.269248,0.00834024
2714,0.371849,0.372506,0.00834067
2715,0.352262,0.353792,0.00834301
2716,0.309187,0.310714,0.00834535
2717,0.241262,0.241826,0.00834567
2718,0.257819,0.258905,0.00834684
2719,0.431242,0.428894,0.00835236
2720,0.395794,0.393493,0.00835766
2721,0.288941,0.288344,0.00835801
2722,0.275342,0.274579,0.00835859
2723,0.284057,0.28265,0.00836057
2724,0.380337,0.378534,0.00836383
2725,0.246744,0.246905,0.00836385
2726,0.304237,0.304743,0.00836411
2727,0.239921,0.240243,0.00836421
2728,0.369581,0.367851,0.0083672
2729,0.244433,0.242571,0.00837067
2730,0.239256,0.237002,0.00837575
2731,0.270096,0.269619,0.00837598
2732,0.320316,0.320295,0.00837598
2733,0.224031,0.224471,0.00837617
2734,0.256322,0.255759,0.00837649
2735,0.338177,0.338041,0.00837651
2736,0.258613,0.259239,0.0083769
2737,0.203673,0.205199,0.00837923
2738,0.397142,0.398239,0.00838043
2739,0.402301,0.401685,0.00838081
2740,0.261525,0.26161,0.00838081
2741,0.306694,0.307059,0.00838095
2742,0.356725,0.356264,0.00838116
2743,0.475762,0.473797,0.00838502
2744,0.316671,0.313932,0.00839253
2745,0.403396,0.401234,0.0083972
2746,0.324364,0.323863,0.00839745
2747,0.457595,0.457752,0.00839748
2748,0.40627,0.406233,0.00839748
2749,0.428813,0.428251,0.00839779
2750,0.323731,0.324498,0.00839838
2751,0.263664,0.264793,0.00839966
2752,0.295421,0.296016,0.00840001
2753,0.328204,0.32934,0.0084013
2754,0.258966,0.257716,0.00840286
2755,0.209759,0.210636,0.00840363
2756,0.222615,0.222864,0.00840369
2757,0.311137,0.31104,0.0084037
2758,0.229116,0.22928,0.00840373
2759,0.257117,0.254091,0.00841288
2760,0.211164,0.210511,0.00841331
2761,0.27594,0.277211,0.00841492
2762,0.270838,0.271393,0.00841523
2763,0.435053,0.43562,0.00841555
2764,0.292098,0.291239,0.00841629
2765,0.219221,0.216272,0.00842498
2766,0.520608,0.52019,0.00842516
2767,0.37265,0.37171,0.00842604
2768,0.427559,0.426297,0.00842763
2769,0.282412,0.279693,0.00843503
2770,0.574183,0.573272,0.00843586
2771,0.385218,0.385136,0.00843586
2772,0.276341,0.277087,0.00843642
2773,0.224364,0.224993,0.00843681
2774,0.503357,0.50169,0.00843959
2775,0.49919,0.499918,0.00844012
2776,0.31166,0.311832,0.00844015
2777,0.241751,0.241466,0.00844023
2778,0.379283,0.379689,0.0084404
2779,0.40972,0.409131,0.00844074
2780,0.412073,0.410322,0.00844381
2781,0.472203,0.470776,0.00844584
2782,0.403903,0.402225,0.00844866
2783,0.417972,0.417535,0.00844885
2784,0.524588,0.52338,0.00845031
2785,0.560383,0.559081,0.008452
2786,0.453615,0.456994,0.00846342
2787,0.409454,0.41494,0.00849351
2788,0.48601,0.488907,0.00850191
2789,0.487535,0.491215,0.00851545
2790,0.4991,0.503786,0.00853741
2791,0.449162,0.455075,0.00857237
2792,0.322494,0.326745,0.00859044
2793,0.265451,0.268015,0.00859701
2794,0.488169,0.485543,0.00860391
2795,0.502823,0.503936,0.00860515
2796,0.336648,0.339431,0.00861289
2797,0.267323,0.269199,0.00861641
2798,0.50076,0.501615,0.00861714
2799,0.420863,0.421703,0.00861785
2800,0.30841,0.308256,0.00861787
2801,0.245369,0.246136,0.00861846
2802,0.538251,0.536307,0.00862224
2803,0.343903,0.342867,0.00862331
2804,0.260834,0.262056,0.0086248
2805,0.233843,0.236699,0.00863297
2806,0.376933,0.375639,0.00863464
2807,0.288767,0.286992,0.00863779
2808,0.35068,0.347604,0.00864725
2809,0.423651,0.420774,0.00865553
2810,0.385598,0.384118,0.00865772
2811,0.39591,0.395241,0.00865817
2812,0.335288,0.333741,0.00866056
2813,0.423008,0.421867,0.00866187
2814,0.404469,0.402718,0.00866494
2815,0.352421,0.352014,0.0086651
2816,0.292974,0.293355,0.00866525
2817,0.324482,0.324711,0.0086653
2818,0.286934,0.286364,0.00866562
2819,0.374636,0.37402,0.008666
2820,0.414089,0.412725,0.00866786
2821,0.319114,0.31769,0.00866989
2822,0.311395,0.309979,0.0086719
2823,0.524707,0.523967,0.00867244
2824,0.466704,0.464496,0.00867732
2825,0.452257,0.451967,0.0086774
2826,0.315807,0.316308,0.00867766
2827,0.281038,0.279701,0.00867944
2828,0.365024,0.36205,0.00868829
2829,0.256029,0.254866,0.00868964
2830,0.237483,0.23922,0.00869266
2831,0.237496,0.236511,0.00869364
2832,0.449075,0.450368,0.00869531
2833,0.281905,0.277429,0.00871534
2834,0.262676,0.259189,0.00872749
2835,0.237675,0.236218,0.00872962
2836,0.268432,0.268377,0.00872962
2837,0.382427,0.381493,0.00873049
2838,0.279014,0.274287,0.00875284
2839,0.216603,0.213515,0.00876237
2840,0.20032,0.197082,0.00877285
2841,0.472724,0.468462,0.00879101
2842,0.46553,0.463678,0.00879444
2843,0.309355,0.309811,0.00879465
2844,0.286353,0.286332,0.00879465
2845,0.244181,0.243141,0.00879573
2846,0.321754,0.320634,0.00879699
2847,0.343876,0.342509,0.00879885
2848,0.446622,0.444354,0.008804
2849,0.284396,0.282121,0.00880918
2850,0.310957,0.31143,0.0088094
2851,0.283814,0.284547,0.00880994
2852,0.217607,0.218042,0.00881013
2853,0.297861,0.297347,0.00881039
2854,0.302175,0.301345,0.00881108
2855,0.244722,0.243579,0.00881239
2856,0.197909,0.198047,0.00881241
2857,0.432634,0.43392,0.00881406
2858,0.285263,0.285186,0.00881407
2859,0.360012,0.359045,0.008815
2860,0.246575,0.245317,0.00881659
2861,0.231254,0.232403,0.0088179
2862,0.235041,0.23635,0.00881962
2863,0.351423,0.353029,0.0088222
2864,0.233883,0.233876,0.0088222
2865,0.208247,0.208288,0.0088222
2866,0.431406,0.431849,0.0088224
2867,0.299227,0.299363,0.00882241
2868,0.222541,0.221753,0.00882304
2869,0.213956,0.211185,0.00883072
2870,0.478277,0.476039,0.00883573
2871,0.308289,0.30696,0.00883749
2872,0.225766,0.225324,0.00883769
2873,0.245281,0.24516,0.0088377
2874,0.470644,0.469938,0.0088382
2875,0.286624,0.288241,0.00884081
2876,0.268711,0.268847,0.00884083
2877,0.300136,0.299759,0.00884098
2878,0.459741,0.460161,0.00884115
2879,0.292149,0.290495,0.00884389
2880,0.475395,0.475122,0.00884396
2881,0.377657,0.378209,0.00884427
2882,0.368692,0.368179,0.00884453
2883,0.382803,0.383296,0.00884477
2884,0.436314,0.435425,0.00884556
2885,0.508438,0.507568,0.00884632
2886,0.459644,0.459613,0.00884632
2887,0.374293,0.37344,0.00884705
2888,0.443696,0.44195,0.0088501
2889,0.365231,0.365419,0.00885013
2890,0.570187,0.56876,0.00885217
2891,0.431563,0.432325,0.00885275
2892,0.386957,0.386964,0.00885275
2893,0.277291,0.277092,0.00885279
2894,0.346242,0.347405,0.00885414
2895,0.50351,0.506441,0.00886274
2896,0.32909,0.331622,0.00886915
2897,0.23046,0.232876,0.00887498
2898,0.301643,0.30246,0.00887565
2899,0.334993,0.334464,0.00887593
2900,0.311177,0.309142,0.00888008
2901,0.233115,0.230294,0.00888803
2902,0.216348,0.215041,0.00888974
2903,0.264548,0.265158,0.00889011
2904,0.461321,0.462062,0.00889066
2905,0.371747,0.369172,0.00889729
2906,0.266172,0.265181,0.00889827
2907,0.280762,0.281261,0.00889852
2908,0.369289,0.369402,0.00889854
2909,0.255048,0.256632,0.00890105
2910,0.206345,0.206772,0.00890123
2911,0.29915,0.299024,0.00890124
2912,0.267283,0.267373,0.00890125
2913,0.227023,0.226979,0.00890125
2914,0.195919,0.195812,0.00890127
2915,0.397643,0.395904,0.00890429
2916,0.286696,0.285964,0.00890483
2917,0.300433,0.301303,0.00890559
2918,0.214669,0.215307,0.00890599
2919,0.39783,0.39859,0.00890657
2920,0.352734,0.350654,0.0089109
2921,0.312109,0.311057,0.008912
2922,0.220697,0.219643,0.00891311
2923,0.276015,0.275581,0.0089133
2924,0.3816,0.380329,0.00891492
2925,0.333323,0.333092,0.00891497
2926,0.256536,0.256081,0.00891518
2927,0.211076,0.210686,0.00891533
2928,0.297121,0.297546,0.00891551
2929,0.3356,0.335485,0.00891552
2930,0.282388,0.280674,0.00891846
2931,0.207887,0.206856,0.00891952
2932,0.207197,0.20686,0.00891963
2933,0.34706,0.347685,0.00892002
2934,0.441096,0.442485,0.00892195
2935,0.280876,0.281281,0.00892212
2936,0.221077,0.220066,0.00892314
2937,0.267113,0.267332,0.00892319
2938,0.328625,0.330128,0.00892545
2939,0.404443,0.405122,0.00892591
2940,0.324056,0.323939,0.00892592
2941,0.275559,0.275558,0.00892592
2942,0.363509,0.363231,0.008926
2943,0.455378,0.453411,0.00892987
2944,0.368902,0.364429,0.00894987
2945,0.391541,0.38931,0.00895485
2946,0.559359,0.555196,0.00897218
2947,0.368777,0.364423,0.00899114
2948,0.314693,0.311282,0.00900278
2949,0.548237,0.545465,0.00901046
2950,0.339977,0.340585,0.00901083
2951,0.248265,0.249492,0.00901233
2952,0.377525,0.377862,0.00901245
2953,0.488733,0.488776,0.00901245
2954,0.306451,0.307107,0.00901288
2955,0.223825,0.223272,0.00901319
2956,0.281736,0.281689,0.00901319
2957,0.287008,0.289074,0.00901746
2958,0.234551,0.2332,0.00901928
2959,0.193134,0.193528,0.00901944
2960,0.204319,0.204987,0.00901988
2961,0.231264,0.229871,0.00902182
2962,0.195466,0.195178,0.00902191
2963,0.330122,0.328624,0.00902415
2964,0.258063,0.258696,0.00902455
2965,0.192587,0.194059,0.00902672
2966,0.245808,0.248129,0.00903211
2967,0.271583,0.273779,0.00903693
2968,0.257594,0.258055,0.00903714
2969,0.19373,0.193839,0.00903716
2970,0.223887,0.224999,0.00903839
2971,0.252893,0.254744,0.00904182
2972,0.316835,0.31792,0.00904299
2973,0.284898,0.286369,0.00904516
2974,0.257514,0.258673,0.0090465
2975,0.36232,0.364031,0.00904943
2976,0.424922,0.425775,0.00905015
2977,0.393845,0.393138,0.00905065
2978,0.380966,0.379952,0.00905168
2979,0.318017,0.316283,0.00905469
2980,0.361242,0.360052,0.0090561
2981,0.262496,0.261178,0.00905784
2982,0.240678,0.240663,0.00905784
2983,0.268099,0.269166,0.00905898
2984,0.405342,0.405115,0.00905903
2985,0.259026,0.259263,0.00905909
2986,0.273189,0.270731,0.00906513
2987,0.221575,0.21988,0.009068
2988,0.394755,0.394124,0.0090684
2989,0.329889,0.328406,0.0090706
2990,0.430762,0.428737,0.0090747
2991,0.283405,0.279345,0.00909119
2992,0.413708,0.413224,0.00909142
2993,0.537703,0.537168,0.00909171
2994,0.502408,0.50158,0.00909239
2995,0.366195,0.3671,0.00909321
2996,0.445604,0.448323,0.00910061
2997,0.442789,0.445193,0.00910639
2998,0.414259,0.41541,0.00910771
2999,0.302734,0.303907,0.00910909
