t,predict_test,teacher
501,0.174439,0.184258,9.64109e-05
502,0.260784,0.249916,0.00021451
503,0.341595,0.363756,0.00070561
504,0.289046,0.275911,0.000878132
505,0.139592,0.156821,0.00117497
506,0.296203,0.336358,0.00278737
507,0.289393,0.298227,0.00286542
508,0.13233,0.162118,0.0037527
509,0.109487,0.127299,0.00406996
510,0.229753,0.229693,0.00406997
511,0.171484,0.1838,0.00422165
512,0.204743,0.193076,0.00435776
513,0.243521,0.237719,0.00439144
514,0.315401,0.337833,0.00489462
515,0.184707,0.199791,0.00512217
516,0.202407,0.164548,0.00655548
517,0.271286,0.286371,0.00678304
518,0.219132,0.212948,0.00682128
519,0.131871,0.134363,0.00682749
520,0.218824,0.224697,0.00686198
521,0.335103,0.358603,0.00741424
522,0.233026,0.2123,0.00784377
523,0.226399,0.210746,0.00808878
524,0.211113,0.207704,0.0081004
525,0.230158,0.224353,0.0081341
526,0.18752,0.17155,0.00838914
527,0.296182,0.321405,0.00902538
528,0.193838,0.202837,0.00910635
529,0.109313,0.121461,0.00925393
530,0.0640859,0.0815116,0.00955759
531,0.278136,0.29765,0.00993838
532,0.274888,0.30155,0.0106492
533,0.197014,0.184227,0.0108127
534,0.120217,0.139176,0.0111722
535,0.28147,0.279876,0.0111747
536,0.405309,0.430523,0.0118105
537,0.227164,0.235222,0.0118754
538,0.27465,0.251489,0.0124118
539,0.242687,0.23621,0.0124538
540,0.137608,0.151207,0.0126387
541,0.199211,0.179177,0.0130401
542,0.0483811,0.101294,0.0158398
543,0.0492094,0.0848181,0.0171078
544,0.098456,0.104119,0.0171399
545,0.229266,0.233531,0.0171581
546,0.246035,0.276747,0.0181013
547,0.098763,0.144755,0.0202165
548,0.163514,0.156899,0.0202603
549,0.138473,0.170355,0.0212768
550,0.248972,0.277094,0.0220676
551,0.0741145,0.134652,0.0257324
552,0.206282,0.229546,0.0262737
553,0.252734,0.248863,0.0262886
554,0.156678,0.146563,0.026391
555,0.0838513,0.0906261,0.0264369
556,0.0539015,0.0636538,0.026532
557,0.0260153,0.0507973,0.0271461
558,0.17819,0.19453,0.0274131
559,0.222633,0.245892,0.0279541
560,0.166317,0.127548,0.0294571
561,0.0178679,0.0653293,0.0317097
562,0.132449,0.114785,0.0320217
563,0.055408,0.0885239,0.0331184
564,0.0306632,0.0474389,0.0333998
565,0.00946395,0.030244,0.0338316
566,0.00642612,0.0514814,0.0358616
567,0.223845,0.306518,0.0426963
568,0.191403,0.201793,0.0428043
569,0.0963569,0.100347,0.0428202
570,0.165102,0.158094,0.0428693
571,0.0818595,0.0867865,0.0428936
572,0.235776,0.281405,0.0449756
573,0.203921,0.166372,0.0463855
574,0.0733272,0.0910083,0.0466981
575,0.0939712,0.0523062,0.0484341
576,0.0729349,0.0835302,0.0485464
577,0.0728265,0.0781361,0.0485746
578,0.038193,0.0411821,0.0485835
579,0.147485,0.148911,0.0485855
580,0.141919,0.10695,0.0498083
581,0.275462,0.31827,0.0516408
582,0.242262,0.223059,0.0520096
583,0.126671,0.1369,0.0521142
584,0.194863,0.139041,0.0552303
585,0.120026,0.115767,0.0552485
586,0.326295,0.381825,0.0583321
587,0.194258,0.194096,0.0583321
588,0.262159,0.270336,0.058399
589,0.313717,0.30965,0.0584155
590,0.316596,0.315873,0.0584161
591,0.29618,0.277628,0.0587602
592,0.181597,0.198655,0.0590512
593,0.293056,0.283693,0.0591389
594,0.255773,0.246335,0.059228
595,0.367875,0.390995,0.0597625
596,0.356899,0.373423,0.0600355
597,0.251054,0.274926,0.0606054
598,0.113497,0.161698,0.0629287
599,0.0617888,0.104522,0.0647548
600,0.323683,0.349861,0.0654401
601,0.270092,0.303928,0.066585
602,0.326875,0.345442,0.0669297
603,0.373208,0.404056,0.0678813
604,0.32794,0.378025,0.0703899
605,0.349255,0.393723,0.0723673
606,0.180148,0.251687,0.077485
607,0.181185,0.234003,0.0802748
608,0.293377,0.27849,0.0804964
609,0.287,0.290908,0.0805117
610,0.30715,0.323381,0.0807752
611,0.217698,0.241633,0.081348
612,0.211925,0.197732,0.0815495
613,0.173942,0.132859,0.0832372
614,0.276302,0.286799,0.0833474
615,0.289744,0.311971,0.0838415
616,0.21626,0.191694,0.084445
617,0.356577,0.357467,0.0844458
618,0.338918,0.363208,0.0850358
619,0.376899,0.41452,0.0864511
620,0.152395,0.226102,0.0918838
621,0.163195,0.214383,0.094504
622,0.174593,0.165668,0.0945836
623,0.12263,0.131556,0.0946633
624,0.0771558,0.0915382,0.0948701
625,0.115401,0.117658,0.0948752
626,0.321149,0.332163,0.0949966
627,0.201501,0.205375,0.0950116
628,0.2527,0.231114,0.0954775
629,0.266043,0.271796,0.0955106
630,0.197185,0.163652,0.096635
631,0.283081,0.253854,0.0974892
632,0.2964,0.306854,0.0975985
633,0.26297,0.205225,0.100933
634,0.107949,0.116425,0.101005
635,0.175769,0.144682,0.101971
636,0.100963,0.0983284,0.101978
637,0.118859,0.0971838,0.102448
638,0.0586994,0.0652007,0.10249
639,0.175031,0.17849,0.102502
640,0.32153,0.339545,0.102827
641,0.149417,0.174091,0.103436
642,0.113071,0.129265,0.103698
643,0.278838,0.286805,0.103761
644,0.19751,0.145275,0.10649
645,0.207303,0.194796,0.106646
646,0.122567,0.109261,0.106823
647,0.0227036,0.063,0.108447
648,0.103864,0.122418,0.108791
649,0.0779878,0.0923374,0.108997
650,0.124692,0.15159,0.109721
651,0.181028,0.185153,0.109738
652,0.196249,0.215914,0.110124
653,0.278563,0.291429,0.11029
654,0.306505,0.352997,0.112451
655,0.138927,0.172386,0.113571
656,0.1229,0.130796,0.113633
657,0.263253,0.200354,0.11759
658,0.0840702,0.101091,0.117879
659,0.229943,0.238456,0.117952
660,0.0894295,0.115067,0.118609
661,0.0827902,0.0850068,0.118614
662,0.240507,0.235516,0.118639
663,0.0966376,0.119974,0.119183
664,0.199649,0.226742,0.119917
665,0.147936,0.158097,0.120021
666,0.201946,0.192301,0.120114
667,0.273735,0.320166,0.12227
668,0.187479,0.163826,0.122829
669,0.159084,0.10953,0.125285
670,0.216804,0.221691,0.125308
671,0.125593,0.153364,0.12608
672,0.193443,0.169455,0.126655
673,0.257994,0.258279,0.126655
674,0.0939343,0.133565,0.128226
675,0.237791,0.252842,0.128452
676,0.173263,0.126433,0.130645
677,0.0992803,0.0882043,0.130768
678,0.264258,0.294371,0.131675
679,0.175696,0.187246,0.131808
680,0.117092,0.13008,0.131977
681,0.151418,0.130217,0.132426
682,0.127025,0.0817443,0.134477
683,0.227939,0.212355,0.13472
684,0.151159,0.103267,0.137013
685,0.103579,0.0771117,0.137714
686,0.142804,0.130067,0.137876
687,0.163728,0.148932,0.138095
688,0.109412,0.106643,0.138103
689,0.29496,0.313629,0.138451
690,0.129502,0.142598,0.138623
691,0.212378,0.230121,0.138937
692,0.374994,0.400691,0.139598
693,0.270898,0.270912,0.139598
694,0.0827424,0.127434,0.141595
695,0.0588912,0.0901782,0.142574
696,0.318474,0.367008,0.144929
697,0.28202,0.338689,0.148141
698,0.15822,0.163875,0.148173
699,0.139677,0.126589,0.148344
700,0.188701,0.187305,0.148346
701,0.184267,0.155525,0.149172
702,0.122049,0.124231,0.149177
703,0.261076,0.278627,0.149485
704,0.213428,0.205018,0.149556
705,0.174799,0.12936,0.15162
706,0.229016,0.206512,0.152127
707,0.110826,0.123718,0.152293
708,0.0666047,0.0660736,0.152293
709,0.119941,0.106872,0.152464
710,0.182322,0.181003,0.152466
711,0.236922,0.239772,0.152474
712,0.264641,0.254027,0.152587
713,0.151243,0.153714,0.152593
714,0.203498,0.173923,0.153467
715,0.170154,0.147854,0.153965
716,0.154493,0.150328,0.153982
717,0.236234,0.244499,0.15405
718,0.179869,0.179314,0.154051
719,0.114258,0.101029,0.154226
720,0.101078,0.0938569,0.154278
721,0.0240401,0.0552553,0.155252
722,0.060096,0.0747094,0.155466
723,0.210635,0.232904,0.155962
724,0.209857,0.215847,0.155998
725,0.197351,0.213383,0.156255
726,0.180554,0.170396,0.156358
727,0.147522,0.124758,0.156876
728,0.194126,0.172767,0.157332
729,0.13172,0.106875,0.157949
730,0.11181,0.075723,0.159252
731,0.157249,0.0859449,0.164336
732,0.179805,0.144489,0.165583
733,0.123705,0.113443,0.165689
734,0.142622,0.108095,0.166881
735,0.173661,0.098079,0.172593
736,0.172421,0.128976,0.174481
737,0.277753,0.257372,0.174896
738,0.304171,0.264425,0.176476
739,0.212142,0.19646,0.176722
740,0.0796587,0.0931504,0.176904
741,0.213144,0.188634,0.177504
742,0.197239,0.17663,0.177929
743,0.0989111,0.082655,0.178193
744,0.000197226,0.045157,0.180215
745,0.127939,0.0832925,0.182208
746,0.100204,0.0932549,0.182256
747,0.0803173,0.0666209,0.182444
748,0.115746,0.139596,0.183013
749,0.252185,0.278919,0.183728
750,0.195713,0.174381,0.184183
751,0.178563,0.153463,0.184813
752,0.252657,0.254013,0.184814
753,0.208151,0.212351,0.184832
754,0.066043,0.0988953,0.185911
755,0.225713,0.221511,0.185929
756,0.0793446,0.104299,0.186552
757,0.00305649,0.0534346,0.18909
758,0.0777755,0.0496753,0.189879
759,0.202235,0.216099,0.190072
760,0.0886282,0.129872,0.191773
761,0.0958307,0.12891,0.192867
762,0.172335,0.199788,0.19362
763,0.213927,0.216385,0.193626
764,0.132796,0.149202,0.193896
765,0.0675803,0.080747,0.194069
766,0.288388,0.311775,0.194616
767,0.290879,0.274153,0.194896
768,0.139868,0.136055,0.19491
769,0.225311,0.241357,0.195168
770,0.177978,0.122499,0.198246
771,0.181125,0.153367,0.199016
772,0.244244,0.233605,0.199129
773,0.252347,0.25878,0.199171
774,0.17492,0.175698,0.199171
775,0.172775,0.125562,0.201401
776,0.11231,0.0807357,0.202397
777,0.0927433,0.0879779,0.20242
778,0.33481,0.345008,0.202524
779,0.226714,0.177765,0.20492
780,0.3178,0.311725,0.204957
781,0.279842,0.279758,0.204957
782,0.0781773,0.144654,0.209376
783,0.217497,0.186896,0.210313
784,0.317753,0.317393,0.210313
785,0.277586,0.300437,0.210835
786,0.205348,0.200843,0.210855
787,0.246046,0.240924,0.210881
788,0.214364,0.193065,0.211335
789,0.110729,0.111581,0.211336
790,0.0933411,0.0728683,0.211755
791,0.109111,0.0901805,0.212113
792,0.184555,0.112085,0.217365
793,0.170601,0.125593,0.219391
794,0.285033,0.30661,0.219856
795,0.32667,0.350769,0.220437
796,0.139119,0.176298,0.221819
797,0.196557,0.220722,0.222403
798,0.184301,0.205818,0.222866
799,0.125397,0.142592,0.223162
800,0.182164,0.165431,0.223442
801,0.254563,0.249584,0.223467
802,0.245904,0.259808,0.22366
803,0.146161,0.168973,0.22418
804,0.132714,0.127237,0.22421
805,0.241903,0.260662,0.224562
806,0.148526,0.152779,0.22458
807,0.0966337,0.109856,0.224755
808,0.132839,0.104702,0.225547
809,0.237053,0.247394,0.225654
810,0.158709,0.149745,0.225734
811,0.198231,0.178338,0.22613
812,0.155583,0.154262,0.226132
813,0.180229,0.138381,0.227883
814,0.197805,0.176389,0.228342
815,0.355224,0.38522,0.229241
816,0.266449,0.292012,0.229895
817,0.160117,0.168974,0.229973
818,0.169701,0.142695,0.230703
819,0.209107,0.221698,0.230861
820,0.154508,0.167758,0.231037
821,0.124562,0.141877,0.231337
822,0.0901927,0.0978665,0.231395
823,0.269177,0.285706,0.231669
824,0.21873,0.231905,0.231842
825,0.151607,0.158602,0.231891
826,0.255307,0.243245,0.232037
827,0.355719,0.365771,0.232138
828,0.263215,0.260109,0.232147
829,0.278381,0.289541,0.232272
830,0.290712,0.308482,0.232588
831,0.248056,0.221122,0.233313
832,0.182695,0.171523,0.233438
833,0.236614,0.22151,0.233666
834,0.20484,0.20009,0.233689
835,0.192329,0.19294,0.233689
836,0.265837,0.244371,0.23415
837,0.383014,0.441946,0.237623
838,0.282364,0.321027,0.239118
839,0.10065,0.169186,0.243815
840,0.278368,0.297369,0.244176
841,0.293731,0.32539,0.245178
842,0.180896,0.204489,0.245735
843,0.222303,0.244751,0.246238
844,0.20845,0.228165,0.246627
845,0.136068,0.137938,0.246631
846,0.0857185,0.0945167,0.246708
847,0.0987824,0.109862,0.246831
848,0.237435,0.248807,0.24696
849,0.263154,0.247364,0.24721
850,0.261294,0.254052,0.247262
851,0.252244,0.241211,0.247384
852,0.191231,0.199392,0.24745
853,0.0412719,0.103437,0.251315
854,0.0548205,0.0633828,0.251388
855,0.210968,0.210444,0.251388
856,0.169606,0.14534,0.251977
857,0.205841,0.194207,0.252113
858,0.0992069,0.0960148,0.252123
859,0.0895044,0.0646364,0.252741
860,0.150323,0.117986,0.253787
861,0.172518,0.12415,0.256126
862,0.144938,0.0984843,0.258284
863,0.182396,0.124425,0.261645
864,0.142929,0.101535,0.263358
865,0.141477,0.128608,0.263524
866,0.136815,0.123529,0.2637
867,0.117259,0.0813002,0.264993
868,0.099025,0.0505991,0.267339
869,0.198957,0.183527,0.267577
870,0.184864,0.138852,0.269694
871,0.194786,0.170487,0.270284
872,0.0769846,0.0779165,0.270285
873,0.218083,0.225753,0.270344
874,0.193618,0.159851,0.271484
875,0.248465,0.225014,0.272034
876,0.0851417,0.108418,0.272576
877,0.12837,0.120382,0.27264
878,0.209376,0.151184,0.276026
879,0.153002,0.111877,0.277717
880,0.109436,0.113366,0.277733
881,0.133948,0.117398,0.278007
882,0.227662,0.197767,0.2789
883,0.208809,0.20194,0.278947
884,0.16168,0.14013,0.279412
885,0.229555,0.243671,0.279611
886,0.144425,0.159485,0.279838
887,0.236661,0.242426,0.279871
888,0.145421,0.141953,0.279883
889,0.0706768,0.0743751,0.279897
890,0.108385,0.0926228,0.280145
891,0.192728,0.189278,0.280157
892,0.218855,0.198564,0.280569
893,0.162281,0.14201,0.28098
894,0.1013,0.0994762,0.280983
895,0.100254,0.106486,0.281022
896,0.11694,0.11832,0.281024
897,0.162113,0.1799,0.28134
898,0.201344,0.221573,0.28175
899,0.157423,0.132073,0.282392
900,0.0737372,0.070172,0.282405
901,0.186755,0.209644,0.282929
902,0.127921,0.129992,0.282933
903,0.00835173,0.0631449,0.285935
904,0.210803,0.252624,0.287684
905,0.159135,0.162254,0.287694
906,0.192503,0.177875,0.287908
907,0.157156,0.145548,0.288043
908,0.0563258,0.0768949,0.288466
909,0.00810953,0.0460768,0.289907
910,0.13522,0.154901,0.290295
911,0.185584,0.230482,0.292311
912,0.272469,0.305048,0.293372
913,0.163039,0.166655,0.293385
914,0.0652478,0.0828394,0.293695
915,0.0770449,0.0679074,0.293778
916,0.120404,0.100214,0.294186
917,0.00994801,0.0538636,0.296114
918,0.223309,0.307378,0.303182
919,0.172259,0.176935,0.303204
920,0.205051,0.177051,0.303988
921,0.160891,0.140689,0.304396
922,0.140931,0.0896168,0.307029
923,0.102618,0.0539839,0.309394
924,0.15079,0.0728223,0.315473
925,0.20614,0.208479,0.315479
926,0.257024,0.232903,0.31606
927,0.280206,0.282552,0.316066
928,0.180843,0.165343,0.316306
929,0.171621,0.106415,0.320558
930,0.312792,0.315561,0.320566
931,0.105785,0.145188,0.322118
932,0.160954,0.124151,0.323473
933,0.212655,0.192486,0.323879
934,0.116567,0.119836,0.32389
935,0.211866,0.233173,0.324344
936,0.228042,0.231971,0.324359
937,0.247381,0.243791,0.324372
938,0.0484509,0.117044,0.329077
939,0.281285,0.281947,0.329078
940,0.0365285,0.137905,0.339355
941,0.145,0.144232,0.339356
942,0.105491,0.104342,0.339357
943,0.208556,0.223137,0.33957
944,0.128353,0.107027,0.340024
945,0.0479537,0.0599587,0.340169
946,0.0358172,0.0614354,0.340825
947,0.219862,0.250329,0.341753
948,0.163215,0.180358,0.342047
949,0.164762,0.113653,0.344659
950,0.19178,0.19085,0.34466
951,0.223591,0.205964,0.344971
952,0.120461,0.10178,0.34532
953,0.279266,0.300228,0.345759
954,0.144512,0.140033,0.345779
955,0.141509,0.129923,0.345913
956,0.10162,0.0957087,0.345948
957,0.0744053,0.0559852,0.346288
958,0.0677203,0.0331253,0.347484
959,0.0960036,0.0491211,0.349682
960,0.039253,0.033212,0.349719
961,0.101392,0.0456123,0.35283
962,0.154591,0.125934,0.353651
963,0.161538,0.100924,0.357325
964,0.15781,0.131105,0.358039
965,0.147463,0.0993112,0.360357
966,0.1836,0.164707,0.360714
967,0.131399,0.108409,0.361243
968,0.274071,0.234416,0.362815
969,0.167402,0.154597,0.362979
970,0.21228,0.172445,0.364566
971,0.0835382,0.0814649,0.36457
972,0.214378,0.234964,0.364994
973,0.183939,0.16634,0.365304
974,0.162322,0.0833367,0.371543
975,0.0394735,0.0484159,0.371623
976,0.149491,0.128796,0.372051
977,0.240095,0.188534,0.374709
978,0.107729,0.103682,0.374726
979,0.0633914,0.0689107,0.374756
980,0.0688111,0.06739,0.374758
981,0.0237737,0.0480211,0.375346
982,0.112265,0.145377,0.376443
983,0.0644703,0.0832751,0.376796
984,0.226444,0.253783,0.377544
985,0.26106,0.264373,0.377555
986,0.206882,0.191079,0.377804
987,0.129497,0.125947,0.377817
988,0.199226,0.166659,0.378878
989,0.153047,0.138957,0.379076
990,0.141306,0.125021,0.379341
991,0.167272,0.154874,0.379495
992,0.0875312,0.0857484,0.379498
993,0.125107,0.141626,0.379771
994,0.0402848,0.0689677,0.380594
995,0.102015,0.0839532,0.38092
996,0.0954385,0.094595,0.380921
997,0.028316,0.0530553,0.381533
998,0.261654,0.327772,0.385904
999,0.193883,0.187601,0.385944
1000,0.188593,0.182424,0.385982
1001,0.053931,0.0911638,0.387368
1002,0.108073,0.12159,0.387551
1003,0.263458,0.305137,0.389288
1004,0.119711,0.139317,0.389672
1005,0.124378,0.119914,0.389692
1006,0.120324,0.115675,0.389714
1007,0.226772,0.213972,0.389878
1008,0.163307,0.110858,0.392629
1009,0.127967,0.133366,0.392658
1010,0.0883114,0.106417,0.392986
1011,0.0677723,0.0680494,0.392986
1012,0.138778,0.0802171,0.396415
1013,0.0476954,0.0596691,0.396559
1014,0.16625,0.171039,0.396581
1015,0.0977342,0.0917676,0.396617
1016,0.234462,0.267496,0.397708
1017,0.212179,0.201805,0.397816
1018,0.133,0.104691,0.398617
1019,0.138269,0.113372,0.399237
1020,0.255959,0.262279,0.399277
1021,0.189396,0.188498,0.399278
1022,0.286101,0.304525,0.399617
1023,0.242866,0.229915,0.399785
1024,0.161118,0.161898,0.399786
1025,0.101691,0.100161,0.399788
1026,0.0869925,0.075811,0.399913
1027,0.106604,0.105253,0.399915
1028,0.12517,0.118568,0.399959
1029,0.207892,0.182964,0.40058
1030,0.329727,0.351723,0.401064
1031,0.244735,0.238627,0.401101
1032,0.237823,0.237242,0.401101
1033,0.267251,0.26203,0.401129
1034,0.177681,0.166608,0.401251
1035,0.0999117,0.124511,0.401856
1036,0.165205,0.148203,0.402145
1037,0.106112,0.0815264,0.40275
1038,0.0999234,0.0799733,0.403148
1039,0.15502,0.0850842,0.408039
1040,0.157577,0.140095,0.408345
1041,0.0821975,0.0792676,0.408353
1042,0.200984,0.159509,0.410073
1043,0.305314,0.321698,0.410342
1044,0.230289,0.199398,0.411296
1045,0.178199,0.127165,0.4139
1046,0.287264,0.27949,0.413961
1047,0.255323,0.269096,0.414151
1048,0.114187,0.13904,0.414768
1049,0.0871428,0.0826406,0.414789
1050,0.0934909,0.0854899,0.414853
1051,0.0252939,0.0467944,0.415315
1052,0.11145,0.095931,0.415556
1053,0.269034,0.319955,0.418149
1054,0.274635,0.279007,0.418168
1055,0.0814375,0.1323,0.420755
1056,0.13939,0.0868999,0.42351
1057,0.181685,0.174483,0.423562
1058,0.0493645,0.0889816,0.425131
1059,0.0714097,0.0686129,0.425139
1060,0.0753744,0.0632492,0.425286
1061,0.228131,0.250283,0.425777
1062,0.18316,0.175997,0.425828
1063,0.0883064,0.0933621,0.425854
1064,0.00548062,0.0578615,0.428597
1065,0.0101314,0.0430231,0.429679
1066,0.142708,0.167665,0.430302
1067,0.115252,0.120703,0.430332
1068,0.177184,0.138907,0.431797
1069,0.0668861,0.0706066,0.431811
1070,0.0386481,0.0490847,0.43192
1071,0.132924,0.156843,0.432492
1072,0.0976167,0.0823184,0.432726
1073,0.176748,0.19661,0.43312
1074,0.125209,0.107413,0.433437
1075,0.215488,0.22736,0.433578
1076,0.243581,0.243276,0.433578
1077,0.166459,0.178985,0.433735
1078,0.124746,0.108335,0.434004
1079,0.0741585,0.0742653,0.434004
1080,0.185207,0.218332,0.435102
1081,0.174805,0.147244,0.435861
1082,0.0985293,0.0783307,0.436269
1083,0.104594,0.076254,0.437072
1084,0.051799,0.0455364,0.437112
1085,0.143787,0.165576,0.437586
1086,0.224106,0.252828,0.438411
1087,0.234847,0.235821,0.438412
1088,0.21116,0.216786,0.438444
1089,0.247486,0.257958,0.438554
1090,0.124681,0.14131,0.43883
1091,0.347375,0.327692,0.439217
1092,0.324184,0.326224,0.439222
1093,0.281534,0.243676,0.440655
1094,0.221725,0.209205,0.440812
1095,0.289481,0.322974,0.441933
1096,0.206242,0.176803,0.4428
1097,0.203122,0.180636,0.443306
1098,0.104297,0.096985,0.443359
1099,0.0877948,0.0898344,0.443363
1100,0.182638,0.117523,0.447603
1101,0.207678,0.194065,0.447789
1102,0.184984,0.173107,0.44793
1103,0.255619,0.252811,0.447938
1104,0.0848758,0.130326,0.450003
1105,0.233236,0.260015,0.45072
1106,0.276253,0.289,0.450883
1107,0.227372,0.220587,0.450929
1108,0.237445,0.211261,0.451615
1109,0.151153,0.129058,0.452103
1110,0.121407,0.0943313,0.452836
1111,0.139671,0.117887,0.45331
1112,0.220419,0.210912,0.453401
1113,0.188453,0.158928,0.454272
1114,0.13201,0.123339,0.454348
1115,0.220947,0.243851,0.454872
1116,0.171442,0.164911,0.454915
1117,0.126053,0.111187,0.455136
1118,0.0580215,0.0746672,0.455413
1119,0.174814,0.17446,0.455413
1120,0.308787,0.336354,0.456173
1121,0.276642,0.25802,0.45652
1122,0.365131,0.421452,0.459692
1123,0.25828,0.229178,0.460539
1124,0.195054,0.144678,0.463077
1125,0.283722,0.235061,0.465444
1126,0.230701,0.207836,0.465967
1127,0.203781,0.149518,0.468912
1128,0.150116,0.0923732,0.472246
1129,0.245267,0.215879,0.47311
1130,0.166475,0.142824,0.473669
1131,0.134361,0.0911676,0.475535
1132,0.108915,0.0956505,0.475711
1133,0.0800209,0.0797191,0.475711
1134,0.11967,0.0613027,0.479117
1135,0.225942,0.184822,0.480808
1136,0.36638,0.356845,0.480899
1137,0.430062,0.413592,0.48117
1138,0.341113,0.298508,0.482986
1139,0.385963,0.356814,0.483835
1140,0.201284,0.234468,0.484937
1141,0.191206,0.15714,0.486097
1142,0.118306,0.0919753,0.48679
1143,0.224258,0.201605,0.487303
1144,0.140093,0.108085,0.488328
1145,0.0802107,0.0713056,0.488407
1146,0.102657,0.0647152,0.489847
1147,0.102182,0.0705892,0.490845
1148,0.0830309,0.0480887,0.492066
1149,0.12324,0.12575,0.492072
1150,0.252508,0.285942,0.49319
1151,0.287315,0.279266,0.493255
1152,0.161959,0.171631,0.493348
1153,0.317407,0.320113,0.493356
1154,0.318026,0.322476,0.493375
1155,0.266506,0.238399,0.494165
1156,0.148217,0.127072,0.494613
1157,0.196578,0.182667,0.494806
1158,0.0966539,0.0972827,0.494807
1159,0.067609,0.0636432,0.494822
1160,0.108497,0.0819916,0.495525
1161,0.168057,0.150255,0.495842
1162,0.155997,0.16209,0.495879
1163,0.202623,0.192035,0.495991
1164,0.146517,0.126408,0.496395
1165,0.187874,0.194383,0.496438
1166,0.22307,0.204232,0.496793
1167,0.248396,0.252024,0.496806
1168,0.289296,0.310761,0.497266
1169,0.13883,0.15782,0.497627
1170,0.155122,0.107904,0.499857
1171,0.207649,0.193366,0.500061
1172,0.111473,0.121231,0.500156
1173,0.17243,0.158878,0.500339
1174,0.273409,0.260541,0.500505
1175,0.23866,0.246796,0.500571
1176,0.265981,0.269645,0.500585
1177,0.243762,0.269962,0.501271
1178,0.170858,0.158671,0.50142
1179,0.249574,0.255791,0.501458
1180,0.356004,0.366593,0.50157
1181,0.159904,0.18673,0.50229
1182,0.121875,0.121661,0.50229
1183,0.0607361,0.0777882,0.502581
1184,0.111235,0.0761938,0.503809
1185,0.219096,0.239102,0.504209
1186,0.140242,0.135332,0.504233
1187,0.279755,0.298388,0.50458
1188,0.303145,0.306801,0.504594
1189,0.405125,0.428463,0.505138
1190,0.1865,0.212072,0.505792
1191,0.319989,0.335849,0.506044
1192,0.209096,0.202566,0.506087
1193,0.233899,0.229705,0.506104
1194,0.230815,0.173119,0.509433
1195,0.13379,0.101487,0.510476
1196,0.178582,0.0943004,0.51758
1197,0.207567,0.152369,0.520627
1198,0.0941958,0.0983921,0.520644
1199,0.237543,0.155151,0.527433
1200,0.131223,0.121633,0.527524
1201,0.337076,0.357025,0.527922
1202,0.288812,0.299216,0.528031
1203,0.35439,0.433016,0.534213
1204,0.147165,0.210251,0.538193
1205,0.207581,0.262156,0.541171
1206,0.116308,0.148339,0.542197
1207,0.136518,0.145017,0.542269
1208,0.0826696,0.104203,0.542733
1209,0.267397,0.280267,0.542899
1210,0.341828,0.369233,0.54365
1211,0.449022,0.455523,0.543692
1212,0.3647,0.408566,0.545616
1213,0.214238,0.247339,0.546712
1214,0.146344,0.183008,0.548056
1215,0.235871,0.228419,0.548112
1216,0.269633,0.280413,0.548228
1217,0.366662,0.416356,0.550697
1218,0.164016,0.219666,0.553794
1219,0.206694,0.219558,0.55396
1220,0.204597,0.209461,0.553983
1221,0.248495,0.241396,0.554034
1222,0.198599,0.200335,0.554037
1223,0.311242,0.339896,0.554858
1224,0.236093,0.222183,0.555051
1225,0.202298,0.178899,0.555599
1226,0.323297,0.326174,0.555607
1227,0.145036,0.194036,0.558008
1228,0.219844,0.211827,0.558072
1229,0.107226,0.143893,0.559417
1230,0.209237,0.212156,0.559426
1231,0.180071,0.178934,0.559427
1232,0.247173,0.225176,0.559911
1233,0.226404,0.239268,0.560076
1234,0.357457,0.349827,0.560134
1235,0.271293,0.250659,0.56056
1236,0.141305,0.13407,0.560613
1237,0.248715,0.234489,0.560815
1238,0.0936626,0.130806,0.562195
1239,0.169722,0.124819,0.564211
1240,0.180652,0.168398,0.564361
1241,0.0769938,0.0946217,0.564672
1242,0.262971,0.303073,0.56628
1243,0.178794,0.190598,0.566419
1244,0.228137,0.231026,0.566428
1245,0.185035,0.168997,0.566685
1246,0.160006,0.12175,0.568148
1247,0.16904,0.126514,0.569957
1248,0.144916,0.104913,0.571557
1249,0.0962366,0.0850089,0.571683
1250,0.0664969,0.0529052,0.571868
1251,0.15588,0.127761,0.572658
1252,0.141381,0.11879,0.573169
1253,0.16915,0.158413,0.573284
1254,0.0945785,0.0817321,0.573449
1255,0.0766147,0.0627848,0.57364
1256,0.22076,0.201021,0.57403
1257,0.231618,0.238379,0.574076
1258,0.332105,0.375619,0.575969
1259,0.217377,0.176994,0.5776
1260,0.164393,0.117537,0.579795
1261,0.163427,0.136677,0.580511
1262,0.0724207,0.0770106,0.580532
1263,0.0951577,0.0941317,0.580533
1264,0.210484,0.209292,0.580534
1265,0.138863,0.126599,0.580685
1266,0.118627,0.070219,0.583028
1267,0.121852,0.0973188,0.58363
1268,-0.00422252,0.0517365,0.586761
1269,0.0842989,0.110105,0.587427
1270,0.229781,0.254823,0.588054
1271,0.144127,0.116778,0.588802
1272,0.193815,0.211985,0.589133
1273,0.167512,0.115421,0.591846
1274,0.274227,0.320422,0.59398
1275,0.325728,0.343358,0.594291
1276,0.17673,0.208637,0.595309
1277,0.110851,0.116395,0.59534
1278,0.229382,0.236898,0.595396
1279,0.202256,0.177143,0.596027
1280,0.16007,0.0934539,0.600465
1281,0.128784,0.0964879,0.601508
1282,0.0706016,0.0753819,0.60153
1283,0.0653916,0.0536019,0.601669
1284,0.302771,0.353786,0.604272
1285,0.0548927,0.163767,0.616125
1286,0.0973322,0.118256,0.616563
1287,0.140366,0.0786069,0.620377
1288,0.171135,0.154031,0.62067
1289,0.0881675,0.0785434,0.620763
1290,0.167106,0.147525,0.621146
1291,0.130251,0.0982087,0.622173
1292,0.103758,0.100897,0.622181
1293,0.187634,0.154798,0.623259
1294,0.270747,0.244702,0.623937
1295,0.14259,0.149047,0.623979
1296,0.144253,0.108871,0.625231
1297,0.130851,0.0761985,0.628218
1298,0.216312,0.197215,0.628583
1299,0.0750295,0.0942118,0.62895
1300,0.121092,0.103716,0.629252
1301,0.0396187,0.055643,0.629509
1302,0.108434,0.121051,0.629668
1303,0.0349799,0.0583655,0.630215
1304,0.0559476,0.0559323,0.630215
1305,0.0948582,0.0936991,0.630217
1306,0.107826,0.105326,0.630223
1307,0.0910431,0.0983257,0.630276
1308,0.171185,0.18402,0.630441
1309,0.132277,0.137404,0.630467
1310,0.141669,0.110652,0.631429
1311,0.0928222,0.0526023,0.633047
1312,0.156897,0.160125,0.633057
1313,0.159409,0.156518,0.633065
1314,0.233409,0.234949,0.633068
1315,0.0893369,0.108399,0.633431
1316,0.231498,0.291328,0.637011
1317,0.191867,0.186489,0.63704
1318,0.182044,0.125692,0.640215
1319,0.137137,0.133075,0.640232
1320,0.294309,0.278963,0.640467
1321,0.22823,0.239051,0.640584
1322,0.150072,0.115341,0.641791
1323,0.190275,0.163852,0.642489
1324,0.232791,0.222666,0.642591
1325,0.141949,0.105623,0.643911
1326,0.288592,0.304843,0.644175
1327,0.156926,0.156191,0.644175
1328,0.26811,0.277902,0.644271
1329,0.0736171,0.137746,0.648384
1330,0.119439,0.096549,0.648908
1331,0.315248,0.332191,0.649195
1332,0.214929,0.179105,0.650478
1333,0.213837,0.207476,0.650519
1334,0.235761,0.279666,0.652446
1335,0.178927,0.188724,0.652542
1336,0.0738766,0.0970041,0.653077
1337,0.277235,0.310067,0.654155
1338,0.1905,0.239336,0.65654
1339,0.315032,0.305542,0.65663
1340,0.248133,0.217365,0.657577
1341,0.195833,0.127916,0.662189
1342,0.286316,0.300642,0.662395
1343,0.0949502,0.153716,0.665848
1344,0.0284263,0.0830956,0.668837
1345,0.278288,0.325931,0.671107
1346,0.134633,0.167828,0.672209
1347,0.103605,0.113124,0.672299
1348,0.113895,0.0885892,0.67294
1349,0.0390403,0.0663742,0.673687
1350,0.112181,0.12863,0.673957
1351,0.286188,0.308957,0.674476
1352,0.248199,0.264937,0.674756
1353,0.299935,0.327095,0.675494
1354,0.210141,0.215485,0.675522
1355,0.292968,0.298992,0.675558
1356,0.205626,0.210179,0.675579
1357,0.0710292,0.110382,0.677128
1358,0.0962221,0.0846928,0.677261
1359,0.265302,0.272179,0.677308
1360,0.156828,0.170953,0.677507
1361,0.131998,0.118822,0.677681
1362,0.109002,0.0888334,0.678088
1363,0.134914,0.106465,0.678897
1364,0.125998,0.0881072,0.680333
1365,0.201382,0.20283,0.680335
1366,0.263039,0.279593,0.680609
1367,0.348321,0.365562,0.680906
1368,0.328138,0.334453,0.680946
1369,0.19817,0.201612,0.680958
1370,0.196384,0.188202,0.681025
1371,0.0380463,0.0948354,0.68425
1372,0.179216,0.186821,0.684308
1373,0.217705,0.237365,0.684694
1374,0.230453,0.213801,0.684972
1375,0.257451,0.272517,0.685199
1376,0.30152,0.324366,0.685721
1377,0.230739,0.261092,0.686642
1378,0.120657,0.146223,0.687295
1379,0.218911,0.229127,0.6874
1380,0.337585,0.360097,0.687907
1381,0.342428,0.370357,0.688687
1382,0.258926,0.292974,0.689846
1383,0.199432,0.197742,0.689849
1384,0.204744,0.210437,0.689881
1385,0.10461,0.115831,0.690007
1386,0.200147,0.209304,0.690091
1387,0.18698,0.193636,0.690135
1388,0.239316,0.250388,0.690258
1389,0.270638,0.274253,0.690271
1390,0.363513,0.387071,0.690826
1391,0.205798,0.25015,0.692793
1392,0.219945,0.224104,0.69281
1393,0.360202,0.369326,0.692893
1394,0.355213,0.393519,0.694361
1395,0.22097,0.254628,0.695494
1396,0.167192,0.186913,0.695883
1397,0.256985,0.263029,0.695919
1398,0.220046,0.220281,0.695919
1399,0.105367,0.132632,0.696663
1400,0.152436,0.150396,0.696667
1401,0.235142,0.209266,0.697336
1402,0.342274,0.338748,0.697349
1403,0.18981,0.207834,0.697674
1404,0.311331,0.337961,0.698383
1405,0.194155,0.224024,0.699275
1406,0.296361,0.308458,0.699421
1407,0.24537,0.238142,0.699473
1408,0.167378,0.162077,0.699502
1409,0.123958,0.120153,0.699516
1410,0.167452,0.146114,0.699971
1411,0.286433,0.301326,0.700193
1412,0.253069,0.24792,0.70022
1413,0.0918103,0.135703,0.702146
1414,0.168151,0.147898,0.702556
1415,0.158032,0.132245,0.703221
1416,0.138971,0.0878043,0.705839
1417,0.0864998,0.0825177,0.705855
1418,0.260037,0.264954,0.70588
1419,0.157493,0.177156,0.706266
1420,0.149323,0.134552,0.706484
1421,0.0636232,0.0777826,0.706685
1422,-0.0141703,0.0506019,0.71088
1423,0.0711935,0.0773301,0.710918
1424,0.208903,0.239183,0.711835
1425,0.259267,0.267928,0.71191
1426,0.231022,0.252249,0.71236
1427,0.0804554,0.122974,0.714168
1428,0.213744,0.223866,0.714271
1429,0.174644,0.155831,0.714625
1430,0.0834747,0.0811361,0.71463
1431,0.102022,0.0943581,0.714689
1432,0.157242,0.131854,0.715333
1433,0.185167,0.189922,0.715356
1434,0.0906167,0.0988823,0.715424
1435,0.0798351,0.0773468,0.71543
1436,0.0765469,0.0679227,0.715505
1437,0.102234,0.0926961,0.715596
1438,0.0886111,0.0625184,0.716277
1439,0.142023,0.143381,0.716278
1440,0.169577,0.140059,0.71715
1441,0.0801196,0.0784394,0.717153
1442,0.131487,0.129649,0.717156
1443,0.222919,0.246664,0.71772
1444,0.20904,0.205689,0.717731
1445,0.143951,0.13275,0.717857
1446,0.165654,0.14185,0.718423
1447,0.246586,0.217999,0.71924
1448,0.168154,0.145401,0.719758
1449,0.242523,0.229912,0.719917
1450,0.152655,0.159353,0.719962
1451,0.175683,0.165878,0.720058
1452,0.0442817,0.0806795,0.721383
1453,0.0830201,0.0886134,0.721414
1454,0.127248,0.116518,0.721529
1455,0.127929,0.0966768,0.722506
1456,0.0962211,0.106876,0.72262
1457,0.146538,0.150976,0.722639
1458,0.177632,0.173437,0.722657
1459,0.145414,0.147539,0.722661
1460,0.257605,0.266053,0.722733
1461,0.171402,0.185122,0.722921
1462,0.226323,0.212167,0.723121
1463,0.162334,0.116957,0.72518
1464,0.155605,0.129771,0.725848
1465,0.196935,0.189523,0.725903
1466,0.136585,0.109794,0.72662
1467,0.0514292,0.0713136,0.727016
1468,0.223419,0.244061,0.727442
1469,0.135373,0.145675,0.727548
1470,0.0872076,0.0800045,0.7276
1471,0.153509,0.143382,0.727703
1472,0.0586251,0.0728413,0.727905
1473,0.0537472,0.0648325,0.728028
1474,0.131269,0.147171,0.72828
1475,0.191166,0.19031,0.728281
1476,0.0848831,0.108086,0.72882
1477,0.0785696,0.069982,0.728893
1478,0.0815169,0.102483,0.729333
1479,0.136779,0.135462,0.729335
1480,0.11809,0.097756,0.729748
1481,0.0250714,0.0557037,0.730686
1482,0.205124,0.234592,0.731555
1483,0.133296,0.133137,0.731555
1484,0.0570917,0.068052,0.731675
1485,0.094692,0.103481,0.731752
1486,0.0455541,0.0541613,0.731826
1487,-0.021767,0.0342594,0.734965
1488,0.0890236,0.104423,0.735202
1489,0.182001,0.207899,0.735873
1490,0.114134,0.123867,0.735968
1491,0.191766,0.209348,0.736277
1492,0.0885863,0.101749,0.73645
1493,0.0681943,0.0958308,0.737214
1494,0.0838894,0.0768038,0.737264
1495,0.0323312,0.0527694,0.737682
1496,0.197628,0.259063,0.741456
1497,0.104285,0.116643,0.741609
1498,0.0219126,0.0602278,0.743077
1499,0.0139918,0.0551116,0.744768
1500,0.0469964,0.0568428,0.744865
1501,0.0069671,0.0446637,0.746286
1502,0.130509,0.147781,0.746584
1503,0.190918,0.249631,0.750031
1504,0.263958,0.300835,0.751391
1505,0.209074,0.228837,0.751782
1506,0.152722,0.127974,0.752394
1507,0.186427,0.168662,0.75271
1508,0.133312,0.099385,0.753861
1509,0.099864,0.100568,0.753861
1510,0.222553,0.202352,0.754269
1511,0.115294,0.104559,0.754385
1512,0.0252768,0.0533311,0.755172
1513,0.0229445,0.0457712,0.755693
1514,0.0843693,0.0725453,0.755833
1515,0.193447,0.168678,0.756446
1516,0.138578,0.121849,0.756726
1517,0.187758,0.130235,0.760035
1518,0.135056,0.0745412,0.763697
1519,0.163936,0.144488,0.764075
1520,0.142938,0.139189,0.764089
1521,0.200056,0.162262,0.765518
1522,0.076233,0.0790007,0.765525
1523,0.0898608,0.105978,0.765785
1524,0.0636262,0.0819364,0.76612
1525,0.063147,0.0520315,0.766244
1526,0.0823616,0.0487482,0.767374
1527,0.0898993,0.071426,0.767715
1528,0.216236,0.268091,0.770404
1529,0.185806,0.158651,0.771141
1530,0.116569,0.112148,0.771161
1531,0.0430195,0.0658151,0.771681
1532,0.0595097,0.044561,0.771904
1533,0.125323,0.104972,0.772318
1534,0.111037,0.110445,0.772319
1535,0.140853,0.13454,0.772358
1536,0.111148,0.0978928,0.772534
1537,0.190447,0.192538,0.772539
1538,0.183479,0.134025,0.774984
1539,0.114724,0.0847281,0.775884
1540,0.247242,0.195476,0.778564
1541,0.178973,0.156556,0.779066
1542,0.264866,0.282103,0.779363
1543,0.0763952,0.124367,0.781665
1544,0.0800918,0.105645,0.782318
1545,0.0297123,0.0632631,0.783443
1546,0.163376,0.167415,0.78346
1547,0.143961,0.144459,0.78346
1548,0.16133,0.139329,0.783944
1549,0.19805,0.196803,0.783945
1550,0.115611,0.108664,0.783994
1551,0.333522,0.335427,0.783997
1552,0.340048,0.350012,0.784097
1553,0.262806,0.19658,0.788483
1554,0.241714,0.190536,0.791102
1555,0.184051,0.16863,0.791339
1556,0.158036,0.153813,0.791357
1557,0.0695464,0.0772211,0.791416
1558,0.0877877,0.0765092,0.791543
1559,0.0513744,0.0656645,0.791748
1560,0.181645,0.182383,0.791748
1561,0.131081,0.113788,0.792047
1562,0.130201,0.117254,0.792215
1563,0.138041,0.132266,0.792248
1564,0.125087,0.0921861,0.793331
1565,0.160542,0.142621,0.793652
1566,0.1885,0.192927,0.793671
1567,0.090243,0.100592,0.793779
1568,0.175712,0.184023,0.793848
1569,0.170377,0.156035,0.794053
1570,0.119357,0.117496,0.794057
1571,0.153669,0.135689,0.79438
1572,0.111218,0.106794,0.7944
1573,0.0829561,0.0875538,0.794421
1574,0.175541,0.161686,0.794613
1575,0.15804,0.117618,0.796247
1576,0.15541,0.137572,0.796565
1577,0.215862,0.199735,0.796825
1578,0.362989,0.382969,0.797224
1579,0.170605,0.195372,0.797838
1580,0.262316,0.274442,0.797985
1581,0.142875,0.171456,0.798801
1582,0.166155,0.180534,0.799008
1583,0.176154,0.172318,0.799023
1584,0.114537,0.116277,0.799026
1585,0.243207,0.278901,0.8003
1586,0.0905177,0.137807,0.802536
1587,0.124659,0.144143,0.802916
1588,0.0654914,0.11455,0.805323
1589,0.311725,0.360881,0.807739
1590,0.231507,0.261794,0.808656
1591,0.180705,0.131903,0.811038
1592,0.182137,0.128042,0.813964
1593,0.0873634,0.103272,0.814217
1594,0.352754,0.359561,0.814264
1595,0.225118,0.239099,0.814459
1596,0.243967,0.22419,0.81485
1597,0.204819,0.180544,0.81544
1598,0.124891,0.120794,0.815456
1599,0.216902,0.196245,0.815883
1600,0.0531121,0.0999095,0.818073
1601,0.266104,0.30962,0.819967
1602,0.133673,0.173675,0.821567
1603,0.284889,0.312734,0.822342
1604,0.2918,0.337518,0.824433
1605,0.158908,0.165997,0.824483
1606,0.162413,0.140341,0.82497
1607,0.0792843,0.0992147,0.825367
1608,0.287331,0.358214,0.830392
1609,0.2365,0.262661,0.831076
1610,0.298216,0.37938,0.837664
1611,0.187802,0.211613,0.838231
1612,0.19741,0.224203,0.838949
1613,0.19079,0.18414,0.838993
1614,0.0981265,0.110038,0.839135
1615,0.173476,0.156509,0.839423
1616,0.0863307,0.102725,0.839691
1617,0.190631,0.181721,0.839771
1618,0.211843,0.204895,0.839819
1619,0.309084,0.287386,0.84029
1620,0.223468,0.214666,0.840367
1621,0.260746,0.17976,0.846926
1622,0.39295,0.406273,0.847103
1623,0.234249,0.25789,0.847662
1624,0.393705,0.413362,0.848049
1625,0.134916,0.204736,0.852924
1626,0.132653,0.149636,0.853212
1627,0.109286,0.119323,0.853313
1628,0.0862435,0.0836353,0.85332
1629,0.0567161,0.0856033,0.854154
1630,0.0586531,0.0689364,0.85426
1631,0.117704,0.135675,0.854583
1632,0.212208,0.178353,0.855729
1633,0.25697,0.276135,0.856096
1634,0.220803,0.20281,0.85642
1635,0.332464,0.32384,0.856494
1636,0.318057,0.27563,0.858294
1637,0.253798,0.240966,0.858459
1638,0.363424,0.415628,0.861184
1639,0.207056,0.200878,0.861223
1640,0.0835482,0.102262,0.861573
1641,0.0981875,0.108081,0.861671
1642,0.0705383,0.0718559,0.861672
1643,0.1631,0.149935,0.861846
1644,0.0486673,0.0803028,0.862846
1645,0.135157,0.153527,0.863184
1646,0.189429,0.160349,0.86403
1647,0.240808,0.216776,0.864607
1648,0.246216,0.244364,0.86461
1649,0.130717,0.123164,0.864668
1650,0.0818823,0.0945645,0.864828
1651,0.135743,0.131914,0.864843
1652,0.282488,0.251548,0.8658
1653,0.384594,0.399905,0.866035
1654,0.133076,0.178702,0.868116
1655,0.201367,0.21514,0.868306
1656,0.205755,0.208304,0.868313
1657,0.172101,0.149109,0.868841
1658,0.135974,0.0865896,0.87128
1659,0.228971,0.231407,0.871286
1660,0.153843,0.180924,0.872019
1661,0.143876,0.137994,0.872054
1662,0.143647,0.180435,0.873407
1663,0.0950558,0.0932322,0.873411
1664,0.0570062,0.0544652,0.873417
1665,0.0411472,0.0588248,0.87373
1666,0.165648,0.199456,0.874873
1667,0.20592,0.125556,0.881331
1668,0.068435,0.071239,0.881339
1669,0.155986,0.164208,0.881407
1670,0.315416,0.36025,0.883417
1671,0.153225,0.179104,0.884086
1672,0.177436,0.181328,0.884101
1673,0.377305,0.398611,0.884555
1674,0.21583,0.190562,0.885194
1675,0.172076,0.150776,0.885648
1676,0.259743,0.263027,0.885658
1677,0.148403,0.163998,0.885902
1678,0.0291829,0.0838011,0.888885
1679,0.0288422,0.0718084,0.890731
1680,0.187743,0.241387,0.893608
1681,0.156011,0.140843,0.893839
1682,0.0669909,0.0735724,0.893882
1683,0.065205,0.0619737,0.893892
1684,0.178502,0.174955,0.893905
1685,0.175335,0.169064,0.893944
1686,0.218819,0.187592,0.894919
1687,0.279397,0.28989,0.895029
1688,0.153036,0.143457,0.895121
1689,0.174926,0.163946,0.895242
1690,0.323757,0.351188,0.895994
1691,0.1832,0.194794,0.896129
1692,0.135777,0.125973,0.896225
1693,0.103544,0.0909255,0.896384
1694,0.209224,0.234828,0.897039
1695,0.280246,0.304524,0.897629
1696,0.173868,0.145365,0.898441
1697,0.136786,0.102545,0.899614
1698,0.120506,0.105522,0.899838
1699,0.142357,0.123203,0.900205
1700,0.139084,0.111356,0.900974
1701,0.13932,0.130601,0.90105
1702,0.239328,0.244808,0.90108
1703,0.125676,0.126674,0.901081
1704,0.126449,0.0937585,0.90215
1705,0.089467,0.0964259,0.902198
1706,0.0532774,0.0649726,0.902335
1707,0.00472639,0.043958,0.903874
1708,0.103019,0.108939,0.903909
1709,0.114378,0.112373,0.903913
1710,0.0973207,0.0950032,0.903918
1711,0.300797,0.329077,0.904718
1712,0.20197,0.208641,0.904763
1713,0.178531,0.166312,0.904912
1714,0.0395905,0.0776393,0.90636
1715,0.1447,0.155938,0.906486
1716,0.151214,0.0911261,0.910097
1717,0.0442589,0.0605438,0.910362
1718,0.0981404,0.0656964,0.911414
1719,0.0877133,0.0793502,0.911484
1720,0.0470724,0.0646508,0.911793
1721,0.0664429,0.0491407,0.912093
1722,0.0768699,0.0845914,0.912152
1723,0.130351,0.0906786,0.913726
1724,0.030899,0.0502142,0.914099
1725,0.219911,0.277826,0.917453
1726,0.129118,0.132881,0.917468
1727,0.185017,0.228149,0.919328
1728,0.106774,0.100032,0.919373
1729,0.263601,0.292264,0.920195
1730,0.140464,0.136813,0.920208
1731,0.142968,0.133469,0.920299
1732,0.298923,0.323341,0.920895
1733,0.223348,0.2121,0.921021
1734,0.184484,0.138018,0.92318
1735,0.10589,0.0802171,0.92384
1736,0.20468,0.187522,0.924134
1737,0.229293,0.227108,0.924139
1738,0.0991404,0.114057,0.924361
1739,0.269541,0.310899,0.926072
1740,0.202509,0.16901,0.927194
1741,0.141622,0.124986,0.927471
1742,0.248427,0.217802,0.928408
1743,0.240534,0.245708,0.928435
1744,0.128628,0.123045,0.928466
1745,0.130397,0.141292,0.928585
1746,0.137908,0.112967,0.929207
1747,0.130508,0.139637,0.92929
1748,0.0651222,0.0798532,0.929507
1749,0.0938419,0.0626415,0.930481
1750,0.0982832,0.130371,0.93151
1751,0.152633,0.128715,0.932083
1752,0.0198964,0.0649411,0.934112
1753,0.0960273,0.0577722,0.935575
1754,0.28606,0.289107,0.935584
1755,0.174354,0.161241,0.935756
1756,0.306173,0.299669,0.935799
1757,0.205358,0.211373,0.935835
1758,0.121812,0.103385,0.936174
1759,0.172725,0.14483,0.936952
1760,0.138647,0.106,0.938018
1761,0.160716,0.143672,0.938309
1762,0.154937,0.126242,0.939132
1763,0.220149,0.148193,0.94431
1764,0.0976977,0.0971695,0.94431
1765,0.171232,0.132276,0.945828
1766,0.0642105,0.0653507,0.945829
1767,0.0784554,0.0532634,0.946464
1768,0.209194,0.2081,0.946465
1769,0.16776,0.150511,0.946762
1770,0.275958,0.303993,0.947548
1771,0.269076,0.26493,0.947565
1772,0.190276,0.168303,0.948048
1773,0.250074,0.227687,0.948549
1774,0.275631,0.269719,0.948584
1775,0.121754,0.126988,0.948612
1776,0.225441,0.234164,0.948688
1777,0.145702,0.153003,0.948741
1778,0.13226,0.124301,0.948805
1779,0.257922,0.292002,0.949966
1780,0.112333,0.15282,0.951605
1781,0.23174,0.254533,0.952125
1782,0.164743,0.168882,0.952142
1783,0.107829,0.126505,0.952491
1784,0.0764042,0.0820637,0.952523
1785,0.315771,0.350396,0.953722
1786,0.18487,0.196456,0.953856
1787,0.281972,0.284994,0.953865
1788,0.152063,0.142257,0.953961
1789,0.0710136,0.0765404,0.953992
1790,0.0726023,0.0766877,0.954008
1791,0.0536073,0.0618055,0.954076
1792,0.0566414,0.0470012,0.954168
1793,0.192636,0.219437,0.954887
1794,0.138581,0.1345,0.954903
1795,0.251888,0.282916,0.955866
1796,0.204441,0.195211,0.955951
1797,0.10289,0.0922915,0.956064
1798,0.0744018,0.0618027,0.956222
1799,0.268953,0.249914,0.956585
1800,0.205152,0.227728,0.957095
1801,0.202163,0.228532,0.95779
1802,0.0911277,0.108128,0.958079
1803,0.0790179,0.0945172,0.958319
1804,0.0610395,0.0707503,0.958413
1805,0.102504,0.071013,0.959405
1806,0.00463702,0.0399754,0.960654
1807,0.0614413,0.032845,0.961472
1808,0.110424,0.117043,0.961515
1809,0.122526,0.076862,0.963601
1810,0.194091,0.200451,0.963641
1811,0.150848,0.0889,0.967479
1812,0.235601,0.261234,0.968136
1813,0.263041,0.285164,0.968625
1814,0.20369,0.223219,0.969007
1815,0.109498,0.100576,0.969086
1816,0.127443,0.123802,0.969099
1817,0.156568,0.128218,0.969903
1818,0.205311,0.19505,0.970008
1819,0.267917,0.282194,0.970212
1820,0.109004,0.133065,0.970791
1821,0.0559405,0.0681446,0.97094
1822,0.307083,0.311569,0.97096
1823,0.197429,0.162384,0.972188
1824,0.234416,0.206388,0.972974
1825,0.332651,0.344006,0.973103
1826,0.422587,0.448073,0.973753
1827,0.24214,0.228337,0.973943
1828,0.13455,0.159752,0.974578
1829,-0.0133972,0.0826556,0.983804
1830,0.107325,0.129727,0.984306
1831,0.150308,0.151207,0.984307
1832,0.237241,0.258523,0.98476
1833,0.244165,0.240461,0.984774
1834,0.256392,0.208133,0.987103
1835,0.138366,0.160224,0.98758
1836,0.132252,0.0920819,0.989194
1837,0.182942,0.134303,0.99156
1838,0.312167,0.319698,0.991616
1839,0.37523,0.372102,0.991626
1840,0.378121,0.406436,0.992428
1841,0.183133,0.205204,0.992915
1842,0.0715538,0.119786,0.995241
1843,0.00375234,0.06707,0.999251
1844,0.104275,0.114993,0.999365
1845,0.0420097,0.063701,0.999836
1846,0.0768974,0.0627589,1.00004
1847,0.0748759,0.0727556,1.00004
1848,0.131383,0.117106,1.00024
1849,0.0477385,0.0640098,1.00051
1850,0.0943878,0.0447985,1.00297
1851,0.0147311,0.0614972,1.00516
1852,0.117995,0.0929901,1.00578
1853,0.217169,0.204182,1.00595
1854,0.221456,0.225821,1.00597
1855,0.172048,0.187902,1.00622
1856,0.112385,0.108976,1.00623
1857,0.0927029,0.073141,1.00661
1858,0.158442,0.165281,1.00666
1859,0.0365335,0.0736693,1.00804
1860,0.033886,0.0483671,1.00825
1861,0.0910477,0.079935,1.00837
1862,0.109551,0.0985465,1.00849
1863,0.016469,0.0501987,1.00963
1864,0.136201,0.143462,1.00968
1865,0.152118,0.162022,1.00978
1866,0.136955,0.116984,1.01018
1867,0.209227,0.199598,1.01027
1868,0.282291,0.282601,1.01027
1869,0.252946,0.24512,1.01034
1870,0.18431,0.177009,1.01039
1871,0.175943,0.150287,1.01105
1872,0.200575,0.206094,1.01108
1873,0.0614396,0.0979357,1.01241
1874,0.0768616,0.0959097,1.01277
1875,0.149373,0.160438,1.01289
1876,0.135212,0.122345,1.01306
1877,0.079095,0.0868284,1.01312
1878,0.0413454,0.0622931,1.01356
1879,0.0608531,0.0748126,1.01375
1880,0.266143,0.283474,1.01405
1881,0.188115,0.161097,1.01478
1882,0.23578,0.2063,1.01565
1883,0.146207,0.137519,1.01573
1884,0.0746795,0.0843822,1.01582
1885,0.133329,0.116526,1.0161
1886,0.131657,0.119392,1.01626
1887,0.092291,0.0880731,1.01627
1888,0.197467,0.2029,1.0163
1889,0.157971,0.192178,1.01747
1890,0.17261,0.153836,1.01783
1891,0.122447,0.117645,1.01785
1892,0.0877416,0.0934125,1.01788
1893,0.0943022,0.0747845,1.01826
1894,0.217487,0.23188,1.01847
1895,0.134405,0.12764,1.01851
1896,0.177775,0.183216,1.01854
1897,0.1524,0.127534,1.01916
1898,0.154151,0.0976921,1.02235
1899,0.149635,0.103687,1.02446
1900,0.187318,0.169489,1.02478
1901,0.243412,0.233207,1.02488
1902,0.353776,0.380297,1.02559
1903,0.255731,0.260191,1.02561
1904,0.295956,0.33564,1.02718
1905,0.270273,0.261446,1.02726
1906,0.392518,0.414798,1.02776
1907,0.179807,0.232234,1.0305
1908,0.162955,0.178406,1.03074
1909,0.153896,0.149716,1.03076
1910,0.34025,0.366438,1.03145
1911,0.333519,0.337196,1.03146
1912,0.297009,0.303612,1.0315
1913,0.132549,0.173683,1.0332
1914,0.387208,0.405519,1.03353
1915,0.154407,0.213658,1.03704
1916,0.173527,0.151934,1.03751
1917,0.243135,0.221114,1.03799
1918,0.232552,0.21627,1.03826
1919,0.206921,0.209632,1.03826
1920,0.376306,0.443839,1.04283
1921,0.145199,0.237143,1.05128
1922,0.0327937,0.129976,1.06072
1923,0.0930362,0.122969,1.06162
1924,0.135939,0.164201,1.06242
1925,0.133105,0.146602,1.0626
1926,0.0759069,0.0876317,1.06274
1927,0.0215224,0.0588833,1.06413
1928,0.0913053,0.109235,1.06446
1929,0.110733,0.0588077,1.06715
1930,0.0882297,0.0596335,1.06797
1931,0.0957896,0.0676886,1.06876
1932,0.100616,0.0987189,1.06876
1933,0.161555,0.165224,1.06878
1934,0.261485,0.281236,1.06917
1935,0.146305,0.14975,1.06918
1936,0.0923294,0.0777934,1.06939
1937,0.145352,0.135986,1.06948
1938,0.0641206,0.0719169,1.06954
1939,0.0340582,0.0446683,1.06965
1940,0.00249794,0.0299783,1.07041
1941,0.00713906,0.0296906,1.07091
1942,0.0077821,0.0509207,1.07277
1943,0.174484,0.223152,1.07514
1944,0.123611,0.095092,1.07596
1945,0.0874011,0.0732454,1.07616
1946,0.0199627,0.0510858,1.07713
1947,0.22561,0.25244,1.07785
1948,0.103328,0.121186,1.07816
1949,0.119249,0.117834,1.07817
1950,0.215409,0.234288,1.07852
1951,0.125758,0.119724,1.07856
1952,0.105352,0.0772321,1.07935
1953,0.113165,0.070036,1.08121
1954,0.0690801,0.0819453,1.08138
1955,0.133745,0.0984436,1.08262
1956,0.160832,0.193647,1.0837
1957,0.158197,0.0971842,1.08742
1958,0.0732435,0.0500727,1.08796
1959,0.264735,0.254705,1.08806
1960,0.149848,0.129887,1.08846
1961,0.192399,0.163603,1.08929
1962,0.0450909,0.0788309,1.09042
1963,0.0903814,0.0976276,1.09048
1964,0.151643,0.127975,1.09104
1965,0.0946462,0.0782044,1.09131
1966,0.253245,0.280886,1.09207
1967,0.339822,0.326449,1.09225
1968,0.382307,0.368715,1.09244
1969,0.35623,0.344323,1.09258
1970,0.316467,0.316254,1.09258
1971,0.121725,0.154195,1.09363
1972,0.143969,0.115244,1.09446
1973,0.232797,0.186818,1.09657
1974,0.227094,0.219905,1.09662
1975,0.170987,0.149142,1.0971
1976,0.217084,0.11938,1.10665
1977,0.115463,0.120017,1.10667
1978,0.0740279,0.0880605,1.10686
1979,0.0979424,0.0981084,1.10686
1980,0.128686,0.076015,1.10964
1981,0.218848,0.218235,1.10964
1982,0.21183,0.194015,1.10996
1983,0.273396,0.264803,1.11003
1984,0.192634,0.200041,1.11008
1985,0.148648,0.16088,1.11023
1986,0.112696,0.0982643,1.11044
1987,0.190671,0.162165,1.11125
1988,0.228306,0.233041,1.11128
1989,0.131629,0.115943,1.11152
1990,0.285876,0.328667,1.11335
1991,0.250384,0.25338,1.11336
1992,0.151825,0.152876,1.11336
1993,0.062959,0.0826489,1.11375
1994,-0.0182521,0.0473315,1.11805
1995,0.129401,0.15852,1.1189
1996,0.0903229,0.110682,1.11932
1997,0.182643,0.207559,1.11994
1998,0.194154,0.202614,1.12001
1999,0.288637,0.2973,1.12008
2000,0.130128,0.140296,1.12019
2001,0.132108,0.083441,1.12255
2002,0.297752,0.310783,1.12272
2003,0.214391,0.165572,1.12511
2004,0.348968,0.341237,1.12517
2005,0.305136,0.32666,1.12563
2006,0.150598,0.157665,1.12568
2007,0.033982,0.0838472,1.12817
2008,0.124754,0.0700748,1.13116
2009,0.160095,0.156497,1.13117
2010,0.0908111,0.0901656,1.13117
2011,0.109078,0.0717615,1.13256
2012,0.138141,0.112478,1.13322
2013,0.146212,0.112656,1.13435
2014,0.123649,0.0616348,1.13819
2015,0.087657,0.0471877,1.13983
2016,0.23633,0.255833,1.14021
2017,0.237145,0.227949,1.1403
2018,0.245821,0.171735,1.14578
2019,0.18926,0.171956,1.14608
2020,0.0371028,0.0801595,1.14794
2021,0.132516,0.102884,1.14882
2022,0.125356,0.0925589,1.14989
2023,0.187899,0.198705,1.15001
2024,0.0897562,0.0990769,1.1501
2025,0.0321145,0.0528178,1.15052
2026,0.0193808,0.0585416,1.15206
2027,0.112092,0.0919899,1.15246
2028,0.154323,0.166188,1.1526
2029,0.166008,0.163924,1.15261
2030,0.265093,0.28491,1.153
2031,0.229177,0.225101,1.15302
2032,0.125158,0.139194,1.15321
2033,0.0720315,0.0677879,1.15323
2034,0.0995765,0.0559601,1.15513
2035,0.229182,0.182973,1.15727
2036,0.123655,0.115736,1.15733
2037,0.2464,0.262943,1.15761
2038,0.188233,0.183461,1.15763
2039,0.149949,0.124965,1.15825
2040,0.101705,0.092349,1.15834
2041,0.22554,0.227758,1.15834
2042,0.220713,0.211652,1.15843
2043,0.170988,0.166588,1.15845
2044,0.151037,0.105709,1.1605
2045,0.274576,0.284223,1.16059
2046,0.156702,0.134734,1.16108
2047,0.0704837,0.0670876,1.16109
2048,0.293825,0.319786,1.16176
2049,0.334763,0.308462,1.16245
2050,0.344425,0.347389,1.16246
2051,0.340805,0.367449,1.16317
2052,0.386904,0.406209,1.16354
2053,0.363174,0.353526,1.16364
2054,0.277945,0.29524,1.16394
2055,0.197302,0.217056,1.16433
2056,0.147863,0.14945,1.16433
2057,0.239055,0.20373,1.16558
2058,0.0673728,0.112567,1.16762
2059,0.26592,0.295111,1.16847
2060,0.2065,0.1631,1.17036
2061,0.157177,0.145771,1.17049
2062,0.21314,0.199744,1.17067
2063,0.261424,0.242163,1.17104
2064,0.154437,0.13352,1.17147
2065,0.1337,0.123085,1.17159
2066,0.37951,0.386109,1.17163
2067,0.362075,0.346686,1.17187
2068,0.3523,0.36177,1.17196
2069,0.161061,0.197374,1.17328
2070,0.012206,0.102575,1.18144
2071,0.155577,0.155106,1.18144
2072,0.114153,0.109291,1.18147
2073,0.11824,0.102257,1.18172
2074,0.158877,0.104915,1.18463
2075,0.131693,0.0843628,1.18687
2076,0.127576,0.11588,1.18701
2077,0.0794976,0.0863927,1.18706
2078,0.0918366,0.0515347,1.18868
2079,-0.00885136,0.0396591,1.19104
2080,0.170894,0.161593,1.19112
2081,0.270298,0.281904,1.19126
2082,0.29938,0.323747,1.19185
2083,0.1927,0.183311,1.19194
2084,0.0824005,0.0882999,1.19197
2085,0.174698,0.186843,1.19212
2086,0.206254,0.182528,1.19268
2087,0.120663,0.136588,1.19294
2088,0.0622285,0.0694348,1.19299
2089,0.0939858,0.0854022,1.19306
2090,0.186281,0.151227,1.19429
2091,0.136609,0.137499,1.19429
2092,0.244424,0.260916,1.19456
2093,0.101286,0.120498,1.19493
2094,0.112551,0.138044,1.19558
2095,0.156769,0.14739,1.19567
2096,0.30206,0.330699,1.19649
2097,0.217329,0.241647,1.19708
2098,0.256693,0.231468,1.19772
2099,0.352134,0.36072,1.19779
2100,0.196454,0.214992,1.19814
2101,0.361126,0.380313,1.1985
2102,0.175544,0.191239,1.19875
2103,0.134287,0.125546,1.19883
2104,0.16632,0.133984,1.19987
2105,0.316868,0.318205,1.19987
2106,0.213282,0.208575,1.1999
2107,0.208692,0.128136,1.20639
2108,0.216311,0.203216,1.20656
2109,0.240097,0.214898,1.20719
2110,0.134205,0.137601,1.2072
2111,0.200743,0.195443,1.20723
2112,0.0989674,0.124136,1.20787
2113,0.190788,0.201823,1.20799
2114,0.211795,0.186167,1.20864
2115,0.302151,0.338431,1.20996
2116,0.298505,0.333925,1.21122
2117,0.160785,0.171265,1.21133
2118,0.0688771,0.108788,1.21292
2119,0.2774,0.262678,1.21313
2120,0.168021,0.166658,1.21314
2121,0.208562,0.18021,1.21394
2122,0.140328,0.100912,1.21549
2123,0.15056,0.087809,1.21943
2124,0.0270971,0.0544159,1.22018
2125,0.299956,0.321745,1.22065
2126,0.199987,0.17477,1.22129
2127,0.130543,0.111509,1.22165
2128,0.25265,0.280586,1.22243
2129,0.149815,0.139932,1.22253
2130,0.303289,0.305995,1.22254
2131,0.182916,0.196585,1.22272
2132,0.163773,0.151017,1.22289
2133,0.28782,0.31143,1.22344
2134,0.232462,0.283392,1.22604
2135,0.215853,0.220453,1.22606
2136,0.147294,0.118161,1.22691
2137,0.122512,0.101401,1.22735
2138,0.146765,0.0896659,1.23061
2139,0.189831,0.128882,1.23433
2140,0.167472,0.114628,1.23712
2141,0.0601008,0.0705077,1.23723
2142,0.198698,0.171208,1.23798
2143,0.170078,0.0917109,1.24413
2144,0.259556,0.230557,1.24497
2145,0.248945,0.222381,1.24567
2146,0.167089,0.150416,1.24595
2147,0.23861,0.192416,1.24808
2148,0.11001,0.11601,1.24812
2149,0.248085,0.255137,1.24817
2150,0.240834,0.224878,1.24842
2151,0.289131,0.261644,1.24918
2152,0.205454,0.17131,1.25035
2153,0.172208,0.13474,1.25175
2154,0.0586225,0.0868175,1.25254
2155,0.122202,0.0864666,1.25382
2156,0.0504456,0.0639193,1.254
2157,0.293501,0.333511,1.2556
2158,0.330214,0.36298,1.25668
2159,0.252119,0.234147,1.257
2160,0.203895,0.163056,1.25867
2161,0.215958,0.201102,1.25889
2162,0.102193,0.122316,1.25929
2163,0.139773,0.113294,1.26
2164,0.200728,0.222085,1.26045
2165,0.202125,0.191863,1.26056
2166,0.148328,0.146169,1.26056
2167,0.248452,0.269616,1.26101
2168,0.138412,0.153411,1.26123
2169,0.167211,0.204754,1.26264
2170,0.131984,0.124816,1.2627
2171,0.220625,0.227323,1.26274
2172,0.327217,0.363887,1.26408
2173,0.258226,0.254203,1.2641
2174,0.240233,0.233087,1.26415
2175,0.35776,0.368891,1.26428
2176,0.278624,0.293302,1.26449
2177,0.195472,0.191527,1.26451
2178,0.312663,0.325596,1.26467
2179,0.199562,0.235891,1.26599
2180,0.181282,0.188908,1.26605
2181,0.347985,0.392576,1.26804
2182,0.159152,0.222107,1.272
2183,0.135613,0.149372,1.27219
2184,0.218861,0.214055,1.27222
2185,0.177552,0.20017,1.27273
2186,0.203152,0.208443,1.27276
2187,0.348915,0.376772,1.27353
2188,0.257023,0.276184,1.2739
2189,0.396376,0.431765,1.27515
2190,0.20186,0.255947,1.27808
2191,0.263906,0.27634,1.27823
2192,0.191167,0.213862,1.27875
2193,0.182227,0.208798,1.27945
2194,0.10199,0.136358,1.28063
2195,0.296096,0.344798,1.28301
2196,0.190744,0.212053,1.28346
2197,0.0994602,0.126407,1.28419
2198,0.17208,0.171738,1.28419
2199,0.153801,0.15197,1.28419
2200,0.132532,0.14775,1.28442
2201,0.261253,0.282416,1.28487
2202,0.310436,0.346294,1.28615
2203,0.41475,0.479872,1.2904
2204,0.199179,0.26297,1.29446
2205,0.132965,0.156801,1.29503
2206,0.119817,0.133175,1.29521
2207,0.0993506,0.0878777,1.29534
2208,0.0978595,0.102621,1.29537
2209,0.101857,0.0699832,1.29638
2210,0.167098,0.160082,1.29643
2211,0.177538,0.160161,1.29673
2212,0.160254,0.151478,1.29681
2213,0.203605,0.181165,1.29731
2214,0.254976,0.226545,1.29812
2215,0.232921,0.232864,1.29812
2216,0.367777,0.378165,1.29823
2217,0.240494,0.186056,1.30119
2218,0.223532,0.218276,1.30122
2219,0.0449825,0.10581,1.30492
2220,0.158069,0.199618,1.30665
2221,0.0706814,0.105345,1.30785
2222,0.190886,0.209517,1.3082
2223,0.0915639,0.109099,1.3085
2224,0.294178,0.297773,1.30852
2225,0.313582,0.358322,1.31052
2226,0.1882,0.182843,1.31055
2227,0.161177,0.132496,1.31137
2228,0.163163,0.153204,1.31147
2229,0.145484,0.125661,1.31186
2230,0.185902,0.198722,1.31203
2231,0.153227,0.102859,1.31456
2232,0.242928,0.246143,1.31457
2233,0.156165,0.126391,1.31546
2234,0.25905,0.256634,1.31546
2235,0.162791,0.170668,1.31553
2236,0.175293,0.165405,1.31562
2237,0.15398,0.13442,1.31601
2238,0.268508,0.275771,1.31606
2239,0.234807,0.218213,1.31634
2240,0.145343,0.122682,1.31685
2241,0.100572,0.086771,1.31704
2242,0.040757,0.0596233,1.3174
2243,0.0707284,0.0758576,1.31742
2244,0.0817114,0.081773,1.31742
2245,0.14191,0.139872,1.31743
2246,0.246397,0.28002,1.31856
2247,0.317737,0.344106,1.31925
2248,0.210205,0.206867,1.31926
2249,0.206958,0.211098,1.31928
2250,0.129798,0.144987,1.31951
2251,0.142388,0.131799,1.31962
2252,0.235102,0.247334,1.31977
2253,0.17918,0.200888,1.32024
2254,0.122695,0.0975214,1.32088
2255,0.078205,0.0991689,1.32132
2256,0.0777527,0.066869,1.32144
2257,0.0719656,0.0765736,1.32146
2258,0.0616734,0.0712495,1.32155
2259,0.121221,0.142968,1.32202
2260,0.154827,0.125838,1.32286
2261,0.315304,0.351845,1.3242
2262,0.130653,0.178223,1.32646
2263,0.340179,0.36662,1.32716
2264,0.156322,0.194737,1.32863
2265,0.259229,0.310091,1.33122
2266,0.332101,0.371789,1.3328
2267,0.268321,0.292053,1.33336
2268,0.127533,0.141268,1.33355
2269,0.0780076,0.0942737,1.33381
2270,0.177524,0.180091,1.33382
2271,0.106672,0.12039,1.33401
2272,0.165937,0.154363,1.33414
2273,0.235496,0.22149,1.33434
2274,0.193606,0.163773,1.33523
2275,0.197688,0.14265,1.33826
2276,0.144173,0.113667,1.33919
2277,0.223497,0.228156,1.33921
2278,0.113863,0.132801,1.33957
2279,0.368393,0.395913,1.34033
2280,0.415698,0.482714,1.34482
2281,0.30096,0.309679,1.34489
2282,0.259526,0.265179,1.34492
2283,0.162532,0.184491,1.34541
2284,0.156896,0.147984,1.34549
2285,0.0468333,0.0869382,1.34709
2286,0.112925,0.101597,1.34722
2287,0.0980904,0.0951733,1.34723
2288,0.159273,0.116819,1.34903
2289,0.0890347,0.0753167,1.34922
2290,0.157353,0.142472,1.34944
2291,0.248159,0.246902,1.34944
2292,0.234099,0.190802,1.35132
2293,0.238551,0.214237,1.35191
2294,0.395165,0.395136,1.35191
2295,0.295633,0.28122,1.35212
2296,0.20124,0.162239,1.35364
2297,0.210374,0.158973,1.35628
2298,0.160038,0.125618,1.35747
2299,0.070657,0.0648421,1.3575
2300,0.10519,0.0976525,1.35756
2301,0.162636,0.119269,1.35944
2302,0.156979,0.0998746,1.3627
2303,0.116799,0.101039,1.36295
2304,0.18919,0.180909,1.36302
2305,0.197006,0.183671,1.36319
2306,0.3103,0.384596,1.36871
2307,0.256589,0.274918,1.36905
2308,0.297451,0.305386,1.36911
2309,0.280353,0.299344,1.36947
2310,0.147262,0.159254,1.36962
2311,0.121858,0.129647,1.36968
2312,0.0970969,0.0859066,1.3698
2313,0.0961401,0.0636001,1.37086
2314,0.134338,0.0958156,1.37234
2315,0.184966,0.159553,1.37299
2316,0.18501,0.158707,1.37368
2317,0.278815,0.267965,1.3738
2318,0.208073,0.219926,1.37394
2319,0.16604,0.153933,1.37409
2320,0.169114,0.13775,1.37507
2321,0.216213,0.181054,1.37631
2322,0.2618,0.226949,1.37752
2323,0.225666,0.186564,1.37905
2324,0.198784,0.152324,1.38121
2325,0.152513,0.136028,1.38148
2326,0.0986094,0.0812123,1.38178
2327,0.210758,0.200216,1.38189
2328,0.125962,0.119991,1.38193
2329,0.0639156,0.0693017,1.38196
2330,0.0935499,0.0936348,1.38196
2331,0.114719,0.0700963,1.38395
2332,0.107822,0.0959358,1.38409
2333,0.113953,0.106788,1.38414
2334,0.113767,0.100627,1.38432
2335,0.142194,0.150273,1.38438
2336,0.257687,0.288938,1.38536
2337,0.099149,0.137458,1.38683
2338,0.158463,0.163832,1.38685
2339,0.0940175,0.0879662,1.38689
2340,0.0564626,0.0532428,1.3869
2341,0.116613,0.114055,1.38691
2342,0.121454,0.12304,1.38691
2343,0.0913191,0.0750076,1.38718
2344,0.0969952,0.0943689,1.38718
2345,0.011423,0.0499294,1.38867
2346,0.0712722,0.0844519,1.38884
2347,0.0387604,0.0481465,1.38893
2348,0.142414,0.165452,1.38946
2349,0.166872,0.18279,1.38971
2350,0.254124,0.245127,1.38979
2351,0.12402,0.129774,1.38983
2352,0.0834387,0.0803182,1.38984
2353,0.097057,0.0656003,1.39083
2354,0.0964763,0.0464,1.39333
2355,0.194482,0.20103,1.39338
2356,0.163427,0.157177,1.39341
2357,0.206073,0.214558,1.39349
2358,0.196794,0.18264,1.39369
2359,0.128767,0.117336,1.39382
2360,0.104303,0.0975076,1.39386
2361,0.0225286,0.0516494,1.39471
2362,0.163259,0.160911,1.39472
2363,0.167259,0.165705,1.39472
2364,0.178949,0.159984,1.39508
2365,0.201445,0.186927,1.39529
2366,0.153943,0.1094,1.39727
2367,0.138392,0.103104,1.39852
2368,0.209892,0.176055,1.39966
2369,0.370626,0.407597,1.40103
2370,0.258052,0.261049,1.40104
2371,0.168086,0.165372,1.40105
2372,0.221545,0.213187,1.40112
2373,0.323562,0.342567,1.40148
2374,0.168676,0.186562,1.4018
2375,0.111441,0.122897,1.40193
2376,0.138043,0.122491,1.40217
2377,0.233369,0.230933,1.40218
2378,0.158264,0.157192,1.40218
2379,0.263626,0.26716,1.40219
2380,0.149619,0.141225,1.40226
2381,0.126126,0.118334,1.40232
2382,0.161203,0.155411,1.40236
2383,0.269347,0.269848,1.40236
2384,0.141944,0.165357,1.4029
2385,0.0490016,0.0852309,1.40422
2386,0.146035,0.139115,1.40427
2387,0.304554,0.354369,1.40675
2388,0.301117,0.277068,1.40733
2389,0.30279,0.279858,1.40785
2390,0.179841,0.199539,1.40824
2391,0.161184,0.13458,1.40895
2392,0.174179,0.140342,1.41009
2393,0.279179,0.301462,1.41059
2394,0.175638,0.158108,1.4109
2395,0.227,0.202983,1.41147
2396,0.210972,0.22604,1.4117
2397,0.285953,0.277083,1.41178
2398,0.165469,0.164518,1.41178
2399,0.135439,0.0908123,1.41377
2400,0.208932,0.168978,1.41537
2401,0.154234,0.0907482,1.4194
2402,0.242695,0.221629,1.41984
2403,0.347901,0.356803,1.41992
2404,0.243517,0.224802,1.42027
2405,0.209937,0.146597,1.42428
2406,0.251696,0.253293,1.42429
2407,0.156161,0.161962,1.42432
2408,0.245603,0.23478,1.42444
2409,0.149073,0.156649,1.42449
2410,0.26956,0.2593,1.4246
2411,0.180588,0.175249,1.42463
2412,0.146051,0.135931,1.42473
2413,0.317478,0.335976,1.42507
2414,0.254213,0.27654,1.42557
2415,0.0946822,0.137355,1.42739
2416,0.226437,0.218739,1.42745
2417,0.270885,0.289687,1.4278
2418,0.166198,0.18033,1.428
2419,0.253002,0.285012,1.42903
2420,0.205399,0.191311,1.42923
2421,0.106385,0.123212,1.42951
2422,0.109819,0.100011,1.42961
2423,0.168027,0.139341,1.43043
2424,0.182534,0.186826,1.43045
2425,0.138063,0.141117,1.43046
2426,0.202634,0.172933,1.43134
2427,0.190623,0.142787,1.43363
2428,0.152527,0.14939,1.43364
2429,0.119841,0.122426,1.43364
2430,0.196583,0.183328,1.43382
2431,0.175213,0.182703,1.43388
2432,0.188569,0.183108,1.43391
2433,0.226054,0.225281,1.43391
2434,0.132916,0.137519,1.43393
2435,0.21633,0.211489,1.43395
2436,0.136254,0.132587,1.43396
2437,0.210959,0.194591,1.43423
2438,0.170294,0.15924,1.43435
2439,0.159895,0.124542,1.4356
2440,0.353708,0.391364,1.43702
2441,0.14213,0.186595,1.439
2442,0.187898,0.194712,1.43905
2443,0.152452,0.166692,1.43925
2444,0.192153,0.200016,1.43931
2445,0.167159,0.181748,1.43952
2446,0.128036,0.127976,1.43952
2447,0.109628,0.112636,1.43953
2448,0.133021,0.131631,1.43953
2449,0.309055,0.323753,1.43975
2450,0.240926,0.257832,1.44004
2451,0.153198,0.161649,1.44011
2452,0.201833,0.199588,1.44011
2453,0.160573,0.146152,1.44032
2454,0.209778,0.165312,1.4423
2455,0.124239,0.112058,1.44245
2456,0.117047,0.0875514,1.44332
2457,0.16165,0.148528,1.44349
2458,0.206887,0.196418,1.4436
2459,0.201938,0.198409,1.44361
2460,0.0577214,0.0959007,1.44507
2461,0.0709362,0.0929034,1.44555
2462,0.186887,0.181838,1.44558
2463,0.280889,0.277195,1.44559
2464,0.214238,0.217119,1.4456
2465,0.200808,0.181355,1.44598
2466,0.225571,0.228396,1.44598
2467,0.173968,0.136501,1.44739
2468,0.195076,0.15775,1.44878
2469,0.190689,0.173048,1.44909
2470,0.140528,0.115286,1.44973
2471,0.243118,0.244693,1.44973
2472,0.139649,0.136593,1.44974
2473,0.170706,0.193638,1.45027
2474,0.0676346,0.0952142,1.45103
2475,0.0712217,0.0799267,1.4511
2476,0.182888,0.206303,1.45165
2477,0.236235,0.227417,1.45173
2478,0.188378,0.190709,1.45174
2479,0.271505,0.28246,1.45186
2480,0.235032,0.242541,1.45191
2481,0.115199,0.128764,1.4521
2482,0.31527,0.334238,1.45246
2483,0.155276,0.175356,1.45286
2484,0.145794,0.13347,1.45301
2485,0.153497,0.120183,1.45412
2486,0.1239,0.0992778,1.45473
2487,0.116397,0.11949,1.45474
2488,0.205878,0.175414,1.45566
2489,0.15524,0.13149,1.45623
2490,0.140906,0.124667,1.45649
2491,0.165797,0.14539,1.45691
2492,0.251448,0.256859,1.45694
2493,0.205294,0.205726,1.45694
2494,0.144786,0.15171,1.45699
2495,0.169398,0.153283,1.45725
2496,0.232409,0.23924,1.45729
2497,0.106033,0.124796,1.45764
2498,0.111917,0.101837,1.45775
2499,0.0741155,0.0845725,1.45786
2500,0.113222,0.0939832,1.45823
2501,0.147112,0.130334,1.45851
2502,0.217297,0.204329,1.45867
2503,0.189462,0.171441,1.459
2504,0.164701,0.150844,1.45919
2505,0.148224,0.147759,1.45919
2506,0.139794,0.141801,1.4592
2507,0.0807499,0.094641,1.45939
2508,0.0734287,0.0803491,1.45944
2509,0.104341,0.113574,1.45952
2510,0.204309,0.209707,1.45955
2511,0.156145,0.153516,1.45956
2512,0.153928,0.146077,1.45962
2513,0.165003,0.171077,1.45966
2514,0.132779,0.122124,1.45977
2515,0.210779,0.199028,1.45991
2516,0.164099,0.164567,1.45991
2517,0.0925394,0.10246,1.46001
2518,0.209267,0.212455,1.46002
2519,0.271476,0.292964,1.46048
2520,0.167807,0.170065,1.46048
2521,0.0886707,0.0994938,1.4606
2522,0.143681,0.143324,1.4606
2523,0.170053,0.164218,1.46064
2524,0.302959,0.32113,1.46097
2525,0.20331,0.231637,1.46177
2526,0.228129,0.232228,1.46178
2527,0.333127,0.33629,1.46179
2528,0.192419,0.194948,1.4618
2529,0.234135,0.234865,1.4618
2530,0.286206,0.287877,1.4618
2531,0.159703,0.17395,1.46201
2532,0.14693,0.145037,1.46201
2533,0.165567,0.120788,1.46402
2534,0.213792,0.214387,1.46402
2535,0.266119,0.191799,1.46954
2536,0.246476,0.236285,1.46964
2537,0.311267,0.289462,1.47012
2538,0.247685,0.224324,1.47066
2539,0.199416,0.180685,1.47102
2540,0.145861,0.128549,1.47132
2541,0.13946,0.0963507,1.47317
2542,0.162958,0.0981952,1.47737
2543,0.298832,0.281838,1.47766
2544,0.379628,0.401743,1.47815
2545,0.178439,0.193466,1.47837
2546,0.106125,0.133622,1.47913
2547,0.148089,0.10405,1.48107
2548,0.337626,0.327901,1.48116
2549,0.253037,0.224253,1.48199
2550,0.258836,0.248902,1.48209
2551,0.263121,0.247026,1.48235
2552,0.237983,0.209016,1.48319
2553,0.153565,0.156901,1.4832
2554,0.119322,0.101877,1.4835
2555,0.116688,0.0778168,1.48501
2556,0.215396,0.179071,1.48633
2557,0.245568,0.219244,1.48703
2558,0.217632,0.204853,1.48719
2559,0.147171,0.10966,1.4886
2560,0.247991,0.209219,1.4901
2561,0.328475,0.3442,1.49035
2562,0.316248,0.310282,1.49038
2563,0.178111,0.188893,1.4905
2564,0.312781,0.308418,1.49052
2565,0.206945,0.210008,1.49053
2566,0.281114,0.305401,1.49112
2567,0.237666,0.240336,1.49112
2568,0.274781,0.270484,1.49114
2569,0.319943,0.335057,1.49137
2570,0.195052,0.217544,1.49188
2571,0.23543,0.242547,1.49193
2572,0.164949,0.180071,1.49216
2573,0.325256,0.340404,1.49239
2574,0.278069,0.291333,1.49256
2575,0.248332,0.236482,1.4927
2576,0.205164,0.196445,1.49278
2577,0.273701,0.271555,1.49278
2578,0.214373,0.222112,1.49284
2579,0.266954,0.228209,1.49434
2580,0.13918,0.152591,1.49452
2581,0.293695,0.297226,1.49454
2582,0.201811,0.231194,1.4954
2583,0.278381,0.291332,1.49557
2584,0.215305,0.223572,1.49564
2585,0.18049,0.180926,1.49564
2586,0.129388,0.122359,1.49569
2587,0.177142,0.171801,1.49571
2588,0.176067,0.154909,1.49616
2589,0.0579731,0.0870548,1.49701
2590,0.132096,0.119833,1.49716
2591,0.279662,0.302548,1.49768
2592,0.250702,0.237425,1.49786
2593,0.27066,0.278587,1.49792
2594,0.225284,0.183676,1.49965
2595,0.197023,0.171983,1.50028
2596,0.0765331,0.0912541,1.5005
2597,0.061805,0.0562551,1.50053
2598,0.2192,0.273531,1.50348
2599,0.247029,0.20002,1.50569
2600,0.176905,0.150638,1.50638
2601,0.0619582,0.0781952,1.50664
2602,0.0933302,0.0846228,1.50672
2603,0.0395785,0.0544554,1.50694
2604,0.0551987,0.0427498,1.50709
2605,0.128287,0.121942,1.50713
2606,0.249337,0.272123,1.50765
2607,0.311774,0.280875,1.50861
2608,0.199125,0.172286,1.50933
2609,0.225143,0.158472,1.51377
2610,0.189601,0.0866014,1.52438
2611,0.0778007,0.0487064,1.52523
2612,0.279328,0.264158,1.52546
2613,0.226238,0.1739,1.5282
2614,0.24606,0.190826,1.53125
2615,0.11059,0.0941633,1.53152
2616,0.135403,0.104145,1.5325
2617,0.115241,0.110923,1.53251
2618,0.116158,0.0724863,1.53442
2619,0.11932,0.110468,1.5345
2620,0.233937,0.188781,1.53654
2621,0.332032,0.336662,1.53656
2622,0.125743,0.153515,1.53733
2623,0.201928,0.182849,1.5377
2624,0.173857,0.118845,1.54072
2625,0.196415,0.162587,1.54187
2626,0.261756,0.268651,1.54191
2627,0.205981,0.172225,1.54305
2628,0.221291,0.189492,1.54406
2629,0.260158,0.245914,1.54427
2630,0.124235,0.115065,1.54435
2631,0.183638,0.156781,1.54507
2632,0.368072,0.372638,1.54509
2633,0.339815,0.358098,1.54543
2634,0.230247,0.242604,1.54558
2635,0.180536,0.149093,1.54657
2636,0.0891801,0.0886461,1.54657
2637,0.100654,0.0926719,1.54663
2638,0.15471,0.0808066,1.55209
2639,0.193974,0.191583,1.5521
2640,0.196045,0.141894,1.55503
2641,0.212227,0.161285,1.55763
2642,0.190881,0.133856,1.56088
2643,0.319583,0.311896,1.56094
2644,0.0970703,0.146961,1.56343
2645,0.147064,0.151729,1.56345
2646,0.177394,0.156684,1.56388
2647,0.186943,0.128456,1.5673
2648,0.182082,0.149446,1.56836
2649,0.129531,0.0910745,1.56984
2650,0.117161,0.127681,1.56995
2651,0.179327,0.158453,1.57039
2652,0.276529,0.31337,1.57175
2653,0.224433,0.236053,1.57188
2654,0.103728,0.125399,1.57235
2655,0.171658,0.166909,1.57237
2656,0.0636011,0.0911438,1.57313
2657,0.151019,0.150067,1.57313
2658,0.0643337,0.079601,1.57337
2659,0.135957,0.133912,1.57337
2660,0.176061,0.146325,1.57426
2661,0.11372,0.0932943,1.57467
2662,0.0780098,0.0616545,1.57494
2663,0.0572306,0.0420439,1.57517
2664,0.178328,0.174048,1.57519
2665,0.227567,0.239253,1.57533
2666,0.323995,0.329257,1.57535
2667,0.28784,0.27423,1.57554
2668,0.180216,0.183645,1.57555
2669,0.236268,0.228815,1.57561
2670,0.174707,0.143623,1.57657
2671,0.209565,0.178281,1.57755
2672,0.217419,0.14464,1.58285
2673,0.295474,0.312665,1.58314
2674,0.38633,0.429935,1.58504
2675,0.293416,0.326154,1.58612
2676,0.0951391,0.16036,1.59037
2677,0.101391,0.0935543,1.59043
2678,0.324782,0.322427,1.59044
2679,0.226143,0.236522,1.59054
2680,0.267108,0.301925,1.59176
2681,0.219708,0.219396,1.59176
2682,0.101038,0.115839,1.59198
2683,0.180918,0.16439,1.59225
2684,0.113751,0.141111,1.593
2685,0.170866,0.177929,1.59305
2686,0.214955,0.196003,1.59341
2687,0.387475,0.380544,1.59345
2688,0.341449,0.376607,1.59469
2689,0.217952,0.230285,1.59484
2690,0.20284,0.147772,1.59788
2691,0.320079,0.310692,1.59796
2692,0.401914,0.440201,1.59943
2693,0.329128,0.333166,1.59945
2694,0.256699,0.275308,1.59979
2695,0.174224,0.190832,1.60007
2696,0.113848,0.103649,1.60017
2697,0.24106,0.250601,1.60026
2698,0.193194,0.195664,1.60027
2699,0.149528,0.156231,1.60031
2700,0.203052,0.179755,1.60086
2701,0.263337,0.236478,1.60158
2702,0.23952,0.257865,1.60191
2703,0.197028,0.172264,1.60253
2704,0.277644,0.274845,1.60254
2705,0.410569,0.438275,1.6033
2706,0.390536,0.421652,1.60427
2707,0.29309,0.309368,1.60454
2708,0.308437,0.304262,1.60455
2709,0.288789,0.293729,1.60458
2710,0.323464,0.3307,1.60463
2711,0.268408,0.30129,1.60571
2712,0.208486,0.231058,1.60622
2713,0.104526,0.138726,1.60739
2714,0.249981,0.261075,1.60751
2715,0.233936,0.241095,1.60757
2716,0.29058,0.28307,1.60762
2717,0.352944,0.381566,1.60844
2718,0.264564,0.285848,1.60889
2719,0.446818,0.470738,1.60947
2720,0.321223,0.366594,1.61152
2721,0.135093,0.2157,1.61802
2722,0.293223,0.292637,1.61802
2723,0.230273,0.223506,1.61807
2724,0.335818,0.37981,1.62
2725,0.138908,0.213886,1.62563
2726,0.162563,0.174368,1.62576
2727,0.0537107,0.107241,1.62863
2728,0.160555,0.16795,1.62868
2729,0.110192,0.136731,1.62939
2730,0.149814,0.139267,1.6295
2731,0.275023,0.277689,1.62951
2732,0.214438,0.220329,1.62954
2733,0.181223,0.144343,1.6309
2734,0.254704,0.229767,1.63152
2735,0.129058,0.142443,1.6317
2736,0.101951,0.102684,1.6317
2737,0.0788753,0.0808988,1.63171
2738,0.255982,0.28259,1.63242
2739,0.138145,0.148892,1.63253
2740,0.115173,0.108606,1.63257
2741,0.166394,0.167501,1.63258
2742,0.185646,0.180653,1.6326
2743,0.135016,0.145162,1.6327
2744,0.113246,0.110345,1.63271
2745,0.190007,0.185247,1.63273
2746,0.184517,0.166315,1.63307
2747,0.103611,0.10053,1.63308
2748,0.265921,0.278446,1.63323
2749,0.281367,0.303205,1.63371
2750,0.1579,0.160304,1.63372
2751,0.0785728,0.0940469,1.63395
2752,0.145587,0.13662,1.63403
2753,0.167048,0.162049,1.63406
2754,0.0679279,0.0906743,1.63458
2755,0.142364,0.144272,1.63458
2756,0.153728,0.14242,1.63471
2757,0.345648,0.373041,1.63546
2758,0.177273,0.203054,1.63612
2759,0.246014,0.225759,1.63653
2760,0.0732521,0.125354,1.63925
2761,0.141939,0.13603,1.63928
2762,0.291293,0.30383,1.63944
2763,0.362982,0.4192,1.6426
2764,0.26033,0.281038,1.64303
2765,0.0885867,0.139137,1.64559
2766,0.180316,0.19689,1.64586
2767,0.101343,0.125608,1.64645
2768,0.12827,0.130346,1.64645
2769,0.120378,0.119533,1.64645
2770,0.204194,0.191752,1.64661
2771,0.312201,0.329792,1.64692
2772,0.134303,0.167092,1.64799
2773,0.101207,0.106384,1.64802
2774,0.125599,0.102723,1.64854
2775,0.192684,0.137272,1.65161
2776,0.247646,0.259098,1.65175
2777,0.323851,0.336719,1.65191
2778,0.281308,0.274144,1.65196
2779,0.145403,0.144875,1.65196
2780,0.333556,0.323315,1.65207
2781,0.240691,0.217833,1.65259
2782,0.300418,0.276269,1.65317
2783,0.270917,0.27237,1.65317
2784,0.425051,0.45361,1.65399
2785,0.345573,0.39149,1.6561
2786,0.18742,0.213941,1.6568
2787,0.0834452,0.125777,1.65859
2788,0.258016,0.256478,1.6586
2789,0.307942,0.322497,1.65881
2790,0.305113,0.342042,1.66017
2791,0.357872,0.383294,1.66082
2792,0.19693,0.238874,1.66258
2793,0.116209,0.157223,1.66426
2794,0.29677,0.304544,1.66432
2795,0.309231,0.352321,1.66618
2796,0.278467,0.302251,1.66674
2797,0.329432,0.355887,1.66744
2798,0.441267,0.485649,1.66941
2799,0.329288,0.390944,1.67321
2800,0.193273,0.251759,1.67663
2801,0.0913288,0.155968,1.68081
2802,0.298847,0.301354,1.68082
2803,0.202235,0.202916,1.68082
2804,0.251894,0.248006,1.68083
2805,0.404253,0.445557,1.68254
2806,0.231303,0.26972,1.68402
2807,0.196854,0.186736,1.68412
2808,0.330502,0.373405,1.68596
2809,0.245665,0.31446,1.69069
2810,0.284161,0.312731,1.69151
2811,0.261138,0.299396,1.69297
2812,0.240671,0.245325,1.69299
2813,0.283658,0.319732,1.69429
2814,0.196283,0.207674,1.69442
2815,0.128519,0.131975,1.69444
2816,0.272916,0.293103,1.69484
2817,0.139902,0.17302,1.69594
2818,0.109309,0.141535,1.69698
2819,0.349544,0.394467,1.699
2820,0.297672,0.335443,1.70042
2821,0.295391,0.318687,1.70097
2822,0.357237,0.411422,1.7039
2823,0.342789,0.374383,1.7049
2824,0.270616,0.3275,1.70814
2825,0.28812,0.323876,1.70942
2826,0.0867174,0.184649,1.71901
2827,0.170927,0.160236,1.71912
2828,0.245215,0.233137,1.71927
2829,0.108686,0.133111,1.71986
2830,0.27374,0.291824,1.72019
2831,0.266439,0.24301,1.72074
2832,0.242795,0.234972,1.7208
2833,0.278017,0.292631,1.72101
2834,0.181301,0.199615,1.72135
2835,0.0973069,0.135316,1.72279
2836,0.143188,0.141145,1.7228
2837,0.364587,0.37788,1.72297
2838,0.264772,0.303728,1.72449
2839,0.262495,0.227224,1.72574
2840,0.116418,0.126595,1.72584
2841,0.150445,0.1166,1.72699
2842,0.307181,0.286564,1.72741
2843,0.142142,0.148177,1.72745
2844,0.321823,0.35713,1.72869
2845,0.259948,0.208114,1.73138
2846,0.272892,0.246312,1.73209
2847,0.283046,0.286184,1.7321
2848,0.205709,0.183932,1.73257
2849,0.0918314,0.110903,1.73293
2850,0.112518,0.118731,1.73297
2851,0.182777,0.133414,1.73541
2852,0.102473,0.0786268,1.73598
2853,0.158285,0.132138,1.73666
2854,0.0888875,0.0965345,1.73672
2855,0.185907,0.185644,1.73672
2856,0.269073,0.303902,1.73793
2857,0.232816,0.239289,1.73798
2858,0.148802,0.167933,1.73834
2859,0.164727,0.120193,1.74032
2860,0.0372817,0.0674855,1.74124
2861,0.125188,0.0870707,1.74269
2862,0.238061,0.236075,1.74269
2863,0.15736,0.162721,1.74272
2864,0.13642,0.126069,1.74283
2865,0.0804877,0.092179,1.74297
2866,0.0947499,0.0597039,1.74419
2867,0.142597,0.111529,1.74516
2868,0.0663893,0.0722699,1.74519
2869,0.0657163,0.069878,1.74521
2870,0.244339,0.249274,1.74524
2871,0.212527,0.194018,1.74558
2872,0.104037,0.101528,1.74559
2873,0.313495,0.341605,1.74638
2874,0.186101,0.1601,1.74705
2875,0.0447684,0.0781379,1.74816
2876,0.258485,0.249439,1.74825
2877,0.160338,0.165794,1.74828
2878,0.111655,0.129422,1.74859
2879,0.149539,0.143098,1.74863
2880,0.285796,0.368848,1.75553
2881,0.209137,0.228672,1.75591
2882,0.108863,0.129141,1.75632
2883,0.12703,0.114741,1.75648
2884,0.236646,0.228432,1.75654
2885,0.18796,0.197126,1.75663
2886,0.196513,0.169586,1.75735
2887,0.204772,0.18962,1.75758
2888,0.340376,0.380274,1.75917
2889,0.141249,0.184136,1.76101
2890,0.284612,0.338285,1.76389
2891,0.255656,0.251592,1.76391
2892,0.200639,0.211467,1.76403
2893,0.141391,0.139727,1.76403
2894,0.199826,0.21034,1.76414
2895,0.351463,0.363454,1.76428
2896,0.194433,0.216722,1.76478
2897,0.126419,0.121807,1.7648
2898,0.227909,0.213197,1.76502
2899,0.19901,0.207698,1.76509
2900,0.379546,0.391715,1.76524
2901,0.30945,0.296155,1.76542
2902,0.211157,0.189198,1.7659
2903,0.198888,0.171732,1.76664
2904,0.330267,0.352217,1.76712
2905,0.241412,0.262692,1.76757
2906,0.206833,0.208952,1.76758
2907,0.112531,0.130032,1.76788
2908,0.14198,0.150235,1.76795
2909,0.148228,0.121503,1.76867
2910,0.0599736,0.070959,1.76879
2911,0.10574,0.0582082,1.77105
2912,0.170056,0.115503,1.77402
2913,0.144088,0.141532,1.77403
2914,0.29787,0.330557,1.7751
2915,0.299493,0.344422,1.77712
2916,0.143503,0.176925,1.77823
2917,0.176577,0.187443,1.77835
2918,0.140634,0.0960427,1.78034
2919,0.157301,0.155928,1.78034
2920,0.261615,0.245889,1.78059
2921,0.200021,0.175624,1.78118
2922,0.162613,0.163047,1.78118
2923,0.0724069,0.0913213,1.78154
2924,0.0723009,0.0587363,1.78173
2925,0.220551,0.207784,1.78189
2926,0.105464,0.120069,1.7821
2927,0.102483,0.0967024,1.78214
2928,0.228731,0.206941,1.78261
2929,0.255075,0.252973,1.78261
2930,0.240991,0.217019,1.78319
2931,0.107237,0.110177,1.7832
2932,-0.00117883,0.0568657,1.78657
2933,0.249114,0.263822,1.78678
2934,0.300391,0.318122,1.7871
2935,0.26832,0.277602,1.78718
2936,0.157463,0.164503,1.78723
2937,0.103329,0.113707,1.78734
2938,0.160928,0.166222,1.78737
2939,0.192926,0.196208,1.78738
2940,0.178467,0.15569,1.7879
2941,0.112728,0.10161,1.78802
2942,0.206691,0.223197,1.7883
2943,0.296873,0.323185,1.78899
2944,0.229648,0.230314,1.78899
2945,0.170538,0.132002,1.79047
2946,0.164622,0.122004,1.79229
2947,0.130084,0.0931486,1.79365
2948,0.214436,0.217018,1.79366
2949,0.305704,0.342474,1.79501
2950,0.128795,0.165044,1.79633
2951,0.0833299,0.114114,1.79727
2952,0.195204,0.19478,1.79727
2953,0.239497,0.262567,1.79781
2954,0.265236,0.288566,1.79835
2955,0.112455,0.144998,1.79941
2956,0.194386,0.183696,1.79952
2957,0.19816,0.190349,1.79958
2958,0.0904295,0.107289,1.79987
2959,0.223378,0.23019,1.79992
2960,0.232614,0.204036,1.80073
2961,0.136845,0.121632,1.80096
2962,0.123196,0.131509,1.80103
2963,0.321543,0.343461,1.80151
2964,0.1341,0.170972,1.80287
2965,0.0533187,0.0858339,1.80393
2966,0.244246,0.248639,1.80395
2967,0.17548,0.188501,1.80412
2968,0.178476,0.17918,1.80412
2969,0.0782373,0.0944962,1.80438
2970,0.0528781,0.0765276,1.80494
2971,0.107169,0.127274,1.80535
2972,0.12747,0.0977569,1.80623
2973,0.13596,0.148705,1.80639
2974,0.158352,0.145546,1.80656
2975,0.183056,0.180067,1.80657
2976,0.160062,0.156285,1.80658
2977,0.256968,0.278608,1.80705
2978,0.174137,0.197554,1.8076
2979,0.069328,0.0928952,1.80815
2980,0.183602,0.192253,1.80823
2981,0.0707675,0.0982179,1.80898
2982,0.0656313,0.0828244,1.80928
2983,0.141744,0.137156,1.8093
2984,0.187064,0.142469,1.81129
2985,0.144725,0.130282,1.81149
2986,0.313279,0.338321,1.81212
2987,0.141203,0.165295,1.8127
2988,0.214385,0.22489,1.81281
2989,0.321447,0.309692,1.81295
2990,0.252298,0.273301,1.81339
2991,0.257212,0.264402,1.81344
2992,0.253053,0.296591,1.81534
2993,0.208595,0.225762,1.81563
2994,0.301729,0.290013,1.81577
2995,0.0837163,0.150478,1.82023
2996,0.114561,0.122967,1.8203
2997,0.235899,0.2069,1.82114
2998,0.247062,0.243925,1.82115
2999,0.139168,0.149408,1.82125
