t,predict_test,teacher
501,-0.346372,-0.00331926,0.117685
502,-0.0432663,-0.571624,0.396847
503,-0.194986,-0.0348205,0.422499
504,0.225607,0.38375,0.447509
505,-0.341596,-0.50502,0.474216
506,0.167761,0.519976,0.598271
507,-0.870798,-0.859837,0.598392
508,0.337835,0.132115,0.640712
509,-0.14902,-0.052924,0.649946
510,0.339823,0.774345,0.838755
511,0.628727,0.562689,0.843116
512,-0.56073,-0.635738,0.848742
513,0.790093,0.995008,0.890732
514,-0.395007,-0.54745,0.913971
515,-1.01924,-0.986186,0.915064
516,-0.241018,-0.259319,0.915399
517,0.549038,0.823939,0.990969
518,0.29773,0.138772,1.01624
519,0.179811,-0.146317,1.1226
520,0.359382,0.919269,1.43607
521,1.39896,0.9995,1.59564
522,0.259337,-0.551372,2.25289
523,-0.203495,-0.0276344,2.28381
524,-0.716395,-0.841579,2.29949
525,-0.467466,-0.980716,2.56291
526,1.03318,0.997818,2.56416
527,-0.171664,-0.785792,2.94132
528,0.401235,0.806381,3.10546
529,0.296798,-0.0991539,3.26224
530,0.285018,0.69497,3.4303
531,0.113388,0.0934084,3.4307
532,-0.931991,-0.881917,3.4332
533,-0.330324,-0.536256,3.47561
534,-0.594416,-0.974496,3.62007
535,0.809866,0.987498,3.65163
536,0.0701089,-0.493894,3.96973
537,-0.463981,-0.641262,4.00115
538,0.918171,0.835382,4.00801
539,-0.240633,-0.356681,4.02148
540,0.424521,0.494675,4.0264
541,-0.462584,-0.585423,4.04149
542,-0.496988,-0.770177,4.11612
543,-0.103828,0.00862943,4.12877
544,-0.71785,-0.979652,4.19731
545,0.242885,0.388464,4.2185
546,-0.716049,-0.826281,4.23065
547,0.705615,0.997238,4.31569
548,0.255216,-0.0574349,4.41344
549,1.23124,0.987174,4.47301
550,0.427738,0.558079,4.49
551,-0.170038,-0.718126,4.7904
552,-0.616921,-0.79285,4.82135
553,0.89179,0.83138,4.825
554,0.527928,0.997424,5.04543
555,-0.235217,-0.10619,5.06207
556,-0.480389,-0.864002,5.20923
557,-0.0279224,-0.309022,5.28825
558,0.114943,0.320832,5.33064
559,-0.926489,-0.990675,5.33476
560,-0.0483953,0.272319,5.43762
561,0.928053,0.999304,5.44269
562,0.0562993,-0.191907,5.5043
563,0.9479,0.908615,5.50584
564,-0.00651542,0.979345,6.47776
565,-0.304618,-0.535128,6.5309
566,0.486766,-0.356487,7.24197
567,0.0834674,0.999196,8.08053
568,-1.20904,-0.996024,8.12591
569,0.427304,0.0479207,8.26984
570,-0.324299,0.221114,8.56731
571,-0.758584,-0.666923,8.57572
572,-0.890389,-0.614549,8.6518
573,-0.623938,-0.750282,8.66777
574,-1.23036,-0.92026,8.76393
575,-0.539174,-0.971122,8.9505
576,0.466977,0.273445,8.98796
577,-0.103225,0.0973385,9.02818
578,-0.141838,0.475163,9.40888
579,0.972924,0.928499,9.41085
580,0.0422219,-0.363084,9.57512
581,-0.887903,-0.807505,9.58159
582,-0.400294,-0.945221,9.87853
583,0.745718,0.965595,9.92688
584,-0.0777132,-0.681549,10.2915
585,0.464444,0.394243,10.2964
586,-0.380583,-0.708096,10.4037
587,-0.128355,-0.445788,10.5045
588,-0.352708,-0.387949,10.5057
589,-0.611531,-0.870775,10.5729
590,0.0342317,0.210478,10.604
591,0.746911,0.838813,10.6124
592,1.14715,0.998554,10.6345
593,0.241219,0.456449,10.6808
594,0.206106,0.462262,10.7464
595,-0.100498,-0.559238,10.9569
596,0.452838,0.248631,10.9986
597,-0.21537,-0.45088,11.054
598,-0.328753,-0.0127192,11.1539
599,-0.537406,-0.828074,11.2384
600,0.585927,0.569472,11.2387
601,0.0974809,-0.389635,11.476
602,0.448521,0.69589,11.5371
603,0.0684371,-0.213491,11.6166
604,1.07515,0.981083,11.6255
605,-0.462482,-0.333995,11.642
606,-0.459501,-0.931642,11.8649
607,0.810683,0.856171,11.867
608,0.606732,0.902396,11.9544
609,-0.231639,-0.698687,12.1725
610,-0.0581703,-0.0939989,12.1738
611,-0.358604,-0.642127,12.2542
612,-0.141146,-0.382316,12.3124
613,-0.136947,-0.0934076,12.3143
614,-0.912192,-0.989301,12.3202
615,-0.623225,-0.0165398,12.6883
616,1.51824,0.959069,13.0009
617,1.4954,0.995927,13.2504
618,1.22379,0.99723,13.3017
619,0.89475,0.799939,13.3107
620,0.624638,0.78584,13.3367
621,-0.119774,0.139511,13.404
622,-0.442692,-0.701988,13.4712
623,0.535515,0.745507,13.5153
624,-0.00176392,0.0857941,13.523
625,0.00535929,0.203212,13.5621
626,0.0651265,-0.561198,13.9544
627,0.0430044,0.64326,14.3147
628,0.123841,0.344586,14.3634
629,-0.550412,-0.534306,14.3637
630,0.260036,0.129285,14.3808
631,-0.0209489,0.0213921,14.3826
632,0.555131,0.913429,14.5109
633,-0.363499,-0.889485,14.7876
634,1.21566,0.912315,14.8796
635,0.511486,0.840607,14.9879
636,0.682972,0.127412,15.2966
637,-0.562749,-0.879489,15.3969
638,-0.577977,-0.57217,15.3969
639,-0.562966,-0.540179,15.3975
640,-0.0856463,0.103332,15.4332
641,-0.807294,-0.953676,15.4546
642,0.889909,0.93542,15.4567
643,-0.327325,0.382753,15.9609
644,-0.185896,-0.524935,16.0758
645,-0.437294,-0.546258,16.0877
646,-0.639942,-0.979993,16.2033
647,0.353523,0.967458,16.5803
648,0.357037,0.297724,16.5838
649,0.350944,0.821894,16.8056
650,0.297015,0.532529,16.861
651,0.196811,0.805113,17.2311
652,-0.245714,-0.273732,17.2319
653,0.868485,0.957075,17.2397
654,0.250702,0.80407,17.5459
655,-0.31808,-0.942733,17.9361
656,0.776835,0.692188,17.9433
657,-0.0538344,0.458434,18.2057
658,0.501575,0.640031,18.2249
659,0.137912,0.419726,18.3043
660,-1.03459,-0.933951,18.3144
661,-1.01944,-0.771379,18.3759
662,-0.639012,-0.900981,18.4446
663,0.338049,0.46544,18.4608
664,1.1977,0.986374,18.5055
665,-0.336467,-0.270702,18.5098
666,0.550201,0.494818,18.5129
667,0.496613,0.926285,18.6975
668,-0.0556446,-0.48126,18.8786
669,-1.04395,-0.989526,18.8816
670,-0.00811788,-0.0602469,18.8843
671,0.590536,0.924318,18.9957
672,0.119907,0.336805,19.0428
673,-0.00880734,0.0968679,19.0539
674,-0.791511,-0.985373,19.0915
675,0.646363,0.913259,19.1627
676,0.0427993,0.0722099,19.1636
677,-0.255659,-0.75692,19.4149
678,0.35267,0.456974,19.4257
679,0.513375,0.985462,19.6486
680,0.0672039,0.349464,19.7283
681,-0.48445,-0.932919,19.9294
682,0.697113,0.77108,19.9349
683,-1.14482,-0.992143,19.9582
684,0.0646187,-0.329906,20.1138
685,-0.519046,-0.944706,20.295
686,0.84801,0.626706,20.344
687,0.346981,0.996185,20.7655
688,0.312427,-0.0846282,20.9231
689,-1.17356,-0.908736,20.9933
690,-0.876322,-0.457876,21.1684
691,-0.984483,-0.967669,21.1686
692,-0.564137,-0.744117,21.201
693,-1.00836,-0.979248,21.2019
694,-0.333553,0.12839,21.4153
695,-0.239967,-0.449018,21.459
696,-0.584341,-0.675189,21.4672
697,0.246503,0.998266,22.0324
698,-1.39719,-0.999316,22.1907
699,-0.301366,-0.789364,22.4288
700,-0.55448,-0.103969,22.6318
701,0.763262,0.533038,22.6848
702,1.04456,0.997666,22.687
703,0.0136137,-0.256843,22.7601
704,-0.330374,-0.961741,23.1587
705,-1.15912,-0.994663,23.1858
706,0.801564,0.953722,23.2089
707,0.512543,0.70606,23.2464
708,0.392008,0.70546,23.3446
709,-0.536766,-0.663161,23.3606
710,0.130562,0.388311,23.4271
711,-0.263118,-0.101279,23.4533
712,0.279033,0.387324,23.465
713,-0.793754,-0.960303,23.4927
714,-0.200694,-0.0913347,23.5047
715,0.789765,0.96024,23.5337
716,0.643502,0.183773,23.7451
717,-0.890228,-0.975961,23.7524
718,-0.388723,-0.256017,23.77
719,0.640029,0.98403,23.8884
720,0.479246,0.786708,23.9829
721,-0.655637,-0.948117,24.0685
722,-0.610303,-0.313484,24.1566
723,-0.542575,-0.776509,24.2113
724,-0.0837176,0.390684,24.4363
725,-0.457323,-0.553591,24.4456
726,-0.356124,-0.951012,24.7995
727,-0.288157,0.133579,24.9774
728,1.05088,0.925566,24.9931
729,-0.51766,-0.837522,25.0954
730,-0.316279,0.434435,25.659
731,-0.419728,-0.955029,25.9455
732,0.489176,0.231138,26.0121
733,0.126647,0.668775,26.306
734,0.167509,0.0344876,26.3237
735,-0.220217,-0.559053,26.4385
736,-0.336053,-0.782228,26.6376
737,-0.0306375,0.403176,26.8258
738,-0.561255,-0.96499,26.9888
739,-0.396076,-0.833,27.1797
740,0.842949,0.497476,27.299
741,0.287747,0.0344236,27.3632
742,-0.607924,-0.998454,27.5157
743,0.590263,0.978054,27.6661
744,-0.708552,-0.137285,27.9924
745,-0.00178452,-0.721483,28.5104
746,0.43307,0.998313,28.8299
747,0.238403,0.896301,29.2627
748,-0.497975,-0.621505,29.278
749,0.0863135,0.169831,29.285
750,0.0174258,-0.256044,29.3597
751,-0.12258,0.086375,29.4034
752,-0.660114,0.836214,31.6424
753,0.307572,0.178406,31.6591
754,-1.33874,-0.989683,31.7809
755,-0.397889,-0.990162,32.1317
756,-0.200077,0.408192,32.5017
757,-0.233166,-0.389143,32.526
758,-1.62309,-0.934454,33.0003
759,0.481134,0.952909,33.2228
760,-0.986483,-0.992191,33.2229
761,-0.81281,-0.998581,33.2574
762,0.626553,0.528173,33.267
763,0.207024,0.646589,33.4603
764,-0.375261,-0.644933,33.533
765,0.80018,0.834158,33.5341
766,0.574786,0.490616,33.5412
767,-0.0999163,-0.383323,33.6215
768,0.555725,0.816363,33.6895
769,0.326129,0.668874,33.807
770,-0.212578,-0.249134,33.8083
771,0.27969,0.232631,33.8105
772,-0.0929289,-0.0257941,33.815
773,-0.383367,-0.12573,33.8814
774,0.674742,0.894265,33.9296
775,-0.219877,-0.556305,34.0428
776,0.225233,0.806195,34.3803
777,-0.364235,-0.679605,34.4797
778,0.56055,0.476014,34.4869
779,0.00961154,0.858426,35.2074
780,-0.265774,-0.362981,35.2168
781,-0.3708,-0.89074,35.4872
782,0.379009,0.733256,35.6126
783,0.0839395,0.0641205,35.613
784,-0.218618,0.565585,36.228
785,0.413576,-0.15327,36.5493
786,0.539576,0.889636,36.6719
787,0.376093,0.763326,36.8218
788,0.884226,0.720575,36.8486
789,-0.816711,-0.998201,36.8815
790,0.198768,0.187327,36.8817
791,-0.00877309,0.260237,36.954
792,-0.875159,-0.987746,36.9667
793,0.352242,0.608998,37.0326
794,0.680934,0.879159,37.0719
795,0.124798,-0.0616244,37.1067
796,-0.0563788,-0.589662,37.3911
797,-0.00874804,0.21613,37.4416
798,-0.0212222,0.659626,37.9052
799,0.448016,0.233258,37.9513
800,0.497039,0.731739,38.0064
801,-0.783263,-0.973862,38.0427
802,0.125371,-0.175433,38.1332
803,0.497937,0.789057,38.218
804,-0.0978637,-0.480952,38.3647
805,0.135739,-0.139304,38.4404
806,-0.964019,-0.852716,38.4528
807,0.187398,-0.359715,38.7521
808,-0.219877,-0.365156,38.7732
809,-0.702293,-0.695349,38.7732
810,-0.833426,-0.973059,38.7927
811,-0.0302013,0.157899,38.8281
812,0.593201,0.978313,38.9764
813,0.802459,0.609602,39.0136
814,-0.0231335,-0.223526,39.0538
815,0.153111,0.0336079,39.0681
816,-0.292391,-0.563609,39.1416
817,-0.811026,-0.844411,39.1427
818,-0.529599,-0.937678,39.3093
819,0.835485,0.99792,39.3357
820,0.400621,-0.381663,39.9476
821,0.101487,0.581884,40.1784
822,0.0990792,-0.310053,40.3458
823,-0.427525,-0.869853,40.5414
824,-0.709678,-0.533653,40.5724
825,-0.289988,-0.359735,40.5773
826,-0.571541,-0.806891,40.6327
827,-0.389256,-0.363033,40.6334
828,-0.509164,-0.769016,40.7009
829,-0.262015,-0.476323,40.7468
830,-0.0963244,0.440501,41.035
831,0.544669,0.775669,41.0884
832,0.145503,-0.353698,41.3376
833,0.822651,0.964057,41.3576
834,-0.406268,-0.582103,41.3885
835,0.372718,-0.394715,41.9774
836,-0.170161,0.530451,42.4683
837,1.65906,0.863766,43.1008
838,0.462498,0.498626,43.1021
839,0.409052,-0.257694,43.5466
840,-0.204201,-0.99948,44.1791
841,0.848021,0.862563,44.1793
842,0.527032,0.973905,44.379
843,1.10426,0.975293,44.3957
844,0.739442,0.863911,44.4111
845,0.561708,0.122917,44.6037
846,-0.131627,0.287032,44.779
847,-0.320574,-0.860845,45.0709
848,0.205852,0.887833,45.5359
849,-0.44892,-0.596326,45.5577
850,0.290352,-0.227206,45.8255
851,-0.52885,-0.0616309,46.0438
852,0.730819,0.807533,46.0497
853,0.222166,-0.754636,47.0039
854,-1.77322,-0.967945,47.6523
855,-1.08364,-0.999844,47.6594
856,0.754006,0.632568,47.6741
857,0.493282,0.969132,47.9005
858,-0.290531,0.602753,48.6985
859,0.527031,0.773803,48.7594
860,-0.0534008,-0.752882,49.2487
861,0.597752,0.994626,49.4062
862,0.672738,0.906429,49.4608
863,-0.392115,-0.762454,49.5979
864,-0.372327,-0.673159,49.6884
865,0.537071,0.459557,49.6944
866,-0.716405,-0.998516,49.774
867,-0.642827,-0.787531,49.795
868,0.440999,0.99335,50.1001
869,0.245597,-0.0162292,50.1686
870,0.795267,0.977958,50.202
871,-0.184341,-0.666375,50.4343
872,0.212609,0.405622,50.4716
873,0.210635,-0.382633,50.8236
874,0.745582,0.937045,50.8602
875,-0.48622,-0.872418,51.0094
876,0.409994,0.918266,51.2677
877,0.403339,-0.141414,51.5645
878,-0.200629,-0.407063,51.6071
879,-0.0858424,-0.305362,51.6553
880,0.0263098,0.457584,51.8413
881,-0.550507,-0.908771,51.9696
882,0.425837,0.0337885,52.1233
883,-0.686691,-0.984455,52.212
884,-0.457049,-0.758773,52.303
885,-0.890305,-0.688565,52.3437
886,0.0664918,0.52933,52.5579
887,0.38896,0.832532,52.7547
888,1.07407,0.986165,52.7624
889,-0.998637,-0.999471,52.7624
890,0.857414,0.971712,52.7755
891,-0.0722165,-0.573001,53.0263
892,0.531132,0.96734,53.2166
893,0.530817,0.97026,53.4097
894,1.03959,0.963598,53.4154
895,-0.774543,-0.985005,53.4597
896,-0.406589,0.175534,53.7986
897,-0.346028,-0.756255,53.9669
898,0.347374,0.626343,54.0447
899,-0.55911,-0.752207,54.082
900,0.423898,0.712432,54.1653
901,0.892455,0.90232,54.1653
902,0.850935,0.440878,54.3335
903,0.241593,0.925687,54.8015
904,0.56329,0.857405,54.888
905,0.126967,-0.413136,55.1797
906,0.548071,0.877754,55.2884
907,-0.504895,-0.231175,55.3633
908,-0.0790102,-0.235907,55.3879
909,-0.906567,-0.331435,55.7187
910,0.251078,-0.366918,56.1006
911,0.600478,0.757559,56.1253
912,0.579473,0.977917,56.2841
913,-0.118393,0.0310292,56.3064
914,0.207813,0.782753,56.6369
915,-0.465574,-0.617738,56.6601
916,1.07539,0.982573,56.6687
917,-0.0659156,-0.622415,56.9784
918,0.538551,0.679215,56.9982
919,-0.0544533,0.429246,57.2321
920,0.308483,0.140365,57.2604
921,-0.445906,-0.495943,57.2629
922,0.346666,0.587676,57.321
923,-0.558974,-0.932913,57.4608
924,0.459521,0.677713,57.5084
925,0.228996,0.51819,57.5921
926,-0.511828,-0.452622,57.5956
927,0.361569,0.325066,57.5969
928,0.739005,0.908056,57.6255
929,-0.191494,-0.703583,57.8877
930,1.09231,0.890324,57.9285
931,-0.337694,-0.389005,57.9312
932,-0.39527,-0.443856,57.9335
933,-0.0493156,-0.763572,58.4437
934,0.231949,0.924313,58.923
935,0.397714,0.0747248,59.0274
936,0.330659,0.900863,59.3525
937,-0.436572,-0.774362,59.4666
938,0.57589,0.927084,59.5899
939,-0.191383,-0.551974,59.72
940,-0.324995,-0.679342,59.8455
941,0.0876215,0.974505,60.6321
942,-0.0677858,-0.983753,61.4711
943,0.342059,0.993447,61.8954
944,-1.17397,-0.84795,62.0017
945,-0.0327727,-0.129264,62.011
946,0.410588,0.180169,62.0641
947,0.178887,0.999993,62.7383
948,-0.22896,-0.444138,62.7846
949,-0.537714,-0.543665,62.7846
950,-0.399198,-0.881377,63.0171
951,1.14647,0.997756,63.0393
952,0.531991,0.448874,63.0462
953,-0.26311,0.108278,63.1841
954,0.0329534,0.707061,63.6385
955,1.15366,0.808864,63.7574
956,0.889682,0.94977,63.761
957,-0.403257,-0.240023,63.7877
958,1.19284,0.846863,63.9074
959,0.185475,-0.252223,64.0989
960,0.930342,0.951008,64.0994
961,-0.707269,-0.781319,64.1048
962,-0.85811,-0.99222,64.1228
963,-0.0482542,0.978209,65.1765
964,0.139237,0.827887,65.6507
965,-1.08628,-0.860914,65.7015
966,-0.726181,-0.923788,65.7405
967,-0.715829,-0.821665,65.7517
968,0.0690146,0.26391,65.7897
969,-0.0823229,0.238526,65.8927
970,0.409066,0.268795,65.9123
971,0.161651,0.70029,66.2025
972,-0.333178,-0.720472,66.3525
973,0.35229,0.787202,66.5416
974,0.0363809,-0.132225,66.57
975,0.590108,0.6141,66.5706
976,0.118453,0.49585,66.713
977,-0.582798,-0.833569,66.7759
978,-0.0196553,-0.539909,67.0466
979,0.973114,0.984063,67.0467
980,-0.656285,-0.970506,67.1455
981,-0.103108,-0.0848667,67.1458
982,-1.05121,-0.998841,67.1485
983,-0.0508758,0.145395,67.187
984,-0.150032,-0.435193,67.2684
985,0.0524068,0.350077,67.357
986,-0.166078,-0.00986327,67.3814
987,-0.353768,-0.962897,67.7524
988,-0.358368,-0.450141,67.7608
989,-0.775502,-0.954391,67.7928
990,0.127578,-0.214267,67.9097
991,-0.777163,-0.969879,67.9468
992,0.0680719,0.739641,68.3978
993,-0.0209505,-0.586039,68.7172
994,0.545846,0.921326,68.8582
995,0.325957,-0.289763,69.2373
996,-0.0141015,0.329447,69.3553
997,0.537903,0.945511,69.5214
998,0.359637,0.659627,69.6114
999,-0.43154,-0.724679,69.6974
1000,0.355715,0.764031,69.8641
1001,-0.259734,-0.144011,69.8775
1002,0.466628,0.307206,69.9029
1003,0.528468,0.913274,70.051
1004,0.401765,0.569547,70.0791
1005,1.06451,0.99513,70.0839
1006,-0.216026,-0.714202,70.3321
1007,0.47163,0.817342,70.4516
1008,0.591512,-0.324324,71.2904
1009,-0.0505561,0.546065,71.6463
1010,0.0492167,0.333858,71.7274
1011,-0.16955,-0.99699,72.412
1012,-0.604317,-0.959235,72.538
1013,-0.666178,-0.542942,72.5532
1014,-0.0454089,0.00851085,72.5561
1015,0.44612,0.31474,72.5733
1016,-1.30088,-0.998841,72.6646
1017,-0.313953,0.19026,72.9188
1018,-1.19961,-0.987156,72.9639
1019,-0.632877,-0.764642,72.9813
1020,-0.343723,-0.71058,73.1159
1021,0.0121406,0.106005,73.1247
1022,-0.207624,0.120334,73.2322
1023,0.52596,0.786838,73.3003
1024,-0.623735,-0.938293,73.3992
1025,0.357484,0.868372,73.6603
1026,0.892842,0.874275,73.6606
1027,-0.858194,-0.99294,73.6788
1028,0.133326,0.431853,73.7679
1029,-0.800704,-0.191623,74.1389
1030,-0.141082,0.168601,74.2348
1031,-1.31792,-0.999882,74.3359
1032,-0.272792,-0.886357,74.7124
1033,-0.0612806,0.260663,74.816
1034,-0.415803,-0.0818384,74.9275
1035,1.41315,0.999925,75.0983
1036,0.120254,0.0104282,75.1104
1037,1.52988,0.167478,76.9665
1038,-0.964143,-0.917162,76.9687
1039,-0.706414,-0.94952,77.0278
1040,-0.0649691,0.974878,78.1091
1041,-0.718427,-0.83202,78.122
1042,-0.513156,-0.784966,78.1959
1043,0.43779,0.28684,78.2187
1044,0.18836,0.870467,78.6839
1045,-0.499207,-0.869964,78.8214
1046,0.876934,0.877694,78.8214
1047,0.156661,-0.0776651,78.8763
1048,0.338064,0.59292,78.9413
1049,-0.458161,-0.551602,78.95
1050,-0.0711499,0.453102,79.2248
1051,-0.379155,-0.845161,79.442
1052,-0.000692185,0.31429,79.5412
1053,-0.946169,-0.951591,79.5412
1054,0.0493792,0.0462312,79.5413
1055,0.906312,0.99825,79.5497
1056,0.0112656,0.215668,79.5915
1057,0.917015,0.910265,79.5915
1058,0.23248,0.294235,79.5953
1059,0.32298,0.860304,79.8841
1060,-0.314668,-0.212414,79.8945
1061,0.212095,0.851125,80.3029
1062,0.7659,0.630399,80.3212
1063,0.445886,0.764746,80.4229
1064,0.0926533,0.720526,80.8171
1065,0.935426,0.964054,80.818
1066,-0.38081,-0.707414,80.9246
1067,0.0961649,0.6458,81.2267
1068,0.0125789,0.0404587,81.2275
1069,0.645781,0.640941,81.2275
1070,0.0768931,0.222438,81.2487
1071,-0.868349,-0.958357,81.2568
1072,0.274089,0.508848,81.3119
1073,0.0303282,0.499934,81.5325
1074,0.532588,0.863151,81.6417
1075,0.488186,0.404346,81.6488
1076,0.539129,0.798364,81.716
1077,-0.12055,0.463909,82.0575
1078,1.12145,0.969748,82.0806
1079,1.15095,0.898831,82.1441
1080,0.21346,0.361233,82.166
1081,0.263973,0.281295,82.1663
1082,-1.01326,-0.986876,82.167
1083,-0.252113,-0.131392,82.1815
1084,-0.301701,-0.748481,82.3811
1085,0.548304,0.749655,82.4217
1086,0.0279061,-0.0872534,82.4349
1087,0.461682,0.974443,82.6979
1088,0.134078,0.117643,82.6981
1089,-0.300087,-0.497172,82.737
1090,-0.0200701,-0.373736,82.8621
1091,-0.730092,-0.900716,82.8912
1092,1.28449,0.993079,82.9761
1093,0.347403,0.617356,83.049
1094,-0.484984,-0.651979,83.0769
1095,0.714136,0.931952,83.1243
1096,0.377817,0.773072,83.2805
1097,-0.667806,-0.948304,83.3592
1098,0.833566,0.999842,83.3869
1099,0.101845,0.444044,83.504
1100,-0.79351,-0.926581,83.5217
1101,-0.355281,-0.127263,83.5737
1102,0.146729,-0.167516,83.6724
1103,0.307311,-0.30645,84.0491
1104,-0.115978,0.567499,84.5162
1105,0.416203,0.309094,84.5277
1106,0.572975,0.999996,84.7101
1107,0.584669,0.0256568,85.0226
1108,0.243259,0.683486,85.2164
1109,0.679933,0.880649,85.2566
1110,-1.41309,-0.952188,85.4691
1111,-0.308123,-0.856403,85.7697
1112,0.330974,0.574491,85.829
1113,0.355258,0.635476,85.9075
1114,0.957023,0.897742,85.911
1115,-0.128528,-0.086016,85.9128
1116,-0.404062,-0.276939,85.929
1117,0.710594,0.830679,85.9434
1118,1.07547,0.973889,85.9537
1119,-0.0599002,-0.6737,86.3305
1120,0.544388,0.451627,86.3391
1121,-0.404285,-0.803863,86.4987
1122,0.602894,0.896646,86.585
1123,-0.145423,-0.987409,87.294
1124,-0.0708319,-0.935566,88.0417
1125,-0.54815,-0.781078,88.096
1126,-0.942696,-0.97468,88.097
1127,-0.501299,-0.977354,88.3237
1128,0.787139,0.904286,88.3374
1129,-1.11986,-0.953747,88.365
1130,0.617494,0.225412,88.5187
1131,0.195001,0.808928,88.8956
1132,0.779817,0.959234,88.9278
1133,-0.300519,-0.851482,89.2314
1134,-1.40387,-0.820798,89.5713
1135,-0.377147,-0.402702,89.572
1136,0.447664,0.438184,89.5721
1137,0.237457,0.917434,90.0344
1138,-0.547208,-0.709862,90.0609
1139,-0.255142,0.173267,90.2444
1140,0.384774,0.706374,90.3479
1141,-0.75893,-0.994138,90.4032
1142,-0.498186,-0.324419,90.4334
1143,0.818823,0.85341,90.4346
1144,0.116344,0.241493,90.4502
1145,0.0404662,-0.163211,90.4917
1146,0.908845,0.734979,90.5219
1147,0.41775,0.872354,90.7286
1148,0.637431,0.659436,90.7291
1149,0.305434,0.276377,90.7299
1150,0.379231,0.843682,90.9457
1151,-0.245526,-0.499352,91.0101
1152,0.543258,0.867881,91.1155
1153,0.41912,0.712933,91.2018
1154,0.359281,0.303518,91.2049
1155,-0.734637,-0.999948,91.2753
1156,0.259965,0.620011,91.4049
1157,-0.0558375,0.131544,91.44
1158,-0.845152,-0.983945,91.4593
1159,0.0884278,0.681598,91.8111
1160,0.126198,0.42983,91.9033
1161,-0.692185,-0.559011,91.9211
1162,-0.662541,-0.958689,92.0088
1163,-0.46079,-0.430971,92.0097
1164,-0.785149,-0.854618,92.0145
1165,0.122898,0.324004,92.0549
1166,-0.111722,-0.015032,92.0643
1167,0.352707,0.459594,92.0757
1168,0.871643,0.995902,92.0912
1169,-0.110485,-0.564986,92.2977
1170,0.824764,0.516203,92.3929
1171,1.23777,0.994983,92.4519
1172,0.182401,0.444662,92.5207
1173,-0.353017,-0.877573,92.7958
1174,0.843664,0.985828,92.816
1175,0.336891,-0.146532,93.0497
1176,0.834409,0.842395,93.0498
1177,0.472986,0.637786,93.0769
1178,-0.162838,-0.419153,93.1426
1179,0.0780181,0.443348,93.2761
1180,0.0129295,0.470037,93.4851
1181,1.21345,0.95751,93.5506
1182,0.862609,0.825594,93.5519
1183,0.547206,0.601193,93.5549
1184,0.958032,0.937987,93.5553
1185,-0.0176173,0.56652,93.8965
1186,-0.413533,-0.843507,94.0813
1187,0.494327,0.670046,94.1122
1188,-0.268814,0.488436,94.6857
1189,-0.474324,-0.833335,94.8145
1190,-0.155669,-0.33948,94.8483
1191,-0.14156,0.354536,95.0944
1192,-0.0467429,-0.775601,95.6257
1193,0.690466,0.994914,95.7184
1194,-0.333853,0.143999,95.9467
1195,0.302807,0.131454,95.9761
1196,-0.139919,-0.280983,95.996
1197,0.592568,-0.268536,96.7375
1198,-0.01337,0.711452,97.2628
1199,-0.651815,-0.997985,97.3827
1200,-0.439865,-0.990943,97.6864
1201,0.766775,0.754488,97.6865
1202,-0.857007,-0.990283,97.7043
1203,-0.502192,-0.782281,97.7827
1204,-0.523595,-0.870394,97.903
1205,-0.431685,-0.479449,97.9053
1206,-0.26219,-0.628771,98.0396
1207,0.567515,0.995821,98.2231
1208,0.271282,0.260645,98.2232
1209,-0.701232,-0.995458,98.3098
1210,-1.12931,-0.852425,98.3864
1211,-0.646769,-0.798752,98.4095
1212,-0.0564255,0.0783428,98.4277
1213,1.3051,0.995808,98.5234
1214,-0.436967,-0.0815475,98.6497
1215,-0.168156,-0.774688,99.0176
1216,-1.61736,-0.988326,99.4133
1217,-1.29932,-0.998521,99.5037
1218,-1.43691,-0.944267,99.7464
1219,-0.360608,-0.957777,100.103
1220,-0.205841,-0.256249,100.106
1221,-0.280553,-0.655141,100.246
1222,0.374327,0.227256,100.268
1223,0.12064,0.571691,100.471
1224,-0.308858,-0.598603,100.555
1225,0.227218,-0.190315,100.729
1226,-0.0343159,0.43156,100.946
1227,0.164006,0.0504964,100.959
1228,0.267473,-0.132368,101.119
1229,0.863798,0.983099,101.133
1230,-0.031942,-0.378628,101.253
1231,-0.480889,-0.35779,101.269
1232,-0.0616314,-0.597796,101.556
1233,-1.16816,-0.925351,101.615
1234,0.0648273,-0.425993,101.856
1235,-0.229819,-0.0835691,101.877
1236,0.711677,0.995148,101.958
1237,-0.179761,-0.105454,101.963
1238,-0.0145062,-0.621927,102.332
1239,0.334006,0.956723,102.72
1240,0.192889,0.557634,102.853
1241,0.405137,-0.121496,103.13
1242,-0.308087,0.192726,103.381
1243,-0.537086,-0.807371,103.454
1244,0.857241,0.559781,103.543
1245,-0.16544,0.331425,103.79
1246,-0.104365,0.269401,103.929
1247,-0.0885702,-0.998617,104.757
1248,0.981183,0.955286,104.758
1249,0.257992,0.473751,104.805
1250,-0.28323,-0.735889,105.01
1251,0.33087,0.393367,105.013
1252,-1.11194,-0.999357,105.026
1253,0.254089,0.762105,105.284
1254,0.196855,-0.388578,105.627
1255,-0.313784,-0.0601741,105.691
1256,-0.713896,-0.999972,105.773
1257,0.112561,0.901104,106.395
1258,-0.118932,0.0472002,106.423
1259,0.440118,0.565247,106.438
1260,0.472887,0.6175,106.459
1261,0.404638,0.527826,106.474
1262,0.677194,0.878732,106.515
1263,-0.303656,0.0477088,106.638
1264,-0.350604,-0.0135037,106.752
1265,-0.117836,-0.672004,107.059
1266,-0.680135,-0.611376,107.064
1267,0.37362,0.769967,107.221
1268,0.269339,-0.140361,107.389
1269,0.233263,0.973019,107.936
1270,-0.548587,-0.273906,108.011
1271,0.403276,0.595402,108.048
1272,-0.929429,-0.683936,108.109
1273,-0.148901,-0.968093,108.78
1274,0.563691,0.999362,108.97
1275,0.125131,0.375853,109.032
1276,-0.701167,-0.875512,109.063
1277,-0.241849,-0.50137,109.13
1278,1.4799,0.961296,109.399
1279,0.0884076,0.965204,110.168
1280,0.546022,0.433362,110.181
1281,0.969493,0.995803,110.181
1282,-0.705596,-0.993578,110.264
1283,-0.21392,-0.211672,110.264
1284,-0.341689,-0.805853,110.48
1285,1.12332,0.992662,110.497
1286,0.296748,0.772257,110.723
1287,-0.402415,-0.749366,110.843
1288,0.284631,0.967304,111.309
1289,1.73786,-0.180393,114.989
1290,0.310655,0.894952,115.33
1291,-0.684996,-0.999891,115.429
1292,0.114322,0.995775,116.206
1293,-0.623818,-0.520585,116.217
1294,0.613165,0.957541,116.336
1295,0.214746,-0.397761,116.711
1296,-0.766009,-0.897697,116.728
1297,0.0497171,0.498832,116.93
1298,-0.65931,-0.668755,116.93
1299,0.43846,0.0645954,117.07
1300,-0.255474,0.158721,117.241
1301,-0.28838,-0.373389,117.249
1302,-0.854335,-0.999971,117.27
1303,-0.426533,0.204899,117.668
1304,-0.324963,-0.744903,117.845
1305,0.659393,0.896915,117.901
1306,0.250558,-0.253998,118.156
1307,0.270203,0.245366,118.156
1308,-0.106056,-0.777538,118.607
1309,0.00244162,0.663306,119.044
1310,-0.329808,-0.461057,119.061
1311,1.07472,0.999564,119.067
1312,-0.695114,-0.968611,119.142
1313,0.211466,0.205381,119.142
1314,0.680157,0.99983,119.244
1315,-0.131889,0.605548,119.788
1316,1.37006,0.962966,119.954
1317,0.73248,0.526363,119.996
1318,0.25442,0.704095,120.198
1319,-0.417621,-0.760306,120.316
1320,-0.329184,-0.25929,120.321
1321,0.152269,0.419463,120.392
1322,1.96941,0.74038,121.902
1323,0.243126,0.455431,121.947
1324,1.32304,0.963891,122.076
1325,0.864094,0.986834,122.092
1326,-0.299988,0.423131,122.614
1327,-0.0242987,-0.162412,122.634
1328,1.10157,0.99454,122.645
1329,-0.166249,-0.629746,122.86
1330,0.0129367,0.892719,123.634
1331,-0.361966,-0.990598,124.029
1332,0.242661,0.264411,124.029
1333,0.225903,0.762126,124.317
1334,-0.345867,-0.633853,124.4
1335,0.444988,0.728831,124.481
1336,-0.545482,-0.585966,124.482
1337,0.199711,0.934712,125.022
1338,-0.00779485,-0.365502,125.15
1339,-0.792967,-0.971365,125.182
1340,-0.643317,-0.638673,125.182
1341,0.369825,0.161284,125.226
1342,0.0518093,0.543538,125.467
1343,0.126578,-0.365027,125.709
1344,-0.382323,-0.766359,125.857
1345,1.3467,0.992904,125.982
1346,0.444387,0.587554,126.002
1347,0.447887,0.59222,126.023
1348,-0.652807,-0.198468,126.23
1349,-0.450358,-0.611057,126.255
1350,0.343427,0.0318464,126.352
1351,0.0895491,0.462099,126.491
1352,0.0106188,-0.437182,126.692
1353,0.555244,0.999399,126.889
1354,0.292414,0.740975,127.09
1355,1.11585,0.958555,127.115
1356,0.651469,0.820692,127.144
1357,-0.0932962,0.290312,127.291
1358,0.717173,0.708549,127.291
1359,-0.758571,-0.886631,127.307
1360,0.268753,0.140799,127.324
1361,0.499111,0.959868,127.536
1362,0.744154,0.857984,127.549
1363,-0.113409,-0.406237,127.635
1364,0.374434,0.487395,127.647
1365,1.19925,0.90566,127.734
1366,0.397201,0.875143,127.962
1367,0.715606,0.375288,128.078
1368,0.6427,0.550934,128.086
1369,-0.0333529,0.437463,128.308
1370,-0.261206,-0.666368,128.472
1371,0.488334,0.683896,128.51
1372,0.122809,-0.350465,128.734
1373,-0.164176,-0.193857,128.735
1374,0.445313,0.940236,128.98
1375,-0.0229332,0.253181,129.056
1376,0.526489,0.473159,129.059
1377,0.883888,0.760398,129.074
1378,-0.111491,-0.0698763,129.076
1379,-0.163433,-0.407065,129.136
1380,-0.402289,-0.803435,129.296
1381,-0.938486,-0.992526,129.299
1382,0.560772,0.808033,129.361
1383,-0.230729,-0.384104,129.384
1384,0.729373,0.798457,129.389
1385,0.201518,0.0805179,129.403
1386,1.05543,0.929414,129.419
1387,-0.735367,-0.997935,129.488
1388,-0.377094,-0.824336,129.688
1389,0.194606,0.737398,129.983
1390,-0.479445,-0.736804,130.049
1391,0.950666,0.980746,130.05
1392,0.274923,-0.206859,130.282
1393,0.149611,0.257441,130.294
1394,-0.614712,-0.944528,130.403
1395,-0.51863,0.313841,131.096
1396,-0.336282,-0.977194,131.506
1397,0.858684,0.994339,131.525
1398,0.057701,-0.564074,131.911
1399,-0.205981,-0.838342,132.311
1400,0.941244,0.903616,132.313
1401,1.15765,0.999774,132.338
1402,0.54832,0.559015,132.338
1403,-0.674333,-0.855945,132.371
1404,-0.476581,-0.0138943,132.585
1405,-0.558612,-0.807468,132.647
1406,0.51108,-0.171576,133.113
1407,-0.0456647,0.379517,133.294
1408,-0.833829,-0.962052,133.31
1409,0.835627,0.999928,133.337
1410,-0.135205,-0.497598,133.468
1411,0.310016,0.219231,133.477
1412,-0.955378,-0.909312,133.479
1413,0.108761,0.36802,133.546
1414,-0.381915,-0.358724,133.546
1415,-0.470598,-0.766727,133.634
1416,-0.73906,-0.853131,133.647
1417,0.446349,0.790135,133.765
1418,0.341344,-0.0677766,133.933
1419,0.479543,0.89916,134.109
1420,-0.0431635,-0.27959,134.165
1421,0.0513457,0.660067,134.535
1422,-1.1402,-0.932942,134.578
1423,-0.0116756,-0.226348,134.624
1424,0.263733,0.47526,134.669
1425,0.41457,0.207931,134.712
1426,-1.028,-0.998611,134.713
1427,0.727235,0.992269,134.783
1428,0.0898831,0.0513406,134.784
1429,-0.372017,-0.455835,134.791
1430,0.514282,0.74703,134.845
1431,0.843578,0.83315,134.846
1432,-0.141363,0.081297,134.895
1433,-1.00509,-0.98993,134.895
1434,-1.14834,-0.915178,134.95
1435,-1.09203,-0.932246,134.975
1436,-0.641769,-0.666869,134.976
1437,0.138395,0.173031,134.977
1438,0.468635,0.941416,135.201
1439,0.117162,-0.0939007,135.245
1440,-0.209595,-0.451142,135.304
1441,0.412221,0.855612,135.5
1442,0.0753211,0.645078,135.825
1443,0.137398,-0.488949,136.217
1444,-0.378012,-0.450523,136.222
1445,-0.867915,-0.826473,136.224
1446,0.701118,0.901697,136.264
1447,-0.0468731,0.438595,136.5
1448,-0.226673,-0.833527,136.868
1449,0.730694,0.830315,136.878
1450,-0.323873,-0.415553,136.887
1451,-0.501606,-0.433104,136.891
1452,0.701495,0.942685,136.949
1453,-0.869916,-0.981212,136.962
1454,0.451289,0.416474,136.963
1455,0.168218,0.617146,137.165
1456,0.0659955,-0.405599,137.387
1457,-0.565637,-0.138894,137.569
1458,0.110285,-0.557283,138.015
1459,-0.706383,-0.878114,138.044
1460,-0.506492,-0.671216,138.071
1461,-1.08963,-0.989575,138.081
1462,-0.329479,-0.415356,138.089
1463,0.519331,0.769378,138.151
1464,-0.69425,-0.844659,138.174
1465,-0.631012,-0.867913,138.23
1466,0.0356365,0.773863,138.775
1467,0.254572,0.878626,139.164
1468,0.984801,0.937165,139.167
1469,0.478449,0.897809,139.343
1470,-0.107104,-0.393366,139.424
1471,1.09964,0.998169,139.435
1472,-0.178499,-0.752917,139.765
1473,0.281893,0.819248,140.053
1474,1.18325,0.965498,140.101
1475,0.38239,0.976782,140.454
1476,0.103568,0.201531,140.464
1477,-0.73072,-0.794697,140.468
1478,-0.486128,0.0268493,140.731
1479,0.405034,0.184891,140.779
1480,0.681141,0.873697,140.817
1481,-1.05717,-0.891691,140.844
1482,-1.21098,-0.956933,140.908
1483,0.271638,0.158309,140.921
1484,0.418898,0.60126,140.955
1485,-0.454104,-0.0452962,141.122
1486,0.166276,-0.346203,141.384
1487,-0.358691,-0.780331,141.562
1488,-1.04779,-0.886987,141.588
1489,-0.0957659,-0.0684645,141.589
1490,0.250163,0.813058,141.906
1491,-0.0108836,0.383874,142.061
1492,0.21742,0.161918,142.065
1493,1.08263,0.925779,142.089
1494,0.916298,0.996559,142.096
1495,0.769614,0.550603,142.144
1496,-0.804883,-0.997424,142.181
1497,-0.107265,0.279298,142.33
1498,-1.08204,-0.969532,142.343
1499,0.677713,0.724355,142.345
1500,0.711585,0.789265,142.351
1501,0.0621173,0.880053,143.02
1502,-0.070592,-0.383655,143.118
1503,0.137265,0.251647,143.131
1504,-0.0230783,0.265524,143.214
1505,0.485298,0.808855,143.319
1506,-0.277323,-0.958589,143.783
1507,-0.291332,-0.272805,143.783
1508,-0.470376,-0.762088,143.869
1509,1.34316,0.997359,143.988
1510,-0.305002,-0.198733,143.999
1511,0.619565,0.50766,144.012
1512,-0.957202,-0.91388,144.014
1513,0.143486,0.467795,144.119
1514,-0.156712,-0.469377,144.217
1515,0.181069,0.833401,144.642
1516,0.28109,-0.172868,144.848
1517,-0.401502,-0.134023,144.92
1518,0.621813,0.999174,145.062
1519,0.00420191,-0.269478,145.137
1520,0.448756,-0.268381,145.651
1521,0.495548,0.944922,145.853
1522,0.872836,0.974499,145.864
1523,-1.02927,-0.919133,145.876
1524,-0.989858,-0.978427,145.876
1525,-0.365141,0.205714,146.202
1526,-0.468246,-0.317167,146.225
1527,0.424388,0.144707,146.303
1528,0.545744,0.828853,146.383
1529,-0.424662,0.0950245,146.653
1530,0.954811,0.920281,146.654
1531,-0.0114035,0.71462,147.181
1532,0.32858,-0.192647,147.453
1533,0.231199,0.493038,147.522
1534,0.306833,-0.029747,147.635
1535,0.68945,0.954775,147.705
1536,-0.791362,-0.958673,147.733
1537,-0.0283715,0.522927,148.037
1538,1.14762,0.901286,148.098
1539,1.96136,0.987604,149.046
1540,-0.360315,-0.136417,149.096
1541,-0.517747,-0.60686,149.104
1542,-0.364898,-0.998359,149.506
1543,0.310747,0.0344797,149.582
1544,-0.674903,-0.96468,149.666
1545,0.442837,0.515685,149.671
1546,0.336295,0.999761,150.111
1547,-0.202354,-0.50295,150.202
1548,-0.0150011,-0.112557,150.211
1549,-0.22966,0.10845,150.326
1550,0.482122,0.828573,150.446
1551,-0.882966,-0.996159,150.458
1552,0.0246282,-0.041033,150.463
1553,0.407438,0.783835,150.604
1554,-0.373948,-0.766453,150.758
1555,0.692146,0.94855,150.824
1556,0.525369,0.554571,150.825
1557,0.16174,0.170265,150.825
1558,0.735019,0.998895,150.895
1559,0.128126,-0.676791,151.543
1560,-0.690404,-0.942409,151.606
1561,-0.944826,-0.78398,151.632
1562,-1.15166,-0.989888,151.658
1563,0.0412691,0.600037,151.97
1564,-0.179221,0.458631,152.377
1565,-0.346754,-0.345361,152.377
1566,-1.15629,-0.837032,152.479
1567,-0.598465,-0.997641,152.638
1568,-0.530839,-0.846469,152.738
1569,0.0244456,0.271549,152.799
1570,-0.668499,-0.916415,152.861
1571,0.572253,0.952891,153.006
1572,-0.660229,-0.928623,153.078
1573,-0.0214303,-0.00691791,153.078
1574,0.528715,0.881876,153.202
1575,-1.30814,-0.910667,153.36
1576,-0.804321,-0.836254,153.361
1577,-0.556191,-0.732751,153.393
1578,-0.640473,-0.998648,153.521
1579,-0.284142,-0.272961,153.521
1580,-0.667208,-0.785308,153.535
1581,-0.204221,-0.0700866,153.553
1582,-0.683405,-0.873792,153.589
1583,-0.435838,-0.909644,153.814
1584,-0.482071,-0.6707,153.849
1585,-0.676403,-0.908498,153.903
1586,-0.267154,0.432915,154.393
1587,0.252222,-0.0768617,154.502
1588,-0.0369731,-0.0742623,154.503
1589,0.620738,0.814104,154.54
1590,0.356736,0.790644,154.729
1591,-0.415076,-0.831906,154.902
1592,-0.405302,-0.171107,154.957
1593,0.627114,0.397985,155.01
1594,0.155693,0.996296,155.716
1595,-0.166292,-0.179345,155.717
1596,-0.801812,-0.99765,155.755
1597,-0.661865,-0.564719,155.764
1598,-0.157373,-0.34735,155.8
1599,-0.265605,0.435889,156.293
1600,-0.108961,-0.672669,156.61
1601,-0.326779,-0.313427,156.61
1602,-0.475724,-0.626647,156.633
1603,0.107179,0.69115,156.974
1604,-0.606391,-0.941589,157.087
1605,-0.344165,-0.776629,157.274
1606,0.0682114,0.787692,157.791
1607,-0.157511,-0.956642,158.43
1608,0.381001,0.545444,158.457
1609,-0.0767394,0.290321,158.592
1610,0.176123,-0.323077,158.841
1611,-0.373469,-0.895037,159.113
1612,-0.0137469,0.288634,159.204
1613,-0.324061,-0.665961,159.321
1614,-0.740825,-0.942229,159.362
1615,0.789662,0.990035,159.402
1616,-0.0991322,-0.519189,159.578
1617,-0.635134,-0.699102,159.582
1618,-0.601127,-0.807511,159.625
1619,0.0364399,-0.286024,159.729
1620,-0.294187,-0.391383,159.739
1621,-1.23675,-0.983174,159.803
1622,0.750393,0.99971,159.865
1623,-0.839039,-0.76123,159.871
1624,-0.874808,-0.977145,159.882
1625,-0.254588,-0.891709,160.287
1626,-1.08789,-0.974427,160.3
1627,-0.122652,-0.622277,160.55
1628,0.574401,0.996256,160.728
1629,-0.2239,-0.0940218,160.745
1630,-0.207125,-0.667211,160.956
1631,0.379608,0.409416,160.957
1632,-0.375433,-0.908304,161.241
1633,-1.01386,-0.84977,161.268
1634,0.0816368,0.51673,161.458
1635,-0.480561,-0.781216,161.548
1636,-0.0394819,0.512302,161.852
1637,0.566322,0.83798,161.926
1638,1.55591,0.970822,162.268
1639,-1.08189,-0.982636,162.278
1640,-0.60546,-0.854468,162.34
1641,-0.303179,-0.909139,162.708
1642,-0.215094,-0.329693,162.721
1643,0.644644,0.931877,162.803
1644,0.429911,0.691922,162.872
1645,-0.82298,-0.982442,162.897
1646,0.157889,0.557069,163.057
1647,0.618267,0.925875,163.151
1648,-0.0660585,0.211948,163.229
1649,-0.480278,-0.632024,163.252
1650,-0.352131,-0.223409,163.268
1651,0.473032,0.192307,163.347
1652,0.429791,0.984655,163.655
1653,0.0688851,-0.549183,164.037
1654,-0.520435,-0.575086,164.04
1655,-0.0220342,0.312846,164.152
1656,-0.367012,-0.848132,164.383
1657,0.460754,0.842004,164.529
1658,0.590872,0.860241,164.601
1659,-0.464218,-0.780033,164.701
1660,0.409905,-0.0539924,164.916
1661,0.11804,0.72719,165.287
1662,-0.452131,-0.927576,165.513
1663,-0.0674898,0.424569,165.755
1664,-0.474139,-0.839083,165.889
1665,0.395313,0.616849,165.938
1666,0.813325,0.620383,165.975
1667,0.273837,0.898171,166.365
1668,-0.967234,-0.929936,166.366
1669,-0.192332,-0.00911381,166.4
1670,0.689235,0.691886,166.4
1671,-1.23412,-0.98324,166.463
1672,0.342423,0.483518,166.483
1673,-0.67622,-0.270546,166.647
1674,-1.0702,-0.999989,166.652
1675,-1.25574,-0.98034,166.728
1676,-0.297755,-0.822945,167.004
1677,0.477738,0.936932,167.215
1678,0.431075,0.748477,167.315
1679,-0.474542,-0.669094,167.353
1680,0.164859,-0.251186,167.526
1681,0.0535161,-0.00631166,167.53
1682,-0.021823,-0.590388,167.853
1683,0.920081,0.994663,167.859
1684,0.424706,0.483074,167.862
1685,0.510462,0.991516,168.094
1686,0.380656,0.618052,168.15
1687,-0.600708,-0.597246,168.15
1688,0.927426,0.996704,168.155
1689,-0.117511,0.221047,168.269
1690,0.591794,0.770233,168.301
1691,1.2514,0.930203,168.404
1692,-0.0695432,-0.611443,168.698
1693,-0.328972,-0.0931984,168.754
1694,0.16824,0.0448422,168.769
1695,0.274664,0.347617,168.774
1696,-0.707518,-0.988546,168.853
1697,-0.214082,0.516886,169.387
1698,1.18741,0.966607,169.436
1699,0.574787,0.791885,169.483
1700,-0.0966291,0.106145,169.524
1701,-1.08853,-0.985684,169.535
1702,-0.484302,-0.808054,169.64
1703,0.0758834,0.0800467,169.64
1704,-1.28797,-0.998893,169.723
1705,0.228637,0.472271,169.783
1706,0.736347,0.748066,169.783
1707,-0.272199,0.629845,170.597
1708,-0.37817,-0.693718,170.696
1709,0.896108,0.752555,170.717
1710,0.319689,0.821126,170.968
1711,-1.13119,-0.880931,171.031
1712,-0.292301,-0.53784,171.091
1713,0.071082,0.176687,171.102
1714,-0.0546686,-0.921118,171.853
1715,0.92933,0.8527,171.859
1716,0.621029,0.738851,171.873
1717,0.332722,0.99184,172.307
1718,-0.205698,-0.859703,172.735
1719,0.406801,0.826673,172.911
1720,-0.00455596,-0.110811,172.922
1721,-0.384984,-0.636884,172.986
1722,0.0625604,-0.25151,173.085
1723,-0.353416,-0.0439996,173.18
1724,0.509569,0.737658,173.232
1725,0.564547,0.278996,173.314
1726,0.790739,0.581758,173.358
1727,0.572755,0.633224,173.361
1728,0.722327,0.905717,173.395
1729,0.422491,0.823424,173.556
1730,0.664704,0.876242,173.6
1731,0.233617,0.487336,173.665
1732,0.681802,0.896704,173.711
1733,0.699312,0.548979,173.734
1734,-0.273894,-0.873963,174.094
1735,-0.434814,0.281638,174.607
1736,-0.646151,-0.693468,174.609
1737,0.790254,0.324545,174.826
1738,0.404803,0.849232,175.024
1739,0.38541,0.791731,175.189
1740,1.14244,0.999928,175.209
1741,-0.170112,-0.240892,175.214
1742,-0.693826,-0.983792,175.298
1743,-0.539303,-0.802693,175.367
1744,0.431423,-0.12531,175.677
1745,0.354538,0.685105,175.787
1746,0.369633,0.384653,175.787
1747,0.525061,0.982655,175.996
1748,0.0810975,0.370732,176.08
1749,0.414403,0.264208,176.103
1750,-0.213318,0.164355,176.245
1751,0.252086,-0.398026,176.668
1752,-0.188164,-0.290661,176.678
1753,-1.30064,-0.994914,176.772
1754,-0.329344,-0.761764,176.959
1755,0.946661,0.982494,176.96
1756,0.462532,0.854444,177.114
1757,0.153078,0.668272,177.379
1758,0.515232,0.275401,177.437
1759,-0.151318,0.0459523,177.476
1760,-0.442214,-0.818745,177.617
1761,-0.569118,-0.48427,177.625
1762,-0.116753,-0.335387,177.672
1763,0.579415,0.857974,177.75
1764,0.0971288,-0.252326,177.872
1765,0.350685,0.75013,178.032
1766,-0.902475,-0.836103,178.036
1767,-0.0192702,-0.382807,178.168
1768,-0.338233,-0.227002,178.181
1769,0.473538,0.16137,178.278
1770,0.0192806,0.582786,178.596
1771,0.956682,0.951405,178.596
1772,-0.606405,-0.871657,178.666
1773,0.14314,0.475152,178.776
1774,-0.325814,-0.634558,178.872
1775,1.13929,0.139049,179.872
1776,-0.300443,-0.405264,179.883
1777,0.870817,0.947583,179.889
1778,0.576258,0.982623,180.054
1779,0.707231,0.930081,180.104
1780,-0.254225,-0.614441,180.233
1781,0.692317,0.936967,180.293
1782,0.312142,0.780915,180.513
1783,-0.644283,-0.893678,180.575
1784,0.534873,0.95893,180.755
1785,0.398862,-0.25831,181.187
1786,-0.750838,-0.880913,181.204
1787,0.347098,0.8826,181.491
1788,-0.18449,-0.840002,181.92
1789,0.415817,0.469883,181.923
1790,0.781377,0.773157,181.923
1791,0.396984,0.985105,182.269
1792,-1.31412,-0.813094,182.52
1793,0.226829,0.233643,182.52
1794,0.70355,0.471518,182.574
1795,0.145359,0.911007,183.16
1796,0.794192,0.956723,183.187
1797,-1.12068,-0.944233,183.218
1798,-0.586413,-0.8503,183.288
1799,-0.154742,-0.761303,183.655
1800,0.410361,0.999969,184.003
1801,0.679643,0.990879,184.1
1802,0.871597,0.919171,184.102
1803,0.644395,0.536818,184.114
1804,0.617934,0.634412,184.114
1805,-0.24055,-0.785279,184.411
1806,-0.60819,-0.827675,184.459
1807,-0.822013,-0.683167,184.478
1808,0.665533,0.695344,184.479
1809,0.555625,0.825971,184.552
1810,0.47216,0.97173,184.802
1811,-0.036124,-0.103077,184.806
1812,0.429015,0.858639,184.991
1813,-0.41747,-0.289561,185.007
1814,-0.575897,-0.719841,185.028
1815,-0.416116,-0.364884,185.031
1816,0.306398,0.574642,185.103
1817,0.208893,-0.188629,185.261
1818,0.515477,0.999954,185.495
1819,-0.0305663,-0.0973911,185.5
1820,0.807341,0.972373,185.527
1821,-0.312433,-0.324722,185.527
1822,0.601116,0.893055,185.612
1823,-0.902397,-0.998054,185.622
1824,-1.20507,-0.998387,185.664
1825,-0.820747,-0.563388,185.73
1826,-0.629472,-0.794087,185.758
1827,0.543465,0.799101,185.823
1828,0.272674,0.711564,186.016
1829,-0.231402,-0.970919,186.562
1830,0.34425,0.886862,186.857
1831,-0.323641,-0.730797,187.023
1832,0.301088,0.563171,187.091
1833,-0.267274,-0.419583,187.115
1834,-1.11653,-0.995936,187.129
1835,0.170423,0.627061,187.338
1836,-0.5626,-0.574488,187.338
1837,0.450346,0.777037,187.444
1838,0.104897,-0.359669,187.66
1839,0.159849,0.968612,188.314
1840,-0.482302,-0.618008,188.333
1841,-0.45557,-0.874161,188.508
1842,-0.420611,-0.00727745,188.679
1843,1.07423,0.994208,188.685
1844,-0.855181,-0.89597,188.687
1845,0.149196,-0.0637732,188.732
1846,0.17579,0.740535,189.051
1847,-0.381614,-0.508509,189.067
1848,0.568537,0.986032,189.242
1849,0.908593,0.476203,189.429
1850,-0.222099,-0.445806,189.479
1851,-0.378473,-0.852926,189.704
1852,0.665897,0.9735,189.798
1853,-0.338044,0.275719,190.175
1854,-0.890106,-0.935475,190.177
1855,0.0528185,0.0311313,190.178
1856,-0.219471,0.0795216,190.267
1857,-0.00135184,0.371098,190.406
1858,0.817318,0.949794,190.423
1859,-0.314841,-0.714638,190.583
1860,0.742443,0.745916,190.583
1861,0.275183,0.508159,190.637
1862,0.37861,0.758959,190.782
1863,-0.357286,-0.651199,190.868
1864,0.65791,0.967174,190.964
1865,0.385034,0.584863,191.004
1866,-0.540978,-0.873825,191.115
1867,-0.815798,-0.892362,191.121
1868,0.68444,0.928873,191.18
1869,0.723601,0.843338,191.195
1870,-0.0668813,0.574614,191.606
1871,-0.243105,-0.998053,192.176
1872,0.365697,0.322576,192.178
1873,-0.216658,-0.438553,192.227
1874,-0.493625,-0.722691,192.28
1875,-0.327202,-0.229874,192.289
1876,0.240452,0.309447,192.294
1877,-0.070719,0.106521,192.325
1878,-0.270725,-0.277544,192.325
1879,-0.406995,-0.47911,192.331
1880,-0.363879,-0.708581,192.449
1881,-0.0134717,0.477396,192.69
1882,-0.0391524,0.180664,192.739
1883,-0.406129,-0.725741,192.841
1884,0.333075,0.442904,192.853
1885,-1.46317,-0.982412,193.084
1886,0.268614,-0.375545,193.499
1887,0.510321,0.551545,193.501
1888,0.0939183,0.563369,193.721
1889,-0.967365,-0.98133,193.721
1890,0.641898,0.857303,193.768
1891,-0.100124,-0.0584366,193.769
1892,0.775884,0.728197,193.772
1893,0.0933171,0.159608,193.776
1894,0.199898,-0.0968236,193.864
1895,-0.201944,-0.117344,193.871
1896,0.213554,-0.0876844,193.962
1897,0.636019,0.598142,193.963
1898,0.135041,0.0876153,193.966
1899,-0.26478,-0.805826,194.258
1900,0.399821,0.554105,194.282
1901,-0.357492,-0.813013,194.49
1902,-0.344808,-0.220659,194.505
1903,-0.305021,-0.59227,194.588
1904,0.736469,0.96144,194.638
1905,-0.315019,-0.82603,194.899
1906,-0.849309,-0.602447,194.96
1907,0.402659,0.741258,195.075
1908,0.457393,0.855471,195.233
1909,-0.487761,-0.999722,195.496
1910,0.153457,-0.363055,195.762
1911,-1.21731,-0.939724,195.839
1912,-0.966832,-0.954956,195.84
1913,-0.175478,-0.356611,195.872
1914,-0.303665,0.381023,196.341
1915,-0.533688,-0.797449,196.411
1916,-0.571258,-0.552885,196.411
1917,-0.132193,-0.995347,197.156
1918,0.533357,0.999986,197.374
1919,0.57408,0.618937,197.376
1920,-0.651965,-0.162206,197.616
1921,-1.1186,-0.97938,197.635
1922,-1.32555,-0.70933,198.015
1923,-0.449381,-0.967455,198.283
1924,0.49347,0.409045,198.29
1925,0.633446,0.941972,198.386
1926,-0.79384,-0.494163,198.475
1927,-1.33458,-0.932351,198.637
1928,0.108182,-0.268371,198.779
1929,0.457738,0.865683,198.945
1930,0.282011,0.593252,199.042
1931,0.387578,-0.284596,199.494
1932,0.130112,0.543281,199.665
1933,0.803782,0.990139,199.699
1934,0.698753,0.568631,199.716
1935,-0.119084,-0.393421,199.792
1936,0.140508,0.74331,200.155
1937,0.586811,0.684827,200.165
1938,0.43399,0.449858,200.165
1939,1.16129,0.924991,200.221
1940,0.840779,0.674482,200.248
1941,0.436804,0.711752,200.324
1942,0.46823,0.632665,200.351
1943,0.0841151,0.221417,200.37
1944,0.391299,-0.540686,201.238
1945,-0.907814,-0.783752,201.254
1946,1.3687,0.987046,201.4
1947,0.618036,0.99903,201.545
1948,0.894586,0.913635,201.545
1949,0.550117,0.743766,201.583
1950,0.0798439,0.133676,201.585
1951,0.387134,0.816877,201.77
1952,-0.935603,-0.950763,201.77
1953,0.00783244,0.428611,201.947
1954,0.529241,0.606349,201.953
1955,1.18428,0.960592,202.003
1956,-1.41372,-0.380784,203.07
1957,-0.302256,-0.152049,203.093
1958,1.04295,0.997086,203.095
1959,-0.0566767,-0.977472,203.943
1960,0.328826,0.913694,204.285
1961,-0.550473,-0.952997,204.447
1962,-0.525151,-0.308089,204.494
1963,1.27103,0.975573,204.581
1964,-0.890732,-0.999461,204.593
1965,0.349781,0.387355,204.595
1966,0.0812822,0.0515222,204.596
1967,-0.785957,-0.838961,204.598
1968,-0.383319,-0.0814943,204.689
1969,-0.565787,-0.896074,204.799
1970,1.00808,0.999889,204.799
1971,0.284345,0.587728,204.891
1972,0.187039,0.599389,205.061
1973,-0.211915,-0.385886,205.091
1974,-0.561281,-0.849694,205.174
1975,0.261075,0.56429,205.266
1976,-1.11955,-0.844147,205.342
1977,-0.488905,-0.00510581,205.576
1978,-1.04581,-0.998733,205.578
1979,-0.67756,-0.706148,205.579
1980,-0.650797,-0.954489,205.671
1981,-0.515801,-0.619148,205.682
1982,-0.0727307,-0.79938,206.21
1983,0.340333,0.833114,206.453
1984,0.565872,0.907635,206.57
1985,-0.796401,-0.977715,206.602
1986,0.410756,0.879833,206.822
1987,-0.341885,-0.415756,206.828
1988,0.863687,0.990192,206.844
1989,0.656128,0.462934,206.881
1990,0.429495,0.603556,206.912
1991,0.310854,-0.178678,207.151
1992,0.548652,0.792204,207.211
1993,-0.462191,0.0872427,207.512
1994,-0.515933,-0.963573,207.713
1995,-0.542959,-0.847114,207.805
1996,0.463029,0.801282,207.92
1997,0.482295,0.781659,208.009
1998,-0.152692,-0.143212,208.009
1999,-0.9387,-0.86715,208.015
2000,0.98423,0.999925,208.015
2001,0.840997,0.922238,208.021
2002,0.230927,-0.252134,208.255
2003,0.710144,0.989287,208.333
2004,0.549822,0.904981,208.459
2005,-0.151374,-0.269573,208.473
2006,-0.362928,0.0841421,208.673
2007,-0.118862,-0.476864,208.801
2008,0.393325,-0.118444,209.063
2009,0.265398,0.968392,209.557
2010,0.286241,-0.19649,209.79
2011,-0.462274,-0.447111,209.79
2012,1.12682,0.979734,209.812
2013,0.763844,0.510236,209.876
2014,0.172848,0.661119,210.115
2015,-0.995808,-0.967547,210.115
2016,-0.225033,-0.027429,210.154
2017,0.623721,0.963658,210.27
2018,0.683786,0.99983,210.37
2019,0.880404,0.883269,210.37
2020,-0.965044,-0.93398,210.371
2021,0.0431314,-0.378591,210.549
2022,0.0372678,0.0583491,210.549
2023,0.380393,0.876768,210.795
2024,-0.527846,-0.398349,210.812
2025,0.381007,0.349683,210.813
2026,0.717467,0.971457,210.878
2027,-0.265419,-0.71954,211.084
2028,-0.0722984,0.500807,211.412
2029,-0.255542,-0.655724,211.573
2030,-0.581782,-0.80307,211.622
2031,0.0379527,0.0837897,211.624
2032,-0.780358,-0.971498,211.66
2033,-0.520483,0.239522,212.238
2034,0.780107,0.824343,212.24
2035,0.321806,-0.124555,212.439
2036,0.472781,0.997152,212.714
2037,-0.673077,-0.880909,212.757
2038,0.0269613,-0.320756,212.878
2039,0.0766412,0.979631,213.693
2040,-0.13282,-0.474243,213.81
2041,0.354805,0.866726,214.072
2042,0.0347922,-0.984716,215.111
2043,-0.644158,-0.992205,215.233
2044,-0.282946,0.242505,215.509
2045,0.73217,0.637269,215.518
2046,0.086901,0.0623483,215.518
2047,0.378079,0.706638,215.626
2048,-0.015933,-0.315767,215.716
2049,0.530196,0.959583,215.9
2050,-0.897906,-0.946505,215.903
2051,-0.488707,0.0670994,216.212
2052,-0.925844,-0.993287,216.216
2053,0.00486299,-0.0689607,216.222
2054,1.25196,0.999124,216.286
2055,-0.0646224,-0.792907,216.816
2056,-0.273652,-0.360637,216.824
2057,-0.375531,-0.959953,217.165
2058,-1.00813,-0.996306,217.165
2059,0.119811,0.0767123,217.167
2060,0.974545,0.990538,217.167
2061,0.509185,0.367116,217.188
2062,0.529811,0.788546,217.255
2063,0.0226231,0.332901,217.351
2064,1.03559,0.118977,218.191
2065,-0.579057,-0.852023,218.266
2066,-0.702899,-0.929087,218.317
2067,0.223751,0.98613,218.898
2068,-0.327355,-0.299709,218.899
2069,-0.741711,-0.966517,218.949
2070,-0.555898,-0.985478,219.134
2071,0.508798,0.597309,219.142
2072,0.5111,0.0723701,219.334
2073,0.440817,0.976068,219.621
2074,-0.926203,-0.772089,219.644
2075,0.501219,0.820444,219.746
2076,0.0257422,0.103102,219.752
2077,0.10965,0.0274603,219.759
2078,0.13325,0.196048,219.763
2079,-0.530466,-0.263392,219.834
2080,0.00472325,-0.166041,219.863
2081,0.709765,0.954202,219.923
2082,0.995143,0.544335,220.126
2083,-0.973038,-0.92704,220.129
2084,-0.0478134,0.651684,220.618
2085,-0.360439,-0.983167,221.006
2086,1.21671,0.965917,221.068
2087,0.22017,-0.0762906,221.156
2088,-0.423514,-0.861356,221.348
2089,-0.371784,-0.542419,221.377
2090,-0.130506,-0.70434,221.706
2091,0.379991,0.815186,221.896
2092,-0.362385,-0.331557,221.897
2093,0.59981,0.860703,221.965
2094,-0.198313,-0.94936,222.529
2095,-0.204732,-0.106397,222.539
2096,0.564206,0.856559,222.624
2097,0.355066,0.518726,222.651
2098,-0.434406,-0.941998,222.909
2099,0.285425,0.787712,223.161
2100,-0.659634,-0.953405,223.247
2101,0.801828,0.999613,223.286
2102,0.29676,0.630105,223.397
2103,-0.787132,-0.961423,223.428
2104,-0.461289,-0.255064,223.47
2105,0.205377,0.023927,223.503
2106,0.509954,0.656289,223.525
2107,-0.831181,-0.936608,223.536
2108,0.746033,0.906879,223.562
2109,-0.00588246,-0.0118552,223.562
2110,-0.55948,-0.938811,223.706
2111,1.53661,0.992156,224.002
2112,-0.117967,0.153075,224.075
2113,0.333538,0.601413,224.147
2114,-0.394234,-0.570837,224.178
2115,0.490111,0.619958,224.195
2116,0.240701,-0.16315,224.358
2117,0.378548,0.664472,224.44
2118,-0.213998,0.290447,224.695
2119,-0.360532,-0.969016,225.065
2120,-0.869438,-0.982583,225.078
2121,0.295072,-0.294172,225.425
2122,-0.265021,0.434644,225.914
2123,0.613206,0.849783,225.97
2124,-0.561356,-0.82537,226.04
2125,0.504717,0.91829,226.211
2126,0.0590849,0.527572,226.431
2127,0.27636,0.0897101,226.465
2128,-0.391794,-0.519071,226.482
2129,0.935331,0.990233,226.485
2130,0.568127,0.267893,226.575
2131,0.0386505,0.232808,226.612
2132,0.356346,0.980716,227.002
2133,0.961915,0.999708,227.004
2134,-0.282528,-0.739522,227.213
2135,0.112017,0.588102,227.439
2136,0.116262,-0.043311,227.465
2137,-0.0556115,0.941366,228.459
2138,-0.0623272,-0.382939,228.561
2139,0.637785,0.971389,228.673
2140,-0.264651,-0.97425,229.176
2141,0.742571,0.773356,229.177
2142,-0.295572,-0.630094,229.289
2143,-0.262041,-0.181847,229.296
2144,-0.131606,-0.353212,229.345
2145,-0.919819,-0.558706,229.475
2146,-0.565128,-0.97275,229.641
2147,0.685449,0.767825,229.648
2148,0.00521639,0.64416,230.056
2149,0.341744,0.0289076,230.154
2150,-0.713949,-0.879889,230.182
2151,-0.0153634,0.549952,230.501
2152,0.558771,0.896095,230.615
2153,-0.0748043,-0.270409,230.653
2154,-0.449186,-0.451287,230.653
2155,-0.126072,-0.617735,230.895
2156,0.18094,0.746918,231.215
2157,-0.80525,-0.875617,231.22
2158,0.0980765,0.168189,231.225
2159,0.44785,0.539685,231.234
2160,-0.295922,-0.128378,231.262
2161,-0.234159,0.163907,231.42
2162,-0.0359843,-0.607746,231.747
2163,-0.0434019,0.116122,231.773
2164,-0.160132,-0.081034,231.779
2165,0.72586,0.803641,231.785
2166,-0.00810606,-0.441303,231.972
2167,-0.529162,-0.84154,232.07
2168,0.31935,0.128859,232.106
2169,0.359377,0.802371,232.303
2170,-0.432871,-0.72827,232.39
2171,-0.370121,-0.748976,232.533
2172,0.623472,0.998617,232.674
2173,1.62185,0.903682,233.19
2174,0.226952,0.205252,233.19
2175,-0.351343,-0.398489,233.193
2176,-0.247969,-0.902838,233.621
2177,-0.538429,-0.948413,233.79
2178,-0.536889,-0.27258,233.859
2179,0.251128,0.415957,233.887
2180,0.436725,0.757255,233.989
2181,0.936192,0.995833,233.993
2182,-0.632607,-0.873368,234.051
2183,-1.13984,-0.960838,234.083
2184,-0.637347,-0.670053,234.084
2185,-0.321814,-0.62834,234.178
2186,0.0940364,0.369748,234.254
2187,0.408477,0.673049,234.324
2188,-0.317085,-0.449649,234.341
2189,-1.00994,-0.981328,234.342
2190,-0.345968,0.362039,234.844
2191,0.774797,0.962885,234.879
2192,-0.680619,-0.974205,234.965
2193,0.432338,-0.00727661,235.158
2194,0.613631,0.997779,235.306
2195,-0.47981,-0.853542,235.446
2196,0.730453,0.995256,235.516
2197,0.379022,-0.432036,236.174
2198,-0.359852,0.0474517,236.339
2199,-0.38036,-0.881585,236.591
2200,-0.788604,-0.932771,236.611
2201,-0.304079,-0.251691,236.614
2202,-1.11653,-0.97586,236.634
2203,0.604318,0.554019,236.637
2204,0.866254,0.936407,236.641
2205,-0.544796,-0.596318,236.644
2206,-0.203139,-0.882076,237.105
2207,-0.799157,-0.860892,237.109
2208,0.275318,0.678621,237.272
2209,0.07321,-0.20412,237.348
2210,0.302694,0.82515,237.621
2211,1.23346,0.990523,237.68
2212,0.560783,0.921047,237.81
2213,-0.304615,0.0492824,237.935
2214,0.641558,0.834667,237.973
2215,-0.218552,-0.779667,238.288
2216,-0.347273,0.372915,238.806
2217,1.25025,0.999824,238.869
2218,0.197657,-0.222378,239.045
2219,0.0132049,-0.0314457,239.047
2220,0.521084,0.988937,239.266
2221,-0.0764567,-0.408832,239.377
2222,0.739585,0.944295,239.419
2223,-0.177449,0.1226,239.509
2224,-0.626196,-0.704187,239.515
2225,0.928864,0.977896,239.517
2226,0.483805,0.328546,239.541
2227,0.0954571,0.273675,239.573
2228,-0.0261217,-0.152917,239.589
2229,0.438675,0.755136,239.689
2230,0.457749,0.307359,239.712
2231,-0.769847,-0.999432,239.765
2232,-0.466623,-0.77794,239.862
2233,-0.704943,-0.613561,239.87
2234,0.574855,0.929445,239.996
2235,0.546431,0.793245,240.057
2236,0.655427,0.928081,240.131
2237,1.18029,0.975367,240.173
2238,-0.740824,-0.986186,240.233
2239,-0.947775,-0.998259,240.236
2240,-0.340479,-0.76905,240.419
2241,0.415254,0.915561,240.67
2242,-0.711431,-0.868696,240.694
2243,0.468267,0.746858,240.772
2244,-0.0652004,-0.163492,240.782
2245,0.466488,0.580959,240.795
2246,-1.90281,-0.70618,242.227
2247,-0.551805,-0.703839,242.25
2248,-1.44853,-0.955462,242.493
2249,-0.549454,-0.985605,242.683
2250,-0.416634,-0.334137,242.69
2251,-0.110236,-0.479726,242.826
2252,-0.38704,-0.96763,243.164
2253,-0.983721,-0.974167,243.164
2254,0.946543,0.913432,243.165
2255,1.10034,0.951745,243.187
2256,0.185218,0.000905392,243.221
2257,0.606843,0.996604,243.373
2258,-0.438325,-0.812898,243.513
2259,-0.705634,-0.787103,243.52
2260,-0.340033,-0.690027,243.642
2261,-0.905795,-0.979829,243.648
2262,0.239567,0.639034,243.807
2263,0.0437523,0.136483,243.816
2264,-0.573372,-0.810369,243.872
2265,-0.184067,-0.680267,244.118
2266,-0.241665,0.102226,244.236
2267,-0.5246,-0.583373,244.24
2268,-0.564359,-0.976246,244.409
2269,-0.18105,-0.835255,244.837
2270,-0.463853,-0.802836,244.952
2271,-0.371244,-0.180362,244.989
2272,0.180965,-0.45898,245.398
2273,-0.470294,-0.246135,245.449
2274,-0.287153,-0.997633,245.953
2275,-0.110866,0.477004,246.299
2276,-0.0729907,0.0846104,246.324
2277,-0.592773,-0.770251,246.355
2278,0.456189,0.0162175,246.549
2279,-0.609153,-0.74229,246.567
2280,0.236286,0.486366,246.629
2281,-0.426163,-0.540089,246.642
2282,-0.630311,-0.912721,246.722
2283,-0.628232,-0.923244,246.809
2284,0.610578,0.686682,246.815
2285,1.23002,0.999576,246.868
2286,1.16526,0.992754,246.898
2287,0.407495,-0.0168177,247.078
2288,0.324608,0.780285,247.285
2289,-0.0934459,-0.108875,247.285
2290,-0.0551182,-0.351051,247.373
2291,-0.0373817,-0.16922,247.39
2292,-0.153954,-0.409877,247.456
2293,1.06328,0.985385,247.462
2294,-0.126501,-0.258824,247.48
2295,-0.144833,-0.100832,247.481
2296,-0.765366,-0.997716,247.535
2297,-0.463729,-0.295565,247.564
2298,-0.120832,-0.368278,247.625
2299,0.327847,0.448621,247.64
2300,-0.860362,-0.981381,247.654
2301,0.65726,0.647114,247.654
2302,0.330039,0.900153,247.979
2303,-0.313689,-0.63087,248.08
2304,-0.405683,-0.525985,248.094
2305,0.414702,0.625465,248.139
2306,0.142859,0.895145,248.705
2307,0.448658,0.323853,248.72
2308,-1.27693,-0.961957,248.82
2309,-0.311968,-0.99997,249.293
2310,-0.0232863,0.196953,249.341
2311,0.355241,0.588464,249.396
2312,-0.198848,-0.850681,249.821
2313,-0.268526,-0.708737,250.014
2314,-0.389963,-0.579237,250.05
2315,0.173376,0.792084,250.433
2316,-0.616531,-0.796052,250.465
2317,0.424769,-0.0640858,250.704
2318,-1.3424,-0.998861,250.822
2319,-0.587425,-0.911368,250.927
2320,-0.470939,-0.112088,251.056
2321,-0.255629,-0.246949,251.056
2322,-0.706915,-0.760805,251.059
2323,0.257909,0.0664154,251.096
2324,-0.982096,-0.95002,251.097
2325,0.363145,0.99966,251.502
2326,0.235509,-0.550867,252.12
2327,-0.530045,-0.751643,252.169
2328,-0.979653,-0.874481,252.18
2329,0.117969,0.514741,252.338
2330,-0.415252,-0.402441,252.338
2331,-0.276339,-0.787681,252.599
2332,0.0716609,0.793346,253.12
2333,-0.51617,-0.883717,253.255
2334,0.364838,0.812131,253.455
2335,-1.33911,-0.994155,253.574
2336,-0.830346,-0.903643,253.58
2337,-0.188902,0.262847,253.784
2338,0.607014,0.790654,253.818
2339,-0.419335,-0.634744,253.864
2340,0.389277,0.288993,253.874
2341,1.20698,0.99228,253.92
2342,0.567924,0.667567,253.93
2343,0.402825,0.926828,254.205
2344,-0.201839,-0.0975723,254.216
2345,-0.587249,-0.411811,254.246
2346,0.992985,0.999864,254.246
2347,-0.90006,-0.881514,254.247
2348,0.12594,0.282468,254.271
2349,-0.170998,-0.376704,254.314
2350,0.324578,0.933239,254.684
2351,-0.300202,-0.379102,254.69
2352,-0.919716,-0.801384,254.704
2353,-0.398815,-0.0324554,254.838
2354,-0.0284571,-0.345275,254.939
2355,0.452956,0.713795,255.007
2356,0.459901,0.760786,255.097
2357,0.156501,0.697958,255.391
2358,-0.115199,-0.929862,256.054
2359,-0.500521,-0.709035,256.098
2360,0.460978,0.748521,256.18
2361,0.921403,0.930012,256.18
2362,0.9112,0.974412,256.184
2363,-0.164261,-0.626564,256.398
2364,0.353744,-0.106926,256.61
2365,-0.104993,0.596139,257.102
2366,0.689168,0.869523,257.135
2367,-0.0729634,-0.432306,257.264
2368,1.19939,0.998225,257.304
2369,-0.189355,0.248321,257.496
2370,0.316416,-0.114196,257.681
2371,-0.43853,-0.46078,257.682
2372,-0.572938,-0.973259,257.842
2373,0.195588,0.360286,257.869
2374,0.112988,-0.351446,258.085
2375,0.142618,0.667262,258.36
2376,-0.147916,-0.993016,259.074
2377,-0.974505,-0.999233,259.075
2378,-0.354831,-0.255691,259.085
2379,0.243773,-0.356616,259.445
2380,0.116549,0.744374,259.839
2381,-0.357267,-0.8045,260.039
2382,0.181051,0.470182,260.123
2383,0.335512,0.939187,260.487
2384,0.697954,0.996574,260.576
2385,0.367128,0.488164,260.591
2386,0.261446,0.337159,260.597
2387,0.459556,0.0195809,260.79
2388,0.589027,0.978501,260.942
2389,-0.476983,-0.625285,260.964
2390,-0.197212,0.221733,261.14
2391,-0.411137,-0.900239,261.379
2392,-0.160172,-0.414477,261.443
2393,-0.462399,-0.440912,261.444
2394,0.82591,0.348412,261.672
2395,1.01207,0.914127,261.682
2396,-0.215995,0.172932,261.833
2397,-0.359245,-0.920177,262.147
2398,0.309387,-0.0491173,262.276
2399,0.872857,0.905327,262.277
2400,-0.242435,-0.192693,262.279
2401,0.643418,-0.36451,263.295
2402,0.572754,0.737301,263.322
2403,0.486465,0.741865,263.388
2404,0.687484,0.992346,263.481
2405,0.0115403,-0.113446,263.496
2406,-0.234684,0.292223,263.774
2407,0.511929,-0.0795704,264.124
2408,0.336768,0.602436,264.194
2409,0.737833,0.978236,264.252
2410,0.610752,0.356476,264.317
2411,-0.580321,-0.578743,264.317
2412,-0.0584292,-0.556521,264.565
2413,-1.20367,0.347192,266.97
2414,0.209199,0.100418,266.982
2415,-0.678543,-0.868836,267.018
2416,-0.745844,-0.999998,267.083
2417,-0.504359,-0.545792,267.084
2418,0.286622,-0.391213,267.544
2419,-0.504264,0.159531,267.984
2420,0.74767,0.906479,268.01
2421,0.604603,0.526367,268.016
2422,0.496938,0.955522,268.226
2423,0.300438,-0.317806,268.608
2424,-0.0788116,0.187017,268.679
2425,-0.0487173,-0.380368,268.789
2426,-0.295913,-0.990851,269.272
2427,-0.682119,-0.86174,269.304
2428,-0.384193,0.173206,269.615
2429,-0.64633,-0.972214,269.721
2430,0.416671,0.145199,269.795
2431,-0.333196,-0.306573,269.796
2432,0.659975,0.855788,269.834
2433,-0.248081,-0.800788,270.139
2434,-0.630361,-0.741597,270.152
2435,-0.461263,-0.354444,270.163
2436,0.152739,0.3717,270.211
2437,-0.209344,-0.620833,270.38
2438,0.182829,0.677076,270.625
2439,0.041462,-0.515269,270.935
2440,-1.05576,-0.978529,270.941
2441,-0.543843,-0.331018,270.986
2442,-0.0658327,0.111291,271.017
2443,-0.69145,-0.927245,271.073
2444,0.32585,0.189461,271.091
2445,0.605945,0.832049,271.143
2446,-0.469411,-0.990585,271.414
2447,-0.273989,0.368213,271.827
2448,0.249251,0.464998,271.873
2449,-0.0257501,-0.480712,272.08
2450,-0.288518,-0.565339,272.157
2451,-0.500131,-0.414109,272.164
2452,-0.651031,-0.892832,272.223
2453,0.766226,0.999996,272.277
2454,-0.550207,-0.914359,272.41
2455,0.87639,0.974288,272.42
2456,-0.377375,0.0316235,272.587
2457,-0.31258,-0.74006,272.77
2458,0.0761358,0.190163,272.783
2459,0.514565,0.348515,272.81
2460,-0.592993,-0.196518,272.967
2461,-0.497978,-0.666801,272.996
2462,0.198679,0.168205,272.997
2463,0.5377,0.987868,273.199
2464,0.0859096,-0.067925,273.223
2465,-0.155373,0.396228,273.527
2466,0.427906,0.485229,273.531
2467,-0.502714,-0.960964,273.741
2468,0.544593,0.744147,273.78
2469,0.597971,0.557206,273.782
2470,0.34365,0.615882,273.856
2471,-0.520486,-0.909509,274.008
2472,-0.122725,0.018682,274.028
2473,1.39419,0.999503,274.183
2474,0.495743,0.78429,274.267
2475,0.473577,0.277626,274.305
2476,0.966189,0.993605,274.306
2477,-0.951016,-0.981861,274.307
2478,-0.0454427,0.0661631,274.319
2479,-0.134888,0.518797,274.746
2480,0.821172,0.963861,274.767
2481,0.534384,0.906785,274.905
2482,0.84539,0.913191,274.91
2483,0.538483,0.42427,274.923
2484,-0.489862,-0.889531,275.083
2485,0.110125,0.412111,275.174
2486,0.338499,0.540049,275.215
2487,0.107089,-0.186814,275.301
2488,-0.436515,-0.588096,275.324
2489,0.492288,0.890444,275.483
2490,-0.961908,-0.845197,275.496
2491,-0.570994,-0.990522,275.672
2492,-0.0419432,0.47652,275.941
2493,-0.69727,-0.873972,275.972
2494,-0.598048,-0.995188,276.13
2495,-0.409002,0.15742,276.451
2496,-0.684544,-0.998742,276.549
2497,-0.667048,-0.781266,276.562
2498,0.0300312,0.485911,276.77
2499,0.496942,0.629745,276.788
2500,-0.778318,-0.997786,276.836
2501,0.203073,0.630024,277.018
2502,-0.971006,-0.932612,277.02
2503,0.433815,-0.162088,277.375
2504,-0.328901,0.268712,277.732
2505,-0.488939,-0.86787,277.876
2506,-0.694819,-0.809964,277.889
2507,0.858223,0.997316,277.908
2508,0.500265,0.745276,277.968
2509,-0.0821128,-0.576141,278.212
2510,0.176775,-0.385314,278.528
2511,-0.954707,-0.995499,278.53
2512,-0.803738,-0.994016,278.566
2513,0.26569,0.812318,278.865
2514,0.0703303,-0.0964984,278.893
2515,-0.550804,-0.98339,279.08
2516,-0.0387235,0.735303,279.679
2517,0.942806,0.942977,279.679
2518,0.0634292,-0.270578,279.791
2519,-0.0409098,0.0819711,279.806
2520,-0.315046,-0.690251,279.947
2521,0.763937,0.984578,279.995
2522,-0.348028,-0.76604,280.17
2523,-0.28464,-0.427549,280.19
2524,-0.0439498,-0.622196,280.525
2525,0.300863,0.592185,280.61
2526,0.671896,0.773417,280.62
2527,-0.112712,-0.743136,281.017
2528,-0.293268,-0.261414,281.018
2529,-0.291905,-0.897392,281.385
2530,-0.0745569,-0.168166,281.394
2531,0.466657,0.105423,281.524
2532,-0.123429,0.28585,281.692
2533,-0.43218,-0.84619,281.863
2534,-0.906794,-0.966885,281.867
2535,-0.0692504,-0.567765,282.115
2536,0.143958,0.358308,282.161
2537,-0.536108,-0.568888,282.162
2538,-0.504275,-0.972077,282.381
2539,0.0966895,7.28436e-05,282.39
2540,0.670057,0.979753,282.486
2541,-0.375714,-0.627318,282.55
2542,-0.994741,-0.913373,282.556
2543,0.632951,0.596033,282.558
2544,0.416356,0.686546,282.631
2545,0.259883,0.56236,282.722
2546,0.211396,0.436335,282.773
2547,-0.0087609,0.0965788,282.784
2548,0.664261,0.966604,282.875
2549,-0.375992,-0.579282,282.917
2550,0.762223,0.854646,282.925
2551,-0.362001,-0.103817,282.992
2552,0.672408,-0.203831,283.76
2553,0.202943,0.654137,283.963
2554,0.0797882,0.274386,284.001
2555,-0.19847,-0.997062,284.639
2556,-0.699218,-0.924522,284.69
2557,0.139387,0.657798,284.958
2558,0.96873,0.974899,284.958
2559,0.237245,-0.257721,285.203
2560,-0.130782,-0.457768,285.31
2561,-0.623622,-0.988736,285.444
2562,0.359738,0.780032,285.62
2563,-0.499603,-0.882307,285.767
2564,-0.302598,-0.877151,286.097
2565,0.176547,-0.0515207,286.149
2566,0.472617,0.460338,286.149
2567,0.158605,0.426226,286.221
2568,-0.880567,-0.985645,286.232
2569,0.152208,0.575159,286.411
2570,1.22745,0.991588,286.466
2571,0.551212,0.838882,286.549
2572,-0.149039,0.100503,286.611
2573,-0.0875803,-0.9248,287.312
2574,-0.110556,0.432458,287.607
2575,-0.230117,-0.406515,287.638
2576,-0.518141,-0.788163,287.711
2577,-0.722241,-0.992859,287.784
2578,-0.461727,-0.642438,287.817
2579,-0.999955,-0.903378,287.826
2580,-0.520203,0.0251978,288.124
2581,-0.96998,-0.872362,288.133
2582,-0.533785,-0.903991,288.27
2583,0.296387,0.14217,288.294
2584,-0.30514,-0.347087,288.296
2585,-0.858628,-0.940914,288.303
2586,0.301889,0.657639,288.429
2587,0.852981,0.974289,288.444
2588,0.00540695,-0.496737,288.696
2589,0.209386,0.121962,288.704
2590,-1.24447,-0.959249,288.785
2591,-0.0619353,0.00338904,288.789
2592,0.521729,0.841868,288.892
2593,-0.0258904,-0.0248055,288.892
2594,0.0090721,0.323592,288.991
2595,-0.14335,-0.646024,289.243
2596,-0.399504,-0.252411,289.265
2597,-0.728874,-0.319253,289.433
2598,0.0823439,-0.688137,290.026
2599,0.656895,0.95262,290.114
2600,0.389798,0.966598,290.447
2601,-0.604746,-0.894118,290.53
2602,-0.485473,-0.541776,290.533
2603,-0.16272,-0.937559,291.134
2604,0.673973,0.956535,291.214
2605,-0.192674,-0.485595,291.299
2606,-0.488272,-0.895752,291.466
2607,0.619092,0.875363,291.531
2608,-1.43251,-0.987435,291.729
2609,0.794828,0.971894,291.761
2610,-0.138998,-0.815556,292.218
2611,0.325291,0.211378,292.231
2612,-0.414581,-0.165657,292.293
2613,-0.308572,-0.919772,292.667
2614,-0.817805,-0.992974,292.698
2615,0.784304,0.996404,292.743
2616,0.602565,-0.00898398,293.117
2617,-0.929884,-0.976574,293.119
2618,-0.149831,0.391845,293.412
2619,1.14894,0.991303,293.437
2620,-0.270205,-0.742373,293.66
2621,-0.575926,-0.248571,293.767
2622,0.806831,0.80951,293.767
2623,0.82037,0.559845,293.835
2624,0.561962,0.728232,293.863
2625,0.460188,0.824216,293.995
2626,-0.931676,-0.988652,293.998
2627,0.426566,0.632595,294.041
2628,0.0155892,0.216457,294.081
2629,0.279756,0.47533,294.119
2630,0.133152,0.440478,294.214
2631,-0.0713488,-0.832588,294.793
2632,-0.214276,0.390545,295.159
2633,0.707381,0.999423,295.244
2634,0.823994,0.972962,295.267
2635,-0.467366,-0.970634,295.52
2636,-0.190692,-0.494078,295.612
2637,-0.78947,-0.986827,295.651
2638,0.285945,0.592509,295.745
2639,-0.868293,-0.670034,295.784
2640,-0.703951,-0.999309,295.871
2641,-0.5724,-0.0788936,296.115
2642,0.0265304,-0.109632,296.134
2643,0.118014,0.0344113,296.141
2644,-1.38977,-0.96478,296.321
2645,0.137949,0.122351,296.321
2646,-0.186112,-0.22584,296.323
2647,0.491732,0.611529,296.337
2648,-1.42967,-0.998079,296.524
2649,-0.183624,-0.504183,296.626
2650,-0.056187,0.144611,296.667
2651,0.579844,0.990766,296.836
2652,0.226299,0.118016,296.847
2653,0.245428,0.119252,296.863
2654,0.105963,0.386017,296.942
2655,0.0452957,0.403697,297.07
2656,0.291173,0.338153,297.072
2657,-0.434686,-0.623443,297.108
2658,-0.461291,-0.712991,297.171
2659,0.0638303,-0.0594195,297.186
2660,-0.756699,-0.990664,297.241
2661,0.11267,0.0263802,297.249
2662,-0.0952328,0.712849,297.902
2663,-0.606325,-0.986684,298.046
2664,-0.378425,-0.759258,298.191
2665,0.890247,0.867274,298.192
2666,0.546341,0.941281,298.348
2667,-0.0521203,0.523084,298.679
2668,0.325166,0.462185,298.697
2669,-0.129949,0.398594,298.977
2670,0.69748,0.999438,299.068
2671,1.2749,0.981342,299.154
2672,0.390334,-0.637383,300.21
2673,0.654,0.779736,300.226
2674,-0.452898,-0.734339,300.305
2675,-0.273523,-0.983558,300.81
2676,-0.193763,-0.575058,300.955
2677,-0.0767828,-0.176793,300.965
2678,-0.604212,-0.460448,300.986
2679,0.506431,0.48064,300.986
2680,0.508985,0.886825,301.129
2681,-0.119954,-0.952291,301.822
2682,-0.671584,-0.927432,301.887
2683,0.807714,0.955669,301.909
2684,-0.28531,-0.826232,302.202
2685,0.48101,0.998429,302.469
2686,0.590937,0.953374,302.601
2687,-0.293528,-0.682879,302.752
2688,-1.32604,-0.956763,302.889
2689,-0.596886,-0.906818,302.985
2690,-0.45251,-0.492409,302.986
2691,0.770863,0.963376,303.024
2692,0.609347,0.34367,303.094
2693,1.05768,0.924551,303.112
2694,-0.213387,-0.606229,303.266
2695,-0.185325,-0.355972,303.295
2696,-0.0682304,-0.307732,303.353
2697,-0.101737,-0.35792,303.418
2698,0.0230515,-0.226165,303.48
2699,0.8792,0.996897,303.494
2700,-0.101115,0.0706788,303.524
2701,1.04248,0.88096,303.55
2702,-0.0390332,-0.36558,303.656
2703,-0.274267,-0.478985,303.698
2704,-0.301367,-0.611336,303.794
2705,-0.0720062,0.658833,304.329
2706,0.058941,0.254396,304.367
2707,0.390846,0.889008,304.615
2708,-0.442411,-0.967212,304.89
2709,1.29534,0.981906,304.989
2710,-1.05669,-0.974834,304.995
2711,-0.370516,-0.450182,305.002
2712,0.024898,0.242113,305.049
2713,0.131414,0.567928,305.239
2714,-0.288863,-0.521342,305.293
2715,-0.432144,-0.827363,305.45
2716,0.0377558,0.761941,305.974
2717,0.201209,0.570007,306.11
2718,1.0099,0.971037,306.112
2719,0.326547,0.823668,306.359
2720,0.00148244,0.161464,306.384
2721,-1.01096,-0.99164,306.385
2722,-0.539985,-0.93724,306.542
2723,-0.249349,-0.216901,306.544
2724,0.422573,0.385674,306.545
2725,-0.118647,0.377114,306.791
2726,-0.294776,-0.442869,306.813
2727,-0.442114,-0.898203,307.021
2728,0.46179,0.852353,307.173
2729,0.424486,0.491824,307.178
2730,-1.11167,-0.996043,307.191
2731,-0.186194,-0.0032174,307.225
2732,0.0981578,-0.117507,307.271
2733,0.0822912,-0.539103,307.657
2734,1.11979,0.996714,307.672
2735,1.29576,0.981766,307.771
2736,0.515056,0.73008,307.817
2737,-0.310942,-0.318932,307.817
2738,0.384273,0.620474,307.873
2739,0.484671,0.245254,307.93
2740,-0.888749,-0.977843,307.938
2741,1.028,0.981924,307.94
2742,0.75587,0.895931,307.96
2743,0.273492,-0.0264111,308.05
2744,-0.378772,-0.798471,308.226
2745,0.355558,0.398292,308.228
2746,-0.181098,-0.428209,308.289
2747,-0.110726,-0.380855,308.362
2748,0.0936402,0.148506,308.365
2749,-0.987456,-0.997263,308.365
2750,1.09278,0.957439,308.383
2751,0.631517,0.876339,308.443
2752,-0.0790061,-0.313086,308.498
2753,-0.399161,-0.591776,308.535
2754,0.598629,0.272108,308.642
2755,-1.21763,-0.998305,308.69
2756,-0.982885,-0.981258,308.69
2757,-1.48553,-0.275708,310.154
2758,-0.937995,-0.86902,310.158
2759,-1.38591,-0.976623,310.326
2760,-0.80856,-0.974196,310.353
2761,0.136349,-0.373604,310.613
2762,0.933089,0.989787,310.617
2763,0.300867,0.250262,310.619
2764,-0.902994,-0.859303,310.621
2765,-0.53743,-0.635462,310.631
2766,-0.373045,-0.779846,310.796
2767,0.629421,0.478914,310.819
2768,0.194257,0.789738,311.173
2769,-0.642853,-0.9998,311.301
2770,0.532478,-0.332525,312.049
2771,-0.355616,-0.350077,312.049
2772,0.222239,-0.0892654,312.146
2773,-0.273758,-0.967116,312.627
2774,1.51867,0.999471,312.896
2775,0.525996,0.799496,312.971
2776,0.448847,0.720009,313.045
2777,-0.153047,-0.27152,313.059
2778,-0.189805,0.338989,313.338
2779,0.384227,0.62173,313.395
2780,0.916958,0.974305,313.398
2781,0.532702,0.644603,313.411
2782,0.667995,0.284003,313.558
2783,0.822755,0.951553,313.575
2784,0.0178307,-0.414454,313.762
2785,0.659646,0.355876,313.854
2786,-0.491063,0.481467,314.8
2787,-0.342942,-0.955206,315.175
2788,0.381358,0.769991,315.326
2789,1.02979,0.854231,315.356
2790,-0.423977,-0.658805,315.412
2791,1.05262,0.767324,315.493
2792,1.27599,0.999976,315.569
2793,-0.39109,-0.284897,315.58
2794,-0.253786,-0.66192,315.747
2795,0.197732,0.0164643,315.78
2796,0.493782,0.32048,315.81
2797,-0.643257,-0.223258,315.986
2798,0.270903,0.868862,316.344
2799,1.01306,0.786897,316.395
2800,0.713956,0.947565,316.449
2801,-0.233584,-0.728884,316.695
2802,0.131517,0.157867,316.696
2803,0.199433,-0.0658191,316.766
2804,-0.0409755,0.61633,317.198
2805,-0.960157,-0.993951,317.199
2806,0.305607,0.209124,317.208
2807,-0.64946,-0.680389,317.209
2808,-0.647842,-0.998464,317.332
2809,0.311745,0.00249853,317.428
2810,0.234099,0.605344,317.566
2811,-0.242794,-0.485438,317.625
2812,0.0774309,0.0976553,317.625
2813,0.930223,0.993525,317.629
2814,0.139726,0.0601342,317.635
2815,-0.296057,-0.616911,317.738
2816,-0.602193,-0.99868,317.895
2817,0.33472,0.450439,317.909
2818,0.0916069,-0.136802,317.961
2819,0.457716,0.858046,318.121
2820,-1.08647,-0.93745,318.144
2821,-0.925866,-0.918599,318.144
2822,-0.484808,-0.609308,318.159
2823,0.560804,0.74611,318.193
2824,0.622014,0.296972,318.299
2825,-0.115077,0.279664,318.455
2826,-0.253401,-0.585548,318.565
2827,0.808593,0.544046,318.635
2828,-0.105078,0.0353939,318.655
2829,0.700267,0.486016,318.701
2830,0.159836,0.114547,318.703
2831,1.06939,0.912626,318.727
2832,0.563841,0.931181,318.862
2833,-0.401312,-0.985643,319.204
2834,-0.420576,0.146159,319.525
2835,-0.279608,-0.992055,320.033
2836,0.145208,0.0944635,320.035
2837,0.321901,0.143972,320.067
2838,-0.0109246,0.349157,320.197
2839,-0.105281,-0.456456,320.32
2840,-0.621435,-0.873951,320.384
2841,0.402444,0.658215,320.449
2842,-0.359498,-0.662127,320.541
2843,-0.117978,-0.527795,320.709
2844,-0.0726138,-0.0136286,320.712
2845,-0.383725,-0.305464,320.718
2846,-0.70755,-0.958884,320.781
2847,-0.123278,0.29928,320.96
2848,0.352856,0.557291,321.002
2849,-0.818403,-0.868549,321.004
2850,-0.474791,-0.439143,321.005
2851,0.597741,0.882602,321.087
2852,-0.954896,-0.991215,321.088
2853,0.762518,0.908166,321.109
2854,0.302486,-0.268422,321.435
2855,0.333646,0.950971,321.816
2856,-0.351319,-0.935646,322.158
2857,-0.906301,-0.996532,322.166
2858,-0.55213,-0.575154,322.166
2859,1.07016,0.981766,322.174
2860,0.452134,0.84468,322.328
2861,-0.0127846,-0.120077,322.34
2862,-0.217061,-0.822297,322.706
2863,0.637341,0.929565,322.791
2864,0.276334,0.181186,322.8
2865,0.602335,0.869376,322.872
2866,-0.383465,-0.249396,322.89
2867,0.0848205,-0.181235,322.961
2868,-0.963317,-0.720239,323.02
2869,-0.65493,-0.877395,323.069
2870,-0.0357449,-0.442509,323.235
2871,0.0298994,0.335094,323.328
2872,0.385927,-0.197063,323.668
2873,-0.380753,-0.0605654,323.77
2874,-1.24522,-0.9779,323.842
2875,-0.11766,-0.345201,323.893
2876,-0.317907,-0.349311,323.894
2877,-0.122336,-0.461023,324.009
2878,0.748924,0.854253,324.02
2879,-0.153097,0.420758,324.349
2880,-0.359349,-0.959288,324.709
2881,0.418354,0.74615,324.817
2882,0.121431,0.196653,324.822
2883,-0.0757857,-0.559729,325.057
2884,-0.193012,0.134627,325.164
2885,-0.356966,-0.645693,325.247
2886,0.819834,0.954375,325.265
2887,0.638662,0.434839,325.307
2888,-0.0643116,0.658332,325.829
2889,-0.235387,-0.959594,326.354
2890,-1.15716,-0.998905,326.379
2891,-0.572689,-0.748482,326.41
2892,-0.9613,-0.936249,326.41
2893,-0.242201,-0.422878,326.443
2894,-0.108336,0.282585,326.596
2895,-0.962157,-0.989675,326.597
2896,-0.0907227,-0.00618748,326.604
2897,-0.780385,-0.732909,326.606
2898,-0.624514,-0.489553,326.624
2899,0.101026,-0.733744,327.321
2900,0.429544,0.917534,327.559
2901,0.573304,0.831397,327.626
2902,-1.0731,-0.981788,327.634
2903,-0.0962577,-0.0832497,327.634
2904,-0.492058,-0.363785,327.651
2905,0.594273,0.519463,327.656
2906,0.853999,0.981394,327.672
2907,-0.14259,-0.0412382,327.683
2908,-0.730784,-0.93302,327.724
2909,0.635669,0.96132,327.83
2910,-1.38741,-0.999999,327.98
2911,0.0780739,0.144991,327.984
2912,0.49674,0.402442,327.993
2913,0.173369,0.923174,328.555
2914,-0.442118,-0.984799,328.85
2915,-0.914843,-0.92687,328.85
2916,0.671835,0.859633,328.885
2917,-0.301071,-0.222421,328.891
2918,1.11276,0.872723,328.949
2919,-0.4619,-0.962166,329.199
2920,-0.38347,-0.688817,329.293
2921,0.208391,0.99401,329.91
2922,-0.530458,-0.904857,330.05
2923,0.523559,0.827729,330.142
2924,0.230709,0.00122366,330.195
2925,-0.384521,-0.729807,330.314
2926,-0.58872,-0.775795,330.349
2927,0.741857,0.976942,330.405
2928,-0.274572,-0.200344,330.41
2929,-0.0578216,-0.300521,330.469
2930,0.194074,0.115135,330.475
2931,-0.0262304,-0.0668798,330.477
2932,1.15042,0.971133,330.509
2933,0.615752,0.706265,330.517
2934,0.256186,0.860821,330.883
2935,0.307383,-0.0116348,330.985
2936,0.868804,0.999116,331.002
2937,0.1781,0.625847,331.202
2938,0.176685,0.77877,331.565
2939,0.288578,-0.600215,332.355
2940,-0.930475,-0.996976,332.359
2941,-0.626838,-0.437026,332.395
2942,1.12466,0.990699,332.413
2943,0.0700311,0.158738,332.421
2944,-0.658179,-0.709515,332.423
2945,-0.746596,-0.818269,332.429
2946,-0.212089,-0.368616,332.453
2947,-1.17677,-0.896153,332.532
2948,-0.289768,-0.868878,332.867
2949,-0.368722,-0.272724,332.876
2950,0.351829,0.437294,332.884
2951,0.634156,0.764332,332.901
2952,-0.126377,-0.634829,333.159
2953,0.390544,0.867359,333.387
2954,-0.189738,-0.728277,333.677
2955,-0.278887,0.19715,333.903
2956,0.993423,0.921686,333.908
2957,0.82026,0.511206,334.004
2958,0.984742,0.920093,334.008
2959,-1.3659,-0.987044,334.152
2960,-0.89072,-0.963033,334.157
2961,0.263691,0.488536,334.207
2962,-0.0736901,0.00127925,334.213
2963,-0.886244,-0.939122,334.216
2964,-0.526287,-0.0844467,334.411
2965,-0.178352,-0.971438,335.04
2966,-0.471877,-0.173256,335.129
2967,-0.491818,-0.938247,335.328
2968,0.455343,0.999351,335.624
2969,0.504366,0.994988,335.865
2970,-0.102732,-0.790693,336.338
2971,-0.785996,-0.700352,336.346
2972,-1.03928,-0.967754,336.351
2973,-0.0104278,-0.470407,336.562
2974,0.454443,0.729081,336.638
2975,-0.109977,0.260562,336.775
2976,0.111973,0.246011,336.793
2977,0.807218,0.999755,336.83
2978,0.84823,0.829607,336.831
2979,0.78324,0.933571,336.853
2980,1.14225,0.997851,336.874
2981,0.298247,0.131448,336.902
2982,-0.878256,-0.947964,336.907
2983,0.631494,0.652039,336.907
2984,0.294899,0.738984,337.104
2985,0.0133148,-0.374321,337.255
2986,0.672686,0.957513,337.336
2987,-0.56564,-0.889294,337.44
2988,-0.299318,-0.520856,337.49
2989,-0.360953,-0.915303,337.797
2990,0.463946,0.772489,337.892
2991,0.449152,0.790644,338.009
2992,-0.386939,-0.86751,338.24
2993,0.830732,0.647385,338.273
2994,0.289128,0.591515,338.365
2995,0.0949621,-0.742901,339.067
2996,-0.13377,0.510345,339.482
2997,-0.137047,-0.320787,339.515
2998,-0.691544,-0.930856,339.573
2999,0.224853,0.666503,339.768
