t,predict_test,teacher
501,0.160535,0.164706,1.73974e-05
502,0.107836,0.117647,0.00011365
503,0.113858,0.12549,0.000248969
504,0.194746,0.196078,0.000250745
505,0.354738,0.337255,0.000556401
506,0.411763,0.403922,0.000617888
507,0.272766,0.286275,0.000800375
508,0.162283,0.164706,0.000806245
509,0.107988,0.113725,0.000839159
510,0.103147,0.117647,0.00104941
511,0.179271,0.192157,0.00121546
512,0.369101,0.341176,0.00199523
513,0.42429,0.411765,0.00215212
514,0.27304,0.286275,0.00232728
515,0.160097,0.160784,0.00232776
516,0.104316,0.109804,0.00235787
517,0.0994566,0.117647,0.00268876
518,0.189664,0.192157,0.00269498
519,0.368759,0.345098,0.00325483
520,0.428718,0.427451,0.00325643
521,0.281648,0.290196,0.0033295
522,0.156245,0.156863,0.00332988
523,0.0986021,0.109804,0.00345536
524,0.112712,0.113725,0.00345639
525,0.17611,0.180392,0.00347473
526,0.350603,0.345098,0.00350503
527,0.458562,0.443137,0.00374294
528,0.289587,0.298039,0.00381438
529,0.155099,0.160784,0.0038467
530,0.107946,0.109804,0.00385016
531,0.110629,0.113725,0.00385974
532,0.177875,0.180392,0.00386608
533,0.351758,0.345098,0.00391044
534,0.459358,0.45098,0.00398061
535,0.296064,0.309804,0.00416941
536,0.1603,0.164706,0.00418882
537,0.107507,0.105882,0.00419146
538,0.0945049,0.109804,0.00442552
539,0.177994,0.172549,0.00445517
540,0.34411,0.341176,0.00446377
541,0.473967,0.466667,0.00451706
542,0.309042,0.32549,0.00478759
543,0.163471,0.164706,0.00478911
544,0.09982,0.105882,0.00482587
545,0.104367,0.105882,0.00482816
546,0.166845,0.164706,0.00483274
547,0.334276,0.333333,0.00483363
548,0.486172,0.482353,0.00484822
549,0.326488,0.34902,0.00535588
550,0.169289,0.176471,0.00540745
551,0.108628,0.109804,0.00540883
552,0.107042,0.101961,0.00543465
553,0.147459,0.152941,0.00546471
554,0.314017,0.313725,0.00546479
555,0.494548,0.490196,0.00548373
556,0.352561,0.368627,0.00574187
557,0.175417,0.184314,0.00582101
558,0.11106,0.109804,0.00582259
559,0.103381,0.101961,0.00582461
560,0.15288,0.145098,0.00588516
561,0.290607,0.294118,0.00589748
562,0.48886,0.494118,0.00592512
563,0.381376,0.396078,0.00614129
564,0.185489,0.196078,0.00625342
565,0.111336,0.109804,0.00625577
566,0.095901,0.0980392,0.00626034
567,0.145839,0.137255,0.00633402
568,0.279129,0.27451,0.00635536
569,0.481089,0.490196,0.00643829
570,0.407139,0.431373,0.00702558
571,0.202999,0.211765,0.00710242
572,0.109793,0.113725,0.00711789
573,0.0989061,0.0980392,0.00711864
574,0.146227,0.12549,0.00754867
575,0.241218,0.243137,0.00755235
576,0.461526,0.478431,0.00783816
577,0.453032,0.470588,0.0081464
578,0.225086,0.239216,0.00834606
579,0.11646,0.12549,0.0084276
580,0.111395,0.0941176,0.00872609
581,0.114775,0.113725,0.00872719
582,0.21466,0.219608,0.00875167
583,0.451972,0.45098,0.00875265
584,0.476294,0.505882,0.00962815
585,0.256133,0.262745,0.00967186
586,0.117722,0.12549,0.0097322
587,0.0951848,0.0901961,0.00975709
588,0.113881,0.101961,0.00989917
589,0.185316,0.188235,0.00990769
590,0.414917,0.407843,0.00995773
591,0.50996,0.537255,0.0107028
592,0.296807,0.305882,0.0107851
593,0.12861,0.141176,0.010943
594,0.0993058,0.0901961,0.011026
595,0.0973464,0.0980392,0.0110265
596,0.177335,0.160784,0.0113004
597,0.353024,0.364706,0.0114369
598,0.538628,0.556863,0.0117694
599,0.339671,0.352941,0.0119455
600,0.140894,0.14902,0.0120115
601,0.0823659,0.0941176,0.0121496
602,0.119408,0.0862745,0.0132474
603,0.127248,0.137255,0.0133476
604,0.315941,0.305882,0.0134488
605,0.53466,0.556863,0.0139417
606,0.40193,0.407843,0.0139767
607,0.165699,0.176471,0.0140927
608,0.096379,0.0941176,0.0140978
609,0.0894168,0.0784314,0.0142185
610,0.107208,0.109804,0.0142253
611,0.24601,0.247059,0.0142264
612,0.523957,0.521569,0.0142321
613,0.467637,0.486275,0.0145794
614,0.210364,0.211765,0.0145814
615,0.0962906,0.0980392,0.0145845
616,0.0786141,0.0784314,0.0145845
617,0.118912,0.0941176,0.0151992
618,0.185504,0.196078,0.0153111
619,0.464048,0.466667,0.0153179
620,0.539647,0.54902,0.0154058
621,0.261425,0.262745,0.0154075
622,0.108057,0.117647,0.0154995
623,0.0968621,0.0784314,0.0158392
624,0.0913078,0.0823529,0.0159194
625,0.140294,0.14902,0.0159955
626,0.373042,0.384314,0.0161226
627,0.594637,0.592157,0.0161287
628,0.329884,0.337255,0.016183
629,0.126953,0.133333,0.0162237
630,0.0785886,0.0784314,0.0162238
631,0.0893071,0.0745098,0.0164427
632,0.11877,0.121569,0.0164506
633,0.304691,0.298039,0.0164948
634,0.574345,0.592157,0.0168121
635,0.425174,0.435294,0.0169145
636,0.160387,0.168627,0.0169824
637,0.0814478,0.0823529,0.0169832
638,0.0761567,0.0705882,0.0170142
639,0.111335,0.0941176,0.0173106
640,0.211579,0.219608,0.0173751
641,0.524632,0.52549,0.0173758
642,0.524899,0.537255,0.0175285
643,0.226987,0.223529,0.0175405
644,0.0919452,0.0941176,0.0175452
645,0.0729657,0.0666667,0.0175849
646,0.0883517,0.0823529,0.0176209
647,0.175977,0.156863,0.0179862
648,0.4018,0.419608,0.0183033
649,0.606073,0.615686,0.0183957
650,0.313463,0.317647,0.0184132
651,0.108346,0.121569,0.0185881
652,0.0751731,0.0705882,0.0186091
653,0.0761174,0.0666667,0.0186984
654,0.103434,0.113725,0.0188043
655,0.30705,0.301961,0.0188302
656,0.609512,0.619608,0.0189321
657,0.427825,0.443137,0.0191666
658,0.150105,0.160784,0.0192806
659,0.074227,0.0784314,0.0192983
660,0.0815751,0.0666667,0.0195206
661,0.105394,0.0901961,0.0197516
662,0.209236,0.207843,0.0197535
663,0.515257,0.529412,0.0199538
664,0.555218,0.584314,0.0208004
665,0.23966,0.239216,0.0208006
666,0.0821843,0.0980392,0.021052
667,0.0825676,0.0705882,0.0211955
668,0.105175,0.0745098,0.0221359
669,0.129692,0.141176,0.0222678
670,0.381185,0.384314,0.0222776
671,0.623648,0.662745,0.0238062
672,0.358606,0.360784,0.0238109
673,0.101557,0.129412,0.0245868
674,0.0744029,0.0745098,0.0245868
675,0.0959803,0.0666667,0.0254461
676,0.0985934,0.0980392,0.0254464
677,0.245314,0.247059,0.0254495
678,0.575455,0.607843,0.0264985
679,0.516768,0.537255,0.0269182
680,0.181259,0.2,0.0272694
681,0.0744433,0.0862745,0.0274094
682,0.0805954,0.0627451,0.027728
683,0.0847423,0.0745098,0.0278327
684,0.155402,0.152941,0.0278388
685,0.425405,0.435294,0.0279366
686,0.634873,0.678431,0.0298339
687,0.32235,0.321569,0.0298345
688,0.0806299,0.117647,0.0312048
689,0.0827766,0.0705882,0.0313533
690,0.0899206,0.0666667,0.0318941
691,0.103098,0.0980392,0.0319197
692,0.249466,0.262745,0.032096
693,0.606863,0.643137,0.0334118
694,0.503552,0.52549,0.0338931
695,0.15534,0.180392,0.0345207
696,0.0656528,0.0862745,0.034946
697,0.111604,0.0588235,0.0377317
698,0.0599294,0.0745098,0.0379443
699,0.167081,0.145098,0.0384276
700,0.406158,0.439216,0.0395204
701,0.663203,0.705882,0.0413419
702,0.324167,0.329412,0.0413694
703,0.0640295,0.109804,0.0434647
704,0.0621797,0.0666667,0.0434848
705,0.0957629,0.054902,0.0451544
706,0.0599305,0.0862745,0.0458484
707,0.242535,0.235294,0.0459009
708,0.602842,0.639216,0.0472239
709,0.549733,0.572549,0.0477445
710,0.174133,0.192157,0.0480694
711,0.0607301,0.0784314,0.0483827
712,0.0799067,0.054902,0.0490079
713,0.072368,0.0627451,0.0491005
714,0.12709,0.117647,0.0491897
715,0.354472,0.372549,0.0495165
716,0.692807,0.741176,0.0518561
717,0.381488,0.388235,0.0519016
718,0.0729771,0.121569,0.0542627
719,0.0632326,0.0627451,0.054263
720,0.0743917,0.0509804,0.0548111
721,0.0619854,0.0705882,0.0548851
722,0.185479,0.160784,0.0554949
723,0.478285,0.537255,0.0589723
724,0.685456,0.698039,0.0591306
725,0.258987,0.25098,0.0591947
726,0.0587642,0.0862745,0.0599515
727,0.0730503,0.054902,0.0602809
728,0.0749031,0.0509804,0.0608532
729,0.0679149,0.0784314,0.0609638
730,0.231757,0.231373,0.0609639
731,0.628425,0.690196,0.0647796
732,0.575211,0.588235,0.0649492
733,0.148893,0.172549,0.0655088
734,0.0482896,0.0705882,0.066006
735,0.090047,0.0470588,0.067854
736,0.0537904,0.0470588,0.0678993
737,0.074768,0.0862745,0.0680317
738,0.294039,0.301961,0.0680945
739,0.724844,0.780392,0.0711801
740,0.463452,0.482353,0.0715373
741,0.0716763,0.129412,0.0748707
742,0.0465689,0.054902,0.0749402
743,0.0602247,0.0431373,0.0752321
744,0.0629101,0.0431373,0.0756231
745,0.0756981,0.0901961,0.0758333
746,0.333493,0.337255,0.0758474
747,0.759416,0.835294,0.081605
748,0.418564,0.439216,0.0820315
749,0.0395229,0.105882,0.086435
750,0.0304413,0.0470588,0.0867112
751,0.0537921,0.0392157,0.0869236
752,0.0586503,0.0392157,0.0873014
753,0.0732974,0.0823529,0.0873834
754,0.321346,0.301961,0.0877591
755,0.744918,0.866667,0.102582
756,0.477808,0.490196,0.102735
757,0.0259863,0.109804,0.109761
758,0.0274575,0.0470588,0.110145
759,0.0609042,0.0392157,0.110615
760,0.0653208,0.0313725,0.111768
761,0.0286177,0.0509804,0.112268
762,0.201682,0.168627,0.113361
763,0.598794,0.729412,0.130422
764,0.73644,0.764706,0.131221
765,0.161226,0.172549,0.131349
766,0.0159556,0.054902,0.132866
767,0.064268,0.0352941,0.133705
768,0.0398121,0.0313725,0.133776
769,0.0261535,0.027451,0.133778
770,0.0671212,0.0392157,0.134557
771,0.167509,0.145098,0.135059
772,0.568881,0.768627,0.174958
773,0.815908,0.85098,0.176188
774,0.162962,0.168627,0.17622
775,0.000747472,0.0470588,0.178365
776,0.0267158,0.0313725,0.178386
777,0.0263231,0.0313725,0.178412
778,0.0358851,0.0235294,0.178564
779,0.0513618,0.0196078,0.179573
780,0.0761593,0.027451,0.181945
781,0.126048,0.0705882,0.185021
782,0.306923,0.211765,0.194076
783,0.597515,0.203922,0.348992
784,0.188048,0.156863,0.349964
785,0.0996561,0.145098,0.352029
786,0.172508,0.160784,0.352167
787,0.214659,0.2,0.352382
788,0.256904,0.254902,0.352386
789,0.281792,0.290196,0.352456
790,0.253934,0.282353,0.353264
791,0.219869,0.235294,0.353502
792,0.180122,0.196078,0.353757
793,0.173235,0.184314,0.353879
794,0.196798,0.211765,0.354103
795,0.26298,0.258824,0.354121
796,0.286986,0.298039,0.354243
797,0.270916,0.282353,0.354374
798,0.217988,0.231373,0.354553
799,0.181325,0.192157,0.35467
800,0.176211,0.188235,0.354815
801,0.214506,0.219608,0.354841
802,0.270188,0.270588,0.354841
803,0.29179,0.309804,0.355165
804,0.27237,0.282353,0.355265
805,0.209649,0.227451,0.355582
806,0.180807,0.192157,0.355711
807,0.184542,0.188235,0.355724
808,0.213188,0.223529,0.355831
809,0.278031,0.278431,0.355831
810,0.297665,0.309804,0.355979
811,0.262928,0.282353,0.356356
812,0.213344,0.219608,0.356395
813,0.168417,0.188235,0.356788
814,0.188787,0.192157,0.356799
815,0.228298,0.227451,0.3568
816,0.274847,0.286275,0.356931
817,0.302742,0.313725,0.357051
818,0.259502,0.27451,0.357277
819,0.20177,0.219608,0.357595
820,0.180999,0.184314,0.357606
821,0.177166,0.188235,0.357728
822,0.225412,0.235294,0.357826
823,0.298363,0.294118,0.357844
824,0.2979,0.321569,0.358404
825,0.260257,0.266667,0.358445
826,0.187623,0.211765,0.359028
827,0.181383,0.176471,0.359052
828,0.170859,0.188235,0.359354
829,0.238087,0.235294,0.359362
830,0.295676,0.305882,0.359466
831,0.312984,0.317647,0.359488
832,0.241788,0.262745,0.359927
833,0.190575,0.2,0.360016
834,0.16423,0.172549,0.360085
835,0.179706,0.184314,0.360106
836,0.233615,0.243137,0.360197
837,0.315581,0.313725,0.360201
838,0.308048,0.32549,0.360505
839,0.243261,0.254902,0.36064
840,0.175977,0.192157,0.360902
841,0.163174,0.168627,0.360932
842,0.183463,0.188235,0.360955
843,0.248082,0.247059,0.360956
844,0.312206,0.32549,0.361132
845,0.317233,0.321569,0.361151
846,0.228618,0.25098,0.361651
847,0.178993,0.184314,0.361679
848,0.152023,0.164706,0.36184
849,0.186163,0.188235,0.361844
850,0.255116,0.258824,0.361858
851,0.330672,0.337255,0.361902
852,0.311199,0.321569,0.362009
853,0.220672,0.243137,0.362514
854,0.17399,0.176471,0.36252
855,0.147198,0.160784,0.362705
856,0.188889,0.188235,0.362705
857,0.261577,0.266667,0.362731
858,0.342289,0.341176,0.362732
859,0.30326,0.321569,0.363067
860,0.219803,0.235294,0.363307
861,0.164868,0.172549,0.363366
862,0.150039,0.156863,0.363413
863,0.183821,0.192157,0.363482
864,0.278065,0.278431,0.363482
865,0.351325,0.352941,0.363485
866,0.298941,0.321569,0.363997
867,0.213446,0.223529,0.364099
868,0.152467,0.164706,0.364249
869,0.151338,0.156863,0.364279
870,0.197438,0.196078,0.364281
871,0.283879,0.286275,0.364287
872,0.354178,0.360784,0.36433
873,0.298212,0.321569,0.364876
874,0.209551,0.223529,0.365071
875,0.155898,0.160784,0.365095
876,0.142081,0.14902,0.365143
877,0.183701,0.196078,0.365296
878,0.303786,0.294118,0.36539
879,0.363966,0.372549,0.365464
880,0.29786,0.321569,0.366026
881,0.203115,0.211765,0.366101
882,0.142788,0.156863,0.366299
883,0.15392,0.14902,0.366323
884,0.189292,0.2,0.366437
885,0.309996,0.301961,0.366502
886,0.366973,0.384314,0.366803
887,0.300715,0.321569,0.367237
888,0.196558,0.211765,0.367469
889,0.147923,0.152941,0.367494
890,0.145023,0.14902,0.36751
891,0.198321,0.203922,0.367541
892,0.319456,0.313725,0.367574
893,0.3744,0.392157,0.367889
894,0.29501,0.317647,0.368402
895,0.191228,0.203922,0.368563
896,0.142917,0.14902,0.3686
897,0.147591,0.145098,0.368606
898,0.193316,0.203922,0.368719
899,0.328359,0.321569,0.368765
900,0.384129,0.4,0.369017
901,0.292078,0.317647,0.369671
902,0.188049,0.196078,0.369735
903,0.133023,0.141176,0.369802
904,0.140855,0.145098,0.36982
905,0.210871,0.207843,0.369829
906,0.335148,0.329412,0.369862
907,0.384653,0.411765,0.370597
908,0.295373,0.313725,0.370933
909,0.179166,0.196078,0.37122
910,0.142508,0.137255,0.371247
911,0.12931,0.141176,0.371388
912,0.207608,0.2,0.371446
913,0.32864,0.337255,0.37152
914,0.410833,0.419608,0.371597
915,0.290089,0.313725,0.372156
916,0.175934,0.184314,0.372226
917,0.125623,0.133333,0.372285
918,0.141598,0.133333,0.372354
919,0.190389,0.2,0.372446
920,0.347454,0.341176,0.372485
921,0.414369,0.431373,0.372775
922,0.294043,0.317647,0.373332
923,0.173636,0.184314,0.373446
924,0.12698,0.129412,0.373452
925,0.13281,0.129412,0.373463
926,0.188376,0.196078,0.373523
927,0.349668,0.345098,0.373543
928,0.427297,0.443137,0.373794
929,0.297627,0.317647,0.374195
930,0.16836,0.180392,0.37434
931,0.125684,0.12549,0.37434
932,0.130392,0.12549,0.374364
933,0.184664,0.192157,0.37442
934,0.351026,0.345098,0.374455
935,0.435902,0.45098,0.374683
936,0.302148,0.32549,0.375227
937,0.170011,0.180392,0.375335
938,0.121459,0.121569,0.375335
939,0.122318,0.121569,0.375336
940,0.183413,0.184314,0.375337
941,0.342873,0.337255,0.375368
942,0.444447,0.458824,0.375575
943,0.314158,0.333333,0.375943
944,0.17044,0.176471,0.375979
945,0.110305,0.117647,0.376033
946,0.12278,0.117647,0.376059
947,0.181256,0.168627,0.376219
948,0.311471,0.329412,0.376541
949,0.473877,0.466667,0.376593
950,0.32357,0.341176,0.376903
951,0.170437,0.176471,0.376939
952,0.108331,0.113725,0.376968
953,0.115181,0.113725,0.37697
954,0.179274,0.160784,0.377312
955,0.30061,0.313725,0.377484
956,0.473004,0.478431,0.377513
957,0.349011,0.356863,0.377575
958,0.172856,0.184314,0.377706
959,0.114182,0.109804,0.377726
960,0.0961445,0.105882,0.37782
961,0.165438,0.152941,0.377977
962,0.302615,0.301961,0.377977
963,0.476912,0.482353,0.378007
964,0.364343,0.380392,0.378264
965,0.18348,0.188235,0.378287
966,0.105006,0.105882,0.378288
967,0.0874276,0.0941176,0.378332
968,0.136525,0.137255,0.378333
969,0.290098,0.282353,0.378393
970,0.492325,0.482353,0.378492
971,0.386258,0.403922,0.378804
972,0.195139,0.196078,0.378805
973,0.104182,0.109804,0.378837
974,0.0995285,0.0941176,0.378866
975,0.132086,0.12549,0.37891
976,0.250073,0.258824,0.378986
977,0.489262,0.47451,0.379204
978,0.417007,0.435294,0.379538
979,0.211458,0.215686,0.379556
980,0.11082,0.109804,0.379557
981,0.0817668,0.0862745,0.379577
982,0.111128,0.117647,0.37962
983,0.249797,0.231373,0.379959
984,0.461348,0.462745,0.379961
985,0.457918,0.466667,0.380038
986,0.231489,0.235294,0.380052
987,0.115425,0.113725,0.380055
988,0.0805053,0.0862745,0.380089
989,0.112426,0.105882,0.380131
990,0.208035,0.207843,0.380131
991,0.447881,0.435294,0.38029
992,0.48504,0.501961,0.380576
993,0.261463,0.266667,0.380603
994,0.123006,0.12549,0.380609
995,0.0889266,0.0862745,0.380616
996,0.0988947,0.0980392,0.380617
997,0.181691,0.180392,0.380619
998,0.406272,0.396078,0.380723
999,0.516054,0.533333,0.381021
1000,0.301129,0.301961,0.381022
1001,0.131426,0.137255,0.381056
1002,0.0940352,0.0901961,0.381071
1003,0.105697,0.0941176,0.381205
1004,0.15988,0.152941,0.381253
1005,0.340473,0.352941,0.381408
1006,0.546772,0.552941,0.381446
1007,0.345201,0.356863,0.381582
1008,0.145922,0.156863,0.381702
1009,0.0951075,0.0941176,0.381703
1010,0.103683,0.0862745,0.382006
1011,0.128033,0.133333,0.382034
1012,0.303499,0.298039,0.382064
1013,0.534034,0.54902,0.382289
1014,0.406673,0.419608,0.382456
1015,0.172456,0.180392,0.382519
1016,0.0929676,0.0901961,0.382527
1017,0.0722516,0.0823529,0.382629
1018,0.139294,0.113725,0.383282
1019,0.248591,0.247059,0.383285
1020,0.508996,0.521569,0.383443
1021,0.471194,0.486275,0.38367
1022,0.210671,0.219608,0.38375
1023,0.101748,0.105882,0.383767
1024,0.091612,0.0745098,0.38406
1025,0.0810512,0.0941176,0.38423
1026,0.198969,0.2,0.384231
1027,0.475641,0.462745,0.384398
1028,0.524862,0.552941,0.385186
1029,0.266693,0.266667,0.385186
1030,0.107981,0.117647,0.38528
1031,0.092497,0.0784314,0.385478
1032,0.0931493,0.0862745,0.385525
1033,0.158123,0.152941,0.385552
1034,0.371782,0.384314,0.385709
1035,0.583283,0.592157,0.385787
1036,0.333089,0.345098,0.385932
1037,0.12531,0.137255,0.386074
1038,0.0786678,0.0784314,0.386074
1039,0.0825862,0.0745098,0.38614
1040,0.120724,0.121569,0.38614
1041,0.305375,0.301961,0.386152
1042,0.580078,0.588235,0.386219
1043,0.417206,0.435294,0.386546
1044,0.16085,0.168627,0.386606
1045,0.0800143,0.0862745,0.386645
1046,0.0911804,0.0705882,0.387069
1047,0.0995634,0.0941176,0.387099
1048,0.210493,0.223529,0.387269
1049,0.533729,0.52549,0.387337
1050,0.515413,0.533333,0.387658
1051,0.225388,0.227451,0.387662
1052,0.0945174,0.0980392,0.387675
1053,0.0776668,0.0705882,0.387725
1054,0.0953413,0.0784314,0.388011
1055,0.145932,0.160784,0.388231
1056,0.426264,0.419608,0.388276
1057,0.594344,0.607843,0.388458
1058,0.309976,0.309804,0.388458
1059,0.112203,0.117647,0.388488
1060,0.0703462,0.0705882,0.388488
1061,0.0828274,0.0705882,0.388637
1062,0.12055,0.113725,0.388684
1063,0.292519,0.305882,0.388863
1064,0.61432,0.615686,0.388864
1065,0.420485,0.431373,0.388983
1066,0.149781,0.152941,0.388993
1067,0.0675755,0.0784314,0.389111
1068,0.0933982,0.0627451,0.39005
1069,0.083986,0.0862745,0.390056
1070,0.204312,0.203922,0.390056
1071,0.521043,0.529412,0.390126
1072,0.561298,0.564706,0.390137
1073,0.233754,0.227451,0.390177
1074,0.089024,0.0901961,0.390179
1075,0.0674824,0.0588235,0.390254
1076,0.067167,0.0666667,0.390254
1077,0.131308,0.133333,0.390258
1078,0.384939,0.388235,0.390269
1079,0.649224,0.65098,0.390272
1080,0.342378,0.34902,0.390316
1081,0.111738,0.121569,0.390413
1082,0.0650856,0.0666667,0.390415
1083,0.075778,0.0588235,0.390703
1084,0.0836441,0.0901961,0.390745
1085,0.240612,0.247059,0.390787
1086,0.603602,0.603922,0.390787
1087,0.506321,0.509804,0.390799
1088,0.183081,0.180392,0.390807
1089,0.0759953,0.0745098,0.390809
1090,0.0618429,0.0509804,0.390927
1091,0.0553917,0.0666667,0.391054
1092,0.158263,0.145098,0.391227
1093,0.431241,0.443137,0.391369
1094,0.661218,0.662745,0.391371
1095,0.304587,0.298039,0.391414
1096,0.0983321,0.109804,0.391545
1097,0.0860384,0.054902,0.392515
1098,0.0283989,0.054902,0.393217
1099,0.0928489,0.0941176,0.393219
1100,0.279352,0.262745,0.393495
1101,0.620207,0.643137,0.394021
1102,0.495151,0.494118,0.394022
1103,0.161456,0.160784,0.394022
1104,0.0654229,0.0705882,0.394049
1105,0.0769955,0.0509804,0.394726
1106,0.0618865,0.0627451,0.394726
1107,0.139369,0.145098,0.394759
1108,0.4494,0.454902,0.394789
1109,0.672065,0.686275,0.394991
1110,0.301654,0.298039,0.395004
1111,0.086024,0.0980392,0.395149
1112,0.0581714,0.054902,0.395159
1113,0.0602605,0.0470588,0.395334
1114,0.0536001,0.0862745,0.396401
1115,0.27455,0.243137,0.397388
1116,0.618704,0.647059,0.398192
1117,0.531284,0.537255,0.398228
1118,0.168806,0.172549,0.398242
1119,0.0648134,0.0705882,0.398275
1120,0.0726147,0.0470588,0.398928
1121,0.0492803,0.0588235,0.399019
1122,0.134853,0.117647,0.399315
1123,0.371435,0.392157,0.399745
1124,0.710788,0.733333,0.400253
1125,0.35433,0.356863,0.400259
1126,0.0858195,0.109804,0.400835
1127,0.0589423,0.054902,0.400851
1128,0.0544935,0.0509804,0.400863
1129,0.0827979,0.0666667,0.401124
1130,0.169246,0.180392,0.401248
1131,0.547688,0.572549,0.401866
1132,0.645714,0.67451,0.402695
1133,0.235297,0.227451,0.402757
1134,0.0570642,0.0784314,0.403213
1135,0.0671419,0.0509804,0.403474
1136,0.0703062,0.0509804,0.403848
1137,0.0807547,0.0784314,0.403853
1138,0.235068,0.254902,0.404247
1139,0.675139,0.713725,0.405736
1140,0.530416,0.545098,0.405951
1141,0.126128,0.152941,0.40667
1142,0.0489389,0.0627451,0.406861
1143,0.0782171,0.0431373,0.408091
1144,0.0505792,0.0470588,0.408104
1145,0.0907799,0.0941176,0.408115
1146,0.330488,0.333333,0.408123
1147,0.736942,0.796078,0.41162
1148,0.422098,0.435294,0.411794
1149,0.0641418,0.113725,0.414253
1150,0.0413073,0.0509804,0.414346
1151,0.0571331,0.0352941,0.414823
1152,0.0240731,0.0470588,0.415352
1153,0.12765,0.101961,0.416012
1154,0.373299,0.384314,0.416133
1155,0.764677,0.835294,0.42112
1156,0.366549,0.380392,0.421311
1157,0.0454076,0.0980392,0.424081
1158,0.0390493,0.0431373,0.424098
1159,0.026828,0.0352941,0.42417
1160,0.0389726,0.0352941,0.424183
1161,0.0700762,0.0901961,0.424588
1162,0.373442,0.360784,0.424748
1163,0.788428,0.878431,0.432849
1164,0.386283,0.407843,0.433314
1165,0.0360307,0.0941176,0.436688
1166,0.0274402,0.0392157,0.436827
1167,0.022691,0.027451,0.436849
1168,0.0105166,0.0313725,0.437284
1169,0.0783486,0.054902,0.437834
1170,0.229476,0.215686,0.438024
1171,0.701394,0.839216,0.457019
1172,0.637711,0.627451,0.457124
1173,0.0866139,0.133333,0.459307
1174,0.0335995,0.0431373,0.459398
1175,0.0429014,0.027451,0.459636
1176,0.028574,0.0235294,0.459662
1177,0.0220326,0.0196078,0.459668
1178,0.0588383,0.0470588,0.459807
1179,0.244709,0.239216,0.459837
1180,0.784146,0.988235,0.501489
1181,0.625482,0.576471,0.503891
1182,0.0504678,0.0980392,0.506154
1183,0.0391863,0.0313725,0.506216
1184,0.0157669,0.027451,0.506352
1185,0.0566577,0.0235294,0.50745
1186,0.0323897,0.0156863,0.507729
1187,0.0467172,0.0156863,0.508691
1188,0.0839039,0.0156863,0.513345
1189,0.0674183,0.054902,0.513502
1190,0.274656,0.141176,0.531319
1191,0.470969,0.0901961,0.676307
1192,0.0143314,0.0823529,0.680934
1193,0.0922561,0.0980392,0.680967
1194,0.191411,0.133333,0.68434
1195,0.247618,0.188235,0.687867
1196,0.297084,0.227451,0.692715
1197,0.254853,0.247059,0.692776
1198,0.230054,0.25098,0.693214
1199,0.222927,0.231373,0.693285
1200,0.192881,0.203922,0.693407
1201,0.173538,0.192157,0.693754
1202,0.191039,0.203922,0.69392
1203,0.229702,0.223529,0.693958
1204,0.24012,0.25098,0.694076
1205,0.256014,0.25098,0.694101
1206,0.220247,0.235294,0.694328
1207,0.205785,0.211765,0.694363
1208,0.190414,0.2,0.694455
1209,0.198843,0.211765,0.694622
1210,0.235443,0.235294,0.694622
1211,0.251558,0.262745,0.694747
1212,0.25836,0.254902,0.694759
1213,0.214186,0.235294,0.695205
1214,0.206551,0.207843,0.695207
1215,0.186406,0.2,0.695391
1216,0.206911,0.215686,0.695468
1217,0.243064,0.243137,0.695468
1218,0.258184,0.266667,0.69554
1219,0.2535,0.258824,0.695569
1220,0.218483,0.235294,0.695851
1221,0.203723,0.207843,0.695868
1222,0.188072,0.2,0.696011
1223,0.207785,0.219608,0.69615
1224,0.251166,0.247059,0.696167
1225,0.258179,0.270588,0.696321
1226,0.254672,0.262745,0.696386
1227,0.221321,0.227451,0.696424
1228,0.186711,0.207843,0.696871
1229,0.203153,0.2,0.69688
1230,0.206295,0.219608,0.697058
1231,0.249245,0.254902,0.69709
1232,0.272251,0.27451,0.697095
1233,0.248406,0.254902,0.697137
1234,0.206842,0.227451,0.697562
1235,0.201078,0.203922,0.69757
1236,0.192637,0.203922,0.697697
1237,0.219917,0.227451,0.697754
1238,0.256478,0.262745,0.697793
1239,0.271034,0.278431,0.697848
1240,0.245745,0.258824,0.698019
1241,0.211545,0.219608,0.698084
1242,0.183566,0.2,0.698354
1243,0.19971,0.2,0.698354
1244,0.217932,0.231373,0.698535
1245,0.269147,0.266667,0.698541
1246,0.269218,0.282353,0.698714
1247,0.246587,0.254902,0.698783
1248,0.20315,0.219608,0.699053
1249,0.191116,0.196078,0.699078
1250,0.190301,0.2,0.699172
1251,0.224461,0.235294,0.69929
1252,0.275955,0.278431,0.699296
1253,0.279398,0.286275,0.699343
1254,0.236951,0.254902,0.699665
1255,0.203278,0.219608,0.699932
1256,0.194795,0.196078,0.699934
1257,0.190428,0.203922,0.700116
1258,0.233034,0.243137,0.700218
1259,0.28299,0.282353,0.700218
1260,0.273385,0.290196,0.700501
1261,0.240682,0.25098,0.700607
1262,0.195344,0.207843,0.700763
1263,0.180023,0.188235,0.70083
1264,0.193695,0.203922,0.700935
1265,0.245176,0.247059,0.700939
1266,0.285634,0.286275,0.700939
1267,0.271692,0.286275,0.701152
1268,0.232461,0.243137,0.701266
1269,0.190095,0.203922,0.701457
1270,0.1826,0.188235,0.701488
1271,0.196857,0.207843,0.701609
1272,0.250772,0.25098,0.701609
1273,0.28413,0.298039,0.701803
1274,0.282746,0.286275,0.701815
1275,0.219527,0.243137,0.702373
1276,0.194681,0.196078,0.702375
1277,0.168525,0.188235,0.702763
1278,0.211495,0.211765,0.702763
1279,0.257584,0.258824,0.702765
1280,0.28826,0.301961,0.702952
1281,0.277611,0.286275,0.703027
1282,0.218598,0.231373,0.703191
1283,0.178243,0.188235,0.70329
1284,0.170326,0.180392,0.703392
1285,0.204786,0.211765,0.70344
1286,0.270124,0.266667,0.703452
1287,0.298173,0.305882,0.703512
1288,0.269518,0.286275,0.703793
1289,0.217193,0.227451,0.703898
1290,0.174383,0.184314,0.703996
1291,0.167757,0.180392,0.704156
1292,0.211241,0.211765,0.704156
1293,0.2685,0.27451,0.704192
1294,0.310048,0.313725,0.704206
1295,0.268239,0.282353,0.704405
1296,0.206118,0.219608,0.704587
1297,0.170259,0.180392,0.70469
1298,0.171613,0.184314,0.704851
1299,0.225478,0.219608,0.704886
1300,0.273913,0.286275,0.705038
1301,0.313315,0.321569,0.705107
1302,0.265003,0.278431,0.705287
1303,0.1978,0.215686,0.705607
1304,0.172645,0.172549,0.705607
1305,0.159134,0.180392,0.706059
1306,0.231057,0.223529,0.706115
1307,0.289073,0.294118,0.706141
1308,0.315048,0.321569,0.706183
1309,0.255969,0.27451,0.706527
1310,0.19683,0.203922,0.706577
1311,0.156785,0.172549,0.706826
1312,0.178072,0.176471,0.706829
1313,0.217274,0.227451,0.706932
1314,0.303193,0.301961,0.706934
1315,0.318409,0.32549,0.706984
1316,0.250861,0.262745,0.707125
1317,0.180943,0.2,0.707488
1318,0.167532,0.160784,0.707534
1319,0.151334,0.180392,0.708378
1320,0.250028,0.235294,0.708595
1321,0.307398,0.313725,0.708635
1322,0.317996,0.329412,0.708766
1323,0.245337,0.262745,0.709069
1324,0.182113,0.188235,0.709106
1325,0.146082,0.156863,0.709222
1326,0.163524,0.176471,0.70939
1327,0.247203,0.239216,0.709454
1328,0.320957,0.321569,0.709454
1329,0.320271,0.333333,0.709625
1330,0.241917,0.254902,0.709793
1331,0.171715,0.184314,0.709952
1332,0.151327,0.156863,0.709983
1333,0.168954,0.176471,0.710039
1334,0.244348,0.247059,0.710047
1335,0.335234,0.333333,0.71005
1336,0.321339,0.333333,0.710194
1337,0.231905,0.243137,0.71032
1338,0.16084,0.172549,0.710457
1339,0.143609,0.152941,0.710544
1340,0.178261,0.176471,0.710548
1341,0.249318,0.254902,0.710579
1342,0.346861,0.345098,0.710582
1343,0.321733,0.333333,0.710716
1344,0.223115,0.239216,0.710976
1345,0.160409,0.164706,0.710994
1346,0.131975,0.14902,0.711285
1347,0.182293,0.176471,0.711318
1348,0.257445,0.262745,0.711347
1349,0.358691,0.352941,0.71138
1350,0.317568,0.337255,0.711767
1351,0.222651,0.235294,0.711927
1352,0.155101,0.164706,0.712019
1353,0.140387,0.145098,0.712041
1354,0.170156,0.176471,0.712081
1355,0.266682,0.266667,0.712081
1356,0.365655,0.368627,0.71209
1357,0.327276,0.341176,0.712283
1358,0.214333,0.227451,0.712456
1359,0.146724,0.156863,0.712558
1360,0.137628,0.141176,0.712571
1361,0.174321,0.180392,0.712608
1362,0.284511,0.278431,0.712645
1363,0.374159,0.376471,0.71265
1364,0.318529,0.337255,0.713001
1365,0.209221,0.223529,0.713205
1366,0.148425,0.14902,0.713206
1367,0.121821,0.141176,0.71358
1368,0.19052,0.180392,0.713683
1369,0.283685,0.286275,0.71369
1370,0.385118,0.388235,0.713699
1371,0.319146,0.341176,0.714185
1372,0.205774,0.211765,0.714221
1373,0.131789,0.145098,0.714398
1374,0.134322,0.137255,0.714406
1375,0.185554,0.180392,0.714433
1376,0.29134,0.286275,0.714459
1377,0.38529,0.392157,0.714506
1378,0.322919,0.337255,0.714711
1379,0.200211,0.211765,0.714845
1380,0.136866,0.141176,0.714863
1381,0.122026,0.133333,0.714991
1382,0.181426,0.180392,0.714992
1383,0.301944,0.294118,0.715054
1384,0.395493,0.407843,0.715206
1385,0.325131,0.341176,0.715464
1386,0.194989,0.203922,0.715543
1387,0.127721,0.133333,0.715575
1388,0.117082,0.129412,0.715727
1389,0.187312,0.172549,0.715945
1390,0.290724,0.298039,0.715998
1391,0.419902,0.415686,0.716016
1392,0.3245,0.341176,0.716294
1393,0.190904,0.2,0.716377
1394,0.125893,0.129412,0.716389
1395,0.113543,0.121569,0.716454
1396,0.16965,0.172549,0.716462
1397,0.312074,0.294118,0.716785
1398,0.413109,0.427451,0.71699
1399,0.338623,0.345098,0.717032
1400,0.187289,0.196078,0.717109
1401,0.120579,0.12549,0.717134
1402,0.112718,0.117647,0.717158
1403,0.165993,0.168627,0.717165
1404,0.311942,0.298039,0.717358
1405,0.42846,0.431373,0.717367
1406,0.334891,0.352941,0.717692
1407,0.191572,0.196078,0.717713
1408,0.116457,0.12549,0.717794
1409,0.11664,0.113725,0.717803
1410,0.153858,0.160784,0.717851
1411,0.301355,0.294118,0.717903
1412,0.443699,0.443137,0.717904
1413,0.346909,0.360784,0.718096
1414,0.189616,0.196078,0.718138
1415,0.115944,0.117647,0.718141
1416,0.0977794,0.109804,0.718285
1417,0.161981,0.152941,0.718367
1418,0.290337,0.286275,0.718384
1419,0.451935,0.45098,0.718384
1420,0.362534,0.376471,0.718579
1421,0.194319,0.196078,0.718582
1422,0.108071,0.117647,0.718673
1423,0.107193,0.105882,0.718675
1424,0.150874,0.145098,0.718709
1425,0.277541,0.278431,0.718709
1426,0.462416,0.454902,0.718766
1427,0.37515,0.396078,0.719204
1428,0.2026,0.203922,0.719206
1429,0.108976,0.117647,0.719281
1430,0.103711,0.101961,0.719284
1431,0.142002,0.137255,0.719306
1432,0.265638,0.262745,0.719315
1433,0.45933,0.454902,0.719334
1434,0.398842,0.407843,0.719415
1435,0.207863,0.215686,0.719477
1436,0.118795,0.117647,0.719478
1437,0.0907773,0.0941176,0.719489
1438,0.11642,0.12549,0.719571
1439,0.252095,0.247059,0.719597
1440,0.466112,0.45098,0.719826
1441,0.418715,0.431373,0.719986
1442,0.220747,0.223529,0.719994
1443,0.116081,0.117647,0.719996
1444,0.09096,0.0941176,0.720006
1445,0.123699,0.117647,0.720043
1446,0.224844,0.227451,0.720049
1447,0.451543,0.443137,0.72012
1448,0.450438,0.462745,0.720272
1449,0.238656,0.243137,0.720292
1450,0.119933,0.121569,0.720294
1451,0.0895114,0.0901961,0.720295
1452,0.10991,0.109804,0.720295
1453,0.21114,0.207843,0.720306
1454,0.434406,0.423529,0.720424
1455,0.475108,0.486275,0.720549
1456,0.261065,0.262745,0.720551
1457,0.125107,0.12549,0.720552
1458,0.086099,0.0901961,0.720568
1459,0.111439,0.101961,0.720658
1460,0.183955,0.184314,0.720658
1461,0.401689,0.396078,0.72069
1462,0.505888,0.513725,0.720751
1463,0.290821,0.298039,0.720803
1464,0.134996,0.137255,0.720808
1465,0.088541,0.0862745,0.720814
1466,0.0851411,0.0941176,0.720894
1467,0.171338,0.160784,0.721006
1468,0.363684,0.356863,0.721052
1469,0.526217,0.533333,0.721103
1470,0.331817,0.333333,0.721105
1471,0.146554,0.14902,0.721111
1472,0.0914654,0.0862745,0.721138
1473,0.0776839,0.0901961,0.721295
1474,0.162444,0.137255,0.721929
1475,0.303468,0.317647,0.72213
1476,0.54642,0.537255,0.722214
1477,0.372473,0.384314,0.722354
1478,0.164882,0.164706,0.722354
1479,0.086015,0.0941176,0.72242
1480,0.100263,0.0784314,0.722897
1481,0.101013,0.121569,0.723319
1482,0.286635,0.270588,0.723577
1483,0.526442,0.52549,0.723578
1484,0.42887,0.443137,0.723781
1485,0.193251,0.196078,0.723789
1486,0.0977596,0.0980392,0.723789
1487,0.0834028,0.0784314,0.723814
1488,0.106875,0.105882,0.723815
1489,0.23061,0.223529,0.723865
1490,0.487203,0.494118,0.723913
1491,0.49643,0.505882,0.724002
1492,0.231414,0.235294,0.724017
1493,0.105704,0.105882,0.724017
1494,0.0774507,0.0745098,0.724026
1495,0.0895345,0.0901961,0.724026
1496,0.183946,0.180392,0.724039
1497,0.436944,0.427451,0.724129
1498,0.545008,0.556863,0.72427
1499,0.28802,0.286275,0.724273
1500,0.118844,0.121569,0.72428
1501,0.0829029,0.0745098,0.724351
1502,0.0750098,0.0784314,0.724362
1503,0.139075,0.145098,0.724399
1504,0.372558,0.356863,0.724645
1505,0.57428,0.584314,0.724746
1506,0.352357,0.356863,0.724766
1507,0.139251,0.145098,0.7248
1508,0.0857675,0.0784314,0.724854
1509,0.0705994,0.0705882,0.724854
1510,0.104893,0.113725,0.724932
1511,0.289174,0.278431,0.725047
1512,0.568377,0.568627,0.725047
1513,0.43862,0.45098,0.7252
1514,0.178056,0.176471,0.725203
1515,0.0814974,0.0862745,0.725225
1516,0.0839326,0.0705882,0.725404
1517,0.104063,0.0901961,0.725596
1518,0.193326,0.207843,0.725807
1519,0.510252,0.501961,0.725875
1520,0.534404,0.541176,0.725921
1521,0.239479,0.235294,0.725939
1522,0.0987855,0.0980392,0.725939
1523,0.0710284,0.0666667,0.725958
1524,0.081532,0.0745098,0.726008
1525,0.141234,0.14902,0.726068
1526,0.403406,0.403922,0.726068
1527,0.61319,0.611765,0.726071
1528,0.319428,0.32549,0.726107
1529,0.117325,0.121569,0.726125
1530,0.0685693,0.0705882,0.726129
1531,0.0801815,0.0666667,0.726312
1532,0.104891,0.113725,0.72639
1533,0.305451,0.290196,0.726623
1534,0.591045,0.603922,0.726789
1535,0.438564,0.443137,0.726809
1536,0.161461,0.164706,0.72682
1537,0.0776691,0.0745098,0.72683
1538,0.0576146,0.0588235,0.726831
1539,0.0803306,0.0823529,0.726836
1540,0.202872,0.2,0.726844
1541,0.524383,0.513725,0.726957
1542,0.558125,0.572549,0.727165
1543,0.24424,0.235294,0.727245
1544,0.0921287,0.0941176,0.727249
1545,0.0731368,0.0588235,0.727454
1546,0.0593501,0.0666667,0.727508
1547,0.131224,0.129412,0.727511
1548,0.370874,0.380392,0.727602
1549,0.653646,0.643137,0.727712
1550,0.345258,0.34902,0.727726
1551,0.119474,0.121569,0.727731
1552,0.0643306,0.0627451,0.727733
1553,0.0583086,0.0588235,0.727733
1554,0.0965813,0.0901961,0.727774
1555,0.241088,0.243137,0.727778
1556,0.594376,0.596078,0.727781
1557,0.510112,0.513725,0.727794
1558,0.187762,0.184314,0.727806
1559,0.0772945,0.0784314,0.727808
1560,0.072056,0.054902,0.728102
1561,0.064549,0.0705882,0.728138
1562,0.162134,0.152941,0.728223
1563,0.439907,0.443137,0.728233
1564,0.637327,0.65098,0.72842
1565,0.304556,0.298039,0.728462
1566,0.0978548,0.101961,0.728479
1567,0.0566163,0.0588235,0.728484
1568,0.0678341,0.0509804,0.728768
1569,0.0613479,0.0941176,0.729842
1570,0.290106,0.270588,0.730223
1571,0.635649,0.647059,0.730353
1572,0.479496,0.486275,0.730399
1573,0.156483,0.160784,0.730417
1574,0.068213,0.0666667,0.73042
1575,0.0554634,0.0470588,0.73049
1576,0.052193,0.0627451,0.730602
1577,0.155364,0.14902,0.730642
1578,0.46317,0.462745,0.730642
1579,0.664662,0.67451,0.730739
1580,0.294883,0.286275,0.730813
1581,0.0910757,0.0980392,0.730862
1582,0.0674003,0.054902,0.731018
1583,0.0556319,0.0509804,0.73104
1584,0.0719379,0.0862745,0.731245
1585,0.260416,0.254902,0.731275
1586,0.638966,0.658824,0.73167
1587,0.512235,0.513725,0.731672
1588,0.15854,0.160784,0.731677
1589,0.0630089,0.0666667,0.73169
1590,0.0693899,0.0470588,0.732189
1591,0.0568253,0.0588235,0.732193
1592,0.135355,0.12549,0.73229
1593,0.400438,0.419608,0.732658
1594,0.7091,0.721569,0.732813
1595,0.329247,0.333333,0.73283
1596,0.0824989,0.101961,0.733209
1597,0.0509687,0.0509804,0.733209
1598,0.0451596,0.0470588,0.733212
1599,0.0722612,0.0666667,0.733244
1600,0.185225,0.192157,0.733292
1601,0.580052,0.6,0.73369
1602,0.625365,0.627451,0.733694
1603,0.214696,0.203922,0.73381
1604,0.0664517,0.0705882,0.733827
1605,0.0578994,0.0431373,0.734045
1606,0.0453373,0.0470588,0.734048
1607,0.0881776,0.0901961,0.734052
1608,0.305025,0.286275,0.734404
1609,0.682793,0.737255,0.73737
1610,0.482266,0.482353,0.73737
1611,0.110292,0.137255,0.738097
1612,0.0545527,0.054902,0.738097
1613,0.0475495,0.0431373,0.738117
1614,0.0650576,0.0470588,0.73844
1615,0.0951181,0.105882,0.738556
1616,0.378873,0.384314,0.738586
1617,0.749679,0.788235,0.740072
1618,0.361263,0.360784,0.740073
1619,0.0845435,0.0980392,0.740255
1620,0.0464172,0.0431373,0.740266
1621,0.026175,0.0352941,0.740349
1622,0.0378953,0.0431373,0.740376
1623,0.111691,0.117647,0.740412
1624,0.449398,0.470588,0.740861
1625,0.77929,0.8,0.74129
1626,0.290172,0.294118,0.741305
1627,0.0698925,0.0862745,0.741574
1628,0.0632687,0.0392157,0.742152
1629,0.00603892,0.0313725,0.742794
1630,0.0164324,0.0392157,0.743313
1631,0.112652,0.113725,0.743314
1632,0.455978,0.482353,0.74401
1633,0.801103,0.835294,0.745179
1634,0.279435,0.286275,0.745226
1635,0.0689907,0.0705882,0.745228
1636,0.0248625,0.0352941,0.745337
1637,0.0236902,0.0313725,0.745396
1638,0.0306388,0.0352941,0.745418
1639,0.093374,0.0784314,0.745641
1640,0.327627,0.368627,0.747322
1641,0.844228,0.92549,0.753926
1642,0.369211,0.388235,0.754287
1643,0.0627705,0.0784314,0.754533
1644,0.0114374,0.0352941,0.755102
1645,0.0293406,0.0235294,0.755136
1646,-0.00393553,0.0235294,0.75589
1647,0.0496935,0.0313725,0.756226
1648,0.137903,0.117647,0.756636
1649,0.514064,0.639216,0.772299
1650,0.863993,0.898039,0.773458
1651,0.204862,0.203922,0.773459
1652,0.0601305,0.0470588,0.77363
1653,0.00656496,0.027451,0.774066
1654,0.0086554,0.0196078,0.774186
1655,-0.0234704,0.0156863,0.775719
1656,0.0394011,0.0117647,0.776483
1657,0.0607791,0.0117647,0.778885
1658,0.0652058,0.027451,0.780311
1659,0.146163,0.164706,0.780655
1660,0.666186,0.207843,0.990733
1661,0.301938,0.0980392,1.03231
1662,-0.081498,0.0823529,1.05916
1663,0.0968833,0.0941176,1.05916
1664,0.175002,0.152941,1.05965
1665,0.311973,0.27451,1.06105
1666,0.409935,0.34902,1.06476
1667,0.273948,0.282353,1.06483
1668,0.169044,0.184314,1.06507
1669,0.121567,0.145098,1.06562
1670,0.14919,0.14902,1.06562
1671,0.197831,0.203922,1.06566
1672,0.307928,0.286275,1.06613
1673,0.331148,0.32549,1.06616
1674,0.260761,0.258824,1.06616
1675,0.170074,0.184314,1.06637
1676,0.139624,0.145098,1.0664
1677,0.136683,0.156863,1.0668
1678,0.218755,0.211765,1.06685
1679,0.308294,0.301961,1.06689
1680,0.338092,0.329412,1.06697
1681,0.247938,0.258824,1.06709
1682,0.171203,0.180392,1.06717
1683,0.134391,0.14902,1.06738
1684,0.155756,0.156863,1.06739
1685,0.208961,0.223529,1.0676
1686,0.333476,0.313725,1.06799
1687,0.332441,0.337255,1.06801
1688,0.245998,0.254902,1.06809
1689,0.164907,0.172549,1.06815
1690,0.126911,0.145098,1.06848
1691,0.160788,0.160784,1.06848
1692,0.227842,0.227451,1.06848
1693,0.33043,0.321569,1.06856
1694,0.336189,0.341176,1.06858
1695,0.244153,0.247059,1.06859
1696,0.154022,0.168627,1.0688
1697,0.131504,0.141176,1.0689
1698,0.155494,0.160784,1.06893
1699,0.235326,0.231373,1.06894
1700,0.337831,0.337255,1.06894
1701,0.347385,0.345098,1.06895
1702,0.233358,0.247059,1.06914
1703,0.156746,0.164706,1.0692
1704,0.126317,0.141176,1.06942
1705,0.164185,0.160784,1.06943
1706,0.235247,0.239216,1.06945
1707,0.352963,0.34902,1.06946
1708,0.347347,0.345098,1.06947
1709,0.225033,0.235294,1.06957
1710,0.146135,0.156863,1.06969
1711,0.126072,0.129412,1.0697
1712,0.140995,0.156863,1.06995
1713,0.251678,0.247059,1.06997
1714,0.37614,0.356863,1.07034
1715,0.338832,0.34902,1.07045
1716,0.224369,0.231373,1.0705
1717,0.14182,0.14902,1.07055
1718,0.113985,0.129412,1.07079
1719,0.158244,0.160784,1.07079
1720,0.26147,0.25098,1.0709
1721,0.371997,0.368627,1.07091
1722,0.346481,0.34902,1.07092
1723,0.216689,0.227451,1.07104
1724,0.140443,0.141176,1.07104
1725,0.100447,0.12549,1.07166
1726,0.162712,0.152941,1.07176
1727,0.248709,0.254902,1.0718
1728,0.398375,0.380392,1.07212
1729,0.349473,0.352941,1.07213
1730,0.211436,0.219608,1.0722
1731,0.131852,0.141176,1.07229
1732,0.116858,0.121569,1.07231
1733,0.147775,0.156863,1.07239
1734,0.269284,0.262745,1.07243
1735,0.40261,0.392157,1.07254
1736,0.348227,0.360784,1.0727
1737,0.212193,0.219608,1.07276
1738,0.130459,0.137255,1.0728
1739,0.110604,0.117647,1.07285
1740,0.145579,0.152941,1.07291
1741,0.269418,0.258824,1.07302
1742,0.406479,0.4,1.07306
1743,0.361331,0.360784,1.07306
1744,0.206642,0.215686,1.07314
1745,0.128328,0.133333,1.07317
1746,0.107724,0.113725,1.0732
1747,0.140208,0.152941,1.07337
1748,0.279754,0.262745,1.07366
1749,0.412685,0.407843,1.07368
1750,0.361323,0.372549,1.0738
1751,0.211395,0.211765,1.0738
1752,0.117251,0.129412,1.07395
1753,0.109215,0.113725,1.07397
1754,0.151973,0.141176,1.07409
1755,0.242779,0.258824,1.07435
1756,0.438977,0.415686,1.07489
1757,0.372883,0.380392,1.07495
1758,0.209988,0.211765,1.07495
1759,0.116366,0.12549,1.07503
1760,0.103223,0.105882,1.07504
1761,0.134943,0.141176,1.07508
1762,0.26568,0.258824,1.07513
1763,0.438602,0.423529,1.07535
1764,0.378529,0.392157,1.07554
1765,0.214335,0.219608,1.07557
1766,0.122402,0.129412,1.07562
1767,0.108533,0.105882,1.07562
1768,0.129241,0.137255,1.07569
1769,0.255004,0.25098,1.0757
1770,0.437344,0.431373,1.07574
1771,0.398861,0.411765,1.0759
1772,0.220314,0.223529,1.07591
1773,0.118545,0.12549,1.07596
1774,0.102149,0.0980392,1.07598
1775,0.114986,0.129412,1.07619
1776,0.253443,0.239216,1.07639
1777,0.438679,0.431373,1.07644
1778,0.418406,0.423529,1.07647
1779,0.226286,0.235294,1.07655
1780,0.127022,0.12549,1.07655
1781,0.0907941,0.0980392,1.07661
1782,0.120566,0.121569,1.07661
1783,0.228465,0.223529,1.07663
1784,0.430179,0.427451,1.07664
1785,0.445582,0.443137,1.07664
1786,0.236727,0.243137,1.07669
1787,0.125313,0.12549,1.07669
1788,0.0904782,0.0941176,1.0767
1789,0.11205,0.113725,1.0767
1790,0.213013,0.211765,1.0767
1791,0.429178,0.411765,1.07701
1792,0.455154,0.466667,1.07714
1793,0.258341,0.262745,1.07716
1794,0.130096,0.129412,1.07716
1795,0.0857653,0.0941176,1.07723
1796,0.11367,0.105882,1.07729
1797,0.186979,0.192157,1.07732
1798,0.407568,0.396078,1.07745
1799,0.485717,0.490196,1.07747
1800,0.27886,0.282353,1.07748
1801,0.134439,0.137255,1.07749
1802,0.0950737,0.0901961,1.07751
1803,0.091124,0.0980392,1.07756
1804,0.171594,0.172549,1.07756
1805,0.382978,0.372549,1.07767
1806,0.510545,0.509804,1.07767
1807,0.305036,0.313725,1.07775
1808,0.144698,0.141176,1.07776
1809,0.0806791,0.0901961,1.07785
1810,0.0986695,0.0901961,1.07792
1811,0.146294,0.152941,1.07797
1812,0.350831,0.341176,1.07806
1813,0.529745,0.521569,1.07813
1814,0.337723,0.34902,1.07825
1815,0.157175,0.156863,1.07825
1816,0.0899442,0.0901961,1.07825
1817,0.081957,0.0862745,1.07827
1818,0.137978,0.133333,1.07829
1819,0.301963,0.301961,1.07829
1820,0.53586,0.52549,1.0784
1821,0.383873,0.388235,1.07842
1822,0.17277,0.172549,1.07842
1823,0.0941192,0.0901961,1.07844
1824,0.0709189,0.0784314,1.07849
1825,0.114164,0.113725,1.07849
1826,0.258952,0.254902,1.07851
1827,0.52174,0.517647,1.07852
1828,0.448753,0.443137,1.07856
1829,0.197776,0.196078,1.07856
1830,0.0986967,0.0980392,1.07856
1831,0.0850964,0.0784314,1.0786
1832,0.107065,0.101961,1.07863
1833,0.214073,0.215686,1.07863
1834,0.482138,0.478431,1.07865
1835,0.500498,0.501961,1.07865
1836,0.236769,0.235294,1.07865
1837,0.107546,0.105882,1.07865
1838,0.0762726,0.0784314,1.07866
1839,0.106793,0.0862745,1.07908
1840,0.15363,0.176471,1.0796
1841,0.437359,0.419608,1.07992
1842,0.547964,0.545098,1.07992
1843,0.285196,0.286275,1.07993
1844,0.124013,0.121569,1.07993
1845,0.078415,0.0745098,1.07995
1846,0.0738667,0.0784314,1.07997
1847,0.138866,0.141176,1.07997
1848,0.358597,0.352941,1.08
1849,0.580607,0.580392,1.08
1850,0.352146,0.356863,1.08003
1851,0.141638,0.141176,1.08003
1852,0.0768042,0.0784314,1.08003
1853,0.0798704,0.0745098,1.08006
1854,0.122889,0.113725,1.08014
1855,0.274434,0.282353,1.08021
1856,0.574006,0.564706,1.08029
1857,0.430736,0.439216,1.08036
1858,0.176269,0.176471,1.08036
1859,0.0862183,0.0862745,1.08036
1860,0.0777993,0.0705882,1.08042
1861,0.10158,0.0941176,1.08047
1862,0.209867,0.215686,1.08051
1863,0.513689,0.509804,1.08052
1864,0.521594,0.537255,1.08077
1865,0.234321,0.235294,1.08077
1866,0.0976055,0.0980392,1.08077
1867,0.0676558,0.0705882,1.08078
1868,0.0984852,0.0823529,1.08104
1869,0.164164,0.160784,1.08105
1870,0.411072,0.415686,1.08107
1871,0.590781,0.596078,1.0811
1872,0.309232,0.309804,1.0811
1873,0.11622,0.121569,1.08113
1874,0.0759783,0.0666667,1.08121
1875,0.0540922,0.0666667,1.08137
1876,0.114652,0.113725,1.08137
1877,0.307287,0.309804,1.08138
1878,0.618194,0.611765,1.08142
1879,0.410667,0.419608,1.0815
1880,0.151444,0.14902,1.0815
1881,0.0672417,0.0745098,1.08156
1882,0.0800572,0.0627451,1.08186
1883,0.0935933,0.0901961,1.08187
1884,0.2216,0.219608,1.08187
1885,0.541761,0.541176,1.08187
1886,0.531799,0.541176,1.08196
1887,0.221127,0.219608,1.08196
1888,0.0898165,0.0941176,1.08198
1889,0.0814396,0.0588235,1.08249
1890,0.0499503,0.0745098,1.0831
1891,0.166939,0.152941,1.08329
1892,0.421493,0.415686,1.08333
1893,0.612267,0.635294,1.08386
1894,0.321931,0.317647,1.08387
1895,0.107465,0.113725,1.08391
1896,0.0639938,0.0666667,1.08392
1897,0.0807667,0.0627451,1.08425
1898,0.0973631,0.105882,1.08432
1899,0.291366,0.278431,1.08449
1900,0.602189,0.623529,1.08494
1901,0.464598,0.466667,1.08495
1902,0.160004,0.164706,1.08497
1903,0.0731021,0.0745098,1.08497
1904,0.0703883,0.0588235,1.0851
1905,0.0846308,0.0745098,1.08521
1906,0.167618,0.176471,1.08528
1907,0.494389,0.498039,1.0853
1908,0.61078,0.619608,1.08538
1909,0.264574,0.254902,1.08547
1910,0.0899023,0.0941176,1.08549
1911,0.0679711,0.054902,1.08566
1912,0.051514,0.0588235,1.08571
1913,0.108682,0.109804,1.08571
1914,0.328921,0.321569,1.08577
1915,0.65396,0.666667,1.08593
1916,0.414896,0.423529,1.086
1917,0.127352,0.137255,1.0861
1918,0.0595839,0.0627451,1.08611
1919,0.0574519,0.0509804,1.08615
1920,0.0717167,0.0705882,1.08615
1921,0.180511,0.184314,1.08617
1922,0.536317,0.533333,1.08618
1923,0.610092,0.619608,1.08627
1924,0.246298,0.235294,1.08639
1925,0.0821457,0.0823529,1.08639
1926,0.0531757,0.0509804,1.08639
1927,0.0591616,0.054902,1.08641
1928,0.102115,0.105882,1.08643
1929,0.331259,0.32549,1.08646
1930,0.675868,0.698039,1.08695
1931,0.417742,0.423529,1.08698
1932,0.114984,0.133333,1.08732
1933,0.0617257,0.0588235,1.08733
1934,0.0482012,0.0470588,1.08733
1935,0.063042,0.0666667,1.08734
1936,0.178734,0.164706,1.08754
1937,0.500509,0.517647,1.08783
1938,0.656683,0.662745,1.08787
1939,0.263118,0.247059,1.08813
1940,0.0809582,0.0823529,1.08813
1941,0.0563468,0.0509804,1.08816
1942,0.0662309,0.0470588,1.08853
1943,0.0615581,0.0862745,1.08914
1944,0.279089,0.266667,1.08929
1945,0.663622,0.694118,1.09022
1946,0.501199,0.505882,1.09024
1947,0.137317,0.152941,1.09049
1948,0.0604604,0.0588235,1.09049
1949,0.0448619,0.0431373,1.09049
1950,0.0581554,0.0509804,1.09055
1951,0.113336,0.117647,1.09056
1952,0.405422,0.407843,1.09057
1953,0.727549,0.74902,1.09103
1954,0.339306,0.341176,1.09103
1955,0.0840728,0.0980392,1.09123
1956,0.0454448,0.0470588,1.09123
1957,0.0393792,0.0392157,1.09123
1958,0.0441549,0.054902,1.09135
1959,0.157156,0.160784,1.09136
1960,0.54426,0.560784,1.09163
1961,0.690762,0.698039,1.09169
1962,0.244354,0.231373,1.09186
1963,0.0662585,0.0705882,1.09187
1964,0.0444168,0.0431373,1.09188
1965,0.055907,0.0392157,1.09215
1966,0.0462981,0.0666667,1.09257
1967,0.225744,0.207843,1.09289
1968,0.627693,0.682353,1.09588
1969,0.618033,0.619608,1.09588
1970,0.169788,0.172549,1.09589
1971,0.0503871,0.054902,1.09591
1972,0.0370984,0.0392157,1.09591
1973,0.0661842,0.0352941,1.09687
1974,0.0417046,0.0627451,1.09731
1975,0.231155,0.231373,1.09731
1976,0.700212,0.752941,1.10009
1977,0.577782,0.580392,1.1001
1978,0.125134,0.145098,1.10049
1979,0.0458806,0.0509804,1.10052
1980,0.0540696,0.0313725,1.10104
1981,0.0264242,0.0352941,1.10111
1982,0.0725713,0.054902,1.10143
1983,0.201912,0.203922,1.10143
1984,0.671404,0.74902,1.10745
1985,0.642483,0.643137,1.10746
1986,0.138278,0.152941,1.10767
1987,0.0396268,0.0470588,1.10773
1988,0.040541,0.0313725,1.10781
1989,0.0451085,0.027451,1.10812
1990,0.0267948,0.0352941,1.10819
1991,0.126552,0.109804,1.10847
1992,0.466202,0.537255,1.11352
1993,0.847836,0.909804,1.11736
1994,0.241055,0.254902,1.11755
1995,0.0683728,0.0588235,1.11765
1996,0.0123371,0.027451,1.11787
1997,-0.0138058,0.0235294,1.11927
1998,0.0030618,0.0196078,1.11954
1999,0.0411585,0.0235294,1.11985
2000,0.111098,0.0862745,1.12047
2001,0.418006,0.52549,1.13202
2002,0.926152,1,1.13748
2003,0.229169,0.262745,1.1386
2004,0.120219,0.054902,1.14287
2005,-0.00714096,0.0313725,1.14435
2006,-0.00285405,0.0235294,1.14505
2007,-0.0207589,0.0156863,1.14638
2008,0.0156598,0.0156863,1.14638
2009,0.0841659,0.0156863,1.15107
2010,0.0783883,0.0313725,1.15328
2011,0.152997,0.113725,1.15482
2012,0.47238,0.129412,1.27245
2013,0.228928,0.0901961,1.29169
2014,0.0232694,0.0901961,1.29617
2015,0.130137,0.109804,1.29659
2016,0.199914,0.14902,1.29918
2017,0.257527,0.211765,1.30127
2018,0.309353,0.278431,1.30223
2019,0.293508,0.298039,1.30225
2020,0.233696,0.247059,1.30242
2021,0.170651,0.184314,1.30261
2022,0.135353,0.160784,1.30326
2023,0.166284,0.172549,1.3033
2024,0.220199,0.219608,1.3033
2025,0.288045,0.282353,1.30333
2026,0.300573,0.290196,1.30344
2027,0.229409,0.243137,1.30363
2028,0.181169,0.184314,1.30364
2029,0.143467,0.160784,1.30394
2030,0.166562,0.184314,1.30425
2031,0.251368,0.239216,1.3044
2032,0.300526,0.301961,1.3044
2033,0.295043,0.294118,1.3044
2034,0.218608,0.235294,1.30468
2035,0.174208,0.180392,1.30472
2036,0.150479,0.160784,1.30482
2037,0.172312,0.188235,1.30508
2038,0.259262,0.247059,1.30523
2039,0.30714,0.305882,1.30523
2040,0.289307,0.294118,1.30525
2041,0.217767,0.227451,1.30535
2042,0.164059,0.172549,1.30542
2043,0.144751,0.156863,1.30556
2044,0.175699,0.192157,1.30584
2045,0.275118,0.254902,1.30624
2046,0.310429,0.317647,1.3063
2047,0.29217,0.298039,1.30633
2048,0.213187,0.223529,1.30644
2049,0.158535,0.168627,1.30654
2050,0.144862,0.156863,1.30668
2051,0.183531,0.192157,1.30676
2052,0.273902,0.266667,1.30681
2053,0.330036,0.32549,1.30683
2054,0.284163,0.290196,1.30687
2055,0.2001,0.211765,1.307
2056,0.152551,0.160784,1.30707
2057,0.142807,0.156863,1.30727
2058,0.195685,0.196078,1.30727
2059,0.279878,0.27451,1.3073
2060,0.333192,0.333333,1.3073
2061,0.28334,0.286275,1.30731
2062,0.190916,0.207843,1.30759
2063,0.153851,0.152941,1.30759
2064,0.128319,0.152941,1.3082
2065,0.200597,0.2,1.3082
2066,0.2975,0.286275,1.30833
2067,0.340683,0.341176,1.30833
2068,0.276505,0.286275,1.30842
2069,0.188773,0.2,1.30855
2070,0.144117,0.14902,1.30857
2071,0.132365,0.152941,1.309
2072,0.208048,0.203922,1.30901
2073,0.304724,0.294118,1.30912
2074,0.343982,0.345098,1.30913
2075,0.272248,0.286275,1.30932
2076,0.18856,0.192157,1.30934
2077,0.131407,0.145098,1.30952
2078,0.136242,0.14902,1.30969
2079,0.204603,0.207843,1.3097
2080,0.321702,0.309804,1.30984
2081,0.35651,0.356863,1.30984
2082,0.265475,0.282353,1.31012
2083,0.180262,0.184314,1.31014
2084,0.127534,0.141176,1.31033
2085,0.140205,0.14902,1.3104
2086,0.211817,0.211765,1.3104
2087,0.329315,0.321569,1.31046
2088,0.364201,0.364706,1.31046
2089,0.261469,0.27451,1.31063
2090,0.169634,0.180392,1.31075
2091,0.1339,0.137255,1.31076
2092,0.134465,0.14902,1.31097
2093,0.21914,0.219608,1.31097
2094,0.346071,0.333333,1.31114
2095,0.362621,0.368627,1.31117
2096,0.255247,0.270588,1.31141
2097,0.166992,0.172549,1.31144
2098,0.124548,0.137255,1.3116
2099,0.149406,0.145098,1.31162
2100,0.205537,0.219608,1.31182
2101,0.355598,0.345098,1.31193
2102,0.376845,0.376471,1.31193
2103,0.249705,0.270588,1.31236
2104,0.165214,0.164706,1.31236
2105,0.11219,0.129412,1.31266
2106,0.142954,0.145098,1.31266
2107,0.225115,0.223529,1.31267
2108,0.36225,0.352941,1.31275
2109,0.377148,0.380392,1.31276
2110,0.248093,0.266667,1.31311
2111,0.161274,0.160784,1.31311
2112,0.110478,0.12549,1.31333
2113,0.137864,0.145098,1.31339
2114,0.23441,0.227451,1.31343
2115,0.369971,0.368627,1.31344
2116,0.386088,0.392157,1.31347
2117,0.24511,0.262745,1.31378
2118,0.15403,0.160784,1.31383
2119,0.123016,0.12549,1.31384
2120,0.138468,0.141176,1.31384
2121,0.221496,0.227451,1.31388
2122,0.382381,0.372549,1.31398
2123,0.390551,0.4,1.31406
2124,0.247563,0.258824,1.31419
2125,0.14664,0.152941,1.31423
2126,0.113768,0.117647,1.31425
2127,0.130257,0.137255,1.3143
2128,0.228906,0.223529,1.31432
2129,0.383914,0.376471,1.31438
2130,0.400647,0.407843,1.31443
2131,0.24949,0.258824,1.31452
2132,0.143499,0.14902,1.31455
2133,0.108541,0.117647,1.31463
2134,0.140775,0.133333,1.31469
2135,0.215631,0.223529,1.31475
2136,0.394497,0.384314,1.31485
2137,0.408559,0.419608,1.31498
2138,0.251069,0.266667,1.31522
2139,0.147014,0.14902,1.31522
2140,0.104677,0.109804,1.31525
2141,0.118086,0.129412,1.31538
2142,0.226964,0.215686,1.3155
2143,0.389982,0.388235,1.31551
2144,0.427209,0.431373,1.31552
2145,0.255014,0.266667,1.31566
2146,0.142551,0.145098,1.31567
2147,0.102125,0.105882,1.31568
2148,0.11552,0.12549,1.31578
2149,0.224452,0.211765,1.31594
2150,0.392694,0.388235,1.31596
2151,0.434903,0.443137,1.31603
2152,0.262068,0.27451,1.31618
2153,0.14394,0.14902,1.31621
2154,0.107949,0.101961,1.31625
2155,0.0970515,0.117647,1.31667
2156,0.210132,0.2,1.31677
2157,0.390626,0.376471,1.31697
2158,0.447508,0.454902,1.31703
2159,0.276117,0.282353,1.31707
2160,0.144027,0.145098,1.31707
2161,0.0949872,0.0980392,1.31708
2162,0.0973141,0.109804,1.31723
2163,0.193884,0.192157,1.31724
2164,0.394567,0.372549,1.31772
2165,0.460312,0.470588,1.31783
2166,0.286931,0.298039,1.31795
2167,0.148749,0.145098,1.31796
2168,0.0851978,0.0980392,1.31813
2169,0.106439,0.101961,1.31815
2170,0.167357,0.172549,1.31818
2171,0.367952,0.356863,1.3183
2172,0.493164,0.486275,1.31835
2173,0.305424,0.317647,1.31849
2174,0.153787,0.14902,1.31852
2175,0.0834721,0.0941176,1.31863
2176,0.0943808,0.0941176,1.31863
2177,0.151815,0.156863,1.31866
2178,0.348646,0.337255,1.31879
2179,0.512008,0.501961,1.31889
2180,0.330912,0.341176,1.31899
2181,0.160299,0.160784,1.31899
2182,0.0956859,0.0941176,1.319
2183,0.082464,0.0941176,1.31913
2184,0.15743,0.145098,1.31928
2185,0.31411,0.313725,1.31928
2186,0.515503,0.505882,1.31938
2187,0.359904,0.372549,1.31954
2188,0.17213,0.172549,1.31954
2189,0.0953042,0.0941176,1.31954
2190,0.0745421,0.0901961,1.31978
2191,0.149778,0.129412,1.3202
2192,0.276002,0.282353,1.32024
2193,0.51642,0.501961,1.32045
2194,0.397764,0.411765,1.32064
2195,0.190055,0.188235,1.32065
2196,0.0959134,0.0980392,1.32065
2197,0.0794165,0.0862745,1.3207
2198,0.133042,0.113725,1.32107
2199,0.23303,0.243137,1.32117
2200,0.497811,0.490196,1.32123
2201,0.454332,0.454902,1.32123
2202,0.212444,0.215686,1.32124
2203,0.107875,0.105882,1.32125
2204,0.0820323,0.0823529,1.32125
2205,0.109066,0.101961,1.3213
2206,0.202982,0.211765,1.32137
2207,0.471346,0.458824,1.32153
2208,0.49426,0.501961,1.32159
2209,0.2468,0.247059,1.32159
2210,0.113724,0.113725,1.32159
2211,0.0829549,0.0784314,1.32161
2212,0.0894772,0.0941176,1.32163
2213,0.187547,0.176471,1.32175
2214,0.410397,0.411765,1.32176
2215,0.540565,0.541176,1.32176
2216,0.290892,0.294118,1.32177
2217,0.126494,0.129412,1.32178
2218,0.0876479,0.0823529,1.3218
2219,0.0902531,0.0823529,1.32187
2220,0.132775,0.145098,1.32202
2221,0.35649,0.352941,1.32203
2222,0.569381,0.564706,1.32205
2223,0.345922,0.356863,1.32217
2224,0.145009,0.141176,1.32219
2225,0.0696434,0.0784314,1.32226
2226,0.0781445,0.0784314,1.32226
2227,0.141089,0.12549,1.32251
2228,0.303064,0.294118,1.32259
2229,0.552035,0.560784,1.32266
2230,0.415567,0.431373,1.32291
2231,0.172656,0.176471,1.32293
2232,0.0855649,0.0901961,1.32295
2233,0.0869888,0.0745098,1.32311
2234,0.106215,0.101961,1.32312
2235,0.228247,0.231373,1.32313
2236,0.520042,0.517647,1.32314
2237,0.495012,0.505882,1.32326
2238,0.220123,0.219608,1.32326
2239,0.0975603,0.101961,1.32328
2240,0.0902168,0.0745098,1.32352
2241,0.0958673,0.0862745,1.32362
2242,0.16529,0.176471,1.32374
2243,0.441758,0.443137,1.32374
2244,0.569969,0.572549,1.32375
2245,0.282013,0.282353,1.32375
2246,0.112232,0.113725,1.32375
2247,0.0732587,0.0705882,1.32376
2248,0.0780474,0.0745098,1.32377
2249,0.134023,0.133333,1.32377
2250,0.348894,0.345098,1.32379
2251,0.598908,0.603922,1.32381
2252,0.370464,0.376471,1.32385
2253,0.138636,0.141176,1.32385
2254,0.0716549,0.0745098,1.32386
2255,0.0744401,0.0666667,1.32392
2256,0.102901,0.101961,1.32392
2257,0.257283,0.254902,1.32393
2258,0.569864,0.572549,1.32394
2259,0.479464,0.486275,1.32398
2260,0.189018,0.188235,1.32398
2261,0.0842901,0.0823529,1.32399
2262,0.0651193,0.0627451,1.32399
2263,0.0873902,0.0784314,1.32407
2264,0.170764,0.180392,1.32417
2265,0.48541,0.47451,1.32428
2266,0.582285,0.592157,1.32438
2267,0.270217,0.266667,1.32439
2268,0.100732,0.101961,1.3244
2269,0.0655827,0.0627451,1.3244
2270,0.0691494,0.0666667,1.32441
2271,0.121694,0.12549,1.32442
2272,0.353499,0.34902,1.32444
2273,0.631653,0.635294,1.32446
2274,0.375393,0.384314,1.32454
2275,0.128685,0.137255,1.32461
2276,0.0701384,0.0705882,1.32461
2277,0.071835,0.0588235,1.32478
2278,0.0784007,0.0901961,1.32492
2279,0.238338,0.223529,1.32514
2280,0.553539,0.568627,1.32537
2281,0.538414,0.533333,1.32539
2282,0.207328,0.196078,1.32552
2283,0.0805673,0.0823529,1.32552
2284,0.0765023,0.054902,1.32599
2285,0.0588254,0.0666667,1.32605
2286,0.142547,0.141176,1.32605
2287,0.415019,0.419608,1.32607
2288,0.653212,0.647059,1.32611
2289,0.315736,0.313725,1.32611
2290,0.108203,0.109804,1.32612
2291,0.064699,0.0588235,1.32615
2292,0.0538216,0.054902,1.32615
2293,0.0833492,0.0941176,1.32627
2294,0.274725,0.266667,1.32633
2295,0.625968,0.631373,1.32636
2296,0.481019,0.490196,1.32645
2297,0.163715,0.164706,1.32645
2298,0.068472,0.0745098,1.32648
2299,0.0828986,0.0509804,1.3275
2300,0.0494182,0.0666667,1.3278
2301,0.157473,0.152941,1.32782
2302,0.458919,0.466667,1.32788
2303,0.655629,0.658824,1.32789
2304,0.289541,0.282353,1.32794
2305,0.0923243,0.0941176,1.32795
2306,0.0528854,0.054902,1.32795
2307,0.064585,0.0509804,1.32814
2308,0.0726264,0.0941176,1.3286
2309,0.292928,0.266667,1.32929
2310,0.630371,0.658824,1.3301
2311,0.493091,0.490196,1.33011
2312,0.154101,0.156863,1.33011
2313,0.0648165,0.0666667,1.33012
2314,0.0660438,0.0470588,1.33048
2315,0.0523906,0.0588235,1.33052
2316,0.135538,0.141176,1.33055
2317,0.453891,0.45098,1.33056
2318,0.681235,0.698039,1.33084
2319,0.305269,0.298039,1.33089
2320,0.0886067,0.0980392,1.33098
2321,0.0641217,0.0509804,1.33115
2322,0.0412886,0.0470588,1.33119
2323,0.0662584,0.0784314,1.33134
2324,0.241613,0.223529,1.33166
2325,0.607979,0.643137,1.3329
2326,0.570436,0.568627,1.3329
2327,0.180449,0.180392,1.3329
2328,0.0643364,0.0705882,1.33294
2329,0.0724385,0.0470588,1.33359
2330,0.0547375,0.0509804,1.3336
2331,0.094758,0.105882,1.33372
2332,0.355633,0.352941,1.33373
2333,0.713206,0.745098,1.33475
2334,0.392445,0.396078,1.33476
2335,0.0927277,0.113725,1.3352
2336,0.0497799,0.0509804,1.3352
2337,0.043865,0.0431373,1.3352
2338,0.06209,0.054902,1.33526
2339,0.13896,0.145098,1.33529
2340,0.491289,0.501961,1.33541
2341,0.706814,0.737255,1.33633
2342,0.278774,0.270588,1.3364
2343,0.0658769,0.0823529,1.33667
2344,0.0519976,0.0470588,1.3367
2345,0.0536532,0.0392157,1.33691
2346,0.0338469,0.0627451,1.33774
2347,0.202251,0.188235,1.33794
2348,0.593986,0.631373,1.33933
2349,0.647725,0.662745,1.33956
2350,0.203398,0.2,1.33957
2351,0.0509245,0.0666667,1.33982
2352,0.0572381,0.0392157,1.34014
2353,0.0358518,0.0352941,1.34014
2354,0.0380371,0.0627451,1.34075
2355,0.2285,0.215686,1.34092
2356,0.664244,0.713725,1.34337
2357,0.604569,0.619608,1.34359
2358,0.148641,0.164706,1.34385
2359,0.0443502,0.054902,1.34396
2360,0.0482498,0.0352941,1.34413
2361,0.0417034,0.0313725,1.34424
2362,0.0336835,0.054902,1.34469
2363,0.211772,0.2,1.34483
2364,0.663724,0.729412,1.34914
2365,0.645076,0.662745,1.34945
2366,0.147922,0.164706,1.34974
2367,0.0359645,0.054902,1.35009
2368,0.06024,0.0313725,1.35093
2369,0.0205104,0.0313725,1.35105
2370,0.04644,0.0352941,1.35117
2371,0.110948,0.121569,1.35128
2372,0.507879,0.572549,1.35546
2373,0.824413,0.878431,1.35838
2374,0.230666,0.235294,1.3584
2375,0.0568513,0.0588235,1.35841
2376,0.0266977,0.0313725,1.35843
2377,0.00883624,0.027451,1.35878
2378,0.0120393,0.027451,1.35901
2379,0.0734668,0.0352941,1.36047
2380,0.147148,0.141176,1.36051
2381,0.576281,0.745098,1.38901
2382,0.820077,0.843137,1.38954
2383,0.172819,0.164706,1.3896
2384,0.0321761,0.0431373,1.38972
2385,0.0278093,0.027451,1.38972
2386,0.0212768,0.0196078,1.38973
2387,-0.0191043,0.0156863,1.39094
2388,0.0475713,0.0156863,1.39195
2389,0.0880866,0.0117647,1.39778
2390,0.0488688,0.0196078,1.39863
2391,0.0940642,0.0627451,1.39962
2392,0.295541,0.0431373,1.46332
2393,0.0265248,0.027451,1.46332
2394,-0.0200893,0.0392157,1.46684
2395,0.113667,0.0666667,1.46905
2396,0.210366,0.109804,1.47916
2397,0.288308,0.14902,1.49856
2398,0.275953,0.180392,1.5077
2399,0.249647,0.211765,1.50913
2400,0.249849,0.247059,1.50914
2401,0.257277,0.258824,1.50914
2402,0.224622,0.231373,1.50919
2403,0.17749,0.2,1.50969
2404,0.169722,0.180392,1.50981
2405,0.173423,0.196078,1.51032
2406,0.235057,0.223529,1.51045
2407,0.251715,0.254902,1.51046
2408,0.257841,0.258824,1.51046
2409,0.225927,0.231373,1.51049
2410,0.189861,0.203922,1.51069
2411,0.184482,0.184314,1.51069
2412,0.17825,0.2,1.51117
2413,0.238543,0.227451,1.51129
2414,0.254459,0.258824,1.51131
2415,0.259519,0.262745,1.51132
2416,0.228058,0.227451,1.51132
2417,0.179745,0.203922,1.5119
2418,0.193234,0.188235,1.51193
2419,0.187085,0.203922,1.51221
2420,0.238008,0.239216,1.51221
2421,0.269903,0.266667,1.51222
2422,0.253947,0.262745,1.5123
2423,0.221222,0.231373,1.5124
2424,0.191418,0.2,1.51248
2425,0.179672,0.188235,1.51255
2426,0.195417,0.203922,1.51262
2427,0.238718,0.247059,1.51269
2428,0.283314,0.27451,1.51277
2429,0.253532,0.266667,1.51294
2430,0.219174,0.227451,1.51301
2431,0.183938,0.196078,1.51316
2432,0.180555,0.188235,1.51322
2433,0.20239,0.211765,1.51331
2434,0.253612,0.254902,1.51331
2435,0.281039,0.278431,1.51331
2436,0.249918,0.262745,1.51348
2437,0.212881,0.219608,1.51352
2438,0.177799,0.188235,1.51363
2439,0.175436,0.184314,1.51371
2440,0.205637,0.215686,1.51381
2441,0.267023,0.262745,1.51383
2442,0.284293,0.290196,1.51387
2443,0.255202,0.266667,1.514
2444,0.207256,0.215686,1.51407
2445,0.170755,0.188235,1.51437
2446,0.185559,0.192157,1.51442
2447,0.223246,0.223529,1.51442
2448,0.265429,0.270588,1.51444
2449,0.284939,0.286275,1.51445
2450,0.243514,0.262745,1.51482
2451,0.210569,0.211765,1.51482
2452,0.168218,0.184314,1.51508
2453,0.180905,0.188235,1.51513
2454,0.220969,0.231373,1.51524
2455,0.287886,0.278431,1.51533
2456,0.280921,0.290196,1.51541
2457,0.239654,0.258824,1.51578
2458,0.204643,0.207843,1.51579
2459,0.168514,0.184314,1.51604
2460,0.186788,0.192157,1.51607
2461,0.228058,0.235294,1.51612
2462,0.286614,0.282353,1.51614
2463,0.281468,0.301961,1.51656
2464,0.251709,0.254902,1.51657
2465,0.186702,0.203922,1.51687
2466,0.171493,0.180392,1.51695
2467,0.186176,0.196078,1.51704
2468,0.243179,0.243137,1.51704
2469,0.291594,0.294118,1.51705
2470,0.285554,0.301961,1.51732
2471,0.240433,0.247059,1.51736
2472,0.18065,0.2,1.51774
2473,0.176881,0.176471,1.51774
2474,0.180827,0.196078,1.51797
2475,0.249282,0.25098,1.51797
2476,0.304794,0.305882,1.51797
2477,0.287823,0.305882,1.5183
2478,0.233656,0.247059,1.51848
2479,0.181911,0.192157,1.51859
2480,0.163749,0.172549,1.51866
2481,0.186578,0.196078,1.51875
2482,0.256583,0.258824,1.51876
2483,0.316174,0.309804,1.5188
2484,0.280537,0.298039,1.5191
2485,0.223249,0.239216,1.51936
2486,0.181953,0.184314,1.51937
2487,0.155501,0.172549,1.51966
2488,0.197633,0.203922,1.5197
2489,0.271164,0.266667,1.51972
2490,0.311136,0.321569,1.51982
2491,0.285522,0.298039,1.51998
2492,0.214117,0.235294,1.52043
2493,0.180575,0.180392,1.52043
2494,0.154315,0.168627,1.52063
2495,0.194138,0.207843,1.52082
2496,0.287845,0.270588,1.52112
2497,0.308653,0.329412,1.52155
2498,0.289979,0.301961,1.52169
2499,0.213089,0.223529,1.5218
2500,0.160343,0.176471,1.52206
2501,0.167244,0.168627,1.52207
2502,0.199731,0.211765,1.52221
2503,0.292692,0.286275,1.52225
2504,0.324786,0.341176,1.52252
2505,0.282552,0.298039,1.52276
2506,0.202836,0.219608,1.52304
2507,0.165056,0.168627,1.52305
2508,0.154613,0.164706,1.52316
2509,0.204206,0.215686,1.52329
2510,0.309287,0.298039,1.52341
2511,0.332125,0.345098,1.52358
2512,0.272419,0.294118,1.52405
2513,0.199941,0.211765,1.52419
2514,0.159093,0.164706,1.52422
2515,0.156678,0.164706,1.52429
2516,0.209957,0.215686,1.52432
2517,0.307373,0.305882,1.52432
2518,0.342864,0.352941,1.52443
2519,0.271025,0.286275,1.52466
2520,0.186426,0.2,1.52484
2521,0.151225,0.156863,1.52487
2522,0.155745,0.160784,1.5249
2523,0.212389,0.219608,1.52495
2524,0.321859,0.313725,1.52502
2525,0.343725,0.360784,1.52531
2526,0.270372,0.286275,1.52556
2527,0.183069,0.196078,1.52573
2528,0.14756,0.152941,1.52576
2529,0.15339,0.160784,1.52581
2530,0.220718,0.227451,1.52586
2531,0.337041,0.329412,1.52592
2532,0.348088,0.364706,1.52619
2533,0.259435,0.278431,1.52656
2534,0.177439,0.184314,1.5266
2535,0.137055,0.14902,1.52675
2536,0.162554,0.160784,1.52675
2537,0.226401,0.227451,1.52675
2538,0.334893,0.337255,1.52676
2539,0.358008,0.368627,1.52687
2540,0.255226,0.270588,1.5271
2541,0.167655,0.180392,1.52727
2542,0.141575,0.145098,1.52728
2543,0.156693,0.156863,1.52728
2544,0.222277,0.231373,1.52736
2545,0.352046,0.34902,1.52737
2546,0.362673,0.372549,1.52747
2547,0.247575,0.266667,1.52783
2548,0.164808,0.172549,1.52789
2549,0.132741,0.137255,1.52791
2550,0.148438,0.152941,1.52793
2551,0.228881,0.235294,1.52797
2552,0.368173,0.356863,1.5281
2553,0.362009,0.376471,1.52831
2554,0.244975,0.262745,1.52863
2555,0.160943,0.164706,1.52864
2556,0.122488,0.133333,1.52876
2557,0.15215,0.14902,1.52877
2558,0.225568,0.235294,1.52886
2559,0.37706,0.368627,1.52893
2560,0.373634,0.388235,1.52915
2561,0.243856,0.258824,1.52937
2562,0.152183,0.160784,1.52945
2563,0.125773,0.129412,1.52946
2564,0.149151,0.14902,1.52946
2565,0.234492,0.239216,1.52948
2566,0.384675,0.376471,1.52955
2567,0.374629,0.392157,1.52986
2568,0.242261,0.258824,1.53013
2569,0.152457,0.156863,1.53015
2570,0.118739,0.121569,1.53016
2571,0.132718,0.145098,1.53031
2572,0.243898,0.239216,1.53033
2573,0.39477,0.384314,1.53044
2574,0.380252,0.4,1.53083
2575,0.242215,0.254902,1.53099
2576,0.146169,0.14902,1.531
2577,0.109407,0.121569,1.53115
2578,0.150873,0.145098,1.53118
2579,0.242307,0.239216,1.53119
2580,0.393679,0.392157,1.53119
2581,0.389283,0.407843,1.53154
2582,0.242069,0.254902,1.5317
2583,0.143266,0.145098,1.53171
2584,0.103908,0.117647,1.5319
2585,0.148229,0.141176,1.53195
2586,0.240993,0.235294,1.53198
2587,0.396729,0.4,1.53199
2588,0.403407,0.419608,1.53225
2589,0.243459,0.254902,1.53238
2590,0.138879,0.145098,1.53242
2591,0.111109,0.113725,1.53243
2592,0.136805,0.141176,1.53245
2593,0.252027,0.231373,1.53287
2594,0.389872,0.403922,1.53307
2595,0.414914,0.431373,1.53334
2596,0.24841,0.262745,1.53355
2597,0.140779,0.145098,1.53357
2598,0.106638,0.109804,1.53358
2599,0.127789,0.12549,1.53358
2600,0.213344,0.223529,1.53368
2601,0.419582,0.4,1.53407
2602,0.422968,0.447059,1.53465
2603,0.258045,0.270588,1.53481
2604,0.141101,0.145098,1.53482
2605,0.104861,0.105882,1.53482
2606,0.119542,0.12549,1.53486
2607,0.225891,0.211765,1.53506
2608,0.394188,0.4,1.53509
2609,0.44825,0.462745,1.5353
2610,0.266238,0.278431,1.53545
2611,0.139726,0.145098,1.53548
2612,0.103696,0.105882,1.53548
2613,0.125637,0.113725,1.53563
2614,0.185565,0.2,1.53583
2615,0.402925,0.388235,1.53605
2616,0.462097,0.478431,1.53632
2617,0.281033,0.298039,1.53661
2618,0.146,0.14902,1.53662
2619,0.0980014,0.101961,1.53663
2620,0.11272,0.109804,1.53664
2621,0.186627,0.184314,1.53664
2622,0.376577,0.372549,1.53666
2623,0.482998,0.494118,1.53678
2624,0.301031,0.309804,1.53686
2625,0.146338,0.152941,1.53691
2626,0.102967,0.0980392,1.53693
2627,0.0976703,0.105882,1.537
2628,0.18545,0.168627,1.53728
2629,0.347428,0.352941,1.53731
2630,0.500908,0.509804,1.53739
2631,0.325763,0.345098,1.53776
2632,0.156277,0.160784,1.53778
2633,0.0929104,0.0980392,1.53781
2634,0.0987179,0.0980392,1.53781
2635,0.163321,0.152941,1.53792
2636,0.326728,0.317647,1.538
2637,0.500485,0.517647,1.5383
2638,0.367454,0.372549,1.53832
2639,0.167153,0.172549,1.53835
2640,0.098407,0.101961,1.53836
2641,0.104653,0.0941176,1.53847
2642,0.143035,0.133333,1.53857
2643,0.276589,0.290196,1.53875
2644,0.519324,0.513725,1.53878
2645,0.396138,0.415686,1.53917
2646,0.185451,0.196078,1.53928
2647,0.106669,0.105882,1.53928
2648,0.0945099,0.0823529,1.53943
2649,0.0961688,0.117647,1.53989
2650,0.261848,0.25098,1.54001
2651,0.503041,0.498039,1.54003
2652,0.44514,0.458824,1.54022
2653,0.211573,0.215686,1.54024
2654,0.107004,0.105882,1.54024
2655,0.083637,0.0784314,1.54027
2656,0.0928142,0.105882,1.54044
2657,0.231767,0.215686,1.54069
2658,0.468909,0.462745,1.54073
2659,0.489054,0.505882,1.54102
2660,0.248325,0.25098,1.54102
2661,0.113985,0.113725,1.54102
2662,0.0783712,0.0823529,1.54104
2663,0.107856,0.0941176,1.54123
2664,0.176323,0.180392,1.54124
2665,0.420393,0.411765,1.54132
2666,0.531669,0.54902,1.54162
2667,0.296147,0.298039,1.54162
2668,0.12446,0.12549,1.54162
2669,0.0755176,0.0784314,1.54163
2670,0.085969,0.0823529,1.54165
2671,0.14637,0.145098,1.54165
2672,0.35707,0.352941,1.54166
2673,0.569472,0.572549,1.54167
2674,0.351221,0.356863,1.54171
2675,0.143068,0.14902,1.54174
2676,0.0893315,0.0823529,1.54179
2677,0.0770678,0.0784314,1.54179
2678,0.128595,0.121569,1.54184
2679,0.290296,0.290196,1.54184
2680,0.559525,0.560784,1.54184
2681,0.419861,0.435294,1.54208
2682,0.174275,0.180392,1.54212
2683,0.0899283,0.0862745,1.54213
2684,0.0665064,0.0745098,1.5422
2685,0.119275,0.0980392,1.54265
2686,0.214106,0.223529,1.54274
2687,0.515935,0.517647,1.54274
2688,0.511403,0.513725,1.54274
2689,0.222938,0.223529,1.54274
2690,0.0989479,0.101961,1.54275
2691,0.0885281,0.0705882,1.54307
2692,0.0805022,0.0862745,1.54311
2693,0.178705,0.168627,1.54321
2694,0.421072,0.435294,1.54341
2695,0.584645,0.584314,1.54341
2696,0.291269,0.290196,1.54341
2697,0.112488,0.117647,1.54344
2698,0.0812624,0.0745098,1.54349
2699,0.0898835,0.0745098,1.54372
2700,0.122229,0.129412,1.54377
2701,0.33478,0.341176,1.54381
2702,0.608045,0.607843,1.54381
2703,0.375577,0.388235,1.54397
2704,0.138208,0.145098,1.54402
2705,0.0727471,0.0784314,1.54405
2706,0.0878103,0.0666667,1.5445
2707,0.0932891,0.0980392,1.54452
2708,0.24086,0.243137,1.54453
2709,0.562321,0.564706,1.54453
2710,0.497302,0.505882,1.54461
2711,0.198208,0.2,1.54461
2712,0.0873172,0.0901961,1.54462
2713,0.0831282,0.0627451,1.54504
2714,0.0696947,0.0784314,1.54511
2715,0.170328,0.172549,1.54512
2716,0.464622,0.458824,1.54515
2717,0.592184,0.611765,1.54553
2718,0.286241,0.278431,1.54559
2719,0.100605,0.109804,1.54568
2720,0.0841929,0.0666667,1.54599
2721,0.0728197,0.0666667,1.54602
2722,0.109194,0.117647,1.5461
2723,0.324679,0.32549,1.5461
2724,0.629732,0.635294,1.54613
2725,0.402107,0.411765,1.54622
2726,0.136084,0.141176,1.54625
2727,0.0624171,0.0705882,1.54631
2728,0.0769706,0.0588235,1.54664
2729,0.0845289,0.0862745,1.54665
2730,0.220431,0.211765,1.54672
2731,0.541475,0.54902,1.54678
2732,0.553924,0.564706,1.54689
2733,0.224303,0.215686,1.54697
2734,0.0826991,0.0901961,1.54702
2735,0.0858473,0.0588235,1.54775
2736,0.0637427,0.0666667,1.54776
2737,0.129586,0.133333,1.54778
2738,0.387225,0.392157,1.5478
2739,0.654134,0.662745,1.54788
2740,0.34305,0.345098,1.54788
2741,0.107668,0.117647,1.54798
2742,0.0630601,0.0627451,1.54798
2743,0.0664703,0.054902,1.54811
2744,0.0759732,0.0862745,1.54822
2745,0.239443,0.243137,1.54823
2746,0.612196,0.607843,1.54825
2747,0.513813,0.529412,1.5485
2748,0.184511,0.188235,1.54851
2749,0.0757549,0.0745098,1.54851
2750,0.0552471,0.054902,1.54851
2751,0.079229,0.0627451,1.54878
2752,0.126879,0.137255,1.54889
2753,0.418816,0.423529,1.54891
2754,0.672064,0.686275,1.54911
2755,0.323203,0.321569,1.54912
2756,0.0937184,0.105882,1.54927
2757,0.0598313,0.0588235,1.54927
2758,0.0684135,0.054902,1.54945
2759,0.084598,0.0823529,1.54945
2760,0.225616,0.239216,1.54964
2761,0.622051,0.631373,1.54973
2762,0.533164,0.545098,1.54987
2763,0.176272,0.176471,1.54987
2764,0.0649226,0.0705882,1.5499
2765,0.0692248,0.0470588,1.55039
2766,0.0515808,0.0588235,1.55044
2767,0.134477,0.121569,1.55061
2768,0.384645,0.388235,1.55062
2769,0.692602,0.717647,1.55125
2770,0.356689,0.352941,1.55126
2771,0.0962363,0.109804,1.55145
2772,0.0580114,0.0509804,1.5515
2773,0.0343287,0.0470588,1.55166
2774,0.0753449,0.0666667,1.55174
2775,0.18401,0.184314,1.55174
2776,0.557795,0.580392,1.55225
2777,0.636708,0.635294,1.55225
2778,0.226396,0.215686,1.55236
2779,0.0696411,0.0745098,1.55239
2780,0.0583617,0.0431373,1.55262
2781,0.0367759,0.0470588,1.55272
2782,0.0881868,0.0862745,1.55273
2783,0.286627,0.286275,1.55273
2784,0.696811,0.72549,1.55355
2785,0.47489,0.482353,1.55361
2786,0.116067,0.137255,1.55406
2787,0.0534522,0.054902,1.55406
2788,0.0488007,0.0392157,1.55415
2789,0.0441964,0.0470588,1.55416
2790,0.108498,0.109804,1.55416
2791,0.395365,0.4,1.55418
2792,0.749203,0.776471,1.55492
2793,0.34515,0.34902,1.55494
2794,0.0813584,0.0941176,1.5551
2795,0.0385845,0.0470588,1.55517
2796,0.0525969,0.0392157,1.55535
2797,0.0450646,0.0470588,1.55536
2798,0.116355,0.137255,1.55579
2799,0.50237,0.505882,1.55581
2800,0.73421,0.772549,1.55728
2801,0.275065,0.266667,1.55735
2802,0.0668323,0.0784314,1.55748
2803,0.0545362,0.0392157,1.55772
2804,0.020386,0.0352941,1.55794
2805,0.0374671,0.0470588,1.55803
2806,0.141883,0.141176,1.55803
2807,0.52126,0.556863,1.5593
2808,0.750641,0.776471,1.55996
2809,0.248049,0.239216,1.56004
2810,0.0566106,0.0705882,1.56024
2811,0.0557529,0.0392157,1.56051
2812,0.0334675,0.0352941,1.56052
2813,0.0347993,0.0392157,1.56053
2814,0.103112,0.117647,1.56075
2815,0.472435,0.509804,1.56214
2816,0.805374,0.866667,1.5659
2817,0.263864,0.27451,1.56601
2818,0.0506777,0.0705882,1.56641
2819,0.0341626,0.0352941,1.56641
2820,0.0115548,0.0313725,1.5668
2821,0.0254608,0.0313725,1.56684
2822,0.0745835,0.054902,1.56723
2823,0.2314,0.270588,1.56876
2824,0.80993,0.933333,1.58399
2825,0.527887,0.533333,1.58402
2826,0.0270771,0.101961,1.58963
2827,0.0293782,0.0392157,1.58972
2828,0.04654,0.027451,1.59009
2829,0.0275415,0.0235294,1.5901
2830,0.0287144,0.0196078,1.59019
2831,0.0658987,0.0313725,1.59138
2832,0.157089,0.145098,1.59152
2833,0.602272,0.819608,1.63876
2834,0.823987,0.784314,1.64033
2835,0.160044,0.152941,1.64038
2836,0.023847,0.0431373,1.64075
2837,0.0339224,0.0313725,1.64076
2838,0.0484728,0.0196078,1.64159
2839,-0.0259875,0.0235294,1.64405
2840,0.0976773,0.0431373,1.64702
2841,0.219331,0.203922,1.64726
2842,0.725748,0.709804,1.64751
2843,0.602741,0.584314,1.64785
2844,0.168934,0.164706,1.64787
2845,0.0675836,0.0627451,1.64789
2846,0.0765205,0.0431373,1.64901
2847,0.0564509,0.0588235,1.64901
2848,0.150867,0.137255,1.6492
2849,0.44819,0.435294,1.64936
2850,0.6888,0.682353,1.64941
2851,0.316914,0.298039,1.64976
2852,0.106773,0.0980392,1.64984
2853,0.0631239,0.0509804,1.64999
2854,0.0429488,0.0509804,1.65005
2855,0.0871515,0.0941176,1.6501
2856,0.293958,0.266667,1.65084
2857,0.629959,0.643137,1.65102
2858,0.487215,0.486275,1.65102
2859,0.161626,0.160784,1.65102
2860,0.0687324,0.0666667,1.65102
2861,0.0560958,0.0509804,1.65105
2862,0.0728205,0.0666667,1.65109
2863,0.160065,0.152941,1.65114
2864,0.458766,0.470588,1.65128
2865,0.659806,0.654902,1.6513
2866,0.286308,0.278431,1.65136
2867,0.0932366,0.0941176,1.65136
2868,0.056128,0.0509804,1.65139
2869,0.0432597,0.0509804,1.65145
2870,0.0853624,0.0862745,1.65145
2871,0.261197,0.270588,1.65154
2872,0.665484,0.662745,1.65155
2873,0.481759,0.486275,1.65157
2874,0.151808,0.152941,1.65157
2875,0.0639326,0.0627451,1.65157
2876,0.0556591,0.0470588,1.65164
2877,0.0640833,0.054902,1.65173
2878,0.116692,0.141176,1.65233
2879,0.468851,0.45098,1.65265
2880,0.681318,0.698039,1.65293
2881,0.30398,0.290196,1.65312
2882,0.0960624,0.0941176,1.65312
2883,0.0625565,0.0470588,1.65336
2884,0.0300128,0.0392157,1.65345
2885,0.036134,0.0745098,1.65492
2886,0.254362,0.223529,1.65587
2887,0.625789,0.643137,1.65617
2888,0.564562,0.564706,1.65617
2889,0.182189,0.176471,1.6562
2890,0.0658686,0.0666667,1.6562
2891,0.0627557,0.0431373,1.65659
2892,0.0454498,0.0470588,1.65659
2893,0.0885488,0.101961,1.65677
2894,0.356144,0.352941,1.65678
2895,0.727855,0.74902,1.65723
2896,0.388589,0.396078,1.65729
2897,0.0939346,0.113725,1.65768
2898,0.0522581,0.0470588,1.6577
2899,0.024149,0.0431373,1.65806
2900,0.075419,0.054902,1.65849
2901,0.14094,0.137255,1.6585
2902,0.465071,0.494118,1.65934
2903,0.728503,0.741176,1.6595
2904,0.281626,0.27451,1.65955
2905,0.0704966,0.0784314,1.65962
2906,0.0373775,0.0431373,1.65965
2907,0.0466145,0.0352941,1.65978
2908,0.0271375,0.0627451,1.66105
2909,0.21784,0.180392,1.66245
2910,0.575043,0.619608,1.66443
2911,0.66374,0.682353,1.66478
2912,0.213145,0.207843,1.66481
2913,0.0484559,0.0666667,1.66514
2914,0.0510927,0.0392157,1.66528
2915,0.0381522,0.0352941,1.66529
2916,0.0380756,0.0588235,1.66572
2917,0.208359,0.2,1.66579
2918,0.643666,0.694118,1.66834
2919,0.637182,0.647059,1.66843
2920,0.167578,0.172549,1.66846
2921,0.0451669,0.054902,1.66855
2922,0.0453986,0.0352941,1.66865
2923,0.0452162,0.0352941,1.66875
2924,0.0550926,0.0509804,1.66877
2925,0.17547,0.176471,1.66877
2926,0.616587,0.686275,1.67363
2927,0.697748,0.713725,1.67388
2928,0.180787,0.176471,1.6739
2929,0.0402072,0.0509804,1.67402
2930,0.0408048,0.0313725,1.67411
2931,0.0376132,0.027451,1.67421
2932,0.0218884,0.0352941,1.67439
2933,0.123226,0.0980392,1.67502
2934,0.4191,0.470588,1.67767
2935,0.851803,0.937255,1.68498
2936,0.27735,0.301961,1.68558
2937,0.0650935,0.0705882,1.68561
2938,0.0231321,0.0352941,1.68576
2939,0.00696229,0.027451,1.68618
2940,0.000398778,0.0235294,1.68672
2941,0.0422711,0.0235294,1.68707
2942,0.0922057,0.0823529,1.68716
2943,0.397783,0.482353,1.69432
2944,0.915946,1,1.70138
2945,0.251925,0.290196,1.70285
2946,0.11704,0.0588235,1.70623
2947,-0.00507619,0.0313725,1.70756
2948,-0.00262708,0.0235294,1.70825
2949,-0.0159975,0.0196078,1.70952
2950,0.0369602,0.0196078,1.70982
2951,0.091638,0.0156863,1.71558
2952,0.0607339,0.0196078,1.71728
2953,0.0799446,0.0627451,1.71757
2954,0.294548,0.0745098,1.76599
2955,0.17968,0.0431373,1.78463
2956,-0.0339593,0.0509804,1.79185
2957,0.105883,0.0745098,1.79283
2958,0.19907,0.121569,1.79884
2959,0.295184,0.180392,1.81202
2960,0.320855,0.258824,1.81586
2961,0.32728,0.298039,1.81672
2962,0.252468,0.262745,1.81682
2963,0.183958,0.2,1.81708
2964,0.144771,0.168627,1.81765
2965,0.161678,0.176471,1.81787
2966,0.217503,0.219608,1.81787
2967,0.281438,0.27451,1.81792
2968,0.289641,0.286275,1.81793
2969,0.234777,0.25098,1.8182
2970,0.195054,0.196078,1.8182
2971,0.154418,0.172549,1.81853
2972,0.176336,0.184314,1.81859
2973,0.229263,0.231373,1.81859
2974,0.290212,0.290196,1.81859
2975,0.294691,0.298039,1.8186
2976,0.233948,0.239216,1.81863
2977,0.170107,0.192157,1.81912
2978,0.170603,0.164706,1.81915
2979,0.16237,0.188235,1.81982
2980,0.252961,0.243137,1.81992
2981,0.303032,0.294118,1.82
2982,0.2802,0.294118,1.82019
2983,0.229917,0.239216,1.82028
2984,0.177939,0.184314,1.82032
2985,0.151423,0.164706,1.8205
2986,0.176593,0.192157,1.82074
2987,0.26131,0.247059,1.82094
2988,0.299924,0.305882,1.82098
2989,0.290905,0.294118,1.82099
2990,0.218171,0.231373,1.82116
2991,0.17012,0.176471,1.8212
2992,0.147861,0.164706,1.82148
2993,0.189954,0.192157,1.82149
2994,0.258208,0.258824,1.82149
2995,0.319256,0.313725,1.82152
2996,0.282783,0.294118,1.82165
2997,0.213333,0.223529,1.82175
2998,0.162143,0.172549,1.82186
2999,0.151921,0.160784,1.82194
