t,predict_test,teacher
501,0.178292,0.164706,0.000184594
502,0.124119,0.117647,0.000226475
503,0.121504,0.12549,0.000242369
504,0.193963,0.196078,0.000246844
505,0.351243,0.337255,0.000442498
506,0.416484,0.403922,0.000600311
507,0.275206,0.286275,0.000722812
508,0.17782,0.164706,0.000894791
509,0.120941,0.113725,0.000946856
510,0.112012,0.117647,0.00097861
511,0.180774,0.192157,0.00110817
512,0.362061,0.341176,0.00154435
513,0.42674,0.411765,0.0017686
514,0.27529,0.286275,0.00188926
515,0.178177,0.160784,0.00219175
516,0.118622,0.109804,0.00226951
517,0.108163,0.117647,0.00235946
518,0.186818,0.192157,0.00238796
519,0.361434,0.345098,0.00265481
520,0.431502,0.427451,0.00267123
521,0.279812,0.290196,0.00277906
522,0.169548,0.156863,0.00293997
523,0.111149,0.109804,0.00294178
524,0.114438,0.113725,0.00294229
525,0.176217,0.180392,0.00295972
526,0.347513,0.345098,0.00296555
527,0.461072,0.443137,0.00328721
528,0.281599,0.298039,0.0035575
529,0.167913,0.160784,0.00360831
530,0.11516,0.109804,0.00363699
531,0.111177,0.113725,0.00364349
532,0.175498,0.180392,0.00366744
533,0.346708,0.345098,0.00367003
534,0.461075,0.45098,0.00377192
535,0.286863,0.309804,0.00429823
536,0.169051,0.164706,0.00431711
537,0.112675,0.105882,0.00436325
538,0.0995383,0.109804,0.00446863
539,0.174128,0.172549,0.00447112
540,0.339297,0.341176,0.00447465
541,0.475427,0.466667,0.00455139
542,0.296958,0.32549,0.00536549
543,0.169374,0.164706,0.00538728
544,0.105604,0.105882,0.00538736
545,0.103329,0.105882,0.00539388
546,0.163834,0.164706,0.00539464
547,0.329288,0.333333,0.005411
548,0.487778,0.482353,0.00544043
549,0.312594,0.34902,0.00676725
550,0.170565,0.176471,0.00680213
551,0.106565,0.109804,0.00681262
552,0.102062,0.101961,0.00681263
553,0.147516,0.152941,0.00684206
554,0.309909,0.313725,0.00685663
555,0.496338,0.490196,0.00689435
556,0.338782,0.368627,0.00778511
557,0.17467,0.184314,0.00787812
558,0.110607,0.109804,0.00787876
559,0.0993749,0.101961,0.00788545
560,0.148933,0.145098,0.00790016
561,0.287962,0.294118,0.00793805
562,0.492364,0.494118,0.00794113
563,0.368759,0.396078,0.00868749
564,0.177716,0.196078,0.00902468
565,0.108902,0.109804,0.0090255
566,0.0923609,0.0980392,0.00905774
567,0.140663,0.137255,0.00906935
568,0.274527,0.27451,0.00906935
569,0.484653,0.490196,0.00910008
570,0.398282,0.431373,0.0101951
571,0.191118,0.211765,0.0106214
572,0.105235,0.113725,0.0106935
573,0.091218,0.0980392,0.01074
574,0.137316,0.12549,0.0108798
575,0.2411,0.243137,0.010884
576,0.467129,0.478431,0.0110117
577,0.447302,0.470588,0.0115539
578,0.204225,0.239216,0.0127783
579,0.109949,0.12549,0.0130198
580,0.095936,0.0941176,0.0130231
581,0.112548,0.113725,0.0130245
582,0.21458,0.219608,0.0130498
583,0.451755,0.45098,0.0130504
584,0.471895,0.505882,0.0142055
585,0.236559,0.262745,0.0148913
586,0.11339,0.12549,0.0150377
587,0.086771,0.0901961,0.0150494
588,0.108491,0.101961,0.015092
589,0.186578,0.188235,0.0150948
590,0.414235,0.407843,0.0151356
591,0.514037,0.537255,0.0156747
592,0.27941,0.305882,0.0163754
593,0.125074,0.141176,0.0166348
594,0.0869321,0.0901961,0.0166454
595,0.0925818,0.0980392,0.0166752
596,0.17266,0.160784,0.0168162
597,0.352959,0.364706,0.0169542
598,0.544569,0.556863,0.0171054
599,0.319621,0.352941,0.0182156
600,0.137364,0.14902,0.0183514
601,0.0782727,0.0941176,0.0186025
602,0.103344,0.0862745,0.0188939
603,0.13127,0.137255,0.0189297
604,0.312572,0.305882,0.0189744
605,0.543797,0.556863,0.0191451
606,0.39191,0.407843,0.019399
607,0.155127,0.176471,0.0198546
608,0.0894196,0.0941176,0.0198767
609,0.081054,0.0784314,0.0198835
610,0.109166,0.109804,0.0198839
611,0.244199,0.247059,0.0198921
612,0.527732,0.521569,0.0199301
613,0.461094,0.486275,0.0205642
614,0.194888,0.211765,0.020849
615,0.0930746,0.0980392,0.0208737
616,0.0705868,0.0784314,0.0209352
617,0.10867,0.0941176,0.021147
618,0.186785,0.196078,0.0212334
619,0.463809,0.466667,0.0212415
620,0.539315,0.54902,0.0213357
621,0.238057,0.262745,0.0219452
622,0.107498,0.117647,0.0220482
623,0.0802971,0.0784314,0.0220517
624,0.0868577,0.0823529,0.022072
625,0.145148,0.14902,0.022087
626,0.371835,0.384314,0.0222427
627,0.599601,0.592157,0.0222981
628,0.3074,0.337255,0.0231894
629,0.130051,0.133333,0.0232002
630,0.0724989,0.0784314,0.0232354
631,0.0805581,0.0745098,0.023272
632,0.119928,0.121569,0.0232747
633,0.298791,0.298039,0.0232752
634,0.582916,0.592157,0.0233606
635,0.417298,0.435294,0.0236845
636,0.151785,0.168627,0.0239681
637,0.0745974,0.0823529,0.0240283
638,0.0668129,0.0705882,0.0240425
639,0.105703,0.0941176,0.0241768
640,0.211015,0.219608,0.0242506
641,0.527593,0.52549,0.024255
642,0.522768,0.537255,0.0244649
643,0.206992,0.223529,0.0247384
644,0.0885468,0.0941176,0.0247694
645,0.0624958,0.0666667,0.0247868
646,0.0829251,0.0823529,0.0247871
647,0.17159,0.156863,0.025004
648,0.402964,0.419608,0.025281
649,0.616298,0.615686,0.0252814
650,0.294483,0.317647,0.025818
651,0.110463,0.121569,0.0259413
652,0.0631345,0.0705882,0.0259969
653,0.0704003,0.0666667,0.0260108
654,0.108361,0.113725,0.0260396
655,0.300825,0.301961,0.0260409
656,0.61803,0.619608,0.0260434
657,0.42198,0.443137,0.026491
658,0.148582,0.160784,0.0266399
659,0.0672503,0.0784314,0.0267649
660,0.0677262,0.0666667,0.0267661
661,0.0998889,0.0901961,0.02686
662,0.207315,0.207843,0.0268603
663,0.520439,0.529412,0.0269408
664,0.557258,0.584314,0.0276728
665,0.221313,0.239216,0.0279933
666,0.0725085,0.0980392,0.0286452
667,0.0632607,0.0705882,0.0286988
668,0.0935347,0.0745098,0.0290608
669,0.137886,0.141176,0.0290716
670,0.38256,0.384314,0.0290747
671,0.636987,0.662745,0.0297382
672,0.354059,0.360784,0.0297834
673,0.102238,0.129412,0.0305218
674,0.0604819,0.0745098,0.0307186
675,0.0819662,0.0666667,0.0309527
676,0.104285,0.0980392,0.0309917
677,0.247238,0.247059,0.0309917
678,0.587996,0.607843,0.0313856
679,0.516731,0.537255,0.0318068
680,0.165639,0.2,0.0329875
681,0.0594544,0.0862745,0.0337068
682,0.0628532,0.0627451,0.0337068
683,0.0832015,0.0745098,0.0337824
684,0.160351,0.152941,0.0338373
685,0.429566,0.435294,0.0338701
686,0.647721,0.678431,0.0348133
687,0.320243,0.321569,0.034815
688,0.0822859,0.117647,0.0360654
689,0.0618162,0.0705882,0.0361424
690,0.0809188,0.0666667,0.0363455
691,0.110942,0.0980392,0.036512
692,0.255933,0.262745,0.0365584
693,0.622279,0.643137,0.0369935
694,0.504093,0.52549,0.0374513
695,0.146997,0.180392,0.0385666
696,0.0502997,0.0862745,0.0398608
697,0.0807656,0.0588235,0.0403422
698,0.0687854,0.0745098,0.040375
699,0.17041,0.145098,0.0410157
700,0.417011,0.439216,0.0415087
701,0.679198,0.705882,0.0422207
702,0.323647,0.329412,0.042254
703,0.0714832,0.109804,0.0437225
704,0.0489267,0.0666667,0.0440372
705,0.0843181,0.054902,0.0449025
706,0.0784816,0.0862745,0.0449632
707,0.243722,0.235294,0.0450342
708,0.61632,0.639216,0.0455584
709,0.55622,0.572549,0.045825
710,0.165239,0.192157,0.0465496
711,0.0468481,0.0784314,0.0475471
712,0.0596141,0.054902,0.0475693
713,0.0728489,0.0627451,0.0476714
714,0.134275,0.117647,0.0479479
715,0.362133,0.372549,0.0480564
716,0.714606,0.741176,0.0487624
717,0.397569,0.388235,0.0488495
718,0.0882408,0.121569,0.0499603
719,0.049615,0.0627451,0.0501327
720,0.0674278,0.0509804,0.0504032
721,0.0729779,0.0705882,0.0504089
722,0.186753,0.160784,0.0510833
723,0.491818,0.537255,0.0531478
724,0.69841,0.698039,0.0531479
725,0.246533,0.25098,0.0531677
726,0.0522778,0.0862745,0.0543235
727,0.0514869,0.054902,0.0543351
728,0.0726695,0.0509804,0.0548056
729,0.0839256,0.0784314,0.0548357
730,0.238097,0.231373,0.054881
731,0.647642,0.690196,0.0566918
732,0.589165,0.588235,0.0566926
733,0.140923,0.172549,0.0576928
734,0.033813,0.0705882,0.0590453
735,0.0627925,0.0470588,0.0592928
736,0.0596525,0.0470588,0.0594514
737,0.0899042,0.0862745,0.0594646
738,0.301016,0.301961,0.0594655
739,0.747636,0.780392,0.0605385
740,0.489728,0.482353,0.0605928
741,0.099956,0.129412,0.0614605
742,0.0400638,0.054902,0.0616807
743,0.0537725,0.0431373,0.0617938
744,0.0654075,0.0431373,0.0622897
745,0.086971,0.0901961,0.0623001
746,0.33777,0.337255,0.0623004
747,0.783137,0.835294,0.0650208
748,0.455497,0.439216,0.0652859
749,0.081566,0.105882,0.0658771
750,0.0359044,0.0470588,0.0660016
751,0.055172,0.0392157,0.0662562
752,0.0627357,0.0392157,0.0668094
753,0.080976,0.0823529,0.0668113
754,0.325558,0.301961,0.0673681
755,0.773115,0.866667,0.0761201
756,0.51006,0.490196,0.0765147
757,0.0699988,0.109804,0.0780991
758,0.033784,0.0470588,0.0782753
759,0.0593458,0.0392157,0.0786805
760,0.0667783,0.0313725,0.0799341
761,0.0443176,0.0509804,0.0799785
762,0.212789,0.168627,0.0819288
763,0.620299,0.729412,0.0938344
764,0.753198,0.764706,0.0939668
765,0.171114,0.172549,0.0939689
766,-0.00916467,0.054902,0.0980734
767,0.0519213,0.0352941,0.0983499
768,0.0610931,0.0313725,0.0992332
769,0.0499115,0.027451,0.0997377
770,0.0902199,0.0392157,0.102339
771,0.20208,0.145098,0.105586
772,0.58388,0.768627,0.139718
773,0.809162,0.85098,0.141466
774,0.160081,0.168627,0.141539
775,-0.0284342,0.0470588,0.147239
776,0.0490724,0.0313725,0.147552
777,0.0704954,0.0313725,0.149082
778,0.0609777,0.0235294,0.150485
779,0.0745035,0.0196078,0.153498
780,0.118343,0.027451,0.16176
781,0.156455,0.0705882,0.169133
782,0.293559,0.211765,0.175823
783,0.573473,0.203922,0.312391
784,0.23437,0.156863,0.318399
785,0.154107,0.145098,0.31848
786,0.182409,0.160784,0.318948
787,0.193573,0.2,0.318989
788,0.22759,0.254902,0.319735
789,0.262817,0.290196,0.320485
790,0.245239,0.282353,0.321862
791,0.21008,0.235294,0.322498
792,0.169431,0.196078,0.323208
793,0.16465,0.184314,0.323594
794,0.193295,0.211765,0.323936
795,0.260978,0.258824,0.32394
796,0.292846,0.298039,0.323967
797,0.280216,0.282353,0.323972
798,0.229695,0.231373,0.323975
799,0.194446,0.192157,0.32398
800,0.187145,0.188235,0.323981
801,0.220521,0.219608,0.323982
802,0.274713,0.270588,0.323999
803,0.299628,0.309804,0.324102
804,0.27867,0.282353,0.324116
805,0.218053,0.227451,0.324204
806,0.189853,0.192157,0.32421
807,0.190366,0.188235,0.324214
808,0.219654,0.223529,0.324229
809,0.282918,0.278431,0.324249
810,0.30528,0.309804,0.32427
811,0.271305,0.282353,0.324392
812,0.221354,0.219608,0.324395
813,0.180359,0.188235,0.324457
814,0.194353,0.192157,0.324462
815,0.231762,0.227451,0.32448
816,0.281776,0.286275,0.324501
817,0.310197,0.313725,0.324513
818,0.266028,0.27451,0.324585
819,0.210903,0.219608,0.324661
820,0.187892,0.184314,0.324673
821,0.185398,0.188235,0.324682
822,0.231496,0.235294,0.324696
823,0.30146,0.294118,0.32475
824,0.304429,0.321569,0.325044
825,0.265203,0.266667,0.325046
826,0.197618,0.211765,0.325246
827,0.187356,0.176471,0.325364
828,0.180936,0.188235,0.325418
829,0.242667,0.235294,0.325472
830,0.302564,0.305882,0.325483
831,0.319151,0.317647,0.325485
832,0.2495,0.262745,0.325661
833,0.20179,0.2,0.325664
834,0.174439,0.172549,0.325668
835,0.187592,0.184314,0.325678
836,0.24072,0.243137,0.325684
837,0.320501,0.313725,0.32573
838,0.31402,0.32549,0.325862
839,0.249406,0.254902,0.325892
840,0.187162,0.192157,0.325917
841,0.171338,0.168627,0.325924
842,0.188748,0.188235,0.325924
843,0.251931,0.247059,0.325948
844,0.319586,0.32549,0.325983
845,0.322509,0.321569,0.325984
846,0.235285,0.25098,0.32623
847,0.18897,0.184314,0.326252
848,0.162055,0.164706,0.326259
849,0.190989,0.188235,0.326266
850,0.258893,0.258824,0.326266
851,0.335387,0.337255,0.32627
852,0.314381,0.321569,0.326322
853,0.227185,0.243137,0.326576
854,0.182432,0.176471,0.326612
855,0.156666,0.160784,0.326629
856,0.192752,0.188235,0.326649
857,0.265908,0.266667,0.32665
858,0.347437,0.341176,0.326689
859,0.308673,0.321569,0.326855
860,0.227959,0.235294,0.326909
861,0.174492,0.172549,0.326913
862,0.157606,0.156863,0.326913
863,0.189005,0.192157,0.326923
864,0.279513,0.278431,0.326924
865,0.354062,0.352941,0.326926
866,0.301404,0.321569,0.327332
867,0.21923,0.223529,0.327351
868,0.162439,0.164706,0.327356
869,0.156897,0.156863,0.327356
870,0.199081,0.196078,0.327365
871,0.286523,0.286275,0.327365
872,0.35954,0.360784,0.327366
873,0.300995,0.321569,0.32779
874,0.213627,0.223529,0.327888
875,0.160636,0.160784,0.327888
876,0.147775,0.14902,0.327889
877,0.188765,0.196078,0.327943
878,0.302879,0.294118,0.32802
879,0.367119,0.372549,0.328049
880,0.299073,0.321569,0.328555
881,0.207439,0.211765,0.328574
882,0.150939,0.156863,0.328609
883,0.154704,0.14902,0.328641
884,0.192595,0.2,0.328696
885,0.309307,0.301961,0.32875
886,0.371085,0.384314,0.328925
887,0.299624,0.321569,0.329407
888,0.197371,0.211765,0.329614
889,0.149881,0.152941,0.329623
890,0.145896,0.14902,0.329633
891,0.19847,0.203922,0.329663
892,0.317345,0.313725,0.329676
893,0.37636,0.392157,0.329925
894,0.291624,0.317647,0.330602
895,0.191932,0.203922,0.330746
896,0.14506,0.14902,0.330762
897,0.147542,0.145098,0.330768
898,0.196326,0.203922,0.330826
899,0.327316,0.321569,0.330859
900,0.386176,0.4,0.33105
901,0.287905,0.317647,0.331934
902,0.188357,0.196078,0.331994
903,0.136301,0.141176,0.332018
904,0.141654,0.145098,0.33203
905,0.208391,0.207843,0.33203
906,0.333429,0.329412,0.332046
907,0.387875,0.411765,0.332617
908,0.289742,0.313725,0.333192
909,0.177381,0.196078,0.333541
910,0.139172,0.137255,0.333545
911,0.131949,0.141176,0.33363
912,0.205873,0.2,0.333665
913,0.330279,0.337255,0.333713
914,0.412179,0.419608,0.333769
915,0.280381,0.313725,0.33488
916,0.177198,0.184314,0.334931
917,0.128263,0.133333,0.334957
918,0.139477,0.133333,0.334995
919,0.193037,0.2,0.335043
920,0.346075,0.341176,0.335067
921,0.415796,0.431373,0.33531
922,0.285118,0.317647,0.336368
923,0.172629,0.184314,0.336504
924,0.125194,0.129412,0.336522
925,0.130377,0.129412,0.336523
926,0.189443,0.196078,0.336567
927,0.347286,0.345098,0.336572
928,0.427474,0.443137,0.336817
929,0.286176,0.317647,0.337808
930,0.168114,0.180392,0.337958
931,0.123757,0.12549,0.337961
932,0.127773,0.12549,0.337967
933,0.185976,0.192157,0.338005
934,0.348705,0.345098,0.338018
935,0.437123,0.45098,0.33821
936,0.290762,0.32549,0.339416
937,0.168762,0.180392,0.339551
938,0.118593,0.121569,0.33956
939,0.120198,0.121569,0.339562
940,0.182859,0.184314,0.339564
941,0.341048,0.337255,0.339578
942,0.447798,0.458824,0.3397
943,0.303466,0.333333,0.340592
944,0.169486,0.176471,0.340641
945,0.112199,0.117647,0.34067
946,0.11896,0.117647,0.340672
947,0.178929,0.168627,0.340778
948,0.314612,0.329412,0.340997
949,0.477342,0.466667,0.341111
950,0.308801,0.341176,0.342159
951,0.172339,0.176471,0.342177
952,0.11186,0.113725,0.34218
953,0.112258,0.113725,0.342182
954,0.174162,0.160784,0.342361
955,0.302734,0.313725,0.342482
956,0.478879,0.478431,0.342482
957,0.335526,0.356863,0.342937
958,0.169341,0.184314,0.343162
959,0.113866,0.109804,0.343178
960,0.0972845,0.105882,0.343252
961,0.160249,0.152941,0.343305
962,0.299579,0.301961,0.343311
963,0.481179,0.482353,0.343312
964,0.353585,0.380392,0.344031
965,0.178807,0.188235,0.34412
966,0.107077,0.105882,0.344121
967,0.0891243,0.0941176,0.344146
968,0.135534,0.137255,0.344149
969,0.283952,0.282353,0.344152
970,0.494119,0.482353,0.34429
971,0.378487,0.403922,0.344937
972,0.192659,0.196078,0.344949
973,0.109272,0.109804,0.344949
974,0.0943273,0.0941176,0.344949
975,0.128445,0.12549,0.344958
976,0.247721,0.258824,0.345081
977,0.489821,0.47451,0.345316
978,0.409161,0.435294,0.345999
979,0.203048,0.215686,0.346158
980,0.112948,0.109804,0.346168
981,0.0817057,0.0862745,0.346189
982,0.10976,0.117647,0.346251
983,0.240687,0.231373,0.346338
984,0.461509,0.462745,0.34634
985,0.456034,0.466667,0.346453
986,0.216657,0.235294,0.3468
987,0.118838,0.113725,0.346826
988,0.0796674,0.0862745,0.34687
989,0.107156,0.105882,0.346871
990,0.203676,0.207843,0.346889
991,0.444407,0.435294,0.346972
992,0.485044,0.501961,0.347258
993,0.245918,0.266667,0.347688
994,0.124108,0.12549,0.34769
995,0.0832048,0.0862745,0.3477
996,0.0950725,0.0980392,0.347709
997,0.178559,0.180392,0.347712
998,0.401765,0.396078,0.347744
999,0.519894,0.533333,0.347925
1000,0.284235,0.301961,0.348239
1001,0.131718,0.137255,0.34827
1002,0.0871072,0.0901961,0.348279
1003,0.0971298,0.0941176,0.348288
1004,0.15799,0.152941,0.348314
1005,0.339827,0.352941,0.348486
1006,0.552553,0.552941,0.348486
1007,0.324739,0.356863,0.349518
1008,0.143154,0.156863,0.349706
1009,0.0865487,0.0941176,0.349763
1010,0.092533,0.0862745,0.349802
1011,0.129506,0.133333,0.349817
1012,0.299693,0.298039,0.34982
1013,0.541122,0.54902,0.349882
1014,0.395295,0.419608,0.350473
1015,0.162087,0.180392,0.350808
1016,0.0876637,0.0901961,0.350815
1017,0.0700335,0.0823529,0.350966
1018,0.129384,0.113725,0.351212
1019,0.245597,0.247059,0.351214
1020,0.514634,0.521569,0.351262
1021,0.466505,0.486275,0.351653
1022,0.192568,0.219608,0.352384
1023,0.095025,0.105882,0.352502
1024,0.0780707,0.0745098,0.352514
1025,0.0846853,0.0941176,0.352603
1026,0.196701,0.2,0.352614
1027,0.472062,0.462745,0.352701
1028,0.523795,0.552941,0.353551
1029,0.249534,0.266667,0.353844
1030,0.105694,0.117647,0.353987
1031,0.0781651,0.0784314,0.353987
1032,0.0881111,0.0862745,0.35399
1033,0.15872,0.152941,0.354024
1034,0.372071,0.384314,0.354174
1035,0.590691,0.592157,0.354176
1036,0.3128,0.345098,0.355219
1037,0.126642,0.137255,0.355332
1038,0.0703286,0.0784314,0.355397
1039,0.076277,0.0745098,0.3554
1040,0.121674,0.121569,0.3554
1041,0.299731,0.301961,0.355405
1042,0.587137,0.588235,0.355407
1043,0.407905,0.435294,0.356157
1044,0.157179,0.168627,0.356288
1045,0.0743292,0.0862745,0.356431
1046,0.0765299,0.0705882,0.356466
1047,0.0987937,0.0941176,0.356488
1048,0.210865,0.223529,0.356648
1049,0.535263,0.52549,0.356744
1050,0.511159,0.533333,0.357235
1051,0.207974,0.227451,0.357615
1052,0.0899557,0.0980392,0.35768
1053,0.0657552,0.0705882,0.357703
1054,0.0886562,0.0784314,0.357808
1055,0.15049,0.160784,0.357914
1056,0.422894,0.419608,0.357925
1057,0.600713,0.607843,0.357975
1058,0.293795,0.309804,0.358232
1059,0.113787,0.117647,0.358247
1060,0.0632467,0.0705882,0.358301
1061,0.0750492,0.0705882,0.35832
1062,0.121145,0.113725,0.358376
1063,0.290692,0.305882,0.358606
1064,0.623687,0.615686,0.35867
1065,0.410752,0.431373,0.359095
1066,0.147191,0.152941,0.359129
1067,0.06527,0.0784314,0.359302
1068,0.074652,0.0627451,0.359444
1069,0.085148,0.0862745,0.359445
1070,0.201763,0.203922,0.359449
1071,0.524368,0.529412,0.359475
1072,0.56241,0.564706,0.35948
1073,0.209419,0.227451,0.359805
1074,0.0859348,0.0901961,0.359824
1075,0.0560781,0.0588235,0.359831
1076,0.0657948,0.0666667,0.359832
1077,0.132146,0.133333,0.359833
1078,0.379037,0.388235,0.359918
1079,0.658667,0.65098,0.359977
1080,0.332456,0.34902,0.360251
1081,0.120616,0.121569,0.360252
1082,0.0578235,0.0666667,0.36033
1083,0.0662607,0.0588235,0.360386
1084,0.0879778,0.0901961,0.360391
1085,0.236244,0.247059,0.360508
1086,0.608787,0.603922,0.360531
1087,0.503422,0.509804,0.360572
1088,0.169119,0.180392,0.360699
1089,0.0721091,0.0745098,0.360705
1090,0.0515867,0.0509804,0.360705
1091,0.0578625,0.0666667,0.360783
1092,0.152998,0.145098,0.360845
1093,0.427301,0.443137,0.361096
1094,0.671002,0.662745,0.361164
1095,0.293023,0.298039,0.361189
1096,0.102884,0.109804,0.361237
1097,0.0645248,0.054902,0.36133
1098,0.0386868,0.054902,0.361593
1099,0.0947057,0.0941176,0.361593
1100,0.270285,0.262745,0.36165
1101,0.630512,0.643137,0.361809
1102,0.500515,0.494118,0.36185
1103,0.150618,0.160784,0.361954
1104,0.0615017,0.0705882,0.362036
1105,0.0582237,0.0509804,0.362089
1106,0.0625194,0.0627451,0.362089
1107,0.139381,0.145098,0.362121
1108,0.445753,0.454902,0.362205
1109,0.681335,0.686275,0.362229
1110,0.297327,0.298039,0.36223
1111,0.0902108,0.0980392,0.362291
1112,0.0477444,0.054902,0.362342
1113,0.057746,0.0470588,0.362457
1114,0.0662884,0.0862745,0.362856
1115,0.262804,0.243137,0.363243
1116,0.629439,0.647059,0.363553
1117,0.542105,0.537255,0.363577
1118,0.157806,0.172549,0.363794
1119,0.0563642,0.0705882,0.363996
1120,0.0531551,0.0470588,0.364034
1121,0.0525042,0.0588235,0.364074
1122,0.133277,0.117647,0.364318
1123,0.372609,0.392157,0.3647
1124,0.72863,0.733333,0.364722
1125,0.365157,0.356863,0.364791
1126,0.0981195,0.109804,0.364927
1127,0.048583,0.054902,0.364967
1128,0.0533113,0.0509804,0.364973
1129,0.0842832,0.0666667,0.365283
1130,0.171438,0.180392,0.365363
1131,0.553088,0.572549,0.365742
1132,0.651347,0.67451,0.366279
1133,0.229784,0.227451,0.366284
1134,0.0443567,0.0784314,0.367445
1135,0.0475614,0.0509804,0.367457
1136,0.0680673,0.0509804,0.367749
1137,0.0923345,0.0784314,0.367942
1138,0.243026,0.254902,0.368083
1139,0.693694,0.713725,0.368484
1140,0.543381,0.545098,0.368487
1141,0.129582,0.152941,0.369033
1142,0.038844,0.0627451,0.369604
1143,0.0571148,0.0431373,0.3698
1144,0.0549886,0.0470588,0.369862
1145,0.0985392,0.0941176,0.369882
1146,0.333244,0.333333,0.369882
1147,0.760469,0.796078,0.37115
1148,0.454766,0.435294,0.371529
1149,0.0927635,0.113725,0.371969
1150,0.0398471,0.0509804,0.372093
1151,0.0536575,0.0352941,0.37243
1152,0.0380968,0.0470588,0.37251
1153,0.123757,0.101961,0.372985
1154,0.37583,0.384314,0.373057
1155,0.788571,0.835294,0.37524
1156,0.409706,0.380392,0.3761
1157,0.0762279,0.0980392,0.376575
1158,0.0386286,0.0431373,0.376596
1159,0.0422663,0.0352941,0.376644
1160,0.0498587,0.0352941,0.376856
1161,0.0768214,0.0901961,0.377035
1162,0.370249,0.360784,0.377125
1163,0.808743,0.878431,0.381981
1164,0.429835,0.407843,0.382465
1165,0.0816434,0.0941176,0.38262
1166,0.0383522,0.0392157,0.382621
1167,0.0425527,0.027451,0.382849
1168,0.0273366,0.0313725,0.382866
1169,0.0750687,0.054902,0.383272
1170,0.233968,0.215686,0.383606
1171,0.719484,0.839216,0.397942
1172,0.651373,0.627451,0.398514
1173,0.0903136,0.133333,0.400365
1174,0.0283565,0.0431373,0.400584
1175,0.041972,0.027451,0.400794
1176,0.0398841,0.0235294,0.401062
1177,0.0332369,0.0196078,0.401248
1178,0.0754937,0.0470588,0.402056
1179,0.261849,0.239216,0.402568
1180,0.792742,0.988235,0.440786
1181,0.496963,0.576471,0.447108
1182,0.0830164,0.0980392,0.447333
1183,0.066206,0.0313725,0.448547
1184,0.0495612,0.027451,0.449036
1185,0.0594902,0.0235294,0.450329
1186,0.0323766,0.0156863,0.450607
1187,0.0612238,0.0156863,0.452681
1188,0.114726,0.0156863,0.46249
1189,0.0867369,0.054902,0.463503
1190,0.237108,0.141176,0.472706
1191,0.426174,0.0901961,0.585588
1192,0.0515404,0.0823529,0.586537
1193,0.0940033,0.0980392,0.586553
1194,0.170263,0.133333,0.587917
1195,0.212462,0.188235,0.588504
1196,0.272511,0.227451,0.590534
1197,0.258461,0.247059,0.590664
1198,0.240257,0.25098,0.590779
1199,0.217328,0.231373,0.590977
1200,0.17617,0.203922,0.591747
1201,0.159226,0.192157,0.592831
1202,0.182764,0.203922,0.593279
1203,0.228253,0.223529,0.593301
1204,0.251623,0.25098,0.593302
1205,0.271882,0.25098,0.593738
1206,0.242154,0.235294,0.593786
1207,0.226042,0.211765,0.593989
1208,0.208485,0.2,0.594061
1209,0.214352,0.211765,0.594068
1210,0.246289,0.235294,0.594189
1211,0.264154,0.262745,0.594191
1212,0.270439,0.254902,0.594432
1213,0.232515,0.235294,0.59444
1214,0.222956,0.207843,0.594668
1215,0.203933,0.2,0.594684
1216,0.22115,0.215686,0.594714
1217,0.254196,0.243137,0.594836
1218,0.271441,0.266667,0.594859
1219,0.267735,0.258824,0.594938
1220,0.23542,0.235294,0.594938
1221,0.218409,0.207843,0.59505
1222,0.203248,0.2,0.59506
1223,0.220935,0.219608,0.595062
1224,0.26042,0.247059,0.595241
1225,0.271348,0.270588,0.595241
1226,0.268481,0.262745,0.595274
1227,0.235992,0.227451,0.595347
1228,0.20503,0.207843,0.595355
1229,0.214478,0.2,0.595565
1230,0.219835,0.219608,0.595565
1231,0.260626,0.254902,0.595598
1232,0.28315,0.27451,0.595672
1233,0.262023,0.254902,0.595723
1234,0.225447,0.227451,0.595727
1235,0.215481,0.203922,0.59586
1236,0.206092,0.203922,0.595865
1237,0.230688,0.227451,0.595876
1238,0.266116,0.262745,0.595887
1239,0.281085,0.278431,0.595894
1240,0.257229,0.258824,0.595897
1241,0.224575,0.219608,0.595921
1242,0.199109,0.2,0.595922
1243,0.210683,0.2,0.596036
1244,0.230276,0.231373,0.596037
1245,0.278525,0.266667,0.596178
1246,0.281543,0.282353,0.596179
1247,0.259633,0.254902,0.596201
1248,0.21821,0.219608,0.596203
1249,0.203667,0.196078,0.596261
1250,0.202551,0.2,0.596267
1251,0.235286,0.235294,0.596267
1252,0.283911,0.278431,0.596297
1253,0.287876,0.286275,0.5963
1254,0.248696,0.254902,0.596338
1255,0.216076,0.219608,0.596351
1256,0.202861,0.196078,0.596397
1257,0.200317,0.203922,0.59641
1258,0.240909,0.243137,0.596415
1259,0.28872,0.282353,0.596455
1260,0.282048,0.290196,0.596522
1261,0.250375,0.25098,0.596522
1262,0.207867,0.207843,0.596522
1263,0.192813,0.188235,0.596543
1264,0.205093,0.203922,0.596544
1265,0.253103,0.247059,0.596581
1266,0.294216,0.286275,0.596644
1267,0.284021,0.286275,0.596649
1268,0.246331,0.243137,0.596659
1269,0.205199,0.203922,0.596661
1270,0.19426,0.188235,0.596697
1271,0.207134,0.207843,0.596698
1272,0.257923,0.25098,0.596746
1273,0.293524,0.298039,0.596766
1274,0.290539,0.286275,0.596784
1275,0.230768,0.243137,0.596937
1276,0.205117,0.196078,0.597019
1277,0.181399,0.188235,0.597066
1278,0.217315,0.211765,0.597097
1279,0.263382,0.258824,0.597117
1280,0.297638,0.301961,0.597136
1281,0.286425,0.286275,0.597136
1282,0.229484,0.231373,0.59714
1283,0.192304,0.188235,0.597156
1284,0.183586,0.180392,0.597166
1285,0.214481,0.211765,0.597174
1286,0.276814,0.266667,0.597277
1287,0.308152,0.305882,0.597282
1288,0.281267,0.286275,0.597307
1289,0.228983,0.227451,0.597309
1290,0.18704,0.184314,0.597317
1291,0.179211,0.180392,0.597318
1292,0.217712,0.211765,0.597354
1293,0.275793,0.27451,0.597355
1294,0.318072,0.313725,0.597374
1295,0.277341,0.282353,0.597399
1296,0.218974,0.219608,0.5974
1297,0.183496,0.180392,0.597409
1298,0.181432,0.184314,0.597418
1299,0.228468,0.219608,0.597496
1300,0.280759,0.286275,0.597526
1301,0.320283,0.321569,0.597528
1302,0.270698,0.278431,0.597588
1303,0.208001,0.215686,0.597647
1304,0.181341,0.172549,0.597724
1305,0.171383,0.180392,0.597805
1306,0.234264,0.223529,0.597921
1307,0.295369,0.294118,0.597922
1308,0.323502,0.321569,0.597926
1309,0.265457,0.27451,0.598008
1310,0.208835,0.203922,0.598032
1311,0.170187,0.172549,0.598038
1312,0.184648,0.176471,0.598104
1313,0.225086,0.227451,0.59811
1314,0.309049,0.301961,0.59816
1315,0.325779,0.32549,0.59816
1316,0.259831,0.262745,0.598169
1317,0.196283,0.2,0.598183
1318,0.177241,0.160784,0.598454
1319,0.166047,0.180392,0.598659
1320,0.250763,0.235294,0.598899
1321,0.312984,0.313725,0.598899
1322,0.325759,0.329412,0.598913
1323,0.252648,0.262745,0.599014
1324,0.192615,0.188235,0.599034
1325,0.158123,0.156863,0.599035
1326,0.172787,0.176471,0.599049
1327,0.249448,0.239216,0.599153
1328,0.326888,0.321569,0.599182
1329,0.329044,0.333333,0.5992
1330,0.250669,0.254902,0.599218
1331,0.184724,0.184314,0.599218
1332,0.16055,0.156863,0.599232
1333,0.175428,0.176471,0.599233
1334,0.247687,0.247059,0.599233
1335,0.339161,0.333333,0.599267
1336,0.326606,0.333333,0.599313
1337,0.239469,0.243137,0.599326
1338,0.175631,0.172549,0.599336
1339,0.155016,0.152941,0.59934
1340,0.182964,0.176471,0.599382
1341,0.254188,0.254902,0.599383
1342,0.352232,0.345098,0.599433
1343,0.326773,0.333333,0.599476
1344,0.230642,0.239216,0.59955
1345,0.172051,0.164706,0.599604
1346,0.143798,0.14902,0.599631
1347,0.184341,0.176471,0.599693
1348,0.261025,0.262745,0.599696
1349,0.363397,0.352941,0.599805
1350,0.322734,0.337255,0.600016
1351,0.229707,0.235294,0.600047
1352,0.16502,0.164706,0.600048
1353,0.146589,0.145098,0.60005
1354,0.174558,0.176471,0.600053
1355,0.268494,0.266667,0.600057
1356,0.369716,0.368627,0.600058
1357,0.328287,0.341176,0.600224
1358,0.217859,0.227451,0.600316
1359,0.15721,0.156863,0.600316
1360,0.143104,0.141176,0.60032
1361,0.1771,0.180392,0.600331
1362,0.283241,0.278431,0.600354
1363,0.377566,0.376471,0.600355
1364,0.320502,0.337255,0.600636
1365,0.21449,0.223529,0.600717
1366,0.155964,0.14902,0.600766
1367,0.131048,0.141176,0.600868
1368,0.188428,0.180392,0.600933
1369,0.284342,0.286275,0.600937
1370,0.388898,0.388235,0.600937
1371,0.318198,0.341176,0.601465
1372,0.208214,0.211765,0.601478
1373,0.1412,0.145098,0.601493
1374,0.137176,0.137255,0.601493
1375,0.184638,0.180392,0.601511
1376,0.291992,0.286275,0.601544
1377,0.392564,0.392157,0.601544
1378,0.32523,0.337255,0.601688
1379,0.204859,0.211765,0.601736
1380,0.145135,0.141176,0.601752
1381,0.128276,0.133333,0.601777
1382,0.180897,0.180392,0.601777
1383,0.299747,0.294118,0.601809
1384,0.399528,0.407843,0.601878
1385,0.322112,0.341176,0.602242
1386,0.195514,0.203922,0.602312
1387,0.135023,0.133333,0.602315
1388,0.122492,0.129412,0.602363
1389,0.184094,0.172549,0.602496
1390,0.292526,0.298039,0.602527
1391,0.424331,0.415686,0.602602
1392,0.320676,0.341176,0.603022
1393,0.195456,0.2,0.603043
1394,0.133836,0.129412,0.603062
1395,0.118666,0.121569,0.603071
1396,0.16983,0.172549,0.603078
1397,0.308012,0.294118,0.603271
1398,0.419191,0.427451,0.603339
1399,0.336577,0.345098,0.603412
1400,0.188682,0.196078,0.603467
1401,0.129191,0.12549,0.60348
1402,0.1158,0.117647,0.603484
1403,0.165355,0.168627,0.603494
1404,0.30701,0.298039,0.603575
1405,0.43256,0.431373,0.603576
1406,0.332198,0.352941,0.604006
1407,0.193812,0.196078,0.604012
1408,0.124029,0.12549,0.604014
1409,0.116162,0.113725,0.60402
1410,0.155133,0.160784,0.604052
1411,0.297694,0.294118,0.604064
1412,0.446585,0.443137,0.604076
1413,0.340579,0.360784,0.604485
1414,0.190161,0.196078,0.60452
1415,0.123175,0.117647,0.60455
1416,0.102576,0.109804,0.604602
1417,0.158332,0.152941,0.604631
1418,0.287217,0.286275,0.604632
1419,0.456016,0.45098,0.604658
1420,0.356813,0.376471,0.605044
1421,0.19268,0.196078,0.605056
1422,0.116532,0.117647,0.605057
1423,0.105521,0.105882,0.605057
1424,0.147608,0.145098,0.605063
1425,0.274413,0.278431,0.605079
1426,0.465023,0.454902,0.605182
1427,0.36873,0.396078,0.60593
1428,0.198879,0.203922,0.605955
1429,0.114697,0.117647,0.605964
1430,0.100819,0.101961,0.605965
1431,0.138443,0.137255,0.605967
1432,0.261854,0.262745,0.605967
1433,0.462138,0.454902,0.60602
1434,0.394311,0.407843,0.606203
1435,0.202306,0.215686,0.606382
1436,0.124165,0.117647,0.606424
1437,0.0926384,0.0941176,0.606427
1438,0.118182,0.12549,0.60648
1439,0.246391,0.247059,0.60648
1440,0.464571,0.45098,0.606665
1441,0.414054,0.431373,0.606965
1442,0.213913,0.223529,0.607058
1443,0.123645,0.117647,0.607094
1444,0.0911186,0.0941176,0.607103
1445,0.119715,0.117647,0.607107
1446,0.221571,0.227451,0.607141
1447,0.450319,0.443137,0.607193
1448,0.447169,0.462745,0.607436
1449,0.224557,0.243137,0.607781
1450,0.123535,0.121569,0.607785
1451,0.0873939,0.0901961,0.607793
1452,0.106896,0.109804,0.607801
1453,0.206288,0.207843,0.607803
1454,0.431238,0.423529,0.607863
1455,0.475542,0.486275,0.607978
1456,0.246611,0.262745,0.608238
1457,0.13008,0.12549,0.608259
1458,0.0858437,0.0901961,0.608278
1459,0.105377,0.101961,0.60829
1460,0.181637,0.184314,0.608297
1461,0.398456,0.396078,0.608303
1462,0.509111,0.513725,0.608324
1463,0.273092,0.298039,0.608947
1464,0.136966,0.137255,0.608947
1465,0.0856054,0.0862745,0.608947
1466,0.0847434,0.0941176,0.609035
1467,0.165854,0.160784,0.609061
1468,0.358309,0.356863,0.609063
1469,0.532189,0.533333,0.609064
1470,0.316875,0.333333,0.609335
1471,0.147718,0.14902,0.609337
1472,0.0897792,0.0862745,0.609349
1473,0.0777187,0.0901961,0.609505
1474,0.15367,0.137255,0.609774
1475,0.301035,0.317647,0.61005
1476,0.551597,0.537255,0.610256
1477,0.356426,0.384314,0.611033
1478,0.163416,0.164706,0.611035
1479,0.0874301,0.0941176,0.61108
1480,0.0887506,0.0784314,0.611186
1481,0.105219,0.121569,0.611454
1482,0.277037,0.270588,0.611495
1483,0.529309,0.52549,0.61151
1484,0.421426,0.443137,0.611981
1485,0.183153,0.196078,0.612148
1486,0.0961522,0.0980392,0.612152
1487,0.0757637,0.0784314,0.612159
1488,0.103598,0.105882,0.612164
1489,0.224979,0.223529,0.612166
1490,0.488369,0.494118,0.612199
1491,0.492998,0.505882,0.612365
1492,0.209776,0.235294,0.613016
1493,0.104045,0.105882,0.61302
1494,0.0707307,0.0745098,0.613034
1495,0.0874623,0.0901961,0.613042
1496,0.180824,0.180392,0.613042
1497,0.433197,0.427451,0.613075
1498,0.54947,0.556863,0.613129
1499,0.27023,0.286275,0.613387
1500,0.120773,0.121569,0.613387
1501,0.0750076,0.0745098,0.613388
1502,0.0737885,0.0784314,0.613409
1503,0.138582,0.145098,0.613452
1504,0.363182,0.356863,0.613492
1505,0.580489,0.584314,0.613506
1506,0.339628,0.356863,0.613803
1507,0.140235,0.145098,0.613827
1508,0.0786415,0.0784314,0.613827
1509,0.06751,0.0705882,0.613836
1510,0.106522,0.113725,0.613888
1511,0.280373,0.278431,0.613892
1512,0.573035,0.568627,0.613912
1513,0.431129,0.45098,0.614306
1514,0.169963,0.176471,0.614348
1515,0.0803608,0.0862745,0.614383
1516,0.0710905,0.0705882,0.614383
1517,0.0985711,0.0901961,0.614453
1518,0.193264,0.207843,0.614666
1519,0.509747,0.501961,0.614727
1520,0.532293,0.541176,0.614805
1521,0.218378,0.235294,0.615092
1522,0.0983508,0.0980392,0.615092
1523,0.062622,0.0666667,0.615108
1524,0.0773022,0.0745098,0.615116
1525,0.142427,0.14902,0.615159
1526,0.397331,0.403922,0.615203
1527,0.618767,0.611765,0.615252
1528,0.301228,0.32549,0.61584
1529,0.123155,0.121569,0.615843
1530,0.0626306,0.0705882,0.615906
1531,0.071624,0.0666667,0.615931
1532,0.106953,0.113725,0.615977
1533,0.296543,0.290196,0.616017
1534,0.600701,0.603922,0.616027
1535,0.435502,0.443137,0.616086
1536,0.153825,0.164706,0.616204
1537,0.0728039,0.0745098,0.616207
1538,0.0529649,0.0588235,0.616241
1539,0.079565,0.0823529,0.616249
1540,0.196365,0.2,0.616262
1541,0.521761,0.513725,0.616327
1542,0.559467,0.572549,0.616498
1543,0.227527,0.235294,0.616558
1544,0.0899998,0.0941176,0.616575
1545,0.059382,0.0588235,0.616576
1546,0.0598916,0.0666667,0.616622
1547,0.130718,0.129412,0.616623
1548,0.364887,0.380392,0.616864
1549,0.661913,0.643137,0.617216
1550,0.332051,0.34902,0.617504
1551,0.12857,0.121569,0.617553
1552,0.0601265,0.0627451,0.61756
1553,0.0551683,0.0588235,0.617573
1554,0.0950616,0.0901961,0.617597
1555,0.234662,0.243137,0.617669
1556,0.599605,0.596078,0.617681
1557,0.508777,0.513725,0.617706
1558,0.172621,0.184314,0.617842
1559,0.072601,0.0784314,0.617876
1560,0.0564906,0.054902,0.617879
1561,0.0641217,0.0705882,0.617921
1562,0.157497,0.152941,0.617942
1563,0.436563,0.443137,0.617985
1564,0.647404,0.65098,0.617998
1565,0.293851,0.298039,0.618015
1566,0.0995424,0.101961,0.618021
1567,0.0496523,0.0588235,0.618105
1568,0.0619707,0.0509804,0.618226
1569,0.0727476,0.0941176,0.618683
1570,0.278221,0.270588,0.618741
1571,0.643687,0.647059,0.618752
1572,0.483555,0.486275,0.61876
1573,0.151702,0.160784,0.618842
1574,0.0625256,0.0666667,0.618859
1575,0.0463909,0.0470588,0.61886
1576,0.0548322,0.0627451,0.618922
1577,0.149897,0.14902,0.618923
1578,0.457294,0.462745,0.618953
1579,0.674365,0.67451,0.618953
1580,0.289876,0.286275,0.618966
1581,0.0942133,0.0980392,0.61898
1582,0.0526609,0.054902,0.618985
1583,0.0545122,0.0509804,0.618998
1584,0.0797152,0.0862745,0.619041
1585,0.253728,0.254902,0.619042
1586,0.648607,0.658824,0.619147
1587,0.518056,0.513725,0.619165
1588,0.148903,0.160784,0.619307
1589,0.0575222,0.0666667,0.61939
1590,0.0524008,0.0470588,0.619419
1591,0.0575216,0.0588235,0.61942
1592,0.133557,0.12549,0.619486
1593,0.399527,0.419608,0.619889
1594,0.72428,0.721569,0.619896
1595,0.334646,0.333333,0.619898
1596,0.0950111,0.101961,0.619946
1597,0.0437597,0.0509804,0.619998
1598,0.0471777,0.0470588,0.619998
1599,0.0761648,0.0666667,0.620089
1600,0.183415,0.192157,0.620165
1601,0.58412,0.6,0.620417
1602,0.630758,0.627451,0.620428
1603,0.197291,0.203922,0.620472
1604,0.057744,0.0705882,0.620637
1605,0.0422534,0.0431373,0.620638
1606,0.0477728,0.0470588,0.620638
1607,0.0922057,0.0901961,0.620642
1608,0.299694,0.286275,0.620822
1609,0.703862,0.737255,0.621938
1610,0.507619,0.482353,0.622576
1611,0.115389,0.137255,0.623054
1612,0.0461454,0.054902,0.623131
1613,0.0411493,0.0431373,0.623135
1614,0.0629715,0.0470588,0.623388
1615,0.100161,0.105882,0.623421
1616,0.377492,0.384314,0.623467
1617,0.769202,0.788235,0.623829
1618,0.392147,0.360784,0.624813
1619,0.0956472,0.0980392,0.624819
1620,0.0427245,0.0431373,0.624819
1621,0.0365805,0.0352941,0.624821
1622,0.0466061,0.0431373,0.624833
1623,0.110002,0.117647,0.624891
1624,0.444024,0.470588,0.625597
1625,0.789819,0.8,0.6257
1626,0.322045,0.294118,0.62648
1627,0.0764525,0.0862745,0.626577
1628,0.0473976,0.0392157,0.626644
1629,0.0304924,0.0313725,0.626645
1630,0.0345629,0.0392157,0.626666
1631,0.112784,0.113725,0.626667
1632,0.452509,0.482353,0.627558
1633,0.810531,0.835294,0.628171
1634,0.324019,0.286275,0.629596
1635,0.0705567,0.0705882,0.629596
1636,0.0309046,0.0352941,0.629615
1637,0.0436077,0.0313725,0.629765
1638,0.0438082,0.0352941,0.629837
1639,0.0940364,0.0784314,0.630081
1640,0.333782,0.368627,0.631295
1641,0.861933,0.92549,0.635334
1642,0.390837,0.388235,0.635341
1643,0.100255,0.0784314,0.635817
1644,0.038121,0.0352941,0.635825
1645,0.0528545,0.0235294,0.636685
1646,0.0165464,0.0235294,0.636734
1647,0.0448495,0.0313725,0.636916
1648,0.144217,0.117647,0.637622
1649,0.517543,0.639216,0.652426
1650,0.861394,0.898039,0.653769
1651,0.243876,0.203922,0.655365
1652,0.0193854,0.0470588,0.656131
1653,0.0326875,0.027451,0.656158
1654,0.0567621,0.0196078,0.657539
1655,0.00945819,0.0156863,0.657578
1656,0.0450979,0.0117647,0.658689
1657,0.0843656,0.0117647,0.66396
1658,0.0863549,0.027451,0.667429
1659,0.128018,0.164706,0.668775
1660,0.599002,0.207843,0.82178
1661,0.314949,0.0980392,0.86883
1662,0.00482513,0.0823529,0.874841
1663,0.096929,0.0941176,0.874849
1664,0.140908,0.152941,0.874994
1665,0.253547,0.27451,0.875433
1666,0.36937,0.34902,0.875847
1667,0.258355,0.282353,0.876423
1668,0.175549,0.184314,0.8765
1669,0.122233,0.145098,0.877023
1670,0.130423,0.14902,0.877368
1671,0.179629,0.203922,0.877959
1672,0.294754,0.286275,0.878031
1673,0.337549,0.32549,0.878176
1674,0.279776,0.258824,0.878615
1675,0.200182,0.184314,0.878867
1676,0.163161,0.145098,0.879193
1677,0.152896,0.156863,0.879209
1678,0.221699,0.211765,0.879307
1679,0.313028,0.301961,0.87943
1680,0.348374,0.329412,0.879789
1681,0.263107,0.258824,0.879808
1682,0.19411,0.180392,0.879996
1683,0.153579,0.14902,0.880017
1684,0.164179,0.156863,0.88007
1685,0.215824,0.223529,0.88013
1686,0.335259,0.313725,0.880593
1687,0.340785,0.337255,0.880606
1688,0.258599,0.254902,0.88062
1689,0.184804,0.172549,0.88077
1690,0.145818,0.145098,0.88077
1691,0.16711,0.160784,0.88081
1692,0.231561,0.227451,0.880827
1693,0.336093,0.321569,0.881038
1694,0.347023,0.341176,0.881072
1695,0.25605,0.247059,0.881153
1696,0.175456,0.168627,0.8812
1697,0.147285,0.141176,0.881237
1698,0.163,0.160784,0.881242
1699,0.238191,0.231373,0.881288
1700,0.343937,0.337255,0.881333
1701,0.354976,0.345098,0.881431
1702,0.242229,0.247059,0.881454
1703,0.174193,0.164706,0.881544
1704,0.139899,0.141176,0.881546
1705,0.167079,0.160784,0.881585
1706,0.238279,0.239216,0.881586
1707,0.357313,0.34902,0.881655
1708,0.352465,0.345098,0.881709
1709,0.233854,0.235294,0.881711
1710,0.166303,0.156863,0.8818
1711,0.139493,0.129412,0.881902
1712,0.151674,0.156863,0.881929
1713,0.252506,0.247059,0.881959
1714,0.378718,0.356863,0.882436
1715,0.346101,0.34902,0.882445
1716,0.235846,0.231373,0.882465
1717,0.160702,0.14902,0.882601
1718,0.127938,0.129412,0.882603
1719,0.160781,0.160784,0.882603
1720,0.259371,0.25098,0.882674
1721,0.376624,0.368627,0.882738
1722,0.352577,0.34902,0.88275
1723,0.225462,0.227451,0.882754
1724,0.157287,0.141176,0.883014
1725,0.117123,0.12549,0.883084
1726,0.163216,0.152941,0.88319
1727,0.250666,0.254902,0.883208
1728,0.401022,0.380392,0.883633
1729,0.352648,0.352941,0.883633
1730,0.221121,0.219608,0.883635
1731,0.150554,0.141176,0.883723
1732,0.125511,0.121569,0.883739
1733,0.151345,0.156863,0.883769
1734,0.265913,0.262745,0.883779
1735,0.404236,0.392157,0.883925
1736,0.34962,0.360784,0.88405
1737,0.217202,0.219608,0.884056
1738,0.143651,0.137255,0.884097
1739,0.117877,0.117647,0.884097
1740,0.148411,0.152941,0.884117
1741,0.266411,0.258824,0.884175
1742,0.410295,0.4,0.884281
1743,0.363622,0.360784,0.884289
1744,0.212912,0.215686,0.884297
1745,0.144859,0.133333,0.884429
1746,0.115995,0.113725,0.884435
1747,0.143769,0.152941,0.884519
1748,0.273458,0.262745,0.884633
1749,0.415121,0.407843,0.884686
1750,0.362542,0.372549,0.884787
1751,0.213708,0.211765,0.88479
1752,0.132462,0.129412,0.8848
1753,0.113445,0.113725,0.8848
1754,0.150122,0.141176,0.88488
1755,0.245037,0.258824,0.88507
1756,0.440159,0.415686,0.885669
1757,0.370301,0.380392,0.885771
1758,0.212775,0.211765,0.885772
1759,0.13247,0.12549,0.88582
1760,0.108329,0.105882,0.885826
1761,0.135874,0.141176,0.885854
1762,0.259783,0.258824,0.885855
1763,0.438522,0.423529,0.88608
1764,0.377033,0.392157,0.886309
1765,0.214615,0.219608,0.886334
1766,0.132328,0.129412,0.886342
1767,0.108238,0.105882,0.886348
1768,0.129947,0.137255,0.886401
1769,0.250342,0.25098,0.886402
1770,0.437516,0.431373,0.886439
1771,0.394748,0.411765,0.886729
1772,0.213342,0.223529,0.886833
1773,0.127087,0.12549,0.886835
1774,0.102446,0.0980392,0.886855
1775,0.118295,0.129412,0.886978
1776,0.246547,0.239216,0.887032
1777,0.438786,0.431373,0.887087
1778,0.417463,0.423529,0.887124
1779,0.219952,0.235294,0.887359
1780,0.135226,0.12549,0.887454
1781,0.0941843,0.0980392,0.887469
1782,0.119015,0.121569,0.887475
1783,0.224031,0.223529,0.887476
1784,0.429596,0.427451,0.88748
1785,0.44368,0.443137,0.88748
1786,0.224687,0.243137,0.887821
1787,0.134988,0.12549,0.887911
1788,0.0932758,0.0941176,0.887912
1789,0.111019,0.113725,0.887919
1790,0.208635,0.211765,0.887929
1791,0.425643,0.411765,0.888122
1792,0.45634,0.466667,0.888228
1793,0.247855,0.262745,0.88845
1794,0.136228,0.129412,0.888496
1795,0.0883771,0.0941176,0.888529
1796,0.108524,0.105882,0.888536
1797,0.184992,0.192157,0.888588
1798,0.40299,0.396078,0.888635
1799,0.487066,0.490196,0.888645
1800,0.263747,0.282353,0.888991
1801,0.140395,0.137255,0.889001
1802,0.0937894,0.0901961,0.889014
1803,0.0917508,0.0980392,0.889054
1804,0.168925,0.172549,0.889067
1805,0.376546,0.372549,0.889083
1806,0.513056,0.509804,0.889093
1807,0.289041,0.313725,0.889703
1808,0.149582,0.141176,0.889773
1809,0.085234,0.0901961,0.889798
1810,0.0931127,0.0901961,0.889806
1811,0.145425,0.152941,0.889863
1812,0.342768,0.341176,0.889865
1813,0.533125,0.521569,0.889999
1814,0.323551,0.34902,0.890648
1815,0.161003,0.156863,0.890665
1816,0.0916398,0.0901961,0.890667
1817,0.080206,0.0862745,0.890704
1818,0.134184,0.133333,0.890704
1819,0.295416,0.301961,0.890747
1820,0.538952,0.52549,0.890929
1821,0.3711,0.388235,0.891222
1822,0.170931,0.172549,0.891225
1823,0.0975329,0.0901961,0.891279
1824,0.0718696,0.0784314,0.891322
1825,0.112087,0.113725,0.891324
1826,0.251823,0.254902,0.891334
1827,0.522931,0.517647,0.891362
1828,0.440687,0.443137,0.891368
1829,0.184269,0.196078,0.891507
1830,0.103681,0.0980392,0.891539
1831,0.077651,0.0784314,0.89154
1832,0.102381,0.101961,0.89154
1833,0.209437,0.215686,0.891579
1834,0.481061,0.478431,0.891586
1835,0.497657,0.501961,0.891604
1836,0.21597,0.235294,0.891978
1837,0.110522,0.105882,0.891999
1838,0.0713418,0.0784314,0.89205
1839,0.0979097,0.0862745,0.892185
1840,0.15674,0.176471,0.892574
1841,0.43049,0.419608,0.892693
1842,0.549528,0.545098,0.892712
1843,0.266125,0.286275,0.893118
1844,0.12955,0.121569,0.893182
1845,0.0748312,0.0745098,0.893182
1846,0.0726864,0.0784314,0.893215
1847,0.137006,0.141176,0.893232
1848,0.349805,0.352941,0.893242
1849,0.585427,0.580392,0.893268
1850,0.336033,0.356863,0.893701
1851,0.143127,0.141176,0.893705
1852,0.0748365,0.0784314,0.893718
1853,0.0724507,0.0745098,0.893722
1854,0.118727,0.113725,0.893747
1855,0.268998,0.282353,0.893926
1856,0.578364,0.564706,0.894112
1857,0.420168,0.439216,0.894475
1858,0.169298,0.176471,0.894527
1859,0.0846813,0.0862745,0.894529
1860,0.0686223,0.0705882,0.894533
1861,0.0973828,0.0941176,0.894544
1862,0.206537,0.215686,0.894627
1863,0.513329,0.509804,0.89464
1864,0.518437,0.537255,0.894994
1865,0.214119,0.235294,0.895442
1866,0.0936398,0.0980392,0.895462
1867,0.0599848,0.0705882,0.895574
1868,0.0892381,0.0823529,0.895622
1869,0.162698,0.160784,0.895625
1870,0.408958,0.415686,0.89567
1871,0.598548,0.596078,0.895677
1872,0.290557,0.309804,0.896047
1873,0.11893,0.121569,0.896054
1874,0.0675604,0.0666667,0.896055
1875,0.0573329,0.0666667,0.896142
1876,0.11516,0.113725,0.896144
1877,0.300039,0.309804,0.896239
1878,0.62399,0.611765,0.896389
1879,0.400628,0.419608,0.896749
1880,0.152136,0.14902,0.896759
1881,0.0683518,0.0745098,0.896797
1882,0.066962,0.0627451,0.896814
1883,0.0905777,0.0901961,0.896815
1884,0.214769,0.219608,0.896838
1885,0.543286,0.541176,0.896842
1886,0.531237,0.541176,0.896941
1887,0.2021,0.219608,0.897248
1888,0.0854771,0.0941176,0.897322
1889,0.0644429,0.0588235,0.897354
1890,0.0560645,0.0745098,0.897694
1891,0.161215,0.152941,0.897763
1892,0.416022,0.415686,0.897763
1893,0.621591,0.635294,0.897951
1894,0.312269,0.317647,0.897979
1895,0.109028,0.113725,0.898002
1896,0.0572539,0.0666667,0.89809
1897,0.0714704,0.0627451,0.898166
1898,0.101483,0.105882,0.898186
1899,0.284524,0.278431,0.898223
1900,0.613879,0.623529,0.898316
1901,0.465281,0.466667,0.898318
1902,0.149373,0.164706,0.898553
1903,0.066885,0.0745098,0.898611
1904,0.0579946,0.0588235,0.898612
1905,0.0814503,0.0745098,0.89866
1906,0.167611,0.176471,0.898738
1907,0.492984,0.498039,0.898764
1908,0.614189,0.619608,0.898793
1909,0.245618,0.254902,0.89888
1910,0.0880893,0.0941176,0.898916
1911,0.0549822,0.054902,0.898916
1912,0.0539916,0.0588235,0.898939
1913,0.110665,0.109804,0.89894
1914,0.321431,0.321569,0.89894
1915,0.667022,0.666667,0.89894
1916,0.41752,0.423529,0.898976
1917,0.133015,0.137255,0.898994
1918,0.0553157,0.0627451,0.899049
1919,0.0498861,0.0509804,0.899051
1920,0.0716989,0.0705882,0.899052
1921,0.175737,0.184314,0.899125
1922,0.533984,0.533333,0.899126
1923,0.613734,0.619608,0.89916
1924,0.230989,0.235294,0.899179
1925,0.0786834,0.0823529,0.899192
1926,0.0437877,0.0509804,0.899244
1927,0.0566087,0.054902,0.899247
1928,0.104222,0.105882,0.89925
1929,0.323261,0.32549,0.899255
1930,0.690378,0.698039,0.899313
1931,0.42743,0.423529,0.899329
1932,0.123647,0.133333,0.899422
1933,0.053927,0.0588235,0.899446
1934,0.0448147,0.0470588,0.899451
1935,0.0651209,0.0666667,0.899454
1936,0.172252,0.164706,0.899511
1937,0.500961,0.517647,0.899789
1938,0.666035,0.662745,0.8998
1939,0.250633,0.247059,0.899813
1940,0.0765445,0.0823529,0.899846
1941,0.0438022,0.0509804,0.899898
1942,0.0611959,0.0470588,0.900098
1943,0.0727863,0.0862745,0.90028
1944,0.271759,0.266667,0.900306
1945,0.677099,0.694118,0.900595
1946,0.51426,0.505882,0.900666
1947,0.135154,0.152941,0.900982
1948,0.051556,0.0588235,0.901035
1949,0.0383609,0.0431373,0.901058
1950,0.0572004,0.0509804,0.901096
1951,0.114075,0.117647,0.901109
1952,0.400275,0.407843,0.901166
1953,0.743776,0.74902,0.901194
1954,0.359036,0.341176,0.901513
1955,0.0976229,0.0980392,0.901513
1956,0.0417986,0.0470588,0.901541
1957,0.0431988,0.0392157,0.901556
1958,0.0529922,0.054902,0.90156
1959,0.152782,0.160784,0.901624
1960,0.541835,0.560784,0.901983
1961,0.696801,0.698039,0.901985
1962,0.240859,0.231373,0.902075
1963,0.0592851,0.0705882,0.902202
1964,0.0344829,0.0431373,0.902277
1965,0.0549053,0.0392157,0.902524
1966,0.0587951,0.0666667,0.902586
1967,0.221495,0.207843,0.902772
1968,0.641339,0.682353,0.904454
1969,0.63529,0.619608,0.9047
1970,0.157349,0.172549,0.904931
1971,0.0380622,0.054902,0.905215
1972,0.0292461,0.0392157,0.905314
1973,0.0603679,0.0352941,0.905943
1974,0.0546557,0.0627451,0.906008
1975,0.231519,0.231373,0.906008
1976,0.71599,0.752941,0.907373
1977,0.599728,0.580392,0.907747
1978,0.127766,0.145098,0.908048
1979,0.0388286,0.0509804,0.908195
1980,0.0412335,0.0313725,0.908293
1981,0.0341232,0.0352941,0.908294
1982,0.0741187,0.054902,0.908663
1983,0.20723,0.203922,0.908674
1984,0.688101,0.74902,0.912385
1985,0.66277,0.643137,0.912771
1986,0.13487,0.152941,0.913097
1987,0.0273585,0.0470588,0.913485
1988,0.0324989,0.0313725,0.913487
1989,0.0478099,0.027451,0.913901
1990,0.0390577,0.0352941,0.913915
1991,0.135205,0.109804,0.914561
1992,0.477971,0.537255,0.918075
1993,0.857711,0.909804,0.920789
1994,0.298712,0.254902,0.922708
1995,0.0486807,0.0588235,0.922811
1996,0.0338552,0.027451,0.922852
1997,0.0386907,0.0235294,0.923082
1998,0.0270846,0.0196078,0.923138
1999,0.0445315,0.0235294,0.923579
2000,0.126657,0.0862745,0.92521
2001,0.419695,0.52549,0.936402
2002,0.910724,1,0.944372
2003,0.234886,0.262745,0.945149
2004,0.0947266,0.054902,0.946735
2005,0.0417095,0.0313725,0.946841
2006,0.067277,0.0235294,0.948755
2007,0.0155839,0.0156863,0.948755
2008,0.0193736,0.0156863,0.948769
2009,0.0961486,0.0156863,0.955243
2010,0.0990011,0.0313725,0.959817
2011,0.141257,0.113725,0.960575
2012,0.420236,0.129412,1.04515
2013,0.234321,0.0901961,1.06593
2014,0.0601207,0.0901961,1.06683
2015,0.128038,0.109804,1.06716
2016,0.173388,0.14902,1.06776
2017,0.224688,0.211765,1.06792
2018,0.291805,0.278431,1.0681
2019,0.289314,0.298039,1.06818
2020,0.22578,0.247059,1.06863
2021,0.15807,0.184314,1.06932
2022,0.123699,0.160784,1.07069
2023,0.151866,0.172549,1.07112
2024,0.212314,0.219608,1.07118
2025,0.290546,0.282353,1.07124
2026,0.313662,0.290196,1.07179
2027,0.25273,0.243137,1.07189
2028,0.206932,0.184314,1.0724
2029,0.167641,0.160784,1.07244
2030,0.181012,0.184314,1.07246
2031,0.253767,0.239216,1.07267
2032,0.307066,0.301961,1.07269
2033,0.305888,0.294118,1.07283
2034,0.236515,0.235294,1.07283
2035,0.194237,0.180392,1.07302
2036,0.167617,0.160784,1.07307
2037,0.184919,0.188235,1.07308
2038,0.263501,0.247059,1.07335
2039,0.316931,0.305882,1.07347
2040,0.303924,0.294118,1.07357
2041,0.236713,0.227451,1.07366
2042,0.185938,0.172549,1.07384
2043,0.163545,0.156863,1.07388
2044,0.188257,0.192157,1.0739
2045,0.277725,0.254902,1.07442
2046,0.321141,0.317647,1.07443
2047,0.305623,0.298039,1.07449
2048,0.228943,0.223529,1.07452
2049,0.177313,0.168627,1.07459
2050,0.159714,0.156863,1.0746
2051,0.192196,0.192157,1.0746
2052,0.277577,0.266667,1.07472
2053,0.337897,0.32549,1.07487
2054,0.296322,0.290196,1.07491
2055,0.219703,0.211765,1.07497
2056,0.173712,0.160784,1.07514
2057,0.15879,0.156863,1.07514
2058,0.202537,0.196078,1.07519
2059,0.285264,0.27451,1.0753
2060,0.343377,0.333333,1.0754
2061,0.294921,0.286275,1.07548
2062,0.20977,0.207843,1.07548
2063,0.171159,0.152941,1.07581
2064,0.14651,0.152941,1.07585
2065,0.20568,0.2,1.07589
2066,0.300179,0.286275,1.07608
2067,0.349588,0.341176,1.07615
2068,0.287763,0.286275,1.07615
2069,0.206278,0.2,1.07619
2070,0.160971,0.14902,1.07633
2071,0.146808,0.152941,1.07637
2072,0.210648,0.203922,1.07642
2073,0.307377,0.294118,1.07659
2074,0.35372,0.345098,1.07667
2075,0.284056,0.286275,1.07667
2076,0.204697,0.192157,1.07683
2077,0.150111,0.145098,1.07685
2078,0.148205,0.14902,1.07686
2079,0.208376,0.207843,1.07686
2080,0.322291,0.309804,1.07701
2081,0.362583,0.356863,1.07704
2082,0.273637,0.282353,1.07712
2083,0.195167,0.184314,1.07724
2084,0.143761,0.141176,1.07725
2085,0.148493,0.14902,1.07725
2086,0.213696,0.211765,1.07725
2087,0.330707,0.321569,1.07733
2088,0.370247,0.364706,1.07736
2089,0.267924,0.27451,1.07741
2090,0.185494,0.180392,1.07743
2091,0.145856,0.137255,1.07751
2092,0.14359,0.14902,1.07754
2093,0.219783,0.219608,1.07754
2094,0.345724,0.333333,1.07769
2095,0.367694,0.368627,1.07769
2096,0.261102,0.270588,1.07778
2097,0.180806,0.172549,1.07785
2098,0.136998,0.137255,1.07785
2099,0.152761,0.145098,1.07791
2100,0.210985,0.219608,1.07798
2101,0.356566,0.345098,1.07811
2102,0.379545,0.376471,1.07812
2103,0.252417,0.270588,1.07845
2104,0.177254,0.164706,1.07861
2105,0.126083,0.129412,1.07862
2106,0.14632,0.145098,1.07862
2107,0.22463,0.223529,1.07862
2108,0.362814,0.352941,1.07872
2109,0.381577,0.380392,1.07872
2110,0.251953,0.266667,1.07894
2111,0.173458,0.160784,1.0791
2112,0.123081,0.12549,1.07911
2113,0.141544,0.145098,1.07912
2114,0.231414,0.227451,1.07913
2115,0.369955,0.368627,1.07914
2116,0.387176,0.392157,1.07916
2117,0.242961,0.262745,1.07955
2118,0.163123,0.160784,1.07956
2119,0.126843,0.12549,1.07956
2120,0.140342,0.141176,1.07956
2121,0.22238,0.227451,1.07959
2122,0.382359,0.372549,1.07968
2123,0.391561,0.4,1.07975
2124,0.245115,0.258824,1.07994
2125,0.157339,0.152941,1.07996
2126,0.120941,0.117647,1.07997
2127,0.134154,0.137255,1.07998
2128,0.227306,0.223529,1.08
2129,0.384939,0.376471,1.08007
2130,0.403852,0.407843,1.08008
2131,0.246913,0.258824,1.08023
2132,0.154758,0.14902,1.08026
2133,0.11542,0.117647,1.08026
2134,0.138706,0.133333,1.08029
2135,0.215802,0.223529,1.08035
2136,0.393311,0.384314,1.08043
2137,0.408537,0.419608,1.08056
2138,0.244834,0.266667,1.08103
2139,0.152871,0.14902,1.08105
2140,0.109167,0.109804,1.08105
2141,0.120951,0.129412,1.08112
2142,0.222076,0.215686,1.08116
2143,0.389262,0.388235,1.08116
2144,0.428118,0.431373,1.08117
2145,0.246604,0.266667,1.08157
2146,0.151408,0.145098,1.08161
2147,0.107203,0.105882,1.08162
2148,0.11763,0.12549,1.08168
2149,0.218327,0.211765,1.08172
2150,0.390995,0.388235,1.08173
2151,0.43678,0.443137,1.08177
2152,0.252957,0.27451,1.08223
2153,0.150293,0.14902,1.08223
2154,0.107998,0.101961,1.08227
2155,0.103113,0.117647,1.08248
2156,0.204919,0.2,1.08251
2157,0.387422,0.376471,1.08263
2158,0.451225,0.454902,1.08264
2159,0.268361,0.282353,1.08284
2160,0.152924,0.145098,1.0829
2161,0.101397,0.0980392,1.08291
2162,0.101111,0.109804,1.08298
2163,0.189135,0.192157,1.08299
2164,0.38693,0.372549,1.0832
2165,0.462451,0.470588,1.08327
2166,0.278028,0.298039,1.08367
2167,0.154463,0.145098,1.08375
2168,0.0925133,0.0980392,1.08378
2169,0.103507,0.101961,1.08379
2170,0.166441,0.172549,1.08382
2171,0.362118,0.356863,1.08385
2172,0.496031,0.486275,1.08395
2173,0.293007,0.317647,1.08455
2174,0.160794,0.14902,1.08469
2175,0.0919856,0.0941176,1.0847
2176,0.093064,0.0941176,1.0847
2177,0.150116,0.156863,1.08474
2178,0.340003,0.337255,1.08475
2179,0.514161,0.501961,1.0849
2180,0.318031,0.341176,1.08544
2181,0.165766,0.160784,1.08546
2182,0.0989682,0.0941176,1.08548
2183,0.0832111,0.0941176,1.0856
2184,0.150086,0.145098,1.08563
2185,0.307384,0.313725,1.08567
2186,0.518511,0.505882,1.08583
2187,0.347436,0.372549,1.08646
2188,0.173028,0.172549,1.08646
2189,0.098827,0.0941176,1.08648
2190,0.0767787,0.0901961,1.08666
2191,0.141024,0.129412,1.0868
2192,0.271593,0.282353,1.08691
2193,0.519147,0.501961,1.08721
2194,0.388,0.411765,1.08777
2195,0.186279,0.188235,1.08778
2196,0.100615,0.0980392,1.08778
2197,0.0777301,0.0862745,1.08785
2198,0.124882,0.113725,1.08798
2199,0.230986,0.243137,1.08813
2200,0.499099,0.490196,1.08821
2201,0.447586,0.454902,1.08826
2202,0.197949,0.215686,1.08857
2203,0.111415,0.105882,1.08861
2204,0.0780474,0.0823529,1.08862
2205,0.10434,0.101961,1.08863
2206,0.20041,0.211765,1.08876
2207,0.467617,0.458824,1.08884
2208,0.490771,0.501961,1.08896
2209,0.228548,0.247059,1.0893
2210,0.117211,0.113725,1.08932
2211,0.0779807,0.0784314,1.08932
2212,0.0876637,0.0941176,1.08936
2213,0.181921,0.176471,1.08939
2214,0.407179,0.411765,1.08941
2215,0.544622,0.541176,1.08942
2216,0.269945,0.294118,1.09
2217,0.130035,0.129412,1.09
2218,0.0805714,0.0823529,1.09001
2219,0.0848861,0.0823529,1.09001
2220,0.135333,0.145098,1.09011
2221,0.349755,0.352941,1.09012
2222,0.573168,0.564706,1.09019
2223,0.327839,0.356863,1.09103
2224,0.147333,0.141176,1.09107
2225,0.0731479,0.0784314,1.0911
2226,0.0728892,0.0784314,1.09113
2227,0.132796,0.12549,1.09118
2228,0.294098,0.294118,1.09118
2229,0.559021,0.560784,1.09119
2230,0.408198,0.431373,1.09172
2231,0.165871,0.176471,1.09184
2232,0.0807015,0.0901961,1.09193
2233,0.0745861,0.0745098,1.09193
2234,0.103154,0.101961,1.09193
2235,0.225028,0.231373,1.09197
2236,0.521882,0.517647,1.09199
2237,0.490499,0.505882,1.09222
2238,0.201856,0.219608,1.09254
2239,0.0960907,0.101961,1.09257
2240,0.0760594,0.0745098,1.09257
2241,0.0915385,0.0862745,1.0926
2242,0.167768,0.176471,1.09268
2243,0.439718,0.443137,1.09269
2244,0.571735,0.572549,1.09269
2245,0.258106,0.282353,1.09328
2246,0.114338,0.113725,1.09328
2247,0.0670613,0.0705882,1.09329
2248,0.0746384,0.0745098,1.09329
2249,0.134061,0.133333,1.09329
2250,0.343025,0.345098,1.0933
2251,0.608168,0.603922,1.09331
2252,0.358882,0.376471,1.09362
2253,0.139544,0.141176,1.09363
2254,0.0684761,0.0745098,1.09366
2255,0.0664409,0.0666667,1.09366
2256,0.101598,0.101961,1.09366
2257,0.250241,0.254902,1.09368
2258,0.574169,0.572549,1.09369
2259,0.474466,0.486275,1.09383
2260,0.17495,0.188235,1.094
2261,0.0809722,0.0823529,1.094
2262,0.0573667,0.0627451,1.09403
2263,0.0829802,0.0784314,1.09405
2264,0.169248,0.180392,1.09418
2265,0.480382,0.47451,1.09421
2266,0.584576,0.592157,1.09427
2267,0.252166,0.266667,1.09448
2268,0.101703,0.101961,1.09448
2269,0.0573631,0.0627451,1.09451
2270,0.0658401,0.0666667,1.09451
2271,0.122346,0.12549,1.09452
2272,0.345248,0.34902,1.09453
2273,0.640969,0.635294,1.09457
2274,0.367828,0.384314,1.09484
2275,0.134662,0.137255,1.09485
2276,0.0638271,0.0705882,1.09489
2277,0.0629556,0.0588235,1.09491
2278,0.082249,0.0901961,1.09497
2279,0.230788,0.223529,1.09502
2280,0.559101,0.568627,1.09511
2281,0.539973,0.533333,1.09516
2282,0.183717,0.196078,1.09531
2283,0.0793148,0.0823529,1.09532
2284,0.0599976,0.054902,1.09535
2285,0.0602711,0.0666667,1.09539
2286,0.140781,0.141176,1.09539
2287,0.40951,0.419608,1.09549
2288,0.66216,0.647059,1.09572
2289,0.301911,0.313725,1.09586
2290,0.11508,0.109804,1.09589
2291,0.0562855,0.0588235,1.09589
2292,0.0524959,0.054902,1.0959
2293,0.0865954,0.0941176,1.09595
2294,0.264049,0.266667,1.09596
2295,0.632118,0.631373,1.09596
2296,0.481235,0.490196,1.09604
2297,0.157643,0.164706,1.09609
2298,0.063826,0.0745098,1.09621
2299,0.0625638,0.0509804,1.09634
2300,0.0548919,0.0666667,1.09648
2301,0.154133,0.152941,1.09648
2302,0.455557,0.466667,1.0966
2303,0.663398,0.658824,1.09662
2304,0.276491,0.282353,1.09666
2305,0.095508,0.0941176,1.09666
2306,0.0464066,0.054902,1.09673
2307,0.0598738,0.0509804,1.09681
2308,0.0803755,0.0941176,1.097
2309,0.281625,0.266667,1.09722
2310,0.643047,0.658824,1.09747
2311,0.503095,0.490196,1.09764
2312,0.144245,0.156863,1.0978
2313,0.0590896,0.0666667,1.09786
2314,0.0510059,0.0470588,1.09787
2315,0.0548227,0.0588235,1.09789
2316,0.134091,0.141176,1.09794
2317,0.447559,0.45098,1.09795
2318,0.691251,0.698039,1.098
2319,0.307276,0.298039,1.09808
2320,0.0921949,0.0980392,1.09812
2321,0.0505786,0.0509804,1.09812
2322,0.0456471,0.0470588,1.09812
2323,0.0735746,0.0784314,1.09814
2324,0.233567,0.223529,1.09824
2325,0.617429,0.643137,1.0989
2326,0.580305,0.568627,1.09904
2327,0.162342,0.180392,1.09937
2328,0.0554162,0.0705882,1.0996
2329,0.0515466,0.0470588,1.09962
2330,0.0555286,0.0509804,1.09964
2331,0.101086,0.105882,1.09966
2332,0.352254,0.352941,1.09966
2333,0.731551,0.745098,1.09984
2334,0.412589,0.396078,1.10012
2335,0.106875,0.113725,1.10016
2336,0.0459333,0.0509804,1.10019
2337,0.0439037,0.0431373,1.10019
2338,0.0643837,0.054902,1.10028
2339,0.137814,0.145098,1.10033
2340,0.489364,0.501961,1.10049
2341,0.71685,0.737255,1.10091
2342,0.292412,0.270588,1.10138
2343,0.0623967,0.0823529,1.10178
2344,0.0401698,0.0470588,1.10183
2345,0.0559875,0.0392157,1.10211
2346,0.0512987,0.0627451,1.10224
2347,0.198815,0.188235,1.10235
2348,0.602572,0.631373,1.10318
2349,0.658926,0.662745,1.1032
2350,0.19607,0.2,1.10321
2351,0.037846,0.0666667,1.10404
2352,0.0404142,0.0392157,1.10404
2353,0.0435641,0.0352941,1.10411
2354,0.0538022,0.0627451,1.10419
2355,0.227006,0.215686,1.10432
2356,0.677975,0.713725,1.1056
2357,0.623924,0.619608,1.10562
2358,0.150979,0.164706,1.10581
2359,0.032476,0.054902,1.10631
2360,0.0370488,0.0352941,1.10631
2361,0.0458202,0.0313725,1.10652
2362,0.0475904,0.054902,1.10657
2363,0.212938,0.2,1.10674
2364,0.677949,0.729412,1.10939
2365,0.665431,0.662745,1.1094
2366,0.154492,0.164706,1.1095
2367,0.0224174,0.054902,1.11056
2368,0.0442465,0.0313725,1.11072
2369,0.0350987,0.0313725,1.11074
2370,0.0572255,0.0352941,1.11122
2371,0.125649,0.121569,1.11123
2372,0.517021,0.572549,1.11432
2373,0.831034,0.878431,1.11656
2374,0.288258,0.235294,1.11937
2375,0.0327803,0.0588235,1.12005
2376,0.0383117,0.0313725,1.1201
2377,0.0501377,0.027451,1.12061
2378,0.0362766,0.027451,1.12069
2379,0.0791542,0.0352941,1.12261
2380,0.170546,0.141176,1.12347
2381,0.58477,0.745098,1.14918
2382,0.814505,0.843137,1.15
2383,0.175756,0.164706,1.15012
2384,-0.0101667,0.0431373,1.15296
2385,0.0425364,0.027451,1.15319
2386,0.060642,0.0196078,1.15487
2387,0.0128557,0.0156863,1.15488
2388,0.0590189,0.0156863,1.15676
2389,0.115432,0.0117647,1.16751
2390,0.0771507,0.0196078,1.17082
2391,0.0809404,0.0627451,1.17115
2392,0.234337,0.0431373,1.20771
2393,0.0020665,0.027451,1.20835
2394,-0.0553687,0.0392157,1.2173
2395,0.0457035,0.0666667,1.21774
2396,0.127901,0.109804,1.21806
2397,0.220735,0.14902,1.22321
2398,0.252056,0.180392,1.22834
2399,0.257046,0.211765,1.23039
2400,0.260047,0.247059,1.23056
2401,0.249663,0.258824,1.23065
2402,0.201819,0.231373,1.23152
2403,0.156373,0.2,1.23342
2404,0.154409,0.180392,1.2341
2405,0.169069,0.196078,1.23483
2406,0.231668,0.223529,1.23489
2407,0.260442,0.254902,1.23492
2408,0.274627,0.258824,1.23517
2409,0.247987,0.231373,1.23545
2410,0.214287,0.203922,1.23556
2411,0.203423,0.184314,1.23592
2412,0.19813,0.2,1.23593
2413,0.249597,0.227451,1.23642
2414,0.270279,0.258824,1.23655
2415,0.278345,0.262745,1.23679
2416,0.24883,0.227451,1.23725
2417,0.206056,0.203922,1.23725
2418,0.209968,0.188235,1.23772
2419,0.204819,0.203922,1.23773
2420,0.250013,0.239216,1.23784
2421,0.281928,0.266667,1.23808
2422,0.270634,0.262745,1.23814
2423,0.240646,0.231373,1.23822
2424,0.210827,0.2,1.23834
2425,0.197314,0.188235,1.23842
2426,0.210815,0.203922,1.23847
2427,0.25182,0.247059,1.23849
2428,0.293831,0.27451,1.23887
2429,0.26922,0.266667,1.23887
2430,0.237832,0.227451,1.23898
2431,0.203555,0.196078,1.23904
2432,0.196587,0.188235,1.23911
2433,0.215295,0.211765,1.23912
2434,0.263356,0.254902,1.23919
2435,0.291972,0.278431,1.23937
2436,0.2663,0.262745,1.23939
2437,0.231993,0.219608,1.23954
2438,0.198226,0.188235,1.23964
2439,0.193242,0.184314,1.23972
2440,0.219871,0.215686,1.23974
2441,0.276842,0.262745,1.23994
2442,0.29654,0.290196,1.23998
2443,0.269535,0.266667,1.23998
2444,0.223259,0.215686,1.24004
2445,0.188421,0.188235,1.24004
2446,0.196163,0.192157,1.24006
2447,0.229868,0.223529,1.2401
2448,0.274189,0.270588,1.24011
2449,0.296496,0.286275,1.24022
2450,0.259576,0.262745,1.24023
2451,0.225801,0.211765,1.24042
2452,0.186152,0.184314,1.24043
2453,0.194621,0.188235,1.24047
2454,0.231607,0.231373,1.24047
2455,0.294355,0.278431,1.24072
2456,0.292406,0.290196,1.24072
2457,0.255807,0.258824,1.24073
2458,0.219171,0.207843,1.24086
2459,0.184149,0.184314,1.24086
2460,0.197213,0.192157,1.24089
2461,0.236784,0.235294,1.24089
2462,0.294301,0.282353,1.24103
2463,0.293464,0.301961,1.2411
2464,0.262079,0.254902,1.24116
2465,0.200909,0.203922,1.24117
2466,0.184592,0.180392,1.24118
2467,0.195812,0.196078,1.24118
2468,0.248483,0.243137,1.24121
2469,0.298473,0.294118,1.24123
2470,0.295792,0.301961,1.24127
2471,0.250867,0.247059,1.24128
2472,0.195543,0.2,1.2413
2473,0.186981,0.176471,1.24141
2474,0.192285,0.196078,1.24143
2475,0.255549,0.25098,1.24145
2476,0.311098,0.305882,1.24148
2477,0.296265,0.305882,1.24157
2478,0.24253,0.247059,1.24159
2479,0.19254,0.192157,1.24159
2480,0.17417,0.172549,1.24159
2481,0.195084,0.196078,1.24159
2482,0.261632,0.258824,1.2416
2483,0.321583,0.309804,1.24174
2484,0.291174,0.298039,1.24179
2485,0.237783,0.239216,1.24179
2486,0.194869,0.184314,1.2419
2487,0.169607,0.172549,1.24191
2488,0.204547,0.203922,1.24191
2489,0.274274,0.266667,1.24197
2490,0.317987,0.321569,1.24198
2491,0.292899,0.298039,1.24201
2492,0.224138,0.235294,1.24213
2493,0.188774,0.180392,1.2422
2494,0.165364,0.168627,1.24221
2495,0.20174,0.207843,1.24225
2496,0.288775,0.270588,1.24258
2497,0.317544,0.329412,1.24272
2498,0.297952,0.301961,1.24274
2499,0.220723,0.223529,1.24274
2500,0.172867,0.176471,1.24276
2501,0.173726,0.168627,1.24278
2502,0.205731,0.211765,1.24282
2503,0.294008,0.286275,1.24288
2504,0.330071,0.341176,1.243
2505,0.286611,0.298039,1.24313
2506,0.209189,0.219608,1.24324
2507,0.171976,0.168627,1.24325
2508,0.16267,0.164706,1.24326
2509,0.209652,0.215686,1.24329
2510,0.309405,0.298039,1.24342
2511,0.337,0.345098,1.24349
2512,0.278413,0.294118,1.24374
2513,0.207846,0.211765,1.24375
2514,0.166362,0.164706,1.24375
2515,0.163299,0.164706,1.24376
2516,0.214376,0.215686,1.24376
2517,0.3103,0.305882,1.24378
2518,0.347747,0.352941,1.2438
2519,0.274417,0.286275,1.24394
2520,0.196185,0.2,1.24396
2521,0.160912,0.156863,1.24398
2522,0.162889,0.160784,1.24398
2523,0.217528,0.219608,1.24398
2524,0.324416,0.313725,1.2441
2525,0.350072,0.360784,1.24421
2526,0.273949,0.286275,1.24436
2527,0.19028,0.196078,1.2444
2528,0.154138,0.152941,1.2444
2529,0.15818,0.160784,1.24441
2530,0.222449,0.227451,1.24443
2531,0.336264,0.329412,1.24448
2532,0.350483,0.364706,1.24468
2533,0.261365,0.278431,1.24497
2534,0.184665,0.184314,1.24497
2535,0.145732,0.14902,1.24498
2536,0.164745,0.160784,1.245
2537,0.228858,0.227451,1.245
2538,0.339073,0.337255,1.245
2539,0.362668,0.368627,1.24504
2540,0.256473,0.270588,1.24524
2541,0.176937,0.180392,1.24525
2542,0.147391,0.145098,1.24526
2543,0.15985,0.156863,1.24527
2544,0.226243,0.231373,1.24529
2545,0.354103,0.34902,1.24532
2546,0.364312,0.372549,1.24539
2547,0.247645,0.266667,1.24575
2548,0.173264,0.172549,1.24575
2549,0.139364,0.137255,1.24575
2550,0.153128,0.152941,1.24575
2551,0.231384,0.235294,1.24577
2552,0.368818,0.356863,1.24591
2553,0.364402,0.376471,1.24606
2554,0.247002,0.262745,1.2463
2555,0.16963,0.164706,1.24633
2556,0.130838,0.133333,1.24633
2557,0.154004,0.14902,1.24636
2558,0.228648,0.235294,1.2464
2559,0.377819,0.368627,1.24649
2560,0.373904,0.388235,1.24669
2561,0.241868,0.258824,1.24698
2562,0.159938,0.160784,1.24698
2563,0.129596,0.129412,1.24698
2564,0.14969,0.14902,1.24698
2565,0.234582,0.239216,1.247
2566,0.384849,0.376471,1.24707
2567,0.375076,0.392157,1.24737
2568,0.2403,0.258824,1.24771
2569,0.158228,0.156863,1.24771
2570,0.123069,0.121569,1.24771
2571,0.137448,0.145098,1.24777
2572,0.241199,0.239216,1.24777
2573,0.393899,0.384314,1.24787
2574,0.380643,0.4,1.24824
2575,0.24012,0.254902,1.24846
2576,0.153075,0.14902,1.24848
2577,0.11566,0.121569,1.24851
2578,0.148012,0.145098,1.24852
2579,0.239616,0.239216,1.24852
2580,0.394716,0.392157,1.24853
2581,0.389532,0.407843,1.24886
2582,0.236537,0.254902,1.2492
2583,0.147676,0.145098,1.24921
2584,0.109563,0.117647,1.24927
2585,0.144661,0.141176,1.24928
2586,0.238106,0.235294,1.24929
2587,0.398544,0.4,1.24929
2588,0.40316,0.419608,1.24956
2589,0.234727,0.254902,1.24997
2590,0.14295,0.145098,1.24998
2591,0.111694,0.113725,1.24998
2592,0.135112,0.141176,1.25002
2593,0.244963,0.231373,1.2502
2594,0.393043,0.403922,1.25032
2595,0.415959,0.431373,1.25056
2596,0.23606,0.262745,1.25127
2597,0.141387,0.145098,1.25128
2598,0.10612,0.109804,1.2513
2599,0.127059,0.12549,1.2513
2600,0.214209,0.223529,1.25139
2601,0.416723,0.4,1.25167
2602,0.421729,0.447059,1.25231
2603,0.249677,0.270588,1.25274
2604,0.1433,0.145098,1.25275
2605,0.104331,0.105882,1.25275
2606,0.118613,0.12549,1.2528
2607,0.219738,0.211765,1.25286
2608,0.393862,0.4,1.2529
2609,0.448404,0.462745,1.2531
2610,0.250791,0.278431,1.25387
2611,0.141348,0.145098,1.25388
2612,0.101774,0.105882,1.2539
2613,0.120842,0.113725,1.25395
2614,0.188039,0.2,1.25409
2615,0.399332,0.388235,1.25422
2616,0.462182,0.478431,1.25448
2617,0.267445,0.298039,1.25542
2618,0.146693,0.14902,1.25542
2619,0.0967451,0.101961,1.25545
2620,0.108987,0.109804,1.25545
2621,0.184105,0.184314,1.25545
2622,0.373421,0.372549,1.25545
2623,0.485334,0.494118,1.25553
2624,0.285371,0.309804,1.25612
2625,0.148447,0.152941,1.25614
2626,0.100844,0.0980392,1.25615
2627,0.0977806,0.105882,1.25622
2628,0.17954,0.168627,1.25634
2629,0.345783,0.352941,1.25639
2630,0.50553,0.509804,1.25641
2631,0.308531,0.345098,1.25774
2632,0.154261,0.160784,1.25779
2633,0.0907325,0.0980392,1.25784
2634,0.0939772,0.0980392,1.25786
2635,0.158314,0.152941,1.25788
2636,0.322567,0.317647,1.25791
2637,0.508228,0.517647,1.258
2638,0.356987,0.372549,1.25824
2639,0.161652,0.172549,1.25836
2640,0.097841,0.101961,1.25838
2641,0.0961293,0.0941176,1.25838
2642,0.139879,0.133333,1.25842
2643,0.275999,0.290196,1.25862
2644,0.52274,0.513725,1.25871
2645,0.381947,0.415686,1.25984
2646,0.177895,0.196078,1.26017
2647,0.101614,0.105882,1.26019
2648,0.0871015,0.0823529,1.26022
2649,0.102216,0.117647,1.26045
2650,0.254986,0.25098,1.26047
2651,0.503019,0.498039,1.26049
2652,0.437591,0.458824,1.26094
2653,0.198954,0.215686,1.26122
2654,0.108141,0.105882,1.26123
2655,0.0794036,0.0784314,1.26123
2656,0.0945971,0.105882,1.26136
2657,0.223349,0.215686,1.26142
2658,0.467263,0.462745,1.26144
2659,0.488903,0.505882,1.26173
2660,0.231881,0.25098,1.26209
2661,0.114389,0.113725,1.26209
2662,0.0740182,0.0823529,1.26216
2663,0.099738,0.0941176,1.26219
2664,0.175152,0.180392,1.26222
2665,0.41669,0.411765,1.26224
2666,0.53558,0.54902,1.26242
2667,0.278058,0.298039,1.26282
2668,0.123956,0.12549,1.26283
2669,0.0726648,0.0784314,1.26286
2670,0.0816073,0.0823529,1.26286
2671,0.144861,0.145098,1.26286
2672,0.35055,0.352941,1.26287
2673,0.575466,0.572549,1.26287
2674,0.335793,0.356863,1.26332
2675,0.144313,0.14902,1.26334
2676,0.08275,0.0823529,1.26334
2677,0.0729038,0.0784314,1.26337
2678,0.124954,0.121569,1.26338
2679,0.284283,0.290196,1.26342
2680,0.564725,0.560784,1.26343
2681,0.409287,0.435294,1.26411
2682,0.167311,0.180392,1.26428
2683,0.0846054,0.0862745,1.26428
2684,0.0632828,0.0745098,1.26441
2685,0.111306,0.0980392,1.26459
2686,0.213007,0.223529,1.2647
2687,0.517331,0.517647,1.2647
2688,0.506752,0.513725,1.26474
2689,0.201362,0.223529,1.26524
2690,0.0984342,0.101961,1.26525
2691,0.0746155,0.0705882,1.26526
2692,0.0803918,0.0862745,1.2653
2693,0.175754,0.168627,1.26535
2694,0.420565,0.435294,1.26557
2695,0.58919,0.584314,1.26559
2696,0.266221,0.290196,1.26617
2697,0.114894,0.117647,1.26617
2698,0.0706898,0.0745098,1.26619
2699,0.0819508,0.0745098,1.26624
2700,0.12571,0.129412,1.26626
2701,0.330444,0.341176,1.26637
2702,0.615147,0.607843,1.26643
2703,0.36083,0.388235,1.26718
2704,0.140309,0.145098,1.2672
2705,0.0683594,0.0784314,1.2673
2706,0.0751142,0.0666667,1.26737
2707,0.0958737,0.0980392,1.26738
2708,0.237181,0.243137,1.26741
2709,0.566822,0.564706,1.26742
2710,0.492523,0.505882,1.2676
2711,0.181139,0.2,1.26795
2712,0.0822858,0.0901961,1.26801
2713,0.067514,0.0627451,1.26804
2714,0.0718667,0.0784314,1.26808
2715,0.16866,0.172549,1.26809
2716,0.460236,0.458824,1.2681
2717,0.595792,0.611765,1.26835
2718,0.270074,0.278431,1.26842
2719,0.0998439,0.109804,1.26852
2720,0.0677957,0.0666667,1.26852
2721,0.0698276,0.0666667,1.26853
2722,0.11457,0.117647,1.26854
2723,0.320306,0.32549,1.26857
2724,0.640032,0.635294,1.26859
2725,0.394985,0.411765,1.26887
2726,0.138112,0.141176,1.26888
2727,0.060554,0.0705882,1.26898
2728,0.0645778,0.0588235,1.26902
2729,0.0847742,0.0862745,1.26902
2730,0.213963,0.211765,1.26902
2731,0.545208,0.54902,1.26904
2732,0.556489,0.564706,1.2691
2733,0.204486,0.215686,1.26923
2734,0.0774466,0.0901961,1.26939
2735,0.0642728,0.0588235,1.26942
2736,0.0640254,0.0666667,1.26943
2737,0.132116,0.133333,1.26943
2738,0.38367,0.392157,1.2695
2739,0.664871,0.662745,1.26951
2740,0.335058,0.345098,1.26961
2741,0.114322,0.117647,1.26962
2742,0.055913,0.0627451,1.26967
2743,0.060704,0.054902,1.2697
2744,0.0818125,0.0862745,1.26972
2745,0.233345,0.243137,1.26982
2746,0.616074,0.607843,1.26988
2747,0.512233,0.529412,1.27018
2748,0.17537,0.188235,1.27034
2749,0.0676911,0.0745098,1.27039
2750,0.0464713,0.054902,1.27046
2751,0.0732773,0.0627451,1.27057
2752,0.130073,0.137255,1.27062
2753,0.414827,0.423529,1.2707
2754,0.682799,0.686275,1.27071
2755,0.320581,0.321569,1.27071
2756,0.100354,0.105882,1.27074
2757,0.0509913,0.0588235,1.2708
2758,0.0625748,0.054902,1.27086
2759,0.088978,0.0823529,1.27091
2760,0.224114,0.239216,1.27114
2761,0.629381,0.631373,1.27114
2762,0.534043,0.545098,1.27126
2763,0.165458,0.176471,1.27138
2764,0.0571983,0.0705882,1.27156
2765,0.0521173,0.0470588,1.27159
2766,0.0542403,0.0588235,1.27161
2767,0.132784,0.121569,1.27173
2768,0.383077,0.388235,1.27176
2769,0.711452,0.717647,1.2718
2770,0.367686,0.352941,1.27202
2771,0.103096,0.109804,1.27206
2772,0.0488149,0.0509804,1.27207
2773,0.0390879,0.0470588,1.27213
2774,0.0761872,0.0666667,1.27222
2775,0.179904,0.184314,1.27224
2776,0.560247,0.580392,1.27265
2777,0.642568,0.635294,1.2727
2778,0.207132,0.215686,1.27277
2779,0.0627687,0.0745098,1.27291
2780,0.0428444,0.0431373,1.27291
2781,0.042251,0.0470588,1.27293
2782,0.091685,0.0862745,1.27296
2783,0.281995,0.286275,1.27298
2784,0.713011,0.72549,1.27314
2785,0.492579,0.482353,1.27324
2786,0.125599,0.137255,1.27338
2787,0.0476318,0.054902,1.27343
2788,0.0414604,0.0392157,1.27343
2789,0.0476806,0.0470588,1.27343
2790,0.10809,0.109804,1.27344
2791,0.390423,0.4,1.27353
2792,0.766506,0.776471,1.27363
2793,0.373308,0.34902,1.27422
2794,0.0968086,0.0941176,1.27423
2795,0.0385514,0.0470588,1.2743
2796,0.0516652,0.0392157,1.27445
2797,0.053297,0.0470588,1.27449
2798,0.117735,0.137255,1.27487
2799,0.498013,0.505882,1.27494
2800,0.741995,0.772549,1.27587
2801,0.302818,0.266667,1.27718
2802,0.0585784,0.0784314,1.27757
2803,0.0412978,0.0392157,1.27757
2804,0.0374597,0.0352941,1.27758
2805,0.0512258,0.0470588,1.2776
2806,0.14288,0.141176,1.2776
2807,0.523997,0.556863,1.27868
2808,0.759641,0.776471,1.27896
2809,0.270987,0.239216,1.27997
2810,0.0430931,0.0705882,1.28073
2811,0.0407478,0.0392157,1.28073
2812,0.0480989,0.0352941,1.28089
2813,0.0514832,0.0392157,1.28104
2814,0.113484,0.117647,1.28106
2815,0.477313,0.509804,1.28212
2816,0.814135,0.866667,1.28488
2817,0.318258,0.27451,1.28679
2818,0.0465928,0.0705882,1.28737
2819,0.0386553,0.0352941,1.28738
2820,0.0459592,0.0313725,1.28759
2821,0.0452247,0.0313725,1.28778
2822,0.0813988,0.054902,1.28849
2823,0.246517,0.270588,1.28906
2824,0.824284,0.933333,1.30096
2825,0.497817,0.533333,1.30222
2826,0.0835709,0.101961,1.30256
2827,0.0475446,0.0392157,1.30263
2828,0.0587073,0.027451,1.3036
2829,0.0394456,0.0235294,1.30386
2830,0.0329793,0.0196078,1.30403
2831,0.0815622,0.0313725,1.30655
2832,0.182509,0.145098,1.30795
2833,0.597762,0.819608,1.35717
2834,0.795085,0.784314,1.35728
2835,0.104714,0.152941,1.35961
2836,0.00852838,0.0431373,1.36081
2837,0.0437131,0.0313725,1.36096
2838,0.0702287,0.0196078,1.36352
2839,0.00559487,0.0235294,1.36384
2840,0.104424,0.0431373,1.3676
2841,0.241571,0.203922,1.36902
2842,0.737739,0.709804,1.3698
2843,0.598423,0.584314,1.37
2844,0.125492,0.164706,1.37154
2845,0.0385235,0.0627451,1.37212
2846,0.0348367,0.0431373,1.37219
2847,0.0445821,0.0588235,1.37239
2848,0.135315,0.137255,1.3724
2849,0.434944,0.435294,1.3724
2850,0.703043,0.682353,1.37283
2851,0.32056,0.298039,1.37333
2852,0.11419,0.0980392,1.37359
2853,0.0543574,0.0509804,1.37361
2854,0.0451062,0.0509804,1.37364
2855,0.0868029,0.0941176,1.37369
2856,0.27744,0.266667,1.37381
2857,0.638841,0.643137,1.37383
2858,0.495361,0.486275,1.37391
2859,0.155228,0.160784,1.37394
2860,0.0640938,0.0666667,1.37395
2861,0.0455731,0.0509804,1.37398
2862,0.0679784,0.0666667,1.37398
2863,0.15462,0.152941,1.37398
2864,0.455642,0.470588,1.37421
2865,0.669289,0.654902,1.37441
2866,0.271715,0.278431,1.37446
2867,0.0969643,0.0941176,1.37447
2868,0.047418,0.0509804,1.37448
2869,0.0457357,0.0509804,1.37451
2870,0.0880047,0.0862745,1.37451
2871,0.25409,0.270588,1.37478
2872,0.672596,0.662745,1.37488
2873,0.48366,0.486275,1.37488
2874,0.150173,0.152941,1.37489
2875,0.0603243,0.0627451,1.3749
2876,0.0451738,0.0470588,1.3749
2877,0.061395,0.054902,1.37494
2878,0.117875,0.141176,1.37549
2879,0.458437,0.45098,1.37554
2880,0.68971,0.698039,1.37561
2881,0.308728,0.290196,1.37596
2882,0.0960495,0.0941176,1.37596
2883,0.0499168,0.0470588,1.37597
2884,0.0373406,0.0392157,1.37597
2885,0.0486754,0.0745098,1.37664
2886,0.238113,0.223529,1.37685
2887,0.629715,0.643137,1.37703
2888,0.574466,0.564706,1.37713
2889,0.168868,0.176471,1.37718
2890,0.0593864,0.0666667,1.37724
2891,0.0450171,0.0431373,1.37724
2892,0.046504,0.0470588,1.37724
2893,0.0922197,0.101961,1.37734
2894,0.34822,0.352941,1.37736
2895,0.743508,0.74902,1.37739
2896,0.409294,0.396078,1.37756
2897,0.112528,0.113725,1.37756
2898,0.0474893,0.0470588,1.37756
2899,0.0317545,0.0431373,1.37769
2900,0.0717602,0.054902,1.37798
2901,0.137859,0.137255,1.37798
2902,0.464987,0.494118,1.37883
2903,0.74075,0.741176,1.37883
2904,0.290107,0.27451,1.37907
2905,0.0696399,0.0784314,1.37915
2906,0.0327621,0.0431373,1.37926
2907,0.0497694,0.0352941,1.37947
2908,0.0430871,0.0627451,1.37985
2909,0.206723,0.180392,1.38054
2910,0.583267,0.619608,1.38187
2911,0.679005,0.682353,1.38188
2912,0.209799,0.207843,1.38188
2913,0.0350685,0.0666667,1.38288
2914,0.0362051,0.0392157,1.38289
2915,0.0449755,0.0352941,1.38298
2916,0.0536457,0.0588235,1.38301
2917,0.208549,0.2,1.38308
2918,0.655942,0.694118,1.38454
2919,0.653879,0.647059,1.38459
2920,0.164502,0.172549,1.38465
2921,0.0324123,0.054902,1.38516
2922,0.0345819,0.0352941,1.38516
2923,0.0483611,0.0352941,1.38533
2924,0.064161,0.0509804,1.3855
2925,0.182786,0.176471,1.38554
2926,0.631261,0.686275,1.38857
2927,0.713042,0.713725,1.38857
2928,0.184431,0.176471,1.38863
2929,0.0187663,0.0509804,1.38967
2930,0.0320016,0.0313725,1.38967
2931,0.0470629,0.027451,1.39005
2932,0.0379295,0.0352941,1.39006
2933,0.129894,0.0980392,1.39108
2934,0.431769,0.470588,1.39258
2935,0.86749,0.937255,1.39745
2936,0.324869,0.301961,1.39797
2937,0.0719145,0.0705882,1.39798
2938,0.0421417,0.0352941,1.39802
2939,0.0535071,0.027451,1.3987
2940,0.0277319,0.0235294,1.39872
2941,0.0471133,0.0235294,1.39928
2942,0.111631,0.0823529,1.40013
2943,0.401379,0.482353,1.40669
2944,0.902742,1,1.41615
2945,0.246328,0.290196,1.41807
2946,0.10804,0.0588235,1.4205
2947,0.0405965,0.0313725,1.42058
2948,0.0622991,0.0235294,1.42208
2949,0.0165452,0.0196078,1.42209
2950,0.0346933,0.0196078,1.42232
2951,0.103261,0.0156863,1.42999
2952,0.0882673,0.0196078,1.4347
2953,0.0798862,0.0627451,1.435
2954,0.242949,0.0745098,1.46337
2955,0.148255,0.0431373,1.47442
2956,-0.0387702,0.0509804,1.48247
2957,0.0618258,0.0745098,1.48264
2958,0.138621,0.121569,1.48293
2959,0.23653,0.180392,1.48608
2960,0.296816,0.258824,1.48752
2961,0.326084,0.298039,1.48831
2962,0.249479,0.262745,1.48848
2963,0.17002,0.2,1.48938
2964,0.123101,0.168627,1.49146
2965,0.135681,0.176471,1.49312
2966,0.195298,0.219608,1.49371
2967,0.270865,0.27451,1.49372
2968,0.295081,0.286275,1.4938
2969,0.254192,0.25098,1.49381
2970,0.217241,0.196078,1.49426
2971,0.177124,0.172549,1.49428
2972,0.189871,0.184314,1.49431
2973,0.237218,0.231373,1.49434
2974,0.297957,0.290196,1.49441
2975,0.304856,0.298039,1.49445
2976,0.248199,0.239216,1.49453
2977,0.192449,0.192157,1.49453
2978,0.184795,0.164706,1.49494
2979,0.179292,0.188235,1.49502
2980,0.257921,0.243137,1.49523
2981,0.310974,0.294118,1.49552
2982,0.295956,0.294118,1.49552
2983,0.248331,0.239216,1.49561
2984,0.196781,0.184314,1.49576
2985,0.169497,0.164706,1.49578
2986,0.189225,0.192157,1.49579
2987,0.265294,0.247059,1.49612
2988,0.310019,0.305882,1.49614
2989,0.303832,0.294118,1.49624
2990,0.235003,0.231373,1.49625
2991,0.189394,0.176471,1.49642
2992,0.165692,0.164706,1.49642
2993,0.198909,0.192157,1.49646
2994,0.264861,0.258824,1.4965
2995,0.327562,0.313725,1.49669
2996,0.295066,0.294118,1.49669
2997,0.230072,0.223529,1.49673
2998,0.180812,0.172549,1.4968
2999,0.166426,0.160784,1.49683
t,predict_test,teacher
501,0.168498,0.164706,1.43829e-05
502,0.118701,0.117647,1.54928e-05
503,0.130056,0.12549,3.6336e-05
504,0.202233,0.196078,7.42135e-05
505,0.353884,0.337255,0.000350753
506,0.406824,0.403922,0.00035918
507,0.268851,0.286275,0.000662761
508,0.168233,0.164706,0.000675202
509,0.115,0.113725,0.000676825
510,0.119038,0.117647,0.000678759
511,0.188807,0.192157,0.000689983
512,0.367124,0.341176,0.00136324
513,0.416579,0.411765,0.00138642
514,0.269616,0.286275,0.00166394
515,0.169445,0.160784,0.00173895
516,0.112655,0.109804,0.00174708
517,0.115166,0.117647,0.00175324
518,0.196074,0.192157,0.00176858
519,0.365195,0.345098,0.00217246
520,0.42194,0.427451,0.00220283
521,0.276606,0.290196,0.00238753
522,0.161825,0.156863,0.00241216
523,0.104438,0.109804,0.00244095
524,0.125217,0.113725,0.002573
525,0.18272,0.180392,0.00257842
526,0.351545,0.345098,0.00261998
527,0.454383,0.443137,0.00274643
528,0.28007,0.298039,0.00306933
529,0.160745,0.160784,0.00306933
530,0.110377,0.109804,0.00306966
531,0.120873,0.113725,0.00312075
532,0.183527,0.180392,0.00313058
533,0.35144,0.345098,0.0031708
534,0.455007,0.45098,0.00318701
535,0.286998,0.309804,0.00370709
536,0.162269,0.164706,0.00371303
537,0.105505,0.105882,0.00371317
538,0.106288,0.109804,0.00372554
539,0.184701,0.172549,0.0038732
540,0.343063,0.341176,0.00387675
541,0.4697,0.466667,0.00388595
542,0.299649,0.32549,0.0045537
543,0.164077,0.164706,0.0045541
544,0.0959074,0.105882,0.0046536
545,0.113116,0.105882,0.00470592
546,0.173235,0.164706,0.00477865
547,0.333437,0.333333,0.00477866
548,0.483497,0.482353,0.00477997
549,0.316862,0.34902,0.00581411
550,0.166891,0.176471,0.00590588
551,0.0959595,0.109804,0.00609755
552,0.110421,0.101961,0.00616912
553,0.156734,0.152941,0.0061835
554,0.315482,0.313725,0.00618659
555,0.493036,0.490196,0.00619465
556,0.343212,0.368627,0.00684058
557,0.17471,0.184314,0.00693281
558,0.0993473,0.109804,0.00704215
559,0.10649,0.101961,0.00706267
560,0.161083,0.145098,0.0073182
561,0.291733,0.294118,0.00732389
562,0.490087,0.494118,0.00734014
563,0.374116,0.396078,0.00782248
564,0.180944,0.196078,0.00805154
565,0.0963532,0.109804,0.00823246
566,0.097431,0.0980392,0.00823283
567,0.154799,0.137255,0.00854061
568,0.278504,0.27451,0.00855656
569,0.482474,0.490196,0.0086162
570,0.403315,0.431373,0.00940342
571,0.196723,0.211765,0.00962969
572,0.0918104,0.113725,0.01011
573,0.0953239,0.0980392,0.0101173
574,0.153608,0.12549,0.0109079
575,0.242829,0.243137,0.010908
576,0.467601,0.478431,0.0110253
577,0.452131,0.470588,0.011366
578,0.214659,0.239216,0.011969
579,0.0977637,0.12549,0.0127378
580,0.0994019,0.0941176,0.0127657
581,0.123943,0.113725,0.0128701
582,0.219562,0.219608,0.0128701
583,0.45519,0.45098,0.0128878
584,0.47317,0.505882,0.0139579
585,0.248474,0.262745,0.0141616
586,0.10465,0.12549,0.0145959
587,0.0840383,0.0901961,0.0146338
588,0.121119,0.101961,0.0150008
589,0.189712,0.188235,0.015003
590,0.41846,0.407843,0.0151157
591,0.510734,0.537255,0.0158191
592,0.290716,0.305882,0.0160491
593,0.119637,0.141176,0.0165131
594,0.0801659,0.0901961,0.0166137
595,0.101212,0.0980392,0.0166238
596,0.182099,0.160784,0.0170781
597,0.355228,0.364706,0.0171679
598,0.541677,0.556863,0.0173985
599,0.333741,0.352941,0.0177672
600,0.13557,0.14902,0.017948
601,0.0649839,0.0941176,0.0187968
602,0.118675,0.0862745,0.0198466
603,0.136049,0.137255,0.019848
604,0.317153,0.305882,0.0199751
605,0.539915,0.556863,0.0202623
606,0.401501,0.407843,0.0203025
607,0.162729,0.176471,0.0204913
608,0.0764799,0.0941176,0.0208024
609,0.0878921,0.0784314,0.0208919
610,0.118878,0.109804,0.0209743
611,0.245793,0.247059,0.0209759
612,0.528512,0.521569,0.0210241
613,0.467221,0.486275,0.0213871
614,0.206642,0.211765,0.0214133
615,0.0818597,0.0980392,0.0216751
616,0.0738103,0.0784314,0.0216965
617,0.124573,0.0941176,0.022624
618,0.183417,0.196078,0.0227843
619,0.470025,0.466667,0.0227956
620,0.542754,0.54902,0.0228348
621,0.253206,0.262745,0.0229258
622,0.100114,0.117647,0.0232332
623,0.0822202,0.0784314,0.0232476
624,0.0955434,0.0823529,0.0234216
625,0.144638,0.14902,0.0234408
626,0.378617,0.384314,0.0234732
627,0.597364,0.592157,0.0235003
628,0.321364,0.337255,0.0237529
629,0.128773,0.133333,0.0237737
630,0.0635688,0.0784314,0.0239946
631,0.0896269,0.0745098,0.0242231
632,0.124212,0.121569,0.0242301
633,0.302024,0.298039,0.0242459
634,0.579368,0.592157,0.0244095
635,0.428428,0.435294,0.0244566
636,0.160422,0.168627,0.024524
637,0.0620996,0.0823529,0.0249342
638,0.0731291,0.0705882,0.0249406
639,0.119252,0.0941176,0.0255724
640,0.207198,0.219608,0.0257264
641,0.532247,0.52549,0.025772
642,0.530397,0.537255,0.0258191
643,0.221833,0.223529,0.0258219
644,0.0803722,0.0941176,0.0260109
645,0.065292,0.0666667,0.0260128
646,0.0939828,0.0823529,0.026148
647,0.169764,0.156863,0.0263145
648,0.407597,0.419608,0.0264587
649,0.615386,0.615686,0.0264588
650,0.308582,0.317647,0.026541
651,0.105841,0.121569,0.0267883
652,0.055993,0.0705882,0.0270014
653,0.0757209,0.0666667,0.0270833
654,0.108989,0.113725,0.0271058
655,0.30438,0.301961,0.0271116
656,0.61372,0.619608,0.0271463
657,0.432676,0.443137,0.0272557
