t,unit,input,output
500,1,17.6928,-0.0147894
500,2,-19.5766,-0.0157909
500,3,7.5991,-0.039874
500,4,-10.0549,0.00543516
500,5,-11.1785,-0.0151429
500,6,2.50759,2.50759
500,7,-8.62082,-8.62082
500,8,16.9494,16.9494
500,9,-12.0318,0.00264084
500,10,1.07026,-0.0651192
500,11,9.78836,-0.0200632
500,12,3.6167,-0.0821621
500,13,-7.81315,-7.81315
500,14,2.04925,2.04925
500,15,-15.7951,-0.0120953
500,16,9.18712,-0.0192143
500,17,8.50946,8.50946
500,18,-10.7401,0.0215976
500,19,-19.9239,-0.0037822
500,20,3.83284,-0.0416348
501,1,17.0973,-0.00560415
501,2,-19.0905,-0.00467673
501,3,7.15869,-0.0212604
501,4,-9.65669,-0.0290489
501,5,-10.7271,0.0224343
501,6,3.00688,3.00688
501,7,-9.07256,-9.07256
501,8,17.4932,17.4932
501,9,-11.4861,-0.0276862
501,10,0.617165,0.481215
501,11,9.28469,-0.0267347
501,12,3.1171,-0.0367257
501,13,-8.30216,-8.30216
501,14,2.54746,2.54746
501,15,-15.2579,-0.0151135
501,16,9.7315,-0.0244332
501,17,9.05203,9.05203
501,18,-10.2999,0.0249985
501,19,-19.5298,-0.0162273
501,20,3.38193,-0.0877201
502,1,17.7546,-0.0124925
502,2,-19.67,-0.0139279
502,3,7.70337,-0.0331706
502,4,-10.165,0.0155118
502,5,-11.2801,-0.0217482
502,6,2.42242,2.42242
502,7,-8.52183,-8.52183
502,8,16.8725,16.8725
502,9,-12.1061,0.00860316
502,10,1.16672,-0.13645
502,11,9.87415,-0.0124163
502,12,3.70188,-0.0692641
502,13,-7.72099,-7.72099
502,14,1.96157,1.96157
502,15,-15.8748,-0.00768326
502,16,9.11025,-0.0118609
502,17,8.4325,8.4325
502,18,-10.8454,0.013702
502,19,-20.0406,0.00202231
502,20,3.93216,-0.0171234
503,1,17.4774,-0.0181667
503,2,-19.4819,-0.0163123
503,3,7.55603,-0.0414757
503,4,-10.0631,0.00622723
503,5,-11.124,-0.0108702
503,6,2.61496,2.61496
503,7,-8.67342,-8.67342
503,8,17.1083,17.1083
503,9,-11.8744,-0.0103074
503,10,1.01712,-0.0168257
503,11,9.67657,-0.0279624
503,12,3.50922,-0.0906688
503,13,-7.91172,-7.91172
503,14,2.15536,2.15536
503,15,-15.6432,-0.0183239
503,16,9.34643,-0.0301693
503,17,8.66662,8.66662
503,18,-10.6976,0.024204
503,19,-19.933,-0.00333477
503,20,3.78027,-0.0536188
504,1,16.6672,0.0165232
504,2,-18.6459,0.0153099
504,3,6.70863,0.0376164
504,4,-9.19134,-0.0195859
504,5,-10.2747,0.0235357
504,6,3.45617,3.45617
504,7,-9.52569,-9.52569
504,8,17.9309,17.9309
504,9,-11.0508,-0.00457841
504,10,0.162596,0.957076
504,11,8.83889,0.0174589
504,12,2.66785,0.103106
504,13,-8.74422,-8.74422
504,14,2.99319,2.99319
504,15,-14.8207,0.0114685
504,16,10.1687,0.0158238
504,17,9.49002,9.49002
504,18,-9.84785,-0.0148681
504,19,-19.0726,-0.00377328
504,20,2.92759,0.0245222
505,1,16.5815,0.0185712
505,2,-18.4199,0.0167362
505,3,6.43244,0.0483748
505,4,-8.87606,0.0136128
505,5,-10.0055,0.000551753
505,6,3.65292,3.65292
505,7,-9.78661,-9.78661
505,8,18.0839,18.0839
505,9,-10.9039,0.00867724
505,10,-0.09115,0.986389
505,11,8.63963,0.0333545
505,12,2.47138,0.128278
505,13,-8.96274,-8.96274
505,14,3.19926,3.19926
505,15,-14.658,0.0190936
505,16,10.3212,0.0261002
505,17,9.64331,9.64331
505,18,-9.56542,-0.0325768
505,19,-18.7379,0.0124591
505,20,2.66547,0.103644
506,1,17.7633,-0.0121292
506,2,-19.5717,-0.0158532
506,3,7.58328,-0.0405467
506,4,-10.0094,0.000936559
506,5,-11.1399,-0.0121597
506,6,2.49498,2.49498
506,7,-8.648,-8.648
506,8,16.9177,16.9177
506,9,-12.0713,0.00585375
506,10,1.05204,-0.0492456
506,11,9.78988,-0.0199375
506,12,3.62813,-0.0807215
506,13,-7.79758,-7.79758
506,14,2.04718,2.04718
506,15,-15.8227,-0.0106362
506,16,9.15612,-0.0163753
506,17,8.47764,8.47764
506,18,-10.7029,0.0239006
506,19,-19.8746,-0.00614619
506,20,3.80285,-0.0485908
507,1,17.4287,-0.0178068
507,2,-19.4221,-0.0159001
507,3,7.49007,-0.0424769
507,4,-9.99163,-0.000837927
507,5,-11.0604,-0.00542609
507,6,2.67301,2.67301
507,7,-8.74126,-8.74126
507,8,17.1624,17.1624
507,9,-11.8154,-0.0147591
507,10,0.949961,0.0524584
507,11,9.61702,-0.0308872
507,12,3.45046,-0.0911364
507,13,-7.97228,-7.97228
507,14,2.21526,2.21526
507,15,-15.5887,-0.0196309
507,16,9.39971,-0.0321969
507,17,8.72,8.72
507,18,-10.6316,0.027416
507,19,-19.8618,-0.00673936
507,20,3.71472,-0.0669205
508,1,16.385,0.0181722
508,2,-18.3547,0.0155669
508,3,6.4127,0.0477822
508,4,-8.89122,0.0119977
508,5,-9.98041,-0.00196161
508,6,3.74652,3.74652
508,7,-9.82124,-9.82124
508,8,18.2172,18.2172
508,9,-10.7629,0.0200507
508,10,-0.132987,0.971161
508,11,8.54855,0.0368034
508,12,2.37734,0.124074
508,13,-9.03559,-9.03559
508,14,3.28396,3.28396
508,15,-14.5339,0.0217771
508,16,10.455,0.0301422
508,17,9.77651,9.77651
508,18,-9.55253,-0.0328693
508,19,-18.7727,0.0111029
508,20,2.63259,0.110573
509,1,17.082,-0.00474764
509,2,-18.8795,0.00623031
509,3,6.89285,0.0152537
509,4,-9.30347,-0.0278972
509,5,-10.4407,0.0299595
509,6,3.19131,3.19131
509,7,-9.34549,-9.34549
509,8,17.6057,17.6057
509,9,-11.3884,-0.0262494
509,10,0.353308,0.806952
509,11,9.09713,-0.0105117
509,12,2.93257,0.0228207
509,13,-8.48376,-8.48376
509,14,2.73957,2.73957
509,15,-15.137,-0.00877404
509,16,9.84282,-0.0153283
509,17,9.16404,9.16404
509,18,-10.0047,0.00047269
509,19,-19.1772,-0.00876839
509,20,3.10556,-0.0333697
510,1,17.4275,-0.017793
510,2,-19.3086,-0.0135949
510,3,7.32246,-0.0368821
510,4,-9.79227,-0.0197397
510,5,-10.9086,0.0082621
510,6,2.76978,2.76978
510,7,-8.8899,-8.8899
510,8,17.2181,17.2181
510,9,-11.7594,-0.0185684
510,10,0.801342,0.232124
510,11,9.51904,-0.0333795
510,12,3.35344,-0.085035
510,13,-8.08858,-8.08858
510,14,2.31837,2.31837
510,15,-15.5273,-0.0204244
510,16,9.45422,-0.033321
510,17,8.77801,8.77801
510,18,-10.4713,0.0302748
510,19,-19.6473,-0.0144973
510,20,3.56224,-0.087654
511,1,16.9632,0.0021648
511,2,-18.9169,0.00434291
511,3,6.96332,0.00525544
511,4,-9.44092,-0.0331369
511,5,-10.5386,0.0299826
511,6,3.17956,3.17956
511,7,-9.26511,-9.26511
511,8,17.6453,17.6453
511,9,-11.3289,-0.0241328
511,10,0.422919,0.73069
511,11,9.11351,-0.0121933
511,12,2.94392,0.0189519
511,13,-8.47639,-8.47639
511,14,2.72032,2.72032
511,15,-15.1037,-0.0067468
511,16,9.88366,-0.0115105
511,17,9.2057,9.2057
511,18,-10.1077,0.0104499
511,19,-19.3168,-0.0138233
511,20,3.18969,-0.0560124
512,1,16.8163,0.0103273
512,2,-18.7011,0.0137368
512,3,6.72165,0.0363319
512,4,-9.18121,-0.0186882
512,5,-10.303,0.0251634
512,6,3.38208,3.38208
512,7,-9.49605,-9.49605
512,8,17.8256,17.8256
512,9,-11.1542,-0.0132895
512,10,0.194551,0.938892
512,11,8.91227,0.00971998
512,12,2.74206,0.0841055
512,13,-8.69068,-8.69068
512,14,2.92536,2.92536
512,15,-14.919,0.00536874
512,16,10.0632,0.0062377
512,17,9.38588,9.38588
512,18,-9.86494,-0.0132837
512,19,-19.0469,-0.00245562
512,20,2.9571,0.0144626
513,1,17.7629,-0.0121464
513,2,-19.6122,-0.0152321
513,3,7.62316,-0.0386688
513,4,-10.0762,0.00748957
513,5,-11.2018,-0.0168329
513,6,2.46053,2.46053
513,7,-8.59206,-8.59206
513,8,16.8966,16.8966
513,9,-12.0864,0.00706352
513,10,1.10254,-0.0914059
513,11,9.82928,-0.0165479
513,12,3.66307,-0.0757406
513,13,-7.77483,-7.77483
513,14,2.00922,2.00922
513,15,-15.8449,-0.00940697
513,16,9.13465,-0.0143046
513,17,8.45745,8.45745
513,18,-10.7624,0.0200833
513,19,-19.9342,-0.00327766
513,20,3.85949,-0.0352353
514,1,17.4086,-0.0175357
514,2,-19.407,-0.0157073
514,3,7.4781,-0.0424649
514,4,-9.98105,-0.00189772
514,5,-11.0472,-0.00425767
514,6,2.68879,2.68879
514,7,-8.75287,-8.75287
514,8,17.1791,17.1791
514,9,-11.8,-0.0158529
514,10,0.938402,0.0652328
514,11,9.60194,-0.0314652
514,12,3.43484,-0.090736
514,13,-7.98588,-7.98588
514,14,2.23019,2.23019
514,15,-15.5712,-0.0199329
514,16,9.41762,-0.0326737
514,17,8.73781,8.73781
514,18,-10.6193,0.027893
514,19,-19.8524,-0.00717331
514,20,3.70227,-0.0691941
515,1,16.4687,0.019235
515,2,-18.4364,0.0169216
515,3,6.4935,0.0490096
515,4,-8.97062,0.00327016
515,5,-10.0612,0.006042
515,6,3.66498,3.66498
515,7,-9.7404,-9.7404
515,8,18.1344,18.1344
515,9,-10.8457,0.0136744
515,10,-0.0524526,0.99548
515,11,8.63039,0.0338312
515,12,2.45898,0.128375
515,13,-8.95377,-8.95377
515,14,3.20217,3.20217
515,15,-14.6167,0.0203293
515,16,10.3722,0.0282469
515,17,9.69369,9.69369
515,18,-9.63316,-0.0301936
515,19,-18.8525,0.00754861
515,20,2.71327,0.0919536
516,1,16.6601,0.0167409
516,2,-18.468,0.0171486
516,3,6.47995,0.0490248
516,4,-8.90254,0.0107774
516,5,-10.0367,0.00364489
516,6,3.60182,3.60182
516,7,-9.75067,-9.75067
516,8,18.0218,18.0218
516,9,-10.9708,0.00265401
516,10,-0.0523581,0.995497
516,11,8.68743,0.0304695
516,12,2.52216,0.1259
516,13,-8.90192,-8.90192
516,14,3.15022,3.15022
516,15,-14.7202,0.016654
516,16,10.259,0.0225483
516,17,9.58048,9.58048
516,18,-9.59899,-0.0315701
516,19,-18.7702,0.0112065
516,20,2.7005,0.0952492
517,1,17.5396,-0.0180077
517,2,-19.3546,-0.0147595
517,3,7.36484,-0.0393823
517,4,-9.79982,-0.0191065
517,5,-10.9268,0.00664198
517,6,2.7113,2.7113
517,7,-8.86199,-8.86199
517,8,17.1388,17.1388
517,9,-11.8492,-0.0122585
517,10,0.837742,0.185406
517,11,9.57291,-0.0323826
517,12,3.41167,-0.0897308
517,13,-8.01969,-8.01969
517,14,2.26453,2.26453
517,15,-15.6021,-0.0193602
517,16,9.37644,-0.031422
517,17,8.69829,8.69829
517,18,-10.4893,0.030329
517,19,-19.6601,-0.0141863
517,20,3.58861,-0.0852852
518,1,17.344,-0.0161919
518,2,-19.3062,-0.0135238
518,3,7.35593,-0.0389152
518,4,-9.84049,-0.0155393
518,5,-10.9313,0.00623424
518,6,2.78931,2.78931
518,7,-8.87298,-8.87298
518,8,17.2617,17.2617
518,9,-11.7122,-0.0213585
518,10,0.815774,0.213432
518,11,9.50201,-0.0334986
518,12,3.33391,-0.0827711
518,13,-8.08912,-8.08912
518,14,2.33138,2.33138
518,15,-15.4887,-0.0205382
518,16,9.49869,-0.0335106
518,17,8.82056,8.82056
518,18,-10.5006,0.0303134
518,19,-19.7132,-0.0126589
518,20,3.58275,-0.0858602
519,1,16.9643,0.00210136
519,2,-18.916,0.00438719
519,3,6.96371,0.00519934
519,4,-9.43711,-0.0330734
519,5,-10.5361,0.0300172
519,6,3.18232,3.18232
519,7,-9.26659,-9.26659
519,8,17.6459,17.6459
519,9,-11.3313,-0.0242369
519,10,0.421007,0.732905
519,11,9.11259,-0.0120995
519,12,2.94164,0.0197299
519,13,-8.47588,-8.47588
519,14,2.72105,2.72105
519,15,-15.1041,-0.00677075
519,16,9.88372,-0.0115048
519,17,9.20563,9.20563
519,18,-10.1059,0.0102865
519,19,-19.3159,-0.0137984
519,20,3.18757,-0.0554969
520,1,17.1212,-0.00690867
520,2,-19.0057,-0.000302217
520,3,7.0262,-0.00372521
520,4,-9.48598,-0.0335233
520,5,-10.6075,0.0283136
520,6,3.07724,3.07724
520,7,-9.19127,-9.19127
520,8,17.5209,17.5209
520,9,-11.4589,-0.0275475
520,10,0.499145,0.637708
520,11,9.21703,-0.0217644
520,12,3.04704,-0.0153831
520,13,-8.38614,-8.38614
520,14,2.62061,2.62061
520,15,-15.2239,-0.0135247
520,16,9.7584,-0.0224486
520,17,9.08111,9.08111
520,18,-10.1696,0.0158972
520,19,-19.3513,-0.014687
520,20,3.26177,-0.0715095
521,1,17.85,-0.00809637
521,2,-19.7522,-0.0113177
521,3,7.77561,-0.0265264
521,4,-10.2423,0.0214404
521,5,-11.3589,-0.0253137
521,6,2.33396,2.33396
521,7,-8.44201,-8.44201
521,8,16.7833,16.7833
521,9,-12.1924,0.014837
521,10,1.24691,-0.178747
521,11,9.95887,-0.00411896
521,12,3.78984,-0.0515119
521,13,-7.64248,-7.64248
521,14,1.87792,1.87792
521,15,-15.9624,-0.00235157
521,16,9.02124,-0.0023525
521,17,8.34433,8.34433
521,18,-10.9227,0.00700849
521,19,-20.1082,0.00527701
521,20,4.01119,0.00278856
522,1,17.808,-0.0101399
522,2,-19.8227,-0.00848806
522,3,7.90167,-0.0122467
522,4,-10.4193,0.0295731
522,5,-11.4715,-0.0276369
522,6,2.2717,2.2717
522,7,-8.32491,-8.32491
522,8,16.7723,16.7723
522,9,-12.2118,0.0160913
522,10,1.36759,-0.212904
522,11,10.0191,0.00190535
522,12,3.85227,-0.0369876
522,13,-7.57213,-7.57213
522,14,1.81289,1.81289
522,15,-15.978,-0.00137771
522,16,9.01097,-0.00121707
522,17,8.33075,8.33075
522,18,-11.0445,-0.00401348
522,19,-20.2848,0.0122402
522,20,4.12886,0.0303642
523,1,17.2632,-0.0135683
523,2,-19.2852,-0.0128881
523,3,7.36652,-0.0394667
523,4,-9.89027,-0.0108761
523,5,-10.938,0.00562887
523,6,2.81113,2.81113
523,7,-8.85601,-8.85601
523,8,17.3148,17.3148
523,9,-11.6753,-0.0232321
523,10,0.83648,0.187001
523,11,9.48204,-0.0335163
523,12,3.31274,-0.0799333
523,13,-8.11195,-8.11195
523,14,2.35014,2.35014
523,15,-15.436,-0.020206
523,16,9.55268,-0.0328663
523,17,8.87314,8.87314
523,18,-10.5117,0.030261
523,19,-19.7541,-0.011245
523,20,3.59607,-0.0845148
524,1,16.9099,0.00525931
524,2,-18.8588,0.00724221
524,3,6.90858,0.0130519
524,4,-9.37489,-0.0313646
524,5,-10.4774,0.0303039
524,6,3.24171,3.24171
524,7,-9.32467,-9.32467
524,8,17.7012,17.7012
524,9,-11.2783,-0.02165
524,10,0.362709,0.797219
524,11,9.05547,-0.00609513
524,12,2.88265,0.0397942
524,13,-8.52942,-8.52942
524,14,2.7779,2.7779
524,15,-15.0484,-0.00320568
524,16,9.93958,-0.00604274
524,17,9.26133,9.26133
524,18,-10.0474,0.00470267
524,19,-19.2592,-0.01202
524,20,3.12895,-0.0400927
525,1,17.5272,-0.0180945
525,2,-19.4017,-0.0156307
525,3,7.41944,-0.0415354
525,4,-9.87754,-0.012094
525,5,-11.0003,-2.88883e-05
525,6,2.67841,2.67841
525,7,-8.79677,-8.79677
525,8,17.12,17.12
525,9,-11.8613,-0.0113268
525,10,0.894346,0.115978
525,11,9.61528,-0.0309571
525,12,3.44601,-0.091045
525,13,-7.98936,-7.98936
525,14,2.22281,2.22281
525,15,-15.6243,-0.0188381
525,16,9.35726,-0.030654
525,17,8.67997,8.67997
525,18,-10.5618,0.0295718
525,19,-19.7404,-0.0117415
525,20,3.6558,-0.0768469
526,1,17.0345,-0.00202343
526,2,-19.0031,-0.000163722
526,3,7.05745,-0.00809642
526,4,-9.54124,-0.0330819
526,5,-10.6296,0.0274976
526,6,3.09444,3.09444
526,7,-9.17289,-9.17289
526,8,17.5673,17.5673
526,9,-11.4081,-0.0267476
526,10,0.515147,0.617202
526,11,9.19809,-0.0201725
526,12,3.02935,-0.00967632
526,13,-8.38984,-8.38984
526,14,2.63499,2.63499
526,15,-15.1831,-0.0114031
526,16,9.80541,-0.0186316
526,17,9.12694,9.12694
526,18,-10.2004,0.0183754
526,19,-19.417,-0.0158393
526,20,3.28189,-0.0750983
527,1,17.5363,-0.0180333
527,2,-19.4363,-0.0160499
527,3,7.46237,-0.0423576
527,4,-9.9236,-0.0076254
527,5,-11.0424,-0.0038241
527,6,2.65137,2.65137
527,7,-8.75832,-8.75832
527,8,17.0982,17.0982
527,9,-11.8805,-0.00982332
527,10,0.931051,0.0734769
527,11,9.64403,-0.0296843
527,12,3.47287,-0.0913234
527,13,-7.95586,-7.95586
527,14,2.19275,2.19275
527,15,-15.6478,-0.0181888
527,16,9.33582,-0.02966
527,17,8.65837,8.65837
527,18,-10.6058,0.0283701
527,19,-19.7936,-0.00971217
527,20,3.69529,-0.0704291
528,1,16.4712,0.0192461
528,2,-18.4443,0.0169942
528,3,6.50148,0.0489591
528,4,-8.98666,0.00148433
528,5,-10.072,0.00709204
528,6,3.65409,3.65409
528,7,-9.72959,-9.72959
528,8,18.1288,18.1288
528,9,-10.848,0.0134851
528,10,-0.0416404,0.99715
528,11,8.63873,0.0334021
528,12,2.46989,0.1283
528,13,-8.9483,-8.9483
528,14,3.19408,3.19408
528,15,-14.6221,0.020186
528,16,10.3668,0.0280552
528,17,9.68814,9.68814
528,18,-9.64367,-0.0297019
528,19,-18.8629,0.00704593
528,20,2.72482,0.0888717
529,1,16.8252,0.00987235
529,2,-18.6343,0.0155849
529,3,6.64617,0.0429319
529,4,-9.06941,-0.00759271
529,5,-10.204,0.018648
529,6,3.43568,3.43568
529,7,-9.58396,-9.58396
529,8,17.8558,17.8558
529,9,-11.1366,-0.011895
529,10,0.114638,0.978522
529,11,8.85394,0.0159241
529,12,2.68813,0.0983263
529,13,-8.73606,-8.73606
529,14,2.98386,2.98386
529,15,-14.8858,0.00751091
529,16,10.0931,0.00909489
529,17,9.41467,9.41467
529,18,-9.76586,-0.021871
529,19,-18.9372,0.00329508
529,20,2.86751,0.0448823
530,1,16.7057,0.0152121
530,2,-18.5455,0.0169889
530,3,6.55398,0.0478706
530,4,-9.00736,-0.000816911
530,5,-10.1304,0.0125144
530,6,3.52354,3.52354
530,7,-9.66198,-9.66198
530,8,17.9599,17.9599
530,9,-11.0239,-0.00216766
530,10,0.0345246,0.99804
530,11,8.76274,0.0246373
530,12,2.5995,0.116516
530,13,-8.84077,-8.84077
530,14,3.07544,3.07544
530,15,-14.7817,0.0136349
530,16,10.1972,0.0181256
530,17,9.52011,9.52011
530,18,-9.69169,-0.0270658
530,19,-18.8614,0.00711837
530,20,2.78882,0.0702906
531,1,17.9769,-0.00128519
531,2,-19.8027,-0.00933725
531,3,7.81207,-0.0226825
531,4,-10.2539,0.0222189
531,5,-11.3815,-0.0260509
531,6,2.26508,2.26508
531,7,-8.40947,-8.40947
531,8,16.6949,16.6949
531,9,-12.2912,0.0205249
531,10,1.28927,-0.194735
531,11,10.0212,0.00211777
531,12,3.8577,-0.0356705
531,13,-7.57631,-7.57631
531,14,1.81671,1.81671
531,15,-16.0451,0.00279895
531,16,8.93319,0.007424
531,17,8.25548,8.25548
531,18,-10.9426,0.00521613
531,19,-20.1129,0.00549712
531,20,4.04175,0.0103006
532,1,17.2462,-0.0128962
532,2,-19.268,-0.0123222
532,3,7.35039,-0.0386093
532,4,-9.87816,-0.0120352
532,5,-10.9228,0.00699866
532,6,2.82242,2.82242
532,7,-8.87414,-8.87414
532,8,17.3306,17.3306
532,9,-11.653,-0.0242186
532,10,0.82078,0.206999
532,11,9.46649,-0.0334388
532,12,3.30119,-0.0782183
532,13,-8.12878,-8.12878
532,14,2.36576,2.36576
532,15,-15.4187,-0.0199742
532,16,9.56928,-0.0324789
532,17,8.88838,8.88838
532,18,-10.4941,0.030327
532,19,-19.7381,-0.0118201
532,20,3.58081,-0.0860437
533,1,16.6056,0.0181239
533,2,-18.5518,0.0169308
533,3,6.60038,0.045848
533,4,-9.06575,-0.00720065
533,5,-10.1699,0.0159257
533,6,3.54822,3.54822
533,7,-9.63298,-9.63298
533,8,18.0068,18.0068
533,9,-10.9725,0.00249887
533,10,0.0551745,0.995
533,11,8.74888,0.0258173
533,12,2.5757,0.120103
533,13,-8.83639,-8.83639
533,14,3.08461,3.08461
533,15,-14.7423,0.0156306
533,16,10.2452,0.021638
533,17,9.567,9.567
533,18,-9.73937,-0.0238689
533,19,-18.9503,0.00261378
533,20,2.82113,0.06012
534,1,16.7421,0.0137739
534,2,-18.5664,0.0167723
534,3,6.57748,0.0469675
534,4,-9.01491,-0.00165373
534,5,-10.1448,0.0137824
534,6,3.50332,3.50332
534,7,-9.6447,-9.6447
534,8,17.9309,17.9309
534,9,-11.0586,-0.00526872
534,10,0.0521293,0.995536
534,11,8.78651,0.022516
534,12,2.62075,0.112823
534,13,-8.81175,-8.81175
534,14,3.05192,3.05192
534,15,-14.8108,0.0120339
534,16,10.1681,0.0157758
534,17,9.49012,9.49012
534,18,-9.7057,-0.0261834
534,19,-18.8763,0.00638922
534,20,2.80652,0.0647716
535,1,17.3504,-0.0163566
535,2,-19.1796,-0.00887712
535,3,7.1886,-0.0247276
535,4,-9.63404,-0.0301539
535,5,-10.7598,0.0202621
535,6,2.88813,2.88813
535,7,-9.0311,-9.0311
535,8,17.32,17.32
535,9,-11.6655,-0.0236792
535,10,0.666834,0.413268
535,11,9.39792,-0.0321436
535,12,3.23488,-0.0661967
535,13,-8.20151,-8.20151
535,14,2.44012,2.44012
535,15,-15.4206,-0.0200031
535,16,9.55796,-0.0327525
535,17,8.88042,8.88042
535,18,-10.3212,0.0261007
535,19,-19.491,-0.0163246
535,20,3.41975,-0.0901372
536,1,17.7097,-0.0142124
536,2,-19.6434,-0.0145882
536,3,7.67837,-0.0351152
536,4,-10.154,0.0145834
536,5,-11.2593,-0.0205641
536,6,2.44865,2.44865
536,7,-8.54472,-8.54472
536,8,16.9091,16.9091
536,9,-12.064,0.00526819
536,10,1.14342,-0.121228
536,11,9.84327,-0.015287
536,12,3.67454,-0.0739257
536,13,-7.75286,-7.75286
536,14,1.99166,1.99166
536,15,-15.8393,-0.00972175
536,16,9.14639,-0.0154473
536,17,8.46925,8.46925
536,18,-10.8259,0.0152884
536,19,-20.0238,0.00118971
536,20,3.90992,-0.022733
537,1,16.3669,0.0177723
537,2,-18.3676,0.0158517
537,3,6.43995,0.0485505
537,4,-8.94287,0.0063536
537,5,-10.0077,0.000773025
537,6,3.7303,3.7303
537,7,-9.79065,-9.79065
537,8,18.2205,18.2205
537,9,-10.7619,0.0201206
537,10,-0.100032,0.983621
537,11,8.56179,0.0364797
537,12,2.39359,0.125622
537,13,-9.02525,-9.02525
537,14,3.27014,3.27014
537,15,-14.5307,0.0218044
537,16,10.4587,0.0301792
537,17,9.77911,9.77911
537,18,-9.58113,-0.0321492
537,19,-18.8152,0.00927808
537,20,2.6631,0.104175
538,1,17.8744,-0.00684415
538,2,-19.6736,-0.0138337
538,3,7.68629,-0.0345205
538,4,-10.0978,0.00953385
538,5,-11.2366,-0.019169
538,6,2.39809,2.39809
538,7,-8.55037,-8.55037
538,8,16.8121,16.8121
538,9,-12.1825,0.01417
538,10,1.14865,-0.124762
538,11,9.89198,-0.0107117
538,12,3.72568,-0.0648484
538,13,-7.691,-7.691
538,14,1.94522,1.94522
538,15,-15.9301,-0.00435466
538,16,9.04932,-0.0054287
538,17,8.37064,8.37064
538,18,-10.7997,0.0173431
538,19,-19.9718,-0.00141191
538,20,3.90119,-0.0249246
539,1,16.8554,0.00828469
539,2,-18.8619,0.0070961
539,3,6.93702,0.00902009
539,4,-9.45007,-0.0332699
539,5,-10.507,0.0302879
539,6,3.23119,3.23119
539,7,-9.29222,-9.29222
539,8,17.7298,17.7298
539,9,-11.2505,-0.0200384
539,10,0.399954,0.756878
539,11,9.05792,-0.00635874
539,12,2.8928,0.036361
539,13,-8.53361,-8.53361
539,14,2.77418,2.77418
539,15,-15.0217,-0.00144437
539,16,9.96708,-0.00329711
539,17,9.28663,9.28663
539,18,-10.0787,0.00773142
539,19,-19.3154,-0.0137849
539,20,3.16338,-0.0494094
540,1,16.5722,0.0187152
540,2,-18.4474,0.01702
540,3,6.46846,0.0489682
540,4,-8.92046,0.00882452
540,5,-10.0471,0.00467072
540,6,3.63518,3.63518
540,7,-9.75185,-9.75185
540,8,18.0739,18.0739
540,9,-10.9086,0.00826622
540,10,-0.059369,0.994212
540,11,8.66113,0.0321427
540,12,2.48894,0.127812
540,13,-8.94038,-8.94038
540,14,3.17686,3.17686
540,15,-14.6694,0.0186988
540,16,10.312,0.0256406
540,17,9.63421,9.63421
540,18,-9.60771,-0.031252
540,19,-18.79,0.0103827
540,20,2.70218,0.0948231
541,1,16.9469,0.00312139
541,2,-18.7582,0.0116878
541,3,6.76939,0.0311637
541,4,-9.19757,-0.0201281
541,5,-10.3284,0.0264472
541,6,3.30926,3.30926
541,7,-9.45948,-9.45948
541,8,17.7326,17.7326
541,9,-11.2568,-0.0204176
541,10,0.239515,0.90827
541,11,8.97696,0.00256465
541,12,2.81416,0.0623494
541,13,-8.61299,-8.61299
541,14,2.86043,2.86043
541,15,-15.0081,-0.000539439
541,16,9.9708,-0.00292414
541,17,9.29248,9.29248
541,18,-9.89096,-0.0108098
541,19,-19.062,-0.00323035
541,20,2.99132,0.00290199
542,1,16.5161,0.019248
542,2,-18.3764,0.0160314
542,3,6.3866,0.0467107
542,4,-8.84881,0.0164505
542,5,-9.96962,-0.00304242
542,6,3.6973,3.6973
542,7,-9.82632,-9.82632
542,8,18.1392,18.1392
542,9,-10.8413,0.0140418
542,10,-0.132261,0.971472
542,11,8.59069,0.0355591
542,12,2.42562,0.127662
542,13,-9.01597,-9.01597
542,14,3.24732,3.24732
542,15,-14.6037,0.02065
542,16,10.3762,0.0283856
542,17,9.69961,9.69961
542,18,-9.53095,-0.0332398
542,19,-18.7031,0.0136709
542,20,2.62526,0.111982
543,1,16.8134,0.0104733
543,2,-18.6157,0.0159828
543,3,6.62861,0.044154
543,4,-9.04643,-0.00511433
543,5,-10.1801,0.0167601
543,6,3.45186,3.45186
543,7,-9.60775,-9.60775
543,8,17.8705,17.8705
543,9,-11.1194,-0.0104887
543,10,0.093159,0.985785
543,11,8.83327,0.0180235
543,12,2.67101,0.102384
543,13,-8.74899,-8.74899
543,14,3.00331,3.00331
543,15,-14.8696,0.00852785
543,16,10.1092,0.0105921
543,17,9.43046,9.43046
543,18,-9.74346,-0.0235704
543,19,-18.9166,0.00435906
543,20,2.84362,0.0528078
544,1,17.4342,-0.0178695
544,2,-19.271,-0.012425
544,3,7.27936,-0.0336364
544,4,-9.73194,-0.024402
544,5,-10.8546,0.0129324
544,6,2.7972,2.7972
544,7,-8.9376,-8.9376
544,8,17.2334,17.2334
544,9,-11.7512,-0.0190795
544,10,0.759738,0.287058
544,11,9.48844,-0.033525
544,12,3.32553,-0.0816948
544,13,-8.11461,-8.11461
544,14,2.34964,2.34964
544,15,-15.5084,-0.0205178
544,16,9.47025,-0.0334649
544,17,8.79308,8.79308
544,18,-10.4159,0.0294997
544,19,-19.5856,-0.0156681
544,20,3.51328,-0.090523
545,1,17.0609,-0.00354725
545,2,-19.0095,-0.000501521
545,3,7.0524,-0.00739713
545,4,-9.53084,-0.0332413
545,5,-10.63,0.0274804
545,6,3.08515,3.08515
545,7,-9.17436,-9.17436
545,8,17.5505,17.5505
545,9,-11.4227,-0.0270483
545,10,0.513921,0.618783
545,11,9.20697,-0.0209285
545,12,3.03805,-0.0124935
545,13,-8.38537,-8.38537
545,14,2.62715,2.62715
545,15,-15.1985,-0.0122315
545,16,9.7882,-0.0200769
545,17,9.11054,9.11054
545,18,-10.1982,0.0182022
545,19,-19.404,-0.0156636
545,20,3.28081,-0.0749137
546,1,17.4209,-0.0177102
546,2,-19.3221,-0.0139673
546,3,7.34766,-0.0384539
546,4,-9.81054,-0.0181915
546,5,-10.9286,0.00647794
546,6,2.76527,2.76527
546,7,-8.87231,-8.87231
546,8,17.2129,17.2129
546,9,-11.7648,-0.0182205
546,10,0.816994,0.211862
546,11,9.52942,-0.0332603
546,12,3.35877,-0.0855933
546,13,-8.07077,-8.07077
546,14,2.30735,2.30735
546,15,-15.5329,-0.0203832
546,16,9.4507,-0.0332779
546,17,8.77339,8.77339
546,18,-10.4922,0.0303287
546,19,-19.6796,-0.0136684
546,20,3.58127,-0.0860005
547,1,16.3992,0.0184449
547,2,-18.3548,0.0155677
547,3,6.4025,0.0474025
547,4,-8.88037,0.0131561
547,5,-9.97643,-0.00236083
547,6,3.74234,3.74234
547,7,-9.82622,-9.82622
547,8,18.2089,18.2089
547,9,-10.7663,0.0198051
547,10,-0.138951,0.968542
547,11,8.55109,0.0367461
547,12,2.3816,0.124514
547,13,-9.03852,-9.03852
547,14,3.28261,3.28261
547,15,-14.5411,0.0217076
547,16,10.4468,0.0300451
547,17,9.76875,9.76875
547,18,-9.54626,-0.0329925
547,19,-18.7563,0.0117622
547,20,2.62811,0.111439
548,1,17.9074,-0.00510008
548,2,-19.7051,-0.0129133
548,3,7.71863,-0.0318879
548,4,-10.1295,0.0124354
548,5,-11.2665,-0.0209855
548,6,2.36522,2.36522
548,7,-8.51996,-8.51996
548,8,16.7799,16.7799
548,9,-12.2135,0.0162005
548,10,1.17927,-0.144105
548,11,9.92268,-0.00771551
548,12,3.75847,-0.0582716
548,13,-7.65777,-7.65777
548,14,1.91394,1.91394
548,15,-15.9623,-0.00235659
548,16,9.01732,-0.00191988
548,17,8.33853,8.33853
548,18,-10.8305,0.0149248
548,19,-20.0032,0.000161425
548,20,3.93118,-0.01737
549,1,16.8446,0.00886241
549,2,-18.8548,0.00743549
549,3,6.93199,0.00973709
549,4,-9.44895,-0.033255
549,5,-10.5024,0.0303076
549,6,3.23739,3.23739
549,7,-9.29643,-9.29643
549,8,17.7389,17.7389
549,9,-11.2423,-0.0195284
549,10,0.396502,0.760731
549,11,9.05146,-0.00566001
549,12,2.88652,0.0384872
549,13,-8.54116,-8.54116
549,14,2.78068,2.78068
549,15,-15.0124,-0.000825577
549,16,9.97619,-0.00238485
549,17,9.29554,9.29554
549,18,-10.0739,0.00727417
549,19,-19.3126,-0.0137084
549,20,3.15915,-0.0483051
550,1,17.3097,-0.0151987
550,2,-19.1837,-0.00905331
550,3,7.20475,-0.0264987
550,4,-9.65594,-0.0290879
550,5,-10.7831,0.0185922
550,6,2.89875,2.89875
550,7,-9.01579,-9.01579
550,8,17.3369,17.3369
550,9,-11.6458,-0.0245158
550,10,0.676897,0.399482
550,11,9.39772,-0.0321373
550,12,3.22536,-0.0641797
550,13,-8.20362,-8.20362
550,14,2.44033,2.44033
550,15,-15.4062,-0.0197697
550,16,9.57516,-0.0323209
550,17,8.89728,8.89728
550,18,-10.3436,0.0271321
550,19,-19.5258,-0.0162483
550,20,3.43831,-0.0908443
551,1,16.2575,0.0141683
551,2,-18.191,0.00988181
551,3,6.22722,0.0334669
551,4,-8.70046,0.0295673
551,5,-9.80625,-0.0185602
551,6,3.90183,3.90183
551,7,-9.99643,-9.99643
551,8,18.361,18.361
551,9,-10.613,0.0281218
551,10,-0.309265,0.849932
551,11,8.39117,0.0357381
551,12,2.22203,0.0920145
551,13,-9.2039,-9.2039
551,14,3.44386,3.44386
551,15,-14.3876,0.0207595
551,16,10.5987,0.0285998
551,17,9.92136,9.92136
551,18,-9.37356,-0.0313143
551,19,-18.572,0.0167032
551,20,2.45764,0.128373
552,1,17.2066,-0.0111821
552,2,-18.9865,0.000712416
552,3,7.00557,-0.000795272
552,4,-9.3866,-0.0317818
552,5,-10.5318,0.030073
552,6,3.08853,3.08853
552,7,-9.2541,-9.2541
552,8,17.4905,17.4905
552,9,-11.5031,-0.0276703
552,10,0.445129,0.704497
552,11,9.19769,-0.0201379
552,12,3.03498,-0.0115029
552,13,-8.35994,-8.35994
552,14,2.63627,2.63627
552,15,-15.2536,-0.0149235
552,16,9.72843,-0.0246496
552,17,9.04889,9.04889
552,18,-10.1001,0.00974723
552,19,-19.2786,-0.0126762
552,20,3.19726,-0.0578233
553,1,17.8601,-0.00758156
553,2,-19.7597,-0.011038
553,3,7.77786,-0.0262982
553,4,-10.2548,0.0222747
553,5,-11.3649,-0.0255238
553,6,2.32257,2.32257
553,7,-8.43563,-8.43563
553,8,16.7779,16.7779
553,9,-12.1981,0.0152128
553,10,1.25382,-0.181658
553,11,9.96625,-0.00338005
553,12,3.8007,-0.0490778
553,13,-7.64169,-7.64169
553,14,1.87021,1.87021
553,15,-15.9707,-0.00183064
553,16,9.01228,-0.00136195
553,17,8.33622,8.33622
553,18,-10.9292,0.00642299
553,19,-20.1098,0.00535191
553,20,4.01732,0.00430928
554,1,16.9462,0.00315833
554,2,-18.9616,0.00202229
554,3,7.04096,-0.00580163
554,4,-9.55895,-0.0327301
554,5,-10.6113,0.0281829
554,6,3.13245,3.13245
554,7,-9.1858,-9.1858
554,8,17.6334,17.6334
554,9,-11.3504,-0.0250037
554,10,0.507671,0.626818
554,11,9.15824,-0.0165758
554,12,2.99122,0.00293529
554,13,-8.43294,-8.43294
554,14,2.67378,2.67378
554,15,-15.116,-0.00750816
554,16,9.87255,-0.0125674
554,17,9.19228,9.19228
554,18,-10.1839,0.0170677
554,19,-19.4249,-0.0159326
554,20,3.26847,-0.0727408
555,1,16.5006,0.0192907
555,2,-18.3937,0.0163492
555,3,6.42083,0.0480491
555,4,-8.87529,0.0136948
555,5,-9.99828,-0.000171932
555,6,3.69398,3.69398
555,7,-9.80229,-9.80229
555,8,18.1366,18.1366
555,9,-10.8443,0.0137956
555,10,-0.111755,0.979582
555,11,8.60338,0.0350639
555,12,2.43033,0.127849
555,13,-8.9947,-8.9947
555,14,3.23367,3.23367
555,15,-14.6082,0.0205432
555,16,10.3749,0.0283413
555,17,9.69698,9.69698
555,18,-9.56067,-0.0326908
555,19,-18.7493,0.0120293
555,20,2.65179,0.106646
556,1,16.8939,0.00616233
556,2,-18.6978,0.0138415
556,3,6.71036,0.0374488
556,4,-9.13001,-0.0138476
556,5,-10.263,0.0228108
556,6,3.37028,3.37028
556,7,-9.52374,-9.52374
556,8,17.7897,17.7897
556,9,-11.2013,-0.0167977
556,10,0.175488,0.950107
556,11,8.91591,0.00932175
556,12,2.7533,0.0808979
556,13,-8.6687,-8.6687
556,14,2.92095,2.92095
556,15,-14.9517,0.00322128
556,16,10.0277,0.00275795
556,17,9.34906,9.34906
556,18,-9.82658,-0.0167874
556,19,-18.9986,7.46634e-05
556,20,2.92705,0.0247066
557,1,16.5468,0.0190299
557,2,-18.3968,0.0164016
557,3,6.40567,0.0475259
557,4,-8.8648,0.0147973
557,5,-9.98607,-0.0013947
557,6,3.67418,3.67418
557,7,-9.80815,-9.80815
557,8,18.114,18.114
557,9,-10.8683,0.0117793
557,10,-0.112762,0.979215
557,11,8.61268,0.0346667
557,12,2.44871,0.128307
557,13,-8.99332,-8.99332
557,14,3.22543,3.22543
557,15,-14.6285,0.02001
557,16,10.3508,0.0274357
557,17,9.67405,9.67405
557,18,-9.54734,-0.0329722
557,19,-18.7178,0.0131769
557,20,2.643,0.108484
558,1,17.4839,-0.0181826
558,2,-19.2889,-0.0130041
558,3,7.30122,-0.0353683
558,4,-9.72277,-0.0250429
558,5,-10.8553,0.0128781
558,6,2.77818,2.77818
558,7,-8.93297,-8.93297
558,8,17.1986,17.1986
558,9,-11.7908,-0.0164946
558,10,0.767966,0.276085
558,11,9.50682,-0.0334746
558,12,3.34459,-0.0840517
558,13,-8.07777,-8.07777
558,14,2.32999,2.32999
558,15,-15.5413,-0.0203095
558,16,9.43728,-0.0330764
558,17,8.75865,8.75865
558,18,-10.4183,0.0295512
558,19,-19.5909,-0.0155895
558,20,3.5184,-0.0903191
559,1,17.6625,-0.0157241
559,2,-19.6144,-0.0151916
559,3,7.658,-0.0365494
559,4,-10.1406,0.0134148
559,5,-11.2359,-0.0191275
559,6,2.47962,2.47962
559,7,-8.56838,-8.56838
559,8,16.9486,16.9486
559,9,-12.0248,0.00206427
559,10,1.11977,-0.104454
559,11,9.81148,-0.0181107
559,12,3.64362,-0.0786181
559,13,-7.78255,-7.78255
559,14,2.02239,2.02239
559,15,-15.802,-0.0117392
559,16,9.1849,-0.0190175
559,17,8.50724,8.50724
559,18,-10.8044,0.0169868
559,19,-20.0108,0.000538271
559,20,3.88705,-0.0284508
560,1,16.2605,0.0142897
560,2,-18.2571,0.0125993
560,3,6.32761,0.0431058
560,4,-8.82642,0.0187059
560,5,-9.89495,-0.0104249
560,6,3.84184,3.84184
560,7,-9.90396,-9.90396
560,8,18.329,18.329
560,9,-10.6532,0.0264831
560,10,-0.213732,0.926533
560,11,8.45081,0.0372173
560,12,2.282,0.108034
560,13,-9.13523,-9.13523
560,14,3.38112,3.38112
560,15,-14.4223,0.0214166
560,16,10.5671,0.0294554
560,17,9.88775,9.88775
560,18,-9.46844,-0.0334529
560,19,-18.7008,0.0137455
560,20,2.54974,0.123319
561,1,16.4139,0.0186883
561,2,-18.2002,0.0102872
561,3,6.21521,0.032048
561,4,-8.60861,0.0348442
561,5,-9.75209,-0.0229277
561,6,3.87429,3.87429
561,7,-10.0337,-10.0337
561,8,18.2801,18.2801
561,9,-10.7156,0.0231504
561,10,-0.334816,0.825536
561,11,8.41451,0.0364727
561,12,2.24941,0.0998757
561,13,-9.15481,-9.15481
561,14,3.42096,3.42096
561,15,-14.4637,0.0218647
561,16,10.5172,0.0302211
561,17,9.83823,9.83823
561,18,-9.31836,-0.0287473
561,19,-18.4926,0.0172082
561,20,2.41757,0.127275
562,1,16.7634,0.0128489
562,2,-18.5455,0.016989
562,3,6.56704,0.0473996
562,4,-8.95535,0.00496904
562,5,-10.0933,0.00911132
562,6,3.52427,3.52427
562,7,-9.69346,-9.69346
562,8,17.9338,17.9338
562,9,-11.0574,-0.00516013
562,10,0.00760725,0.999905
562,11,8.75767,0.0250744
562,12,2.59899,0.1166
562,13,-8.80184,-8.80184
562,14,3.07673,3.07673
562,15,-14.8107,0.0120395
562,16,10.1709,0.0160043
562,17,9.49067,9.49067
562,18,-9.66072,-0.0288375
562,19,-18.8422,0.00803763
562,20,2.75808,0.0795092
563,1,16.6827,0.0160212
563,2,-18.5082,0.0171926
563,3,6.51676,0.0487771
563,4,-8.96429,0.00397574
563,5,-10.0861,0.00842954
563,6,3.5575,3.5575
563,7,-9.70451,-9.70451
563,8,17.9922,17.9922
563,9,-10.9949,0.000460199
563,10,-0.00532904,0.999953
563,11,8.72611,0.0276549
563,12,2.56511,0.121505
563,13,-8.87397,-8.87397
563,14,3.11164,3.11164
563,15,-14.7505,0.0152334
563,16,10.2279,0.0204247
563,17,9.55034,9.55034
563,18,-9.64801,-0.0294894
563,19,-18.8178,0.00916305
563,20,2.7462,0.0829326
564,1,16.3495,0.0173327
564,2,-18.1699,0.00891127
564,3,6.1795,0.0275329
564,4,-8.61787,0.0344325
564,5,-9.74576,-0.023401
564,6,3.89696,3.89696
564,7,-10.0448,-10.0448
564,8,18.3254,18.3254
564,9,-10.6614,0.026099
564,10,-0.344867,0.815529
564,11,8.38835,0.0356362
564,12,2.22559,0.093088
564,13,-9.20678,-9.20678
564,14,3.44934,3.44934
564,15,-14.4145,0.0212905
564,16,10.5636,0.0295327
564,17,9.88572,9.88572
564,18,-9.30725,-0.0281193
564,19,-18.4779,0.017185
564,20,2.40662,0.126613
565,1,16.9621,0.00222926
565,2,-18.7413,0.0123326
565,3,6.76315,0.0318776
565,4,-9.1437,-0.0151869
565,5,-10.2868,0.0242572
565,6,3.33066,3.33066
565,7,-9.50089,-9.50089
565,8,17.7351,17.7351
565,9,-11.2558,-0.0203551
565,10,0.200786,0.934991
565,11,8.95252,0.0052837
565,12,2.79208,0.0692834
565,13,-8.60231,-8.60231
565,14,2.88134,2.88134
565,15,-15.008,-0.000531803
565,16,9.97352,-0.00265196
565,17,9.29337,9.29337
565,18,-9.85449,-0.0142568
565,19,-19.0365,-0.00191431
565,20,2.95148,0.0163747
566,1,16.5818,0.0185658
566,2,-18.4385,0.0169421
566,3,6.447,0.0486905
566,4,-8.91292,0.00964884
566,5,-10.0298,0.00296263
566,6,3.63283,3.63283
566,7,-9.76528,-9.76528
566,8,18.0776,18.0776
566,9,-10.9045,0.00862817
566,10,-0.0705481,0.991833
566,11,8.65306,0.0326144
566,12,2.48992,0.127775
566,13,-8.95622,-8.95622
566,14,3.18478,3.18478
566,15,-14.6673,0.0187718
566,16,10.3124,0.0256581
566,17,9.63601,9.63601
566,18,-9.59166,-0.0318196
566,19,-18.7621,0.011533
566,20,2.68596,0.0988533
567,1,17.7122,-0.0141219
567,2,-19.5225,-0.0162642
567,3,7.53377,-0.0420136
567,4,-9.96072,-0.003933
567,5,-11.0925,-0.00822117
567,6,2.54464,2.54464
567,7,-8.69663,-8.69663
567,8,16.9673,16.9673
567,9,-12.0212,0.0017663
567,10,1.00404,-0.00402242
567,11,9.74095,-0.0237538
567,12,3.57807,-0.086299
567,13,-7.84753,-7.84753
567,14,2.09627,2.09627
567,15,-15.7722,-0.0132434
567,16,9.20613,-0.0208579
567,17,8.52776,8.52776
567,18,-10.6547,0.0264148
567,19,-19.8265,-0.00832413
567,20,3.75496,-0.059001
568,1,16.9035,0.00562436
568,2,-18.8902,0.00569611
568,3,6.95439,0.0065359
568,4,-9.45135,-0.0332862
568,5,-10.5253,0.030147
568,6,3.20538,3.20538
568,7,-9.27702,-9.27702
568,8,17.6908,17.6908
568,9,-11.2861,-0.0220695
568,10,0.413373,0.74169
568,11,9.08496,-0.00924153
568,12,2.91804,0.027778
568,13,-8.50407,-8.50407
568,14,2.74746,2.74746
568,15,-15.0605,-0.00399262
568,16,9.92792,-0.00719835
568,17,9.24856,9.24856
568,18,-10.0964,0.00939869
568,19,-19.3228,-0.0139861
568,20,3.17894,-0.0533711
569,1,16.6879,0.0158464
569,2,-18.5678,0.016756
569,3,6.58882,0.0464419
569,4,-9.04421,-0.00487297
569,5,-10.1686,0.0158173
569,6,3.5152,3.5152
569,7,-9.63053,-9.63053
569,8,17.9562,17.9562
569,9,-11.0251,-0.00227597
569,10,0.0611775,0.993855
569,11,8.7803,0.0230822
569,12,2.60891,0.114936
569,13,-8.82186,-8.82186
569,14,3.05749,3.05749
569,15,-14.7878,0.0133124
569,16,10.194,0.0178772
569,17,9.51643,9.51643
569,18,-9.72985,-0.0245497
569,19,-18.9122,0.00458247
569,20,2.82323,0.0594423
570,1,17.8859,-0.00624305
570,2,-19.7143,-0.0126242
570,3,7.72417,-0.0314056
570,4,-10.1663,0.0156251
570,5,-11.2943,-0.0225018
570,6,2.35453,2.35453
570,7,-8.4961,-8.4961
570,8,16.7844,16.7844
570,9,-12.2022,0.0154767
570,10,1.20108,-0.156502
570,11,9.93332,-0.00666335
570,12,3.76896,-0.0560575
570,13,-7.66559,-7.66559
570,14,1.90492,1.90492
570,15,-15.9562,-0.00273743
570,16,9.02259,-0.00250179
570,17,8.34488,8.34488
570,18,-10.8554,0.012866
570,19,-20.0255,0.00127413
570,20,3.95492,-0.0113606
571,1,16.6549,0.0168942
571,2,-18.6663,0.0147786
571,3,6.7441,0.0339873
571,4,-9.25998,-0.0250567
571,5,-10.3142,0.0257526
571,6,3.42672,3.42672
571,7,-9.48428,-9.48428
571,8,17.9269,17.9269
571,9,-11.0545,-0.00491006
571,10,0.209003,0.929678
571,11,8.86286,0.0149991
571,12,2.69692,0.0961517
571,13,-8.72835,-8.72835
571,14,2.96923,2.96923
571,15,-14.8231,0.0113315
571,16,10.1654,0.0155472
571,17,9.4849,9.4849
571,18,-9.88604,-0.0112825
571,19,-19.1256,-0.0063977
571,20,2.97095,0.00976526
572,1,17.9587,-0.00229069
572,2,-19.8009,-0.00941207
572,3,7.81529,-0.02233
572,4,-10.2571,0.0224264
572,5,-11.3891,-0.0262688
572,6,2.27393,2.27393
572,7,-8.40507,-8.40507
572,8,16.7041,16.7041
572,9,-12.2837,0.020155
572,10,1.29094,-0.195275
572,11,10.0207,0.00206018
572,12,3.85004,-0.0375255
572,13,-7.58104,-7.58104
572,14,1.8184,1.8184
572,15,-16.0371,0.00230913
572,16,8.94196,0.00645468
572,17,8.26389,8.26389
572,18,-10.9481,0.00472064
572,19,-20.1228,0.00595252
572,20,4.04821,0.0118636
573,1,16.3855,0.0181825
573,2,-18.407,0.0165603
573,3,6.48914,0.0490242
573,4,-9.01607,-0.00178206
573,5,-10.0609,0.00602072
573,6,3.68407,3.68407
573,7,-9.73499,-9.73499
573,8,18.1914,18.1914
573,9,-10.7925,0.0178945
573,10,-0.0411444,0.997218
573,11,8.60516,0.0349901
573,12,2.43993,0.128143
573,13,-8.98961,-8.98961
573,14,3.22699,3.22699
573,15,-14.5583,0.021499
573,16,10.4303,0.0297884
573,17,9.74949,9.74949
573,18,-9.63307,-0.0301977
573,19,-18.8763,0.00638938
573,20,2.71943,0.0903227
574,1,17.7398,-0.0130865
574,2,-19.5443,-0.0161292
574,3,7.55649,-0.0414624
574,4,-9.97248,-0.00275652
574,5,-11.1119,-0.00986529
574,6,2.52762,2.52762
574,7,-8.6765,-8.6765
574,8,16.9431,16.9431
574,9,-12.0509,0.00420546
574,10,1.02282,-0.0222905
574,11,9.76413,-0.0220058
574,12,3.59594,-0.0845292
574,13,-7.82312,-7.82312
574,14,2.07385,2.07385
574,15,-15.7979,-0.0119521
574,16,9.18086,-0.0186564
574,17,8.5023,8.5023
574,18,-10.6736,0.0254982
574,19,-19.8453,-0.00749202
574,20,3.77579,-0.0545912
575,1,17.5021,-0.0181866
575,2,-19.4919,-0.0163251
575,3,7.55772,-0.0414265
575,4,-10.0571,0.00564654
575,5,-11.1281,-0.0112015
575,6,2.60337,2.60337
575,7,-8.6732,-8.6732
575,8,17.0908,17.0908
575,9,-11.8864,-0.00935849
575,10,1.01677,-0.0164857
575,11,9.68671,-0.027368
575,12,3.52051,-0.0902283
575,13,-7.90268,-7.90268
575,14,2.1456,2.1456
575,15,-15.661,-0.0177809
575,16,9.32789,-0.0292568
575,17,8.64835,8.64835
575,18,-10.6996,0.0240873
575,19,-19.9272,-0.00361952
575,20,3.78255,-0.0531203
576,1,17.2536,-0.0131922
576,2,-19.2335,-0.0110798
576,3,7.29636,-0.0349984
576,4,-9.78099,-0.0206658
576,5,-10.8631,0.0122143
576,6,2.86784,2.86784
576,7,-8.93755,-8.93755
576,8,17.344,17.344
576,9,-11.6372,-0.0248498
576,10,0.7512,0.298494
576,11,9.42663,-0.0328741
576,12,3.25601,-0.0704199
576,13,-8.15718,-8.15718
576,14,2.40551,2.40551
576,15,-15.4075,-0.0197935
576,16,9.58176,-0.0321305
576,17,8.90302,8.90302
576,18,-10.4361,0.0298891
576,19,-19.6611,-0.0141593
576,20,3.51608,-0.0904145
577,1,17.0129,-0.000760547
577,2,-18.9527,0.0024857
577,3,6.99556,0.000634223
577,4,-9.46423,-0.0334208
577,5,-10.5689,0.0294148
577,6,3.14436,3.14436
577,7,-9.23323,-9.23323
577,8,17.6031,17.6031
577,9,-11.3748,-0.0258463
577,10,0.453875,0.693966
577,11,9.15147,-0.0159342
577,12,2.98005,0.00669068
577,13,-8.43906,-8.43906
577,14,2.6828,2.6828
577,15,-15.1467,-0.00934784
577,16,9.84051,-0.0155374
577,17,9.16259,9.16259
577,18,-10.1376,0.0131502
577,19,-19.3424,-0.0144795
577,20,3.22057,-0.063137
578,1,16.953,0.00276027
578,2,-18.8443,0.00793654
578,3,6.8662,0.0189178
578,4,-9.32812,-0.0292687
578,5,-10.4479,0.0300588
578,6,3.24014,3.24014
578,7,-9.35152,-9.35152
578,8,17.6857,17.6857
578,9,-11.2929,-0.0224276
578,10,0.338136,0.822256
578,11,9.05397,-0.00593249
578,12,2.88414,0.0392906
578,13,-8.54854,-8.54854
578,14,2.78335,2.78335
578,15,-15.0596,-0.00393455
578,16,9.92332,-0.00765287
578,17,9.24612,9.24612
578,18,-10.0107,0.00106699
578,19,-19.194,-0.00949334
578,20,3.10155,-0.0321879
579,1,17.9164,-0.00461202
579,2,-19.7899,-0.00986299
579,3,7.80513,-0.0234364
579,4,-10.2657,0.022977
579,5,-11.3882,-0.0262435
579,6,2.2889,2.2889
579,7,-8.40934,-8.40934
579,8,16.7309,16.7309
579,9,-12.2484,0.0182821
579,10,1.28232,-0.192411
579,11,10.0028,0.000280778
579,12,3.83485,-0.0411599
579,13,-7.60205,-7.60205
579,14,1.83523,1.83523
579,15,-16.0123,0.00076762
579,16,8.9689,0.00346207
579,17,8.29197,8.29197
579,18,-10.9496,0.0045836
579,19,-20.1263,0.00611176
579,20,4.04297,0.0105962
580,1,17.2302,-0.0122251
580,2,-19.2499,-0.0116889
580,3,7.33112,-0.0374498
580,4,-9.8549,-0.0142186
580,5,-10.9024,0.00881093
580,6,2.84251,2.84251
580,7,-8.89372,-8.89372
580,8,17.3474,17.3474
580,9,-11.6368,-0.0248659
580,10,0.799921,0.233975
580,11,9.44751,-0.0332354
580,12,3.28136,-0.0750082
580,13,-8.1459,-8.1459
580,14,2.38459,2.38459
580,15,-15.4021,-0.0196977
580,16,9.58636,-0.0319898
580,17,8.90582,8.90582
580,18,-10.4747,0.0302927
580,19,-19.7173,-0.0125254
580,20,3.5604,-0.0877985
581,1,17.7698,-0.0118525
581,2,-19.7131,-0.0126621
581,3,7.76008,-0.0280721
581,4,-10.2249,0.0202086
581,5,-11.3303,-0.0241933
581,6,2.38639,2.38639
581,7,-8.47244,-8.47244
581,8,16.8439,16.8439
581,9,-12.1353,0.0108138
581,10,1.21547,-0.164044
581,11,9.91078,-0.00888489
581,12,3.73769,-0.0625027
581,13,-7.67544,-7.67544
581,14,1.92292,1.92292
581,15,-15.9051,-0.00587664
581,16,9.08228,-0.00895899
581,17,8.40409,8.40409
581,18,-10.8993,0.00908148
581,19,-20.1086,0.00529616
581,20,3.98155,-0.00463051
582,1,17.0818,-0.00473857
582,2,-19.0911,-0.00470851
582,3,7.16755,-0.022311
582,4,-9.67905,-0.0278195
582,5,-10.7357,0.0218884
582,6,3.00573,3.00573
582,7,-9.06042,-9.06042
582,8,17.5023,17.5023
582,9,-11.4828,-0.02768
582,10,0.630124,0.463529
582,11,9.28608,-0.0268243
582,12,3.11862,-0.037161
582,13,-8.3035,-8.3035
582,14,2.54581,2.54581
582,15,-15.2499,-0.014753
582,16,9.73988,-0.0238316
582,17,9.06006,9.06006
582,18,-10.3096,0.0255163
582,19,-19.5471,-0.0161065
582,20,3.39255,-0.0885311
583,1,16.9597,0.00237007
583,2,-18.8754,0.00643205
583,3,6.91008,0.01284
583,4,-9.3696,-0.0311616
583,5,-10.4855,0.0303257
583,6,3.21784,3.21784
583,7,-9.31639,-9.31639
583,8,17.6669,17.6669
583,9,-11.3121,-0.0233782
583,10,0.372212,0.787191
583,11,9.07949,-0.00866391
583,12,2.9066,0.0316756
583,13,-8.51425,-8.51425
583,14,2.75613,2.75613
583,15,-15.0801,-0.00525789
583,16,9.90506,-0.00944371
583,17,9.22716,9.22716
583,18,-10.0509,0.00504258
583,19,-19.2474,-0.0115987
583,20,3.13763,-0.0425099
584,1,16.6539,0.016922
584,2,-18.5321,0.0170889
584,3,6.5494,0.0480171
584,4,-9.01016,-0.0011278
584,5,-10.1318,0.0126369
584,6,3.54823,3.54823
584,7,-9.66591,-9.66591
584,8,17.9913,17.9913
584,9,-10.9883,0.00106876
584,10,0.0248686,0.998983
584,11,8.74447,0.0261828
584,12,2.57591,0.120075
584,13,-8.86019,-8.86019
584,14,3.09345,3.09345
584,15,-14.7529,0.0151174
584,16,10.2289,0.0204998
584,17,9.55187,9.55187
584,18,-9.69362,-0.0269471
584,19,-18.8721,0.00659633
584,20,2.78655,0.0709865
585,1,17.1085,-0.00621747
585,2,-18.9316,0.00358341
585,3,6.94169,0.00835304
585,4,-9.3799,-0.0315484
585,5,-10.509,0.030277
585,6,3.13666,3.13666
585,7,-9.28088,-9.28088
585,8,17.5644,17.5644
585,9,-11.4229,-0.0270523
585,10,0.417215,0.737283
585,11,9.15075,-0.0158655
585,12,2.98667,0.00446044
585,13,-8.44567,-8.44567
585,14,2.68728,2.68728
585,15,-15.1758,-0.0110025
585,16,9.80277,-0.0188572
585,17,9.12489,9.12489
585,18,-10.0703,0.0069232
585,19,-19.2406,-0.0113485
585,20,3.17019,-0.0511621
586,1,17.8702,-0.00706352
586,2,-19.7606,-0.0110033
586,3,7.77818,-0.0262651
586,4,-10.2469,0.0217497
586,5,-11.364,-0.0254907
586,6,2.32113,2.32113
586,7,-8.43624,-8.43624
586,8,16.7697,16.7697
586,9,-12.2064,0.0157473
586,10,1.25426,-0.181837
586,11,9.96928,-0.00307673
586,12,3.80199,-0.048785
586,13,-7.63555,-7.63555
586,14,1.86786,1.86786
586,15,-15.9753,-0.00154292
586,16,9.00687,-0.000763027
586,17,8.33044,8.33044
586,18,-10.9268,0.00664227
586,19,-20.1068,0.00521067
586,20,4.01655,0.00411889
587,1,17.0395,-0.00230984
587,2,-19.0553,-0.00288801
587,3,7.13487,-0.0183418
587,4,-9.65379,-0.0291985
587,5,-10.7052,0.0237671
587,6,3.03846,3.03846
587,7,-9.09157,-9.09157
587,8,17.54,17.54
587,9,-11.4438,-0.0273826
587,10,0.601612,0.502365
587,11,9.25206,-0.0244847
587,12,3.08532,-0.0273246
587,13,-8.33954,-8.33954
587,14,2.57996,2.57996
587,15,-15.2097,-0.0128119
587,16,9.77895,-0.0208308
587,17,9.09863,9.09863
587,18,-10.2778,0.0237255
587,19,-19.5189,-0.0162792
587,20,3.36254,-0.0859733
588,1,17.2824,-0.0142798
588,2,-19.1921,-0.00941284
588,3,7.22506,-0.0286186
588,4,-9.68246,-0.0276205
588,5,-10.8009,0.0172587
588,6,2.89995,2.89995
588,7,-9.00101,-9.00101
588,8,17.3469,17.3469
588,9,-11.6327,-0.0250216
588,10,0.688243,0.383951
588,11,9.39762,-0.0321344
588,12,3.22434,-0.0639591
588,13,-8.19681,-8.19681
588,14,2.43835,2.43835
588,15,-15.3994,-0.0196457
588,16,9.58524,-0.0320246
588,17,8.9073,8.9073
588,18,-10.3653,0.0280004
588,19,-19.5601,-0.015984
588,20,3.45316,-0.091183
589,1,17.3739,-0.0169017
589,2,-19.3078,-0.0135718
589,3,7.34518,-0.0383104
589,4,-9.81702,-0.0176293
589,5,-10.9229,0.00699367
589,6,2.78595,2.78595
589,7,-8.87937,-8.87937
589,8,17.2446,17.2446
589,9,-11.7306,-0.0203214
589,10,0.807559,0.224046
589,11,9.50793,-0.033468
589,12,3.33822,-0.0833003
589,13,-8.08646,-8.08646
589,14,2.32701,2.32701
589,15,-15.5045,-0.0205282
589,16,9.48217,-0.0335166
589,17,8.80464,8.80464
589,18,-10.4905,0.0303292
589,19,-19.6898,-0.0133756
589,20,3.57449,-0.086623
590,1,17.5431,-0.0179783
590,2,-19.4956,-0.0163257
590,3,7.54261,-0.0418241
590,4,-10.018,0.00180029
590,5,-11.1161,-0.0102102
590,6,2.602,2.602
590,7,-8.68643,-8.68643
590,8,17.0666,17.0666
590,9,-11.9096,-0.00748622
590,10,1.00076,-0.000761857
590,11,9.69227,-0.0270305
590,12,3.52208,-0.090158
590,13,-7.8972,-7.8972
590,14,2.14148,2.14148
590,15,-15.6835,-0.017015
590,16,9.30436,-0.02795
590,17,8.62632,8.62632
590,18,-10.6858,0.0248561
590,19,-19.895,-0.00518336
590,20,3.76765,-0.0563368
591,1,17.5148,-0.018154
591,2,-19.4955,-0.0163257
591,3,7.55761,-0.0414297
591,4,-10.0451,0.00447461
591,5,-11.1256,-0.0109975
591,6,2.60455,2.60455
591,7,-8.67475,-8.67475
591,8,17.0823,17.0823
591,9,-11.8976,-0.00845896
591,10,1.01344,-0.0132602
591,11,9.68903,-0.0272281
591,12,3.51959,-0.0902681
591,13,-7.89645,-7.89645
591,14,2.1433,2.1433
591,15,-15.6695,-0.0175007
591,16,9.31992,-0.0288321
591,17,8.64106,8.64106
591,18,-10.6984,0.0241568
591,19,-19.9224,-0.00385492
591,20,3.77894,-0.0539086
592,1,16.9351,0.00380711
592,2,-18.9155,0.00441597
592,3,6.97823,0.00311701
592,4,-9.46403,-0.0334191
592,5,-10.5451,0.0298825
592,6,3.18557,3.18557
592,7,-9.25495,-9.25495
592,8,17.6624,17.6624
592,9,-11.3187,-0.0236819
592,10,0.433148,0.718727
592,11,9.10872,-0.011705
592,12,2.93862,0.020759
592,13,-8.47581,-8.47581
592,14,2.72347,2.72347
592,15,-15.0896,-0.00586037
592,16,9.89991,-0.00994435
592,17,9.22114,9.22114
592,18,-10.1183,0.0114248
592,19,-19.3429,-0.0144921
592,20,3.19841,-0.0580948
593,1,17.1711,-0.00948964
593,2,-19.0553,-0.00288614
593,3,7.07715,-0.0107948
593,4,-9.53447,-0.0331896
593,5,-10.657,0.0263084
593,6,3.02854,3.02854
593,7,-9.14181,-9.14181
593,8,17.4711,17.4711
593,9,-11.5097,-0.0276427
593,10,0.548779,0.573236
593,11,9.26691,-0.0255439
593,12,3.09595,-0.0305237
593,13,-8.33536,-8.33536
593,14,2.57072,2.57072
593,15,-15.2737,-0.0157927
593,16,9.70863,-0.0259922
593,17,9.03111,9.03111
593,18,-10.2189,0.0197749
593,19,-19.402,-0.0156345
593,20,3.3115,-0.079755
594,1,17.0209,-0.00122632
594,2,-18.9318,0.00357375
594,3,6.95854,0.00594084
594,4,-9.42689,-0.0328794
594,5,-10.5409,0.029949
594,6,3.1564,3.1564
594,7,-9.26063,-9.26063
594,8,17.6083,17.6083
594,9,-11.3668,-0.0255876
594,10,0.427568,0.725274
594,11,9.13663,-0.0144992
594,12,2.96747,0.010944
594,13,-8.4631,-8.4631
594,14,2.69968,2.69968
594,15,-15.1383,-0.00885326
594,16,9.84611,-0.0150278
594,17,9.16911,9.16911
594,18,-10.1057,0.0102653
594,19,-19.2945,-0.0131759
594,20,3.1928,-0.0567612
595,1,17.6855,-0.0150283
595,2,-19.5738,-0.0158269
595,3,7.5936,-0.0401188
595,4,-10.0564,0.005576
595,5,-11.1767,-0.015009
595,6,2.50933,2.50933
595,7,-8.62278,-8.62278
595,8,16.9545,16.9545
595,9,-12.0234,0.0019416
595,10,1.0674,-0.0626711
595,11,9.78376,-0.0204403
595,12,3.61453,-0.0824245
595,13,-7.81937,-7.81937
595,14,2.05371,2.05371
595,15,-15.79,-0.0123557
595,16,9.1924,-0.0196791
595,17,8.51539,8.51539
595,18,-10.7391,0.0216661
595,19,-19.9206,-0.00394395
595,20,3.83012,-0.0422777
596,1,17.7616,-0.0122037
596,2,-19.7542,-0.0112415
596,3,7.82217,-0.0215703
596,4,-10.3195,0.0260192
596,5,-11.3907,-0.0263147
596,6,2.34333,2.34333
596,7,-8.40924,-8.40924
596,8,16.829,16.829
596,9,-12.1502,0.0119062
596,10,1.28071,-0.191856
596,11,9.94841,-0.00516272
596,12,3.78053,-0.053562
596,13,-7.63818,-7.63818
596,14,1.88375,1.88375
596,15,-15.9218,-0.0048639
596,16,9.06744,-0.00738156
596,17,8.38799,8.38799
596,18,-10.9634,0.00333437
596,19,-20.1932,0.00899028
596,20,4.04526,0.0111498
597,1,17.1125,-0.00643889
597,2,-19.1264,-0.00643415
597,3,7.2049,-0.0265156
597,4,-9.71968,-0.0252547
597,5,-10.7737,0.0192805
597,6,2.97114,2.97114
597,7,-9.02175,-9.02175
597,8,17.4696,17.4696
597,9,-11.5182,-0.0275905
597,10,0.669745,0.409279
597,11,9.32165,-0.0289259
597,12,3.15286,-0.0466399
597,13,-8.2687,-8.2687
597,14,2.51027,2.51027
597,15,-15.282,-0.0161326
597,16,9.70722,-0.0260843
597,17,9.02764,9.02764
597,18,-10.3477,0.0273071
597,19,-19.5875,-0.0156404
597,20,3.4307,-0.0905925
598,1,16.606,0.0181154
598,2,-18.5279,0.0171138
598,3,6.56549,0.0474599
598,4,-9.02562,-0.00283506
598,5,-10.1395,0.0133242
598,6,3.56698,3.56698
598,7,-9.66252,-9.66252
598,8,18.0177,18.0177
598,9,-10.9614,0.0035163
598,10,0.0256486,0.998918
598,11,8.73053,0.0273082
598,12,2.55752,0.122434
598,13,-8.86129,-8.86129
598,14,3.10467,3.10467
598,15,-14.7299,0.0162122
598,16,10.2559,0.0223464
598,17,9.57788,9.57788
598,18,-9.70577,-0.0261786
598,19,-18.9052,0.00494084
598,20,2.79142,0.0694891
599,1,16.4837,0.0192852
599,2,-18.3051,0.01423
599,3,6.31583,0.0421953
599,4,-8.75183,0.0255698
599,5,-9.8816,-0.0117071
599,6,3.76382,3.76382
599,7,-9.90739,-9.90739
599,8,18.1906,18.1906
599,9,-10.7985,0.0174388
599,10,-0.210082,0.928967
599,11,8.52484,0.0372254
599,12,2.36007,0.12205
599,13,-9.07171,-9.07171
599,14,3.31334,3.31334
599,15,-14.5507,0.0215995
599,16,10.4282,0.0297515
599,17,9.75023,9.75023
599,18,-9.44297,-0.0331691
599,19,-18.6133,0.0160288
599,20,2.5436,0.12397
600,1,17.8071,-0.0101804
600,2,-19.6013,-0.0154243
600,3,7.61683,-0.0390067
600,4,-10.0249,0.00247797
600,5,-11.1594,-0.0136936
600,6,2.46629,2.46629
600,7,-8.62768,-8.62768
600,8,16.8818,16.8818
600,9,-12.1086,0.00879471
600,10,1.07379,-0.0681024
600,11,9.81716,-0.0176172
600,12,3.65661,-0.0767247
600,13,-7.75723,-7.75723
600,14,2.0186,2.0186
600,15,-15.8594,-0.00857782
600,16,9.12016,-0.0128644
600,17,8.44088,8.44088
600,18,-10.7243,0.02261
600,19,-19.9,-0.00494223
600,20,3.8236,-0.043808
601,1,17.2678,-0.0137418
601,2,-19.2648,-0.0122148
601,3,7.33479,-0.037682
601,4,-9.84069,-0.0155213
601,5,-10.9053,0.00855847
601,6,2.82925,2.82925
601,7,-8.89607,-8.89607
601,8,17.3224,17.3224
601,9,-11.6563,-0.0240805
601,10,0.795649,0.239554
601,11,9.46014,-0.033384
601,12,3.29429,-0.0771394
601,13,-8.1307,-8.1307
601,14,2.3721,2.3721
601,15,-15.4295,-0.0201258
601,16,9.55895,-0.0327303
601,17,8.87896,8.87896
601,18,-10.4764,0.0303002
601,19,-19.7085,-0.0128089
601,20,3.56011,-0.0878209
602,1,17.6952,-0.0147099
602,2,-19.6403,-0.0146575
602,3,7.68667,-0.0344916
602,4,-10.1547,0.0146387
602,5,-11.2582,-0.0205036
602,6,2.45841,2.45841
602,7,-8.54477,-8.54477
602,8,16.918,16.918
602,9,-12.0603,0.00496824
602,10,1.14328,-0.121131
602,11,9.83776,-0.0157865
602,12,3.66553,-0.0753586
602,13,-7.7499,-7.7499
602,14,1.996,1.996
602,15,-15.8314,-0.0101598
602,16,9.15605,-0.0163689
602,17,8.47795,8.47795
602,18,-10.8274,0.01517
602,19,-20.0361,0.00179855
602,20,3.9095,-0.0228379
603,1,17.7935,-0.0108072
603,2,-19.7937,-0.00970809
603,3,7.86583,-0.0165565
603,4,-10.3683,0.028111
603,5,-11.4331,-0.0272278
603,6,2.30469,2.30469
603,7,-8.3646,-8.3646
603,8,16.7947,16.7947
603,9,-12.1884,0.0145696
603,10,1.3251,-0.204856
603,11,9.98764,-0.00123675
603,12,3.81955,-0.0447547
603,13,-7.59953,-7.59953
603,14,1.84426,1.84426
603,15,-15.9574,-0.0026594
603,16,9.03238,-0.00357863
603,17,8.35287,8.35287
603,18,-11.007,-0.000631427
603,19,-20.2404,0.0107804
603,20,4.08869,0.0214119
604,1,17.1824,-0.0100426
604,2,-19.2008,-0.00977859
604,3,7.28103,-0.0337753
604,4,-9.80098,-0.0190087
604,5,-10.8511,0.0132245
604,6,2.89593,2.89593
604,7,-8.94337,-8.94337
604,8,17.3976,17.3976
604,9,-11.5914,-0.0263355
604,10,0.748498,0.302123
604,11,9.39694,-0.0321137
604,12,3.22817,-0.0647808
604,13,-8.19546,-8.19546
604,14,2.4351,2.4351
604,15,-15.3539,-0.0185847
604,16,9.63521,-0.0301002
604,17,8.95558,8.95558
604,18,-10.425,0.0296904
604,19,-19.6663,-0.0140257
604,20,3.50882,-0.0906824
605,1,17.4429,-0.0179562
605,2,-19.3778,-0.0152308
605,3,7.42106,-0.0415805
605,4,-9.88357,-0.0115195
605,5,-10.9926,0.000673904
605,6,2.72012,2.72012
605,7,-8.80969,-8.80969
605,8,17.1747,17.1747
605,9,-11.8044,-0.0155492
605,10,0.877963,0.135619
605,11,9.57737,-0.0322587
605,12,3.40432,-0.0893096
605,13,-8.01091,-8.01091
605,14,2.25693,2.25693
605,15,-15.574,-0.0198894
605,16,9.41296,-0.0325597
605,17,8.73486,8.73486
605,18,-10.5607,0.0295955
605,19,-19.7659,-0.0108038
605,20,3.64415,-0.0785441
606,1,16.6352,0.0174357
606,2,-18.5987,0.0162985
606,3,6.65139,0.0425452
606,4,-9.13124,-0.0139693
606,5,-10.2224,0.020026
606,6,3.50007,3.50007
606,7,-9.57911,-9.57911
606,8,17.9699,17.9699
606,9,-11.0075,-0.000683663
606,10,0.107819,0.980987
606,11,8.79382,0.0218403
606,12,2.62424,0.112174
606,13,-8.79408,-8.79408
606,14,3.03933,3.03933
606,15,-14.7816,0.0136453
606,16,10.2073,0.0189018
606,17,9.52894,9.52894
606,18,-9.79364,-0.0196254
606,19,-19.0082,-0.000430177
606,20,2.87477,0.0424458
607,1,17.1549,-0.00867502
607,2,-18.9861,0.000732298
607,3,6.99761,0.0003412
607,4,-9.43816,-0.0330914
607,5,-10.5683,0.0294284
607,6,3.08515,3.08515
607,7,-9.22282,-9.22282
607,8,17.5142,17.5142
607,9,-11.4743,-0.0276506
607,10,0.473648,0.669737
607,11,9.2061,-0.0208552
607,12,3.0389,-0.0127676
607,13,-8.39435,-8.39435
607,14,2.63261,2.63261
607,15,-15.2272,-0.0136874
607,16,9.75163,-0.0229624
607,17,9.07372,9.07372
607,18,-10.1285,0.0123432
607,19,-19.2999,-0.0133397
607,20,3.22902,-0.0649635
608,1,17.798,-0.010602
608,2,-19.698,-0.0131325
608,3,7.71899,-0.0318568
608,4,-10.1887,0.0174514
608,5,-11.3041,-0.0229911
608,6,2.38637,2.38637
608,7,-8.49691,-8.49691
608,8,16.837,16.837
608,9,-12.1381,0.0110204
608,10,1.19245,-0.151734
608,11,9.90478,-0.00947088
608,12,3.73703,-0.0626327
608,13,-7.69832,-7.69832
608,14,1.932,1.932
608,15,-15.9088,-0.00565261
608,16,9.07435,-0.00811965
608,17,8.39781,8.39781
608,18,-10.8678,0.0118198
608,19,-20.0511,0.00253768
608,20,3.95619,-0.0110393
609,1,16.9406,0.0034847
609,2,-18.9488,0.00269045
609,3,7.02481,-0.00352849
609,4,-9.53538,-0.033176
609,5,-10.5937,0.0287542
609,6,3.14689,3.14689
609,7,-9.20408,-9.20408
609,8,17.6427,17.6427
609,9,-11.3399,-0.0245929
609,10,0.487883,0.651958
609,11,9.14423,-0.0152382
609,12,2.97692,0.00774541
609,13,-8.44477,-8.44477
609,14,2.68773,2.68773
609,15,-15.1077,-0.00699077
609,16,9.88136,-0.0117308
609,17,9.20134,9.20134
609,18,-10.1666,0.0156522
609,19,-19.4043,-0.0156683
609,20,3.25005,-0.0692641
610,1,17.1043,-0.0059868
610,2,-18.9948,0.000271727
610,3,7.02057,-0.00292786
610,4,-9.47566,-0.0334942
610,5,-10.5987,0.0286012
610,6,3.09185,3.09185
610,7,-9.2015,-9.2015
610,8,17.5344,17.5344
610,9,-11.4465,-0.0274172
610,10,0.489112,0.650411
610,11,9.20509,-0.0207704
610,12,3.0325,-0.0106973
610,13,-8.39414,-8.39414
610,14,2.63212,2.63212
610,15,-15.2104,-0.0128482
610,16,9.77243,-0.021353
610,17,9.09461,9.09461
610,18,-10.1609,0.015168
610,19,-19.3481,-0.0146133
610,20,3.25244,-0.0697308
611,1,16.8073,0.0107771
611,2,-18.7074,0.0135307
611,3,6.73036,0.0354409
611,4,-9.19665,-0.0200482
611,5,-10.3134,0.0257084
611,6,3.37818,3.37818
611,7,-9.48698,-9.48698
611,8,17.8272,17.8272
611,9,-11.1491,-0.0128873
611,10,0.20185,0.934314
611,11,8.91469,0.00945587
611,12,2.74579,0.0830502
611,13,-8.68721,-8.68721
611,14,2.92222,2.92222
611,15,-14.9187,0.00539206
611,16,10.0649,0.00640526
611,17,9.38798,9.38798
611,18,-9.87713,-0.0121335
611,19,-19.0619,-0.00322726
611,20,2.96607,0.011419
612,1,17.7185,-0.0138957
612,2,-19.5684,-0.015892
612,3,7.57981,-0.0406812
612,4,-10.0323,0.00321495
612,5,-11.1584,-0.0136198
612,6,2.50484,2.50484
612,7,-8.63568,-8.63568
612,8,16.9406,16.9406
612,9,-12.0426,0.00353016
612,10,1.0589,-0.055303
612,11,9.78556,-0.0202937
612,12,3.61879,-0.0819062
612,13,-7.8185,-7.8185
612,14,2.05298,2.05298
612,15,-15.8009,-0.0117972
612,16,9.17864,-0.0184566
612,17,8.50138,8.50138
612,18,-10.7188,0.0229512
612,19,-19.8911,-0.00537006
612,20,3.81606,-0.0455645
613,1,17.3586,-0.0165576
613,2,-19.3513,-0.0146871
613,3,7.41919,-0.0415285
613,4,-9.91768,-0.00820795
613,5,-10.9885,0.00104455
613,6,2.74516,2.74516
613,7,-8.81226,-8.81226
613,8,17.2318,17.2318
613,9,-11.7463,-0.0193836
613,10,0.878261,0.13526
613,11,9.54587,-0.0329996
613,12,3.37848,-0.087434
613,13,-8.04141,-8.04141
613,14,2.28636,2.28636
613,15,-15.5186,-0.0204763
613,16,9.47021,-0.0334646
613,17,8.79066,8.79066
613,18,-10.5605,0.0295988
613,19,-19.7904,-0.0098412
613,20,3.64292,-0.0787165
614,1,17.3578,-0.0165388
614,2,-19.3168,-0.0138248
614,3,7.36945,-0.0396108
614,4,-9.84324,-0.0152901
614,5,-10.9388,0.0055611
614,6,2.78355,2.78355
614,7,-8.86333,-8.86333
614,8,17.2492,17.2492
614,9,-11.7299,-0.0203637
614,10,0.824335,0.202446
614,11,9.51202,-0.0334401
614,12,3.34047,-0.0835704
614,13,-8.07368,-8.07368
614,14,2.32101,2.32101
614,15,-15.5015,-0.020534
614,16,9.48696,-0.0335242
614,17,8.80866,8.80866
614,18,-10.5098,0.0302728
614,19,-19.7246,-0.0122846
614,20,3.59051,-0.0850928
615,1,17.36,-0.0165904
615,2,-19.3135,-0.0137328
615,3,7.3619,-0.0392316
615,4,-9.83648,-0.0159019
615,5,-10.9338,0.00601097
615,6,2.78495,2.78495
615,7,-8.86812,-8.86812
615,8,17.2497,17.2497
615,9,-11.7278,-0.0204812
615,10,0.818774,0.209572
615,11,9.50988,-0.0334554
615,12,3.33938,-0.0834398
615,13,-8.07884,-8.07884
615,14,2.3237,2.3237
615,15,-15.5011,-0.0205345
615,16,9.4871,-0.0335243
615,17,8.80899,8.80899
615,18,-10.5041,0.030301
615,19,-19.7144,-0.0126192
615,20,3.58569,-0.0855745
616,1,16.3418,0.0171229
616,2,-18.2949,0.0139113
616,3,6.34284,0.0441909
616,4,-8.81751,0.019581
616,5,-9.91521,-0.00845074
616,6,3.80334,3.80334
616,7,-9.88691,-9.88691
616,8,18.2679,18.2679
616,9,-10.7093,0.0235277
616,10,-0.199893,0.935557
616,11,8.49138,0.0374725
616,12,2.32092,0.116009
616,13,-9.09752,-9.09752
616,14,3.34224,3.34224
616,15,-14.4827,0.0219461
616,16,10.5054,0.0302951
616,17,9.82734,9.82734
616,18,-9.48531,-0.0335225
616,19,-18.6953,0.0139214
616,20,2.56699,0.121265
617,1,17.6113,-0.0169802
617,2,-19.402,-0.0156353
617,3,7.41712,-0.0414691
617,4,-9.818,-0.0175435
617,5,-10.9575,0.00386953
617,6,2.66971,2.66971
617,7,-8.82825,-8.82825
617,8,17.08,17.08
617,9,-11.9141,-0.0071262
617,10,0.870892,0.144216
617,11,9.61759,-0.0308637
617,12,3.45404,-0.0911969
617,13,-7.95544,-7.95544
617,14,2.21814,2.21814
617,15,-15.6631,-0.0177131
617,16,9.31742,-0.0286956
617,17,8.63838,8.63838
617,18,-10.5231,0.0301695
617,19,-19.6973,-0.013154
617,20,3.62277,-0.0814085
618,1,17.5864,-0.017437
618,2,-19.5557,-0.0160285
618,3,7.60864,-0.0394221
618,4,-10.099,0.00964421
618,5,-11.1833,-0.0154987
618,6,2.5393,2.5393
618,7,-8.62014,-8.62014
618,8,17.0171,17.0171
618,9,-11.9576,-0.003537
618,10,1.0683,-0.0634478
618,11,9.75108,-0.023004
618,12,3.58439,-0.0857014
618,13,-7.8414,-7.8414
618,14,2.08193,2.08193
618,15,-15.7351,-0.0149563
618,16,9.25285,-0.0245422
618,17,8.5744,8.5744
618,18,-10.7533,0.0207108
618,19,-19.9686,-0.00157112
618,20,3.83573,-0.040951
619,1,17.731,-0.013429
619,2,-19.7196,-0.0124496
619,3,7.7864,-0.0254195
619,4,-10.2782,0.0237476
619,5,-11.3534,-0.025116
619,6,2.38058,2.38058
619,7,-8.44649,-8.44649
619,8,16.8624,16.8624
619,9,-12.1192,0.00960674
619,10,1.24303,-0.177065
619,11,9.91288,-0.00867931
619,12,3.74324,-0.0613923
619,13,-7.67187,-7.67187
619,14,1.91913,1.91913
619,15,-15.8891,-0.00684124
619,16,9.10034,-0.0108443
619,17,8.42129,8.42129
619,18,-10.9268,0.00664344
619,19,-20.1555,0.00741325
619,20,4.00724,0.00180729
620,1,16.2994,0.0157771
620,2,-18.3091,0.01435
620,3,6.38589,0.0466771
620,4,-8.89613,0.0114699
620,5,-9.95359,-0.00464628
620,6,3.78927,3.78927
620,7,-9.84231,-9.84231
620,8,18.2848,18.2848
620,9,-10.702,0.0239502
620,10,-0.151594,0.962625
620,11,8.50363,0.0374298
620,12,2.33487,0.118392
620,13,-9.08519,-9.08519
620,14,3.3282,3.3282
620,15,-14.4673,0.0218858
620,16,10.5223,0.0301768
620,17,9.84278,9.84278
620,18,-9.52784,-0.0332807
620,19,-18.7659,0.0113805
620,20,2.61017,0.114718
621,1,17.226,-0.0120442
621,2,-19.0181,-0.000953072
621,3,7.03164,-0.00449261
621,4,-9.43368,-0.033012
621,5,-10.5755,0.0292555
621,6,3.05521,3.05521
621,7,-9.21066,-9.21066
621,8,17.4644,17.4644
621,9,-11.5311,-0.0274732
621,10,0.488236,0.651514
621,11,9.23477,-0.0231796
621,12,3.06861,-0.0221851
621,13,-8.34168,-8.34168
621,14,2.6017,2.6017
621,15,-15.2784,-0.0159869
621,16,9.7017,-0.0264402
621,17,9.02288,9.02288
621,18,-10.1402,0.0133803
621,19,-19.3129,-0.0137144
621,20,3.24072,-0.0673999
622,1,16.5126,0.0192618
622,2,-18.4182,0.0167142
622,3,6.43935,0.0485374
622,4,-8.91465,0.00945992
622,5,-10.0254,0.00252644
622,6,3.66624,3.66624
622,7,-9.77577,-9.77577
622,8,18.1214,18.1214
622,9,-10.8535,0.0130305
622,10,-0.0870335,0.987586
622,11,8.6236,0.0341638
622,12,2.45723,0.128373
622,13,-8.98155,-8.98155
622,14,3.21275,3.21275
622,15,-14.6267,0.0200618
622,16,10.3569,0.0276818
622,17,9.68067,9.68067
622,18,-9.58996,-0.0318751
622,19,-18.7735,0.0110708
622,20,2.67736,0.100908
623,1,16.7417,0.0137911
623,2,-18.5483,0.0169642
623,3,6.56037,0.0476501
623,4,-8.98213,0.00198876
623,5,-10.116,0.0112115
623,6,3.52002,3.52002
623,7,-9.67215,-9.67215
623,8,17.9399,17.9399
623,9,-11.0504,-0.00454246
623,10,0.0278146,0.998728
623,11,8.76686,0.0242784
623,12,2.60317,0.115911
623,13,-8.81952,-8.81952
623,14,3.07028,3.07028
623,15,-14.8003,0.0126249
623,16,10.1784,0.0166219
623,17,9.49987,9.49987
623,18,-9.67855,-0.0278484
623,19,-18.8505,0.00764029
623,20,2.77932,0.0731906
624,1,16.4921,0.0192948
624,2,-18.3186,0.0146315
624,3,6.3275,0.0430975
624,4,-8.77269,0.0237639
624,5,-9.8973,-0.0101978
624,6,3.74816,3.74816
624,7,-9.89325,-9.89325
624,8,18.1805,18.1805
624,9,-10.8058,0.0168783
624,10,-0.194714,0.938791
624,11,8.53686,0.0370369
624,12,2.37464,0.123784
624,13,-9.06211,-9.06211
624,14,3.30104,3.30104
624,15,-14.5607,0.0214644
624,16,10.4177,0.0295401
624,17,9.74015,9.74015
624,18,-9.45891,-0.0333719
624,19,-18.6287,0.0157083
624,20,2.55744,0.122443
625,1,17.2699,-0.0138214
625,2,-19.0655,-0.00340969
625,3,7.08045,-0.0112421
625,4,-9.49049,-0.0335249
625,5,-10.625,0.0276786
625,6,3.00192,3.00192
625,7,-9.16266,-9.16266
625,8,17.4181,17.4181
625,9,-11.5721,-0.0268035
625,10,0.539248,0.585804
625,11,9.28173,-0.0265427
625,12,3.12072,-0.0377615
625,13,-8.29422,-8.29422
625,14,2.55419,2.55419
625,15,-15.3226,-0.0176308
625,16,9.65657,-0.0290552
625,17,8.97739,8.97739
625,18,-10.1894,0.0175117
625,19,-19.3648,-0.014976
625,20,3.28891,-0.0762701
626,1,17.7624,-0.0121683
626,2,-19.6764,-0.0137561
626,3,7.70112,-0.0333535
626,4,-10.1774,0.0165393
626,5,-11.2864,-0.0220858
626,6,2.41022,2.41022
626,7,-8.51642,-8.51642
626,8,16.8675,16.8675
626,9,-12.1068,0.00865537
626,10,1.17256,-0.140061
626,11,9.87997,-0.0118628
626,12,3.71278,-0.0672804
626,13,-7.72319,-7.72319
626,14,1.95584,1.95584
626,15,-15.8809,-0.00732402
626,16,9.10306,-0.011125
626,17,8.42663,8.42663
626,18,-10.8514,0.0132051
626,19,-20.0389,0.00193775
626,20,3.9376,-0.015747
627,1,16.431,0.0189192
627,2,-18.4361,0.0169185
627,3,6.51064,0.0488635
627,4,-9.01778,-0.00197082
627,5,-10.0791,0.00777043
627,6,3.66049,3.66049
627,7,-9.71919,-9.71919
627,8,18.1538,18.1538
627,9,-10.8284,0.0150871
627,10,-0.0274736,0.998759
627,11,8.63099,0.0338009
627,12,2.46324,0.128363
627,13,-8.95697,-8.95697
627,14,3.20095,3.20095
627,15,-14.5965,0.0208119
627,16,10.3926,0.0289001
627,17,9.71271,9.71271
627,18,-9.65219,-0.02928
627,19,-18.8885,0.00578202
627,20,2.73498,0.0860856
628,1,17.1975,-0.0107601
628,2,-19.0054,-0.000286354
628,3,7.01749,-0.0024917
628,4,-9.43823,-0.0330925
628,5,-10.575,0.0292681
628,6,3.06563,3.06563
628,7,-9.21324,-9.21324
628,8,17.484,17.484
628,9,-11.5094,-0.0276442
628,10,0.485506,0.654945
628,11,9.2255,-0.0224494
628,12,3.05815,-0.0189095
628,13,-8.36423,-8.36423
628,14,2.61254,2.61254
628,15,-15.2575,-0.015094
628,16,9.72133,-0.0251419
628,17,9.04283,9.04283
628,18,-10.1366,0.0130624
628,19,-19.308,-0.0135777
628,20,3.23867,-0.0669806
629,1,17.316,-0.0153967
629,2,-19.2196,-0.0105401
629,3,7.24093,-0.0301856
629,4,-9.71358,-0.0256655
629,5,-10.8264,0.0152477
629,6,2.86492,2.86492
629,7,-8.97469,-8.97469
629,8,17.318,17.318
629,9,-11.6567,-0.0240645
629,10,0.714288,0.348408
629,11,9.42552,-0.0328507
629,12,3.2585,-0.0708942
629,13,-8.17842,-8.17842
629,14,2.41101,2.41101
629,15,-15.4289,-0.0201184
629,16,9.55456,-0.0328269
629,17,8.87816,8.87816
629,18,-10.3907,0.0288453
629,19,-19.5744,-0.0158194
629,20,3.47844,-0.0912996
630,1,17.8356,-0.00881071
630,2,-19.7743,-0.0104828
630,3,7.81354,-0.0225226
630,4,-10.2861,0.0242167
630,5,-11.3911,-0.0263244
630,6,2.32049,2.32049
630,7,-8.41225,-8.41225
630,8,16.7801,16.7801
630,9,-12.1944,0.014967
630,10,1.27545,-0.190001
630,11,9.9733,-0.00267417
630,12,3.80319,-0.0485143
630,13,-7.61946,-7.61946
630,14,1.86136,1.86136
630,15,-15.9683,-0.00198444
630,16,9.01827,-0.00202438
630,17,8.34066,8.34066
630,18,-10.9587,0.00375395
630,19,-20.1606,0.00763192
630,20,4.04207,0.0103789
631,1,17.2058,-0.0111457
631,2,-19.2224,-0.0106532
631,3,7.30205,-0.035431
631,4,-9.82153,-0.0172337
631,5,-10.872,0.011457
631,6,2.87258,2.87258
631,7,-8.9234,-8.9234
631,8,17.3743,17.3743
631,9,-11.6117,-0.0257409
631,10,0.768698,0.275111
631,11,9.41879,-0.0327013
631,12,3.25155,-0.069558
631,13,-8.17326,-8.17326
631,14,2.4132,2.4132
631,15,-15.3767,-0.0191673
631,16,9.61242,-0.0310705
631,17,8.93235,8.93235
631,18,-10.4454,0.0300267
631,19,-19.6862,-0.0134813
631,20,3.52964,-0.0897911
632,1,17.2583,-0.0133778
632,2,-19.1968,-0.00961231
632,3,7.24149,-0.0302403
632,4,-9.7053,-0.0262091
632,5,-10.8127,0.0163424
632,6,2.9017,2.9017
632,7,-8.98986,-8.98986
632,8,17.3577,17.3577
632,9,-11.6213,-0.0254247
632,10,0.697904,0.370746
632,11,9.39556,-0.0320716
632,12,3.22258,-0.063576
632,13,-8.19205,-8.19205
632,14,2.43848,2.43848
632,15,-15.3912,-0.0194847
632,16,9.59593,-0.0316763
632,17,8.91781,8.91781
632,18,-10.3812,0.02855
632,19,-19.588,-0.0156339
632,20,3.46408,-0.0913043
633,1,16.5014,0.0192897
633,2,-18.4355,0.0169126
633,3,6.47382,0.0490026
633,4,-8.94426,0.00620034
633,5,-10.0503,0.00498227
633,6,3.65909,3.65909
633,7,-9.75169,-9.75169
633,8,18.1172,18.1172
633,9,-10.859,0.0125601
633,10,-0.0648221,0.993102
633,11,8.63555,0.0335686
633,12,2.46527,0.12835
633,13,-8.95821,-8.95821
633,14,3.1993,3.1993
633,15,-14.6322,0.0199057
633,16,10.3546,0.0275888
633,17,9.67695,9.67695
633,18,-9.6181,-0.030843
633,19,-18.8183,0.00913808
633,20,2.70206,0.0948548
634,1,17.002,-0.000115988
634,2,-18.8103,0.00949648
634,3,6.82223,0.0247237
634,4,-9.24583,-0.0240227
634,5,-10.3791,0.0284831
634,6,3.25855,3.25855
634,7,-9.40843,-9.40843
634,8,17.6792,17.6792
634,9,-11.3121,-0.0233768
634,10,0.290336,0.866995
634,11,9.02945,-0.00325652
634,12,2.86517,0.0456624
634,13,-8.55925,-8.55925
634,14,2.80801,2.80801
634,15,-15.062,-0.00409263
634,16,9.91695,-0.00828034
634,17,9.2385,9.2385
634,18,-9.94157,-0.00584391
634,19,-19.1129,-0.00578543
634,20,3.04267,-0.0139808
635,1,17.0311,-0.00182326
635,2,-18.9003,0.00518982
635,3,6.91194,0.0125788
635,4,-9.37729,-0.0314534
635,5,-10.4966,0.0303233
635,6,3.17546,3.17546
635,7,-9.30048,-9.30048
635,8,17.6199,17.6199
635,9,-11.3592,-0.025325
635,10,0.392263,0.765432
635,11,9.11306,-0.0121471
635,12,2.94762,0.0176907
635,13,-8.49412,-8.49412
635,14,2.72477,2.72477
635,15,-15.1239,-0.00798992
635,16,9.85666,-0.014056
635,17,9.18024,9.18024
635,18,-10.0584,0.00577263
635,19,-19.232,-0.0110246
635,20,3.1513,-0.0462244
636,1,17.0255,-0.0014985
636,2,-18.9093,0.0047311
636,3,6.92647,0.0105222
636,4,-9.3902,-0.0319013
636,5,-10.511,0.0302656
636,6,3.17188,3.17188
636,7,-9.28857,-9.28857
636,8,17.6166,17.6166
636,9,-11.3605,-0.0253723
636,10,0.402582,0.75393
636,11,9.11972,-0.0128201
636,12,2.95141,0.0164003
636,13,-8.48419,-8.48419
636,14,2.71786,2.71786
636,15,-15.1269,-0.00817001
636,16,9.85479,-0.0142294
636,17,9.17804,9.17804
636,18,-10.0729,0.00717834
636,19,-19.2522,-0.0117728
636,20,3.16425,-0.049636
637,1,17.1445,-0.0081424
637,2,-19.0296,-0.00155175
637,3,7.04756,-0.00672359
637,4,-9.51105,-0.0334472
637,5,-10.6315,0.0274204
637,6,3.05214,3.05214
637,7,-9.16773,-9.16773
637,8,17.497,17.497
637,9,-11.4804,-0.027674
637,10,0.522906,0.607157
637,11,9.23997,-0.0235797
637,12,3.07144,-0.0230648
637,13,-8.36385,-8.36385
637,14,2.59763,2.59763
637,15,-15.2469,-0.0146186
637,16,9.73506,-0.0241798
637,17,9.05822,9.05822
637,18,-10.1937,0.0178468
637,19,-19.3735,-0.0151506
637,20,3.28496,-0.0756156
638,1,16.8827,0.00679441
638,2,-18.789,0.0104252
638,3,6.81397,0.025773
638,4,-9.28134,-0.0265172
638,5,-10.397,0.029026
638,6,3.29823,3.29823
638,7,-9.40448,-9.40448
638,8,17.7485,17.7485
638,9,-11.2268,-0.0185333
638,10,0.28429,0.872257
638,11,8.99475,0.000583185
638,12,2.82545,0.0587268
638,13,-8.60567,-8.60567
638,14,2.84181,2.84181
638,15,-14.9973,0.000178332
638,16,9.98652,-0.00134926
638,17,9.30957,9.30957
638,18,-9.96106,-0.00389934
638,19,-19.1483,-0.00746637
638,20,3.04888,-0.015968
639,1,17.4884,-0.0181891
639,2,-19.3519,-0.0146998
639,3,7.36552,-0.0394165
639,4,-9.82253,-0.0171464
639,5,-10.947,0.00482321
639,6,2.72468,2.72468
639,7,-8.84921,-8.84921
639,8,17.1638,17.1638
639,9,-11.8173,-0.0146237
639,10,0.843656,0.177955
639,11,9.56689,-0.03254
639,12,3.39906,-0.0889774
639,13,-8.03804,-8.03804
639,14,2.27146,2.27146
639,15,-15.5786,-0.0198132
639,16,9.40181,-0.0322581
639,17,8.72471,8.72471
639,18,-10.5077,0.0302842
639,19,-19.6825,-0.013586
639,20,3.60293,-0.083769
640,1,17.5493,-0.0179205
640,2,-19.5105,-0.0163058
640,3,7.56062,-0.04134
640,4,-10.0419,0.00415597
640,5,-11.1346,-0.011733
640,6,2.58623,2.58623
640,7,-8.66855,-8.66855
640,8,17.0559,17.0559
640,9,-11.9185,-0.00676068
640,10,1.01933,-0.018956
640,11,9.7063,-0.026144
640,12,3.53741,-0.0893633
640,13,-7.88297,-7.88297
640,14,2.12716,2.12716
640,15,-15.694,-0.0166313
640,16,9.29393,-0.0273194
640,17,8.61575,8.61575
640,18,-10.7045,0.0238077
640,19,-19.9171,-0.00411726
640,20,3.78629,-0.0522963
641,1,16.577,0.0186431
641,2,-18.5596,0.0168506
641,3,6.62304,0.0445151
641,4,-9.11134,-0.0119721
641,5,-10.1906,0.0176064
641,6,3.54062,3.54062
641,7,-9.60965,-9.60965
641,8,18.0192,18.0192
641,9,-10.9613,0.00352568
641,10,0.0789041,0.98979
641,11,8.75303,0.0254688
641,12,2.58339,0.11901
641,13,-8.83208,-8.83208
641,14,3.07919,3.07919
641,15,-14.7325,0.0160941
641,16,10.2569,0.0224147
641,17,9.57801,9.57801
641,18,-9.76359,-0.0220481
641,19,-18.989,0.000581684
641,20,2.844,0.0526838
642,1,16.7201,0.0146656
642,2,-18.5453,0.0169907
642,3,6.557,0.0477689
642,4,-8.9928,0.000800749
642,5,-10.1246,0.0119987
642,6,3.52578,3.52578
642,7,-9.66564,-9.66564
642,8,17.9522,17.9522
642,9,-11.0379,-0.00342755
642,10,0.0314208,0.998377
642,11,8.76582,0.0243697
642,12,2.59832,0.116709
642,13,-8.83264,-8.83264
642,14,3.07288,3.07288
642,15,-14.7893,0.0132314
642,16,10.1895,0.0175189
642,17,9.5114,9.5114
642,18,-9.6849,-0.0274758
642,19,-18.8563,0.00736432
642,20,2.78626,0.0710746
643,1,17.9813,-0.00103944
643,2,-19.8074,-0.00914256
643,3,7.81652,-0.0221945
643,4,-10.2597,0.0225943
643,5,-11.3859,-0.0261792
643,6,2.25996,2.25996
643,7,-8.40441,-8.40441
643,8,16.6908,16.6908
643,9,-12.2954,0.0207203
643,10,1.29376,-0.196174
643,11,10.0258,0.00257497
643,12,3.86313,-0.0343485
643,13,-7.5723,-7.5723
643,14,1.81212,1.81212
643,15,-16.0499,0.00309385
643,16,8.92874,0.00791495
643,17,8.25107,8.25107
643,18,-10.9475,0.00477834
643,19,-20.1173,0.0056994
643,20,4.04632,0.011407
644,1,16.1994,0.0115217
644,2,-18.2217,0.0112058
644,3,6.30431,0.0412458
644,4,-8.83266,0.0180852
644,5,-9.87692,-0.0121535
644,6,3.86858,3.86858
644,7,-9.92001,-9.92001
644,8,18.3771,18.3771
644,9,-10.6066,0.0283425
644,10,-0.224925,0.918834
644,11,8.42034,0.0366248
644,12,2.25501,0.101372
644,13,-9.17516,-9.17516
644,14,3.41194,3.41194
644,15,-14.372,0.0203818
644,16,10.6158,0.0280206
644,17,9.93493,9.93493
644,18,-9.44819,-0.0332447
644,19,-18.6924,0.014011
644,20,2.53495,0.124812
645,1,17.2758,-0.0140396
645,2,-19.0584,-0.00304771
645,3,7.0733,-0.010271
645,4,-9.46005,-0.0333831
645,5,-10.6077,0.0283068
645,6,3.0181,3.0181
645,7,-9.17881,-9.17881
645,8,17.4198,17.4198
645,9,-11.5763,-0.0267111
645,10,0.520489,0.610293
645,11,9.27169,-0.0258726
645,12,3.10515,-0.0332503
645,13,-8.29396,-8.29396
645,14,2.56357,2.56357
645,15,-15.3236,-0.0176645
645,16,9.65742,-0.029011
645,17,8.97849,8.97849
645,18,-10.1744,0.0162928
645,19,-19.3488,-0.0146298
645,20,3.27298,-0.0735506
646,1,16.3713,0.0178748
646,2,-18.2836,0.0135402
646,3,6.30686,0.0414616
646,4,-8.78501,0.0226537
646,5,-9.89264,-0.0106482
646,6,3.80188,3.80188
646,7,-9.90891,-9.90891
646,8,18.26,18.26
646,9,-10.7145,0.0232148
646,10,-0.22075,0.921747
646,11,8.48771,0.0374745
646,12,2.32166,0.116143
646,13,-9.11743,-9.11743
646,14,3.34824,3.34824
646,15,-14.4893,0.0219562
646,16,10.4948,0.0303262
646,17,9.81855,9.81855
646,18,-9.45797,-0.0333623
646,19,-18.6436,0.0153664
646,20,2.54448,0.123879
647,1,16.5532,0.0189618
647,2,-18.3432,0.01529
647,3,6.35918,0.0452361
647,4,-8.75839,0.0250127
647,5,-9.89827,-0.0101031
647,6,3.72753,3.72753
647,7,-9.88849,-9.88849
647,8,18.1375,18.1375
647,9,-10.8547,0.0129277
647,10,-0.187795,0.942989
647,11,8.55841,0.0365681
647,12,2.39561,0.125791
647,13,-9.01204,-9.01204
647,14,3.27702,3.27702
647,15,-14.604,0.0206434
647,16,10.3761,0.0283821
647,17,9.6969,9.6969
647,18,-9.46378,-0.033417
647,19,-18.6394,0.015465
647,20,2.56322,0.121743
648,1,17.3711,-0.0168418
648,2,-19.1694,-0.00842724
648,3,7.18397,-0.0242061
648,4,-9.60098,-0.0314995
648,5,-10.7307,0.022208
648,6,2.89624,2.89624
648,7,-9.0565,-9.0565
648,8,17.3172,17.3172
648,9,-11.6733,-0.0233252
648,10,0.64488,0.443344
648,11,9.38602,-0.0317623
648,12,3.22659,-0.0644423
648,13,-8.19386,-8.19386
648,14,2.45024,2.45024
648,15,-15.4252,-0.0200692
648,16,9.5541,-0.0328366
648,17,8.87499,8.87499
648,18,-10.2951,0.0247316
648,19,-19.4699,-0.0162759
648,20,3.39432,-0.088656
649,1,16.5757,0.0186628
649,2,-18.5076,0.0171939
649,3,6.54057,0.0482722
649,4,-9.01926,-0.00213448
649,5,-10.123,0.0118519
649,6,3.58303,3.58303
649,7,-9.68129,-9.68129
649,8,18.0453,18.0453
649,9,-10.928,0.0065341
649,10,0.00724575,0.999914
649,11,8.70776,0.0290407
649,12,2.54,0.124331
649,13,-8.89115,-8.89115
649,14,3.12709,3.12709
649,15,-14.7042,0.0173453
649,16,10.2812,0.0239273
649,17,9.60426,9.60426
649,18,-9.68953,-0.0271974
649,19,-18.8855,0.00593378
649,20,2.77371,0.074884
650,1,17.4115,-0.0175802
650,2,-19.2297,-0.0109361
650,3,7.24071,-0.030165
650,4,-9.67307,-0.0281615
650,5,-10.8049,0.0169447
650,6,2.83928,2.83928
650,7,-8.98468,-8.98468
650,8,17.2641,17.2641
650,9,-11.7253,-0.0206266
650,10,0.713886,0.348954
650,11,9.44946,-0.0332618
650,12,3.28414,-0.0754781
650,13,-8.14498,-8.14498
650,14,2.38861,2.38861
650,15,-15.4764,-0.0205108
650,16,9.50212,-0.0334981
650,17,8.82399,8.82399
650,18,-10.366,0.0280273
650,19,-19.5369,-0.0161831
650,20,3.46701,-0.0913184
651,1,17.2434,-0.0127811
651,2,-19.1857,-0.00913979
651,3,7.22463,-0.0285753
651,4,-9.70326,-0.0263406
651,5,-10.804,0.0170141
651,6,2.90739,2.90739
651,7,-8.99986,-8.99986
651,8,17.3716,17.3716
651,9,-11.6014,-0.0260553
651,10,0.687882,0.384445
651,11,9.38421,-0.0317
651,12,3.216,-0.0621263
651,13,-8.21082,-8.21082
651,14,2.45024,2.45024
651,15,-15.3779,-0.0191947
651,16,9.60854,-0.0312206
651,17,8.93118,8.93118
651,18,-10.3717,0.0282322
651,19,-19.5733,-0.0158326
651,20,3.45501,-0.0912112
652,1,17.8654,-0.00731207
652,2,-19.7975,-0.00955421
652,3,7.83499,-0.0201297
652,4,-10.3042,0.025227
652,5,-11.4121,-0.0268359
652,6,2.29699,2.29699
652,7,-8.39069,-8.39069
652,8,16.7537,16.7537
652,9,-12.2222,0.0167385
652,10,1.29701,-0.197184
652,11,9.99778,-0.000221919
652,12,3.82696,-0.0430215
652,13,-7.59568,-7.59568
652,14,1.83715,1.83715
652,15,-15.9946,-0.000335722
652,16,8.99163,0.000930801
652,17,8.314,8.314
652,18,-10.9793,0.00188414
652,19,-20.1791,0.00841631
652,20,4.0634,0.0154992
653,1,17.4214,-0.0177174
653,2,-19.4409,-0.0160915
653,3,7.52158,-0.0422223
653,4,-10.0445,0.00441924
653,5,-11.0923,-0.00820794
653,6,2.65329,2.65329
653,7,-8.7026,-8.7026
653,8,17.1573,17.1573
653,9,-11.8291,-0.0137625
653,10,0.989805,0.0102985
653,11,9.63781,-0.02998
653,12,3.47091,-0.0913252
653,13,-7.95556,-7.95556
653,14,2.19424,2.19424
653,15,-15.5936,-0.0195376
653,16,9.3955,-0.0320695
653,17,8.7153,8.7153
653,18,-10.6656,0.0258962
653,19,-19.9073,-0.00458959
653,20,3.75042,-0.0599346
654,1,17.5235,-0.0181153
654,2,-19.4965,-0.0163255
654,3,7.55726,-0.0414401
654,4,-10.0349,0.00347
654,5,-11.123,-0.0107828
654,6,2.60614,2.60614
654,7,-8.6779,-8.6779
654,8,17.0769,17.0769
654,9,-11.9046,-0.0078949
654,10,1.01022,-0.010117
654,11,9.68974,-0.0271847
654,12,3.51785,-0.090342
654,13,-7.89229,-7.89229
654,14,2.14241,2.14241
654,15,-15.6742,-0.0173436
654,16,9.31504,-0.0285633
654,17,8.6365,8.6365
654,18,-10.6958,0.0243052
654,19,-19.9186,-0.00404108
654,20,3.77541,-0.0546739
655,1,16.3569,0.0175258
655,2,-18.3374,0.0151437
655,3,6.40005,0.0473036
655,4,-8.88665,0.0124874
655,5,-9.96706,-0.00329873
655,6,3.76333,3.76333
655,7,-9.8327,-9.8327
655,8,18.2408,18.2408
655,9,-10.7403,0.0215869
655,10,-0.144988,0.965778
655,11,8.53075,0.0371392
655,12,2.36102,0.122171
655,13,-9.05433,-9.05433
655,14,3.30148,3.30148
655,15,-14.5117,0.0219199
655,16,10.478,0.0303063
655,17,9.7992,9.7992
655,18,-9.54033,-0.0330972
655,19,-18.7646,0.0114333
655,20,2.62057,0.112856
656,1,17.2843,-0.0143484
656,2,-19.0797,-0.00413442
656,3,7.09329,-0.0129643
656,4,-9.5007,-0.0335038
656,5,-10.6394,0.0270965
656,6,2.99186,2.99186
656,7,-9.14678,-9.14678
656,8,17.4045,17.4045
656,9,-11.59,-0.0263733
656,10,0.552122,0.568809
656,11,9.29692,-0.0275034
656,12,3.13202,-0.0409549
656,13,-8.2821,-8.2821
656,14,2.53964,2.53964
656,15,-15.3383,-0.0181318
656,16,9.64164,-0.029799
656,17,8.96282,8.96282
656,18,-10.2037,0.018626
656,19,-19.3764,-0.0152042
656,20,3.30438,-0.0787035
657,1,16.8849,0.00667149
657,2,-18.8014,0.00989264
657,3,6.82705,0.024105
657,4,-9.30361,-0.0279059
657,5,-10.4118,0.0294068
657,6,3.28582,3.28582
657,7,-9.39051,-9.39051
657,8,17.7436,17.7436
657,9,-11.2303,-0.018765
657,10,0.297714,0.860449
657,11,9.00456,-0.000506144
657,12,2.83761,0.0547761
657,13,-8.59816,-8.59816
657,14,2.83121,2.83121
657,15,-15.0051,-0.000340093
657,16,9.97935,-0.00206792
657,17,9.30287,9.30287
657,18,-9.97729,-0.00227376
657,19,-19.1655,-0.00825224
657,20,3.06328,-0.0205204
658,1,16.9855,0.000851615
658,2,-18.8507,0.00763158
658,3,6.86498,0.0190829
658,4,-9.32157,-0.0289219
658,5,-10.4466,0.0300425
658,6,3.2266,3.2266
658,7,-9.35033,-9.35033
658,8,17.6657,17.6657
658,9,-11.3152,-0.0235214
658,10,0.342731,0.817675
658,11,9.06541,-0.00716501
658,12,2.89701,0.0349342
658,13,-8.53912,-8.53912
658,14,2.7729,2.7729
658,15,-15.0765,-0.00502698
658,16,9.90389,-0.00955728
658,17,9.22676,9.22676
658,18,-10.0072,0.000722801
658,19,-19.1828,-0.00901467
658,20,3.10229,-0.0324069
659,1,17.8943,-0.00579945
659,2,-19.7696,-0.010663
659,3,7.78449,-0.025617
659,4,-10.2469,0.0217474
659,5,-11.3684,-0.0256418
659,6,2.30914,2.30914
659,7,-8.42951,-8.42951
659,8,16.7522,16.7522
659,9,-12.2262,0.0169837
659,10,1.26216,-0.18501
659,11,9.98185,-0.00181781
659,12,3.81431,-0.0459668
659,13,-7.62316,-7.62316
659,14,1.85607,1.85607
659,15,-15.991,-0.000563666
659,16,8.9902,0.00108999
659,17,8.31344,8.31344
659,18,-10.93,0.00635049
659,19,-20.1067,0.00520716
659,20,4.02275,0.00564973
660,1,16.3536,0.0174422
660,2,-18.3709,0.0159216
660,3,6.45114,0.0487616
660,4,-8.97202,0.00311487
660,5,-10.0218,0.00217817
660,6,3.72214,3.72214
660,7,-9.77476,-9.77476
660,8,18.2251,18.2251
660,9,-10.7586,0.0203468
660,10,-0.0813722,0.989144
660,11,8.56805,0.0363049
660,12,2.40168,0.126264
660,13,-9.02428,-9.02428
660,14,3.264,3.264
660,15,-14.5245,0.0218503
660,16,10.464,0.0302255
660,17,9.78359,9.78359
660,18,-9.59425,-0.0317335
660,19,-18.8359,0.00832986
660,20,2.67944,0.100415
661,1,17.4527,-0.0180374
661,2,-19.2525,-0.011782
661,3,7.26499,-0.0324051
661,4,-9.67635,-0.027975
661,5,-10.8165,0.0160417
661,6,2.81967,2.81967
661,7,-8.97108,-8.97108
661,8,17.2331,17.2331
661,9,-11.7616,-0.0184273
661,10,0.728234,0.329471
661,11,9.47136,-0.0334717
661,12,3.30391,-0.078633
661,13,-8.11236,-8.11236
661,14,2.36613,2.36613
661,15,-15.5085,-0.0205175
661,16,9.4706,-0.0334671
661,17,8.79196,8.79196
661,18,-10.3791,0.0284835
661,19,-19.551,-0.0160721
661,20,3.48089,-0.0912802
662,1,17.6824,-0.0151274
662,2,-19.6284,-0.0149162
662,3,7.6685,-0.0358272
662,4,-10.1501,0.0142436
662,5,-11.2477,-0.0198635
662,6,2.46464,2.46464
662,7,-8.55591,-8.55591
662,8,16.9317,16.9317
662,9,-12.0415,0.00343678
662,10,1.13145,-0.112905
662,11,9.82636,-0.0168078
662,12,3.65902,-0.0763621
662,13,-7.76942,-7.76942
662,14,2.00785,2.00785
662,15,-15.819,-0.0108334
662,16,9.16776,-0.0174637
662,17,8.49036,8.49036
662,18,-10.8159,0.0160881
662,19,-20.0185,0.000922218
662,20,3.89905,-0.0254599
663,1,16.3693,0.0178291
663,2,-18.3678,0.0158564
663,3,6.43921,0.0485342
663,4,-8.93977,0.00669689
663,5,-10.0068,0.000674724
663,6,3.73071,3.73071
663,7,-9.79197,-9.79197
663,8,18.2192,18.2192
663,9,-10.7632,0.0200298
663,10,-0.101478,0.983147
663,11,8.56174,0.0364811
663,12,2.39314,0.125584
663,13,-9.02467,-9.02467
663,14,3.27019,3.27019
663,15,-14.532,0.0217935
663,16,10.4574,0.0301664
663,17,9.77792,9.77792
663,18,-9.5802,-0.0321768
663,19,-18.8134,0.00935956
663,20,2.66177,0.104471
664,1,17.5518,-0.0178955
664,2,-19.351,-0.0146787
664,3,7.36371,-0.0393248
664,4,-9.77535,-0.0211207
664,5,-10.9139,0.00779114
664,6,2.72061,2.72061
664,7,-8.87295,-8.87295
664,8,17.1347,17.1347
664,9,-11.8598,-0.0114441
664,10,0.826019,0.200294
664,11,9.56934,-0.0324773
664,12,3.40318,-0.0892394
664,13,-8.01361,-8.01361
664,14,2.26783,2.26783
664,15,-15.6075,-0.0192428
664,16,9.37194,-0.0312522
664,17,8.69325,8.69325
664,18,-10.4771,0.0303031
664,19,-19.6492,-0.0144534
664,20,3.57855,-0.0862551
665,1,16.5883,0.0184558
665,2,-18.55,0.0169487
665,3,6.59881,0.045932
665,4,-9.08501,-0.00924646
665,5,-10.1746,0.0163124
665,6,3.54489,3.54489
665,7,-9.62894,-9.62894
665,8,18.0183,18.0183
665,9,-10.9556,0.00404193
665,10,0.0589462,0.994294
665,11,8.74596,0.02606
665,12,2.57882,0.119668
665,13,-8.84672,-8.84672
665,14,3.08743,3.08743
665,15,-14.7332,0.0160623
665,16,10.2545,0.0222598
665,17,9.57646,9.57646
665,18,-9.74418,-0.0235171
665,19,-18.9554,0.00234693
665,20,2.82658,0.0583619
666,1,16.8726,0.00735081
666,2,-18.6965,0.0138826
666,3,6.70777,0.0376989
666,4,-9.14339,-0.0151574
666,5,-10.2752,0.0235692
666,6,3.37378,3.37378
666,7,-9.51536,-9.51536
666,8,17.8001,17.8001
666,9,-11.1892,-0.0159324
666,10,0.182423,0.946151
666,11,8.91669,0.009237
666,12,2.74989,0.0818773
666,13,-8.68086,-8.68086
666,14,2.92181,2.92181
666,15,-14.9407,0.00394726
666,16,10.0379,0.00376186
666,17,9.3598,9.3598
666,18,-9.83557,-0.0159843
666,19,-19.0067,-0.000354807
666,20,2.93669,0.0214176
667,1,17.7268,-0.0135892
667,2,-19.5766,-0.0157913
667,3,7.58606,-0.0404356
667,4,-10.043,0.00426449
667,5,-11.166,-0.0142
667,6,2.49492,2.49492
667,7,-8.62813,-8.62813
667,8,16.9333,16.9333
667,9,-12.0488,0.00403564
667,10,1.06697,-0.0623021
667,11,9.7928,-0.0196958
667,12,3.62818,-0.0807145
667,13,-7.81222,-7.81222
667,14,2.04546,2.04546
667,15,-15.8086,-0.0113933
667,16,9.17086,-0.0177487
667,17,8.49397,8.49397
667,18,-10.727,0.0224403
667,19,-19.8979,-0.00504404
667,20,3.82309,-0.0439292
668,1,16.2562,0.0141112
668,2,-18.2498,0.0123272
668,3,6.31832,0.0423934
668,4,-8.81741,0.0195903
668,5,-9.88773,-0.0111207
668,6,3.84651,3.84651
668,7,-9.91328,-9.91328
668,8,18.3337,18.3337
668,9,-10.6445,0.0268743
668,10,-0.222274,0.920689
668,11,8.44448,0.0371225
668,12,2.27696,0.10686
668,13,-9.14277,-9.14277
668,14,3.38774,3.38774
668,15,-14.4165,0.0213236
668,16,10.5722,0.0293367
668,17,9.89262,9.89262
668,18,-9.45956,-0.0333783
668,19,-18.6902,0.0140787
668,20,2.54205,0.124126
669,1,17.7173,-0.0139388
669,2,-19.5028,-0.0163207
669,3,7.51811,-0.0422705
669,4,-9.91027,-0.00893437
669,5,-11.0542,-0.00487531
669,6,2.5717,2.5717
669,7,-8.73189,-8.73189
669,8,16.9771,16.9771
669,9,-12.0184,0.0015309
669,10,0.96729,0.0337564
669,11,9.71686,-0.0254459
669,12,3.55179,-0.0884357
669,13,-7.85141,-7.85141
669,14,2.11851,2.11851
669,15,-15.7666,-0.0135126
669,16,9.21433,-0.0215424
669,17,8.53528,8.53528
669,18,-10.6205,0.0278498
669,19,-19.7952,-0.00964773
669,20,3.71953,-0.0660197
670,1,17.5795,-0.0175458
670,2,-19.5632,-0.0159516
670,3,7.62469,-0.0385851
670,4,-10.1227,0.0118233
670,5,-11.1967,-0.0164721
670,6,2.53172,2.53172
670,7,-8.60546,-8.60546
670,8,17.0175,17.0175
670,9,-11.959,-0.00342278
670,10,1.08392,-0.0765288
670,11,9.75802,-0.0224778
670,12,3.59222,-0.084918
670,13,-7.8335,-7.8335
670,14,2.07445,2.07445
670,15,-15.7354,-0.014945
670,16,9.25323,-0.0245703
670,17,8.57396,8.57396
670,18,-10.7677,0.0197077
670,19,-19.9912,-0.000442025
670,20,3.85057,-0.0373965
671,1,16.7819,0.012005
671,2,-18.7715,0.0111558
671,3,6.83906,0.0225429
671,4,-9.33074,-0.0294036
671,5,-10.4056,0.029254
671,6,3.32921,3.32921
671,7,-9.39415,-9.39415
671,8,17.8112,17.8112
671,9,-11.1712,-0.0145944
671,10,0.295496,0.862431
671,11,8.96454,0.00394728
671,12,2.79457,0.0685121
671,13,-8.61976,-8.61976
671,14,2.86739,2.86739
671,15,-14.9403,0.00397267
671,16,10.0491,0.00486901
671,17,9.37011,9.37011
671,18,-9.97912,-0.00209064
671,19,-19.2087,-0.0101038
671,20,3.05943,-0.019311
672,1,17.3524,-0.0164059
672,2,-19.2115,-0.0102165
672,3,7.22777,-0.0288922
672,4,-9.67815,-0.0278714
672,5,-10.8055,0.0168977
672,6,2.86615,2.86615
672,7,-8.99013,-8.99013
672,8,17.3022,17.3022
672,9,-11.6824,-0.0228927
672,10,0.703217,0.363492
672,11,9.42848,-0.0329118
672,12,3.25824,-0.0708446
672,13,-8.17539,-8.17539
672,14,2.41019,2.41019
672,15,-15.4406,-0.0202576
672,16,9.53969,-0.0331078
672,17,8.86197,8.86197
672,18,-10.3656,0.0280099
672,19,-19.5424,-0.016144
672,20,3.46277,-0.0912955
673,1,17.0931,-0.0053698
673,2,-19.0317,-0.00166268
673,3,7.06991,-0.00980926
673,4,-9.54486,-0.0330181
673,5,-10.6486,0.0266952
673,6,3.06185,3.06185
673,7,-9.15456,-9.15456
673,8,17.5229,17.5229
673,9,-11.4506,-0.0274642
673,10,0.532721,0.594363
673,11,9.23085,-0.0228729
673,12,3.06189,-0.0200871
673,13,-8.36329,-8.36329
673,14,2.60387,2.60387
673,15,-15.2259,-0.0136198
673,16,9.76073,-0.0222691
673,17,9.08331,9.08331
673,18,-10.2163,0.0195773
673,19,-19.4168,-0.0158373
673,20,3.29978,-0.0780013
674,1,16.7019,0.0153517
674,2,-18.6073,0.0161446
674,3,6.63378,0.0438077
674,4,-9.09811,-0.0106138
674,5,-10.2148,0.0194708
674,6,3.48094,3.48094
674,7,-9.58633,-9.58633
674,8,17.9299,17.9299
674,9,-11.0472,-0.00425479
674,10,0.102517,0.982802
674,11,8.81356,0.0199646
674,12,2.64311,0.108462
674,13,-8.78612,-8.78612
674,14,3.023,3.023
674,15,-14.8163,0.0117219
674,16,10.1677,0.0157396
674,17,9.49041,9.49041
674,18,-9.77887,-0.0208372
674,19,-18.9673,0.00171992
674,20,2.86719,0.0449867
675,1,17.6451,-0.0161979
675,2,-19.4788,-0.0163052
675,3,7.48919,-0.0424781
675,4,-9.93365,-0.00663078
675,5,-11.0618,-0.00554748
675,6,2.59136,2.59136
675,7,-8.72959,-8.72959
675,8,17.0224,17.0224
675,9,-11.9638,-0.00301568
675,10,0.966815,0.0342615
675,11,9.69786,-0.0266835
675,12,3.53231,-0.0896501
675,13,-7.90294,-7.90294
675,14,2.14062,2.14062
675,15,-15.7185,-0.0156656
675,16,9.2604,-0.0250867
675,17,8.58277,8.58277
675,18,-10.6223,0.0277796
675,19,-19.793,-0.0097373
675,20,3.72172,-0.0656047
676,1,16.2305,0.0129923
676,2,-18.2111,0.0107612
676,3,6.2719,0.0382688
676,4,-8.76343,0.0245776
676,5,-9.84302,-0.0153093
676,6,3.88554,3.88554
676,7,-9.95938,-9.95938
676,8,18.3659,18.3659
676,9,-10.6101,0.0282245
676,10,-0.269918,0.884393
676,11,8.4057,0.0362188
676,12,2.238,0.0967094
676,13,-9.18221,-9.18221
676,14,3.42691,3.42691
676,15,-14.3847,0.0206933
676,16,10.6038,0.0284378
676,17,9.92476,9.92476
676,18,-9.41413,-0.032589
676,19,-18.6372,0.0155166
676,20,2.49612,0.127513
677,1,17.2873,-0.0144524
677,2,-19.0686,-0.00356985
677,3,7.0856,-0.0119352
677,4,-9.47031,-0.0334652
677,5,-10.6159,0.0280194
677,6,3.007,3.007
677,7,-9.17006,-9.17006
677,8,17.4095,17.4095
677,9,-11.5857,-0.0264845
677,10,0.528967,0.599268
677,11,9.28079,-0.0264812
677,12,3.1165,-0.0365525
677,13,-8.28129,-8.28129
677,14,2.55378,2.55378
677,15,-15.3348,-0.0180252
677,16,9.64684,-0.0295471
677,17,8.9676,8.9676
677,18,-10.1835,0.0170353
677,19,-19.3598,-0.0148736
677,20,3.28132,-0.0750014
678,1,17.8761,-0.0067568
678,2,-19.7902,-0.0098494
678,3,7.81398,-0.022474
678,4,-10.2928,0.0246008
678,5,-11.3997,-0.0265489
678,6,2.2957,2.2957
678,7,-8.40217,-8.40217
678,8,16.7546,16.7546
678,9,-12.22,0.0166008
678,10,1.2861,-0.193689
678,11,9.99388,-0.000612828
678,12,3.82777,-0.0428324
678,13,-7.61123,-7.61123
678,14,1.84192,1.84192
678,15,-15.9951,-0.00030781
678,16,8.98916,0.00120537
678,17,8.31286,8.31286
678,18,-10.9652,0.00316714
678,19,-20.1514,0.00723396
678,20,4.05146,0.0126458
679,1,17.1554,-0.00870172
679,2,-19.174,-0.00863065
679,3,7.25469,-0.0314791
679,4,-9.77644,-0.021033
679,5,-10.8257,0.0153065
679,6,2.91959,2.91959
679,7,-8.97048,-8.97048
679,8,17.4229,17.4229
679,9,-11.5622,-0.0270068
679,10,0.723127,0.336396
679,11,9.37119,-0.0312235
679,12,3.20418,-0.0594411
679,13,-8.22142,-8.22142
679,14,2.46087,2.46087
679,15,-15.3267,-0.0177645
679,16,9.66191,-0.0287743
679,17,8.98161,8.98161
679,18,-10.3984,0.0290653
679,19,-19.6405,-0.014653
679,20,3.4834,-0.0912549
680,1,16.785,0.011855
680,2,-18.7155,0.0132576
680,3,6.75689,0.0325821
680,4,-9.21826,-0.0218647
680,5,-10.3293,0.0264895
680,6,3.38152,3.38152
680,7,-9.47332,-9.47332
680,8,17.8346,17.8346
680,9,-11.1444,-0.0125188
680,10,0.214822,0.925799
680,11,8.91598,0.00931464
680,12,2.7427,0.0839257
680,13,-8.67323,-8.67323
680,14,2.91858,2.91858
680,15,-14.9135,0.00572963
680,16,10.073,0.00717923
680,17,9.39487,9.39487
680,18,-9.89661,-0.0102645
680,19,-19.1001,-0.0051568
680,20,2.98076,0.00645104
681,1,16.6548,0.0168956
681,2,-18.5052,0.0171988
681,3,6.51762,0.0487635
681,4,-8.96946,0.00340007
681,5,-10.0954,0.00930446
681,6,3.56855,3.56855
681,7,-9.69823,-9.69823
681,8,18.0045,18.0045
681,9,-10.9799,0.00182513
681,10,-0.00432667,0.999969
681,11,8.72286,0.0279069
681,12,2.55559,0.12266
681,13,-8.88179,-8.88179
681,14,3.1158,3.1158
681,15,-14.738,0.0158384
681,16,10.2419,0.0214094
681,17,9.56449,9.56449
681,18,-9.65584,-0.0290929
681,19,-18.8286,0.00866966
681,20,2.75352,0.0808334
682,1,17.9631,-0.00204954
682,2,-19.783,-0.0101387
682,3,7.79298,-0.0247309
682,4,-10.2297,0.0205546
682,5,-11.3584,-0.0252976
682,6,2.28438,2.28438
682,7,-8.43112,-8.43112
682,8,16.7117,16.7117
682,9,-12.2757,0.0197535
682,10,1.26772,-0.18715
682,11,10.0018,0.000183109
682,12,3.83874,-0.0402354
682,13,-7.59291,-7.59291
682,14,1.83595,1.83595
682,15,-16.0284,0.00177142
682,16,8.95004,0.0055587
682,17,8.27208,8.27208
682,18,-10.9201,0.00724015
682,19,-20.0905,0.00444458
682,20,4.01982,0.00492708
683,1,17.1178,-0.00672558
683,2,-19.1373,-0.00695399
683,3,7.21884,-0.0279832
683,4,-9.74427,-0.0235107
683,5,-10.7907,0.0180294
683,6,2.95349,2.95349
683,7,-9.00668,-9.00668
683,8,17.4603,17.4603
683,9,-11.5228,-0.0275531
683,10,0.687935,0.384373
683,11,9.33542,-0.0296398
683,12,3.17014,-0.0511502
683,13,-8.25911,-8.25911
683,14,2.49681,2.49681
683,15,-15.2893,-0.0164223
683,16,9.69874,-0.0266276
683,17,9.01788,9.01788
683,18,-10.3621,0.0278796
683,19,-19.6052,-0.015357
683,20,3.44843,-0.0910969
684,1,16.2684,0.0146122
684,2,-18.1926,0.00995102
684,3,6.23148,0.0339587
684,4,-8.6911,0.0302206
684,5,-9.80496,-0.0186702
684,6,3.90314,3.90314
684,7,-9.99792,-9.99792
684,8,18.3541,18.3541
684,9,-10.6249,0.0276802
684,10,-0.309133,0.850053
684,11,8.39445,0.0358536
684,12,2.22094,0.0916815
684,13,-9.19598,-9.19598
684,14,3.44048,3.44048
684,15,-14.3932,0.020883
684,16,10.5926,0.0287882
684,17,9.91452,9.91452
684,18,-9.3713,-0.0312278
684,19,-18.5724,0.0166973
684,20,2.45645,0.12837
685,1,16.6804,0.0161005
685,2,-18.4605,0.0171104
685,3,6.47964,0.0490242
685,4,-8.86172,0.0151178
685,5,-10.0058,0.000580186
685,6,3.61416,3.61416
685,7,-9.77953,-9.77953
685,8,18.017,18.017
685,9,-10.9768,0.00211455
685,10,-0.0809013,0.989269
685,11,8.67171,0.0314942
685,12,2.50959,0.12678
685,13,-8.88642,-8.88642
685,14,3.16222,3.16222
685,15,-14.7278,0.0163096
685,16,10.2546,0.0222657
685,17,9.57505,9.57505
685,18,-9.57441,-0.0323417
685,19,-18.7526,0.0119039
685,20,2.67152,0.102266
686,1,16.986,0.000825828
686,2,-18.7992,0.00998609
686,3,6.80977,0.0263012
686,4,-9.24635,-0.0240616
686,5,-10.3701,0.0281728
686,6,3.26541,3.26541
686,7,-9.41818,-9.41818
686,8,17.6953,17.6953
686,9,-11.2938,-0.0224741
686,10,0.28176,0.874432
686,11,9.01723,-0.00190961
686,12,2.85753,0.0482101
686,13,-8.57577,-8.57577
686,14,2.82011,2.82011
686,15,-15.0476,-0.00315133
686,16,9.93116,-0.00687801
686,17,9.25297,9.25297
686,18,-9.93306,-0.00668982
686,19,-19.1042,-0.00535736
686,20,3.03201,-0.0105412
687,1,17.0568,-0.00331013
687,2,-18.9238,0.00398603
687,3,6.93529,0.00926627
687,4,-9.39915,-0.0321802
687,5,-10.5198,0.0302001
687,6,3.15174,3.15174
687,7,-9.27789,-9.27789
687,8,17.595,17.595
687,9,-11.3841,-0.0261289
687,10,0.415854,0.738847
687,11,9.13683,-0.0145187
687,12,2.97097,0.00975615
687,13,-8.4697,-8.4697
687,14,2.70097,2.70097
687,15,-15.148,-0.00942337
687,16,9.83216,-0.0162903
687,17,9.15568,9.15568
687,18,-10.0811,0.00796126
687,19,-19.2549,-0.0118673
687,20,3.17439,-0.0522293
688,1,16.8892,0.00642786
688,2,-18.7772,0.0109214
688,3,6.79549,0.0280667
688,4,-9.26024,-0.0250754
688,5,-10.3801,0.0285149
688,6,3.30503,3.30503
688,7,-9.41998,-9.41998
688,8,17.751,17.751
688,9,-11.2257,-0.0184618
688,10,0.270766,0.883691
688,11,8.98669,0.00148043
688,12,2.81825,0.0610435
688,13,-8.6168,-8.6168
688,14,2.85073,2.85073
688,15,-14.993,0.000466474
688,16,9.98905,-0.00109587
688,17,9.31232,9.31232
688,18,-9.94238,-0.00576408
688,19,-19.1229,-0.00626948
688,20,3.03298,-0.0108547
689,1,17.855,-0.00784318
689,2,-19.7169,-0.0125377
689,3,7.72975,-0.0309107
689,4,-10.1871,0.0173296
689,5,-11.3114,-0.0233452
689,6,2.35889,2.35889
689,7,-8.48465,-8.48465
689,8,16.798,16.798
689,9,-12.1829,0.0141999
689,10,1.20858,-0.160494
689,11,9.93197,-0.00679794
689,12,3.76463,-0.0569787
689,13,-7.67298,-7.67298
689,14,1.90637,1.90637
689,15,-15.9441,-0.0034892
689,16,9.03609,-0.0039858
689,17,8.35908,8.35908
689,18,-10.8721,0.0114461
689,19,-20.0463,0.00230148
689,20,3.96736,-0.00821235
690,1,16.6904,0.015759
690,2,-18.7017,0.0137147
690,3,6.77937,0.0300008
690,4,-9.29392,-0.0273187
690,5,-10.349,0.0273618
690,6,3.39229,3.39229
690,7,-9.4488,-9.4488
690,8,17.8911,17.8911
690,9,-11.0909,-0.00808876
690,10,0.243929,0.904958
690,11,8.89797,0.0112714
690,12,2.73147,0.0870568
690,13,-8.69236,-8.69236
690,14,2.93405,2.93405
690,15,-14.8588,0.00919557
690,16,10.13,0.0124753
690,17,9.44965,9.44965
690,18,-9.92142,-0.00784017
690,19,-19.1607,-0.00803309
690,20,3.00581,-0.00193433
691,1,17.6937,-0.0147608
691,2,-19.5416,-0.0161496
691,3,7.55695,-0.041449
691,4,-10.0011,0.000106491
691,5,-11.1321,-0.0115283
691,6,2.53438,2.53438
691,7,-8.66277,-8.66277
691,8,16.9661,16.9661
691,9,-12.0207,0.00171996
691,10,1.03244,-0.0313673
691,11,9.76065,-0.0222753
691,12,3.58971,-0.085174
691,13,-7.84167,-7.84167
691,14,2.07833,2.07833
691,15,-15.7754,-0.0130845
691,16,9.20403,-0.0206803
691,17,8.52601,8.52601
691,18,-10.6912,0.0245606
691,19,-19.867,-0.00650305
691,20,3.79052,-0.0513599
692,1,17.6742,-0.0153798
692,2,-19.6634,-0.0141012
692,3,7.72927,-0.0309536
692,4,-10.2255,0.0202566
692,5,-11.2987,-0.0227216
692,6,2.43328,2.43328
692,7,-8.5021,-8.5021
692,8,16.9181,16.9181
692,9,-12.0595,0.00490291
692,10,1.18756,-0.148954
692,11,9.8578,-0.01395
692,12,3.69056,-0.0712495
692,13,-7.72954,-7.72954
692,14,1.9745,1.9745
692,15,-15.8328,-0.0100793
692,16,9.15628,-0.0163909
692,17,8.4769,8.4769
692,18,-10.8708,0.0115618
692,19,-20.0985,0.00482135
692,20,3.95301,-0.0118441
693,1,16.885,0.00666556
693,2,-18.8877,0.00582093
693,3,6.96164,0.00549679
693,4,-9.46468,-0.0334245
693,5,-10.5284,0.030113
693,6,3.21172,3.21172
693,7,-9.26897,-9.26897
693,8,17.7023,17.7023
693,9,-11.283,-0.0219079
693,10,0.421471,0.732369
693,11,9.0815,-0.00887695
693,12,2.91218,0.0297734
693,13,-8.50506,-8.50506
693,14,2.75029,2.75029
693,15,-15.0496,-0.00328166
693,16,9.93991,-0.00600939
693,17,9.26058,9.26058
693,18,-10.1025,0.00997519
693,19,-19.338,-0.0143749
693,20,3.18391,-0.0546031
694,1,16.3006,0.0158192
694,2,-18.1801,0.00938549
694,3,6.20213,0.0304437
694,4,-8.65587,0.0324526
694,5,-9.78071,-0.020689
694,6,3.90337,3.90337
694,7,-10.0179,-10.0179
694,8,18.3436,18.3436
694,9,-10.6385,0.0271321
694,10,-0.326545,0.8336
694,11,8.39301,0.0358032
694,12,2.22116,0.0917495
694,13,-9.20856,-9.20856
694,14,3.44486,3.44486
694,15,-14.4006,0.021034
694,16,10.5814,0.0291037
694,17,9.90364,9.90364
694,18,-9.34197,-0.0299594
694,19,-18.5251,0.0171293
694,20,2.43566,0.128027
695,1,16.9523,0.00280285
695,2,-18.7321,0.0126724
695,3,6.75241,0.0330796
695,4,-9.13306,-0.0141486
695,5,-10.2771,0.0236837
695,6,3.3416,3.3416
695,7,-9.50893,-9.50893
695,8,17.7445,17.7445
695,9,-11.2476,-0.0198603
695,10,0.190727,0.941228
695,11,8.94314,0.00632442
695,12,2.78186,0.0724191
695,13,-8.61285,-8.61285
695,14,2.89064,2.89064
695,15,-14.9993,4.88753e-05
695,16,9.98296,-0.00170649
695,17,9.30315,9.30315
695,18,-9.8456,-0.015074
695,19,-19.0253,-0.00133052
695,20,2.94259,0.0194035
696,1,17.8738,-0.00687725
696,2,-19.729,-0.0121369
696,3,7.7373,-0.0302275
696,4,-10.2025,0.0185374
696,5,-11.3196,-0.0237217
696,6,2.34204,2.34204
696,7,-8.47493,-8.47493
696,8,16.7863,16.7863
696,9,-12.1961,0.0150781
696,10,1.2197,-0.166162
696,11,9.94382,-0.00562094
696,12,3.78086,-0.0534887
696,13,-7.66523,-7.66523
696,14,1.89409,1.89409
696,15,-15.9586,-0.00258853
696,16,9.02114,-0.00234166
696,17,8.34473,8.34473
696,18,-10.8815,0.0106395
696,19,-20.0516,0.00256186
696,20,3.97603,-0.0060232
697,1,17.5839,-0.0174778
697,2,-19.5964,-0.0155045
697,3,7.67478,-0.0353781
697,4,-10.1905,0.0175975
697,5,-11.245,-0.0196994
697,6,2.49704,2.49704
697,7,-8.55348,-8.55348
697,8,16.9968,16.9968
697,9,-11.9851,-0.00124452
697,10,1.14039,-0.119152
697,11,9.79302,-0.0196773
697,12,3.6264,-0.0809455
697,13,-7.79759,-7.79759
697,14,2.03906,2.03906
697,15,-15.7523,-0.0141867
697,16,9.23604,-0.0232778
697,17,8.55564,8.55564
697,18,-10.8169,0.0160064
697,19,-20.0572,0.00283811
697,20,3.90166,-0.0248048
698,1,17.1265,-0.0071948
698,2,-19.121,-0.0061771
698,3,7.19163,-0.0250651
698,4,-9.68536,-0.0274486
698,5,-10.757,0.0204594
698,6,2.9805,2.9805
698,7,-9.04159,-9.04159
698,8,17.4644,17.4644
698,9,-11.5202,-0.0275749
698,10,0.648167,0.438843
698,11,9.31382,-0.0284946
698,12,3.14319,-0.044036
698,13,-8.26983,-8.26983
698,14,2.51789,2.51789
698,15,-15.2873,-0.0163419
698,16,9.70226,-0.0264043
698,17,9.0233,9.0233
698,18,-10.3312,0.0265782
698,19,-19.5636,-0.0159463
698,20,3.41134,-0.0897133
699,1,17.3636,-0.0166745
699,2,-19.2842,-0.0128564
699,3,7.31979,-0.0367012
699,4,-9.78241,-0.0205504
699,5,-10.8954,0.00943124
699,6,2.80944,2.80944
699,7,-8.90631,-8.90631
699,8,17.2612,17.2612
699,9,-11.7174,-0.0210706
699,10,0.781554,0.258074
699,11,9.48721,-0.0335244
699,12,3.31511,-0.0802706
699,13,-8.10683,-8.10683
699,14,2.34821,2.34821
699,15,-15.4869,-0.0205361
699,16,9.49876,-0.0335104
699,17,8.82097,8.82097
699,18,-10.4615,0.0302047
699,19,-19.6589,-0.0142164
699,20,3.54746,-0.0887333
