t,unit,input,output
500,1,47.4493,47.4493
500,2,-51.5019,-51.5019
500,3,22.9236,0.00329901
500,4,-23.2597,-0.00996773
500,5,-29.8739,-29.8739
500,6,10.0579,10.0579
500,7,-26.6698,-26.6698
500,8,41.3988,41.3988
500,9,-25.3068,-0.0103315
500,10,-0.500633,-0.500633
500,11,16.9983,9.97152e-05
500,12,6.18226,0.027896
500,13,-23.5938,-23.5938
500,14,5.00606,5.00606
500,15,-37.1095,-37.1095
500,16,24.7796,24.7796
500,17,25.7782,25.7782
500,18,-23.004,-0.000175282
500,19,-51.4817,-51.4817
500,20,12.1367,12.1367
501,1,49.9397,49.9397
501,2,-55.6537,-55.6537
501,3,27.1303,-0.00466935
501,4,-28.6105,0.0104615
501,5,-34.2647,-34.2647
501,6,5.53286,5.53286
501,7,-22.1055,-22.1055
501,8,38.7773,38.7773
501,9,-27.6372,-0.0104642
501,10,3.41759,3.41759
501,11,19.5667,-0.0159126
501,12,10.4647,0.0302309
501,13,-21.9301,-21.9301
501,14,0.764059,0.764059
501,15,-40.6626,-40.6626
501,16,20.9744,20.9744
501,17,23.3524,23.3524
501,18,-27.2578,-0.00845677
501,19,-54.572,-54.572
501,20,17.4036,17.4036
502,1,47.1451,47.1451
502,2,-54.2758,-54.2758
502,3,25.0266,-0.00106027
502,4,-27.3688,-0.0106562
502,5,-32.7416,-32.7416
502,6,7.04602,7.04602
502,7,-23.7185,-23.7185
502,8,40.9093,40.9093
502,9,-24.917,0.0032924
502,10,2.13003,2.13003
502,11,16.7028,0.0153199
502,12,8.28365,0.0298867
502,13,-25.0306,-25.0306
502,14,2.92153,2.92153
502,15,-38.1161,-38.1161
502,16,22.9869,22.9869
502,17,26.2183,26.2183
502,18,-25.8907,-0.00413922
502,19,-52.2559,-52.2559
502,20,16.2776,16.2776
503,1,51.4685,51.4685
503,2,-57.9581,-57.9581
503,3,28.7231,0.00847019
503,4,-30.7225,0.00793159
503,5,-36.4054,-36.4054
503,6,3.47771,3.47771
503,7,-20.1107,-20.1107
503,8,36.6632,36.6632
503,9,-29.3027,-0.00884169
503,10,5.94641,5.94641
503,11,21.0521,-0.00246512
503,12,11.9927,-0.000606754
503,13,-20.4629,-20.4629
503,14,-0.800124,-0.800124
503,15,-42.0327,-42.0327
503,16,19.0769,19.0769
503,17,21.7818,21.7818
503,18,-29.4794,-0.0107751
503,19,-56.346,-56.346
503,20,19.5627,19.5627
504,1,42.4119,42.4119
504,2,-50.2661,-50.2661
504,3,20.6649,0.0133811
504,4,-23.5884,-0.0129771
504,5,-28.7657,-28.7657
504,6,11.1152,11.1152
504,7,-27.712,-27.712
504,8,45.3273,45.3273
504,9,-20.2118,0.0097235
504,10,-1.7761,-1.7761
504,11,12.0166,0.00138076
504,12,3.97866,-0.00536059
504,13,-30.0284,-30.0284
504,14,7.23779,7.23779
504,15,-33.5195,-33.5195
504,16,27.1688,27.1688
504,17,30.8138,30.8138
504,18,-21.7921,-0.00887601
504,19,-47.7295,-47.7295
504,20,12.4077,12.4077
505,1,52.1998,52.1998
505,2,-57.1937,-57.1937
505,3,28.345,0.00992498
505,4,-29.351,-0.00967836
505,5,-35.6231,-35.6231
505,6,4.3015,4.3015
505,7,-20.9091,-20.9091
505,8,36.3438,36.3438
505,9,-30.0544,0.00180005
505,10,5.24935,5.24935
505,11,21.7996,-0.00859772
505,12,11.648,-0.0244263
505,13,-19.1929,-19.1929
505,14,-0.42908,-0.42908
505,15,-42.1758,-42.1758
505,16,19.3438,19.3438
505,17,20.9902,20.9902
505,18,-28.6782,0.00940424
505,19,-56.5487,-56.5487
505,20,18.1988,18.1988
506,1,41.9458,41.9458
506,2,-49.6476,-49.6476
506,3,20.3176,0.0131651
506,4,-23.1251,-0.00527149
506,5,-28.2165,-28.2165
506,6,11.6213,11.6213
506,7,-28.1929,-28.1929
506,8,46.001,46.001
506,9,-19.6833,-0.0135641
506,10,-2.51129,-2.51129
506,11,11.5665,-0.0269218
506,12,3.64796,-0.0779981
506,13,-30.5254,-30.5254
506,14,7.58116,7.58116
506,15,-33.2077,-33.2077
506,16,27.6766,27.6766
506,17,31.3057,31.3057
506,18,-21.2209,-0.00959278
506,19,-47.2264,-47.2264
506,20,11.9319,11.9319
507,1,51.4758,51.4758
507,2,-56.2858,-56.2858
507,3,27.5091,-0.0115663
507,4,-28.349,0.0099887
507,5,-34.6799,-34.6799
507,6,5.21998,5.21998
507,7,-21.8522,-21.8522
507,8,37.1468,37.1468
507,9,-29.3198,-0.0091628
507,10,4.28609,4.28609
507,11,21.0352,-0.00166853
507,12,10.779,0.0188916
507,13,-19.8362,-19.8362
507,14,0.426167,0.426167
507,15,-41.4167,-41.4167
507,16,20.2372,20.2372
507,17,21.7736,21.7736
507,18,-27.8034,-0.0066305
507,19,-55.7717,-55.7717
507,20,17.2327,17.2327
508,1,44.2836,44.2836
508,2,-51.6652,-51.6652
508,3,22.4726,0.014112
508,4,-25.0723,-0.00285987
508,5,-30.2403,-30.2403
508,6,9.58319,9.58319
508,7,-26.1653,-26.1653
508,8,43.7949,43.7949
508,9,-22.0189,0.000859769
508,10,-0.508884,-0.508884
508,11,13.9049,-0.00674053
508,12,5.79806,-0.032539
508,13,-28.0961,-28.0961
508,14,5.42084,5.42084
508,15,-35.4601,-35.4601
508,16,25.5474,25.5474
508,17,28.9852,28.9852
508,18,-23.2447,-0.00952071
508,19,-49.4665,-49.4665
508,20,13.8683,13.8683
509,1,52.9445,52.9445
509,2,-58.5024,-58.5024
509,3,29.5295,-0.0107332
509,4,-30.8605,0.0043763
509,5,-36.9127,-36.9127
509,6,2.9647,2.9647
509,7,-19.6103,-19.6103
509,8,35.4616,35.4616
509,9,-30.7803,0.00658318
509,10,6.48707,6.48707
509,11,22.5085,0.0141366
509,12,12.7944,0.0149777
509,13,-18.6317,-18.6317
509,14,-1.58979,-1.58979
509,15,-43.1732,-43.1732
509,16,18.2633,18.2633
509,17,20.3272,20.3272
509,18,-30.037,0.00122994
509,19,-57.4989,-57.4989
509,20,19.7523,19.7523
510,1,38.6605,38.6605
510,2,-46.7851,-46.7851
510,3,17.2375,-0.0125355
510,4,-20.3345,0.013585
510,5,-25.3246,-25.3246
510,6,14.524,14.524
510,7,-31.1146,-31.1146
510,8,49.0905,49.0905
510,9,-16.4305,0.0189136
510,10,-5.33164,-5.33164
510,11,8.27762,0.0294454
510,12,0.548566,0.573517
510,13,-33.9199,-33.9199
510,14,10.6636,10.6636
510,15,-29.9847,-29.9847
510,16,30.7044,30.7044
510,17,34.589,34.589
510,18,-18.3405,0.0152231
510,19,-44.087,-44.087
510,20,9.13893,9.13893
511,1,45.2556,45.2556
511,2,-48.9195,-48.9195
511,3,20.5256,0.0154578
511,4,-20.6645,0.013391
511,5,-27.3855,-27.3855
511,6,12.459,12.459
511,7,-29.1629,-29.1629
511,8,43.6749,43.6749
511,9,-23.1317,-0.00553358
511,10,-2.87892,-2.87892
511,11,14.9149,0.00563674
511,12,3.8702,-0.0326154
511,13,-25.6785,-25.6785
511,14,7.40786,7.40786
511,15,-34.709,-34.709
511,16,27.1617,27.1617
511,17,27.9553,27.9553
511,18,-20.4107,0.014985
511,19,-49.1936,-49.1936
511,20,9.53556,9.53556
512,1,48.6878,48.6878
512,2,-53.5125,-53.5125
512,3,25.3297,-0.0108106
512,4,-26.2358,0.00818864
512,5,-32.1552,-32.1552
512,6,7.64016,7.64016
512,7,-24.2133,-24.2133
512,8,40.351,40.351
512,9,-26.3867,0.0113067
512,10,1.28652,1.28652
512,11,18.3103,0.0143877
512,12,8.65856,0.0322952
512,13,-22.908,-22.908
512,14,2.55711,2.55711
512,15,-39.1547,-39.1547
512,16,22.8085,22.8085
512,17,24.6001,24.6001
512,18,-25.1382,-0.00532697
512,19,-53.0319,-53.0319
512,20,15.0247,15.0247
513,1,49.4821,49.4821
513,2,-55.921,-55.921
513,3,27.0336,-0.0012392
513,4,-28.8957,0.00354393
513,5,-34.415,-34.415
513,6,5.32957,5.32957
513,7,-22.0096,-22.0096
513,8,38.8957,38.8957
513,9,-27.2256,-0.00760914
513,10,3.70372,3.70372
513,11,19.0409,-0.00213961
513,12,10.2819,0.0239725
513,13,-22.5017,-22.5017
513,14,0.919746,0.919746
513,15,-40.3432,-40.3432
513,16,21.0971,21.0971
513,17,23.9269,23.9269
513,18,-27.5777,-0.0112004
513,19,-54.3777,-54.3777
513,20,17.8136,17.8136
514,1,47.7041,47.7041
514,2,-54.8499,-54.8499
514,3,25.4936,-0.0124833
514,4,-27.9062,-0.00331377
514,5,-33.3055,-33.3055
514,6,6.53544,6.53544
514,7,-23.189,-23.189
514,8,40.2851,40.2851
514,9,-25.511,-0.01247
514,10,2.76628,2.76628
514,11,17.2656,-0.01366
514,12,8.74415,0.0262093
514,13,-24.4725,-24.4725
514,14,2.43833,2.43833
514,15,-38.5783,-38.5783
514,16,22.4127,22.4127
514,17,25.607,25.607
514,18,-26.414,0.0116137
514,19,-52.8166,-52.8166
514,20,16.7614,16.7614
515,1,50.6642,50.6642
515,2,-57.3492,-57.3492
515,3,28.0474,0.00168407
515,4,-30.1871,0.00584696
515,5,-35.8097,-35.8097
515,6,4.0812,4.0812
515,7,-20.7013,-20.7013
515,8,37.3928,37.3928
515,9,-28.4914,0.0111681
515,10,5.35304,5.35304
515,11,20.2567,0.0113418
515,12,11.3414,-0.0246555
515,13,-21.3397,-21.3397
515,14,-0.132618,-0.132618
515,15,-41.292,-41.292
515,16,19.7311,19.7311
515,17,22.5563,22.5563
515,18,-28.8596,0.00470881
515,19,-55.5975,-55.5975
515,20,19.0186,19.0186
516,1,44.5308,44.5308
516,2,-52.1605,-52.1605
516,3,22.6076,0.0132837
516,4,-25.3725,-0.011553
516,5,-30.6484,-30.6484
516,6,9.24218,9.24218
516,7,-25.8352,-25.8352
516,8,43.259,43.259
516,9,-22.3429,0.0125462
516,10,0.129653,0.129653
516,11,14.1408,0.00963822
516,12,5.91726,-0.0138264
516,13,-27.8134,-27.8134
516,14,5.30021,5.30021
516,15,-35.5427,-35.5427
516,16,25.2051,25.2051
516,17,28.681,28.681
516,18,-23.6795,-0.0113613
516,19,-49.7723,-49.7723
516,20,14.1974,14.1974
517,1,53.0906,53.0906
517,2,-58.7842,-58.7842
517,3,29.7352,-0.00791325
517,4,-31.2087,-0.0062177
517,5,-37.2249,-37.2249
517,6,2.69503,2.69503
517,7,-19.2959,-19.2959
517,8,35.2457,35.2457
517,9,-30.9368,0.0020293
517,10,6.82079,6.82079
517,11,22.6951,0.0114726
517,12,13.0417,-0.00319011
517,13,-18.5504,-18.5504
517,14,-1.82229,-1.82229
517,15,-43.332,-43.332
517,16,17.9747,17.9747
517,17,20.1022,20.1022
517,18,-30.274,0.00797275
517,19,-57.6734,-57.6734
517,20,20.0503,20.0503
518,1,37.8736,37.8736
518,2,-46.0951,-46.0951
518,3,16.4911,0.0192944
518,4,-19.6472,-0.0145001
518,5,-24.6312,-24.6312
518,6,15.2255,15.2255
518,7,-31.8071,-31.8071
518,8,49.823,49.823
518,9,-15.644,-0.0183001
518,10,-6.00717,-6.00717
518,11,7.4977,-0.0424532
518,12,-0.182789,0.945939
518,13,-34.7268,-34.7268
518,14,11.4089,11.4089
518,15,-29.2156,-29.2156
518,16,31.4255,31.4255
518,17,35.3589,35.3589
518,18,-17.6446,-0.01621
518,19,-43.3214,-43.3214
518,20,8.46095,8.46095
519,1,43.0194,43.0194
519,2,-46.3761,-46.3761
519,3,18.0885,0.00483024
519,4,-18.0695,0.00381524
519,5,-24.8882,-24.8882
519,6,14.9227,14.9227
519,7,-31.6614,-31.6614
519,8,45.9929,45.9929
519,9,-20.8794,0.00563707
519,10,-5.32481,-5.32481
519,11,12.7113,0.0197249
519,12,1.49982,-0.212232
519,13,-27.8371,-27.8371
519,14,9.83461,9.83461
519,15,-32.3235,-32.3235
519,16,29.5739,29.5739
519,17,30.1842,30.1842
519,18,-17.8606,-0.00755553
519,19,-46.8577,-46.8577
519,20,6.93513,6.93513
520,1,44.3307,44.3307
520,2,-48.2905,-48.2905
520,3,20.4211,0.0151105
520,4,-20.7436,0.0110658
520,5,-26.9327,-26.9327
520,6,12.875,12.875
520,7,-29.4294,-29.4294
520,8,45.0285,45.0285
520,9,-22.0275,0.00124473
520,10,-3.97652,-3.97652
520,11,13.9384,-0.00439104
520,12,3.73105,-0.063809
520,13,-26.9854,-26.9854
520,14,7.45423,7.45423
520,15,-34.5584,-34.5584
520,16,27.7447,27.7447
520,17,28.9595,28.9595
520,18,-19.9302,-0.0034758
520,19,-48.384,-48.384
520,20,9.53524,9.53524
521,1,48.3363,48.3363
521,2,-52.9748,-52.9748
521,3,24.804,0.0074134
521,4,-25.4414,-0.0123003
521,5,-31.4847,-31.4847
521,6,8.23252,8.23252
521,7,-24.9029,-24.9029
521,8,40.7423,40.7423
521,9,-26.0361,0.00138359
521,10,0.651528,0.651528
521,11,17.8713,-0.00700587
521,12,8.04037,0.005007
521,13,-23.0913,-23.0913
521,14,3.15656,3.15656
521,15,-38.7207,-38.7207
521,16,23.4391,23.4391
521,17,25.1226,25.1226
521,18,-24.6704,0.0110976
521,19,-52.6363,-52.6363
521,20,14.3642,14.3642
522,1,49.8707,49.8707
522,2,-56.1108,-56.1108
522,3,27.324,-0.00991299
522,4,-29.0788,-0.00268278
522,5,-34.6165,-34.6165
522,6,5.1421,5.1421
522,7,-21.8105,-21.8105
522,8,38.6149,38.6149
522,9,-27.6034,-0.0109287
522,10,3.85659,3.85659
522,11,19.4121,-0.0157758
522,12,10.5452,0.0298813
522,13,-22.0814,-22.0814
522,14,0.630023,0.630023
522,15,-40.6857,-40.6857
522,16,20.8293,20.8293
522,17,23.5428,23.5428
522,18,-27.76,-0.00784928
522,19,-54.7161,-54.7161
522,20,17.9564,17.9564
523,1,46.978,46.978
523,2,-54.2046,-54.2046
523,3,24.854,0.00566978
523,4,-27.3074,-0.00958808
523,5,-32.6648,-32.6648
523,6,7.15957,7.15957
523,7,-23.8227,-23.8227
523,8,41.0026,41.0026
523,9,-24.7719,0.00844123
523,10,2.10472,2.10472
523,11,16.5331,0.0191491
523,12,8.10225,0.0124042
523,13,-25.2315,-25.2315
523,14,3.08307,3.08307
523,15,-37.9056,-37.9056
523,16,23.0845,23.0845
523,17,26.3487,26.3487
523,18,-25.7807,-0.00784922
523,19,-52.1211,-52.1211
523,20,16.1753,16.1753
524,1,51.6072,51.6072
524,2,-58.0574,-58.0574
524,3,28.8211,0.00588578
524,4,-30.8015,0.00603582
524,5,-36.5112,-36.5112
524,6,3.38354,3.38354
524,7,-20.0051,-20.0051
524,8,36.5253,36.5253
524,9,-29.4423,-0.0106343
524,10,6.06158,6.06158
524,11,21.1977,-0.00873705
524,12,12.103,0.00836245
524,13,-20.3128,-20.3128
524,14,-0.90379,-0.90379
524,15,-42.1465,-42.1465
524,16,18.9537,18.9537
524,17,21.6232,21.6232
524,18,-29.5679,-0.0105217
524,19,-56.4615,-56.4615
524,20,19.6386,19.6386
525,1,41.9504,41.9504
525,2,-49.8445,-49.8445
525,3,20.2354,0.0106021
525,4,-23.1851,-0.00754233
525,5,-28.3473,-28.3473
525,6,11.5318,11.5318
525,7,-28.1266,-28.1266
525,8,45.7773,45.7773
525,9,-19.7477,-0.0114791
525,10,-2.19687,-2.19687
525,11,11.559,-0.0270663
525,12,3.55605,-0.0881284
525,13,-30.5043,-30.5043
525,14,7.66572,7.66572
525,15,-33.0767,-33.0767
525,16,27.5994,27.5994
525,17,31.2713,31.2713
525,18,-21.3711,-0.0136897
525,19,-47.2801,-47.2801
525,20,12.0047,12.0047
526,1,51.7091,51.7091
526,2,-56.5571,-56.5571
526,3,27.7403,-0.00835721
526,4,-28.6465,0.0099556
526,5,-34.9738,-34.9738
526,6,4.96142,4.96142
526,7,-21.5599,-21.5599
526,8,36.8814,36.8814
526,9,-29.5604,-0.0105751
526,10,4.59565,4.59565
526,11,21.2933,-0.0119056
526,12,11.0399,-0.00360039
526,13,-19.632,-19.632
526,14,0.171899,0.171899
526,15,-41.6364,-41.6364
526,16,19.9412,19.9412
526,17,21.4796,21.4796
526,18,-28.0409,0.00145457
526,19,-56.0036,-56.0036
526,20,17.4922,17.4922
527,1,43.5873,43.5873
527,2,-51.069,-51.069
527,3,21.8343,-0.00724979
527,4,-24.4944,0.0129932
527,5,-29.6431,-29.6431
527,6,10.1849,10.1849
527,7,-26.7589,-26.7589
527,8,44.4482,44.4482
527,9,-21.3199,-0.0126042
527,10,-1.10159,-1.10159
527,11,13.2119,-0.0148776
527,12,5.1709,-0.0314857
527,13,-28.8193,-28.8193
527,14,6.05942,6.05942
527,15,-34.7957,-34.7957
527,16,26.175,26.175
527,17,29.6699,29.6699
527,18,-22.6465,0.0125926
527,19,-48.7959,-48.7959
527,20,13.2967,13.2967
528,1,52.686,52.686
528,2,-58.0242,-58.0242
528,3,29.1109,-0.00373199
528,4,-30.2948,0.00839927
528,5,-36.4277,-36.4277
528,6,3.45251,3.45251
528,7,-20.0975,-20.0975
528,8,35.7778,35.7778
528,9,-30.5277,0.0103874
528,10,6.01585,6.01585
528,11,22.2526,0.0101976
528,12,12.3783,0.0238581
528,13,-18.8068,-18.8068
528,14,-1.17057,-1.17057
528,15,-42.8299,-42.8299
528,16,18.6691,18.6691
528,17,20.5744,20.5744
528,18,-29.5538,-0.0106172
528,19,-57.1686,-57.1686
528,20,19.1813,19.1813
529,1,39.8993,39.8993
529,2,-47.867,-47.867
529,3,18.4041,0.016516
529,4,-21.3977,-0.0141144
529,5,-26.42,-26.42
529,6,13.4215,13.4215
529,7,-30.0096,-30.0096
529,8,47.9293,47.9293
529,9,-17.6596,-0.0158065
529,10,-4.26411,-4.26411
529,11,9.51974,-0.0333725
529,12,1.72096,-0.142156
529,13,-32.6444,-32.6444
529,14,9.4939,9.4939
529,15,-31.2003,-31.2003
529,16,29.56,29.56
529,17,33.3564,33.3564
529,18,-19.4296,-0.0159837
529,19,-45.2743,-45.2743
529,20,10.1996,10.1996
530,1,48.2058,48.2058
530,2,-52.3532,-52.3532
530,3,23.7528,-0.00939346
530,4,-24.1614,0.0063979
530,5,-30.7384,-30.7384
530,6,9.18528,9.18528
530,7,-25.8053,-25.8053
530,8,40.6131,40.6131
530,9,-26.0576,0.00220023
530,10,0.367599,0.367599
530,11,17.7601,-0.0122651
530,12,7.02199,-0.00312913
530,13,-22.8788,-22.8788
530,14,4.17587,4.17587
530,15,-37.8931,-37.8931
530,16,23.9518,23.9518
530,17,25.0233,25.0233
530,18,-23.8548,-0.00587646
530,19,-52.2712,-52.2712
530,20,13.0383,13.0383
531,1,49.7421,49.7421
531,2,-55.7624,-55.7624
531,3,27.1212,-0.00436047
531,4,-28.803,0.00641238
531,5,-34.3654,-34.3654
531,6,5.43791,5.43791
531,7,-22.0102,-22.0102
531,8,38.8618,38.8618
531,9,-27.4484,-0.0114446
531,10,3.53176,3.53176
531,11,19.3659,-0.0150003
531,12,10.4518,0.030107
531,13,-22.2195,-22.2195
531,14,0.771342,0.771342
531,15,-40.557,-40.557
531,16,20.9728,20.9728
531,17,23.5418,23.5418
531,18,-27.3639,-0.0105851
531,19,-54.476,-54.476
531,20,17.597,17.597
532,1,47.3388,47.3388
532,2,-54.4826,-54.4826
532,3,25.1836,-0.00689395
532,4,-27.5418,-0.0114579
532,5,-32.9377,-32.9377
532,6,6.8633,6.8633
532,7,-23.5337,-23.5337
532,8,40.6798,40.6798
532,9,-25.1212,-0.0047086
532,10,2.36101,2.36101
532,11,16.8982,0.00592146
532,12,8.44425,0.0371188
532,13,-24.828,-24.828
532,14,2.76225,2.76225
532,15,-38.2739,-38.2739
532,16,22.79,22.79
532,17,26.0102,26.0102
532,18,-26.0835,0.00316592
532,19,-52.448,-52.448
532,20,16.4482,16.4482
533,1,51.2057,51.2057
533,2,-57.7646,-57.7646
533,3,28.5052,0.0111652
533,4,-30.5579,0.0102449
533,5,-36.2177,-36.2177
533,6,3.66956,3.66956
533,7,-20.2969,-20.2969
533,8,36.8989,36.8989
533,9,-29.0384,-0.00131917
533,10,5.76052,5.76052
533,11,20.7949,0.009196
533,12,11.7845,-0.0169233
533,13,-20.7522,-20.7522
533,14,-0.586377,-0.586377
533,15,-41.7907,-41.7907
533,16,19.2844,19.2844
533,17,22.0312,22.0312
533,18,-29.2802,-0.00838139
533,19,-56.1042,-56.1042
533,20,19.3909,19.3909
534,1,43.0805,43.0805
534,2,-50.8634,-50.8634
534,3,21.2755,-0.011392
534,4,-24.1483,0.00592092
534,5,-29.359,-29.359
534,6,10.5268,10.5268
534,7,-27.1207,-27.1207
534,8,44.6747,44.6747
534,9,-20.8852,0.00537758
534,10,-1.17599,-1.17599
534,11,12.6868,0.0208935
534,12,4.58699,0.066819
534,13,-29.3293,-29.3293
534,14,6.62882,6.62882
534,15,-34.1573,-34.1573
534,16,26.5501,26.5501
534,17,30.1417,30.1417
534,18,-22.387,0.0133317
534,19,-48.3726,-48.3726
534,20,12.9698,12.9698
535,1,52.6435,52.6435
535,2,-57.8514,-57.8514
535,3,28.9508,0.00169412
535,4,-30.1018,0.00332406
535,5,-36.2903,-36.2903
535,6,3.62111,3.62111
535,7,-20.238,-20.238
535,8,35.8291,35.8291
535,9,-30.502,0.0104355
535,10,5.91865,5.91865
535,11,22.2583,0.0103717
535,12,12.2597,0.018912
535,13,-18.8224,-18.8224
535,14,-1.03379,-1.03379
535,15,-42.6967,-42.6967
535,16,18.7468,18.7468
535,17,20.5441,20.5441
535,18,-29.3374,-0.00946459
535,19,-57.0711,-57.0711
535,20,18.9447,18.9447
536,1,40.2064,40.2064
536,2,-48.126,-48.126
536,3,18.6942,0.0139562
536,4,-21.654,-0.0130122
536,5,-26.6915,-26.6915
536,6,13.1475,13.1475
536,7,-29.7284,-29.7284
536,8,47.6439,47.6439
536,9,-17.9595,-0.00224879
536,10,-4.00204,-4.00204
536,11,9.83607,-0.0159391
536,12,2.02762,0.0136044
536,13,-32.3266,-32.3266
536,14,9.1999,9.1999
536,15,-31.5093,-31.5093
536,16,29.2738,29.2738
536,17,33.0405,33.0405
536,18,-19.6929,-0.0132851
536,19,-45.5586,-45.5586
536,20,10.4621,10.4621
537,1,48.7817,48.7817
537,2,-53.0143,-53.0143
537,3,24.4059,0.0124771
537,4,-24.8768,0.00483033
537,5,-31.4164,-31.4164
537,6,8.48487,8.48487
537,7,-25.1246,-25.1246
537,8,40.0067,40.0067
537,9,-26.6367,0.0108646
537,10,1.0605,1.0605
537,11,18.3584,0.0156504
537,12,7.68946,-0.0342767
537,13,-22.3333,-22.3333
537,14,3.52578,3.52578
537,15,-38.4934,-38.4934
537,16,23.3084,23.3084
537,17,24.4515,24.4515
537,18,-24.5202,0.0129553
537,19,-52.8844,-52.8844
537,20,13.7577,13.7577
538,1,49.3319,49.3319
538,2,-55.5865,-55.5865
538,3,26.8531,0.00527999
538,4,-28.6929,0.00911738
538,5,-34.1877,-34.1877
538,6,5.62549,5.62549
538,7,-22.1946,-22.1946
538,8,39.1834,39.1834
538,9,-27.0462,-0.00170325
538,10,3.36402,3.36402
538,11,18.9527,0.00248448
538,12,10.1719,0.0160926
538,13,-22.7026,-22.7026
538,14,1.04585,1.04585
538,15,-40.212,-40.212
538,16,21.233,21.233
538,17,23.9503,23.9503
538,18,-27.1867,-0.0064805
538,19,-54.1446,-54.1446
538,20,17.4879,17.4879
539,1,48.0586,48.0586
539,2,-55.1206,-55.1206
539,3,25.8153,-0.00676082
539,4,-28.1224,0.00424756
539,5,-33.5674,-33.5674
539,6,6.24795,6.24795
539,7,-22.9117,-22.9117
539,8,39.9635,39.9635
539,9,-25.8528,-0.00549245
539,10,3.01598,3.01598
539,11,17.62,-0.0167963
539,12,9.07304,-0.0079795
539,13,-24.0692,-24.0692
539,14,2.13273,2.13273
539,15,-38.9368,-38.9368
539,16,22.129,22.129
539,17,25.2784,25.2784
539,18,-26.7097,0.00942292
539,19,-53.1364,-53.1364
539,20,17.026,17.026
540,1,50.1942,50.1942
540,2,-56.9925,-56.9925
540,3,27.6626,-0.0100381
540,4,-29.8738,-0.0041139
540,5,-35.4477,-35.4477
540,6,4.44583,4.44583
540,7,-21.0612,-21.0612
540,8,37.8402,37.8402
540,9,-28.0221,0.000787803
540,10,4.97388,4.97388
540,11,19.7799,-0.0102602
540,12,10.9447,0.00502929
540,13,-21.8487,-21.8487
540,14,0.254665,0.254665
540,15,-40.8742,-40.8742
540,16,20.1307,20.1307
540,17,23.0339,23.0339
540,18,-28.507,0.0111633
540,19,-55.1698,-55.1698
540,20,18.6998,18.6998
541,1,45.7657,45.7657
541,2,-53.2535,-53.2535
541,3,23.7344,-0.00993777
541,4,-26.4056,0.0115285
541,5,-31.7368,-31.7368
541,6,8.15168,8.15168
541,7,-24.7515,-24.7515
541,8,42.0577,42.0577
541,9,-23.5774,-0.0131036
541,10,1.23432,1.23432
541,11,15.3746,-0.0191187
541,12,7.04803,-0.00678886
541,13,-26.5251,-26.5251
541,14,4.17436,4.17436
541,15,-36.7137,-36.7137
541,16,24.0678,24.0678
541,17,27.4428,27.4428
541,18,-24.7688,0.00853449
541,19,-50.961,-50.961
541,20,15.2327,15.2327
542,1,52.6622,52.6622
542,2,-58.758,-58.758
542,3,29.5957,-0.0102732
542,4,-31.3407,-0.00891105
542,5,-37.2055,-37.2055
542,6,2.70711,2.70711
542,7,-19.3098,-19.3098
542,8,35.5493,35.5493
542,9,-30.5019,0.0104355
542,10,6.78812,6.78812
542,11,22.2656,0.0105919
542,12,12.9093,0.00693363
542,13,-19.1208,-19.1208
542,14,-1.68579,-1.68579
542,15,-43.0552,-43.0552
542,16,18.1273,18.1273
542,17,20.5265,20.5265
542,18,-30.2516,0.00747833
542,19,-57.3831,-57.3831
542,20,20.1733,20.1733
543,1,38.7739,38.7739
543,2,-46.9558,-46.9558
543,3,17.3081,-0.0151478
543,4,-20.4388,0.0152871
543,5,-25.475,-25.475
543,6,14.3938,14.3938
543,7,-30.9806,-30.9806
543,8,48.8922,48.8922
543,9,-16.5611,0.0188672
543,10,-5.11305,-5.11305
543,11,8.39893,0.0360042
543,12,0.63254,0.460228
543,13,-33.7879,-33.7879
543,14,10.5941,10.5941
543,15,-30.0493,-30.0493
543,16,30.5648,30.5648
543,17,34.4458,34.4458
543,18,-18.4921,0.017208
543,19,-44.2056,-44.2056
543,20,9.25797,9.25797
544,1,45.6628,45.6628
544,2,-49.3946,-49.3946
544,3,20.9606,0.00187269
544,4,-21.1491,-0.00679695
544,5,-27.8545,-27.8545
544,6,12.0162,12.0162
544,7,-28.6915,-28.6915
544,8,43.2431,43.2431
544,9,-23.5425,-0.0134003
544,10,-2.41915,-2.41915
544,11,15.3217,-0.0175989
544,12,4.30483,0.0604728
544,13,-25.2934,-25.2934
544,14,6.96479,6.96479
544,15,-35.1417,-35.1417
544,16,26.7034,26.7034
544,17,27.5245,27.5245
544,18,-20.8736,0.0058993
544,19,-49.6139,-49.6139
544,20,10.0047,10.0047
545,1,49.1612,49.1612
545,2,-54.1423,-54.1423
545,3,25.9038,-0.00365702
545,4,-26.9176,0.00302643
545,5,-32.7898,-32.7898
545,6,6.99494,6.99494
545,7,-23.5773,-23.5773
545,8,39.8149,39.8149
545,9,-26.8552,0.00520768
545,10,1.93764,1.93764
545,11,18.796,0.0101267
545,12,9.25352,-0.0245909
545,13,-22.485,-22.485
545,14,1.97934,1.97934
545,15,-39.6677,-39.6677
545,16,22.2235,22.2235
545,17,24.1211,24.1211
545,18,-25.7641,-0.0083394
545,19,-53.5562,-53.5562
545,20,15.7107,15.7107
546,1,48.8451,48.8451
546,2,-55.5042,-55.5042
546,3,26.5132,0.0119953
546,4,-28.525,0.0111245
546,5,-33.9887,-33.9887
546,6,5.7711,5.7711
546,7,-22.4435,-22.4435
546,8,39.444,39.444
546,9,-26.5935,0.011457
546,10,3.29101,3.29101
546,11,18.3965,0.0163959
546,12,9.75776,-0.0224973
546,13,-23.2044,-23.2044
546,14,1.4375,1.4375
546,15,-39.7607,-39.7607
546,16,21.5947,21.5947
546,17,24.5556,24.5556
546,18,-27.1546,-0.0054711
546,19,-53.8085,-53.8085
546,20,17.4417,17.4417
547,1,48.9176,48.9176
547,2,-55.9002,-55.9002
547,3,26.566,0.0117256
547,4,-28.8675,0.00445951
547,5,-34.3451,-34.3451
547,6,5.51447,5.51447
547,7,-22.1559,-22.1559
547,8,39.1061,39.1061
547,9,-26.7359,0.00878365
547,10,3.82278,3.82278
547,11,18.4797,0.0171897
547,12,9.81022,-0.018219
547,13,-23.1916,-23.1916
547,14,1.36955,1.36955
547,15,-39.7133,-39.7133
547,16,21.3128,21.3128
547,17,24.3802,24.3802
547,18,-27.4522,-0.0114645
547,19,-53.9698,-53.9698
547,20,17.7206,17.7206
548,1,48.6417,48.6417
548,2,-55.721,-55.721
548,3,26.3087,0.00997885
548,4,-28.7081,0.00880235
548,5,-34.1888,-34.1888
548,6,5.70759,5.70759
548,7,-22.3128,-22.3128
548,8,39.3091,39.3091
548,9,-26.4655,0.0119568
548,10,3.70144,3.70144
548,11,18.237,0.0118274
548,12,9.59978,-0.0315424
548,13,-23.5063,-23.5063
548,14,1.60398,1.60398
548,15,-39.4277,-39.4277
548,16,21.4835,21.4835
548,17,24.5846,24.5846
548,18,-27.2337,-0.00782965
548,19,-53.7012,-53.7012
548,20,17.5368,17.5368
549,1,49.0952,49.0952
549,2,-56.11,-56.11
549,3,26.7018,0.0096036
549,4,-29.0552,-0.00189135
549,5,-34.5768,-34.5768
549,6,5.3281,5.3281
549,7,-21.9222,-21.9222
549,8,38.8604,38.8604
549,9,-26.9223,0.0028586
549,10,4.10306,4.10306
549,11,18.7008,0.0137458
549,12,10.0083,0.000833268
549,13,-23.0212,-23.0212
549,14,1.20768,1.20768
549,15,-39.8505,-39.8505
549,16,21.0677,21.0677
549,17,24.1102,24.1102
549,18,-27.616,-0.0107699
549,19,-54.1243,-54.1243
549,20,17.8863,17.8863
550,1,48.2088,48.2088
550,2,-55.366,-55.366
550,3,25.9199,-0.00305694
550,4,-28.3726,0.0103328
550,5,-33.8403,-33.8403
550,6,6.06034,6.06034
550,7,-22.6537,-22.6537
550,8,39.7046,39.7046
550,9,-26.0309,0.00118626
550,10,3.36161,3.36161
550,11,17.8218,-0.00948252
550,12,9.23669,-0.0233278
550,13,-23.9613,-23.9613
550,14,1.98613,1.98613
550,15,-39.0185,-39.0185
550,16,21.8519,21.8519
550,17,24.9958,24.9958
550,18,-26.8729,0.00460494
550,19,-53.2847,-53.2847
550,20,17.2017,17.2017
551,1,49.8457,49.8457
551,2,-56.7296,-56.7296
551,3,27.3533,-0.0104221
551,4,-29.6196,-0.0099973
551,5,-35.1929,-35.1929
551,6,4.7139,4.7139
551,7,-21.3074,-21.3074
551,8,38.1407,38.1407
551,9,-27.6742,-0.00982171
551,10,4.73139,4.73139
551,11,19.4537,-0.0161899
551,12,10.6672,0.0258148
551,13,-22.2193,-22.2193
551,14,0.555366,0.555366
551,15,-40.5478,-40.5478
551,16,20.4044,20.4044
551,17,23.3488,23.3488
551,18,-28.2324,0.00751878
551,19,-54.8309,-54.8309
551,20,18.4494,18.4494
552,1,46.5592,46.5592
552,2,-53.9476,-53.9476
552,3,24.4466,0.0128378
552,4,-27.0546,-0.00200704
552,5,-32.4298,-32.4298
552,6,7.4619,7.4619
552,7,-24.0583,-24.0583
552,8,41.2858,41.2858
552,9,-24.372,0.0120184
552,10,1.93992,1.93992
552,11,16.175,0.0102807
552,12,7.77229,-0.0268624
552,13,-25.6937,-25.6937
552,14,3.45845,3.45845
552,15,-37.4624,-37.4624
552,16,23.3388,23.3388
552,17,26.6406,26.6406
552,18,-25.4584,-0.0123966
552,19,-51.717,-51.717
552,20,15.8809,15.8809
553,1,52.0704,52.0704
553,2,-58.4271,-58.4271
553,3,29.191,-0.0061569
553,4,-31.1077,-0.00339615
553,5,-36.8807,-36.8807
553,6,3.03505,3.03505
553,7,-19.6297,-19.6297
553,8,36.0703,36.0703
553,9,-29.9085,-0.00301642
553,10,6.44606,6.44606
553,11,21.678,-0.0124473
553,12,12.5011,0.0254624
553,13,-19.8068,-19.8068
553,14,-1.2819,-1.2819
553,15,-42.5657,-42.5657
553,16,18.5413,18.5413
553,17,21.124,21.124
553,18,-29.9233,-0.00253702
553,19,-56.8755,-56.8755
553,20,19.9433,19.9433
554,1,40.502,40.502
554,2,-48.541,-48.541
554,3,18.9003,0.00518831
554,4,-21.9411,-0.00266854
554,5,-27.0491,-27.0491
554,6,12.8263,12.8263
554,7,-29.4166,-29.4166
554,8,47.1844,47.1844
554,9,-18.2955,0.013928
554,10,-3.50537,-3.50537
554,11,10.122,0.0117632
554,12,2.23021,0.0944583
554,13,-32.001,-32.001
554,14,9.00042,9.00042
554,15,-31.6924,-31.6924
554,16,28.9417,28.9417
554,17,32.712,32.712
554,18,-20.0686,0.00339292
554,19,-45.8808,-45.8808
554,20,10.7612,10.7612
555,1,49.562,49.562
555,2,-53.9136,-53.9136
555,3,25.2616,-0.00922771
555,4,-25.8429,-0.00583677
555,5,-32.3436,-32.3436
555,6,7.57299,7.57299
555,7,-24.1959,-24.1959
555,8,39.1699,39.1699
555,9,-27.4279,-0.0113086
555,10,2.0055,2.0055
555,11,19.1758,-0.00870981
555,12,8.57252,0.0361718
555,13,-21.6039,-21.6039
555,14,2.65836,2.65836
555,15,-39.2931,-39.2931
555,16,22.4098,22.4098
555,17,23.623,23.623
555,18,-25.3936,-0.0118409
555,19,-53.7013,-53.7013
555,20,14.6936,14.6936
556,1,48.3584,48.3584
556,2,-54.9222,-54.9222
556,3,26.0659,0.00251116
556,4,-28.1236,0.00428632
556,5,-33.5284,-33.5284
556,6,6.27828,6.27828
556,7,-22.8564,-22.8564
556,8,40.033,40.033
556,9,-26.073,0.00277427
556,10,2.73547,2.73547
556,11,17.9906,-0.000521916
556,12,9.41159,-0.0325249
556,13,-23.7761,-23.7761
556,14,1.81962,1.81962
556,15,-39.3204,-39.3204
556,16,21.9944,21.9944
556,17,24.9122,24.9122
556,18,-26.5186,0.0119829
556,19,-53.2681,-53.2681
556,20,16.9226,16.9226
557,1,49.7568,49.7568
557,2,-56.5626,-56.5626
557,3,27.2943,-0.00931031
557,4,-29.4329,-0.0105751
557,5,-34.9945,-34.9945
557,6,4.84091,4.84091
557,7,-21.4974,-21.4974
557,8,38.3153,38.3153
557,9,-27.5647,-0.0113102
557,10,4.47734,4.47734
557,11,19.3162,-0.0138059
557,12,10.5481,0.0298324
557,13,-22.2654,-22.2654
557,14,0.654659,0.654659
557,15,-40.5114,-40.5114
557,16,20.6105,20.6105
557,17,23.5584,23.5584
557,18,-28.1386,0.00477019
557,19,-54.7447,-54.7447
557,20,18.3351,18.3351
558,1,46.8561,46.8561
558,2,-54.1859,-54.1859
558,3,24.7187,0.00995462
558,4,-27.2919,-0.00925861
558,5,-32.6612,-32.6612
558,6,7.22243,7.22243
558,7,-23.8339,-23.8339
558,8,41.0276,41.0276
558,9,-24.6702,0.0111013
558,10,2.15855,2.15855
558,11,16.4529,0.0191357
558,12,8.01541,0.00192164
558,13,-25.3852,-25.3852
558,14,3.19229,3.19229
558,15,-37.7457,-37.7457
558,16,23.0951,23.0951
558,17,26.3721,26.3721
558,18,-25.7048,-0.00990701
558,19,-52.0095,-52.0095
558,20,16.111,16.111
559,1,51.7611,51.7611
559,2,-58.1999,-58.1999
559,3,28.9494,0.00174178
559,4,-30.9229,0.00247007
559,5,-36.6589,-36.6589
559,6,3.24854,3.24854
559,7,-19.8521,-19.8521
559,8,36.3581,36.3581
559,9,-29.5967,-0.0102623
559,10,6.22083,6.22083
559,11,21.3681,-0.013635
559,12,12.2558,0.0186949
559,13,-20.1496,-20.1496
559,14,-1.03861,-1.03861
559,15,-42.2877,-42.2877
559,16,18.7944,18.7944
559,17,21.4419,21.4419
559,18,-29.6995,-0.00868009
559,19,-56.5979,-56.5979
559,20,19.7605,19.7605
560,1,41.4953,41.4953
560,2,-49.4448,-49.4448
560,3,19.8189,-0.0086538
560,4,-22.8041,0.00805754
560,5,-27.9493,-27.9493
560,6,11.9297,11.9297
560,7,-28.521,-28.521
560,8,46.2129,46.2129
560,9,-19.2917,-0.0130906
560,10,-2.5948,-2.5948
560,11,11.1104,-0.00973898
560,12,3.14727,-0.0451417
560,13,-30.976,-30.976
560,14,8.08088,8.08088
560,15,-32.643,-32.643
560,16,28.0132,28.0132
560,17,31.7198,31.7198
560,18,-20.9705,0.00140685
560,19,-46.8421,-46.8421
560,20,11.6236,11.6236
561,1,51.1029,51.1029
561,2,-55.8009,-55.8009
561,3,27.0314,-0.00116032
561,4,-27.8379,-0.0055744
561,5,-34.2179,-34.2179
561,6,5.71205,5.71205
561,7,-22.3177,-22.3177
561,8,37.5265,37.5265
561,9,-28.9625,0.00129313
561,10,3.8537,3.8537
561,11,20.6972,0.0125208
561,12,10.3332,0.0266726
561,13,-20.1815,-20.1815
561,14,0.881899,0.881899
561,15,-40.9713,-40.9713
561,16,20.6449,20.6449
561,17,22.0816,22.0816
561,18,-27.2828,-0.00905439
561,19,-55.3514,-55.3514
561,20,16.6821,16.6821
562,1,45.269,45.269
562,2,-52.487,-52.487
562,3,23.3647,-0.0124115
562,4,-25.8522,-0.0055148
562,5,-31.0743,-31.0743
562,6,8.74603,8.74603
562,7,-25.3224,-25.3224
562,8,42.871,42.871
562,9,-22.9979,9.01641e-05
562,10,0.314995,0.314995
562,11,14.9023,0.00645294
562,12,6.70337,0.0381189
562,13,-27.0609,-27.0609
562,14,4.52712,4.52712
562,15,-36.407,-36.407
562,16,24.6604,24.6604
562,17,27.9951,27.9951
562,18,-24.0701,0.00288747
562,19,-50.392,-50.392
562,20,14.6559,14.6559
563,1,52.7799,52.7799
563,2,-58.6455,-58.6455
563,3,29.6007,-0.0102199
563,4,-31.1341,-0.00418147
563,5,-37.0645,-37.0645
563,6,2.79326,2.79326
563,7,-19.4515,-19.4515
563,8,35.5338,35.5338
563,9,-30.6146,0.00973079
563,10,6.6329,6.6329
563,11,22.3563,0.0128109
563,12,12.87,0.0098199
563,13,-18.9015,-18.9015
563,14,-1.66007,-1.66007
563,15,-43.1297,-43.1297
563,16,18.2151,18.2151
563,17,20.4977,20.4977
563,18,-30.1888,0.00589324
563,19,-57.446,-57.446
563,20,20.0284,20.0284
564,1,38.7771,38.7771
564,2,-46.9313,-46.9313
564,3,17.3285,-0.0157662
564,4,-20.4481,0.0153602
564,5,-25.4565,-25.4565
564,6,14.4022,14.4022
564,7,-30.9974,-30.9974
564,8,48.9306,48.9306
564,9,-16.5599,0.018882
564,10,-5.16096,-5.16096
564,11,8.39075,0.0357233
564,12,0.634353,0.457749
564,13,-33.7943,-33.7943
564,14,10.575,10.575
564,15,-30.0696,-30.0696
564,16,30.5809,30.5809
564,17,34.4642,34.4642
564,18,-18.478,0.0171853
564,19,-44.2122,-44.2122
564,20,9.25629,9.25629
565,1,45.6639,45.6639
565,2,-49.3881,-49.3881
565,3,20.9613,0.0018415
565,4,-21.14,-0.00641165
565,5,-27.8452,-27.8452
565,6,12.0195,12.0195
565,7,-28.7027,-28.7027
565,8,43.2478,43.2478
565,9,-23.5421,-0.0134025
565,10,-2.43058,-2.43058
565,11,15.3157,-0.0173951
565,12,4.29789,0.059627
565,13,-25.2894,-25.2894
565,14,6.96758,6.96758
565,15,-35.1429,-35.1429
565,16,26.7138,26.7138
565,17,27.5347,27.5347
565,18,-20.8723,0.00595354
565,19,-49.6151,-49.6151
565,20,10.0019,10.0019
566,1,49.1417,49.1417
566,2,-54.1203,-54.1203
566,3,25.884,-0.00438329
566,4,-26.8971,0.00375875
566,5,-32.7677,-32.7677
566,6,7.01661,7.01661
566,7,-23.6001,-23.6001
566,8,39.8367,39.8367
566,9,-26.8359,0.00584626
566,10,1.91455,1.91455
566,11,18.7748,0.0110201
566,12,9.23124,-0.0229042
566,13,-22.5047,-22.5047
566,14,1.99943,1.99943
566,15,-39.6478,-39.6478
566,16,22.2454,22.2454
566,17,24.1422,24.1422
566,18,-25.7426,-0.00894479
566,19,-53.5371,-53.5371
566,20,15.6891,15.6891
567,1,48.8519,48.8519
567,2,-55.5029,-55.5029
567,3,26.5153,0.0119908
567,4,-28.5218,0.0111342
567,5,-33.9876,-33.9876
567,6,5.77153,5.77153
567,7,-22.4446,-22.4446
567,8,39.4401,39.4401
567,9,-26.6005,0.0113745
567,10,3.29001,3.29001
567,11,18.4034,0.0165057
567,12,9.75959,-0.0223573
567,13,-23.195,-23.195
567,14,1.43535,1.43535
567,15,-39.765,-39.765
567,16,21.5933,21.5933
567,17,24.5493,24.5493
567,18,-27.1535,-0.00543742
567,19,-53.8129,-53.8129
567,20,17.4386,17.4386
568,1,48.8865,48.8865
568,2,-55.8692,-55.8692
568,3,26.5361,0.0119184
568,4,-28.8377,0.0053872
568,5,-34.3144,-34.3144
568,6,5.54469,5.54469
568,7,-22.1863,-22.1863
568,8,39.138,39.138
568,9,-26.7045,0.00954358
568,10,3.79129,3.79129
568,11,18.4484,0.0170281
568,12,9.78023,-0.020728
568,13,-23.2232,-23.2232
568,14,1.39941,1.39941
568,15,-39.6832,-39.6832
568,16,21.3437,21.3437
568,17,24.4118,24.4118
568,18,-27.4216,-0.0112577
568,19,-53.9389,-53.9389
568,20,17.6908,17.6908
569,1,48.7098,48.7098
569,2,-55.7784,-55.7784
569,3,26.3695,0.0110715
569,4,-28.7613,0.00754394
569,5,-34.2457,-34.2457
569,6,5.65084,5.65084
569,7,-22.2559,-22.2559
569,8,39.2447,39.2447
569,9,-26.5338,0.0119289
569,10,3.75814,3.75814
569,11,18.3047,0.0142168
569,12,9.66002,-0.0288743
569,13,-23.4343,-23.4343
569,14,1.54339,1.54339
569,15,-39.4924,-39.4924
569,16,21.4229,21.4229
569,17,24.5167,24.5167
569,18,-27.2912,-0.00924204
569,19,-53.7657,-53.7657
569,20,17.5901,17.5901
570,1,48.9972,48.9972
570,2,-56.0329,-56.0329
570,3,26.6194,0.011126
570,4,-28.9871,0.000443726
570,5,-34.5006,-34.5006
570,6,5.40368,5.40368
570,7,-21.9979,-21.9979
570,8,38.9529,38.9529
570,9,-26.8238,0.00623971
570,10,4.02564,4.02564
570,11,18.6032,0.016219
570,12,9.92611,-0.0073776
570,13,-23.1273,-23.1273
570,14,1.28991,1.28991
570,15,-39.7607,-39.7607
570,16,21.1512,21.1512
570,17,24.2093,24.2093
570,18,-27.5393,-0.0114703
570,19,-54.0333,-54.0333
570,20,17.8183,17.8183
571,1,48.3665,48.3665
571,2,-55.4956,-55.4956
571,3,26.0555,0.00211868
571,4,-28.4884,0.0111659
571,5,-33.9681,-33.9681
571,6,5.93442,5.93442
571,7,-22.5269,-22.5269
571,8,39.5546,39.5546
571,9,-26.1904,0.00684257
571,10,3.49091,3.49091
571,11,17.9788,-0.00117839
571,12,9.3703,-0.0311887
571,13,-23.7924,-23.7924
571,14,1.85113,1.85113
571,15,-39.1647,-39.1647
571,16,21.7145,21.7145
571,17,24.8378,24.8378
571,18,-27.0019,-6.94063e-05
571,19,-53.4326,-53.4326
571,20,17.318,17.318
572,1,49.6083,49.6083
572,2,-56.5418,-56.5418
572,3,27.1526,-0.00540789
572,4,-29.4511,-0.0106809
572,5,-35.0061,-35.0061
572,6,4.90152,4.90152
572,7,-21.4928,-21.4928
572,8,38.3663,38.3663
572,9,-27.4367,-0.0113727
572,10,4.53918,4.53918
572,11,19.2168,-0.0104286
572,12,10.465,0.030233
572,13,-22.4754,-22.4754
572,14,0.75599,0.75599
572,15,-40.3314,-40.3314
572,16,20.6081,20.6081
572,17,23.5883,23.5883
572,18,-28.0452,0.00160483
572,19,-54.6093,-54.6093
572,20,18.2809,18.2809
573,1,47.1148,47.1148
573,2,-54.4307,-54.4307
573,3,24.9458,0.0021639
573,4,-27.5065,-0.0115698
573,5,-32.911,-32.911
573,6,6.98215,6.98215
573,7,-23.5791,-23.5791
573,8,40.7501,40.7501
573,9,-24.9293,0.00281081
573,10,2.42696,2.42696
573,11,16.7304,0.0142566
573,12,8.27138,0.0289771
573,13,-25.1126,-25.1126
573,14,2.95893,2.95893
573,15,-37.9865,-37.9865
573,16,22.8338,22.8338
573,17,26.0865,26.0865
573,18,-25.9399,-0.00230239
573,19,-52.2468,-52.2468
573,20,16.3337,16.3337
574,1,51.4248,51.4248
574,2,-57.954,-57.954
574,3,28.6757,0.00945213
574,4,-30.7118,0.00815322
574,5,-36.417,-36.417
574,6,3.48895,3.48895
574,7,-20.0904,-20.0904
574,8,36.6613,36.6613
574,9,-29.2598,-0.00792489
574,10,5.98156,5.98156
574,11,21.0405,-0.00192072
574,12,11.9926,-0.00061631
574,13,-20.5154,-20.5154
574,14,-0.767262,-0.767262
574,15,-41.9827,-41.9827
574,16,19.0641,19.0641
574,17,21.7697,21.7697
574,18,-29.4523,-0.0106864
574,19,-56.2916,-56.2916
574,20,19.5464,19.5464
575,1,42.3809,42.3809
575,2,-50.2378,-50.2378
575,3,20.6273,0.0142138
575,4,-23.5505,-0.013346
575,5,-28.7376,-28.7376
575,6,11.1484,11.1484
575,7,-27.7362,-27.7362
575,8,45.3495,45.3495
575,9,-20.1826,0.00856083
575,10,-1.79837,-1.79837
575,11,11.9956,-0.000370167
575,12,3.95308,-0.0118255
575,13,-30.0541,-30.0541
575,14,7.27286,7.27286
575,15,-33.4871,-33.4871
575,16,27.1935,27.1935
575,17,30.8322,30.8322
575,18,-21.7604,-0.0100006
575,19,-47.6941,-47.6941
575,20,12.3703,12.3703
576,1,52.1041,52.1041
576,2,-57.0899,-57.0899
576,3,28.2422,0.00777186
576,4,-29.2422,-0.00750669
576,5,-35.5188,-35.5188
576,6,4.40806,4.40806
576,7,-21.0121,-21.0121
576,8,36.4422,36.4422
576,9,-29.9582,-0.00139133
576,10,5.14361,5.14361
576,11,21.7053,-0.0117192
576,12,11.5477,-0.027256
576,13,-19.2854,-19.2854
576,14,-0.327255,-0.327255
576,15,-42.0785,-42.0785
576,16,19.4441,19.4441
576,17,21.0835,21.0835
576,18,-28.5736,0.0108431
576,19,-56.4487,-56.4487
576,20,18.0893,18.0893
577,1,42.2806,42.2806
577,2,-49.9463,-49.9463
577,3,20.6291,0.0141778
577,4,-23.4116,-0.0130751
577,5,-28.5147,-28.5147
577,6,11.323,11.323
577,7,-27.894,-27.894
577,8,45.6789,45.6789
577,9,-20.0173,0.000864684
577,10,-2.21476,-2.21476
577,11,11.9009,-0.00819284
577,12,3.96009,-0.0100527
577,13,-30.1785,-30.1785
577,14,7.26955,7.26955
577,15,-33.5321,-33.5321
577,16,27.3658,27.3658
577,17,30.9708,30.9708
577,18,-21.5198,-0.0147628
577,19,-47.549,-47.549
577,20,12.2181,12.2181
578,1,51.8261,51.8261
578,2,-56.7402,-56.7402
578,3,27.9412,-0.00209117
578,4,-28.8528,0.0049225
578,5,-35.1437,-35.1437
578,6,4.74658,4.74658
578,7,-21.387,-21.387
578,8,36.7643,36.7643
578,9,-29.6715,-0.00920808
578,10,4.75331,4.75331
578,11,21.3975,-0.0141111
578,12,11.2158,-0.0177985
578,13,-19.5235,-19.5235
578,14,-0.00515286,-0.00515286
578,15,-41.8023,-41.8023
578,16,19.8108,19.8108
578,17,21.4264,21.4264
578,18,-28.2593,0.00819314
578,19,-56.1604,-56.1604
578,20,17.7393,17.7393
579,1,43.2553,43.2553
579,2,-50.7959,-50.7959
579,3,21.5326,-0.0147052
579,4,-24.2376,0.00891805
579,5,-29.3642,-29.3642
579,6,10.4683,10.4683
579,7,-27.047,-27.047
579,8,44.7584,44.7584
579,9,-20.9929,0.000338761
579,10,-1.37485,-1.37485
579,11,12.8684,0.00994006
579,12,4.85225,0.0293689
579,13,-29.1702,-29.1702
579,14,6.36515,6.36515
579,15,-34.4717,-34.4717
579,16,26.4769,26.4769
579,17,30.0078,30.0078
579,18,-22.3727,0.0131053
579,19,-48.4901,-48.4901
579,20,13.0349,13.0349
580,1,52.5582,52.5582
580,2,-57.7848,-57.7848
580,3,28.9083,0.00312934
580,4,-30.0232,0.000770744
580,5,-36.1943,-36.1943
580,6,3.68071,3.68071
580,7,-20.3333,-20.3333
580,8,35.9343,35.9343
580,9,-30.4064,0.010019
580,10,5.79738,5.79738
580,11,22.137,0.00599924
580,12,12.1789,0.0139288
580,13,-18.8963,-18.8963
580,14,-0.967881,-0.967881
580,15,-42.6533,-42.6533
580,16,18.8651,18.8651
580,17,20.6989,20.6989
580,18,-29.3105,-0.00899075
580,19,-57.0065,-57.0065
580,20,18.9097,18.9097
581,1,40.5145,40.5145
581,2,-48.405,-48.405
581,3,18.9823,0.000931925
581,4,-21.9263,-0.00333017
581,5,-26.9645,-26.9645
581,6,12.875,12.875
581,7,-29.4613,-29.4613
581,8,47.3512,47.3512
581,9,-18.269,0.013035
581,10,-3.7323,-3.7323
581,11,10.1332,0.0127636
581,12,2.29993,0.111949
581,13,-32.0113,-32.0113
581,14,8.91504,8.91504
581,15,-31.8037,-31.8037
581,16,28.9927,28.9927
581,17,32.743,32.743
581,18,-19.9719,-0.0014029
581,19,-45.8641,-45.8641
581,20,10.728,10.728
582,1,49.3421,49.3421
582,2,-53.6656,-53.6656
582,3,25.0447,-0.00178012
582,4,-25.5789,-0.0120643
582,5,-32.08,-32.08
582,6,7.80629,7.80629
582,7,-24.4608,-24.4608
582,8,39.414,39.414
582,9,-27.2031,-0.00696895
582,10,1.73337,1.73337
582,11,18.9357,0.00337507
582,12,8.33174,0.03299
582,13,-21.8046,-21.8046
582,14,2.89051,2.89051
582,15,-39.0817,-39.0817
582,16,22.6773,22.6773
582,17,23.8921,23.8921
582,18,-25.1722,-0.00651195
582,19,-53.4834,-53.4834
582,20,14.4605,14.4605
583,1,48.6587,48.6587
583,2,-55.1325,-55.1325
583,3,26.3122,0.0100531
583,4,-28.3133,0.00936257
583,5,-33.7384,-33.7384
583,6,6.06793,6.06793
583,7,-22.6498,-22.6498
583,8,39.7699,39.7699
583,9,-26.3746,0.0111445
583,10,2.93973,2.93973
583,11,18.2849,0.0135837
583,12,9.64434,-0.0296692
583,13,-23.4501,-23.4501
583,14,1.57703,1.57703
583,15,-39.5921,-39.5921
583,16,21.7578,21.7578
583,17,24.6208,24.6208
583,18,-26.7307,0.00891376
583,19,-53.5444,-53.5444
583,20,17.1085,17.1085
584,1,49.2467,49.2467
584,2,-56.1333,-56.1333
584,3,26.8528,0.00528756
584,4,-29.0438,-0.00150487
584,5,-34.57,-34.57
584,6,5.2615,5.2615
584,7,-21.919,-21.919
584,8,38.8094,38.8094
584,9,-27.0532,-0.0019558
584,10,4.0419,4.0419
584,11,18.8062,0.00967969
584,12,10.1029,0.0100068
584,13,-22.8082,-22.8082
584,14,1.09798,1.09798
584,15,-40.0395,-40.0395
584,16,21.0648,21.0648
584,17,24.0758,24.0758
584,18,-27.7131,-0.0090056
584,19,-54.2631,-54.2631
584,20,17.947,17.947
585,1,48.0162,48.0162
585,2,-55.1876,-55.1876
585,3,25.7589,-0.00848974
585,4,-28.2251,0.00732686
585,5,-33.6572,-33.6572
585,6,6.23226,6.23226
585,7,-22.8419,-22.8419
585,8,39.9155,39.9155
585,9,-25.8374,-0.0060232
585,10,3.16105,3.16105
585,11,17.6108,-0.0169899
585,12,9.04827,-0.00531378
585,13,-24.1682,-24.1682
585,14,2.15298,2.15298
585,15,-38.8431,-38.8431
585,16,22.0473,22.0473
585,17,25.2171,25.2171
585,18,-26.7048,0.00953543
585,19,-53.1138,-53.1138
585,20,17.0463,17.0463
586,1,50.1563,50.1563
586,2,-56.9681,-56.9681
586,3,27.6165,-0.0107626
586,4,-29.8368,-0.00523376
586,5,-35.4314,-35.4314
586,6,4.47005,4.47005
586,7,-21.0727,-21.0727
586,8,37.8518,37.8518
586,9,-27.9835,-0.000589394
586,10,4.97455,4.97455
586,11,19.7593,-0.011052
586,12,10.927,0.00662623
586,13,-21.8858,-21.8858
586,14,0.293867,0.293867
586,15,-40.8292,-40.8292
586,16,20.1447,20.1447
586,17,23.0437,23.0437
586,18,-28.4722,0.0111371
586,19,-55.1209,-55.1209
586,20,18.6683,18.6683
587,1,45.8303,45.8303
587,2,-53.3126,-53.3126
587,3,23.7913,-0.00815575
587,4,-26.4594,0.0119326
587,5,-31.7964,-31.7964
587,6,8.09472,8.09472
587,7,-24.6897,-24.6897
587,8,41.9914,41.9914
587,9,-23.643,-0.0121266
587,10,1.29683,1.29683
587,11,15.4448,-0.0203007
587,12,7.11182,-0.0154011
587,13,-26.456,-26.456
587,14,4.11509,4.11509
587,15,-36.7757,-36.7757
587,16,24.004,24.004
587,17,27.3709,27.3709
587,18,-24.8262,0.00665967
587,19,-51.0214,-51.0214
587,20,15.2852,15.2852
588,1,52.6511,52.6511
588,2,-58.7704,-58.7704
588,3,29.5999,-0.0102284
588,4,-31.3597,-0.00918024
588,5,-37.2174,-37.2174
588,6,2.69669,2.69669
588,7,-19.2969,-19.2969
588,8,35.5538,35.5538
588,9,-30.4902,0.0104348
588,10,6.79773,6.79773
588,11,22.2545,0.010255
588,12,12.9143,0.00655779
588,13,-19.1398,-19.1398
588,14,-1.6905,-1.6905
588,15,-43.0539,-43.0539
588,16,18.1227,18.1227
588,17,20.537,20.537
588,18,-30.2641,0.00775845
588,19,-57.3787,-57.3787
588,20,20.1923,20.1923
589,1,38.8103,38.8103
589,2,-46.9951,-46.9951
589,3,17.343,-0.016166
589,4,-20.4751,0.0154987
589,5,-25.5129,-25.5129
589,6,14.3569,14.3569
589,7,-30.9434,-30.9434
589,8,48.8525,48.8525
589,9,-16.5982,0.018272
589,10,-5.07287,-5.07287
589,11,8.43528,0.0369583
589,12,0.667405,0.412485
589,13,-33.7508,-33.7508
589,14,10.5595,10.5595
589,15,-30.0838,-30.0838
589,16,30.5273,30.5273
589,17,34.4087,34.4087
589,18,-18.5305,0.017099
589,19,-44.2426,-44.2426
589,20,9.29461,9.29461
590,1,45.8128,45.8128
590,2,-49.564,-49.564
590,3,21.1194,-0.00552084
590,4,-21.3175,-0.012545
590,5,-28.0183,-28.0183
590,6,11.8584,11.8584
590,7,-28.5276,-28.5276
590,8,43.0882,43.0882
590,9,-23.6927,-0.0110462
590,10,-2.26078,-2.26078
590,11,15.4666,-0.020467
590,12,4.45827,0.0707849
590,13,-25.1481,-25.1481
590,14,6.80556,6.80556
590,15,-35.3017,-35.3017
590,16,26.5436,26.5436
590,17,27.3737,27.3737
590,18,-21.0424,-0.00200975
590,19,-49.7682,-49.7682
590,20,10.1724,10.1724
591,1,49.3287,49.3287
591,2,-54.369,-54.369
591,3,26.1091,0.00409623
591,4,-27.1615,-0.00569457
591,5,-33.015,-33.015
591,6,6.76816,6.76816
591,7,-23.3519,-23.3519
591,8,39.6267,39.6267
591,9,-27.0227,-0.000838134
591,10,2.1652,2.1652
591,11,18.9657,0.00180643
591,12,9.4612,-0.0333941
591,13,-22.3358,-22.3358
591,14,1.77224,1.77224
591,15,-39.8534,-39.8534
591,16,22.0158,22.0158
591,17,23.953,23.953
591,18,-25.9896,-0.000399299
591,19,-53.7429,-53.7429
591,20,15.9557,15.9557
592,1,48.5044,48.5044
592,2,-55.2396,-55.2396
592,3,26.2135,0.00754828
592,4,-28.2773,0.00861199
592,5,-33.7219,-33.7219
592,6,6.04216,6.04216
592,7,-22.7128,-22.7128
592,8,39.7529,39.7529
592,9,-26.2513,0.00861
592,10,3.02918,3.02918
592,11,18.0522,0.00287875
592,12,9.45792,-0.0333618
592,13,-23.5686,-23.5686
592,14,1.73904,1.73904
592,15,-39.4369,-39.4369
592,16,21.8872,21.8872
592,17,24.8935,24.8935
592,18,-26.8876,0.00409348
592,19,-53.4917,-53.4917
592,20,17.1943,17.1943
593,1,49.4607,49.4607
593,2,-56.3428,-56.3428
593,3,27.0312,-0.00115146
593,4,-29.266,-0.00806687
593,5,-34.7838,-34.7838
593,6,5.08086,5.08086
593,7,-21.7194,-21.7194
593,8,38.587,38.587
593,9,-27.2801,-0.00899366
593,10,4.26967,4.26967
593,11,19.0212,-0.00111337
593,12,10.2764,0.0236416
593,13,-22.6097,-22.6097
593,14,0.905157,0.905157
593,15,-40.2139,-40.2139
593,16,20.8376,20.8376
593,17,23.8285,23.8285
593,18,-27.8903,-0.00385479
593,19,-54.4789,-54.4789
593,20,18.1173,18.1173
594,1,47.5122,47.5122
594,2,-54.7527,-54.7527
594,3,25.3036,-0.0102599
594,4,-27.8153,-0.00627273
594,5,-33.2293,-33.2293
594,6,6.65762,6.65762
594,7,-23.2671,-23.2671
594,8,40.3913,40.3913
594,9,-25.3271,-0.0107582
594,10,2.73565,2.73565
594,11,17.1116,-0.00638975
594,12,8.60574,0.034966
594,13,-24.6974,-24.6974
594,14,2.60625,2.60625
594,15,-38.3621,-38.3621
594,16,22.4971,22.4971
594,17,25.7127,25.7127
594,18,-26.2679,0.00903726
594,19,-52.628,-52.628
594,20,16.6416,16.6416
595,1,50.9416,50.9416
595,2,-57.5885,-57.5885
595,3,28.2832,0.00874442
595,4,-30.3984,0.00994255
595,5,-36.0534,-36.0534
595,6,3.84576,3.84576
595,7,-20.4532,-20.4532
595,8,37.111,37.111
595,9,-28.7716,0.00727425
595,10,5.61152,5.61152
595,11,20.5513,0.0152879
595,12,11.5989,-0.0261292
595,13,-21.0423,-21.0423
595,14,-0.374072,-0.374072
595,15,-41.5467,-41.5467
595,16,19.4684,19.4684
595,17,22.2561,22.2561
595,18,-29.0904,-0.00306531
595,19,-55.8517,-55.8517
595,20,19.2313,19.2313
596,1,43.7585,43.7585
596,2,-51.4794,-51.4794
596,3,21.8984,-0.00456043
596,4,-24.726,0.00976272
596,5,-29.9706,-29.9706
596,6,9.92164,9.92164
596,7,-26.509,-26.509
596,8,44.0052,44.0052
596,9,-21.5691,-0.0144112
596,10,-0.553609,-0.553609
596,11,13.3723,-0.0219138
596,12,5.21436,-0.0380723
596,13,-28.6198,-28.6198
596,14,6.00608,6.00608
596,15,-34.8064,-34.8064
596,16,25.9131,25.9131
596,17,29.4519,29.4519
596,18,-22.9987,5.70097e-05
596,19,-49.0271,-49.0271
596,20,13.5487,13.5487
597,1,52.9617,52.9617
597,2,-58.4061,-58.4061
597,3,29.4223,-0.0104978
597,4,-30.7291,0.00778883
597,5,-36.837,-36.837
597,6,3.0871,3.0871
597,7,-19.6872,-19.6872
597,8,35.4447,35.4447
597,9,-30.8095,0.00582168
597,10,6.44301,6.44301
597,11,22.5586,0.0138723
597,12,12.7313,0.0186888
597,13,-18.5889,-18.5889
597,14,-1.51135,-1.51135
597,15,-43.1095,-43.1095
597,16,18.2757,18.2757
597,17,20.2244,20.2244
597,18,-29.8929,-0.00351606
597,19,-57.4598,-57.4598
597,20,19.5668,19.5668
598,1,38.7598,38.7598
598,2,-46.862,-46.862
598,3,17.3361,-0.0159811
598,4,-20.4128,0.0150124
598,5,-25.4125,-25.4125
598,6,14.4333,14.4333
598,7,-31.0152,-31.0152
598,8,49.0042,49.0042
598,9,-16.522,0.0192196
598,10,-5.25539,-5.25539
598,11,8.39014,0.0357014
598,12,0.667982,0.411694
598,13,-33.8168,-33.8168
598,14,10.56,10.56
598,15,-30.0947,-30.0947
598,16,30.6071,30.6071
598,17,34.4805,34.4805
598,18,-18.4196,0.0167333
598,19,-44.1705,-44.1705
598,20,9.223,9.223
599,1,45.4863,45.4863
599,2,-49.2048,-49.2048
599,3,20.782,0.00968786
599,4,-20.9391,0.00288956
599,5,-27.6486,-27.6486
599,6,12.2128,12.2128
599,7,-28.8985,-28.8985
599,8,43.4337,43.4337
599,9,-23.3639,-0.0123968
599,10,-2.63665,-2.63665
599,11,15.1277,-0.00821735
599,12,4.10562,0.0252562
599,13,-25.4557,-25.4557
599,14,7.15282,7.15282
599,15,-34.9749,-34.9749
599,16,26.9103,26.9103
599,17,27.7281,27.7281
599,18,-20.6992,0.0124648
599,19,-49.4372,-49.4372
599,20,9.81322,9.81322
600,1,49.017,49.017
600,2,-53.9322,-53.9322
600,3,25.7169,-0.00961278
600,4,-26.6844,0.00998221
600,5,-32.5747,-32.5747
600,6,7.21443,7.21443
600,7,-23.7931,-23.7931
600,8,39.9875,39.9875
600,9,-26.712,0.00937027
600,10,1.71241,1.71241
600,11,18.6443,0.0153476
600,12,9.05462,-0.00600313
600,13,-22.6086,-22.6086
600,14,2.17026,2.17026
600,15,-39.5056,-39.5056
600,16,22.4165,22.4165
600,17,24.2715,24.2715
600,18,-25.5543,-0.0122755
600,19,-53.3916,-53.3916
600,20,15.4732,15.4732
601,1,49.0503,49.0503
601,2,-55.6368,-55.6368
601,3,26.6828,0.010016
601,4,-28.644,0.00999538
601,5,-34.1247,-34.1247
601,6,5.62924,5.62924
601,7,-22.3046,-22.3046
601,8,39.2703,39.2703
601,9,-26.798,0.00704191
601,10,3.42033,3.42033
601,11,18.6049,0.0161874
601,12,9.92745,-0.00724533
601,13,-22.978,-22.978
601,14,1.268,1.268
601,15,-39.9504,-39.9504
601,16,21.4346,21.4346
601,17,24.3545,24.3545
601,18,-27.2895,-0.00920575
601,19,-53.9917,-53.9917
601,20,17.561,17.561
602,1,48.5609,48.5609
602,2,-55.5955,-55.5955
602,3,26.2546,0.00869524
602,4,-28.5911,0.0106808
602,5,-34.0439,-34.0439
602,6,5.80925,5.80925
602,7,-22.4552,-22.4552
602,8,39.4527,39.4527
602,9,-26.3762,0.0111663
602,10,3.51569,3.51569
602,11,18.123,0.00662044
602,12,9.49967,-0.0335074
602,13,-23.5701,-23.5701
602,14,1.68007,1.68007
602,15,-39.3818,-39.3818
602,16,21.6338,21.6338
602,17,24.7432,24.7432
602,18,-27.152,-0.00538629
602,19,-53.6322,-53.6322
602,20,17.4456,17.4456
603,1,49.2795,49.2795
603,2,-56.248,-56.248
603,3,26.8647,0.00488591
603,4,-29.1875,-0.00605957
603,5,-34.7104,-34.7104
603,6,5.18835,5.18835
603,7,-21.7943,-21.7943
603,8,38.7023,38.7023
603,9,-27.106,-0.00384026
603,10,4.22883,4.22883
603,11,18.8706,0.00666794
603,12,10.152,0.0144074
603,13,-22.8258,-22.8258
603,14,1.05007,1.05007
603,15,-40.0226,-40.0226
603,16,20.9242,20.9242
603,17,23.9446,23.9446
603,18,-27.7599,-0.00785157
603,19,-54.3028,-54.3028
603,20,18.0172,18.0172
604,1,47.8619,47.8619
604,2,-55.0674,-55.0674
604,3,25.6137,-0.0116431
604,4,-28.1007,0.00352566
604,5,-33.5446,-33.5446
604,6,6.35073,6.35073
604,7,-22.9495,-22.9495
604,8,40.0397,40.0397
604,9,-25.6803,-0.0104586
604,10,3.06258,3.06258
604,11,17.472,-0.0181478
604,12,8.92946,0.00783503
604,13,-24.3288,-24.3288
604,14,2.29263,2.29263
604,15,-38.6914,-38.6914
604,16,22.1659,22.1659
604,17,25.347,25.347
604,18,-26.5766,0.0116319
604,19,-52.9567,-52.9567
604,20,16.9297,16.9297
605,1,50.3862,50.3862
605,2,-57.1546,-57.1546
605,3,27.8114,-0.0063905
605,4,-30.0048,0.000158489
605,5,-35.6183,-35.6183
605,6,4.28464,4.28464
605,7,-20.8848,-20.8848
605,8,37.6298,37.6298
605,9,-28.2148,0.00704896
605,10,5.16852,5.16852
605,11,19.9952,-0.000240112
605,12,11.1292,-0.0112941
605,13,-21.6382,-21.6382
605,14,0.0968352,0.0968352
605,15,-41.0399,-41.0399
605,16,19.9412,19.9412
605,17,22.8064,22.8064
605,18,-28.6564,0.00979319
605,19,-55.3349,-55.3349
605,20,18.8349,18.8349
606,1,45.1976,45.1976
606,2,-52.7536,-52.7536
606,3,23.2133,-0.00851511
606,4,-25.9282,-0.00274454
606,5,-31.2385,-31.2385
606,6,8.6545,8.6545
606,7,-25.2454,-25.2454
606,8,42.6053,42.6053
606,9,-23.011,-0.000477217
606,10,0.730926,0.730926
606,11,14.8133,0.0118954
606,12,6.53145,0.0484972
606,13,-27.1147,-27.1147
606,14,4.69343,4.69343
606,15,-36.1754,-36.1754
606,16,24.5864,24.5864
606,17,28.0044,28.0044
606,18,-24.2684,0.00979544
606,19,-50.4127,-50.4127
606,20,14.7535,14.7535
607,1,52.9532,52.9532
607,2,-58.8599,-58.8599
607,3,29.7569,-0.00739856
607,4,-31.3763,-0.00938852
607,5,-37.3101,-37.3101
607,6,2.59841,2.59841
607,7,-19.2069,-19.2069
607,8,35.3126,35.3126
607,9,-30.7986,0.006111
607,10,6.90653,6.90653
607,11,22.5689,0.0137743
607,12,13.0725,-0.00549477
607,13,-18.7622,-18.7622
607,14,-1.84442,-1.84442
607,15,-43.2716,-43.2716
607,16,17.9601,17.9601
607,17,20.2359,20.2359
607,18,-30.3512,0.0093628
607,19,-57.6129,-57.6129
607,20,20.2134,20.2134
608,1,37.9968,37.9968
608,2,-46.2306,-46.2306
608,3,16.5912,0.0184035
608,4,-19.7577,-0.0111122
608,5,-24.7585,-24.7585
608,6,15.1058,15.1058
608,7,-31.6898,-31.6898
608,8,49.6717,49.6717
608,9,-15.777,-0.0130045
608,10,-5.8522,-5.8522
608,11,7.6208,-0.0387967
608,12,-0.0847932,0.988215
608,13,-34.5944,-34.5944
608,14,11.3096,11.3096
608,15,-29.3142,-29.3142
608,16,31.3014,31.3014
608,17,35.2283,35.2283
608,18,-17.7737,-0.0116848
608,19,-43.4473,-43.4473
608,20,8.57417,8.57417
609,1,43.4785,43.4785
609,2,-46.8761,-46.8761
609,3,18.5779,0.0166226
609,4,-18.5943,0.0163729
609,5,-25.3972,-25.3972
609,6,14.4128,14.4128
609,7,-31.1516,-31.1516
609,8,45.5168,45.5168
609,9,-21.3404,-0.0130805
609,10,-4.80984,-4.80984
609,11,13.1805,-0.0129734
609,12,1.99787,-0.00106792
609,13,-27.3952,-27.3952
609,14,9.34347,9.34347
609,15,-32.7917,-32.7917
609,16,29.0778,29.0778
609,17,29.7158,29.7158
609,18,-18.3563,0.015603
609,19,-47.3312,-47.3312
609,20,7.45413,7.45413
610,1,45.4315,45.4315
610,2,-49.54,-49.54
610,3,21.6304,-0.0134985
610,4,-22.072,0.00323514
610,5,-28.2085,-28.2085
610,6,11.5769,11.5769
610,7,-28.1553,-28.1553
610,8,43.861,43.861
610,9,-23.1243,-0.00524008
610,10,-2.66961,-2.66961
610,11,15.0579,-0.00382675
610,12,4.97083,0.00586075
610,13,-25.942,-25.942
610,14,6.24892,6.24892
610,15,-35.6836,-35.6836
610,16,26.5297,26.5297
610,17,27.8524,27.8524
610,18,-21.1786,-0.00799825
610,19,-49.5422,-49.5422
610,20,10.861,10.861
611,1,49.8021,49.8021
611,2,-54.8738,-54.8738
611,3,26.5394,0.0119023
611,4,-27.4815,-0.0115631
611,5,-33.3894,-33.3894
611,6,6.32515,6.32515
611,7,-23.0077,-23.0077
611,8,39.1058,39.1058
611,9,-27.5139,-0.011558
611,10,2.5952,2.5952
611,11,19.35,-0.0146574
611,12,9.78719,-0.0201598
611,13,-21.7623,-21.7623
611,14,1.41213,1.41213
611,15,-40.3031,-40.3031
611,16,21.6796,21.6796
611,17,23.6414,23.6414
611,18,-26.5642,0.01174
611,19,-54.2504,-54.2504
611,20,16.4026,16.4026
612,1,47.7824,47.7824
612,2,-54.6712,-54.6712
612,3,25.5985,-0.0118441
612,4,-27.8015,-0.0066865
612,5,-33.1625,-33.1625
612,6,6.61872,6.61872
612,7,-23.2817,-23.2817
612,8,40.4394,40.4394
612,9,-25.5303,-0.0124116
612,10,2.45448,2.45448
612,11,17.321,-0.0155466
612,12,8.82532,0.018814
612,13,-24.3685,-24.3685
612,14,2.34994,2.34994
612,15,-38.7551,-38.7551
612,16,22.4948,22.4948
612,17,25.6076,25.6076
612,18,-26.3019,0.00983336
612,19,-52.834,-52.834
612,20,16.6733,16.6733
613,1,50.646,50.646
613,2,-57.2999,-57.2999
613,3,28.0461,0.00163886
613,4,-30.1325,0.00427003
613,5,-35.7411,-35.7411
613,6,4.1181,4.1181
613,7,-20.7687,-20.7687
613,8,37.4533,37.4533
613,9,-28.4644,0.011113
613,10,5.2559,5.2559
613,11,20.2089,0.00960907
613,12,11.3028,-0.0229292
613,13,-21.3414,-21.3414
613,14,-0.111422,-0.111422
613,15,-41.2977,-41.2977
613,16,19.8038,19.8038
613,17,22.636,22.636
613,18,-28.8423,0.00524566
613,19,-55.5867,-55.5867
613,20,18.9912,18.9912
614,1,44.7662,44.7662
614,2,-52.3764,-52.3764
614,3,22.8372,0.00682266
614,4,-25.5906,-0.0119384
614,5,-30.8614,-30.8614
614,6,9.02504,9.02504
614,7,-25.626,-25.626
614,8,43.0387,43.0387
614,9,-22.5781,0.0136763
614,10,0.336607,0.336607
614,11,14.3664,0.0202339
614,12,6.13263,0.0210066
614,13,-27.5755,-27.5755
614,14,5.07412,5.07412
614,15,-35.7736,-35.7736
614,16,24.9889,24.9889
614,17,28.4587,28.4587
614,18,-23.8988,-0.00416298
614,19,-50.0084,-50.0084
614,20,14.413,14.413
615,1,53.0636,53.0636
615,2,-58.8308,-58.8308
615,3,29.765,-0.00719683
615,4,-31.289,-0.00801868
615,5,-37.2757,-37.2757
615,6,2.63747,2.63747
615,7,-19.2457,-19.2457
615,8,35.2481,35.2481
615,9,-30.9109,0.00284643
615,10,6.87429,6.87429
615,11,22.6718,0.0120435
615,12,13.0706,-0.00536083
615,13,-18.6035,-18.6035
615,14,-1.85029,-1.85029
615,15,-43.329,-43.329
615,16,17.9502,17.9502
615,17,20.1321,20.1321
615,18,-30.3217,0.0088933
615,19,-57.6749,-57.6749
615,20,20.1313,20.1313
616,1,37.81,37.81
616,2,-46.0424,-46.0424
616,3,16.4237,0.0188274
616,4,-19.5893,-0.0156133
616,5,-24.5761,-24.5761
616,6,15.2834,15.2834
616,7,-31.8662,-31.8662
616,8,49.8746,49.8746
616,9,-15.5839,-0.01972
616,10,-6.05202,-6.05202
616,11,7.43309,-0.0418807
616,12,-0.251557,0.89911
616,13,-34.7903,-34.7903
616,14,11.4763,11.4763
616,15,-29.1451,-29.1451
616,16,31.4844,31.4844
616,17,35.4198,35.4198
616,18,-17.5897,-0.0173819
616,19,-43.2611,-43.2611
616,20,8.40343,8.40343
617,1,42.8915,42.8915
617,2,-46.2329,-46.2329
617,3,17.9446,-0.0030702
617,4,-17.9145,-0.0047135
617,5,-24.7405,-24.7405
617,6,15.0777,15.0777
617,7,-31.8091,-31.8091
617,8,46.1266,46.1266
617,9,-20.7517,0.0107885
617,10,-5.47684,-5.47684
617,11,12.579,0.0245303
617,12,1.35247,-0.210525
617,13,-27.9592,-27.9592
617,14,9.97676,9.97676
617,15,-32.1926,-32.1926
617,16,29.7139,29.7139
617,17,30.3092,30.3092
617,18,-17.7156,-0.0140004
617,19,-46.7217,-46.7217
617,20,6.77804,6.77804
618,1,43.949,43.949
618,2,-47.8598,-47.8598
618,3,20.0099,0.000495866
618,4,-20.297,0.0125999
618,5,-26.5009,-26.5009
618,6,13.3048,13.3048
618,7,-29.8593,-29.8593
618,8,45.4291,45.4291
618,9,-21.6453,-0.0131998
618,10,-4.41081,-4.41081
618,11,13.5595,-0.0230659
618,12,3.3204,-0.0810062
618,13,-27.35,-27.35
618,14,7.86401,7.86401
618,15,-34.1644,-34.1644
618,16,28.1578,28.1578
618,17,29.3419,29.3419
618,18,-19.4996,-0.0163239
618,19,-47.9858,-47.9858
618,20,9.0906,9.0906
619,1,47.66,47.66
619,2,-52.1497,-52.1497
619,3,24.0311,0.00129151
619,4,-24.5699,0.0126441
619,5,-30.6571,-30.6571
619,6,9.05763,9.05763
619,7,-25.7287,-25.7287
619,8,41.4743,41.4743
619,9,-25.3557,-0.0112859
619,10,-0.182555,-0.182555
619,11,17.1903,-0.0104207
619,12,7.27031,-0.03287
619,13,-23.7212,-23.7212
619,14,3.92317,3.92317
619,15,-38.0028,-38.0028
619,16,24.2153,24.2153
619,17,25.8013,25.8013
619,18,-23.8479,-0.00613872
619,19,-51.909,-51.909
619,20,13.4914,13.4914
620,1,50.3452,50.3452
620,2,-56.3042,-56.3042
620,3,27.6261,-0.01063
620,4,-29.1906,-0.00614504
620,5,-34.8092,-34.8092
620,6,4.94592,4.94592
620,7,-21.6124,-21.6124
620,8,38.2531,38.2531
620,9,-28.0732,0.00258386
620,10,4.02663,4.02663
620,11,19.8798,-0.00590555
620,12,10.8454,0.0137007
620,13,-21.522,-21.522
620,14,0.3223,0.3223
620,15,-41.0888,-41.0888
620,16,20.5434,20.5434
620,17,23.0795,23.0795
620,18,-27.9605,-0.00141067
620,19,-55.095,-55.095
620,20,18.0655,18.0655
621,1,46.0975,46.0975
621,2,-53.421,-53.421
621,3,24.0813,0.00334018
621,4,-26.5851,0.0115474
621,5,-31.8867,-31.8867
621,6,7.92568,7.92568
621,7,-24.5908,-24.5908
621,8,41.8822,41.8822
621,9,-23.8822,-0.00482086
621,10,1.28944,1.28944
621,11,15.6507,-0.0181025
621,12,7.31954,-0.0366845
621,13,-26.1531,-26.1531
621,14,3.86158,3.86158
621,15,-37.0975,-37.0975
621,16,23.8987,23.8987
621,17,27.246,27.246
621,18,-25.0109,-0.000433832
621,19,-51.2791,-51.2791
621,20,15.4596,15.4596
622,1,52.4336,52.4336
622,2,-58.6007,-58.6007
622,3,29.4399,-0.0106201
622,4,-31.2245,-0.00660775
622,5,-37.0382,-37.0382
622,6,2.86104,2.86104
622,7,-19.4839,-19.4839
622,8,35.7849,35.7849
622,9,-30.2694,0.00787576
622,10,6.5947,6.5947
622,11,22.0062,0.000281566
622,12,12.7132,0.01963
622,13,-19.3822,-19.3822
622,14,-1.51822,-1.51822
622,15,-42.8688,-42.8688
622,16,18.3313,18.3313
622,17,20.8002,20.8002
622,18,-30.1117,0.00363538
622,19,-57.1934,-57.1934
622,20,20.0628,20.0628
623,1,39.5201,39.5201
623,2,-47.6326,-47.6326
623,3,17.9999,-7.48575e-06
623,4,-21.0872,-0.00408389
623,5,-26.1477,-26.1477
623,6,13.7192,13.7192
623,7,-30.3145,-30.3145
623,8,48.1642,48.1642
623,9,-17.3087,-0.0151664
623,10,-4.43091,-4.43091
623,11,9.1367,-0.0145059
623,12,1.31772,-0.203024
623,13,-33.0181,-33.0181
623,14,9.90418,9.90418
623,15,-30.7595,-30.7595
623,16,29.8711,29.8711
623,17,33.7058,33.7058
623,18,-19.1677,-0.00834801
623,19,-44.9312,-44.9312
623,20,9.90663,9.90663
624,1,47.4588,47.4588
624,2,-51.5109,-51.5109
624,3,22.9185,0.00351569
624,4,-23.2808,-0.0105579
624,5,-29.898,-29.898
624,6,10.0523,10.0523
624,7,-26.646,-26.646
624,8,41.3771,41.3771
624,9,-25.3214,-0.0106444
624,10,-0.464937,-0.464937
624,11,17.026,-0.00152415
624,12,6.1965,0.0297358
624,13,-23.5946,-23.5946
624,14,4.99735,4.99735
624,15,-37.1017,-37.1017
624,16,24.7451,24.7451
624,17,25.7322,25.7322
624,18,-22.9915,0.000371343
624,19,-51.484,-51.484
624,20,12.1327,12.1327
625,1,49.9889,49.9889
625,2,-55.7079,-55.7079
625,3,27.1817,-0.00632856
625,4,-28.663,0.00968073
625,5,-34.3216,-34.3216
625,6,5.47576,5.47576
625,7,-22.0461,-22.0461
625,8,38.7225,38.7225
625,9,-27.6849,-0.009612
625,10,3.47688,3.47688
625,11,19.6206,-0.0150729
625,12,10.5246,0.0301545
625,13,-21.8808,-21.8808
625,14,0.711334,0.711334
625,15,-40.7143,-40.7143
625,16,20.9186,20.9186
625,17,23.2977,23.2977
625,18,-27.312,-0.0096793
625,19,-54.6189,-54.6189
625,20,17.4603,17.4603
626,1,46.9628,46.9628
626,2,-54.1146,-54.1146
626,3,24.857,0.00556162
626,4,-27.2131,-0.00725832
626,5,-32.5796,-32.5796
626,6,7.20844,7.20844
626,7,-23.8802,-23.8802
626,8,41.0838,41.0838
626,9,-24.7356,0.00950024
626,10,1.96918,1.96918
626,11,16.5218,0.0192207
626,12,8.11494,0.0138577
626,13,-25.2186,-25.2186
626,14,3.09042,3.09042
626,15,-37.9406,-37.9406
626,16,23.1552,23.1552
626,17,26.3994,26.3994
626,18,-25.7293,-0.0092982
626,19,-52.0805,-52.0805
626,20,16.1217,16.1217
627,1,51.6863,51.6863
627,2,-58.118,-58.118
627,3,28.898,0.00346904
627,4,-30.8578,0.00445509
627,5,-36.5635,-36.5635
627,6,3.3233,3.3233
627,7,-19.9534,-19.9534
627,8,36.4646,36.4646
627,9,-29.522,-0.0107563
627,10,6.104,6.104
627,11,21.2686,-0.0111841
627,12,12.1655,0.012998
627,13,-20.225,-20.225
627,14,-0.974897,-0.974897
627,15,-42.2298,-42.2298
627,16,18.8993,18.8993
627,17,21.5642,21.5642
627,18,-29.6384,-0.00974006
627,19,-56.5428,-56.5428
627,20,19.6983,19.6983
628,1,41.7234,41.7234
628,2,-49.6382,-49.6382
628,3,20.0266,0.00132744
628,4,-22.9903,0.000421041
628,5,-28.1411,-28.1411
628,6,11.7356,11.7356
628,7,-28.3339,-28.3339
628,8,46.001,46.001
628,9,-19.5196,-0.0162763
628,10,-2.40607,-2.40607
628,11,11.3293,-0.0241535
628,12,3.34347,-0.0839226
628,13,-30.7404,-30.7404
628,14,7.8756,7.8756
628,15,-32.8584,-32.8584
628,16,27.8137,27.8137
628,17,31.5027,31.5027
628,18,-21.166,-0.00749349
628,19,-47.0625,-47.0625
628,20,11.8096,11.8096
629,1,51.4097,51.4097
629,2,-56.1813,-56.1813
629,3,27.3878,-0.0109078
629,4,-28.2431,0.00779449
629,5,-34.5964,-34.5964
629,6,5.33746,5.33746
629,7,-21.9388,-21.9388
629,8,37.2023,37.2023
629,9,-29.2637,-0.00801464
629,10,4.22262,4.22262
629,11,20.9943,0.000273316
629,12,10.6862,0.0248356
629,13,-19.9036,-19.9036
629,14,0.524554,0.524554
629,15,-41.3084,-41.3084
629,16,20.2923,20.2923
629,17,21.7783,21.7783
629,18,-27.6646,-0.0100018
629,19,-55.6802,-55.6802
629,20,17.0877,17.0877
630,1,44.4469,44.4469
630,2,-51.7961,-51.7961
630,3,22.6183,0.0131124
630,4,-25.1931,-0.00720165
630,5,-30.3773,-30.3773
630,6,9.44425,9.44425
630,7,-26.0219,-26.0219
630,8,43.6411,43.6411
630,9,-22.1783,0.00762499
630,10,-0.373043,-0.373043
630,11,14.0774,0.00544341
630,12,5.95833,-0.00697428
630,13,-27.922,-27.922
630,14,5.27217,5.27217
630,15,-35.6193,-35.6193
630,16,25.3985,25.3985
630,17,28.8148,28.8148
630,18,-23.3764,-0.0126036
630,19,-49.6125,-49.6125
630,20,13.9952,13.9952
631,1,52.8952,52.8952
631,2,-58.5038,-58.5038
631,3,29.5204,-0.0107605
631,4,-30.8844,0.00365997
631,5,-36.9169,-36.9169
631,6,2.95592,2.95592
631,7,-19.6042,-19.6042
631,8,35.4965,35.4965
631,9,-30.7323,0.00771898
631,10,6.49137,6.49137
631,11,22.4655,0.0140855
631,12,12.787,0.0154447
631,13,-18.6978,-18.6978
631,14,-1.58063,-1.58063
631,15,-43.1441,-43.1441
631,16,18.2768,18.2768
631,17,20.3787,20.3787
631,18,-30.0406,0.0013477
631,19,-57.4682,-57.4682
631,20,19.7782,19.7782
632,1,38.7913,38.7913
632,2,-46.9128,-46.9128
632,3,17.3587,-0.0165589
632,4,-20.4545,0.0154034
632,5,-25.4501,-25.4501
632,6,14.3999,14.3999
632,7,-30.9917,-30.9917
632,8,48.9552,48.9552
632,9,-16.5639,0.0188313
632,10,-5.19909,-5.19909
632,11,8.40791,0.036285
632,12,0.668815,0.410554
632,13,-33.7852,-33.7852
632,14,10.5427,10.5427
632,15,-30.1073,-30.1073
632,16,30.5779,30.5779
632,17,34.4569,34.4569
632,18,-18.467,0.0171442
632,19,-44.2166,-44.2166
632,20,9.25955,9.25955
633,1,45.6307,45.6307
633,2,-49.3601,-49.3601
633,3,20.9321,0.00321725
633,4,-21.1028,-0.00478561
633,5,-27.8073,-27.8073
633,6,12.0571,12.0571
633,7,-28.7408,-28.7408
633,8,43.2843,43.2843
633,9,-23.5081,-0.013536
633,10,-2.4767,-2.4767
633,11,15.2726,-0.0157443
633,12,4.25733,0.0540726
633,13,-25.3192,-25.3192
633,14,7.00043,7.00043
633,15,-35.1196,-35.1196
633,16,26.7542,26.7542
633,17,27.5786,27.5786
633,18,-20.8504,0.00691176
633,19,-49.5841,-49.5841
633,20,9.97209,9.97209
634,1,49.1313,49.1313
634,2,-54.0989,-54.0989
634,3,25.8661,-0.00502657
634,4,-26.8709,0.00467514
634,5,-32.744,-32.744
634,6,7.04107,7.04107
634,7,-23.6239,-23.6239
634,8,39.8526,39.8526
634,9,-26.8254,0.00618748
634,10,1.88805,1.88805
634,11,18.7623,0.0115237
634,12,9.21005,-0.0211869
634,13,-22.5117,-22.5117
634,14,2.01872,2.01872
634,15,-39.634,-39.634
634,16,22.2647,22.2647
634,17,24.1551,24.1551
634,18,-25.7207,-0.00951931
634,19,-53.5235,-53.5235
634,20,15.6614,15.6614
635,1,48.8681,48.8681
635,2,-55.5116,-55.5116
635,3,26.5287,0.0119499
635,4,-28.5295,0.0111094
635,5,-33.9968,-33.9968
635,6,5.76161,5.76161
635,7,-22.4351,-22.4351
635,8,39.4279,39.4279
635,9,-26.6163,0.0111701
635,10,3.29757,3.29757
635,11,18.4197,0.0167341
635,12,9.7726,-0.02134
635,13,-23.177,-23.177
635,14,1.42213,1.42213
635,15,-39.7802,-39.7802
635,16,21.5815,21.5815
635,17,24.534,24.534
635,18,-27.1625,-0.00572457
635,19,-53.8269,-53.8269
635,20,17.4465,17.4465
636,1,48.9112,48.9112
636,2,-55.8975,-55.8975
636,3,26.5643,0.0117388
636,4,-28.8681,0.00443867
636,5,-34.343,-34.343
636,6,5.51545,5.51545
636,7,-22.1577,-22.1577
636,8,39.1129,39.1129
636,9,-26.7289,0.00896023
636,10,3.81917,3.81917
636,11,18.473,0.017169
636,12,9.80823,-0.0183901
636,13,-23.2001,-23.2001
636,14,1.37128,1.37128
636,15,-39.7099,-39.7099
636,16,21.3167,21.3167
636,17,24.388,24.388
636,18,-27.4505,-0.0114557
636,19,-53.965,-53.965
636,20,17.7216,17.7216
637,1,48.6625,48.6625
637,2,-55.7406,-55.7406
637,3,26.3281,0.0103697
637,4,-28.7265,0.0083909
637,5,-34.2079,-34.2079
637,6,5.68834,5.68834
637,7,-22.294,-22.294
637,8,39.2884,39.2884
637,9,-26.4865,0.012007
637,10,3.72119,3.72119
637,11,18.2574,0.0126096
637,12,9.61867,-0.0308195
637,13,-23.4848,-23.4848
637,14,1.58477,1.58477
637,15,-39.4475,-39.4475
637,16,21.4641,21.4641
637,17,24.5642,24.5642
637,18,-27.2534,-0.00834581
637,19,-53.7217,-53.7217
637,20,17.5556,17.5556
638,1,49.0897,49.0897
638,2,-56.1114,-56.1114
638,3,26.7011,0.00961926
638,4,-29.0595,-0.00203447
638,5,-34.5785,-34.5785
638,6,5.3264,5.3264
638,7,-21.9204,-21.9204
638,8,38.8638,38.8638
638,9,-26.9168,0.00305732
638,10,4.10462,4.10462
638,11,18.6955,0.0139156
638,12,10.0077,0.000770034
638,13,-23.0293,-23.0293
638,14,1.20824,1.20824
638,15,-39.8474,-39.8474
638,16,21.0684,21.0684
638,17,24.1158,24.1158
638,18,-27.6173,-0.0107515
638,19,-54.1211,-54.1211
638,20,17.8904,17.8904
639,1,48.214,48.214
639,2,-55.3712,-55.3712
639,3,25.9241,-0.0029001
639,4,-28.3768,0.0103879
639,5,-33.8452,-33.8452
639,6,6.05571,6.05571
639,7,-22.6491,-22.6491
639,8,39.6987,39.6987
639,9,-26.0364,0.00139604
639,10,3.36738,3.36738
639,11,17.827,-0.00923262
639,12,9.24078,-0.0236415
639,13,-23.9557,-23.9557
639,14,1.982,1.982
639,15,-39.0227,-39.0227
639,16,21.847,21.847
639,17,24.9904,24.9904
639,18,-26.8778,0.00443402
639,19,-53.2898,-53.2898
639,20,17.2061,17.2061
640,1,49.8386,49.8386
640,2,-56.7244,-56.7244
640,3,27.3474,-0.0103273
640,4,-29.6151,-0.0100533
640,5,-35.1878,-35.1878
640,6,4.71919,4.71919
640,7,-21.3124,-21.3124
640,8,38.1472,38.1472
640,9,-27.6672,-0.00995392
640,10,4.72619,4.72619
640,11,19.4468,-0.0161402
640,12,10.6615,0.0260955
640,13,-22.2271,-22.2271
640,14,0.561118,0.561118
640,15,-40.5413,-40.5413
640,16,20.4101,20.4101
640,17,23.3557,23.3557
640,18,-28.227,0.00737775
640,19,-54.8243,-54.8243
640,20,18.4447,18.4447
641,1,46.5476,46.5476
641,2,-53.934,-53.934
641,3,24.4334,0.0127435
641,4,-27.04,-0.00147633
641,5,-32.4161,-32.4161
641,6,7.47558,7.47558
641,7,-24.072,-24.072
641,8,41.2978,41.2978
641,9,-24.3605,0.0118315
641,10,1.92653,1.92653
641,11,16.1635,0.0096748
641,12,7.75918,-0.0281594
641,13,-25.7045,-25.7045
641,14,3.47162,3.47162
641,15,-37.45,-37.45
641,16,23.3518,23.3518
641,17,26.6521,26.6521
641,18,-25.4448,-0.0123219
641,19,-51.7047,-51.7047
641,20,15.8664,15.8664
642,1,52.0622,52.0622
642,2,-58.4143,-58.4143
642,3,29.1799,-0.0058424
642,4,-31.0935,-0.00296362
642,5,-36.8679,-36.8679
642,6,3.04798,3.04798
642,7,-19.6425,-19.6425
642,8,36.0802,36.0802
642,9,-29.9003,-0.00328173
642,10,6.43284,6.43284
642,11,21.6696,-0.0126531
642,12,12.49,0.0254726
642,13,-19.8136,-19.8136
642,14,-1.27087,-1.27087
642,15,-42.5563,-42.5563
642,16,18.5526,18.5526
642,17,21.1321,21.1321
642,18,-29.9106,-0.00294928
642,19,-56.8658,-56.8658
642,20,19.929,19.929
643,1,40.5802,40.5802
643,2,-48.615,-48.615
643,3,18.9762,0.0012506
643,4,-22.0141,0.000642377
643,5,-27.1232,-27.1232
643,6,12.752,12.752
643,7,-29.3423,-29.3423
643,8,47.1082,47.1082
643,9,-18.3734,0.0159721
643,10,-3.43193,-3.43193
643,11,10.2001,0.0183522
643,12,2.30622,0.113227
643,13,-31.9217,-31.9217
643,14,8.92445,8.92445
643,15,-31.7698,-31.7698
643,16,28.8663,28.8663
643,17,32.6342,32.6342
643,18,-20.1428,0.00685179
643,19,-45.9576,-45.9576
643,20,10.8343,10.8343
644,1,49.6909,49.6909
644,2,-54.0679,-54.0679
644,3,25.4105,-0.0120345
644,4,-26.0089,0.000342141
644,5,-32.4998,-32.4998
644,6,7.41382,7.41382
644,7,-24.0395,-24.0395
644,8,39.0315,39.0315
644,9,-27.5585,-0.0113557
644,10,2.16394,2.16394
644,11,19.3084,-0.0135879
644,12,8.72208,0.0279668
644,13,-21.483,-21.483
644,14,2.51014,2.51014
644,15,-39.43,-39.43
644,16,22.2622,22.2622
644,17,23.4941,23.4941
644,18,-25.5482,-0.0123167
644,19,-53.8405,-53.8405
644,20,14.8597,14.8597
645,1,48.1375,48.1375
645,2,-54.7562,-54.7562
645,3,25.8771,-0.0046317
645,4,-27.9717,-0.00100871
645,5,-33.3605,-33.3605
645,6,6.44773,6.44773
645,7,-23.0257,-23.0257
645,8,40.2327,40.2327
645,9,-25.8539,-0.00545349
645,10,2.5707,2.5707
645,11,17.7684,-0.0119124
645,12,9.22236,-0.022197
645,13,-24.0134,-24.0134
645,14,2.00771,2.00771
645,15,-39.115,-39.115
645,16,22.1799,22.1799
645,17,25.131,25.131
645,18,-26.3519,0.0107946
645,19,-53.0652,-53.0652
645,20,16.7699,16.7699
646,1,50.1052,50.1052
646,2,-56.8452,-56.8452
646,3,27.5905,-0.0110742
646,4,-29.6884,-0.00889812
646,5,-35.2758,-35.2758
646,6,4.56014,4.56014
646,7,-21.2182,-21.2182
646,8,37.982,37.982
646,9,-27.9129,-0.00308171
646,10,4.76679,4.76679
646,11,19.6649,-0.0140628
646,12,10.8489,0.0134141
646,13,-21.8933,-21.8933
646,14,0.355983,0.355983
646,15,-40.8298,-40.8298
646,16,20.3059,20.3059
646,17,23.2059,23.2059
646,18,-28.4185,0.0108356
646,19,-55.0703,-55.0703
646,20,18.5897,18.5897
647,1,46.0219,46.0219
647,2,-53.4615,-53.4615
647,3,23.9681,-0.00132889
647,4,-26.6111,0.0112398
647,5,-31.9386,-31.9386
647,6,7.94495,7.94495
647,7,-24.5537,-24.5537
647,8,41.8319,41.8319
647,9,-23.8347,-0.00662618
647,10,1.42638,1.42638
647,11,15.6191,-0.0189685
647,12,7.26264,-0.0321973
647,13,-26.2572,-26.2572
647,14,3.94418,3.94418
647,15,-36.9589,-36.9589
647,16,23.8536,23.8536
647,17,27.2048,27.2048
647,18,-24.9823,0.000707019
647,19,-51.2132,-51.2132
647,20,15.43,15.43
648,1,52.4846,52.4846
648,2,-58.6581,-58.6581
648,3,29.4761,-0.0107686
648,4,-31.2709,-0.00765418
648,5,-37.1055,-37.1055
648,6,2.80763,2.80763
648,7,-19.4098,-19.4098
648,8,35.7102,35.7102
648,9,-30.3213,0.00888708
648,10,6.67761,6.67761
648,11,22.0811,0.00363242
648,12,12.7829,0.0156975
648,13,-19.329,-19.329
648,14,-1.56518,-1.56518
648,15,-42.9109,-42.9109
648,16,18.2555,18.2555
648,17,20.7115,20.7115
648,18,-30.1544,0.00492195
648,19,-57.2312,-57.2312
648,20,20.1054,20.1054
649,1,39.3001,39.3001
649,2,-47.4383,-47.4383
649,3,17.7942,-0.0107756
649,4,-20.8965,0.00486699
649,5,-25.9537,-25.9537
649,6,13.9159,13.9159
649,7,-30.5052,-30.5052
649,8,48.3726,48.3726
649,9,-17.0893,-0.00515814
649,10,-4.62404,-4.62404
649,11,8.9233,0.00851245
649,12,1.11898,-0.103871
649,13,-33.2433,-33.2433
649,14,10.1084,10.1084
649,15,-30.5496,-30.5496
649,16,30.071,30.071
649,17,33.9188,33.9188
649,18,-18.9722,0.00146399
649,19,-44.7166,-44.7166
649,20,9.71654,9.71654
650,1,47.0279,47.0279
650,2,-51,-51
650,3,22.4414,0.0139445
650,4,-22.7537,0.00977617
650,5,-29.3963,-29.3963
650,6,10.5423,10.5423
650,7,-27.1479,-27.1479
650,8,41.8264,41.8264
650,9,-24.8979,0.00403154
650,10,-0.951005,-0.951005
650,11,16.6136,0.0179526
650,12,5.72741,-0.0419861
650,13,-23.9962,-23.9962
650,14,5.47665,5.47665
650,15,-36.6352,-36.6352
650,16,25.2209,25.2209
650,17,26.1604,26.1604
650,18,-22.4794,0.0141303
650,19,-51.0325,-51.0325
650,20,11.6056,11.6056
651,1,49.9492,49.9492
651,2,-55.5001,-55.5001
651,3,27.0384,-0.00141809
651,4,-28.4014,0.0106742
651,5,-34.1126,-34.1126
651,6,5.69208,5.69208
651,7,-22.2535,-22.2535
651,8,38.8278,38.8278
651,9,-27.649,-0.0102738
651,10,3.25192,3.25192
651,11,19.5759,-0.0157997
651,12,10.3677,0.0280881
651,13,-21.8646,-21.8646
651,14,0.859075,0.859075
651,15,-40.6337,-40.6337
651,16,21.0726,21.0726
651,17,23.3382,23.3382
651,18,-27.1079,-0.00390538
651,19,-54.5239,-54.5239
651,20,17.1971,17.1971
652,1,47.1664,47.1664
652,2,-54.257,-54.257
652,3,25.0452,-0.00179954
652,4,-27.3547,-0.0104445
652,5,-32.7263,-32.7263
652,6,7.05463,7.05463
652,7,-23.7258,-23.7258
652,8,40.9196,40.9196
652,9,-24.9309,0.00275116
652,10,2.09296,2.09296
652,11,16.7232,0.014542
652,12,8.30126,0.0311103
652,13,-25.0025,-25.0025
652,14,2.90601,2.90601
652,15,-38.1475,-38.1475
652,16,22.9904,22.9904
652,17,26.2058,26.2058
652,18,-25.8789,-0.00456631
652,19,-52.2661,-52.2661
652,20,16.2644,16.2644
653,1,51.3955,51.3955
653,2,-57.8831,-57.8831
653,3,28.6549,0.00981918
653,4,-30.6484,0.00927798
653,5,-36.3285,-36.3285
653,6,3.55032,3.55032
653,7,-20.1869,-20.1869
653,8,36.7416,36.7416
653,9,-29.2283,-0.00715806
653,10,5.86484,5.86484
653,11,20.9761,0.0011367
653,12,11.9204,-0.00660724
653,13,-20.5347,-20.5347
653,14,-0.729572,-0.729572
653,15,-41.9645,-41.9645
653,16,19.1547,19.1547
653,17,21.8625,21.8625
653,18,-29.4086,-0.0103803
653,19,-56.2747,-56.2747
653,20,19.492,19.492
654,1,42.5425,42.5425
654,2,-50.3703,-50.3703
654,3,20.7783,0.00982668
654,4,-23.6833,-0.0112719
654,5,-28.8687,-28.8687
654,6,11.0125,11.0125
654,7,-27.6096,-27.6096
654,8,45.2068,45.2068
654,9,-20.3432,0.0137865
654,10,-1.67448,-1.67448
654,11,12.1457,0.0115791
654,12,4.08864,0.0214011
654,13,-29.8889,-29.8889
654,14,7.12543,7.12543
654,15,-33.6419,-33.6419
654,16,27.0573,27.0573
654,17,30.6854,30.6854
654,18,-21.8968,-0.0046292
654,19,-47.8521,-47.8521
654,20,12.5027,12.5027
655,1,52.2747,52.2747
655,2,-57.3055,-57.3055
655,3,28.452,0.0110608
655,4,-29.4828,-0.0107806
655,5,-35.7386,-35.7386
655,6,4.18119,4.18119
655,7,-20.7925,-20.7925
655,8,36.258,36.258
655,9,-30.1304,0.00420798
655,10,5.3651,5.3651
655,11,21.8795,-0.00537744
655,12,11.7556,-0.0188075
655,13,-19.1313,-19.1313
655,14,-0.534829,-0.534829
655,15,-42.2649,-42.2649
655,16,19.2413,19.2413
655,17,20.9166,20.9166
655,18,-28.791,0.00674849
655,19,-56.6385,-56.6385
655,20,18.3308,18.3308
656,1,41.6885,41.6885
656,2,-49.4274,-49.4274
656,3,20.0798,0.00393041
656,4,-22.9134,0.00373421
656,5,-27.9957,-27.9957
656,6,11.8425,11.8425
656,7,-28.4158,-28.4158
656,8,46.242,46.242
656,9,-19.4283,-0.0159703
656,10,-2.72596,-2.72596
656,11,11.3098,-0.0232674
656,12,3.40971,-0.0896234
656,13,-30.7934,-30.7934
656,14,7.81881,7.81881
656,15,-32.957,-32.957
656,16,27.9103,27.9103
656,17,31.5628,31.5628
656,18,-20.9999,6.40477e-06
656,19,-46.9813,-46.9813
656,20,11.7211,11.7211
657,1,51.1463,51.1463
657,2,-55.8757,-55.8757
657,3,27.1205,-0.00433675
657,4,-27.9063,-0.00330856
657,5,-34.2667,-34.2667
657,6,5.63557,5.63557
657,7,-22.2668,-22.2668
657,8,37.4975,37.4975
657,9,-28.9942,0.000199374
657,10,3.87737,3.87737
657,11,20.706,0.0122638
657,12,10.3885,0.0287811
657,13,-20.1351,-20.1351
657,14,0.81498,0.81498
657,15,-41.0566,-41.0566
657,16,20.6211,20.6211
657,17,22.0987,22.0987
657,18,-27.3912,-0.0109485
657,19,-55.4157,-55.4157
657,20,16.7875,16.7875
658,1,45.1424,45.1424
658,2,-52.3814,-52.3814
658,3,23.2499,-0.00967849
658,4,-25.7542,-0.00862346
658,5,-30.9627,-30.9627
658,6,8.85778,8.85778
658,7,-25.4392,-25.4392
658,8,42.9935,42.9935
658,9,-22.8744,0.00534832
658,10,0.203253,0.203253
658,11,14.7679,0.0143617
658,12,6.57563,0.0470476
658,13,-27.1953,-27.1953
658,14,4.64396,4.64396
658,15,-36.282,-36.282
658,16,24.7792,24.7792
658,17,28.1304,28.1304
658,18,-23.9636,-0.00151738
658,19,-50.2784,-50.2784
658,20,14.552,14.552
659,1,52.8146,52.8146
659,2,-58.6367,-58.6367
659,3,29.6053,-0.0101683
659,4,-31.1114,-0.00350836
659,5,-37.0575,-37.0575
659,6,2.80012,2.80012
659,7,-19.4601,-19.4601
659,8,35.5125,35.5125
659,9,-30.6504,0.00924733
659,10,6.62849,6.62849
659,11,22.3923,0.013409
659,12,12.8737,0.00955751
659,13,-18.8535,-18.8535
659,14,-1.66481,-1.66481
659,15,-43.1461,-43.1461
659,16,18.2083,18.2083
659,17,20.4638,20.4638
659,18,-30.1787,0.00561388
659,19,-57.466,-57.466
659,20,20.0065,20.0065
660,1,38.6831,38.6831
660,2,-46.8372,-46.8372
660,3,17.2405,-0.0126592
660,4,-20.3604,0.0141536
660,5,-25.3647,-25.3647
660,6,14.4924,14.4924
660,7,-31.0877,-31.0877
660,8,49.029,49.029
660,9,-16.4645,0.0192128
660,10,-5.25721,-5.25721
660,11,8.29665,0.0307996
660,12,0.546538,0.576197
660,13,-33.8911,-33.8911
660,14,10.6625,10.6625
660,15,-29.9809,-29.9809
660,16,30.6734,30.6734
660,17,34.5594,34.5594
660,18,-18.3856,0.0162063
660,19,-44.1184,-44.1184
660,20,9.16829,9.16829
661,1,45.3841,45.3841
661,2,-49.0604,-49.0604
661,3,20.6587,0.0135313
661,4,-20.8144,0.00842012
661,5,-27.5312,-27.5312
661,6,12.3189,12.3189
661,7,-29.0169,-29.0169
661,8,43.5391,43.5391
661,9,-23.2614,-0.0100159
661,10,-2.73031,-2.73031
661,11,15.0484,-0.00320419
661,12,4.00934,0.00233026
661,13,-25.5578,-25.5578
661,14,7.27084,7.27084
661,15,-34.8374,-34.8374
661,16,27.0175,27.0175
661,17,27.8158,27.8158
661,18,-20.5455,0.0153351
661,19,-49.324,-49.324
661,20,9.67759,9.67759
662,1,48.828,48.828
662,2,-53.6987,-53.6987
662,3,25.5006,-0.0124825
662,4,-26.4401,0.0118264
662,5,-32.3454,-32.3454
662,6,7.44598,7.44598
662,7,-24.0228,-24.0228
662,8,40.1912,40.1912
662,9,-26.5251,0.011963
662,10,1.48337,1.48337
662,11,18.4547,0.017074
662,12,8.83748,0.0176009
662,13,-22.7834,-22.7834
662,14,2.38523,2.38523
662,15,-39.3059,-39.3059
662,16,22.6344,22.6344
662,17,24.4571,24.4571
662,18,-25.324,-0.0106958
662,19,-53.1873,-53.1873
662,20,15.2304,15.2304
663,1,49.317,49.317
663,2,-55.8219,-55.8219
663,3,26.9035,0.00353293
663,4,-28.8109,0.00618291
663,5,-34.3131,-34.3131
663,6,5.43541,5.43541
663,7,-22.1138,-22.1138
663,8,39.0341,39.0341
663,9,-27.0641,-0.00235262
663,10,3.60721,3.60721
663,11,18.8752,0.00644484
663,12,10.151,0.0143214
663,13,-22.6859,-22.6859
663,14,1.04762,1.04762
663,15,-40.1948,-40.1948
663,16,21.2201,21.2201
663,17,24.0894,24.0894
663,18,-27.4768,-0.011554
663,19,-54.2331,-54.2331
663,20,17.728,17.728
664,1,47.9943,47.9943
664,2,-55.0998,-55.0998
664,3,25.747,-0.00882314
664,4,-28.133,0.00459222
664,5,-33.5529,-33.5529
664,6,6.29309,6.29309
664,7,-22.9437,-22.9437
664,8,40.0026,40.0026
664,9,-25.8048,-0.00709937
664,10,3.0191,3.0191
664,11,17.5567,-0.0178438
664,12,8.99627,0.000414733
664,13,-24.1658,-24.1658
664,14,2.18533,2.18533
664,15,-38.8473,-38.8473
664,16,22.1506,22.1506
664,17,25.3138,25.3138
664,18,-26.6605,0.0104544
664,19,-53.0913,-53.0913
664,20,16.9877,16.9877
665,1,50.2632,50.2632
665,2,-57.0442,-57.0442
665,3,27.715,-0.00896434
665,4,-29.9161,-0.00277333
665,5,-35.5047,-35.5047
665,6,4.38936,4.38936
665,7,-21.004,-21.004
665,8,37.7678,37.7678
665,9,-28.0893,0.0031371
665,10,5.03899,5.03899
665,11,19.8537,-0.00711372
665,12,11.0075,-0.000682349
665,13,-21.7744,-21.7744
665,14,0.199985,0.199985
665,15,-40.9309,-40.9309
665,16,20.0672,20.0672
665,17,22.956,22.956
665,18,-28.5549,0.0109817
665,19,-55.2272,-55.2272
665,20,18.7461,18.7461
666,1,45.579,45.579
666,2,-53.0894,-53.0894
666,3,23.5642,-0.0132348
666,4,-26.2502,0.0085808
666,5,-31.5734,-31.5734
666,6,8.31597,8.31597
666,7,-24.9135,-24.9135
666,8,42.2379,42.2379
666,9,-23.3915,-0.0128245
666,10,1.06952,1.06952
666,11,15.1896,-0.0117559
666,12,6.87861,0.017223
666,13,-26.719,-26.719
666,14,4.34395,4.34395
666,15,-36.5373,-36.5373
666,16,24.2383,24.2383
666,17,27.6275,27.6275
666,18,-24.605,0.0122386
666,19,-50.7814,-50.7814
666,20,15.0767,15.0767
667,1,52.8001,52.8001
667,2,-58.833,-58.833
667,3,29.6908,-0.00885263
667,4,-31.3948,-0.00959032
667,5,-37.2816,-37.2816
667,6,2.62836,2.62836
667,7,-19.2343,-19.2343
667,8,35.4284,35.4284
667,9,-30.6415,0.00937793
667,10,6.87009,6.87009
667,11,22.4077,0.0136125
667,12,13.0061,-0.000465625
667,13,-18.9604,-18.9604
667,14,-1.78019,-1.78019
667,15,-43.1678,-43.1678
667,16,18.0302,18.0302
667,17,20.3882,20.3882
667,18,-30.326,0.00896713
667,19,-57.5013,-57.5013
667,20,20.2282,20.2282
668,1,38.3919,38.3919
668,2,-46.6063,-46.6063
668,3,16.9561,0.00258125
668,4,-20.1088,0.00530549
668,5,-25.1283,-25.1283
668,6,14.7395,14.7395
668,7,-31.325,-31.325
668,8,49.2698,49.2698
668,9,-16.177,0.0103888
668,10,-5.4676,-5.4676
668,11,8.01653,0.00206125
668,12,0.279699,0.876192
668,13,-34.1845,-34.1845
668,14,10.9458,10.9458
668,15,-29.6865,-29.6865
668,16,30.9233,30.9233
668,17,34.8296,34.8296
668,18,-18.1449,0.00771336
668,19,-43.835,-43.835
668,20,8.92706,8.92706
669,1,44.6262,44.6262
669,2,-48.1772,-48.1772
669,3,19.8287,-0.0082271
669,4,-19.9331,-0.00333304
669,5,-26.6864,-26.6864
669,6,13.1366,13.1366
669,7,-29.8611,-29.8611
669,8,44.3221,44.3221
669,9,-22.4987,0.0141478
669,10,-3.53526,-3.53526
669,11,14.3266,0.0190014
669,12,3.22777,-0.064697
669,13,-26.2889,-26.2889
669,14,8.09649,8.09649
669,15,-34.0052,-34.0052
669,16,27.8311,27.8311
669,17,28.5623,28.5623
669,18,-19.6559,-0.0142902
669,19,-48.5303,-48.5303
669,20,8.79041,8.79041
670,1,47.8089,47.8089
670,2,-52.3873,-52.3873
670,3,24.2967,0.0105175
670,4,-25.0407,-0.00162111
670,5,-31.0362,-31.0362
670,6,8.7583,8.7583
670,7,-25.3314,-25.3314
670,8,41.3188,41.3188
670,9,-25.5131,-0.0124658
670,10,0.166811,0.166811
670,11,17.4379,-0.0179076
670,12,7.62645,-0.0384871
670,13,-23.7055,-23.7055
670,14,3.57751,3.57751
670,15,-38.2094,-38.2094
670,16,23.8465,23.8465
670,17,25.4733,25.4733
670,18,-24.0194,0.000808765
670,19,-52.071,-52.071
670,20,13.8358,13.8358
671,1,50.2563,50.2563
671,2,-56.3149,-56.3149
671,3,27.5789,-0.0111894
671,4,-29.1843,-0.00596834
671,5,-34.8096,-34.8096
671,6,4.93239,4.93239
671,7,-21.6047,-21.6047
671,8,38.2779,38.2779
671,9,-27.9788,-0.00075574
671,10,4.05873,4.05873
671,11,19.7951,-0.00964955
671,12,10.8252,0.0153466
671,13,-21.6173,-21.6173
671,14,0.375723,0.375723
671,15,-41.026,-41.026
671,16,20.5815,20.5815
671,17,23.1679,23.1679
671,18,-27.9841,-0.000568216
671,19,-55.0217,-55.0217
671,20,18.1025,18.1025
672,1,46.201,46.201
672,2,-53.5245,-53.5245
672,3,24.1676,0.00661815
672,4,-26.6808,0.0100562
672,5,-31.9862,-31.9862
672,6,7.8363,7.8363
672,7,-24.4935,-24.4935
672,8,41.7692,41.7692
672,9,-23.9922,-0.000325854
672,10,1.39993,1.39993
672,11,15.7577,-0.0139332
672,12,7.40905,-0.0412204
672,13,-26.0456,-26.0456
672,14,3.77124,3.77124
672,15,-37.1879,-37.1879
672,16,23.7945,23.7945
672,17,27.1304,27.1304
672,18,-25.1066,-0.00416641
672,19,-51.3826,-51.3826
672,20,15.5432,15.5432
673,1,52.408,52.408
673,2,-58.6119,-58.6119
673,3,29.439,-0.0106144
673,4,-31.2483,-0.00716391
673,5,-37.0515,-37.0515
673,6,2.85011,2.85011
673,7,-19.4691,-19.4691
673,8,35.7989,35.7989
673,9,-30.2433,0.00728384
673,10,6.60578,6.60578
673,11,21.9835,-0.000749168
673,12,12.7151,0.0195331
673,13,-19.4214,-19.4214
673,14,-1.51857,-1.51857
673,15,-42.8568,-42.8568
673,16,18.3293,18.3293
673,17,20.823,20.823
673,18,-30.1214,0.00393278
673,19,-57.1777,-57.1777
673,20,20.0866,20.0866
674,1,39.5803,39.5803
674,2,-47.6946,-47.6946
674,3,18.0556,0.00306588
674,4,-21.1436,-0.00656536
674,5,-26.2077,-26.2077
674,6,13.6605,13.6605
674,7,-30.2555,-30.2555
674,8,48.0991,48.0991
674,9,-17.3701,-0.0168196
674,10,-4.36638,-4.36638
674,11,9.19699,-0.0200774
674,12,1.37399,-0.213751
674,13,-32.9558,-32.9558
674,14,9.84868,9.84868
674,15,-30.8156,-30.8156
674,16,29.811,29.811
674,17,33.644,33.644
674,18,-19.2284,-0.0108837
674,19,-44.9911,-44.9911
674,20,9.96381,9.96381
675,1,47.6608,47.6608
675,2,-51.7354,-51.7354
675,3,23.1338,-0.00561452
675,4,-23.512,-0.0135285
675,5,-30.1222,-30.1222
675,6,9.83051,9.83051
675,7,-26.4216,-26.4216
675,8,41.1684,41.1684
675,9,-25.5219,-0.0124425
675,10,-0.242441,-0.242441
675,11,17.2262,-0.012054
675,12,6.41252,0.0477761
675,13,-23.4013,-23.4013
675,14,4.78112,4.78112
675,15,-37.3115,-37.3115
675,16,24.5281,24.5281
675,17,25.529,25.529
675,18,-23.2152,-0.00858024
675,19,-51.6921,-51.6921
675,20,12.3629,12.3629
676,1,49.9761,49.9761
676,2,-55.773,-55.773
676,3,27.2181,-0.00739982
676,4,-28.7529,0.00775601
676,5,-34.3865,-34.3865
676,6,5.40844,5.40844
676,7,-21.9817,-21.9817
676,8,38.7065,38.7065
676,9,-27.672,-0.00986361
676,10,3.54749,3.54749
676,11,19.6097,-0.0152775
676,12,10.5659,0.0294838
676,13,-21.9186,-21.9186
676,14,0.67175,0.67175
676,15,-40.7238,-40.7238
676,16,20.8784,20.8784
676,17,23.3085,23.3085
676,18,-27.376,-0.0107567
676,19,-54.6318,-54.6318
676,20,17.5508,17.5508
677,1,46.9276,46.9276
677,2,-54.0966,-54.0966
677,3,24.8213,0.0068255
677,4,-27.191,-0.00661076
677,5,-32.5591,-32.5591
677,6,7.23215,7.23215
677,7,-23.9042,-23.9042
677,8,41.1048,41.1048
677,9,-24.7034,0.0103427
677,10,1.95835,1.95835
677,11,16.4869,0.0192905
677,12,8.08002,0.00979973
677,13,-25.2559,-25.2559
677,14,3.12497,3.12497
677,15,-37.9005,-37.9005
677,16,23.1805,23.1805
677,17,26.4309,26.4309
677,18,-25.7082,-0.00982517
677,19,-52.0496,-52.0496
677,20,16.0997,16.0997
678,1,51.6528,51.6528
678,2,-58.0764,-58.0764
678,3,28.8563,0.00481372
678,4,-30.8124,0.00574286
678,5,-36.5224,-36.5224
678,6,3.36696,3.36696
678,7,-19.9947,-19.9947
678,8,36.4991,36.4991
678,9,-29.4892,-0.0107879
678,10,6.06415,6.06415
678,11,21.2362,-0.0101286
678,12,12.1252,0.0100602
678,13,-20.256,-20.256
678,14,-0.934181,-0.934181
678,15,-42.1916,-42.1916
678,16,18.9368,18.9368
678,17,21.5942,21.5942
678,18,-29.5948,-0.0102823
678,19,-56.5054,-56.5054
678,20,19.6511,19.6511
679,1,41.8885,41.8885
679,2,-49.7894,-49.7894
679,3,20.1832,0.00858522
679,4,-23.1372,-0.00574768
679,5,-28.2926,-28.2926
679,6,11.5845,11.5845
679,7,-28.1817,-28.1817
679,8,45.8414,45.8414
679,9,-19.6844,-0.0135327
679,10,-2.2561,-2.2561
679,11,11.4947,-0.0276881
679,12,3.50055,-0.0909314
679,13,-30.5711,-30.5711
679,14,7.71886,7.71886
679,15,-33.0203,-33.0203
679,16,27.6574,27.6574
679,17,31.3375,31.3375
679,18,-21.3173,-0.0125397
679,19,-47.2224,-47.2224
679,20,11.9564,11.9564
680,1,51.5845,51.5845
680,2,-56.4121,-56.4121
680,3,27.601,-0.0109568
680,4,-28.4931,0.0111688
680,5,-34.8275,-34.8275
680,6,5.10736,5.10736
680,7,-21.707,-21.707
680,8,37.0119,37.0119
680,9,-29.4362,-0.0105971
680,10,4.45031,4.45031
680,11,21.1672,-0.00754096
680,12,10.8991,0.00910333
680,13,-19.749,-19.749
680,14,0.311525,0.311525
680,15,-41.5041,-41.5041
680,16,20.0808,20.0808
680,17,21.6051,21.6051
680,18,-27.8961,-0.00365748
680,19,-55.8726,-55.8726
680,20,17.3391,17.3391
681,1,43.8692,43.8692
681,2,-51.2988,-51.2988
681,3,22.0851,0.00380552
681,4,-24.7119,0.0101311
681,5,-29.8751,-29.8751
681,6,9.95035,9.95035
681,7,-26.5262,-26.5262
681,8,44.186,44.186
681,9,-21.6019,-0.0139864
681,10,-0.870401,-0.870401
681,11,13.4961,-0.0235836
681,12,5.42321,-0.0569942
681,13,-28.5222,-28.5222
681,14,5.80704,5.80704
681,15,-35.062,-35.062
681,16,25.926,25.926
681,17,29.3895,29.3895
681,18,-22.8769,0.00524667
681,19,-49.0608,-49.0608
681,20,13.5137,13.5137
682,1,52.7959,52.7959
682,2,-58.2229,-58.2229
682,3,29.2838,-0.00845652
682,4,-30.526,0.0103928
682,5,-36.6266,-36.6266
682,6,3.25548,3.25548
682,7,-19.897,-19.897
682,8,35.6463,35.6463
682,9,-30.633,0.0094973
682,10,6.20466,6.20466
682,11,22.3565,0.0128155
682,12,12.5496,0.0250565
682,13,-18.7308,-18.7308
682,14,-1.34396,-1.34396
682,15,-42.9771,-42.9771
682,16,18.5019,18.5019
682,17,20.4686,20.4686
682,18,-29.7552,-0.00744083
682,19,-57.306,-57.306
682,20,19.4135,19.4135
683,1,39.4335,39.4335
683,2,-47.4664,-47.4664
683,3,17.9694,-0.00170119
683,4,-21.0049,-0.00023404
683,5,-26.0135,-26.0135
683,6,13.83,13.83
683,7,-30.4195,-30.4195
683,8,48.3635,48.3635
683,9,-17.1981,-0.0107903
683,10,-4.65961,-4.65961
683,11,9.05366,-0.00589859
683,12,1.28435,-0.193104
683,13,-33.1251,-33.1251
683,14,9.92988,9.92988
683,15,-30.7449,-30.7449
683,16,29.9863,29.9863
683,17,33.8203,33.8203
683,18,-19.0259,-0.00136181
683,19,-44.8301,-44.8301
683,20,9.80772,9.80772
684,1,47.182,47.182
684,2,-51.1876,-51.1876
684,3,22.6244,0.0130081
684,4,-22.9335,0.00287862
684,5,-29.5639,-29.5639
684,6,10.3679,10.3679
684,7,-26.982,-26.982
684,8,41.6765,41.6765
684,9,-25.0441,-0.00175501
684,10,-0.803914,-0.803914
684,11,16.7379,0.0139473
684,12,5.88368,-0.0193333
684,13,-23.846,-23.846
684,14,5.30482,5.30482
684,15,-36.8194,-36.8194
684,16,25.0722,25.0722
684,17,26.0401,26.0401
684,18,-22.685,0.0117273
684,19,-51.2003,-51.2003
684,20,11.8067,11.8067
685,1,49.9641,49.9641
685,2,-55.5741,-55.5741
685,3,27.0906,-0.00329809
685,4,-28.496,0.0111695
685,5,-34.1841,-34.1841
685,6,5.61855,5.61855
685,7,-22.1844,-22.1844
685,8,38.7931,38.7931
685,9,-27.663,-0.0100302
685,10,3.32582,3.32582
685,11,19.5878,-0.015636
685,12,10.4167,0.0295167
685,13,-21.8708,-21.8708
685,14,0.808021,0.808021
685,15,-40.6619,-40.6619
685,16,21.0207,21.0207
685,17,23.3285,23.3285
685,18,-27.1801,-0.00627685
685,19,-54.5613,-54.5613
685,20,17.2886,17.2886
686,1,47.1053,47.1053
686,2,-54.2163,-54.2163
686,3,24.9895,0.00041985
686,4,-27.3145,-0.00972911
686,5,-32.6844,-32.6844
686,6,7.09878,7.09878
686,7,-23.7707,-23.7707
686,8,40.9675,40.9675
686,9,-24.8725,0.00498975
686,10,2.05876,2.05876
686,11,16.6623,0.0166749
686,12,8.24537,0.0268974
686,13,-25.0682,-25.0682
686,14,2.96067,2.96067
686,15,-38.0846,-38.0846
686,16,23.0384,23.0384
686,17,26.264,26.264
686,18,-25.8354,-0.00609102
686,19,-52.2111,-52.2111
686,20,16.2239,16.2239
687,1,51.5052,51.5052
687,2,-57.9763,-57.9763
687,3,28.7503,0.00782232
687,4,-30.7341,0.00767886
687,5,-36.422,-36.422
687,6,3.45922,3.45922
687,7,-20.094,-20.094
687,8,36.6357,36.6357
687,9,-29.339,-0.00949148
687,10,5.96008,5.96008
687,11,21.0866,-0.00405635
687,12,12.0165,0.00137158
687,13,-20.4195,-20.4195
687,14,-0.825707,-0.825707
687,15,-42.0662,-42.0662
687,16,19.0552,19.0552
687,17,21.7503,21.7503
687,18,-29.5001,-0.0107901
687,19,-56.3776,-56.3776
687,20,19.5768,19.5768
688,1,42.2691,42.2691
688,2,-50.1307,-50.1307
688,3,20.5301,0.0154353
688,4,-23.4585,-0.0134538
688,5,-28.6308,-28.6308
688,6,11.2488,11.2488
688,7,-27.8465,-27.8465
688,8,45.47,45.47
688,9,-20.0681,0.00336714
688,10,-1.91321,-1.91321
688,11,11.873,-0.0104133
688,12,3.84311,-0.0391903
688,13,-30.175,-30.175
688,14,7.37284,7.37284
688,15,-33.3814,-33.3814
688,16,27.3066,27.3066
688,17,30.9583,30.9583
688,18,-21.6576,-0.0129318
688,19,-47.59,-47.59
688,20,12.2776,12.2776
689,1,52.0356,52.0356
689,2,-56.9832,-56.9832
689,3,28.1446,0.0049632
689,4,-29.1187,-0.00398373
689,5,-35.4082,-35.4082
689,6,4.52063,4.52063
689,7,-21.1245,-21.1245
689,8,36.5244,36.5244
689,9,-29.888,-0.00367088
689,10,5.03117,5.03117
689,11,21.6284,-0.0135361
689,12,11.4456,-0.0274053
689,13,-19.3415,-19.3415
689,14,-0.229888,-0.229888
689,15,-41.9971,-41.9971
689,16,19.5427,19.5427
689,17,21.155,21.155
689,18,-28.4678,0.0111242
689,19,-56.3667,-56.3667
689,20,17.9663,17.9663
690,1,42.5085,42.5085
690,2,-50.1381,-50.1381
690,3,20.8387,0.0074142
690,4,-23.5966,-0.0128737
690,5,-28.7073,-28.7073
690,6,11.1285,11.1285
690,7,-27.6997,-27.6997
690,8,45.4673,45.4673
690,9,-20.2434,0.0108864
690,10,-2.02727,-2.02727
690,11,12.1282,0.0102845
690,12,4.16974,0.0388062
690,13,-29.9409,-29.9409
690,14,7.05967,7.05967
690,15,-33.7532,-33.7532
690,16,27.161,27.161
690,17,30.7446,30.7446
690,18,-21.7127,-0.011506
690,19,-47.7653,-47.7653
690,20,12.402,12.402
691,1,52.0569,52.0569
691,2,-57.0394,-57.0394
691,3,28.2292,0.00743602
691,4,-29.1857,-0.00600831
691,5,-35.4487,-35.4487
691,6,4.43273,4.43273
691,7,-21.0809,-21.0809
691,8,36.5121,36.5121
691,9,-29.9051,-0.00312588
691,10,5.06064,5.06064
691,11,21.6377,-0.0133558
691,12,11.5048,-0.0276645
691,13,-19.3156,-19.3156
691,14,-0.291343,-0.291343
691,15,-42.0581,-42.0581
691,16,19.53,19.53
691,17,21.1984,21.1984
691,18,-28.5607,0.010943
691,19,-56.4186,-56.4186
691,20,18.0746,18.0746
692,1,42.4574,42.4574
692,2,-50.1014,-50.1014
692,3,20.7931,0.00926306
692,4,-23.568,-0.0131989
692,5,-28.6673,-28.6673
692,6,11.1695,11.1695
692,7,-27.7478,-27.7478
692,8,45.5151,45.5151
692,9,-20.1971,0.00914509
692,10,-2.06382,-2.06382
692,11,12.068,0.00559215
692,12,4.10933,0.0260843
692,13,-29.999,-29.999
692,14,7.10687,7.10687
692,15,-33.6987,-33.6987
692,16,27.2095,27.2095
692,17,30.8039,30.8039
692,18,-21.6766,-0.0124812
692,19,-47.7262,-47.7262
692,20,12.3676,12.3676
693,1,51.9033,51.9033
693,2,-56.8691,-56.8691
693,3,28.0615,0.00217939
693,4,-29.0091,-0.000314123
693,5,-35.2781,-35.2781
693,6,4.60557,4.60557
693,7,-21.2528,-21.2528
693,8,36.6706,36.6706
693,9,-29.7504,-0.00755497
693,10,4.89034,4.89034
693,11,21.4803,-0.0147902
693,12,11.336,-0.0244345
693,13,-19.4655,-19.4655
693,14,-0.124303,-0.124303
693,15,-41.8968,-41.8968
693,16,19.6954,19.6954
693,17,21.3513,21.3513
693,18,-28.3891,0.0105388
693,19,-56.2582,-56.2582
693,20,17.897,17.897
694,1,42.9287,42.9287
694,2,-50.5122,-50.5122
694,3,21.2263,-0.0097853
694,4,-23.9613,-0.00161242
694,5,-29.0785,-29.0785
694,6,10.7566,10.7566
694,7,-27.3356,-27.3356
694,8,45.0649,45.0649
694,9,-20.6681,0.013303
694,10,-1.65355,-1.65355
694,11,12.5397,0.025187
694,12,4.54401,0.0693819
694,13,-29.5084,-29.5084
694,14,6.67242,6.67242
694,15,-34.1518,-34.1518
694,16,26.7776,26.7776
694,17,30.3326,30.3326
694,18,-22.0878,0.00392606
694,19,-48.1774,-48.1774
694,20,12.7597,12.7597
695,1,52.3653,52.3653
695,2,-57.4817,-57.4817
695,3,28.6396,0.0100619
695,4,-29.6855,-0.00895244
695,5,-35.896,-35.896
695,6,3.97756,3.97756
695,7,-20.6329,-20.6329
695,8,36.1597,36.1597
695,9,-30.2166,0.00662891
695,10,5.50836,5.50836
695,11,21.9525,-0.00215516
695,12,11.9142,-0.00711777
695,13,-19.0526,-19.0526
695,14,-0.700136,-0.700136
695,15,-42.4155,-42.4155
695,16,19.1274,19.1274
695,17,20.8899,20.8899
695,18,-29.0046,-0.000158112
695,19,-56.777,-56.777
695,20,18.5731,18.5731
696,1,41.3143,41.3143
696,2,-49.1058,-49.1058
696,3,19.7301,-0.0120981
696,4,-22.6072,0.0132888
696,5,-27.6693,-27.6693
696,6,12.1696,12.1696
696,7,-28.7522,-28.7522
696,8,46.5953,46.5953
696,9,-19.0618,-0.00322201
696,10,-3.04209,-3.04209
696,11,10.9288,0.00645731
696,12,3.0467,-0.0152725
696,13,-31.1848,-31.1848
696,14,8.16866,8.16866
696,15,-32.5852,-32.5852
696,16,28.257,28.257
696,17,31.9447,31.9447
696,18,-20.677,0.0130763
696,19,-46.6313,-46.6313
696,20,11.4091,11.4091
697,1,50.6846,50.6846
697,2,-55.2847,-55.2847
697,3,26.5756,0.0116409
697,4,-27.2802,-0.00899413
697,5,-33.6834,-33.6834
697,6,6.21082,6.21082
697,7,-22.8533,-22.8533
697,8,37.9915,37.9915
697,9,-28.5424,0.0110534
697,10,3.31152,3.31152
697,11,20.2599,0.0114493
697,12,9.84635,-0.015006
697,13,-20.551,-20.551
697,14,1.36132,1.36132
697,15,-40.5399,-40.5399
697,16,21.1611,21.1611
697,17,22.555,22.555
697,18,-26.7967,0.00708061
697,19,-54.9166,-54.9166
697,20,16.1601,16.1601
698,1,46.2347,46.2347
698,2,-53.2757,-53.2757
698,3,24.2279,0.00862296
698,4,-26.5965,0.0114221
698,5,-31.8619,-31.8619
698,6,7.96102,7.96102
698,7,-24.5359,-24.5359
698,8,41.9807,41.9807
698,9,-23.9613,-0.00160941
698,10,1.08297,1.08297
698,11,15.8552,-0.00882013
698,12,7.54674,-0.0417246
698,13,-26.0424,-26.0424
698,14,3.67145,3.67145
698,15,-37.3272,-37.3272
698,16,23.8174,23.8174
698,17,27.0386,27.0386
698,18,-24.8631,0.00533629
698,19,-51.3063,-51.3063
698,20,15.395,15.395
699,1,52.2498,52.2498
699,2,-58.4188,-58.4188
699,3,29.2929,-0.00864637
699,4,-31.0191,-0.00061523
699,5,-36.8355,-36.8355
699,6,3.02499,3.02499
699,7,-19.6735,-19.6735
699,8,35.9872,35.9872
699,9,-30.0738,0.00243071
699,10,6.36999,6.36999
699,11,21.8087,-0.00825414
699,12,12.5513,0.0250326
699,13,-19.5418,-19.5418
699,14,-1.34701,-1.34701
699,15,-42.7293,-42.7293
699,16,18.5481,18.5481
699,17,21.0403,21.0403
699,18,-29.9702,-0.000994464
699,19,-57.0155,-57.0155
699,20,19.9131,19.9131
