t,unit,input,output
500,1,3.00792,3.00792
500,2,-0.437561,-0.437561
500,3,-1.8341,-1.8341
500,4,2.74072,2.74072
500,5,2.44879,2.44879
500,6,2.67167,2.67167
500,7,-1.87569,-1.87569
500,8,3.56914,3.56914
500,9,-3.10422,-3.10422
500,10,-1.0673,-1.0673
500,11,-2.40349,-2.40349
500,12,0.705794,0.705794
500,13,-0.815296,-0.815296
500,14,-3.19914,-3.19914
500,15,2.18084,2.18084
500,16,0.078651,0.078651
500,17,-0.973243,-0.973243
500,18,-1.34725,-1.34725
500,19,-0.628163,-0.628163
500,20,0.587832,0.587832
501,1,3.47722,3.47722
501,2,0.0619128,0.0619128
501,3,-1.6061,-1.6061
501,4,2.53063,2.53063
501,5,2.29023,2.29023
501,6,2.42787,2.42787
501,7,-1.71159,-1.71159
501,8,3.4946,3.4946
501,9,-2.94889,-2.94889
501,10,-0.566075,-0.566075
501,11,-2.17431,-2.17431
501,12,0.278429,0.278429
501,13,-0.490759,-0.490759
501,14,-2.82432,-2.82432
501,15,1.93893,1.93893
501,16,0.502522,0.502522
501,17,-1.57963,-1.57963
501,18,-1.1159,-1.1159
501,19,-0.523057,-0.523057
501,20,0.109257,0.109257
502,1,3.75259,3.75259
502,2,0.367295,0.367295
502,3,-1.42091,-1.42091
502,4,1.97857,1.97857
502,5,1.75671,1.75671
502,6,1.9701,1.9701
502,7,-1.32727,-1.32727
502,8,3.06982,3.06982
502,9,-2.76293,-2.76293
502,10,-0.271855,-0.271855
502,11,-2.17265,-2.17265
502,12,0.187583,0.187583
502,13,-0.29903,-0.29903
502,14,-2.7817,-2.7817
502,15,1.62013,1.62013
502,16,0.848636,0.848636
502,17,-1.58504,-1.58504
502,18,-0.831202,-0.831202
502,19,-0.393356,-0.393356
502,20,-0.331451,-0.331451
503,1,3.66793,3.66793
503,2,0.236361,0.236361
503,3,-1.27951,-1.27951
503,4,1.60985,1.60985
503,5,1.40023,1.40023
503,6,1.67554,1.67554
503,7,-1.06522,-1.06522
503,8,2.69685,2.69685
503,9,-2.52247,-2.52247
503,10,-0.448837,-0.448837
503,11,-2.11063,-2.11063
503,12,0.290213,0.290213
503,13,-0.248159,-0.248159
503,14,-2.8275,-2.8275
503,15,1.43435,1.43435
503,16,0.827202,0.827202
503,17,-1.30849,-1.30849
503,18,-0.650819,-0.650819
503,19,-0.206336,-0.206336
503,20,-0.303334,-0.303334
504,1,3.49729,3.49729
504,2,0.101486,0.101486
504,3,-1.1409,-1.1409
504,4,1.5447,1.5447
504,5,1.34049,1.34049
504,6,1.71557,1.71557
504,7,-1.01128,-1.01128
504,8,2.58601,2.58601
504,9,-2.34243,-2.34243
504,10,-0.585026,-0.585026
504,11,-2.05751,-2.05751
504,12,0.376308,0.376308
504,13,-0.302394,-0.302394
504,14,-2.87196,-2.87196
504,15,1.42341,1.42341
504,16,0.732843,0.732843
504,17,-1.04215,-1.04215
504,18,-0.576504,-0.576504
504,19,-0.0633479,-0.0633479
504,20,-0.0530475,-0.0530475
505,1,3.30355,3.30355
505,2,-0.100107,-0.100107
505,3,-1.28506,-1.28506
505,4,1.79318,1.79318
505,5,1.52566,1.52566
505,6,1.9757,1.9757
505,7,-1.14816,-1.14816
505,8,2.71744,2.71744
505,9,-2.47918,-2.47918
505,10,-0.754593,-0.754593
505,11,-2.16423,-2.16423
505,12,0.545378,0.545378
505,13,-0.466695,-0.466695
505,14,-3.04547,-3.04547
505,15,1.58496,1.58496
505,16,0.532519,0.532519
505,17,-0.799623,-0.799623
505,18,-0.741844,-0.741844
505,19,-0.133135,-0.133135
505,20,0.18236,0.18236
506,1,2.99848,2.99848
506,2,-0.417538,-0.417538
506,3,-1.64307,-1.64307
506,4,2.3319,2.3319
506,5,2.04638,2.04638
506,6,2.39814,2.39814
506,7,-1.57305,-1.57305
506,8,3.1556,3.1556
506,9,-2.8577,-2.8577
506,10,-1.06124,-1.06124
506,11,-2.41418,-2.41418
506,12,0.791007,0.791007
506,13,-0.763628,-0.763628
506,14,-3.27069,-3.27069
506,15,1.97567,1.97567
506,16,0.165719,0.165719
506,17,-0.630296,-0.630296
506,18,-1.15445,-1.15445
506,19,-0.429471,-0.429471
506,20,0.531708,0.531708
507,1,2.99467,2.99467
507,2,-0.453535,-0.453535
507,3,-1.85284,-1.85284
507,4,2.77727,2.77727
507,5,2.48384,2.48384
507,6,2.70155,2.70155
507,7,-1.90333,-1.90333
507,8,3.60205,3.60205
507,9,-3.12441,-3.12441
507,10,-1.08328,-1.08328
507,11,-2.4092,-2.4092
507,12,0.711003,0.711003
507,13,-0.828594,-0.828594
507,14,-3.20498,-3.20498
507,15,2.20275,2.20275
507,16,0.059209,0.059209
507,17,-0.978282,-0.978282
507,18,-1.36818,-1.36818
507,19,-0.644427,-0.644427
507,20,0.609696,0.609696
508,1,3.4816,3.4816
508,2,0.0662114,0.0662114
508,3,-1.61836,-1.61836
508,4,2.55476,2.55476
508,5,2.31654,2.31654
508,6,2.44674,2.44674
508,7,-1.73258,-1.73258
508,8,3.5239,3.5239
508,9,-2.96648,-2.96648
508,10,-0.560678,-0.560678
508,11,-2.18168,-2.18168
508,12,0.273095,0.273095
508,13,-0.496266,-0.496266
508,14,-2.82275,-2.82275
508,15,1.95296,1.95296
508,16,0.500973,0.500973
508,17,-1.59893,-1.59893
508,18,-1.13057,-1.13057
508,19,-0.54137,-0.54137
508,20,0.108925,0.108925
509,1,3.76426,3.76426
509,2,0.374581,0.374581
509,3,-1.4303,-1.4303
509,4,1.98411,1.98411
509,5,1.76324,1.76324
509,6,1.97126,1.97126
509,7,-1.33379,-1.33379
509,8,3.08355,3.08355
509,9,-2.77488,-2.77488
509,10,-0.264899,-0.264899
509,11,-2.17694,-2.17694
509,12,0.180423,0.180423
509,13,-0.296717,-0.296717
509,14,-2.77971,-2.77971
509,15,1.621,1.621
509,16,0.855068,0.855068
509,17,-1.60613,-1.60613
509,18,-0.835147,-0.835147
509,19,-0.406832,-0.406832
509,20,-0.345022,-0.345022
510,1,3.68223,3.68223
510,2,0.248572,0.248572
510,3,-1.27229,-1.27229
510,4,1.5948,1.5948
510,5,1.39121,1.39121
510,6,1.66195,1.66195
510,7,-1.0592,-1.0592
510,8,2.69376,2.69376
510,9,-2.51513,-2.51513
510,10,-0.439797,-0.439797
510,11,-2.10756,-2.10756
510,12,0.278517,0.278517
510,13,-0.238927,-0.238927
510,14,-2.81849,-2.81849
510,15,1.42387,1.42387
510,16,0.840309,0.840309
510,17,-1.32542,-1.32542
510,18,-0.64189,-0.64189
510,19,-0.206736,-0.206736
510,20,-0.317452,-0.317452
511,1,3.51658,3.51658
511,2,0.118043,0.118043
511,3,-1.12204,-1.12204
511,4,1.51373,1.51373
511,5,1.31197,1.31197
511,6,1.69252,1.69252
511,7,-0.988216,-0.988216
511,8,2.56466,2.56466
511,9,-2.32153,-2.32153
511,10,-0.57034,-0.57034
511,11,-2.04586,-2.04586
511,12,0.361436,0.361436
511,13,-0.286422,-0.286422
511,14,-2.86129,-2.86129
511,15,1.4,1.4
511,16,0.754309,0.754309
511,17,-1.05325,-1.05325
511,18,-0.553352,-0.553352
511,19,-0.0494831,-0.0494831
511,20,-0.0723647,-0.0723647
512,1,3.30622,3.30622
512,2,-0.0978477,-0.0978477
512,3,-1.27258,-1.27258
512,4,1.7667,1.7667
512,5,1.50152,1.50152
512,6,1.95893,1.95893
512,7,-1.1301,-1.1301
512,8,2.69443,2.69443
512,9,-2.46268,-2.46268
512,10,-0.754977,-0.754977
512,11,-2.16563,-2.16563
512,12,0.547618,0.547618
512,13,-0.462784,-0.462784
512,14,-3.04952,-3.04952
512,15,1.57045,1.57045
512,16,0.53962,0.53962
512,17,-0.781668,-0.781668
512,18,-0.729384,-0.729384
512,19,-0.122033,-0.122033
512,20,0.17894,0.17894
513,1,2.98001,2.98001
513,2,-0.440152,-0.440152
513,3,-1.6495,-1.6495
513,4,2.33669,2.33669
513,5,2.04889,2.04889
513,6,2.40648,2.40648
513,7,-1.57586,-1.57586
513,8,3.1549,3.1549
513,9,-2.85928,-2.85928
513,10,-1.08506,-1.08506
513,11,-2.4218,-2.4218
513,12,0.807642,0.807642
513,13,-0.776079,-0.776079
513,14,-3.28697,-3.28697
513,15,1.98164,1.98164
513,16,0.14868,0.14868
513,17,-0.602265,-0.602265
513,18,-1.16074,-1.16074
513,19,-0.429477,-0.429477
513,20,0.55344,0.55344
514,1,2.97525,2.97525
514,2,-0.474069,-0.474069
514,3,-1.86611,-1.86611
514,4,2.80682,2.80682
514,5,2.51319,2.51319
514,6,2.72893,2.72893
514,7,-1.92629,-1.92629
514,8,3.62586,3.62586
514,9,-3.13721,-3.13721
514,10,-1.10432,-1.10432
514,11,-2.41804,-2.41804
514,12,0.722544,0.722544
514,13,-0.844971,-0.844971
514,14,-3.21578,-3.21578
514,15,2.22304,2.22304
514,16,0.0368278,0.0368278
514,17,-0.965654,-0.965654
514,18,-1.3877,-1.3877
514,19,-0.655096,-0.655096
514,20,0.638616,0.638616
515,1,3.49326,3.49326
515,2,0.075586,0.075586
515,3,-1.61972,-1.61972
515,4,2.57182,2.57182
515,5,2.3315,2.3315
515,6,2.45749,2.45749
515,7,-1.74021,-1.74021
515,8,3.53899,3.53899
515,9,-2.97157,-2.97157
515,10,-0.549379,-0.549379
515,11,-2.17302,-2.17302
515,12,0.258132,0.258132
515,13,-0.490711,-0.490711
515,14,-2.81124,-2.81124
515,15,1.95525,1.95525
515,16,0.506258,0.506258
515,17,-1.62501,-1.62501
515,18,-1.13324,-1.13324
515,19,-0.542045,-0.542045
515,20,0.103206,0.103206
516,1,3.78178,3.78178
516,2,0.396318,0.396318
516,3,-1.42582,-1.42582
516,4,1.97355,1.97355
516,5,1.75467,1.75467
516,6,1.95935,1.95935
516,7,-1.32738,-1.32738
516,8,3.07759,3.07759
516,9,-2.77437,-2.77437
516,10,-0.243563,-0.243563
516,11,-2.17838,-2.17838
516,12,0.169668,0.169668
516,13,-0.287831,-0.287831
516,14,-2.77242,-2.77242
516,15,1.61382,1.61382
516,16,0.871887,0.871887
516,17,-1.6192,-1.6192
516,18,-0.830843,-0.830843
516,19,-0.405918,-0.405918
516,20,-0.367051,-0.367051
517,1,3.68872,3.68872
517,2,0.252316,0.252316
517,3,-1.26867,-1.26867
517,4,1.57694,1.57694
517,5,1.37194,1.37194
517,6,1.64364,1.64364
517,7,-1.04502,-1.04502
517,8,2.67734,2.67734
517,9,-2.5095,-2.5095
517,10,-0.437178,-0.437178
517,11,-2.10346,-2.10346
517,12,0.277,0.277
517,13,-0.232021,-0.232021
517,14,-2.81673,-2.81673
517,15,1.41307,1.41307
517,16,0.847551,0.847551
517,17,-1.32625,-1.32625
517,18,-0.632203,-0.632203
517,19,-0.200249,-0.200249
517,20,-0.331085,-0.331085
518,1,3.50833,3.50833
518,2,0.113043,0.113043
518,3,-1.11604,-1.11604
518,4,1.50426,1.50426
518,5,1.30554,1.30554
518,6,1.6879,1.6879
518,7,-0.985466,-0.985466
518,8,2.55704,2.55704
518,9,-2.31357,-2.31357
518,10,-0.577071,-0.577071
518,11,-2.0476,-2.0476
518,12,0.367795,0.367795
518,13,-0.289233,-0.289233
518,14,-2.86434,-2.86434
518,15,1.39964,1.39964
518,16,0.750423,0.750423
518,17,-1.03874,-1.03874
518,18,-0.550484,-0.550484
518,19,-0.0464927,-0.0464927
518,20,-0.0641037,-0.0641037
519,1,3.30356,3.30356
519,2,-0.103444,-0.103444
519,3,-1.27069,-1.27069
519,4,1.7681,1.7681
519,5,1.49929,1.49929
519,6,1.96242,1.96242
519,7,-1.12684,-1.12684
519,8,2.69255,2.69255
519,9,-2.45917,-2.45917
519,10,-0.758606,-0.758606
519,11,-2.15959,-2.15959
519,12,0.54799,0.54799
519,13,-0.462406,-0.462406
519,14,-3.0498,-3.0498
519,15,1.56829,1.56829
519,16,0.537374,0.537374
519,17,-0.779635,-0.779635
519,18,-0.725356,-0.725356
519,19,-0.117477,-0.117477
519,20,0.183496,0.183496
520,1,2.96986,2.96986
520,2,-0.446979,-0.446979
520,3,-1.65615,-1.65615
520,4,2.34727,2.34727
520,5,2.06115,2.06115
520,6,2.41743,2.41743
520,7,-1.58662,-1.58662
520,8,3.16346,3.16346
520,9,-2.86664,-2.86664
520,10,-1.09192,-1.09192
520,11,-2.43324,-2.43324
520,12,0.817014,0.817014
520,13,-0.78568,-0.78568
520,14,-3.29559,-3.29559
520,15,1.9921,1.9921
520,16,0.139312,0.139312
520,17,-0.588724,-0.588724
520,18,-1.17227,-1.17227
520,19,-0.43702,-0.43702
520,20,0.565187,0.565187
521,1,2.93818,2.93818
521,2,-0.515982,-0.515982
521,3,-1.9103,-1.9103
521,4,2.85703,2.85703
521,5,2.5596,2.5596
521,6,2.7734,2.7734
521,7,-1.96861,-1.96861
521,8,3.67202,3.67202
521,9,-3.18143,-3.18143
521,10,-1.14499,-1.14499
521,11,-2.45045,-2.45045
521,12,0.75728,0.75728
521,13,-0.882252,-0.882252
521,14,-3.25111,-3.25111
521,15,2.26366,2.26366
521,16,-0.00420355,-0.00420355
521,17,-0.939002,-0.939002
521,18,-1.42857,-1.42857
521,19,-0.693938,-0.693938
521,20,0.677156,0.677156
522,1,3.49977,3.49977
522,2,0.0747511,0.0747511
522,3,-1.62777,-1.62777
522,4,2.6088,2.6088
522,5,2.37283,2.37283
522,6,2.48122,2.48122
522,7,-1.76835,-1.76835
522,8,3.57963,3.57963
522,9,-2.98258,-2.98258
522,10,-0.551307,-0.551307
522,11,-2.1608,-2.1608
522,12,0.238602,0.238602
522,13,-0.487382,-0.487382
522,14,-2.79163,-2.79163
522,15,1.96844,1.96844
522,16,0.500034,0.500034
522,17,-1.67166,-1.67166
522,18,-1.14647,-1.14647
522,19,-0.55567,-0.55567
522,20,0.110619,0.110619
523,1,3.81103,3.81103
523,2,0.431271,0.431271
523,3,-1.42236,-1.42236
523,4,1.96687,1.96687
523,5,1.75319,1.75319
523,6,1.9569,1.9569
523,7,-1.3282,-1.3282
523,8,3.08956,3.08956
523,9,-2.77982,-2.77982
523,10,-0.207139,-0.207139
523,11,-2.18438,-2.18438
523,12,0.149398,0.149398
523,13,-0.279222,-0.279222
523,14,-2.76325,-2.76325
523,15,1.6075,1.6075
523,16,0.900693,0.900693
523,17,-1.6516,-1.6516
523,18,-0.824861,-0.824861
523,19,-0.417984,-0.417984
523,20,-0.396706,-0.396706
524,1,3.69277,3.69277
524,2,0.244864,0.244864
524,3,-1.28421,-1.28421
524,4,1.56586,1.56586
524,5,1.36201,1.36201
524,6,1.6324,1.6324
524,7,-1.04179,-1.04179
524,8,2.6762,2.6762
524,9,-2.52085,-2.52085
524,10,-0.448489,-0.448489
524,11,-2.118,-2.118
524,12,0.285062,0.285062
524,13,-0.234519,-0.234519
524,14,-2.83,-2.83
524,15,1.40844,1.40844
524,16,0.847085,0.847085
524,17,-1.32315,-1.32315
524,18,-0.635995,-0.635995
524,19,-0.215905,-0.215905
524,20,-0.343458,-0.343458
525,1,3.51518,3.51518
525,2,0.115365,0.115365
525,3,-1.0981,-1.0981
525,4,1.48793,1.48793
525,5,1.29867,1.29867
525,6,1.67513,1.67513
525,7,-0.979069,-0.979069
525,8,2.55237,2.55237
525,9,-2.29187,-2.29187
525,10,-0.580363,-0.580363
525,11,-2.03499,-2.03499
525,12,0.354337,0.354337
525,13,-0.279552,-0.279552
525,14,-2.85056,-2.85056
525,15,1.38694,1.38694
525,16,0.75732,0.75732
525,17,-1.05259,-1.05259
525,18,-0.536187,-0.536187
525,19,-0.037107,-0.037107
525,20,-0.0614477,-0.0614477
526,1,3.33572,3.33572
526,2,-0.0713679,-0.0713679
526,3,-1.23853,-1.23853
526,4,1.72813,1.72813
526,5,1.4601,1.4601
526,6,1.93714,1.93714
526,7,-1.09267,-1.09267
526,8,2.66242,2.66242
526,9,-2.42642,-2.42642
526,10,-0.727029,-0.727029
526,11,-2.13874,-2.13874
526,12,0.520684,0.520684
526,13,-0.437289,-0.437289
526,14,-3.03131,-3.03131
526,15,1.53377,1.53377
526,16,0.573061,0.573061
526,17,-0.797467,-0.797467
526,18,-0.689835,-0.689835
526,19,-0.0914912,-0.0914912
526,20,0.156302,0.156302
527,1,2.96105,2.96105
527,2,-0.456858,-0.456858
527,3,-1.65744,-1.65744
527,4,2.32622,2.32622
527,5,2.04064,2.04064
527,6,2.40568,2.40568
527,7,-1.57349,-1.57349
527,8,3.14091,3.14091
527,9,-2.8628,-2.8628
527,10,-1.10463,-1.10463
527,11,-2.45333,-2.45333
527,12,0.837112,0.837112
527,13,-0.794645,-0.794645
527,14,-3.31837,-3.31837
527,15,1.98665,1.98665
527,16,0.134827,0.134827
527,17,-0.544395,-0.544395
527,18,-1.17375,-1.17375
527,19,-0.434622,-0.434622
527,20,0.56842,0.56842
528,1,2.88771,2.88771
528,2,-0.575196,-0.575196
528,3,-1.94588,-1.94588
528,4,2.90161,2.90161
528,5,2.60004,2.60004
528,6,2.81342,2.81342
528,7,-2.00431,-2.00431
528,8,3.70463,3.70463
528,9,-3.2105,-3.2105
528,10,-1.20642,-1.20642
528,11,-2.47497,-2.47497
528,12,0.798106,0.798106
528,13,-0.920732,-0.920732
528,14,-3.2884,-3.2884
528,15,2.30053,2.30053
528,16,-0.0572198,-0.0572198
528,17,-0.892795,-0.892795
528,18,-1.4648,-1.4648
528,19,-0.716618,-0.716618
528,20,0.735238,0.735238
529,1,3.49353,3.49353
529,2,0.0666521,0.0666521
529,3,-1.63687,-1.63687
529,4,2.65893,2.65893
529,5,2.42526,2.42526
529,6,2.52308,2.52308
529,7,-1.80527,-1.80527
529,8,3.62759,3.62759
529,9,-2.99577,-2.99577
529,10,-0.559098,-0.559098
529,11,-2.15337,-2.15337
529,12,0.226934,0.226934
529,13,-0.495004,-0.495004
529,14,-2.78038,-2.78038
529,15,1.99271,1.99271
529,16,0.483734,0.483734
529,17,-1.70022,-1.70022
529,18,-1.16675,-1.16675
529,19,-0.568528,-0.568528
529,20,0.137791,0.137791
530,1,3.82499,3.82499
530,2,0.446992,0.446992
530,3,-1.44236,-1.44236
530,4,1.99271,1.99271
530,5,1.7784,1.7784
530,6,1.97952,1.97952
530,7,-1.34989,-1.34989
530,8,3.12395,3.12395
530,9,-2.80951,-2.80951
530,10,-0.187508,-0.187508
530,11,-2.20325,-2.20325
530,12,0.143651,0.143651
530,13,-0.286603,-0.286603
530,14,-2.76884,-2.76884
530,15,1.62216,1.62216
530,16,0.908471,0.908471
530,17,-1.67314,-1.67314
530,18,-0.842648,-0.842648
530,19,-0.445872,-0.445872
530,20,-0.410796,-0.410796
531,1,3.70476,3.70476
531,2,0.246183,0.246183
531,3,-1.29951,-1.29951
531,4,1.57051,1.57051
531,5,1.36907,1.36907
531,6,1.62612,1.62612
531,7,-1.04869,-1.04869
531,8,2.68869,2.68869
531,9,-2.53577,-2.53577
531,10,-0.450726,-0.450726
531,11,-2.12318,-2.12318
531,12,0.279002,0.279002
531,13,-0.230567,-0.230567
531,14,-2.82767,-2.82767
531,15,1.40822,1.40822
531,16,0.849308,0.849308
531,17,-1.34731,-1.34731
531,18,-0.643872,-0.643872
531,19,-0.231566,-0.231566
531,20,-0.360054,-0.360054
532,1,3.51794,3.51794
532,2,0.119507,0.119507
532,3,-1.09625,-1.09625
532,4,1.48085,1.48085
532,5,1.30112,1.30112
532,6,1.67298,1.67298
532,7,-0.98595,-0.98595
532,8,2.56317,2.56317
532,9,-2.29096,-2.29096
532,10,-0.580511,-0.580511
532,11,-2.04182,-2.04182
532,12,0.351081,0.351081
532,13,-0.28218,-0.28218
532,14,-2.85024,-2.85024
532,15,1.38813,1.38813
532,16,0.761808,0.761808
532,17,-1.06083,-1.06083
532,18,-0.534642,-0.534642
532,19,-0.0482356,-0.0482356
532,20,-0.0604564,-0.0604564
533,1,3.34081,3.34081
533,2,-0.0763037,-0.0763037
533,3,-1.24237,-1.24237
533,4,1.72406,1.72406
533,5,1.45671,1.45671
533,6,1.94025,1.94025
533,7,-1.09204,-1.09204
533,8,2.66991,2.66991
533,9,-2.42733,-2.42733
533,10,-0.733358,-0.733358
533,11,-2.14068,-2.14068
533,12,0.518696,0.518696
533,13,-0.43787,-0.43787
533,14,-3.03627,-3.03627
533,15,1.52872,1.52872
533,16,0.574967,0.574967
533,17,-0.80349,-0.80349
533,18,-0.686108,-0.686108
533,19,-0.101049,-0.101049
533,20,0.155083,0.155083
534,1,2.96503,2.96503
534,2,-0.457793,-0.457793
534,3,-1.65338,-1.65338
534,4,2.32217,2.32217
534,5,2.04417,2.04417
534,6,2.40632,2.40632
534,7,-1.57623,-1.57623
534,8,3.14695,3.14695
534,9,-2.85675,-2.85675
534,10,-1.10914,-1.10914
534,11,-2.45883,-2.45883
534,12,0.833176,0.833176
534,13,-0.794929,-0.794929
534,14,-3.31905,-3.31905
534,15,1.98268,1.98268
534,16,0.136817,0.136817
534,17,-0.545638,-0.545638
534,18,-1.17351,-1.17351
534,19,-0.439011,-0.439011
534,20,0.57256,0.57256
535,1,2.87235,2.87235
535,2,-0.597703,-0.597703
535,3,-1.9692,-1.9692
535,4,2.92139,2.92139
535,5,2.61985,2.61985
535,6,2.8377,2.8377
535,7,-2.02421,-2.02421
535,8,3.73039,3.73039
535,9,-3.23181,-3.23181
535,10,-1.23101,-1.23101
535,11,-2.49826,-2.49826
535,12,0.815518,0.815518
535,13,-0.942196,-0.942196
535,14,-3.31418,-3.31418
535,15,2.3164,2.3164
535,16,-0.0749647,-0.0749647
535,17,-0.874837,-0.874837
535,18,-1.48308,-1.48308
535,19,-0.73951,-0.73951
535,20,0.757278,0.757278
536,1,3.47441,3.47441
536,2,0.0366855,0.0366855
536,3,-1.66565,-1.66565
536,4,2.70156,2.70156
536,5,2.47305,2.47305
536,6,2.56096,2.56096
536,7,-1.84499,-1.84499
536,8,3.67555,3.67555
536,9,-3.02281,-3.02281
536,10,-0.593609,-0.593609
536,11,-2.17378,-2.17378
536,12,0.239631,0.239631
536,13,-0.518692,-0.518692
536,14,-2.79732,-2.79732
536,15,2.02137,2.02137
536,16,0.453914,0.453914
536,17,-1.69776,-1.69776
536,18,-1.19965,-1.19965
536,19,-0.60036,-0.60036
536,20,0.171115,0.171115
537,1,3.83659,3.83659
537,2,0.450238,0.450238
537,3,-1.45423,-1.45423
537,4,2.02258,2.02258
537,5,1.81229,1.81229
537,6,2.00558,2.00558
537,7,-1.37556,-1.37556
537,8,3.16678,3.16678
537,9,-2.82576,-2.82576
537,10,-0.185382,-0.185382
537,11,-2.20633,-2.20633
537,12,0.127934,0.127934
537,13,-0.29006,-0.29006
537,14,-2.76404,-2.76404
537,15,1.63299,1.63299
537,16,0.909577,0.909577
537,17,-1.70919,-1.70919
537,18,-0.854559,-0.854559
537,19,-0.467066,-0.467066
537,20,-0.40751,-0.40751
538,1,3.73512,3.73512
538,2,0.270857,0.270857
538,3,-1.29888,-1.29888
538,4,1.5627,1.5627
538,5,1.36801,1.36801
538,6,1.62005,1.62005
538,7,-1.04859,-1.04859
538,8,2.69969,2.69969
538,9,-2.53823,-2.53823
538,10,-0.4299,-0.4299
538,11,-2.12721,-2.12721
538,12,0.257179,0.257179
538,13,-0.219592,-0.219592
538,14,-2.81883,-2.81883
538,15,1.39739,1.39739
538,16,0.871959,0.871959
538,17,-1.38023,-1.38023
538,18,-0.639961,-0.639961
538,19,-0.242357,-0.242357
538,20,-0.385939,-0.385939
539,1,3.53351,3.53351
539,2,0.126041,0.126041
539,3,-1.09464,-1.09464
539,4,1.45877,1.45877
539,5,1.28449,1.28449
539,6,1.65572,1.65572
539,7,-0.975658,-0.975658
539,8,2.5571,2.5571
539,9,-2.28657,-2.28657
539,10,-0.579329,-0.579329
539,11,-2.04852,-2.04852
539,12,0.345053,0.345053
539,13,-0.277211,-0.277211
539,14,-2.85329,-2.85329
539,15,1.37402,1.37402
539,16,0.774774,0.774774
539,17,-1.06672,-1.06672
539,18,-0.526291,-0.526291
539,19,-0.0523886,-0.0523886
539,20,-0.0764241,-0.0764241
540,1,3.35887,3.35887
540,2,-0.0653974,-0.0653974
540,3,-1.21956,-1.21956
540,4,1.69165,1.69165
540,5,1.43019,1.43019
540,6,1.91649,1.91649
540,7,-1.07002,-1.07002
540,8,2.64914,2.64914
540,9,-2.39925,-2.39925
540,10,-0.728723,-0.728723
540,11,-2.12628,-2.12628
540,12,0.501094,0.501094
540,13,-0.421169,-0.421169
540,14,-3.02387,-3.02387
540,15,1.50319,1.50319
540,16,0.592488,0.592488
540,17,-0.813722,-0.813722
540,18,-0.662273,-0.662273
540,19,-0.0834632,-0.0834632
540,20,0.144529,0.144529
541,1,2.97054,2.97054
541,2,-0.453059,-0.453059
541,3,-1.63851,-1.63851
541,4,2.29611,2.29611
541,5,2.02052,2.02052
541,6,2.39482,2.39482
541,7,-1.55859,-1.55859
541,8,3.12746,3.12746
541,9,-2.83857,-2.83857
541,10,-1.10708,-1.10708
541,11,-2.46169,-2.46169
541,12,0.832723,0.832723
541,13,-0.792813,-0.792813
541,14,-3.32526,-3.32526
541,15,1.9676,1.9676
541,16,0.146846,0.146846
541,17,-0.526488,-0.526488
541,18,-1.15934,-1.15934
541,19,-0.427575,-0.427575
541,20,0.571501,0.571501
542,1,2.82646,2.82646
542,2,-0.651808,-0.651808
542,3,-2.00848,-2.00848
542,4,2.95756,2.95756
542,5,2.65301,2.65301
542,6,2.87663,2.87663
542,7,-2.05698,-2.05698
542,8,3.76028,3.76028
542,9,-3.26512,-3.26512
542,10,-1.28744,-1.28744
542,11,-2.53827,-2.53827
542,12,0.861646,0.861646
542,13,-0.984501,-0.984501
542,14,-3.36279,-3.36279
542,15,2.35129,2.35129
542,16,-0.122817,-0.122817
542,17,-0.815593,-0.815593
542,18,-1.52199,-1.52199
542,19,-0.77046,-0.77046
542,20,0.807724,0.807724
543,1,3.44584,3.44584
543,2,-0.00391293,-0.00391293
543,3,-1.69839,-1.69839
543,4,2.77316,2.77316
543,5,2.54559,2.54559
543,6,2.61906,2.61906
543,7,-1.90007,-1.90007
543,8,3.74208,3.74208
543,9,-3.05516,-3.05516
543,10,-0.635843,-0.635843
543,11,-2.18259,-2.18259
543,12,0.248986,0.248986
543,13,-0.545328,-0.545328
543,14,-2.80709,-2.80709
543,15,2.06232,2.06232
543,16,0.411273,0.411273
543,17,-1.70719,-1.70719
543,18,-1.24007,-1.24007
543,19,-0.630264,-0.630264
543,20,0.221851,0.221851
544,1,3.86763,3.86763
544,2,0.482339,0.482339
544,3,-1.45646,-1.45646
544,4,2.05034,2.05034
544,5,1.84468,1.84468
544,6,2.02818,2.02818
544,7,-1.39782,-1.39782
544,8,3.20803,3.20803
544,9,-2.83905,-2.83905
544,10,-0.151901,-0.151901
544,11,-2.2022,-2.2022
544,12,0.0943031,0.0943031
544,13,-0.28131,-0.28131
544,14,-2.74291,-2.74291
544,15,1.63899,1.63899
544,16,0.930039,0.930039
544,17,-1.7676,-1.7676
544,18,-0.860963,-0.860963
544,19,-0.482924,-0.482924
544,20,-0.424549,-0.424549
545,1,3.75446,3.75446
545,2,0.284232,0.284232
545,3,-1.31971,-1.31971
545,4,1.55981,1.55981
545,5,1.36744,1.36744
545,6,1.61534,1.61534
545,7,-1.05377,-1.05377
545,8,2.71308,2.71308
545,9,-2.56275,-2.56275
545,10,-0.418504,-0.418504
545,11,-2.15186,-2.15186
545,12,0.256248,0.256248
545,13,-0.222172,-0.222172
545,14,-2.83053,-2.83053
545,15,1.39778,1.39778
545,16,0.88453,0.88453
545,17,-1.39314,-1.39314
545,18,-0.650263,-0.650263
545,19,-0.26962,-0.26962
545,20,-0.414581,-0.414581
546,1,3.5451,3.5451
546,2,0.125479,0.125479
546,3,-1.08961,-1.08961
546,4,1.44196,1.44196
546,5,1.27543,1.27543
546,6,1.6361,1.6361
546,7,-0.969725,-0.969725
546,8,2.55464,2.55464
546,9,-2.27652,-2.27652
546,10,-0.587308,-0.587308
546,11,-2.04106,-2.04106
546,12,0.33334,0.33334
546,13,-0.266844,-0.266844
546,14,-2.84343,-2.84343
546,15,1.36085,1.36085
546,16,0.780985,0.780985
546,17,-1.08771,-1.08771
546,18,-0.516634,-0.516634
546,19,-0.0525878,-0.0525878
546,20,-0.0856558,-0.0856558
547,1,3.37914,3.37914
547,2,-0.0434943,-0.0434943
547,3,-1.19243,-1.19243
547,4,1.65719,1.65719
547,5,1.40368,1.40368
547,6,1.89865,1.89865
547,7,-1.05048,-1.05048
547,8,2.63372,2.63372
547,9,-2.37136,-2.37136
547,10,-0.710403,-0.710403
547,11,-2.11639,-2.11639
547,12,0.482012,0.482012
547,13,-0.407079,-0.407079
547,14,-3.01209,-3.01209
547,15,1.48006,1.48006
547,16,0.61783,0.61783
547,17,-0.824761,-0.824761
547,18,-0.635436,-0.635436
547,19,-0.0709073,-0.0709073
547,20,0.132437,0.132437
548,1,2.98832,2.98832
548,2,-0.444213,-0.444213
548,3,-1.62136,-1.62136
548,4,2.26042,2.26042
548,5,1.98369,1.98369
548,6,2.37075,2.37075
548,7,-1.52752,-1.52752
548,8,3.09619,3.09619
548,9,-2.8155,-2.8155
548,10,-1.10011,-1.10011
548,11,-2.45463,-2.45463
548,12,0.824358,0.824358
548,13,-0.778685,-0.778685
548,14,-3.32432,-3.32432
548,15,1.93903,1.93903
548,16,0.165109,0.165109
548,17,-0.519615,-0.519615
548,18,-1.13655,-1.13655
548,19,-0.40969,-0.40969
548,20,0.553734,0.553734
549,1,2.77489,2.77489
549,2,-0.70417,-0.70417
549,3,-2.04219,-2.04219
549,4,2.98452,2.98452
549,5,2.68283,2.68283
549,6,2.90995,2.90995
549,7,-2.08936,-2.08936
549,8,3.78426,3.78426
549,9,-3.29333,-3.29333
549,10,-1.34415,-1.34415
549,11,-2.58665,-2.58665
549,12,0.913643,0.913643
549,13,-1.03073,-1.03073
549,14,-3.41524,-3.41524
549,15,2.38711,2.38711
549,16,-0.170453,-0.170453
549,17,-0.742016,-0.742016
549,18,-1.56084,-1.56084
549,19,-0.800224,-0.800224
549,20,0.863352,0.863352
550,1,3.39472,3.39472
550,2,-0.0732601,-0.0732601
550,3,-1.75505,-1.75505
550,4,2.86675,2.86675
550,5,2.63412,2.63412
550,6,2.69939,2.69939
550,7,-1.97101,-1.97101
550,8,3.82643,3.82643
550,9,-3.10849,-3.10849
550,10,-0.705965,-0.705965
550,11,-2.2044,-2.2044
550,12,0.280107,0.280107
550,13,-0.591611,-0.591611
550,14,-2.83918,-2.83918
550,15,2.121,2.121
550,16,0.3445,0.3445
550,17,-1.69663,-1.69663
550,18,-1.29739,-1.29739
550,19,-0.676951,-0.676951
550,20,0.295277,0.295277
551,1,3.87449,3.87449
551,2,0.488862,0.488862
551,3,-1.48118,-1.48118
551,4,2.12145,2.12145
551,5,1.92593,1.92593
551,6,2.08819,2.08819
551,7,-1.46033,-1.46033
551,8,3.29332,3.29332
551,9,-2.87619,-2.87619
551,10,-0.14511,-0.14511
551,11,-2.21612,-2.21612
551,12,0.0753339,0.0753339
551,13,-0.295853,-0.295853
551,14,-2.73388,-2.73388
551,15,1.6773,1.6773
551,16,0.920688,0.920688
551,17,-1.82017,-1.82017
551,18,-0.899668,-0.899668
551,19,-0.527001,-0.527001
551,20,-0.407228,-0.407228
552,1,3.78261,3.78261
552,2,0.299654,0.299654
552,3,-1.3569,-1.3569
552,4,1.58927,1.58927
552,5,1.39712,1.39712
552,6,1.63634,1.63634
552,7,-1.08129,-1.08129
552,8,2.76481,2.76481
552,9,-2.60861,-2.60861
552,10,-0.402215,-0.402215
552,11,-2.17599,-2.17599
552,12,0.243328,0.243328
552,13,-0.227145,-0.227145
552,14,-2.83798,-2.83798
552,15,1.40948,1.40948
552,16,0.897252,0.897252
552,17,-1.44208,-1.44208
552,18,-0.671376,-0.671376
552,19,-0.316549,-0.316549
552,20,-0.444275,-0.444275
553,1,3.57282,3.57282
553,2,0.141256,0.141256
553,3,-1.09097,-1.09097
553,4,1.42681,1.42681
553,5,1.2771,1.2771
553,6,1.61685,1.61685
553,7,-0.974745,-0.974745
553,8,2.56936,2.56936
553,9,-2.27682,-2.27682
553,10,-0.582345,-0.582345
553,11,-2.04632,-2.04632
553,12,0.31182,0.31182
553,13,-0.254643,-0.254643
553,14,-2.83019,-2.83019
553,15,1.34963,1.34963
553,16,0.798091,0.798091
553,17,-1.12979,-1.12979
553,18,-0.514874,-0.514874
553,19,-0.0714479,-0.0714479
553,20,-0.110049,-0.110049
554,1,3.41593,3.41593
554,2,-0.0157241,-0.0157241
554,3,-1.16565,-1.16565
554,4,1.60928,1.60928
554,5,1.36489,1.36489
554,6,1.86772,1.86772
554,7,-1.02213,-1.02213
554,8,2.6174,2.6174
554,9,-2.34211,-2.34211
554,10,-0.68843,-0.68843
554,11,-2.10285,-2.10285
554,12,0.452411,0.452411
554,13,-0.384664,-0.384664
554,14,-2.99673,-2.99673
554,15,1.44381,1.44381
554,16,0.656024,0.656024
554,17,-0.856641,-0.856641
554,18,-0.598092,-0.598092
554,19,-0.0616953,-0.0616953
554,20,0.102469,0.102469
555,1,3.03578,3.03578
555,2,-0.405536,-0.405536
555,3,-1.56933,-1.56933
555,4,2.17995,2.17995
555,5,1.91203,1.91203
555,6,2.31173,2.31173
555,7,-1.46714,-1.46714
555,8,3.03492,3.03492
555,9,-2.75513,-2.75513
555,10,-1.06935,-1.06935
555,11,-2.42844,-2.42844
555,12,0.788231,0.788231
555,13,-0.737775,-0.737775
555,14,-3.29897,-3.29897
555,15,1.87725,1.87725
555,16,0.214876,0.214876
555,17,-0.533313,-0.533313
555,18,-1.08216,-1.08216
555,19,-0.368435,-0.368435
555,20,0.511367,0.511367
556,1,2.73492,2.73492
556,2,-0.746949,-0.746949
556,3,-2.05723,-2.05723
556,4,2.96922,2.96922
556,5,2.66847,2.66847
556,6,2.91658,2.91658
556,7,-2.08766,-2.08766
556,8,3.77088,3.77088
556,9,-3.2985,-3.2985
556,10,-1.39201,-1.39201
556,11,-2.63292,-2.63292
556,12,0.964852,0.964852
556,13,-1.06813,-1.06813
556,14,-3.47346,-3.47346
556,15,2.39635,2.39635
556,16,-0.199136,-0.199136
556,17,-0.648404,-0.648404
556,18,-1.57414,-1.57414
556,19,-0.81043,-0.81043
556,20,0.903539,0.903539
557,1,3.33932,3.33932
557,2,-0.150765,-0.150765
557,3,-1.79499,-1.79499
557,4,2.9369,2.9369
557,5,2.69929,2.69929
557,6,2.76106,2.76106
557,7,-2.02065,-2.02065
557,8,3.87901,3.87901
557,9,-3.13689,-3.13689
557,10,-0.788639,-0.788639
557,11,-2.21709,-2.21709
557,12,0.314064,0.314064
557,13,-0.631081,-0.631081
557,14,-2.87104,-2.87104
557,15,2.16362,2.16362
557,16,0.275463,0.275463
557,17,-1.66172,-1.66172
557,18,-1.34214,-1.34214
557,19,-0.698878,-0.698878
557,20,0.375857,0.375857
558,1,3.88139,3.88139
558,2,0.500334,0.500334
558,3,-1.48583,-1.48583
558,4,2.18008,2.18008
558,5,1.99105,1.99105
558,6,2.14084,2.14084
558,7,-1.50583,-1.50583
558,8,3.35574,3.35574
558,9,-2.89207,-2.89207
558,10,-0.1323,-0.1323
558,11,-2.2161,-2.2161
558,12,0.0518781,0.0518781
558,13,-0.304161,-0.304161
558,14,-2.71909,-2.71909
558,15,1.70502,1.70502
558,16,0.916874,0.916874
558,17,-1.85961,-1.85961
558,18,-0.923709,-0.923709
558,19,-0.543865,-0.543865
558,20,-0.385137,-0.385137
559,1,3.81461,3.81461
559,2,0.324059,0.324059
559,3,-1.38255,-1.38255
559,4,1.60749,1.60749
559,5,1.4088,1.4088
559,6,1.64616,1.64616
559,7,-1.09104,-1.09104
559,8,2.79036,2.79036
559,9,-2.64268,-2.64268
559,10,-0.375173,-0.375173
559,11,-2.19055,-2.19055
559,12,0.228388,0.228388
559,13,-0.223769,-0.223769
559,14,-2.84105,-2.84105
559,15,1.41199,1.41199
559,16,0.915908,0.915908
559,17,-1.4785,-1.4785
559,18,-0.684191,-0.684191
559,19,-0.341377,-0.341377
559,20,-0.481596,-0.481596
560,1,3.5799,3.5799
560,2,0.143145,0.143145
560,3,-1.10065,-1.10065
560,4,1.42091,1.42091
560,5,1.2821,1.2821
560,6,1.60182,1.60182
560,7,-0.983356,-0.983356
560,8,2.57723,2.57723
560,9,-2.28589,-2.28589
560,10,-0.58867,-0.58867
560,11,-2.06048,-2.06048
560,12,0.310648,0.310648
560,13,-0.254901,-0.254901
560,14,-2.83012,-2.83012
560,15,1.35198,1.35198
560,16,0.798551,0.798551
560,17,-1.14075,-1.14075
560,18,-0.525124,-0.525124
560,19,-0.0876405,-0.0876405
560,20,-0.121834,-0.121834
561,1,3.43735,3.43735
561,2,3.47205e-05,3.47205e-05
561,3,-1.14644,-1.14644
561,4,1.58348,1.58348
561,5,1.34172,1.34172
561,6,1.84925,1.84925
561,7,-1.00473,-1.00473
561,8,2.60839,2.60839
561,9,-2.32153,-2.32153
561,10,-0.675275,-0.675275
561,11,-2.08199,-2.08199
561,12,0.429356,0.429356
561,13,-0.367135,-0.367135
561,14,-2.97932,-2.97932
561,15,1.42195,1.42195
561,16,0.67813,0.67813
561,17,-0.886975,-0.886975
561,18,-0.5704,-0.5704
561,19,-0.0508576,-0.0508576
561,20,0.0859102,0.0859102
562,1,3.08511,3.08511
562,2,-0.354887,-0.354887
562,3,-1.51446,-1.51446
562,4,2.10849,2.10849
562,5,1.84797,1.84797
562,6,2.25698,2.25698
562,7,-1.41171,-1.41171
562,8,2.97772,2.97772
562,9,-2.69787,-2.69787
562,10,-1.02194,-1.02194
562,11,-2.39695,-2.39695
562,12,0.747074,0.747074
562,13,-0.694037,-0.694037
562,14,-3.26333,-3.26333
562,15,1.82202,1.82202
562,16,0.268515,0.268515
562,17,-0.558039,-0.558039
562,18,-1.02971,-1.02971
562,19,-0.326493,-0.326493
562,20,0.463091,0.463091
563,1,2.70511,2.70511
563,2,-0.776512,-0.776512
563,3,-2.06974,-2.06974
563,4,2.94568,2.94568
563,5,2.64082,2.64082
563,6,2.90994,2.90994
563,7,-2.07445,-2.07445
563,8,3.74477,3.74477
563,9,-3.30368,-3.30368
563,10,-1.42246,-1.42246
563,11,-2.67067,-2.67067
563,12,1.01021,1.01021
563,13,-1.09473,-1.09473
563,14,-3.52268,-3.52268
563,15,2.39796,2.39796
563,16,-0.216281,-0.216281
563,17,-0.567341,-0.567341
563,18,-1.57939,-1.57939
563,19,-0.814904,-0.814904
563,20,0.921988,0.921988
564,1,3.25511,3.25511
564,2,-0.249693,-0.249693
564,3,-1.85459,-1.85459
564,4,3.01865,3.01865
564,5,2.77788,2.77788
564,6,2.83381,2.83381
564,7,-2.08803,-2.08803
564,8,3.94183,3.94183
564,9,-3.18511,-3.18511
564,10,-0.892416,-0.892416
564,11,-2.25483,-2.25483
564,12,0.378085,0.378085
564,13,-0.69318,-0.69318
564,14,-2.92589,-2.92589
564,15,2.22878,2.22878
564,16,0.183435,0.183435
564,17,-1.59376,-1.59376
564,18,-1.40773,-1.40773
564,19,-0.741267,-0.741267
564,20,0.476287,0.476287
565,1,3.87859,3.87859
565,2,0.494481,0.494481
565,3,-1.49984,-1.49984
565,4,2.26356,2.26356
565,5,2.07725,2.07725
565,6,2.21036,2.21036
565,7,-1.56539,-1.56539
565,8,3.43854,3.43854
565,9,-2.91582,-2.91582
565,10,-0.134355,-0.134355
565,11,-2.20306,-2.20306
565,12,0.0273505,0.0273505
565,13,-0.314594,-0.314594
565,14,-2.69812,-2.69812
565,15,1.74258,1.74258
565,16,0.898597,0.898597
565,17,-1.91747,-1.91747
565,18,-0.953456,-0.953456
565,19,-0.566732,-0.566732
565,20,-0.349117,-0.349117
566,1,3.85521,3.85521
566,2,0.367574,0.367574
566,3,-1.40253,-1.40253
566,4,1.62932,1.62932
566,5,1.43129,1.43129
566,6,1.66282,1.66282
566,7,-1.10998,-1.10998
566,8,2.82852,2.82852
566,9,-2.67764,-2.67764
566,10,-0.327656,-0.327656
566,11,-2.20997,-2.20997
566,12,0.204247,0.204247
566,13,-0.218788,-0.218788
566,14,-2.83611,-2.83611
566,15,1.41839,1.41839
566,16,0.945478,0.945478
566,17,-1.52893,-1.52893
566,18,-0.699025,-0.699025
566,19,-0.374542,-0.374542
566,20,-0.524367,-0.524367
567,1,3.60266,3.60266
567,2,0.151756,0.151756
567,3,-1.11479,-1.11479
567,4,1.40585,1.40585
567,5,1.27218,1.27218
567,6,1.57467,1.57467
567,7,-0.978653,-0.978653
567,8,2.57713,2.57713
567,9,-2.29843,-2.29843
567,10,-0.58629,-0.58629
567,11,-2.06886,-2.06886
567,12,0.302368,0.302368
567,13,-0.245087,-0.245087
567,14,-2.82741,-2.82741
567,15,1.34119,1.34119
567,16,0.811201,0.811201
567,17,-1.16857,-1.16857
567,18,-0.526535,-0.526535
567,19,-0.103088,-0.103088
567,20,-0.15702,-0.15702
568,1,3.45328,3.45328
568,2,0.0163931,0.0163931
568,3,-1.12147,-1.12147
568,4,1.54537,1.54537
568,5,1.3162,1.3162
568,6,1.82151,1.82151
568,7,-0.988694,-0.988694
568,8,2.5939,2.5939
568,9,-2.29413,-2.29413
568,10,-0.666642,-0.666642
568,11,-2.07045,-2.07045
568,12,0.411753,0.411753
568,13,-0.352437,-0.352437
568,14,-2.96382,-2.96382
568,15,1.40084,1.40084
568,16,0.698706,0.698706
568,17,-0.90468,-0.90468
568,18,-0.544555,-0.544555
568,19,-0.0417388,-0.0417388
568,20,0.0749125,0.0749125
569,1,3.13255,3.13255
569,2,-0.313778,-0.313778
569,3,-1.46247,-1.46247
569,4,2.03818,2.03818
569,5,1.77892,1.77892
569,6,2.2063,2.2063
569,7,-1.35177,-1.35177
569,8,2.92127,2.92127
569,9,-2.64087,-2.64087
569,10,-0.98223,-0.98223
569,11,-2.3581,-2.3581
569,12,0.706894,0.706894
569,13,-0.651101,-0.651101
569,14,-3.23127,-3.23127
569,15,1.76344,1.76344
569,16,0.319842,0.319842
569,17,-0.584925,-0.584925
569,18,-0.970873,-0.970873
569,19,-0.282784,-0.282784
569,20,0.418255,0.418255
570,1,2.69642,2.69642
570,2,-0.780644,-0.780644
570,3,-2.05391,-2.05391
570,4,2.899,2.899
570,5,2.59727,2.59727
570,6,2.88311,2.88311
570,7,-2.04402,-2.04402
570,8,3.6985,3.6985
570,9,-3.28086,-3.28086
570,10,-1.43005,-1.43005
570,11,-2.69146,-2.69146
570,12,1.03258,1.03258
570,13,-1.10009,-1.10009
570,14,-3.54776,-3.54776
570,15,2.37943,2.37943
570,16,-0.212122,-0.212122
570,17,-0.50299,-0.50299
570,18,-1.56656,-1.56656
570,19,-0.798506,-0.798506
570,20,0.924462,0.924462
571,1,3.14533,3.14533
571,2,-0.37278,-0.37278
571,3,-1.94091,-1.94091
571,4,3.10992,3.10992
571,5,2.85939,2.85939
571,6,2.92277,2.92277
571,7,-2.16507,-2.16507
571,8,4.01169,4.01169
571,9,-3.25967,-3.25967
571,10,-1.01768,-1.01768
571,11,-2.32622,-2.32622
571,12,0.47775,0.47775
571,13,-0.783928,-0.783928
571,14,-3.02089,-3.02089
571,15,2.31203,2.31203
571,16,0.0720788,0.0720788
571,17,-1.47854,-1.47854
571,18,-1.49141,-1.49141
571,19,-0.803813,-0.803813
571,20,0.593804,0.593804
572,1,3.86512,3.86512
572,2,0.466662,0.466662
572,3,-1.51992,-1.51992
572,4,2.37168,2.37168
572,5,2.18906,2.18906
572,6,2.29158,2.29158
572,7,-1.64031,-1.64031
572,8,3.53699,3.53699
572,9,-2.94021,-2.94021
572,10,-0.162298,-0.162298
572,11,-2.17559,-2.17559
572,12,-0.000434383,-0.000434383
572,13,-0.324221,-0.324221
572,14,-2.66669,-2.66669
572,15,1.78891,1.78891
572,16,0.859004,0.859004
572,17,-1.98911,-1.98911
572,18,-0.994567,-0.994567
572,19,-0.588674,-0.588674
572,20,-0.292432,-0.292432
573,1,3.89464,3.89464
573,2,0.422392,0.422392
573,3,-1.4254,-1.4254
573,4,1.66822,1.66822
573,5,1.47454,1.47454
573,6,1.70195,1.70195
573,7,-1.14814,-1.14814
573,8,2.89208,2.89208
573,9,-2.72451,-2.72451
573,10,-0.265498,-0.265498
573,11,-2.24327,-2.24327
573,12,0.179719,0.179719
573,13,-0.225619,-0.225619
573,14,-2.83581,-2.83581
573,15,1.44074,1.44074
573,16,0.978418,0.978418
573,17,-1.58208,-1.58208
573,18,-0.723101,-0.723101
573,19,-0.422597,-0.422597
573,20,-0.560114,-0.560114
574,1,3.62619,3.62619
574,2,0.147969,0.147969
574,3,-1.15534,-1.15534
574,4,1.40948,1.40948
574,5,1.27453,1.27453
574,6,1.55827,1.55827
574,7,-0.984456,-0.984456
574,8,2.59413,2.59413
574,9,-2.33575,-2.33575
574,10,-0.595755,-0.595755
574,11,-2.08543,-2.08543
574,12,0.299719,0.299719
574,13,-0.240127,-0.240127
574,14,-2.83473,-2.83473
574,15,1.33781,1.33781
574,16,0.8142,0.8142
574,17,-1.2053,-1.2053
574,18,-0.542943,-0.542943
574,19,-0.138149,-0.138149
574,20,-0.197828,-0.197828
575,1,3.48365,3.48365
575,2,0.0500408,0.0500408
575,3,-1.08012,-1.08012
575,4,1.49948,1.49948
575,5,1.29432,1.29432
575,6,1.78219,1.78219
575,7,-0.973537,-0.973537
575,8,2.58197,2.58197
575,9,-2.25272,-2.25272
575,10,-0.644314,-0.644314
575,11,-2.04956,-2.04956
575,12,0.374436,0.374436
575,13,-0.325689,-0.325689
575,14,-2.92695,-2.92695
575,15,1.37284,1.37284
575,16,0.732701,0.732701
575,17,-0.949347,-0.949347
575,18,-0.511312,-0.511312
575,19,-0.0276223,-0.0276223
575,20,0.0552557,0.0552557
576,1,3.21338,3.21338
576,2,-0.239786,-0.239786
576,3,-1.38852,-1.38852
576,4,1.9288,1.9288
576,5,1.66733,1.66733
576,6,2.1264,2.1264
576,7,-1.25731,-1.25731
576,8,2.83502,2.83502
576,9,-2.56261,-2.56261
576,10,-0.908714,-0.908714
576,11,-2.30041,-2.30041
576,12,0.642564,0.642564
576,13,-0.58317,-0.58317
576,14,-3.18352,-3.18352
576,15,1.67222,1.67222
576,16,0.407728,0.407728
576,17,-0.635213,-0.635213
576,18,-0.878222,-0.878222
576,19,-0.219249,-0.219249
576,20,0.335879,0.335879
577,1,2.69616,2.69616
577,2,-0.774515,-0.774515
577,3,-2.01581,-2.01581
577,4,2.80725,2.80725
577,5,2.51412,2.51412
577,6,2.81972,2.81972
577,7,-1.98277,-1.98277
577,8,3.60951,3.60951
577,9,-3.23051,-3.23051
577,10,-1.43173,-1.43173
577,11,-2.71121,-2.71121
577,12,1.05526,1.05526
577,13,-1.09356,-1.09356
577,14,-3.57069,-3.57069
577,15,2.33717,2.33717
577,16,-0.193959,-0.193959
577,17,-0.41659,-0.41659
577,18,-1.53524,-1.53524
577,19,-0.761801,-0.761801
577,20,0.911276,0.911276
578,1,3.00791,3.00791
578,2,-0.526,-0.526
578,3,-2.03305,-2.03305
578,4,3.20056,3.20056
578,5,2.93388,2.93388
578,6,3.01683,3.01683
578,7,-2.23894,-2.23894
578,8,4.07162,4.07162
578,9,-3.33393,-3.33393
578,10,-1.17265,-1.17265
578,11,-2.40443,-2.40443
578,12,0.602815,0.602815
578,13,-0.890511,-0.890511
578,14,-3.13872,-3.13872
578,15,2.4006,2.4006
578,16,-0.0602232,-0.0602232
578,17,-1.32153,-1.32153
578,18,-1.57666,-1.57666
578,19,-0.861317,-0.861317
578,20,0.738229,0.738229
579,1,3.81745,3.81745
579,2,0.405834,0.405834
579,3,-1.55798,-1.55798
579,4,2.51925,2.51925
579,5,2.34063,2.34063
579,6,2.41052,2.41052
579,7,-1.74725,-1.74725
579,8,3.66453,3.66453
579,9,-2.98072,-2.98072
579,10,-0.223981,-0.223981
579,11,-2.1612,-2.1612
579,12,-0.0062823,-0.0062823
579,13,-0.358629,-0.358629
579,14,-2.65179,-2.65179
579,15,1.86582,1.86582
579,16,0.782948,0.782948
579,17,-2.03383,-2.03383
579,18,-1.0644,-1.0644
579,19,-0.62507,-0.62507
579,20,-0.190386,-0.190386
580,1,3.92784,3.92784
580,2,0.467774,0.467774
580,3,-1.46897,-1.46897
580,4,1.75432,1.75432
580,5,1.55966,1.55966
580,6,1.77812,1.77812
580,7,-1.21613,-1.21613
580,8,2.99636,2.99636
580,9,-2.79756,-2.79756
580,10,-0.207446,-0.207446
580,11,-2.27981,-2.27981
580,12,0.154638,0.154638
580,13,-0.244346,-0.244346
580,14,-2.83768,-2.83768
580,15,1.48667,1.48667
580,16,0.997503,0.997503
580,17,-1.65279,-1.65279
580,18,-0.769164,-0.769164
580,19,-0.488632,-0.488632
580,20,-0.582119,-0.582119
581,1,3.67676,3.67676
581,2,0.174012,0.174012
581,3,-1.19283,-1.19283
581,4,1.4167,1.4167
581,5,1.28353,1.28353
581,6,1.53634,1.53634
581,7,-0.992762,-0.992762
581,8,2.61934,2.61934
581,9,-2.37657,-2.37657
581,10,-0.575586,-0.575586
581,11,-2.09452,-2.09452
581,12,0.272219,0.272219
581,13,-0.218982,-0.218982
581,14,-2.8206,-2.8206
581,15,1.32931,1.32931
581,16,0.837445,0.837445
581,17,-1.28338,-1.28338
581,18,-0.558264,-0.558264
581,19,-0.175171,-0.175171
581,20,-0.26595,-0.26595
582,1,3.51681,3.51681
582,2,0.0882949,0.0882949
582,3,-1.04991,-1.04991
582,4,1.44432,1.44432
582,5,1.26413,1.26413
582,6,1.73444,1.73444
582,7,-0.957865,-0.957865
582,8,2.56993,2.56993
582,9,-2.22469,-2.22469
582,10,-0.617687,-0.617687
582,11,-2.0454,-2.0454
582,12,0.345494,0.345494
582,13,-0.304676,-0.304676
582,14,-2.90168,-2.90168
582,15,1.34696,1.34696
582,16,0.77178,0.77178
582,17,-0.989208,-0.989208
582,18,-0.481466,-0.481466
582,19,-0.0277996,-0.0277996
582,20,0.0213738,0.0213738
583,1,3.26986,3.26986
583,2,-0.197653,-0.197653
583,3,-1.33545,-1.33545
583,4,1.83559,1.83559
583,5,1.57449,1.57449
583,6,2.06122,2.06122
583,7,-1.1833,-1.1833
583,8,2.76946,2.76946
583,9,-2.50055,-2.50055
583,10,-0.870459,-0.870459
583,11,-2.25737,-2.25737
583,12,0.599213,0.599213
583,13,-0.533653,-0.533653
583,14,-3.15349,-3.15349
583,15,1.59894,1.59894
583,16,0.468681,0.468681
583,17,-0.670037,-0.670037
583,18,-0.803615,-0.803615
583,19,-0.178295,-0.178295
583,20,0.278473,0.278473
584,1,2.74399,2.74399
584,2,-0.724263,-0.724263
584,3,-1.92912,-1.92912
584,4,2.68555,2.68555
584,5,2.40595,2.40595
584,6,2.72791,2.72791
584,7,-1.89038,-1.89038
584,8,3.49996,3.49996
584,9,-3.13277,-3.13277
584,10,-1.38901,-1.38901
584,11,-2.67765,-2.67765
584,12,1.02015,1.02015
584,13,-1.04115,-1.04115
584,14,-3.53806,-3.53806
584,15,2.25351,2.25351
584,16,-0.130983,-0.130983
584,17,-0.399783,-0.399783
584,18,-1.45842,-1.45842
584,19,-0.686922,-0.686922
584,20,0.863381,0.863381
585,1,2.87813,2.87813
585,2,-0.65727,-0.65727
585,3,-2.12014,-2.12014
585,4,3.25026,3.25026
585,5,2.97005,2.97005
585,6,3.09129,3.09129
585,7,-2.29084,-2.29084
585,8,4.10182,4.10182
585,9,-3.40589,-3.40589
585,10,-1.30553,-1.30553
585,11,-2.51527,-2.51527
585,12,0.743285,0.743285
585,13,-1.0029,-1.0029
585,14,-3.28195,-3.28195
585,15,2.47694,2.47694
585,16,-0.171319,-0.171319
585,17,-1.12142,-1.12142
585,18,-1.65384,-1.65384
585,19,-0.92182,-0.92182
585,20,0.862046,0.862046
586,1,3.76499,3.76499
586,2,0.317017,0.317017
586,3,-1.59338,-1.59338
586,4,2.65318,2.65318
586,5,2.47029,2.47029
586,6,2.50565,2.50565
586,7,-1.83016,-1.83016
586,8,3.76216,3.76216
586,9,-3.00435,-3.00435
586,10,-0.317569,-0.317569
586,11,-2.12178,-2.12178
586,12,-0.010418,-0.010418
586,13,-0.380796,-0.380796
586,14,-2.6321,-2.6321
586,15,1.92345,1.92345
586,16,0.694613,0.694613
586,17,-2.07406,-2.07406
586,18,-1.12183,-1.12183
586,19,-0.635872,-0.635872
586,20,-0.0861522,-0.0861522
587,1,3.98013,3.98013
587,2,0.556032,0.556032
587,3,-1.4554,-1.4554
587,4,1.80053,1.80053
587,5,1.6161,1.6161
587,6,1.8275,1.8275
587,7,-1.25693,-1.25693
587,8,3.06336,3.06336
587,9,-2.81789,-2.81789
587,10,-0.108962,-0.108962
587,11,-2.28925,-2.28925
587,12,0.0999817,0.0999817
587,13,-0.238257,-0.238257
587,14,-2.80543,-2.80543
587,15,1.50769,1.50769
587,16,1.04931,1.04931
587,17,-1.72951,-1.72951
587,18,-0.780152,-0.780152
587,19,-0.510177,-0.510177
587,20,-0.611394,-0.611394
588,1,3.71842,3.71842
588,2,0.188767,0.188767
588,3,-1.24494,-1.24494
588,4,1.41211,1.41211
588,5,1.26041,1.26041
588,6,1.51074,1.51074
588,7,-0.977961,-0.977961
588,8,2.61567,2.61567
588,9,-2.42923,-2.42923
588,10,-0.559405,-0.559405
588,11,-2.11546,-2.11546
588,12,0.270828,0.270828
588,13,-0.207377,-0.207377
588,14,-2.83707,-2.83707
588,15,1.31636,1.31636
588,16,0.856847,0.856847
588,17,-1.31598,-1.31598
588,18,-0.571236,-0.571236
588,19,-0.206504,-0.206504
588,20,-0.342924,-0.342924
589,1,3.53363,3.53363
589,2,0.112436,0.112436
589,3,-1.0061,-1.0061
589,4,1.39225,1.39225
589,5,1.24069,1.24069
589,6,1.67489,1.67489
589,7,-0.941147,-0.941147
589,8,2.54007,2.54007
589,9,-2.1781,-2.1781
589,10,-0.608708,-0.608708
589,11,-2.02543,-2.02543
589,12,0.319117,0.319117
589,13,-0.277768,-0.277768
589,14,-2.86107,-2.86107
589,15,1.32329,1.32329
589,16,0.792943,0.792943
589,17,-1.01689,-1.01689
589,18,-0.456101,-0.456101
589,19,-0.00452676,-0.00452676
589,20,0.00499769,0.00499769
590,1,3.34082,3.34082
590,2,-0.125236,-0.125236
590,3,-1.25748,-1.25748
590,4,1.72914,1.72914
590,5,1.45794,1.45794
590,6,1.9863,1.9863
590,7,-1.08652,-1.08652
590,8,2.6803,2.6803
590,9,-2.42068,-2.42068
590,10,-0.793632,-0.793632
590,11,-2.18683,-2.18683
590,12,0.53724,0.53724
590,13,-0.467122,-0.467122
590,14,-3.10348,-3.10348
590,15,1.51163,1.51163
590,16,0.554575,0.554575
590,17,-0.719857,-0.719857
590,18,-0.701735,-0.701735
590,19,-0.106215,-0.106215
590,20,0.203684,0.203684
591,1,2.82317,2.82317
591,2,-0.632476,-0.632476
591,3,-1.80609,-1.80609
591,4,2.51201,2.51201
591,5,2.24121,2.24121
591,6,2.58271,2.58271
591,7,-1.74705,-1.74705
591,8,3.32394,3.32394
591,9,-2.99877,-2.99877
591,10,-1.30241,-1.30241
591,11,-2.6148,-2.6148
591,12,0.963459,0.963459
591,13,-0.951171,-0.951171
591,14,-3.47492,-3.47492
591,15,2.13245,2.13245
591,16,-0.0324631,-0.0324631
591,17,-0.389922,-0.389922
591,18,-1.34848,-1.34848
591,19,-0.568127,-0.568127
591,20,0.765582,0.765582
592,1,2.72875,2.72875
592,2,-0.793261,-0.793261
592,3,-2.19511,-2.19511
592,4,3.26776,3.26776
592,5,2.96531,2.96531
592,6,3.13513,3.13513
592,7,-2.31291,-2.31291
592,8,4.08086,4.08086
592,9,-3.46437,-3.46437
592,10,-1.43791,-1.43791
592,11,-2.627,-2.627
592,12,0.909087,0.909087
592,13,-1.11747,-1.11747
592,14,-3.43705,-3.43705
592,15,2.54584,2.54584
592,16,-0.284196,-0.284196
592,17,-0.870923,-0.870923
592,18,-1.71727,-1.71727
592,19,-0.956381,-0.956381
592,20,0.982269,0.982269
593,1,3.63572,3.63572
593,2,0.159243,0.159243
593,3,-1.66998,-1.66998
593,4,2.83584,2.83584
593,5,2.63899,2.63899
593,6,2.6452,2.6452
593,7,-1.95192,-1.95192
593,8,3.88201,3.88201
593,9,-3.06405,-3.06405
593,10,-0.477052,-0.477052
593,11,-2.11066,-2.11066
593,12,0.0497291,0.0497291
593,13,-0.451161,-0.451161
593,14,-2.65751,-2.65751
593,15,2.03334,2.03334
593,16,0.536658,0.536658
593,17,-2.03853,-2.03853
593,18,-1.22353,-1.22353
593,19,-0.670574,-0.670574
593,20,0.088,0.088
594,1,3.99716,3.99716
594,2,0.609975,0.609975
594,3,-1.46856,-1.46856
594,4,1.92914,1.92914
594,5,1.7492,1.7492
594,6,1.93976,1.93976
594,7,-1.35262,-1.35262
594,8,3.19351,3.19351
594,9,-2.87053,-2.87053
594,10,-0.035383,-0.035383
594,11,-2.29201,-2.29201
594,12,0.0549264,0.0549264
594,13,-0.254855,-0.254855
594,14,-2.76912,-2.76912
594,15,1.57682,1.57682
594,16,1.05856,1.05856
594,17,-1.82375,-1.82375
594,18,-0.829,-0.829
594,19,-0.554845,-0.554845
594,20,-0.593949,-0.593949
595,1,3.77605,3.77605
595,2,0.232246,0.232246
595,3,-1.31365,-1.31365
595,4,1.44822,1.44822
595,5,1.27688,1.27688
595,6,1.51387,1.51387
595,7,-0.993275,-0.993275
595,8,2.65481,2.65481
595,9,-2.51406,-2.51406
595,10,-0.505888,-0.505888
595,11,-2.14181,-2.14181
595,12,0.253155,0.253155
595,13,-0.194695,-0.194695
595,14,-2.84,-2.84
595,15,1.32371,1.32371
595,16,0.887681,0.887681
595,17,-1.39592,-1.39592
595,18,-0.602732,-0.602732
595,19,-0.264222,-0.264222
595,20,-0.437995,-0.437995
596,1,3.54438,3.54438
596,2,0.127793,0.127793
596,3,-1.00562,-1.00562
596,4,1.36521,1.36521
596,5,1.24231,1.24231
596,6,1.62731,1.62731
596,7,-0.951649,-0.951649
596,8,2.54293,2.54293
596,9,-2.17941,-2.17941
596,10,-0.606954,-0.606954
596,11,-2.03735,-2.03735
596,12,0.311607,0.311607
596,13,-0.268536,-0.268536
596,14,-2.84016,-2.84016
596,15,1.32399,1.32399
596,16,0.802408,0.802408
596,17,-1.05218,-1.05218
596,18,-0.461677,-0.461677
596,19,-0.0259839,-0.0259839
596,20,-0.0230223,-0.0230223
597,1,3.40687,3.40687
597,2,-0.0641344,-0.0641344
597,3,-1.1919,-1.1919
597,4,1.63831,1.63831
597,5,1.36646,1.36646
597,6,1.91844,1.91844
597,7,-1.01313,-1.01313
597,8,2.6224,2.6224
597,9,-2.35289,-2.35289
597,10,-0.732161,-0.732161
597,11,-2.11608,-2.11608
597,12,0.472532,0.472532
597,13,-0.404016,-0.404016
597,14,-3.04634,-3.04634
597,15,1.43633,1.43633
597,16,0.630435,0.630435
597,17,-0.800079,-0.800079
597,18,-0.60962,-0.60962
597,19,-0.0581798,-0.0581798
597,20,0.136297,0.136297
598,1,2.91416,2.91416
598,2,-0.529037,-0.529037
598,3,-1.68205,-1.68205
598,4,2.33621,2.33621
598,5,2.08258,2.08258
598,6,2.44674,2.44674
598,7,-1.61286,-1.61286
598,8,3.17085,3.17085
598,9,-2.86726,-2.86726
598,10,-1.20427,-1.20427
598,11,-2.55705,-2.55705
598,12,0.896153,0.896153
598,13,-0.861403,-0.861403
598,14,-3.40904,-3.40904
598,15,2.01032,2.01032
598,16,0.0787998,0.0787998
598,17,-0.404487,-0.404487
598,18,-1.23341,-1.23341
598,19,-0.46965,-0.46965
598,20,0.662583,0.662583
599,1,2.62018,2.62018
599,2,-0.902214,-0.902214
599,3,-2.24793,-2.24793
599,4,3.24864,3.24864
599,5,2.9289,2.9289
599,6,3.14801,3.14801
599,7,-2.30502,-2.30502
599,8,4.03942,4.03942
599,9,-3.49712,-3.49712
599,10,-1.5459,-1.5459
599,11,-2.71901,-2.71901
599,12,1.04254,1.04254
599,13,-1.20152,-1.20152
599,14,-3.56911,-3.56911
599,15,2.57635,2.57635
599,16,-0.361699,-0.361699
599,17,-0.659628,-0.659628
599,18,-1.75046,-1.75046
599,19,-0.977464,-0.977464
599,20,1.06413,1.06413
600,1,3.48999,3.48999
600,2,-0.0125302,-0.0125302
600,3,-1.75504,-1.75504
600,4,3.00158,3.00158
600,5,2.80031,2.80031
600,6,2.78363,2.78363
600,7,-2.07669,-2.07669
600,8,3.99959,3.99959
600,9,-3.12852,-3.12852
600,10,-0.656924,-0.656924
600,11,-2.13716,-2.13716
600,12,0.13673,0.13673
600,13,-0.543284,-0.543284
600,14,-2.71686,-2.71686
600,15,2.14758,2.14758
600,16,0.370499,0.370499
600,17,-1.95523,-1.95523
600,18,-1.3339,-1.3339
600,19,-0.721369,-0.721369
600,20,0.279049,0.279049
601,1,4.03386,4.03386
601,2,0.660858,0.660858
601,3,-1.46188,-1.46188
601,4,2.04492,2.04492
601,5,1.86591,1.86591
601,6,2.03692,2.03692
601,7,-1.42517,-1.42517
601,8,3.30778,3.30778
601,9,-2.89321,-2.89321
601,10,0.0304235,0.0304235
601,11,-2.25321,-2.25321
601,12,-0.0188707,-0.0188707
601,13,-0.24576,-0.24576
601,14,-2.70711,-2.70711
601,15,1.61687,1.61687
601,16,1.0768,1.0768
601,17,-1.95179,-1.95179
601,18,-0.851602,-0.851602
601,19,-0.569135,-0.569135
601,20,-0.581181,-0.581181
602,1,3.8232,3.8232
602,2,0.284617,0.284617
602,3,-1.37644,-1.37644
602,4,1.47718,1.47718
602,5,1.2983,1.2983
602,6,1.52873,1.52873
602,7,-1.01939,-1.01939
602,8,2.69816,2.69816
602,9,-2.59835,-2.59835
602,10,-0.446623,-0.446623
602,11,-2.20437,-2.20437
602,12,0.251604,0.251604
602,13,-0.202812,-0.202812
602,14,-2.86567,-2.86567
602,15,1.34373,1.34373
602,16,0.91882,0.91882
602,17,-1.43117,-1.43117
602,18,-0.645943,-0.645943
602,19,-0.332684,-0.332684
602,20,-0.515377,-0.515377
603,1,3.57944,3.57944
603,2,0.138449,0.138449
603,3,-1.00331,-1.00331
603,4,1.33374,1.33374
603,5,1.22111,1.22111
603,6,1.56326,1.56326
603,7,-0.932891,-0.932891
603,8,2.52536,2.52536
603,9,-2.17033,-2.17033
603,10,-0.608122,-0.608122
603,11,-2.00965,-2.00965
603,12,0.280801,0.280801
603,13,-0.232812,-0.232812
603,14,-2.80157,-2.80157
603,15,1.2957,1.2957
603,16,0.821163,0.821163
603,17,-1.12271,-1.12271
603,18,-0.44532,-0.44532
603,19,-0.0198939,-0.0198939
603,20,-0.0750463,-0.0750463
604,1,3.45573,3.45573
604,2,0.00887974,0.00887974
604,3,-1.11425,-1.11425
604,4,1.53805,1.53805
604,5,1.28563,1.28563
604,6,1.85215,1.85215
604,7,-0.956065,-0.956065
604,8,2.56396,2.56396
604,9,-2.2792,-2.2792
604,10,-0.6656,-0.6656
604,11,-2.08086,-2.08086
604,12,0.424607,0.424607
604,13,-0.359717,-0.359717
604,14,-3.00208,-3.00208
604,15,1.37931,1.37931
604,16,0.702068,0.702068
604,17,-0.834121,-0.834121
604,18,-0.534148,-0.534148
604,19,-0.016888,-0.016888
604,20,0.0904412,0.0904412
605,1,3.04711,3.04711
605,2,-0.410965,-0.410965
605,3,-1.53955,-1.53955
605,4,2.13782,2.13782
605,5,1.87473,1.87473
605,6,2.27829,2.27829
605,7,-1.42593,-1.42593
605,8,2.97755,2.97755
605,9,-2.71067,-2.71067
605,10,-1.08426,-1.08426
605,11,-2.43362,-2.43362
605,12,0.788048,0.788048
605,13,-0.726813,-0.726813
605,14,-3.30777,-3.30777
605,15,1.84079,1.84079
605,16,0.221074,0.221074
605,17,-0.47735,-0.47735
605,18,-1.0702,-1.0702
605,19,-0.323892,-0.323892
605,20,0.512339,0.512339
606,1,2.54647,2.54647
606,2,-0.936459,-0.936459
606,3,-2.22386,-2.22386
606,4,3.14251,3.14251
606,5,2.82961,2.82961
606,6,3.09046,3.09046
606,7,-2.24673,-2.24673
606,8,3.91882,3.91882
606,9,-3.45913,-3.45913
606,10,-1.58649,-1.58649
606,11,-2.80042,-2.80042
606,12,1.1469,1.1469
606,13,-1.24795,-1.24795
606,14,-3.6622,-3.6622
606,15,2.56526,2.56526
606,16,-0.384369,-0.384369
606,17,-0.432606,-0.432606
606,18,-1.74245,-1.74245
606,19,-0.945412,-0.945412
606,20,1.10565,1.10565
607,1,3.29432,3.29432
607,2,-0.248128,-0.248128
607,3,-1.8852,-1.8852
607,4,3.1677,3.1677
607,5,2.92575,2.92575
607,6,2.92805,2.92805
607,7,-2.18105,-2.18105
607,8,4.08785,4.08785
607,9,-3.22738,-3.22738
607,10,-0.88941,-0.88941
607,11,-2.18673,-2.18673
607,12,0.291285,0.291285
607,13,-0.671451,-0.671451
607,14,-2.84408,-2.84408
607,15,2.27244,2.27244
607,16,0.165323,0.165323
607,17,-1.78318,-1.78318
607,18,-1.45081,-1.45081
607,19,-0.775162,-0.775162
607,20,0.489838,0.489838
608,1,3.99894,3.99894
608,2,0.651318,0.651318
608,3,-1.46731,-1.46731
608,4,2.22317,2.22317
608,5,2.06122,2.06122
608,6,2.18036,2.18036
608,7,-1.55923,-1.55923
608,8,3.46151,3.46151
608,9,-2.92221,-2.92221
608,10,0.0274025,0.0274025
608,11,-2.22566,-2.22566
608,12,-0.0571895,-0.0571895
608,13,-0.270911,-0.270911
608,14,-2.64993,-2.64993
608,15,1.71353,1.71353
608,16,1.02018,1.02018
608,17,-2.03405,-2.03405
608,18,-0.928165,-0.928165
608,19,-0.596466,-0.596466
608,20,-0.477346,-0.477346
609,1,3.90112,3.90112
609,2,0.369568,0.369568
609,3,-1.4322,-1.4322
609,4,1.54541,1.54541
609,5,1.33639,1.33639
609,6,1.57481,1.57481
609,7,-1.04629,-1.04629
609,8,2.76911,2.76911
609,9,-2.69054,-2.69054
609,10,-0.33476,-0.33476
609,11,-2.22176,-2.22176
609,12,0.207944,0.207944
609,13,-0.191728,-0.191728
609,14,-2.85752,-2.85752
609,15,1.36109,1.36109
609,16,0.978622,0.978622
609,17,-1.54261,-1.54261
609,18,-0.668662,-0.668662
609,19,-0.386722,-0.386722
609,20,-0.616089,-0.616089
610,1,3.61661,3.61661
610,2,0.172997,0.172997
610,3,-1.02205,-1.02205
610,4,1.30136,1.30136
610,5,1.20943,1.20943
610,6,1.4937,1.4937
610,7,-0.930395,-0.930395
610,8,2.50951,2.50951
610,9,-2.19093,-2.19093
610,10,-0.588095,-0.588095
610,11,-2.02928,-2.02928
610,12,0.268377,0.268377
610,13,-0.206958,-0.206958
610,14,-2.77847,-2.77847
610,15,1.28595,1.28595
610,16,0.842156,0.842156
610,17,-1.1694,-1.1694
610,18,-0.462667,-0.462667
610,19,-0.0456168,-0.0456168
610,20,-0.150151,-0.150151
611,1,3.508,3.508
611,2,0.0638907,0.0638907
611,3,-1.04638,-1.04638
611,4,1.44041,1.44041
611,5,1.19281,1.19281
611,6,1.76661,1.76661
611,7,-0.884435,-0.884435
611,8,2.49833,2.49833
611,9,-2.21054,-2.21054
611,10,-0.611968,-0.611968
611,11,-2.01376,-2.01376
611,12,0.370213,0.370213
611,13,-0.30275,-0.30275
611,14,-2.94468,-2.94468
611,15,1.31141,1.31141
611,16,0.771769,0.771769
611,17,-0.904913,-0.904913
611,18,-0.443605,-0.443605
611,19,0.0354973,0.0354973
611,20,0.0269273,0.0269273
612,1,3.17256,3.17256
612,2,-0.268925,-0.268925
612,3,-1.37375,-1.37375
612,4,1.91915,1.91915
612,5,1.66806,1.66806
612,6,2.10585,2.10585
612,7,-1.24933,-1.24933
612,8,2.78205,2.78205
612,9,-2.53667,-2.53667
612,10,-0.946896,-0.946896
612,11,-2.32384,-2.32384
612,12,0.681071,0.681071
612,13,-0.594881,-0.594881
612,14,-3.19915,-3.19915
612,15,1.67919,1.67919
612,16,0.369918,0.369918
612,17,-0.534772,-0.534772
612,18,-0.906885,-0.906885
612,19,-0.183749,-0.183749
612,20,0.374349,0.374349
613,1,2.56507,2.56507
613,2,-0.902148,-0.902148
613,3,-2.1278,-2.1278
613,4,2.9515,2.9515
613,5,2.62428,2.62428
613,6,2.94719,2.94719
613,7,-2.08214,-2.08214
613,8,3.70591,3.70591
613,9,-3.34433,-3.34433
613,10,-1.54726,-1.54726
613,11,-2.77947,-2.77947
613,12,1.16759,1.16759
613,13,-1.20436,-1.20436
613,14,-3.67692,-3.67692
613,15,2.45449,2.45449
613,16,-0.318898,-0.318898
613,17,-0.30338,-0.30338
613,18,-1.6338,-1.6338
613,19,-0.82565,-0.82565
613,20,1.04342,1.04342
614,1,3.00139,3.00139
614,2,-0.533439,-0.533439
614,3,-2.05649,-2.05649
614,4,3.32274,3.32274
614,5,3.06098,3.06098
614,6,3.09348,3.09348
614,7,-2.32476,-2.32476
614,8,4.17049,4.17049
614,9,-3.36797,-3.36797
614,10,-1.18014,-1.18014
614,11,-2.36797,-2.36797
614,12,0.566124,0.566124
614,13,-0.888129,-0.888129
614,14,-3.08233,-3.08233
614,15,2.46036,2.46036
614,16,-0.101628,-0.101628
614,17,-1.4159,-1.4159
614,18,-1.63502,-1.63502
614,19,-0.886634,-0.886634
614,20,0.775035,0.775035
615,1,3.93375,3.93375
615,2,0.546465,0.546465
615,3,-1.50778,-1.50778
615,4,2.48211,2.48211
615,5,2.29814,2.29814
615,6,2.36388,2.36388
615,7,-1.70352,-1.70352
615,8,3.64779,3.64779
615,9,-2.96372,-2.96372
615,10,-0.0631325,-0.0631325
615,11,-2.11427,-2.11427
615,12,-0.10313,-0.10313
615,13,-0.288381,-0.288381
615,14,-2.57193,-2.57193
615,15,1.81582,1.81582
615,16,0.901962,0.901962
615,17,-2.17547,-2.17547
615,18,-1.00498,-1.00498
615,19,-0.599762,-0.599762
615,20,-0.326357,-0.326357
616,1,3.98619,3.98619
616,2,0.535084,0.535084
616,3,-1.44044,-1.44044
616,4,1.62448,1.62448
616,5,1.43052,1.43052
616,6,1.65299,1.65299
616,7,-1.12375,-1.12375
616,8,2.87869,2.87869
616,9,-2.76466,-2.76466
616,10,-0.146627,-0.146627
616,11,-2.27749,-2.27749
616,12,0.142123,0.142123
616,13,-0.190758,-0.190758
616,14,-2.82299,-2.82299
616,15,1.41395,1.41395
616,16,1.06654,1.06654
616,17,-1.65095,-1.65095
616,18,-0.714683,-0.714683
616,19,-0.456747,-0.456747
616,20,-0.696561,-0.696561
617,1,3.65658,3.65658
617,2,0.156152,0.156152
617,3,-1.13746,-1.13746
617,4,1.319,1.319
617,5,1.19041,1.19041
617,6,1.45208,1.45208
617,7,-0.921442,-0.921442
617,8,2.51832,2.51832
617,9,-2.30295,-2.30295
617,10,-0.59861,-0.59861
617,11,-2.0594,-2.0594
617,12,0.288244,0.288244
617,13,-0.199382,-0.199382
617,14,-2.81063,-2.81063
617,15,1.28316,1.28316
617,16,0.843324,0.843324
617,17,-1.23093,-1.23093
617,18,-0.499178,-0.499178
617,19,-0.11271,-0.11271
617,20,-0.266028,-0.266028
618,1,3.52514,3.52514
618,2,0.114638,0.114638
618,3,-0.965568,-0.965568
618,4,1.36521,1.36521
618,5,1.17857,1.17857
618,6,1.68613,1.68613
618,7,-0.881954,-0.881954
618,8,2.47478,2.47478
618,9,-2.13196,-2.13196
618,10,-0.587376,-0.587376
618,11,-1.98064,-1.98064
618,12,0.322521,0.322521
618,13,-0.262559,-0.262559
618,14,-2.86481,-2.86481
618,15,1.28937,1.28937
618,16,0.804791,0.804791
618,17,-0.966186,-0.966186
618,18,-0.40573,-0.40573
618,19,0.0586546,0.0586546
618,20,0.0189933,0.0189933
619,1,3.29958,3.29958
619,2,-0.151418,-0.151418
619,3,-1.26203,-1.26203
619,4,1.7522,1.7522
619,5,1.47572,1.47572
619,6,1.99262,1.99262
619,7,-1.08872,-1.08872
619,8,2.64913,2.64913
619,9,-2.42328,-2.42328
619,10,-0.81319,-0.81319
619,11,-2.20887,-2.20887
619,12,0.578923,0.578923
619,13,-0.486063,-0.486063
619,14,-3.12273,-3.12273
619,15,1.53332,1.53332
619,16,0.517823,0.517823
619,17,-0.636164,-0.636164
619,18,-0.738058,-0.738058
619,19,-0.0835203,-0.0835203
619,20,0.232475,0.232475
620,1,2.65555,2.65555
620,2,-0.788946,-0.788946
620,3,-1.96394,-1.96394
620,4,2.70184,2.70184
620,5,2.40264,2.40264
620,6,2.74109,2.74109
620,7,-1.89489,-1.89489
620,8,3.46137,3.46137
620,9,-3.16163,-3.16163
620,10,-1.44828,-1.44828
620,11,-2.7265,-2.7265
620,12,1.11373,1.11373
620,13,-1.09458,-1.09458
620,14,-3.60941,-3.60941
620,15,2.2953,2.2953
620,16,-0.197195,-0.197195
620,17,-0.251213,-0.251213
620,18,-1.49971,-1.49971
620,19,-0.679797,-0.679797
620,20,0.924036,0.924036
621,1,2.74317,2.74317
621,2,-0.790159,-0.790159
621,3,-2.21487,-2.21487
621,4,3.40807,3.40807
621,5,3.10712,3.10712
621,6,3.21315,3.21315
621,7,-2.40255,-2.40255
621,8,4.20062,4.20062
621,9,-3.49797,-3.49797
621,10,-1.43045,-1.43045
621,11,-2.55081,-2.55081
621,12,0.838574,0.838574
621,13,-1.09404,-1.09404
621,14,-3.34366,-3.34366
621,15,2.59928,2.59928
621,16,-0.312975,-0.312975
621,17,-1.04037,-1.04037
621,18,-1.76169,-1.76169
621,19,-0.976963,-0.976963
621,20,1.00214,1.00214
622,1,3.80137,3.80137
622,2,0.371097,0.371097
622,3,-1.57692,-1.57692
622,4,2.74034,2.74034
622,5,2.55285,2.55285
622,6,2.55532,2.55532
622,7,-1.87555,-1.87555
622,8,3.83093,3.83093
622,9,-3.01319,-3.01319
622,10,-0.246793,-0.246793
622,11,-2.05386,-2.05386
622,12,-0.0842787,-0.0842787
622,13,-0.34611,-0.34611
622,14,-2.54444,-2.54444
622,15,1.94823,1.94823
622,16,0.714353,0.714353
622,17,-2.21378,-2.21378
622,18,-1.12875,-1.12875
622,19,-0.629667,-0.629667
622,20,-0.103508,-0.103508
623,1,4.03117,4.03117
623,2,0.639001,0.639001
623,3,-1.47075,-1.47075
623,4,1.7818,1.7818
623,5,1.59182,1.59182
623,6,1.80407,1.80407
623,7,-1.24663,-1.24663
623,8,3.05784,3.05784
623,9,-2.85943,-2.85943
623,10,-0.0106046,-0.0106046
623,11,-2.32083,-2.32083
623,12,0.0875361,0.0875361
623,13,-0.22424,-0.22424
623,14,-2.80201,-2.80201
623,15,1.5046,1.5046
623,16,1.10879,1.10879
623,17,-1.76659,-1.76659
623,18,-0.780541,-0.780541
623,19,-0.541002,-0.541002
623,20,-0.707368,-0.707368
624,1,3.73124,3.73124
624,2,0.185829,0.185829
624,3,-1.24609,-1.24609
624,4,1.36179,1.36179
624,5,1.20738,1.20738
624,6,1.43687,1.43687
624,7,-0.937347,-0.937347
624,8,2.56231,2.56231
624,9,-2.41945,-2.41945
624,10,-0.566165,-0.566165
624,11,-2.09094,-2.09094
624,12,0.269843,0.269843
624,13,-0.176426,-0.176426
624,14,-2.81715,-2.81715
624,15,1.28429,1.28429
624,16,0.866849,0.866849
624,17,-1.34078,-1.34078
624,18,-0.547964,-0.547964
624,19,-0.192552,-0.192552
624,20,-0.394349,-0.394349
625,1,3.55223,3.55223
625,2,0.160203,0.160203
625,3,-0.925413,-0.925413
625,4,1.30576,1.30576
625,5,1.17217,1.17217
625,6,1.61186,1.61186
625,7,-0.888314,-0.888314
625,8,2.4729,2.4729
625,9,-2.09784,-2.09784
625,10,-0.563485,-0.563485
625,11,-1.98026,-1.98026
625,12,0.288146,0.288146
625,13,-0.239154,-0.239154
625,14,-2.81342,-2.81342
625,15,1.2774,1.2774
625,16,0.839746,0.839746
625,17,-1.02967,-1.02967
625,18,-0.388245,-0.388245
625,19,0.049862,0.049862
625,20,-0.0146525,-0.0146525
626,1,3.41851,3.41851
626,2,-0.0471504,-0.0471504
626,3,-1.16019,-1.16019
626,4,1.59397,1.59397
626,5,1.30574,1.30574
626,6,1.87866,1.87866
626,7,-0.950979,-0.950979
626,8,2.53622,2.53622
626,9,-2.31546,-2.31546
626,10,-0.706229,-0.706229
626,11,-2.10013,-2.10013
626,12,0.47672,0.47672
626,13,-0.379959,-0.379959
626,14,-3.04295,-3.04295
626,15,1.39831,1.39831
626,16,0.648993,0.648993
626,17,-0.749077,-0.749077
626,18,-0.58528,-0.58528
626,19,0.000180121,0.000180121
626,20,0.106841,0.106841
627,1,2.82698,2.82698
627,2,-0.598711,-0.598711
627,3,-1.72618,-1.72618
627,4,2.38359,2.38359
627,5,2.11515,2.11515
627,6,2.47779,2.47779
627,7,-1.64313,-1.64313
627,8,3.16891,3.16891
627,9,-2.90845,-2.90845
627,10,-1.2703,-1.2703
627,11,-2.60063,-2.60063
627,12,0.977288,0.977288
627,13,-0.917475,-0.917475
627,14,-3.46927,-3.46927
627,15,2.06554,2.06554
627,16,0.00584888,0.00584888
627,17,-0.291738,-0.291738
627,18,-1.28609,-1.28609
627,19,-0.474631,-0.474631
627,20,0.733466,0.733466
628,1,2.52239,2.52239
628,2,-0.993862,-0.993862
628,3,-2.32744,-2.32744
628,4,3.38774,3.38774
628,5,3.05283,3.05283
628,6,3.25769,3.25769
628,7,-2.40684,-2.40684
628,8,4.13789,4.13789
628,9,-3.57982,-3.57982
628,10,-1.63153,-1.63153
628,11,-2.74464,-2.74464
628,12,1.10629,1.10629
628,13,-1.27204,-1.27204
628,14,-3.60938,-3.60938
628,15,2.68117,2.68117
628,16,-0.468664,-0.468664
628,17,-0.620353,-0.620353
628,18,-1.84091,-1.84091
628,19,-1.03148,-1.03148
628,20,1.17081,1.17081
629,1,3.56819,3.56819
629,2,0.0762079,0.0762079
629,3,-1.70896,-1.70896
629,4,3.03064,3.03064
629,5,2.82665,2.82665
629,6,2.78078,2.78078
629,7,-2.07477,-2.07477
629,8,4.02116,4.02116
629,9,-3.10513,-3.10513
629,10,-0.55324,-0.55324
629,11,-2.05111,-2.05111
629,12,0.0366077,0.0366077
629,13,-0.475871,-0.475871
629,14,-2.60886,-2.60886
629,15,2.12789,2.12789
629,16,0.432246,0.432246
629,17,-2.11608,-2.11608
629,18,-1.30315,-1.30315
629,19,-0.689457,-0.689457
629,20,0.209522,0.209522
630,1,4.08507,4.08507
630,2,0.748069,0.748069
630,3,-1.45277,-1.45277
630,4,1.97402,1.97402
630,5,1.79344,1.79344
630,6,1.97546,1.97546
630,7,-1.38034,-1.38034
630,8,3.25407,3.25407
630,9,-2.90345,-2.90345
630,10,0.12753,0.12753
630,11,-2.28451,-2.28451
630,12,-0.0250127,-0.0250127
630,13,-0.223496,-0.223496
630,14,-2.70903,-2.70903
630,15,1.58798,1.58798
630,16,1.14806,1.14806
630,17,-1.95476,-1.95476
630,18,-0.82663,-0.82663
630,19,-0.57529,-0.57529
630,20,-0.682773,-0.682773
631,1,3.82739,3.82739
631,2,0.268791,0.268791
631,3,-1.35858,-1.35858
631,4,1.4046,1.4046
631,5,1.21815,1.21815
631,6,1.44161,1.44161
631,7,-0.953973,-0.953973
631,8,2.61216,2.61216
631,9,-2.56079,-2.56079
631,10,-0.467375,-0.467375
631,11,-2.16202,-2.16202
631,12,0.254371,0.254371
631,13,-0.166513,-0.166513
631,14,-2.8456,-2.8456
631,15,1.29544,1.29544
631,16,0.925146,0.925146
631,17,-1.43075,-1.43075
631,18,-0.603402,-0.603402
631,19,-0.288996,-0.288996
631,20,-0.554237,-0.554237
632,1,3.56768,3.56768
632,2,0.164196,0.164196
632,3,-0.928948,-0.928948
632,4,1.26506,1.26506
632,5,1.16858,1.16858
632,6,1.52341,1.52341
632,7,-0.893846,-0.893846
632,8,2.463,2.463
632,9,-2.0959,-2.0959
632,10,-0.583425,-0.583425
632,11,-1.98227,-1.98227
632,12,0.275679,0.275679
632,13,-0.21677,-0.21677
632,14,-2.77617,-2.77617
632,15,1.27008,1.27008
632,16,0.843243,0.843243
632,17,-1.08791,-1.08791
632,18,-0.395613,-0.395613
632,19,0.032321,0.032321
632,20,-0.0596096,-0.0596096
633,1,3.47581,3.47581
633,2,0.0225519,0.0225519
633,3,-1.08032,-1.08032
633,4,1.48714,1.48714
633,5,1.20627,1.20627
633,6,1.81524,1.81524
633,7,-0.882169,-0.882169
633,8,2.48454,2.48454
633,9,-2.23746,-2.23746
633,10,-0.638265,-0.638265
633,11,-2.03284,-2.03284
633,12,0.413755,0.413755
633,13,-0.325072,-0.325072
633,14,-2.98901,-2.98901
633,15,1.32758,1.32758
633,16,0.731001,0.731001
633,17,-0.822631,-0.822631
633,18,-0.479549,-0.479549
633,19,0.0426791,0.0426791
633,20,0.0548291,0.0548291
634,1,3.03419,3.03419
634,2,-0.396425,-0.396425
634,3,-1.4961,-1.4961
634,4,2.09407,2.09407
634,5,1.83761,1.83761
634,6,2.23442,2.23442
634,7,-1.39002,-1.39002
634,8,2.90475,2.90475
634,9,-2.66492,-2.66492
634,10,-1.0705,-1.0705
634,11,-2.42745,-2.42745
634,12,0.799158,0.799158
634,13,-0.713843,-0.713843
634,14,-3.2964,-3.2964
634,15,1.82347,1.82347
634,16,0.226143,0.226143
634,17,-0.419377,-0.419377
634,18,-1.05607,-1.05607
634,19,-0.271469,-0.271469
634,20,0.513693,0.513693
635,1,2.42554,2.42554
635,2,-1.05021,-1.05021
635,3,-2.32014,-2.32014
635,4,3.23789,3.23789
635,5,2.89475,2.89475
635,6,3.1797,3.1797
635,7,-2.31315,-2.31315
635,8,3.97061,3.97061
635,9,-3.55263,-3.55263
635,10,-1.68885,-1.68885
635,11,-2.87005,-2.87005
635,12,1.26384,1.26384
635,13,-1.34418,-1.34418
635,14,-3.76662,-3.76662
635,15,2.65829,2.65829
635,16,-0.492992,-0.492992
635,17,-0.301172,-0.301172
635,18,-1.82342,-1.82342
635,19,-1.0003,-1.0003
635,20,1.20941,1.20941
636,1,3.23533,3.23533
636,2,-0.311242,-0.311242
636,3,-1.93394,-1.93394
636,4,3.30783,3.30783
636,5,3.06724,3.06724
636,6,3.02452,3.02452
636,7,-2.28376,-2.28376
636,8,4.1963,4.1963
636,9,-3.28009,-3.28009
636,10,-0.950024,-0.950024
636,11,-2.1767,-2.1767
636,12,0.303704,0.303704
636,13,-0.704881,-0.704881
636,14,-2.82856,-2.82856
636,15,2.35691,2.35691
636,16,0.0812649,0.0812649
636,17,-1.81827,-1.81827
636,18,-1.52961,-1.52961
636,19,-0.817562,-0.817562
636,20,0.573503,0.573503
637,1,4.06585,4.06585
637,2,0.740207,0.740207
637,3,-1.45473,-1.45473
637,4,2.25735,2.25735
637,5,2.09159,2.09159
637,6,2.20015,2.20015
637,7,-1.57511,-1.57511
637,8,3.50885,3.50885
637,9,-2.94072,-2.94072
637,10,0.135123,0.135123
637,11,-2.19661,-2.19661
637,12,-0.125764,-0.125764
637,13,-0.238022,-0.238022
637,14,-2.59239,-2.59239
637,15,1.7133,1.7133
637,16,1.08374,1.08374
637,17,-2.15902,-2.15902
637,18,-0.914415,-0.914415
637,19,-0.60691,-0.60691
637,20,-0.544328,-0.544328
638,1,3.94814,3.94814
638,2,0.420975,0.420975
638,3,-1.44429,-1.44429
638,4,1.49345,1.49345
638,5,1.28628,1.28628
638,6,1.5166,1.5166
638,7,-1.01519,-1.01519
638,8,2.73416,2.73416
638,9,-2.708,-2.708
638,10,-0.284266,-0.284266
638,11,-2.24153,-2.24153
638,12,0.199165,0.199165
638,13,-0.166177,-0.166177
638,14,-2.85353,-2.85353
638,15,1.334,1.334
638,16,1.02364,1.02364
638,17,-1.56892,-1.56892
638,18,-0.659306,-0.659306
638,19,-0.404516,-0.404516
638,20,-0.704655,-0.704655
639,1,3.61015,3.61015
639,2,0.160115,0.160115
639,3,-1.00455,-1.00455
639,4,1.24958,1.24958
639,5,1.1667,1.1667
639,6,1.44059,1.44059
639,7,-0.901269,-0.901269
639,8,2.46994,2.46994
639,9,-2.16325,-2.16325
639,10,-0.607245,-0.607245
639,11,-2.01575,-2.01575
639,12,0.275263,0.275263
639,13,-0.195907,-0.195907
639,14,-2.77102,-2.77102
639,15,1.2631,1.2631
639,16,0.845358,0.845358
639,17,-1.16445,-1.16445
639,18,-0.43574,-0.43574
639,19,-0.0309768,-0.0309768
639,20,-0.159993,-0.159993
640,1,3.52907,3.52907
640,2,0.0942943,0.0942943
640,3,-0.985487,-0.985487
640,4,1.37612,1.37612
640,5,1.13435,1.13435
640,6,1.72861,1.72861
640,7,-0.836215,-0.836215
640,8,2.44667,2.44667
640,9,-2.14495,-2.14495
640,10,-0.583243,-0.583243
640,11,-1.96975,-1.96975
640,12,0.340287,0.340287
640,13,-0.268184,-0.268184
640,14,-2.91108,-2.91108
640,15,1.26565,1.26565
640,16,0.808029,0.808029
640,17,-0.917679,-0.917679
640,18,-0.384512,-0.384512
640,19,0.0815845,0.0815845
640,20,0.0147869,0.0147869
641,1,3.2287,3.2287
641,2,-0.210374,-0.210374
641,3,-1.29816,-1.29816
641,4,1.82136,1.82136
641,5,1.56567,1.56567
641,6,2.02914,2.02914
641,7,-1.15511,-1.15511
641,8,2.67837,2.67837
641,9,-2.45579,-2.45579
641,10,-0.883832,-0.883832
641,11,-2.27346,-2.27346
641,12,0.638777,0.638777
641,13,-0.536469,-0.536469
641,14,-3.15878,-3.15878
641,15,1.59899,1.59899
641,16,0.438021,0.438021
641,17,-0.541927,-0.541927
641,18,-0.829997,-0.829997
641,19,-0.10553,-0.10553
641,20,0.310163,0.310163
642,1,2.51581,2.51581
642,2,-0.937142,-0.937142
642,3,-2.13301,-2.13301
642,4,2.91952,2.91952
642,5,2.58536,2.58536
642,6,2.92876,2.92876
642,7,-2.0583,-2.0583
642,8,3.64844,3.64844
642,9,-3.34027,-3.34027
642,10,-1.58372,-1.58372
642,11,-2.81869,-2.81869
642,12,1.23054,1.23054
642,13,-1.23338,-1.23338
642,14,-3.73158,-3.73158
642,15,2.45794,2.45794
642,16,-0.346983,-0.346983
642,17,-0.182231,-0.182231
642,18,-1.64186,-1.64186
642,19,-0.808178,-0.808178
642,20,1.07388,1.07388
643,1,2.84266,2.84266
643,2,-0.70071,-0.70071
643,3,-2.17405,-2.17405
643,4,3.47442,3.47442
643,5,3.19702,3.19702
643,6,3.22811,3.22811
643,7,-2.44559,-2.44559
643,8,4.2788,4.2788
643,9,-3.47462,-3.47462
643,10,-1.3464,-1.3464
643,11,-2.44772,-2.44772
643,12,0.697162,0.697162
643,13,-1.01052,-1.01052
643,14,-3.19288,-3.19288
643,15,2.59139,2.59139
643,16,-0.264288,-0.264288
643,17,-1.27781,-1.27781
643,18,-1.75872,-1.75872
643,19,-0.968559,-0.968559
643,20,0.943697,0.943697
644,1,3.94466,3.94466
644,2,0.550624,0.550624
644,3,-1.51444,-1.51444
644,4,2.61264,2.61264
644,5,2.42795,2.42795
644,6,2.45368,2.45368
644,7,-1.784,-1.784
644,8,3.76156,3.76156
644,9,-2.98576,-2.98576
644,10,-0.0501863,-0.0501863
644,11,-2.05332,-2.05332
644,12,-0.166323,-0.166323
644,13,-0.27566,-0.27566
644,14,-2.50023,-2.50023
644,15,1.86178,1.86178
644,16,0.881779,0.881779
644,17,-2.30944,-2.30944
644,18,-1.03811,-1.03811
644,19,-0.612582,-0.612582
644,20,-0.291632,-0.291632
645,1,4.05214,4.05214
645,2,0.631872,0.631872
645,3,-1.45658,-1.45658
645,4,1.63556,1.63556
645,5,1.4451,1.4451
645,6,1.66414,1.66414
645,7,-1.14197,-1.14197
645,8,2.91878,2.91878
645,9,-2.81373,-2.81373
645,10,-0.037291,-0.037291
645,11,-2.31621,-2.31621
645,12,0.108234,0.108234
645,13,-0.181978,-0.181978
645,14,-2.81407,-2.81407
645,15,1.42217,1.42217
645,16,1.13259,1.13259
645,17,-1.71708,-1.71708
645,18,-0.726738,-0.726738
645,19,-0.503701,-0.503701
645,20,-0.780792,-0.780792
646,1,3.69468,3.69468
646,2,0.163336,0.163336
646,3,-1.15826,-1.15826
646,4,1.27662,1.27662
646,5,1.14349,1.14349
646,6,1.38407,1.38407
646,7,-0.886132,-0.886132
646,8,2.48425,2.48425
646,9,-2.31442,-2.31442
646,10,-0.59781,-0.59781
646,11,-2.04961,-2.04961
646,12,0.276533,0.276533
646,13,-0.167592,-0.167592
646,14,-2.79881,-2.79881
646,15,1.24786,1.24786
646,16,0.86495,0.86495
646,17,-1.27745,-1.27745
646,18,-0.484943,-0.484943
646,19,-0.118415,-0.118415
646,20,-0.340278,-0.340278
647,1,3.53103,3.53103
647,2,0.142051,0.142051
647,3,-0.908248,-0.908248
647,4,1.2938,1.2938
647,5,1.13637,1.13637
647,6,1.63574,1.63574
647,7,-0.857082,-0.857082
647,8,2.43776,2.43776
647,9,-2.07309,-2.07309
647,10,-0.571742,-0.571742
647,11,-1.96736,-1.96736
647,12,0.306959,0.306959
647,13,-0.245449,-0.245449
647,14,-2.83881,-2.83881
647,15,1.26295,1.26295
647,16,0.83226,0.83226
647,17,-0.965776,-0.965776
647,18,-0.364309,-0.364309
647,19,0.0822907,0.0822907
647,20,0.0180336,0.0180336
648,1,3.38992,3.38992
648,2,-0.0763071,-0.0763071
648,3,-1.16658,-1.16658
648,4,1.62774,1.62774
648,5,1.33609,1.33609
648,6,1.89694,1.89694
648,7,-0.962397,-0.962397
648,8,2.53056,2.53056
648,9,-2.31798,-2.31798
648,10,-0.732479,-0.732479
648,11,-2.1103,-2.1103
648,12,0.499309,0.499309
648,13,-0.394606,-0.394606
648,14,-3.05351,-3.05351
648,15,1.4167,1.4167
648,16,0.615171,0.615171
648,17,-0.700536,-0.700536
648,18,-0.616677,-0.616677
648,19,0.0153999,0.0153999
648,20,0.139092,0.139092
649,1,2.73486,2.73486
649,2,-0.67976,-0.67976
649,3,-1.82034,-1.82034
649,4,2.50568,2.50568
649,5,2.2206,2.2206
649,6,2.58015,2.58015
649,7,-1.73772,-1.73772
649,8,3.26027,3.26027
649,9,-3.01005,-3.01005
649,10,-1.3453,-1.3453
649,11,-2.67005,-2.67005
649,12,1.05871,1.05871
649,13,-1.00274,-1.00274
649,14,-3.54724,-3.54724
649,15,2.16583,2.16583
649,16,-0.0858403,-0.0858403
649,17,-0.217523,-0.217523
649,18,-1.37963,-1.37963
649,19,-0.54169,-0.54169
649,20,0.825941,0.825941
650,1,2.49355,2.49355
650,2,-1.03315,-1.03315
650,3,-2.39037,-2.39037
650,4,3.51593,3.51593
650,5,3.17955,3.17955
650,6,3.34503,3.34503
650,7,-2.50321,-2.50321
650,8,4.25316,4.25316
650,9,-3.65119,-3.65119
650,10,-1.66923,-1.66923
650,11,-2.74592,-2.74592
650,12,1.10697,1.10697
650,13,-1.30102,-1.30102
650,14,-3.59929,-3.59929
650,15,2.75685,2.75685
650,16,-0.527926,-0.527926
650,17,-0.681394,-0.681394
650,18,-1.91508,-1.91508
650,19,-1.09079,-1.09079
650,20,1.21648,1.21648
651,1,3.66521,3.66521
651,2,0.186215,0.186215
651,3,-1.66775,-1.66775
651,4,3.01855,3.01855
651,5,2.82271,2.82271
651,6,2.75489,2.75489
651,7,-2.06248,-2.06248
651,8,4.03783,4.03783
651,9,-3.08943,-3.08943
651,10,-0.433766,-0.433766
651,11,-2.00364,-2.00364
651,12,-0.0578913,-0.0578913
651,13,-0.414389,-0.414389
651,14,-2.52545,-2.52545
651,15,2.09472,2.09472
651,16,0.521158,0.521158
651,17,-2.26594,-2.26594
651,18,-1.26346,-1.26346
651,19,-0.682007,-0.682007
651,20,0.111898,0.111898
652,1,4.12117,4.12117
652,2,0.790864,0.790864
652,3,-1.46055,-1.46055
652,4,1.89735,1.89735
652,5,1.71997,1.71997
652,6,1.9133,1.9133
652,7,-1.33895,-1.33895
652,8,3.20794,3.20794
652,9,-2.91395,-2.91395
652,10,0.16846,0.16846
652,11,-2.32206,-2.32206
652,12,-0.0165573,-0.0165573
652,13,-0.211231,-0.211231
652,14,-2.72979,-2.72979
652,15,1.5556,1.5556
652,16,1.19405,1.19405
652,17,-1.94387,-1.94387
652,18,-0.806404,-0.806404
652,19,-0.595725,-0.595725
652,20,-0.760273,-0.760273
653,1,3.81707,3.81707
653,2,0.236326,0.236326
653,3,-1.3373,-1.3373
653,4,1.35199,1.35199
653,5,1.17403,1.17403
653,6,1.38976,1.38976
653,7,-0.919397,-0.919397
653,8,2.56722,2.56722
653,9,-2.51929,-2.51929
653,10,-0.510402,-0.510402
653,11,-2.13639,-2.13639
653,12,0.259215,0.259215
653,13,-0.151145,-0.151145
653,14,-2.83632,-2.83632
653,15,1.26366,1.26366
653,16,0.917285,0.917285
653,17,-1.42098,-1.42098
653,18,-0.572996,-0.572996
653,19,-0.264232,-0.264232
653,20,-0.549172,-0.549172
654,1,3.57043,3.57043
654,2,0.182707,0.182707
654,3,-0.876612,-0.876612
654,4,1.22263,1.22263
654,5,1.13655,1.13655
654,6,1.5135,1.5135
654,7,-0.868674,-0.868674
654,8,2.43528,2.43528
654,9,-2.0419,-2.0419
654,10,-0.566554,-0.566554
654,11,-1.96271,-1.96271
654,12,0.261047,0.261047
654,13,-0.205532,-0.205532
654,14,-2.76266,-2.76266
654,15,1.24523,1.24523
654,16,0.864953,0.864953
654,17,-1.07371,-1.07371
654,18,-0.355619,-0.355619
654,19,0.0644944,0.0644944
654,20,-0.042537,-0.042537
655,1,3.49336,3.49336
655,2,0.0278258,0.0278258
655,3,-1.06618,-1.06618
655,4,1.45906,1.45906
655,5,1.16526,1.16526
655,6,1.79853,1.79853
655,7,-0.841595,-0.841595
655,8,2.44337,2.44337
655,9,-2.21616,-2.21616
655,10,-0.628829,-0.628829
655,11,-2.01932,-2.01932
655,12,0.408336,0.408336
655,13,-0.309265,-0.309265
655,14,-2.99162,-2.99162
655,15,1.29545,1.29545
655,16,0.747435,0.747435
655,17,-0.806541,-0.806541
655,18,-0.456309,-0.456309
655,19,0.0715063,0.0715063
655,20,0.0354716,0.0354716
656,1,3.00899,3.00899
656,2,-0.413798,-0.413798
656,3,-1.49543,-1.49543
656,4,2.09497,2.09497
656,5,1.84246,1.84246
656,6,2.23203,2.23203
656,7,-1.39278,-1.39278
656,8,2.88921,2.88921
656,9,-2.66084,-2.66084
656,10,-1.09242,-1.09242
656,11,-2.44532,-2.44532
656,12,0.822552,0.822552
656,13,-0.728076,-0.728076
656,14,-3.31313,-3.31313
656,15,1.83305,1.83305
656,16,0.206159,0.206159
656,17,-0.368682,-0.368682
656,18,-1.07127,-1.07127
656,19,-0.260168,-0.260168
656,20,0.540011,0.540011
657,1,2.34939,2.34939
657,2,-1.12871,-1.12871
657,3,-2.39175,-2.39175
657,4,3.32535,3.32535
657,5,2.96841,2.96841
657,6,3.25967,3.25967
657,7,-2.38071,-2.38071
657,8,4.0382,4.0382
657,9,-3.6233,-3.6233
657,10,-1.76474,-1.76474
657,11,-2.91728,-2.91728
657,12,1.33022,1.33022
657,13,-1.41189,-1.41189
657,14,-3.83052,-3.83052
657,15,2.73148,2.73148
657,16,-0.571743,-0.571743
657,17,-0.236968,-0.236968
657,18,-1.8904,-1.8904
657,19,-1.05126,-1.05126
657,20,1.28993,1.28993
658,1,3.24021,3.24021
658,2,-0.313776,-0.313776
658,3,-1.94494,-1.94494
658,4,3.37968,3.37968
658,5,3.14255,3.14255
658,6,3.06998,3.06998
658,7,-2.33305,-2.33305
658,8,4.26143,4.26143
658,9,-3.298,-3.298
658,10,-0.951058,-0.951058
658,11,-2.15187,-2.15187
658,12,0.273769,0.273769
658,13,-0.700589,-0.700589
658,14,-2.79233,-2.79233
658,15,2.38637,2.38637
658,16,0.0641894,0.0641894
658,17,-1.88846,-1.88846
658,18,-1.55758,-1.55758
658,19,-0.834064,-0.834064
658,20,0.590048,0.590048
659,1,4.11646,4.11646
659,2,0.805347,0.805347
659,3,-1.44788,-1.44788
659,4,2.25085,2.25085
659,5,2.0867,2.0867
659,6,2.1936,2.1936
659,7,-1.57243,-1.57243
659,8,3.5224,3.5224
659,9,-2.95234,-2.95234
659,10,0.207933,0.207933
659,11,-2.19918,-2.19918
659,12,-0.162012,-0.162012
659,13,-0.218685,-0.218685
659,14,-2.57114,-2.57114
659,15,1.70288,1.70288
659,16,1.13519,1.13519
659,17,-2.21824,-2.21824
659,18,-0.902111,-0.902111
659,19,-0.619118,-0.619118
659,20,-0.602659,-0.602659
660,1,3.96033,3.96033
660,2,0.422514,0.422514
660,3,-1.46121,-1.46121
660,4,1.4634,1.4634
660,5,1.25707,1.25707
660,6,1.48242,1.48242
660,7,-0.998987,-0.998987
660,8,2.71454,2.71454
660,9,-2.7197,-2.7197
660,10,-0.287853,-0.287853
660,11,-2.25658,-2.25658
660,12,0.207495,0.207495
660,13,-0.160103,-0.160103
660,14,-2.86405,-2.86405
660,15,1.32029,1.32029
660,16,1.03161,1.03161
660,17,-1.56801,-1.56801
660,18,-0.658192,-0.658192
660,19,-0.418455,-0.418455
660,20,-0.739105,-0.739105
661,1,3.60565,3.60565
661,2,0.154021,0.154021
661,3,-0.982266,-0.982266
661,4,1.22371,1.22371
661,5,1.15251,1.15251
661,6,1.4201,1.4201
661,7,-0.891757,-0.891757
661,8,2.45733,2.45733
661,9,-2.1353,-2.1353
661,10,-0.619345,-0.619345
661,11,-2.00253,-2.00253
661,12,0.270549,0.270549
661,13,-0.18967,-0.18967
661,14,-2.75951,-2.75951
661,15,1.25131,1.25131
661,16,0.846973,0.846973
661,17,-1.16651,-1.16651
661,18,-0.417453,-0.417453
661,19,-0.0193543,-0.0193543
661,20,-0.150246,-0.150246
662,1,3.53665,3.53665
662,2,0.102316,0.102316
662,3,-0.969301,-0.969301
662,4,1.3557,1.3557
662,5,1.11278,1.11278
662,6,1.72716,1.72716
662,7,-0.82006,-0.82006
662,8,2.43501,2.43501
662,9,-2.127,-2.127
662,10,-0.574048,-0.574048
662,11,-1.96236,-1.96236
662,12,0.333707,0.333707
662,13,-0.262313,-0.262313
662,14,-2.91124,-2.91124
662,15,1.24982,1.24982
662,16,0.821364,0.821364
662,17,-0.913821,-0.913821
662,18,-0.364016,-0.364016
662,19,0.0905046,0.0905046
662,20,0.0140307,0.0140307
663,1,3.25748,3.25748
663,2,-0.188086,-0.188086
663,3,-1.26643,-1.26643
663,4,1.78451,1.78451
663,5,1.5299,1.5299
663,6,1.99546,1.99546
663,7,-1.11785,-1.11785
663,8,2.63821,2.63821
663,9,-2.41948,-2.41948
663,10,-0.862643,-0.862643
663,11,-2.24969,-2.24969
663,12,0.61441,0.61441
663,13,-0.507643,-0.507643
663,14,-3.13623,-3.13623
663,15,1.56249,1.56249
663,16,0.465226,0.465226
663,17,-0.553769,-0.553769
663,18,-0.801143,-0.801143
663,19,-0.0712306,-0.0712306
663,20,0.282989,0.282989
664,1,2.49216,2.49216
664,2,-0.95185,-0.95185
664,3,-2.14085,-2.14085
664,4,2.91154,2.91154
664,5,2.57588,2.57588
664,6,2.92956,2.92956
664,7,-2.05648,-2.05648
664,8,3.63467,3.63467
664,9,-3.34633,-3.34633
664,10,-1.60008,-1.60008
664,11,-2.84596,-2.84596
664,12,1.26091,1.26091
664,13,-1.25401,-1.25401
664,14,-3.76329,-3.76329
664,15,2.46631,2.46631
664,16,-0.360049,-0.360049
664,17,-0.12598,-0.12598
664,18,-1.65065,-1.65065
664,19,-0.808548,-0.808548
664,20,1.0929,1.0929
665,1,2.71433,2.71433
665,2,-0.840054,-0.840054
665,3,-2.29368,-2.29368
665,4,3.60825,3.60825
665,5,3.32356,3.32356
665,6,3.35233,3.35233
665,7,-2.56411,-2.56411
665,8,4.39527,4.39527
665,9,-3.5878,-3.5878
665,10,-1.48714,-1.48714
665,11,-2.54402,-2.54402
665,12,0.814064,0.814064
665,13,-1.12576,-1.12576
665,14,-3.30321,-3.30321
665,15,2.7116,2.7116
665,16,-0.400449,-0.400449
665,17,-1.16273,-1.16273
665,18,-1.87892,-1.87892
665,19,-1.07165,-1.07165
665,20,1.07861,1.07861
666,1,3.94711,3.94711
666,2,0.529245,0.529245
666,3,-1.54193,-1.54193
666,4,2.74048,2.74048
666,5,2.55951,2.55951
666,6,2.54318,2.54318
666,7,-1.87209,-1.87209
666,8,3.8881,3.8881
666,9,-3.02161,-3.02161
666,10,-0.0686425,-0.0686425
666,11,-2.01402,-2.01402
666,12,-0.213651,-0.213651
666,13,-0.276443,-0.276443
666,14,-2.45152,-2.45152
666,15,1.90994,1.90994
666,16,0.848884,0.848884
666,17,-2.43159,-2.43159
666,18,-1.08035,-1.08035
666,19,-0.648928,-0.648928
666,20,-0.249168,-0.249168
667,1,4.10199,4.10199
667,2,0.703972,0.703972
667,3,-1.48295,-1.48295
667,4,1.66612,1.66612
667,5,1.49086,1.49086
667,6,1.70196,1.70196
667,7,-1.18872,-1.18872
667,8,2.99551,2.99551
667,9,-2.86864,-2.86864
667,10,0.0396121,0.0396121
667,11,-2.36841,-2.36841
667,12,0.0805588,0.0805588
667,13,-0.190838,-0.190838
667,14,-2.81676,-2.81676
667,15,1.44581,1.44581
667,16,1.17843,1.17843
667,17,-1.77996,-1.77996
667,18,-0.753607,-0.753607
667,19,-0.573008,-0.573008
667,20,-0.828379,-0.828379
668,1,3.71217,3.71217
668,2,0.136391,0.136391
668,3,-1.2204,-1.2204
668,4,1.28647,1.28647
668,5,1.1518,1.1518
668,6,1.37444,1.37444
668,7,-0.899957,-0.899957
668,8,2.5178,2.5178
668,9,-2.36768,-2.36768
668,10,-0.632528,-0.632528
668,11,-2.07753,-2.07753
668,12,0.284932,0.284932
668,13,-0.172967,-0.172967
668,14,-2.82251,-2.82251
668,15,1.24816,1.24816
668,16,0.85639,0.85639
668,17,-1.31425,-1.31425
668,18,-0.509354,-0.509354
668,19,-0.175014,-0.175014
668,20,-0.375926,-0.375926
669,1,3.55674,3.55674
669,2,0.168312,0.168312
669,3,-0.866716,-0.866716
669,4,1.25749,1.25749
669,5,1.13732,1.13732
669,6,1.61067,1.61067
669,7,-0.861903,-0.861903
669,8,2.45131,2.45131
669,9,-2.03033,-2.03033
669,10,-0.56305,-0.56305
669,11,-1.95504,-1.95504
669,12,0.267022,0.267022
669,13,-0.225974,-0.225974
669,14,-2.80233,-2.80233
669,15,1.2428,1.2428
669,16,0.858913,0.858913
669,17,-1.01659,-1.01659
669,18,-0.339568,-0.339568
669,19,0.0813262,0.0813262
669,20,0.0187074,0.0187074
670,1,3.44452,3.44452
670,2,-0.0401337,-0.0401337
670,3,-1.13955,-1.13955
670,4,1.56466,1.56466
670,5,1.26988,1.26988
670,6,1.86949,1.86949
670,7,-0.911591,-0.911591
670,8,2.50289,2.50289
670,9,-2.2866,-2.2866
670,10,-0.696808,-0.696808
670,11,-2.09478,-2.09478
670,12,0.464975,0.464975
670,13,-0.366944,-0.366944
670,14,-3.04946,-3.04946
670,15,1.36097,1.36097
670,16,0.671032,0.671032
670,17,-0.729544,-0.729544
670,18,-0.56173,-0.56173
670,19,0.0278477,0.0278477
670,20,0.0923342,0.0923342
671,1,2.81934,2.81934
671,2,-0.608576,-0.608576
671,3,-1.72227,-1.72227
671,4,2.3767,2.3767
671,5,2.11008,2.11008
671,6,2.46793,2.46793
671,7,-1.63469,-1.63469
671,8,3.14625,3.14625
671,9,-2.89817,-2.89817
671,10,-1.28867,-1.28867
671,11,-2.61301,-2.61301
671,12,0.987142,0.987142
671,13,-0.921189,-0.921189
671,14,-3.4833,-3.4833
671,15,2.05948,2.05948
671,16,-0.00273622,-0.00273622
671,17,-0.251604,-0.251604
671,18,-1.29306,-1.29306
671,19,-0.453316,-0.453316
671,20,0.749565,0.749565
672,1,2.3346,2.3346
672,2,-1.18223,-1.18223
672,3,-2.50776,-2.50776
672,4,3.57869,3.57869
672,5,3.23596,3.23596
672,6,3.44535,3.44535
672,7,-2.58607,-2.58607
672,8,4.31328,4.31328
672,9,-3.75824,-3.75824
672,10,-1.823,-1.823
672,11,-2.91465,-2.91465
672,12,1.28716,1.28716
672,13,-1.45654,-1.45654
672,14,-3.79153,-3.79153
672,15,2.86666,2.86666
672,16,-0.659203,-0.659203
672,17,-0.428787,-0.428787
672,18,-2.02338,-2.02338
672,19,-1.19262,-1.19262
672,20,1.36757,1.36757
673,1,3.57177,3.57177
673,2,0.0245803,0.0245803
673,3,-1.76337,-1.76337
673,4,3.22443,3.22443
673,5,3.01815,3.01815
673,6,2.90835,2.90835
673,7,-2.20079,-2.20079
673,8,4.20495,4.20495
673,9,-3.1639,-3.1639
673,10,-0.603917,-0.603917
673,11,-1.98328,-1.98328
673,12,-0.0315622,-0.0315622
673,13,-0.473324,-0.473324
673,14,-2.53823,-2.53823
673,15,2.19589,2.19589
673,16,0.370703,0.370703
673,17,-2.30167,-2.30167
673,18,-1.36979,-1.36979
673,19,-0.742829,-0.742829
673,20,0.269538,0.269538
674,1,4.18181,4.18181
674,2,0.890394,0.890394
674,3,-1.44912,-1.44912
674,4,1.99161,1.99161
674,5,1.84471,1.84471
674,6,2.0081,2.0081
674,7,-1.43268,-1.43268
674,8,3.34829,3.34829
674,9,-2.94687,-2.94687
674,10,0.27551,0.27551
674,11,-2.33988,-2.33988
674,12,-0.0964826,-0.0964826
674,13,-0.213898,-0.213898
674,14,-2.68028,-2.68028
674,15,1.60288,1.60288
674,16,1.245,1.245
674,17,-2.07086,-2.07086
674,18,-0.83995,-0.83995
674,19,-0.65039,-0.65039
674,20,-0.768034,-0.768034
675,1,3.87454,3.87454
675,2,0.249643,0.249643
675,3,-1.43882,-1.43882
675,4,1.37995,1.37995
675,5,1.17899,1.17899
675,6,1.39926,1.39926
675,7,-0.934212,-0.934212
675,8,2.61983,2.61983
675,9,-2.62631,-2.62631
675,10,-0.494307,-0.494307
675,11,-2.19411,-2.19411
675,12,0.260755,0.260755
675,13,-0.157736,-0.157736
675,14,-2.88237,-2.88237
675,15,1.2663,1.2663
675,16,0.939198,0.939198
675,17,-1.47844,-1.47844
675,18,-0.611036,-0.611036
675,19,-0.351514,-0.351514
675,20,-0.640908,-0.640908
676,1,3.57685,3.57685
676,2,0.177397,0.177397
676,3,-0.868652,-0.868652
676,4,1.20303,1.20303
676,5,1.16681,1.16681
676,6,1.47752,1.47752
676,7,-0.900934,-0.900934
676,8,2.46484,2.46484
676,9,-2.02705,-2.02705
676,10,-0.600758,-0.600758
676,11,-1.98011,-1.98011
676,12,0.244943,0.244943
676,13,-0.202252,-0.202252
676,14,-2.7392,-2.7392
676,15,1.24883,1.24883
676,16,0.858653,0.858653
676,17,-1.11172,-1.11172
676,18,-0.371596,-0.371596
676,19,0.0348316,0.0348316
676,20,-0.0353266,-0.0353266
677,1,3.54911,3.54911
677,2,0.0663746,0.0663746
677,3,-1.03304,-1.03304
677,4,1.40634,1.40634
677,5,1.1102,1.1102
677,6,1.78395,1.78395
677,7,-0.803265,-0.803265
677,8,2.44202,2.44202
677,9,-2.18253,-2.18253
677,10,-0.590733,-0.590733
677,11,-1.98394,-1.98394
677,12,0.357136,0.357136
677,13,-0.279899,-0.279899
677,14,-2.97347,-2.97347
677,15,1.24406,1.24406
677,16,0.807568,0.807568
677,17,-0.873797,-0.873797
677,18,-0.387716,-0.387716
677,19,0.0803663,0.0803663
677,20,-0.000177255,-0.000177255
678,1,3.15775,3.15775
678,2,-0.276905,-0.276905
678,3,-1.3465,-1.3465
678,4,1.90647,1.90647
678,5,1.6805,1.6805
678,6,2.07468,2.07468
678,7,-1.24324,-1.24324
678,8,2.73509,2.73509
678,9,-2.5003,-2.5003
678,10,-0.970991,-0.970991
678,11,-2.35253,-2.35253
678,12,0.695695,0.695695
678,13,-0.596316,-0.596316
678,14,-3.20122,-3.20122
678,15,1.67465,1.67465
678,16,0.351174,0.351174
678,17,-0.45717,-0.45717
678,18,-0.936519,-0.936519
678,19,-0.141506,-0.141506
678,20,0.40106,0.40106
679,1,2.32935,2.32935
679,2,-1.13962,-1.13962
679,3,-2.36675,-2.36675
679,4,3.20085,3.20085
679,5,2.83543,2.83543
679,6,3.18648,3.18648
679,7,-2.29054,-2.29054
679,8,3.91576,3.91576
679,9,-3.58361,-3.58361
679,10,-1.77936,-1.77936
679,11,-2.97285,-2.97285
679,12,1.39477,1.39477
679,13,-1.43294,-1.43294
679,14,-3.91352,-3.91352
679,15,2.6811,2.6811
679,16,-0.551364,-0.551364
679,17,-0.0724834,-0.0724834
679,18,-1.84502,-1.84502
679,19,-1.00835,-1.00835
679,20,1.28289,1.28289
680,1,2.94411,2.94411
680,2,-0.63985,-0.63985
680,3,-2.16524,-2.16524
680,4,3.61046,3.61046
680,5,3.36245,3.36245
680,6,3.29605,3.29605
680,7,-2.54415,-2.54415
680,8,4.44114,4.44114
680,9,-3.48298,-3.48298
680,10,-1.29403,-1.29403
680,11,-2.34395,-2.34395
680,12,0.538815,0.538815
680,13,-0.93828,-0.93828
680,14,-3.03487,-3.03487
680,15,2.6114,2.6114
680,16,-0.24098,-0.24098
680,17,-1.57416,-1.57416
680,18,-1.78913,-1.78913
680,19,-1.00335,-1.00335
680,20,0.909935,0.909935
681,1,4.08611,4.08611
681,2,0.729425,0.729425
681,3,-1.49649,-1.49649
681,4,2.53771,2.53771
681,5,2.37255,2.37255
681,6,2.41199,2.41199
681,7,-1.7601,-1.7601
681,8,3.78438,3.78438
681,9,-3.01477,-3.01477
681,10,0.141832,0.141832
681,11,-2.11402,-2.11402
681,12,-0.240576,-0.240576
681,13,-0.242977,-0.242977
681,14,-2.48816,-2.48816
681,15,1.81787,1.81787
681,16,1.03968,1.03968
681,17,-2.41954,-2.41954
681,18,-0.993853,-0.993853
681,19,-0.671566,-0.671566
681,20,-0.459961,-0.459961
682,1,4.07104,4.07104
682,2,0.581267,0.581267
682,3,-1.51161,-1.51161
682,4,1.55085,1.55085
682,5,1.36402,1.36402
682,6,1.57454,1.57454
682,7,-1.09522,-1.09522
682,8,2.86952,2.86952
682,9,-2.83203,-2.83203
682,10,-0.115492,-0.115492
682,11,-2.34752,-2.34752
682,12,0.137099,0.137099
682,13,-0.168478,-0.168478
682,14,-2.85638,-2.85638
682,15,1.371,1.371
682,16,1.12522,1.12522
682,17,-1.70429,-1.70429
682,18,-0.720172,-0.720172
682,19,-0.540765,-0.540765
682,20,-0.837947,-0.837947
683,1,3.67421,3.67421
683,2,0.14411,0.14411
683,3,-1.08405,-1.08405
683,4,1.22247,1.22247
683,5,1.14173,1.14173
683,6,1.36566,1.36566
683,7,-0.889987,-0.889987
683,8,2.48797,2.48797
683,9,-2.22695,-2.22695
683,10,-0.640487,-0.640487
683,11,-2.03578,-2.03578
683,12,0.260321,0.260321
683,13,-0.171819,-0.171819
683,14,-2.77728,-2.77728
683,15,1.23081,1.23081
683,16,0.863549,0.863549
683,17,-1.26594,-1.26594
683,18,-0.447133,-0.447133
683,19,-0.0982843,-0.0982843
683,20,-0.268644,-0.268644
684,1,3.57056,3.57056
684,2,0.153158,0.153158
684,3,-0.893512,-0.893512
684,4,1.26538,1.26538
684,5,1.0901,1.0901
684,6,1.65769,1.65769
684,7,-0.818559,-0.818559
684,8,2.43236,2.43236
684,9,-2.04996,-2.04996
684,10,-0.557513,-0.557513
684,11,-1.95199,-1.95199
684,12,0.280431,0.280431
684,13,-0.231864,-0.231864
684,14,-2.85564,-2.85564
684,15,1.21626,1.21626
684,16,0.867872,0.867872
684,17,-0.9741,-0.9741
684,18,-0.318134,-0.318134
684,19,0.0923465,0.0923465
684,20,0.00932291,0.00932291
685,1,3.40897,3.40897
685,2,-0.0735533,-0.0735533
685,3,-1.14498,-1.14498
685,4,1.6003,1.6003
685,5,1.33233,1.33233
685,6,1.87348,1.87348
685,7,-0.949542,-0.949542
685,8,2.5077,2.5077
685,9,-2.2856,-2.2856
685,10,-0.745246,-0.745246
685,11,-2.13381,-2.13381
685,12,0.491348,0.491348
685,13,-0.388111,-0.388111
685,14,-3.0561,-3.0561
685,15,1.39332,1.39332
685,16,0.621425,0.621425
685,17,-0.66821,-0.66821
685,18,-0.625028,-0.625028
685,19,0.0309258,0.0309258
685,20,0.139598,0.139598
686,1,2.69308,2.69308
686,2,-0.736835,-0.736835
686,3,-1.87097,-1.87097
686,4,2.55143,2.55143
686,5,2.25145,2.25145
686,6,2.62831,2.62831
686,7,-1.76884,-1.76884
686,8,3.29822,3.29822
686,9,-3.05537,-3.05537
686,10,-1.40686,-1.40686
686,11,-2.70931,-2.70931
686,12,1.10111,1.10111
686,13,-1.05108,-1.05108
686,14,-3.61038,-3.61038
686,15,2.19842,2.19842
686,16,-0.129378,-0.129378
686,17,-0.162861,-0.162861
686,18,-1.41211,-1.41211
686,19,-0.564425,-0.564425
686,20,0.882905,0.882905
687,1,2.34964,2.34964
687,2,-1.18676,-1.18676
687,3,-2.53816,-2.53816
687,4,3.7037,3.7037
687,5,3.38046,3.38046
687,6,3.52225,3.52225
687,7,-2.68672,-2.68672
687,8,4.44122,4.44122
687,9,-3.79661,-3.79661
687,10,-1.83633,-1.83633
687,11,-2.88195,-2.88195
687,12,1.23135,1.23135
687,13,-1.44818,-1.44818
687,14,-3.72425,-3.72425
687,15,2.92362,2.92362
687,16,-0.695423,-0.695423
687,17,-0.56337,-0.56337
687,18,-2.08897,-2.08897
687,19,-1.24285,-1.24285
687,20,1.3928,1.3928
688,1,3.73222,3.73222
688,2,0.201011,0.201011
688,3,-1.68563,-1.68563
688,4,3.14917,3.14917
688,5,2.94688,2.94688
688,6,2.83604,2.83604
688,7,-2.13377,-2.13377
688,8,4.18039,4.18039
688,9,-3.12056,-3.12056
688,10,-0.410923,-0.410923
688,11,-1.92327,-1.92327
688,12,-0.165927,-0.165927
688,13,-0.37776,-0.37776
688,14,-2.43811,-2.43811
688,15,2.11024,2.11024
688,16,0.533346,0.533346
688,17,-2.48709,-2.48709
688,18,-1.27552,-1.27552
688,19,-0.709327,-0.709327
688,20,0.0991565,0.0991565
689,1,4.20021,4.20021
689,2,0.909398,0.909398
689,3,-1.46746,-1.46746
689,4,1.87298,1.87298
689,5,1.73478,1.73478
689,6,1.91384,1.91384
689,7,-1.37232,-1.37232
689,8,3.26212,3.26212
689,9,-2.95322,-2.95322
689,10,0.278764,0.278764
689,11,-2.40795,-2.40795
689,12,-0.0537295,-0.0537295
689,13,-0.211078,-0.211078
689,14,-2.73457,-2.73457
689,15,1.56039,1.56039
689,16,1.27497,1.27497
689,17,-1.99418,-1.99418
689,18,-0.825609,-0.825609
689,19,-0.672579,-0.672579
689,20,-0.84001,-0.84001
690,1,3.83579,3.83579
690,2,0.177022,0.177022
690,3,-1.40873,-1.40873
690,4,1.33962,1.33962
690,5,1.14664,1.14664
690,6,1.36042,1.36042
690,7,-0.904662,-0.904662
690,8,2.58021,2.58021
690,9,-2.56738,-2.56738
690,10,-0.578986,-0.578986
690,11,-2.15128,-2.15128
690,12,0.274338,0.274338
690,13,-0.154079,-0.154079
690,14,-2.87528,-2.87528
690,15,1.24091,1.24091
690,16,0.904574,0.904574
690,17,-1.45173,-1.45173
690,18,-0.577027,-0.577027
690,19,-0.311007,-0.311007
690,20,-0.590851,-0.590851
691,1,3.56693,3.56693
691,2,0.193524,0.193524
691,3,-0.823232,-0.823232
691,4,1.18937,1.18937
691,5,1.16369,1.16369
691,6,1.50735,1.50735
691,7,-0.900969,-0.900969
691,8,2.46521,2.46521
691,9,-1.98472,-1.98472
691,10,-0.58528,-0.58528
691,11,-1.97656,-1.97656
691,12,0.237106,0.237106
691,13,-0.207753,-0.207753
691,14,-2.73896,-2.73896
691,15,1.24487,1.24487
691,16,0.868274,0.868274
691,17,-1.08063,-1.08063
691,18,-0.349528,-0.349528
691,19,0.0528199,0.0528199
691,20,0.0100873,0.0100873
692,1,3.56166,3.56166
692,2,0.0513633,0.0513633
692,3,-1.05202,-1.05202
692,4,1.42002,1.42002
692,5,1.10276,1.10276
692,6,1.79444,1.79444
692,7,-0.785548,-0.785548
692,8,2.43306,2.43306
692,9,-2.19503,-2.19503
692,10,-0.597554,-0.597554
692,11,-1.98323,-1.98323
692,12,0.360109,0.360109
692,13,-0.278201,-0.278201
692,14,-2.98959,-2.98959
692,15,1.23115,1.23115
692,16,0.805797,0.805797
692,17,-0.863678,-0.863678
692,18,-0.391922,-0.391922
692,19,0.0877242,0.0877242
692,20,-0.0149591,-0.0149591
693,1,3.11321,3.11321
693,2,-0.308457,-0.308457
693,3,-1.37525,-1.37525
693,4,1.95014,1.95014
693,5,1.73658,1.73658
693,6,2.10485,2.10485
693,7,-1.29245,-1.29245
693,8,2.76828,2.76828
693,9,-2.53076,-2.53076
693,10,-1.0116,-1.0116
693,11,-2.39919,-2.39919
693,12,0.732669,0.732669
693,13,-0.634671,-0.634671
693,14,-3.23221,-3.23221
693,15,1.72057,1.72057
693,16,0.306909,0.306909
693,17,-0.406203,-0.406203
693,18,-0.989417,-0.989417
693,19,-0.166149,-0.166149
693,20,0.453429,0.453429
694,1,2.2523,2.2523
694,2,-1.23117,-1.23117
694,3,-2.46984,-2.46984
694,4,3.32833,3.32833
694,5,2.94688,2.94688
694,6,3.29927,3.29927
694,7,-2.39071,-2.39071
694,8,4.03429,4.03429
694,9,-3.68889,-3.68889
694,10,-1.86717,-1.86717
694,11,-3.02789,-3.02789
694,12,1.46001,1.46001
694,13,-1.5141,-1.5141
694,14,-3.98363,-3.98363
694,15,2.77659,2.77659
694,16,-0.642581,-0.642581
694,17,-0.0394912,-0.0394912
694,18,-1.93294,-1.93294
694,19,-1.09433,-1.09433
694,20,1.36956,1.36956
695,1,3.01943,3.01943
695,2,-0.57436,-0.57436
695,3,-2.12623,-2.12623
695,4,3.63725,3.63725
695,5,3.40605,3.40605
695,6,3.2953,3.2953
695,7,-2.55973,-2.55973
695,8,4.48372,4.48372
695,9,-3.45547,-3.45547
695,10,-1.23082,-1.23082
695,11,-2.27531,-2.27531
695,12,0.439538,0.439538
695,13,-0.878095,-0.878095
695,14,-2.93574,-2.93574
695,15,2.59193,2.59193
695,16,-0.195056,-0.195056
695,17,-1.73163,-1.73163
695,18,-1.7722,-1.7722
695,19,-0.991622,-0.991622
695,20,0.863142,0.863142
696,1,4.16179,4.16179
696,2,0.825881,0.825881
696,3,-1.47272,-1.47272
696,4,2.46031,2.46031
696,5,2.29858,2.29858
696,6,2.35819,2.35819
696,7,-1.71151,-1.71151
696,8,3.74757,3.74757
696,9,-3.0091,-3.0091
696,10,0.244638,0.244638
696,11,-2.13534,-2.13534
696,12,-0.273944,-0.273944
696,13,-0.214054,-0.214054
696,14,-2.48328,-2.48328
696,15,1.77179,1.77179
696,16,1.1308,1.1308
696,17,-2.45218,-2.45218
696,18,-0.949326,-0.949326
696,19,-0.674613,-0.674613
696,20,-0.561285,-0.561285
697,1,4.04917,4.04917
697,2,0.53078,0.53078
697,3,-1.53749,-1.53749
697,4,1.50672,1.50672
697,5,1.3211,1.3211
697,6,1.52987,1.52987
697,7,-1.07115,-1.07115
697,8,2.82928,2.82928
697,9,-2.83485,-2.83485
697,10,-0.180224,-0.180224
697,11,-2.36979,-2.36979
697,12,0.177894,0.177894
697,13,-0.176378,-0.176378
697,14,-2.89238,-2.89238
697,15,1.35561,1.35561
697,16,1.09828,1.09828
697,17,-1.65079,-1.65079
697,18,-0.723849,-0.723849
697,19,-0.550266,-0.550266
697,20,-0.838457,-0.838457
698,1,3.66245,3.66245
698,2,0.134439,0.134439
698,3,-1.03496,-1.03496
698,4,1.20409,1.20409
698,5,1.13981,1.13981
698,6,1.36068,1.36068
698,7,-0.884213,-0.884213
698,8,2.4811,2.4811
698,9,-2.17135,-2.17135
698,10,-0.656743,-0.656743
698,11,-2.00148,-2.00148
698,12,0.242593,0.242593
698,13,-0.163883,-0.163883
698,14,-2.75084,-2.75084
698,15,1.21823,1.21823
698,16,0.861835,0.861835
698,17,-1.27026,-1.27026
698,18,-0.417645,-0.417645
698,19,-0.0653741,-0.0653741
698,20,-0.227508,-0.227508
699,1,3.57843,3.57843
699,2,0.16314,0.16314
699,3,-0.892329,-0.892329
699,4,1.26106,1.26106
699,5,1.07617,1.07617
699,6,1.67854,1.67854
699,7,-0.808688,-0.808688
699,8,2.43072,2.43072
699,9,-2.05046,-2.05046
699,10,-0.542087,-0.542087
699,11,-1.96188,-1.96188
699,12,0.282116,0.282116
699,13,-0.236946,-0.236946
699,14,-2.87446,-2.87446
699,15,1.20897,1.20897
699,16,0.879721,0.879721
699,17,-0.953684,-0.953684
699,18,-0.310127,-0.310127
699,19,0.0912123,0.0912123
699,20,0.00959941,0.00959941
