t,unit,input,output
500,1,3.1156,3.1156
500,2,-0.140849,-0.140849
500,3,2.63299,0.110495
500,4,-1.86928,-0.0679802
500,5,-1.16535,-1.16535
500,6,-2.01319,-2.01319
500,7,-2.61191,-2.61191
500,8,0.573714,0.573714
500,9,-1.17054,-0.138825
500,10,2.10133,0.0474116
500,11,-0.997033,0.00297541
500,12,-0.100304,0.983532
500,13,-0.0108531,-0.0108531
500,14,-0.602728,-0.602728
500,15,-0.153603,-0.153603
500,16,1.10458,-0.0929831
500,17,0.346129,0.346129
500,18,0.300414,0.85802
500,19,-3.08517,-3.08517
500,20,2.29672,2.29672
501,1,2.91744,2.91744
501,2,0.0437429,0.0437429
501,3,2.46427,0.128357
501,4,-1.80664,-0.100566
501,5,-1.02657,-1.02657
501,6,-1.89477,-1.89477
501,7,-2.62546,-2.62546
501,8,0.676205,0.676205
501,9,-1.1035,-0.092152
501,10,2.08712,0.0412231
501,11,-1.07158,-0.0662369
501,12,-0.131384,0.971846
501,13,-0.134337,-0.134337
501,14,-0.474219,-0.474219
501,15,-0.0114208,-0.0114208
501,16,1.2077,-0.160032
501,17,0.421954,0.421954
501,18,0.484347,0.656399
501,19,-2.92985,-2.92985
501,20,2.1293,2.1293
502,1,2.8614,2.8614
502,2,0.210934,0.210934
502,3,2.21287,0.0891839
502,4,-1.50415,-0.211603
502,5,-0.878292,-0.878292
502,6,-1.77266,-1.77266
502,7,-2.71164,-2.71164
502,8,0.827663,0.827663
502,9,-1.07959,-0.0729557
502,10,1.93481,-0.0334591
502,11,-1.03877,-0.0372339
502,12,-0.181625,0.946614
502,13,-0.178942,-0.178942
502,14,-0.434903,-0.434903
502,15,0.0062428,0.0062428
502,16,1.2356,-0.173738
502,17,0.455021,0.455021
502,18,0.626301,0.468751
502,19,-2.66315,-2.66315
502,20,1.92268,1.92268
503,1,2.90396,2.90396
503,2,0.200867,0.200867
503,3,2.10733,0.0499741
503,4,-1.27865,-0.19114
503,5,-0.785341,-0.785341
503,6,-1.75045,-1.75045
503,7,-2.81938,-2.81938
503,8,0.938789,0.938789
503,9,-1.09467,-0.0852147
503,10,1.77161,-0.118136
503,11,-0.956994,0.0448019
503,12,-0.204078,0.932886
503,13,-0.172586,-0.172586
503,14,-0.540359,-0.540359
503,15,-0.0892328,-0.0892328
503,16,1.25837,-0.183508
503,17,0.564991,0.564991
503,18,0.558691,0.560085
503,19,-2.51308,-2.51308
503,20,1.90025,1.90025
504,1,2.99667,2.99667
504,2,0.0733111,0.0733111
504,3,2.20653,0.0871677
504,4,-1.22337,-0.167967
504,5,-0.778674,-0.778674
504,6,-1.85095,-1.85095
504,7,-2.91916,-2.91916
504,8,0.88868,0.88868
504,9,-1.19211,-0.151542
504,10,1.677,-0.161213
504,11,-0.928962,0.0758371
504,12,-0.280309,0.875672
504,13,-0.0944182,-0.0944182
504,14,-0.584235,-0.584235
504,15,-0.150193,-0.150193
504,16,1.24872,-0.179522
504,17,0.644873,0.644873
504,18,0.388209,0.769895
504,19,-2.58425,-2.58425
504,20,1.95849,1.95849
505,1,3.12278,3.12278
505,2,-0.0624195,-0.0624195
505,3,2.38937,0.125254
505,4,-1.36627,-0.212717
505,5,-0.929011,-0.929011
505,6,-1.94524,-1.94524
505,7,-2.91283,-2.91283
505,8,0.742417,0.742417
505,9,-1.25222,-0.180994
505,10,1.72322,-0.141127
505,11,-0.951491,0.0507847
505,12,-0.34402,0.816381
505,13,-0.0160184,-0.0160184
505,14,-0.57498,-0.57498
505,15,-0.157919,-0.157919
505,16,1.15268,-0.127436
505,17,0.554424,0.554424
505,18,0.290135,0.867172
505,19,-2.80225,-2.80225
505,20,2.03685,2.03685
506,1,3.19886,3.19886
506,2,-0.16991,-0.16991
506,3,2.58196,0.119218
506,4,-1.64043,-0.175462
506,5,-1.12874,-1.12874
506,6,-2.00246,-2.00246
506,7,-2.75509,-2.75509
506,8,0.606316,0.606316
506,9,-1.23338,-0.172718
506,10,1.9175,-0.0425455
506,11,-0.967109,0.0339493
506,12,-0.2468,0.902776
506,13,0.0367118,0.0367118
506,14,-0.617519,-0.617519
506,15,-0.198924,-0.198924
506,16,1.06418,-0.0598975
506,17,0.384335,0.384335
506,18,0.247888,0.901943
506,19,-3.0172,-3.0172
506,20,2.21068,2.21068
507,1,3.1142,3.1142
507,2,-0.155126,-0.155126
507,3,2.64521,0.10803
507,4,-1.88801,-0.058098
507,5,-1.17593,-1.17593
507,6,-2.0131,-2.0131
507,7,-2.59733,-2.59733
507,8,0.564121,0.564121
507,9,-1.17166,-0.139512
507,10,2.10755,0.0500665
507,11,-0.994263,0.00576995
507,12,-0.0955548,0.985048
507,13,-0.0101025,-0.0101025
507,14,-0.602943,-0.602943
507,15,-0.158379,-0.158379
507,16,1.10122,-0.0903746
507,17,0.344707,0.344707
507,18,0.2919,0.865619
507,19,-3.09863,-3.09863
507,20,2.30501,2.30501
508,1,2.90895,2.90895
508,2,0.0387306,0.0387306
508,3,2.46873,0.128315
508,4,-1.81938,-0.0940342
508,5,-1.03129,-1.03129
508,6,-1.891,-1.891
508,7,-2.61248,-2.61248
508,8,0.669638,0.669638
508,9,-1.10532,-0.0935561
508,10,2.09355,0.0440443
508,11,-1.06957,-0.0645258
508,12,-0.128105,0.973223
508,13,-0.135698,-0.135698
508,14,-0.469698,-0.469698
508,15,-0.00967844,-0.00967844
508,16,1.20412,-0.158139
508,17,0.418862,0.418862
508,18,0.485663,0.654748
508,19,-2.93639,-2.93639
508,20,2.12719,2.12719
509,1,2.85322,2.85322
509,2,0.213023,0.213023
509,3,2.2064,0.0871266
509,4,-1.50639,-0.211264
509,5,-0.87978,-0.87978
509,6,-1.76455,-1.76455
509,7,-2.70117,-2.70117
509,8,0.827162,0.827162
509,9,-1.07965,-0.0730072
509,10,1.93664,-0.032503
509,11,-1.03261,-0.0315234
509,12,-0.178684,0.948302
509,13,-0.182597,-0.182597
509,14,-0.429716,-0.429716
509,15,0.00820209,0.00820209
509,16,1.23429,-0.173136
509,17,0.453715,0.453715
509,18,0.632681,0.460035
509,19,-2.66029,-2.66029
509,20,1.91325,1.91325
510,1,2.89494,2.89494
510,2,0.205338,0.205338
510,3,2.0961,0.0451536
510,4,-1.27009,-0.188038
510,5,-0.780893,-0.780893
510,6,-1.74071,-1.74071
510,7,-2.81489,-2.81489
510,8,0.94422,0.94422
510,9,-1.09457,-0.0851342
510,10,1.7671,-0.120351
510,11,-0.948915,0.0536044
510,12,-0.204828,0.932402
510,13,-0.17753,-0.17753
510,14,-0.537678,-0.537678
510,15,-0.0890041,-0.0890041
510,16,1.2611,-0.184591
510,17,0.571444,0.571444
510,18,0.564555,0.552268
510,19,-2.50218,-2.50218
510,20,1.89088,1.89088
511,1,2.98854,2.98854
511,2,0.0766529,0.0766529
511,3,2.19363,0.0829251
511,4,-1.20765,-0.160006
511,5,-0.767975,-0.767975
511,6,-1.84165,-1.84165
511,7,-2.92372,-2.92372
511,8,0.896361,0.896361
511,9,-1.19603,-0.153732
511,10,1.66415,-0.166401
511,11,-0.923297,0.0822739
511,12,-0.289363,0.867849
511,13,-0.0990553,-0.0990553
511,14,-0.581511,-0.581511
511,15,-0.150348,-0.150348
511,16,1.25339,-0.181479
511,17,0.657395,0.657395
511,18,0.390746,0.767106
511,19,-2.57051,-2.57051
511,20,1.94551,1.94551
512,1,3.1242,3.1242
512,2,-0.0675142,-0.0675142
512,3,2.38263,0.124617
512,4,-1.35083,-0.210236
512,5,-0.924073,-0.924073
512,6,-1.94025,-1.94025
512,7,-2.91924,-2.91924
512,8,0.743776,0.743776
512,9,-1.26266,-0.185206
512,10,1.70745,-0.148213
512,11,-0.945792,0.0570385
512,12,-0.35506,0.805153
512,13,-0.0145247,-0.0145247
512,14,-0.576122,-0.576122
512,15,-0.164026,-0.164026
512,16,1.15044,-0.125954
512,17,0.560596,0.560596
512,18,0.284762,0.87185
512,19,-2.79508,-2.79508
512,20,2.02422,2.02422
513,1,3.20714,3.20714
513,2,-0.186405,-0.186405
513,3,2.58917,0.118146
513,4,-1.63865,-0.176114
513,5,-1.13737,-1.13737
513,6,-2.00331,-2.00331
513,7,-2.75346,-2.75346
513,8,0.59981,0.59981
513,9,-1.24098,-0.176158
513,10,1.90841,-0.0473349
513,11,-0.961122,0.0403499
513,12,-0.252023,0.898747
513,13,0.0422174,0.0422174
513,14,-0.621734,-0.621734
513,15,-0.209853,-0.209853
513,16,1.05767,-0.0542234
513,17,0.38513,0.38513
513,18,0.233172,0.912936
513,19,-3.02409,-3.02409
513,20,2.21199,2.21199
514,1,3.11795,3.11795
514,2,-0.172531,-0.172531
514,3,2.66084,0.104678
514,4,-1.90292,-0.0502311
514,5,-1.18901,-1.18901
514,6,-2.01625,-2.01625
514,7,-2.58818,-2.58818
514,8,0.553751,0.553751
514,9,-1.17354,-0.140657
514,10,2.11144,0.0517068
514,11,-0.991159,0.00891829
514,12,-0.0946367,0.985333
514,13,-0.00654767,-0.00654767
514,14,-0.604678,-0.604678
514,15,-0.163656,-0.163656
514,16,1.09577,-0.08609
514,17,0.343103,0.343103
514,18,0.280021,0.875918
514,19,-3.11502,-3.11502
514,20,2.31573,2.31573
515,1,2.89917,2.89917
515,2,0.0360285,0.0360285
515,3,2.4738,0.128237
515,4,-1.8324,-0.0872984
515,5,-1.0342,-1.0342
515,6,-1.88586,-1.88586
515,7,-2.60661,-2.60661
515,8,0.666087,0.666087
515,9,-1.10172,-0.0907675
515,10,2.09861,0.0462394
515,11,-1.07454,-0.0687336
515,12,-0.130087,0.972395
515,13,-0.141234,-0.141234
515,14,-0.462372,-0.462372
515,15,-0.00267707,-0.00267707
515,16,1.20489,-0.158547
515,17,0.418799,0.418799
515,18,0.490013,0.649276
515,19,-2.94363,-2.94363
515,20,2.1256,2.1256
516,1,2.84452,2.84452
516,2,0.22102,0.22102
516,3,2.19663,0.0839278
516,4,-1.50143,-0.212003
516,5,-0.876186,-0.876186
516,6,-1.75525,-1.75525
516,7,-2.69783,-2.69783
516,8,0.831565,0.831565
516,9,-1.07637,-0.070271
516,10,1.93524,-0.0332346
516,11,-1.03294,-0.0318304
516,12,-0.178,0.948691
516,13,-0.187949,-0.187949
516,14,-0.423326,-0.423326
516,15,0.0130606,0.0130606
516,16,1.23408,-0.17304
516,17,0.451014,0.451014
516,18,0.64519,0.44292
516,19,-2.65117,-2.65117
516,20,1.9006,1.9006
517,1,2.88957,2.88957
517,2,0.210369,0.210369
517,3,2.08287,0.0393368
517,4,-1.25687,-0.182902
517,5,-0.774186,-0.774186
517,6,-1.73329,-1.73329
517,7,-2.8158,-2.8158
517,8,0.953921,0.953921
517,9,-1.09331,-0.0841259
517,10,1.76048,-0.123574
517,11,-0.942447,0.0607359
517,12,-0.202291,0.934033
517,13,-0.182072,-0.182072
517,14,-0.541345,-0.541345
517,15,-0.0912495,-0.0912495
517,16,1.26342,-0.185501
517,17,0.577122,0.577122
517,18,0.568864,0.54651
517,19,-2.48749,-2.48749
517,20,1.88248,1.88248
518,1,2.99024,2.99024
518,2,0.0720294,0.0720294
518,3,2.19053,0.0818765
518,4,-1.19705,-0.154297
518,5,-0.763535,-0.763535
518,6,-1.84485,-1.84485
518,7,-2.92778,-2.92778
518,8,0.897362,0.897362
518,9,-1.20636,-0.159329
518,10,1.65751,-0.169004
518,11,-0.913157,0.0939266
518,12,-0.291054,0.866364
518,13,-0.0958882,-0.0958882
518,14,-0.587323,-0.587323
518,15,-0.156229,-0.156229
518,16,1.25388,-0.181679
518,17,0.665856,0.665856
518,18,0.382208,0.776443
518,19,-2.56562,-2.56562
518,20,1.94289,1.94289
519,1,3.12852,3.12852
519,2,-0.0751093,-0.0751093
519,3,2.38625,0.124967
519,4,-1.35054,-0.210183
519,5,-0.928303,-0.928303
519,6,-1.94411,-1.94411
519,7,-2.92342,-2.92342
519,8,0.738481,0.738481
519,9,-1.2722,-0.188821
519,10,1.70358,-0.149917
519,11,-0.940803,0.0625598
519,12,-0.36622,0.793535
519,13,-0.0126575,-0.0126575
519,14,-0.575157,-0.575157
519,15,-0.163818,-0.163818
519,16,1.14889,-0.124919
519,17,0.5669,0.5669
519,18,0.276632,0.87879
519,19,-2.8018,-2.8018
519,20,2.02252,2.02252
520,1,3.2116,3.2116
520,2,-0.195108,-0.195108
520,3,2.59656,0.116993
520,4,-1.64475,-0.173865
520,5,-1.14662,-1.14662
520,6,-2.00224,-2.00224
520,7,-2.75136,-2.75136
520,8,0.592725,0.592725
520,9,-1.24608,-0.178391
520,10,1.91009,-0.0464472
520,11,-0.961866,0.0395506
520,12,-0.261134,0.891545
520,13,0.0450253,0.0450253
520,14,-0.621671,-0.621671
520,15,-0.213008,-0.213008
520,16,1.05301,-0.0501056
520,17,0.380787,0.380787
520,18,0.228321,0.916428
520,19,-3.03336,-3.03336
520,20,2.21503,2.21503
521,1,3.12701,3.12701
521,2,-0.189642,-0.189642
521,3,2.67572,0.101291
521,4,-1.92329,-0.0394979
521,5,-1.20327,-1.20327
521,6,-2.02289,-2.02289
521,7,-2.57139,-2.57139
521,8,0.539732,0.539732
521,9,-1.18102,-0.145148
521,10,2.12317,0.056575
521,11,-0.985429,0.0147817
521,12,-0.0823779,0.988875
521,13,0.00215057,0.00215057
521,14,-0.614174,-0.614174
521,15,-0.177586,-0.177586
521,16,1.08514,-0.0775294
521,17,0.329857,0.329857
521,18,0.266854,0.88691
521,19,-3.13027,-3.13027
521,20,2.3284,2.3284
522,1,2.88897,2.88897
522,2,0.02734,0.02734
522,3,2.48179,0.128048
522,4,-1.85535,-0.0753084
522,5,-1.04084,-1.04084
522,6,-1.88349,-1.88349
522,7,-2.59408,-2.59408
522,8,0.659858,0.659858
522,9,-1.09871,-0.0884068
522,10,2.10651,0.0496256
522,11,-1.07691,-0.0707205
522,12,-0.124983,0.974502
522,13,-0.146916,-0.146916
522,14,-0.459787,-0.459787
522,15,0.000160327,0.000160327
522,16,1.20855,-0.160481
522,17,0.423857,0.423857
522,18,0.484751,0.655893
522,19,-2.9564,-2.9564
522,20,2.13028,2.13028
523,1,2.83175,2.83175
523,2,0.22826,0.22826
523,3,2.19138,0.0821653
523,4,-1.49973,-0.212245
523,5,-0.873665,-0.873665
523,6,-1.74709,-1.74709
523,7,-2.69158,-2.69158
523,8,0.830269,0.830269
523,9,-1.07606,-0.0700121
523,10,1.93621,-0.0327265
523,11,-1.03358,-0.0324258
523,12,-0.180544,0.947237
523,13,-0.191025,-0.191025
523,14,-0.409681,-0.409681
523,15,0.0213065,0.0213065
523,16,1.2343,-0.173142
523,17,0.447879,0.447879
523,18,0.657503,0.426054
523,19,-2.64751,-2.64751
523,20,1.88734,1.88734
524,1,2.88527,2.88527
524,2,0.215038,0.215038
524,3,2.06942,0.0332802
524,4,-1.25006,-0.180087
524,5,-0.77243,-0.77243
524,6,-1.72373,-1.72373
524,7,-2.80953,-2.80953
524,8,0.960243,0.960243
524,9,-1.09478,-0.0852977
524,10,1.75873,-0.124421
524,11,-0.931657,0.0727942
524,12,-0.197594,0.937002
524,13,-0.185248,-0.185248
524,14,-0.545117,-0.545117
524,15,-0.0951228,-0.0951228
524,16,1.25936,-0.183902
524,17,0.574593,0.574593
524,18,0.576414,0.536388
524,19,-2.47595,-2.47595
524,20,1.87082,1.87082
525,1,2.98489,2.98489
525,2,0.0717086,0.0717086
525,3,2.18071,0.0784885
525,4,-1.18507,-0.147516
525,5,-0.756478,-0.756478
525,6,-1.84116,-1.84116
525,7,-2.9294,-2.9294
525,8,0.903137,0.903137
525,9,-1.21084,-0.161673
525,10,1.64884,-0.172329
525,11,-0.902388,0.106484
525,12,-0.292881,0.864753
525,13,-0.0997083,-0.0997083
525,14,-0.59028,-0.59028
525,15,-0.159861,-0.159861
525,16,1.26078,-0.184466
525,17,0.682455,0.682455
525,18,0.378089,0.780896
525,19,-2.55468,-2.55468
525,20,1.93768,1.93768
526,1,3.12185,3.12185
526,2,-0.0730036,-0.0730036
526,3,2.37676,0.124013
526,4,-1.33309,-0.206695
526,5,-0.91808,-0.91808
526,6,-1.93717,-1.93717
526,7,-2.93615,-2.93615
526,8,0.743233,0.743233
526,9,-1.2787,-0.191156
526,10,1.68686,-0.157109
526,11,-0.940654,0.0627255
526,12,-0.387936,0.770194
526,13,-0.0171123,-0.0171123
526,14,-0.565916,-0.565916
526,15,-0.158162,-0.158162
526,16,1.15517,-0.129071
526,17,0.583042,0.583042
526,18,0.277552,0.878014
526,19,-2.79286,-2.79286
526,20,2.0078,2.0078
527,1,3.22009,3.22009
527,2,-0.206142,-0.206142
527,3,2.59539,0.117178
527,4,-1.63211,-0.178471
527,5,-1.14874,-1.14874
527,6,-1.99518,-1.99518
527,7,-2.75653,-2.75653
527,8,0.590019,0.590019
527,9,-1.25593,-0.182522
527,10,1.89441,-0.0547216
527,11,-0.962673,0.0386859
527,12,-0.275853,0.879446
527,13,0.0508646,0.0508646
527,14,-0.624048,-0.624048
527,15,-0.225037,-0.225037
527,16,1.04333,-0.0413984
527,17,0.374507,0.374507
527,18,0.220497,0.921922
527,19,-3.03126,-3.03126
527,20,2.20525,2.20525
528,1,3.14277,3.14277
528,2,-0.219118,-0.219118
528,3,2.69658,0.0962377
528,4,-1.93936,-0.0310782
528,5,-1.22225,-1.22225
528,6,-2.02963,-2.02963
528,7,-2.55653,-2.55653
528,8,0.525323,0.525323
528,9,-1.18348,-0.146589
528,10,2.12279,0.0564204
528,11,-0.977974,0.0225043
528,12,-0.0687211,0.99225
528,13,0.0134589,0.0134589
528,14,-0.627188,-0.627188
528,15,-0.199365,-0.199365
528,16,1.07341,-0.0677875
528,17,0.320772,0.320772
528,18,0.241274,0.906957
528,19,-3.14991,-3.14991
528,20,2.34621,2.34621
529,1,2.88053,2.88053
529,2,0.00827926,0.00827926
529,3,2.50368,0.127128
529,4,-1.88567,-0.0593343
529,5,-1.0532,-1.0532
529,6,-1.88615,-1.88615
529,7,-2.57987,-2.57987
529,8,0.648924,0.648924
529,9,-1.09497,-0.0854538
529,10,2.11616,0.0536805
529,11,-1.08066,-0.0738459
529,12,-0.119531,0.976663
529,13,-0.149825,-0.149825
529,14,-0.457945,-0.457945
529,15,0.00182309,0.00182309
529,16,1.20772,-0.160042
529,17,0.427615,0.427615
529,18,0.473098,0.670419
529,19,-2.97926,-2.97926
529,20,2.14514,2.14514
530,1,2.82187,2.82187
530,2,0.228513,0.228513
530,3,2.1968,0.0839843
530,4,-1.5134,-0.210141
530,5,-0.879512,-0.879512
530,6,-1.74382,-1.74382
530,7,-2.6787,-2.6787
530,8,0.820576,0.820576
530,9,-1.07813,-0.0717434
530,10,1.94786,-0.0266462
530,11,-1.03372,-0.0325617
530,12,-0.177876,0.948761
530,13,-0.190404,-0.190404
530,14,-0.397372,-0.397372
530,15,0.0296234,0.0296234
530,16,1.22748,-0.169946
530,17,0.435182,0.435182
530,18,0.667162,0.412817
530,19,-2.65679,-2.65679
530,20,1.88003,1.88003
531,1,2.87671,2.87671
531,2,0.223757,0.223757
531,3,2.0555,0.0268641
531,4,-1.25285,-0.181253
531,5,-0.774951,-0.774951
531,6,-1.71164,-1.71164
531,7,-2.79708,-2.79708
531,8,0.9657,0.9657
531,9,-1.09006,-0.0815233
531,10,1.76431,-0.121709
531,11,-0.923294,0.0822769
531,12,-0.18966,0.941872
531,13,-0.194106,-0.194106
531,14,-0.543176,-0.543176
531,15,-0.0922826,-0.0922826
531,16,1.258,-0.183359
531,17,0.571206,0.571206
531,18,0.590559,0.517332
531,19,-2.46722,-2.46722
531,20,1.85911,1.85911
532,1,2.97715,2.97715
532,2,0.0751739,0.0751739
532,3,2.16876,0.0742206
532,4,-1.1736,-0.140697
532,5,-0.749497,-0.749497
532,6,-1.83663,-1.83663
532,7,-2.9237,-2.9237
532,8,0.909425,0.909425
532,9,-1.21699,-0.164806
532,10,1.648,-0.172644
532,11,-0.886805,0.12497
532,12,-0.287992,0.869046
532,13,-0.101594,-0.101594
532,14,-0.596755,-0.596755
532,15,-0.165756,-0.165756
532,16,1.26521,-0.186193
532,17,0.693146,0.693146
532,18,0.378504,0.780449
532,19,-2.53969,-2.53969
532,20,1.93517,1.93517
533,1,3.1216,3.1216
533,2,-0.0789112,-0.0789112
533,3,2.37181,0.123469
533,4,-1.32751,-0.205427
533,5,-0.913688,-0.913688
533,6,-1.94023,-1.94023
533,7,-2.93629,-2.93629
533,8,0.741175,0.741175
533,9,-1.29646,-0.197014
533,10,1.68096,-0.159577
533,11,-0.925796,0.0794276
533,12,-0.397096,0.76007
533,13,-0.0147634,-0.0147634
533,14,-0.567698,-0.567698
533,15,-0.162481,-0.162481
533,16,1.15573,-0.129434
533,17,0.597128,0.597128
533,18,0.267171,0.886651
533,19,-2.78999,-2.78999
533,20,2.00276,2.00276
534,1,3.22162,3.22162
534,2,-0.216594,-0.216594
534,3,2.59764,0.116818
534,4,-1.63166,-0.178631
534,5,-1.1548,-1.1548
534,6,-1.99165,-1.99165
534,7,-2.75729,-2.75729
534,8,0.584553,0.584553
534,9,-1.2677,-0.187143
534,10,1.88731,-0.0584703
534,11,-0.957331,0.0444373
534,12,-0.295639,0.862304
534,13,0.052147,0.052147
534,14,-0.622272,-0.622272
534,15,-0.227502,-0.227502
534,16,1.03933,-0.0377456
534,17,0.380882,0.380882
534,18,0.211902,0.927758
534,19,-3.03747,-3.03747
534,20,2.20273,2.20273
535,1,3.14892,3.14892
535,2,-0.236203,-0.236203
535,3,2.70586,0.0938824
535,4,-1.94926,-0.0259184
535,5,-1.23269,-1.23269
535,6,-2.02617,-2.02617
535,7,-2.54663,-2.54663
535,8,0.514842,0.514842
535,9,-1.19051,-0.15064
535,10,2.12146,0.0558745
535,11,-0.976304,0.024249
535,12,-0.0739526,0.991028
535,13,0.0188447,0.0188447
535,14,-0.629039,-0.629039
535,15,-0.211424,-0.211424
535,16,1.06593,-0.0614092
535,17,0.314691,0.314691
535,18,0.229692,0.915447
535,19,-3.16063,-3.16063
535,20,2.35045,2.35045
536,1,2.88165,2.88165
536,2,-0.0100891,-0.0100891
536,3,2.51822,0.126196
536,4,-1.90712,-0.0480145
536,5,-1.0659,-1.0659
536,6,-1.88864,-1.88864
536,7,-2.56067,-2.56067
536,8,0.636174,0.636174
536,9,-1.09718,-0.0872063
536,10,2.12285,0.0564443
536,11,-1.07557,-0.0696045
536,12,-0.107042,0.981259
536,13,-0.146341,-0.146341
536,14,-0.462785,-0.462785
536,15,-0.00755286,-0.00755286
536,16,1.1989,-0.155315
536,17,0.421309,0.421309
536,18,0.461585,0.684586
536,19,-2.99417,-2.99417
536,20,2.15413,2.15413
537,1,2.81104,2.81104
537,2,0.221629,0.221629
537,3,2.20482,0.0866178
537,4,-1.53005,-0.207112
537,5,-0.887611,-0.887611
537,6,-1.74047,-1.74047
537,7,-2.66269,-2.66269
537,8,0.811803,0.811803
537,9,-1.07721,-0.0709724
537,10,1.95572,-0.0225673
537,11,-1.03112,-0.0301317
537,12,-0.172823,0.951589
537,13,-0.19193,-0.19193
537,14,-0.389386,-0.389386
537,15,0.0336821,0.0336821
537,16,1.22605,-0.169263
537,17,0.433935,0.433935
537,18,0.666366,0.413909
537,19,-2.66835,-2.66835
537,20,1.88,1.88
538,1,2.86321,2.86321
538,2,0.232134,0.232134
538,3,2.04645,0.0226185
538,4,-1.25323,-0.181411
538,5,-0.774563,-0.774563
538,6,-1.69863,-1.69863
538,7,-2.78641,-2.78641
538,8,0.968045,0.968045
538,9,-1.08568,-0.0779717
538,10,1.76638,-0.120703
538,11,-0.919221,0.0869379
538,12,-0.190592,0.941309
538,13,-0.201039,-0.201039
538,14,-0.529805,-0.529805
538,15,-0.0844138,-0.0844138
538,16,1.25844,-0.183534
538,17,0.569565,0.569565
538,18,0.605628,0.496913
538,19,-2.4615,-2.4615
538,20,1.84645,1.84645
539,1,2.96673,2.96673
539,2,0.0828347,0.0828347
539,3,2.15147,0.0677768
539,4,-1.16047,-0.132499
539,5,-0.740483,-0.740483
539,6,-1.82247,-1.82247
539,7,-2.91919,-2.91919
539,8,0.920268,0.920268
539,9,-1.21887,-0.165748
539,10,1.64208,-0.174853
539,11,-0.876369,0.137552
539,12,-0.286926,0.869975
539,13,-0.107523,-0.107523
539,14,-0.598781,-0.598781
539,15,-0.168916,-0.168916
539,16,1.26589,-0.186452
539,17,0.69805,0.69805
539,18,0.388412,0.769672
539,19,-2.52094,-2.52094
539,20,1.92158,1.92158
540,1,3.11562,3.11562
540,2,-0.0785532,-0.0785532
540,3,2.35649,0.12158
540,4,-1.30737,-0.200236
540,5,-0.90073,-0.90073
540,6,-1.93329,-1.93329
540,7,-2.94202,-2.94202
540,8,0.749286,0.749286
540,9,-1.30511,-0.199591
540,10,1.66317,-0.166788
540,11,-0.915258,0.0914979
540,12,-0.404524,0.751743
540,13,-0.0188571,-0.0188571
540,14,-0.568458,-0.568458
540,15,-0.166955,-0.166955
540,16,1.16227,-0.133644
540,17,0.616326,0.616326
540,18,0.26317,0.889905
540,19,-2.77329,-2.77329
540,20,1.98851,1.98851
541,1,3.22498,3.22498
541,2,-0.226532,-0.226532
541,3,2.59532,0.117189
541,4,-1.61469,-0.184476
541,5,-1.15391,-1.15391
541,6,-1.98954,-1.98954
541,7,-2.76442,-2.76442
541,8,0.583263,0.583263
541,9,-1.28109,-0.19199
541,10,1.86942,-0.0679082
541,11,-0.949721,0.0527211
541,12,-0.313512,0.845984
541,13,0.0556828,0.0556828
541,14,-0.621621,-0.621621
541,15,-0.233369,-0.233369
541,16,1.03528,-0.0340117
541,17,0.390381,0.390381
541,18,0.201461,0.934562
541,19,-3.03399,-3.03399
541,20,2.19371,2.19371
542,1,3.1666,3.1666
542,2,-0.264933,-0.264933
542,3,2.7252,0.0887689
542,4,-1.96176,-0.0194451
542,5,-1.25314,-1.25314
542,6,-2.03277,-2.03277
542,7,-2.53544,-2.53544
542,8,0.498484,0.498484
542,9,-1.20412,-0.158135
542,10,2.12283,0.0564359
542,11,-0.964667,0.0365523
542,12,-0.0756434,0.990614
542,13,0.0327963,0.0327963
542,14,-0.640432,-0.640432
542,15,-0.230592,-0.230592
542,16,1.04973,-0.0471845
542,17,0.304998,0.304998
542,18,0.205727,0.93182
542,19,-3.18138,-3.18138
542,20,2.36482,2.36482
543,1,2.88303,2.88303
543,2,-0.0351998,-0.0351998
543,3,2.54263,0.124069
543,4,-1.94633,-0.027443
543,5,-1.08573,-1.08573
543,6,-1.89485,-1.89485
543,7,-2.54084,-2.54084
543,8,0.619007,0.619007
543,9,-1.10105,-0.0902416
543,10,2.13892,0.0629056
543,11,-1.07194,-0.0665438
543,12,-0.0986663,0.984063
543,13,-0.145727,-0.145727
543,14,-0.469176,-0.469176
543,15,-0.0131727,-0.0131727
543,16,1.194,-0.152605
543,17,0.420524,0.420524
543,18,0.444276,0.705518
543,19,-3.02336,-3.02336
543,20,2.17363,2.17363
544,1,2.79479,2.79479
544,2,0.222198,0.222198
544,3,2.21059,0.0884644
544,4,-1.54805,-0.203281
544,5,-0.89197,-0.89197
544,6,-1.73447,-1.73447
544,7,-2.64979,-2.64979
544,8,0.801294,0.801294
544,9,-1.07619,-0.0701205
544,10,1.96617,-0.0171715
544,11,-1.03788,-0.0364087
544,12,-0.175379,0.950168
544,13,-0.196994,-0.196994
544,14,-0.372619,-0.372619
544,15,0.0465088,0.0465088
544,16,1.22778,-0.170087
544,17,0.431299,0.431299
544,18,0.675359,0.401588
544,19,-2.67888,-2.67888
544,20,1.87288,1.87288
545,1,2.85313,2.85313
545,2,0.242259,0.242259
545,3,2.03155,0.0155067
545,4,-1.2521,-0.180943
545,5,-0.775642,-0.775642
545,6,-1.68501,-1.68501
545,7,-2.77234,-2.77234
545,8,0.971694,0.971694
545,9,-1.08365,-0.0763094
545,10,1.77077,-0.118551
545,11,-0.912169,0.0950713
545,12,-0.184517,0.944929
545,13,-0.206476,-0.206476
545,14,-0.525248,-0.525248
545,15,-0.0822403,-0.0822403
545,16,1.25274,-0.18121
545,17,0.558968,0.558968
545,18,0.623042,0.473201
545,19,-2.45046,-2.45046
545,20,1.83025,1.83025
546,1,2.95491,2.95491
546,2,0.0882039,0.0882039
546,3,2.13287,0.0605012
546,4,-1.14697,-0.123631
546,5,-0.730709,-0.730709
546,6,-1.81149,-1.81149
546,7,-2.91475,-2.91475
546,8,0.932417,0.932417
546,9,-1.21935,-0.165987
546,10,1.63587,-0.177122
546,11,-0.86243,0.154595
546,12,-0.281236,0.874881
546,13,-0.115335,-0.115335
546,14,-0.604451,-0.604451
546,15,-0.173818,-0.173818
546,16,1.2731,-0.189149
546,17,0.712528,0.712528
546,18,0.391276,0.766522
546,19,-2.50104,-2.50104
546,20,1.91235,1.91235
547,1,3.10957,3.10957
547,2,-0.0787362,-0.0787362
547,3,2.34431,0.11986
547,4,-1.28667,-0.193881
547,5,-0.887901,-0.887901
547,6,-1.93091,-1.93091
547,7,-2.95018,-2.95018
547,8,0.753433,0.753433
547,9,-1.31935,-0.20344
547,10,1.64748,-0.17284
547,11,-0.902265,0.106628
547,12,-0.417915,0.736476
547,13,-0.0196745,-0.0196745
547,14,-0.565879,-0.565879
547,15,-0.167955,-0.167955
547,16,1.16798,-0.137235
547,17,0.636523,0.636523
547,18,0.258019,0.894032
547,19,-2.76039,-2.76039
547,20,1.9753,1.9753
548,1,3.22512,3.22512
548,2,-0.233387,-0.233387
548,3,2.5891,0.118158
548,4,-1.59854,-0.18966
548,5,-1.15174,-1.15174
548,6,-1.98044,-1.98044
548,7,-2.77602,-2.77602
548,8,0.585659,0.585659
548,9,-1.29341,-0.196064
548,10,1.8489,-0.0786878
548,11,-0.947466,0.0551958
548,12,-0.341562,0.818845
548,13,0.0541959,0.0541959
548,14,-0.617235,-0.617235
548,15,-0.235324,-0.235324
548,16,1.033,-0.0318932
548,17,0.400974,0.400974
548,18,0.195849,0.938089
548,19,-3.02953,-3.02953
548,20,2.17888,2.17888
549,1,3.18787,3.18787
549,2,-0.295822,-0.295822
549,3,2.74258,0.0839599
549,4,-1.967,-0.0167464
549,5,-1.27195,-1.27195
549,6,-2.03555,-2.03555
549,7,-2.5245,-2.5245
549,8,0.481688,0.481688
549,9,-1.21729,-0.164957
549,10,2.11737,0.0541862
549,11,-0.956451,0.0453902
549,12,-0.076937,0.990292
549,13,0.0495244,0.0495244
549,14,-0.652154,-0.652154
549,15,-0.257398,-0.257398
549,16,1.03195,-0.0309059
549,17,0.290725,0.290725
549,18,0.179896,0.947609
549,19,-3.19738,-3.19738
549,20,2.37612,2.37612
550,1,2.89052,2.89052
550,2,-0.0731653,-0.0731653
550,3,2.5763,0.12002
550,4,-1.99289,-0.0035695
550,5,-1.1127,-1.1127
550,6,-1.90679,-1.90679
550,7,-2.51271,-2.51271
550,8,0.5973,0.5973
550,9,-1.10498,-0.0932904
550,10,2.15548,0.0692996
550,11,-1.06371,-0.0594919
550,12,-0.0785595,0.989879
550,13,-0.139978,-0.139978
550,14,-0.484403,-0.484403
550,15,-0.029287,-0.029287
550,16,1.1821,-0.145783
550,17,0.415675,0.415675
550,18,0.414936,0.739901
550,19,-3.05912,-3.05912
550,20,2.20325,2.20325
551,1,2.78145,2.78145
551,2,0.207039,0.207039
551,3,2.23471,0.0957665
551,4,-1.58634,-0.193321
551,5,-0.908806,-0.908806
551,6,-1.73774,-1.73774
551,7,-2.62503,-2.62503
551,8,0.777507,0.777507
551,9,-1.08037,-0.0736013
551,10,1.98858,-0.00574336
551,11,-1.03925,-0.037676
551,12,-0.169597,0.953354
551,13,-0.194541,-0.194541
551,14,-0.359732,-0.359732
551,15,0.0548026,0.0548026
551,16,1.22322,-0.167891
551,17,0.423574,0.423574
551,18,0.670432,0.408337
551,19,-2.70944,-2.70944
551,20,1.88051,1.88051
552,1,2.83931,2.83931
552,2,0.251182,0.251182
552,3,2.02505,0.0123593
552,4,-1.27151,-0.188565
552,5,-0.786964,-0.786964
552,6,-1.67169,-1.67169
552,7,-2.74551,-2.74551
552,8,0.965018,0.965018
552,9,-1.08044,-0.0736636
552,10,1.78816,-0.109915
552,11,-0.90556,0.102766
552,12,-0.177334,0.949068
552,13,-0.21333,-0.21333
552,14,-0.508521,-0.508521
552,15,-0.0719564,-0.0719564
552,16,1.24551,-0.178145
552,17,0.542652,0.542652
552,18,0.644586,0.443747
552,19,-2.45399,-2.45399
552,20,1.81558,1.81558
553,1,2.93405,2.93405
553,2,0.103476,0.103476
553,3,2.10752,0.0500538
553,4,-1.13849,-0.117839
553,5,-0.722711,-0.722711
553,6,-1.7892,-1.7892
553,7,-2.89827,-2.89827
553,8,0.946953,0.946953
553,9,-1.21288,-0.162721
553,10,1.63829,-0.176246
553,11,-0.84746,0.173186
553,12,-0.272678,0.882104
553,13,-0.128552,-0.128552
553,14,-0.604633,-0.604633
553,15,-0.174159,-0.174159
553,16,1.27924,-0.191345
553,17,0.720266,0.720266
553,18,0.410059,0.745472
553,19,-2.47611,-2.47611
553,20,1.90005,1.90005
554,1,3.09299,3.09299
554,2,-0.0704565,-0.0704565
554,3,2.317,0.115295
554,4,-1.25813,-0.183411
554,5,-0.862301,-0.862301
554,6,-1.91829,-1.91829
554,7,-2.9535,-2.9535
554,8,0.767958,0.767958
554,9,-1.33115,-0.206262
554,10,1.62742,-0.18013
554,11,-0.885254,0.12683
554,12,-0.426009,0.727094
554,13,-0.0262513,-0.0262513
554,14,-0.564734,-0.564734
554,15,-0.172234,-0.172234
554,16,1.17987,-0.144466
554,17,0.664127,0.664127
554,18,0.259345,0.892977
554,19,-2.72997,-2.72997
554,20,1.95532,1.95532
555,1,3.21649,3.21649
555,2,-0.233614,-0.233614
555,3,2.56729,0.121227
555,4,-1.56092,-0.200202
555,5,-1.13338,-1.13338
555,6,-1.96457,-1.96457
555,7,-2.7963,-2.7963
555,8,0.597787,0.597787
555,9,-1.30748,-0.200266
555,10,1.80967,-0.0990169
555,11,-0.942032,0.0611951
555,12,-0.377497,0.781534
555,13,0.0478045,0.0478045
555,14,-0.607944,-0.607944
555,15,-0.234996,-0.234996
555,16,1.03732,-0.0358983
555,17,0.427833,0.427833
555,18,0.192411,0.940204
555,19,-3.00752,-3.00752
555,20,2.14904,2.14904
556,1,3.21209,3.21209
556,2,-0.328825,-0.328825
556,3,2.75325,0.0809106
556,4,-1.94979,-0.0256444
556,5,-1.28607,-1.28607
556,6,-2.03186,-2.03186
556,7,-2.52421,-2.52421
556,8,0.469617,0.469617
556,9,-1.23358,-0.172809
556,10,2.09168,0.0432285
556,11,-0.946875,0.0558451
556,12,-0.0950188,0.985215
556,13,0.0687511,0.0687511
556,14,-0.660548,-0.660548
556,15,-0.287433,-0.287433
556,16,1.01125,-0.0111206
556,17,0.281791,0.281791
556,18,0.151177,0.962828
556,19,-3.20489,-3.20489
556,20,2.37725,2.37725
557,1,2.903,2.903
557,2,-0.116321,-0.116321
557,3,2.61133,0.114516
557,4,-2.03227,0.0158507
557,5,-1.13989,-1.13989
557,6,-1.91513,-1.91513
557,7,-2.49098,-2.49098
557,8,0.579688,0.579688
557,9,-1.10269,-0.091518
557,10,2.16026,0.0710913
557,11,-1.05681,-0.0534723
557,12,-0.0639871,0.993279
557,13,-0.13582,-0.13582
557,14,-0.49935,-0.49935
557,15,-0.0477775,-0.0477775
557,16,1.1704,-0.138739
557,17,0.414943,0.414943
557,18,0.382854,0.775741
557,19,-3.09402,-3.09402
557,20,2.23428,2.23428
558,1,2.76682,2.76682
558,2,0.190183,0.190183
558,3,2.2628,0.103387
558,4,-1.61962,-0.182819
558,5,-0.921894,-0.921894
558,6,-1.7394,-1.7394
558,7,-2.6072,-2.6072
558,8,0.757695,0.757695
558,9,-1.07842,-0.0719832
558,10,2.00413,0.00205966
558,11,-1.04824,-0.0458449
558,12,-0.167847,0.954298
558,13,-0.194157,-0.194157
558,14,-0.345814,-0.345814
558,15,0.0648325,0.0648325
558,16,1.21958,-0.1661
558,17,0.418848,0.418848
558,18,0.66627,0.41404
558,19,-2.73804,-2.73804
558,20,1.89126,1.89126
559,1,2.82507,2.82507
559,2,0.261405,0.261405
559,3,2.01826,0.00904023
559,4,-1.28624,-0.193737
559,5,-0.793886,-0.793886
559,6,-1.65703,-1.65703
559,7,-2.72589,-2.72589
559,8,0.963353,0.963353
559,9,-1.07178,-0.0664073
559,10,1.79973,-0.104078
559,11,-0.907068,0.101003
559,12,-0.171853,0.952123
559,13,-0.222033,-0.222033
559,14,-0.490054,-0.490054
559,15,-0.0586859,-0.0586859
559,16,1.23836,-0.174988
559,17,0.525634,0.525634
559,18,0.668656,0.410771
559,19,-2.4546,-2.4546
559,20,1.79874,1.79874
560,1,2.91971,2.91971
560,2,0.115695,0.115695
560,3,2.08692,0.0411321
560,4,-1.12916,-0.111273
560,5,-0.717597,-0.717597
560,6,-1.77201,-1.77201
560,7,-2.88358,-2.88358
560,8,0.961142,0.961142
560,9,-1.2067,-0.159506
560,10,1.64215,-0.174829
560,11,-0.832893,0.191544
560,12,-0.256252,0.895432
560,13,-0.137501,-0.137501
560,14,-0.611445,-0.611445
560,15,-0.178013,-0.178013
560,16,1.28006,-0.191633
560,17,0.720031,0.720031
560,18,0.425989,0.727118
560,19,-2.45347,-2.45347
560,20,1.89093,1.89093
561,1,3.08096,3.08096
561,2,-0.0645316,-0.0645316
561,3,2.29674,0.111284
561,4,-1.23713,-0.174434
561,5,-0.842806,-0.842806
561,6,-1.91452,-1.91452
561,7,-2.95591,-2.95591
561,8,0.779989,0.779989
561,9,-1.3414,-0.208446
561,10,1.61529,-0.184275
561,11,-0.866791,0.149234
561,12,-0.426786,0.726188
561,13,-0.0319747,-0.0319747
561,14,-0.566504,-0.566504
561,15,-0.17485,-0.17485
561,16,1.19236,-0.151684
561,17,0.6918,0.6918
561,18,0.256706,0.895073
561,19,-2.70686,-2.70686
561,20,1.94407,1.94407
562,1,3.20628,3.20628
562,2,-0.227052,-0.227052
562,3,2.54782,0.123527
562,4,-1.52874,-0.20737
562,5,-1.11639,-1.11639
562,6,-1.95341,-1.95341
562,7,-2.8188,-2.8188
562,8,0.609167,0.609167
562,9,-1.32084,-0.203815
562,10,1.78174,-0.113124
562,11,-0.937763,0.065946
562,12,-0.414626,0.740256
562,13,0.0399725,0.0399725
562,14,-0.596278,-0.596278
562,15,-0.225061,-0.225061
562,16,1.04465,-0.0425998
562,17,0.454828,0.454828
562,18,0.195511,0.938299
562,19,-2.9895,-2.9895
562,20,2.12352,2.12352
563,1,3.23314,3.23314
563,2,-0.351261,-0.351261
563,3,2.75573,0.0801931
563,4,-1.92982,-0.0360723
563,5,-1.29379,-1.29379
563,6,-2.02435,-2.02435
563,7,-2.53022,-2.53022
563,8,0.462176,0.462176
563,9,-1.25077,-0.180387
563,10,2.06809,0.0326728
563,11,-0.944057,0.0589531
563,12,-0.119681,0.976605
563,13,0.0838961,0.0838961
563,14,-0.666599,-0.666599
563,15,-0.312689,-0.312689
563,16,0.995115,0.00490875
563,17,0.27189,0.27189
563,18,0.131037,0.971994
563,19,-3.20552,-3.20552
563,20,2.37222,2.37222
564,1,2.92767,2.92767
564,2,-0.163608,-0.163608
564,3,2.6485,0.107342
564,4,-2.06961,0.0333685
564,5,-1.17078,-1.17078
564,6,-1.9317,-1.9317
564,7,-2.46504,-2.46504
564,8,0.556734,0.556734
564,9,-1.10708,-0.0949069
564,10,2.16735,0.0737065
564,11,-1.04426,-0.0422459
564,12,-0.039189,0.997476
564,13,-0.121622,-0.121622
564,14,-0.523781,-0.523781
564,15,-0.0785366,-0.0785366
564,16,1.15148,-0.126646
564,17,0.404069,0.404069
564,18,0.34294,0.817465
564,19,-3.12896,-3.12896
564,20,2.26999,2.26999
565,1,2.75265,2.75265
565,2,0.163146,0.163146
565,3,2.29951,0.111862
565,4,-1.66738,-0.165114
565,5,-0.940862,-0.940862
565,6,-1.7447,-1.7447
565,7,-2.58636,-2.58636
565,8,0.734254,0.734254
565,9,-1.07471,-0.0688806
565,10,2.02307,0.0113912
565,11,-1.05895,-0.0553481
565,12,-0.164046,0.956317
565,13,-0.194698,-0.194698
565,14,-0.336999,-0.336999
565,15,0.0720878,0.0720878
565,16,1.21911,-0.165866
565,17,0.420431,0.420431
565,18,0.649518,0.436993
565,19,-2.77807,-2.77807
565,20,1.91348,1.91348
566,1,2.80756,2.80756
566,2,0.271424,0.271424
566,3,2.0194,0.00960194
566,4,-1.30665,-0.200031
566,5,-0.802251,-0.802251
566,6,-1.64448,-1.64448
566,7,-2.70453,-2.70453
566,8,0.954177,0.954177
566,9,-1.06402,-0.0597607
566,10,1.81483,-0.0963748
566,11,-0.914056,0.0928862
566,12,-0.169764,0.953263
566,13,-0.227827,-0.227827
566,14,-0.460997,-0.460997
566,15,-0.0399613,-0.0399613
566,16,1.23086,-0.171545
566,17,0.503797,0.503797
566,18,0.69481,0.374973
566,19,-2.46322,-2.46322
566,20,1.78182,1.78182
567,1,2.90006,2.90006
567,2,0.136198,0.136198
567,3,2.05927,0.0286181
567,4,-1.12144,-0.105683
567,5,-0.712133,-0.712133
567,6,-1.74511,-1.74511
567,7,-2.86712,-2.86712
567,8,0.980811,0.980811
567,9,-1.19172,-0.151325
567,10,1.64603,-0.173385
567,11,-0.823717,0.203237
567,12,-0.239791,0.908064
567,13,-0.153137,-0.153137
567,14,-0.61248,-0.61248
567,15,-0.176051,-0.176051
567,16,1.27999,-0.191606
567,17,0.714162,0.714162
567,18,0.455059,0.692532
567,19,-2.42662,-2.42662
567,20,1.87262,1.87262
568,1,3.06673,3.06673
568,2,-0.054466,-0.054466
568,3,2.26901,0.104942
568,4,-1.20666,-0.159487
568,5,-0.81773,-0.81773
568,6,-1.9069,-1.9069
568,7,-2.95723,-2.95723
568,8,0.798551,0.798551
568,9,-1.34941,-0.209979
568,10,1.60094,-0.188912
568,11,-0.845115,0.176125
568,12,-0.417971,0.736412
568,13,-0.0382789,-0.0382789
568,14,-0.574961,-0.574961
568,15,-0.18326,-0.18326
568,16,1.20596,-0.159113
568,17,0.718561,0.718561
568,18,0.257079,0.894778
568,19,-2.6722,-2.6722
568,20,1.93051,1.93051
569,1,3.19718,3.19718
569,2,-0.22142,-0.22142
569,3,2.5268,0.125527
569,4,-1.49222,-0.21325
569,5,-1.0958,-1.0958
569,6,-1.94988,-1.94988
569,7,-2.84305,-2.84305
569,8,0.621656,0.621656
569,9,-1.34036,-0.208235
569,10,1.75196,-0.127681
569,11,-0.924439,0.0809719
569,12,-0.446621,0.702709
569,13,0.0334105,0.0334105
569,14,-0.588267,-0.588267
569,15,-0.216322,-0.216322
569,16,1.05424,-0.0511991
569,17,0.490534,0.490534
569,18,0.192807,0.939962
569,19,-2.9688,-2.9688
569,20,2.09762,2.09762
570,1,3.24938,3.24938
570,2,-0.367829,-0.367829
570,3,2.75377,0.080761
570,4,-1.90255,-0.0504248
570,5,-1.29904,-1.29904
570,6,-2.01546,-2.01546
570,7,-2.54743,-2.54743
570,8,0.459662,0.459662
570,9,-1.27031,-0.188121
570,10,2.04109,0.0200759
570,11,-0.941622,0.0616498
570,12,-0.160991,0.957909
570,13,0.0935058,0.0935058
570,14,-0.666946,-0.666946
570,15,-0.326602,-0.326602
570,16,0.984085,0.0161656
570,17,0.273542,0.273542
570,18,0.11554,0.978185
570,19,-3.20418,-3.20418
570,20,2.362,2.362
571,1,2.96662,2.96662
571,2,-0.214929,-0.214929
571,3,2.68937,0.0980227
571,4,-2.10412,0.0486082
571,5,-1.20768,-1.20768
571,6,-1.95472,-1.95472
571,7,-2.43882,-2.43882
571,8,0.526203,0.526203
571,9,-1.12371,-0.107339
571,10,2.17963,0.0781067
571,11,-1.02558,-0.0249176
571,12,-0.0169692,0.999526
571,13,-0.0963585,-0.0963585
571,14,-0.554276,-0.554276
571,15,-0.118345,-0.118345
571,16,1.12302,-0.10684
571,17,0.380325,0.380325
571,18,0.298919,0.859367
571,19,-3.16707,-3.16707
571,20,2.30903,2.30903
572,1,2.74121,2.74121
572,2,0.127503,0.127503
572,3,2.34102,0.119361
572,4,-1.73167,-0.137243
572,5,-0.96526,-0.96526
572,6,-1.75133,-1.75133
572,7,-2.56266,-2.56266
572,8,0.708466,0.708466
572,9,-1.06829,-0.0634381
572,10,2.04574,0.0222817
572,11,-1.07261,-0.0671088
572,12,-0.157886,0.959496
572,13,-0.199579,-0.199579
572,14,-0.335963,-0.335963
572,15,0.0758416,0.0758416
572,16,1.22254,-0.167562
572,17,0.428303,0.428303
572,18,0.623247,0.472921
572,19,-2.82692,-2.82692
572,20,1.94499,1.94499
573,1,2.7894,2.7894
573,2,0.277311,0.277311
573,3,2.03115,0.0153114
573,4,-1.33265,-0.206597
573,5,-0.813653,-0.813653
573,6,-1.63872,-1.63872
573,7,-2.6787,-2.6787
573,8,0.935085,0.935085
573,9,-1.06195,-0.0579654
573,10,1.83509,-0.0858988
573,11,-0.923771,0.0817327
573,12,-0.166394,0.955075
573,13,-0.227227,-0.227227
573,14,-0.428506,-0.428506
573,15,-0.0209922,-0.0209922
573,16,1.2214,-0.166999
573,17,0.477005,0.477005
573,18,0.717202,0.344444
573,19,-2.47988,-2.47988
573,20,1.76929,1.76929
574,1,2.8816,2.8816
574,2,0.155699,0.155699
574,3,2.03346,0.0164223
574,4,-1.12671,-0.109514
574,5,-0.715099,-0.715099
574,6,-1.71764,-1.71764
574,7,-2.84174,-2.84174
574,8,0.995627,0.995627
574,9,-1.17434,-0.141146
574,10,1.65792,-0.168846
574,11,-0.814108,0.215579
574,12,-0.219309,0.922741
574,13,-0.16921,-0.16921
574,14,-0.610343,-0.610343
574,15,-0.17194,-0.17194
574,16,1.27519,-0.189908
574,17,0.699724,0.699724
574,18,0.486531,0.653658
574,19,-2.40762,-2.40762
574,20,1.85358,1.85358
575,1,3.04238,3.04238
575,2,-0.0362559,-0.0362559
575,3,2.23622,0.0962024
575,4,-1.17543,-0.141808
575,5,-0.790138,-0.790138
575,6,-1.89083,-1.89083
575,7,-2.95514,-2.95514
575,8,0.822922,0.822922
575,9,-1.34599,-0.209343
575,10,1.58884,-0.192589
575,11,-0.825616,0.200809
575,12,-0.407588,0.748278
575,13,-0.0513357,-0.0513357
575,14,-0.578774,-0.578774
575,15,-0.186416,-0.186416
575,16,1.2254,-0.168948
575,17,0.748326,0.748326
575,18,0.267475,0.886402
575,19,-2.63153,-2.63153
575,20,1.91802,1.91802
576,1,3.17758,3.17758
576,2,-0.202193,-0.202193
576,3,2.4886,0.127825
576,4,-1.43992,-0.217135
576,5,-1.05665,-1.05665
576,6,-1.935,-1.935
576,7,-2.87519,-2.87519
576,8,0.645248,0.645248
576,9,-1.3556,-0.211061
576,10,1.71082,-0.146721
576,11,-0.916824,0.089693
576,12,-0.483964,0.65688
576,13,0.0199542,0.0199542
576,14,-0.572016,-0.572016
576,15,-0.202416,-0.202416
576,16,1.07272,-0.0672006
576,17,0.533959,0.533959
576,18,0.202124,0.93414
576,19,-2.92961,-2.92961
576,20,2.0553,2.0553
577,1,3.26724,3.26724
577,2,-0.381646,-0.381646
577,3,2.74009,0.0846592
577,4,-1.8501,-0.0780599
577,5,-1.29424,-1.29424
577,6,-1.99965,-1.99965
577,7,-2.57431,-2.57431
577,8,0.464485,0.464485
577,9,-1.29115,-0.195343
577,10,1.99288,-0.00357027
577,11,-0.939981,0.0634734
577,12,-0.207915,0.930393
577,13,0.104632,0.104632
577,14,-0.667796,-0.667796
577,15,-0.346785,-0.346785
577,16,0.970135,0.0307389
577,17,0.276045,0.276045
577,18,0.100384,0.983506
577,19,-3.18671,-3.18671
577,20,2.33681,2.33681
578,1,3.01765,3.01765
578,2,-0.282239,-0.282239
578,3,2.73896,0.0849776
578,4,-2.13395,0.060934
578,5,-1.25164,-1.25164
578,6,-1.98002,-1.98002
578,7,-2.41245,-2.41245
578,8,0.493801,0.493801
578,9,-1.13877,-0.118034
578,10,2.18066,0.0784687
578,11,-1.00208,-0.00207336
578,12,0.00757846,0.999906
578,13,-0.0627829,-0.0627829
578,14,-0.592085,-0.592085
578,15,-0.172468,-0.172468
578,16,1.08982,-0.0813315
578,17,0.356451,0.356451
578,18,0.237443,0.909806
578,19,-3.21132,-3.21132
578,20,2.35839,2.35839
579,1,2.73595,2.73595
579,2,0.0707037,0.0707037
579,3,2.40394,0.126428
579,4,-1.81729,-0.0951094
579,5,-1.00109,-1.00109
579,6,-1.76741,-1.76741
579,7,-2.53124,-2.53124
579,8,0.67383,0.67383
579,9,-1.06532,-0.0608872
579,10,2.07496,0.0357924
579,11,-1.0851,-0.0774986
579,12,-0.146403,0.965114
579,13,-0.200208,-0.200208
579,14,-0.344555,-0.344555
579,15,0.0710975,0.0710975
579,16,1.21829,-0.165462
579,17,0.43502,0.43502
579,18,0.579723,0.53194
579,19,-2.89456,-2.89456
579,20,1.99684,1.99684
580,1,2.77123,2.77123
580,2,0.273051,0.273051
580,3,2.05993,0.0289239
580,4,-1.38176,-0.214654
580,5,-0.835821,-0.835821
580,6,-1.63956,-1.63956
580,7,-2.64349,-2.64349
580,8,0.899862,0.899862
580,9,-1.06322,-0.0590737
580,10,1.86837,-0.0684623
580,11,-0.937354,0.0664025
580,12,-0.159918,0.958461
580,13,-0.222495,-0.222495
580,14,-0.389805,-0.389805
580,15,0.00266519,0.00266519
580,16,1.20724,-0.159792
580,17,0.442242,0.442242
580,18,0.734635,0.320809
580,19,-2.51807,-2.51807
580,20,1.7625,1.7625
581,1,2.85336,2.85336
581,2,0.186312,0.186312
581,3,2.00312,0.0015593
581,4,-1.1417,-0.120057
581,5,-0.723396,-0.723396
581,6,-1.67948,-1.67948
581,7,-2.80748,-2.80748
581,8,1.01107,1.01107
581,9,-1.14308,-0.120997
581,10,1.67727,-0.161103
581,11,-0.811431,0.219035
581,12,-0.198797,0.936248
581,13,-0.194916,-0.194916
581,14,-0.593526,-0.593526
581,15,-0.1543,-0.1543
581,16,1.27225,-0.18884
581,17,0.678576,0.678576
581,18,0.536477,0.589442
581,19,-2.38958,-2.38958
581,20,1.82794,1.82794
582,1,3.00863,3.00863
582,2,-0.00705209,-0.00705209
582,3,2.19067,0.081925
582,4,-1.13633,-0.11634
582,5,-0.754513,-0.754513
582,6,-1.86391,-1.86391
582,7,-2.94571,-2.94571
582,8,0.858848,0.858848
582,9,-1.33753,-0.207651
582,10,1.57989,-0.195163
582,11,-0.803264,0.229622
582,12,-0.385909,0.772413
582,13,-0.0679033,-0.0679033
582,14,-0.588386,-0.588386
582,15,-0.193815,-0.193815
582,16,1.24535,-0.178076
582,17,0.772803,0.772803
582,18,0.290471,0.866877
582,19,-2.57293,-2.57293
582,20,1.90202,1.90202
583,1,3.16326,3.16326
583,2,-0.188832,-0.188832
583,3,2.44749,0.12829
583,4,-1.38593,-0.215082
583,5,-1.01311,-1.01311
583,6,-1.931,-1.931
583,7,-2.90048,-2.90048
583,8,0.666399,0.666399
583,9,-1.38512,-0.215002
583,10,1.67114,-0.1636
583,11,-0.889669,0.121545
583,12,-0.504029,0.63148
583,13,0.0138647,0.0138647
583,14,-0.56901,-0.56901
583,15,-0.201082,-0.201082
583,16,1.08911,-0.0807509
583,17,0.582425,0.582425
583,18,0.198018,0.936737
583,19,-2.8867,-2.8867
583,20,2.01468,2.01468
584,1,3.26789,3.26789
584,2,-0.383536,-0.383536
584,3,2.71841,0.0905954
584,4,-1.79123,-0.108373
584,5,-1.28268,-1.28268
584,6,-1.98212,-1.98212
584,7,-2.61544,-2.61544
584,8,0.481037,0.481037
584,9,-1.31199,-0.201513
584,10,1.93842,-0.0315679
584,11,-0.93459,0.0694962
584,12,-0.275922,0.879388
584,13,0.0999136,0.0999136
584,14,-0.657334,-0.657334
584,15,-0.343193,-0.343193
584,16,0.97134,0.029466
584,17,0.309492,0.309492
584,18,0.0938342,0.985579
584,19,-3.16534,-3.16534
584,20,2.30408,2.30408
585,1,3.07764,3.07764
585,2,-0.342631,-0.342631
585,3,2.77859,0.0734112
585,4,-2.13766,0.0624105
585,5,-1.29058,-1.29058
585,6,-2.00003,-2.00003
585,7,-2.39925,-2.39925
585,8,0.45938,0.45938
585,9,-1.17063,-0.138875
585,10,2.17482,0.0764015
585,11,-0.979296,0.0211269
585,12,0.00334444,0.999982
585,13,-0.0193899,-0.0193899
585,14,-0.622563,-0.622563
585,15,-0.229433,-0.229433
585,16,1.0499,-0.0473361
585,17,0.323316,0.323316
585,18,0.182611,0.946043
585,19,-3.24497,-3.24497
585,20,2.39343,2.39343
586,1,2.73775,2.73775
586,2,0.0140139,0.0140139
586,3,2.45785,0.128374
586,4,-1.90243,-0.0504883
586,5,-1.03535,-1.03535
586,6,-1.77898,-1.77898
586,7,-2.50496,-2.50496
586,8,0.648613,0.648613
586,9,-1.0534,-0.0504542
586,10,2.09495,0.0446526
586,11,-1.09833,-0.0881127
586,12,-0.131843,0.971651
586,13,-0.210615,-0.210615
586,14,-0.361982,-0.361982
586,15,0.0626181,0.0626181
586,16,1.2186,-0.165613
586,17,0.449444,0.449444
586,18,0.536494,0.589419
586,19,-2.95515,-2.95515
586,20,2.04657,2.04657
587,1,2.74424,2.74424
587,2,0.273935,0.273935
587,3,2.08732,0.0413112
587,4,-1.41073,-0.21682
587,5,-0.845038,-0.845038
587,6,-1.63859,-1.63859
587,7,-2.62465,-2.62465
587,8,0.874008,0.874008
587,9,-1.05951,-0.0558384
587,10,1.88812,-0.0580415
587,11,-0.962378,0.0390019
587,12,-0.163899,0.956395
587,13,-0.221444,-0.221444
587,14,-0.348456,-0.348456
587,15,0.0325094,0.0325094
587,16,1.20492,-0.158565
587,17,0.423259,0.423259
587,18,0.753187,0.295829
587,19,-2.54509,-2.54509
587,20,1.75577,1.75577
588,1,2.83419,2.83419
588,2,0.214545,0.214545
588,3,1.97333,-0.0135015
588,4,-1.14816,-0.124431
588,5,-0.727987,-0.727987
588,6,-1.64774,-1.64774
588,7,-2.78453,-2.78453
588,8,1.02742,1.02742
588,9,-1.11845,-0.10348
588,10,1.6903,-0.155653
588,11,-0.812692,0.217405
588,12,-0.181592,0.946633
588,13,-0.214098,-0.214098
588,14,-0.579723,-0.579723
588,15,-0.139459,-0.139459
588,16,1.26192,-0.184915
588,17,0.648626,0.648626
588,18,0.582919,0.527639
588,19,-2.37059,-2.37059
588,20,1.79644,1.79644
589,1,2.98147,2.98147
589,2,0.0179869,0.0179869
589,3,2.15013,0.0672646
589,4,-1.0984,-0.0881678
589,5,-0.725392,-0.725392
589,6,-1.84075,-1.84075
589,7,-2.94477,-2.94477
589,8,0.895439,0.895439
589,9,-1.32453,-0.20472
589,10,1.5695,-0.197996
589,11,-0.786052,0.252144
589,12,-0.362271,0.797677
589,13,-0.0863601,-0.0863601
589,14,-0.602753,-0.602753
589,15,-0.199923,-0.199923
589,16,1.26521,-0.186191
589,17,0.79652,0.79652
589,18,0.309017,0.850161
589,19,-2.52062,-2.52062
589,20,1.88751,1.88751
590,1,3.14597,3.14597
590,2,-0.167072,-0.167072
590,3,2.40492,0.126497
590,4,-1.32556,-0.204967
590,5,-0.965947,-0.965947
590,6,-1.92664,-1.92664
590,7,-2.93811,-2.93811
590,8,0.692346,0.692346
590,9,-1.40446,-0.21651
590,10,1.63083,-0.178929
590,11,-0.874823,0.139429
590,12,-0.528458,0.599932
590,13,0.00177874,0.00177874
590,14,-0.5586,-0.5586
590,15,-0.18874,-0.18874
590,16,1.11549,-0.101279
590,17,0.634707,0.634707
590,18,0.202045,0.93419
590,19,-2.84097,-2.84097
590,20,1.97215,1.97215
591,1,3.26142,3.26142
591,2,-0.368025,-0.368025
591,3,2.68076,0.100103
591,4,-1.7108,-0.146728
591,5,-1.25432,-1.25432
591,6,-1.95447,-1.95447
591,7,-2.67784,-2.67784
591,8,0.511007,0.511007
591,9,-1.32297,-0.204342
591,10,1.87166,-0.0667289
591,11,-0.948763,0.053771
591,12,-0.354676,0.805548
591,13,0.0859547,0.0859547
591,14,-0.63779,-0.63779
591,15,-0.328645,-0.328645
591,16,0.980926,0.0194336
591,17,0.343389,0.343389
591,18,0.104237,0.982223
591,19,-3.12495,-3.12495
591,20,2.25145,2.25145
592,1,3.15017,3.15017
592,2,-0.405918,-0.405918
592,3,2.81414,0.0623567
592,4,-2.11511,0.0532432
592,5,-1.32454,-1.32454
592,6,-2.01601,-2.01601
592,7,-2.39869,-2.39869
592,8,0.427924,0.427924
592,9,-1.19393,-0.152568
592,10,2.14834,0.0665761
592,11,-0.967595,0.0334324
592,12,-0.000205364,1
592,13,0.0335949,0.0335949
592,14,-0.655062,-0.655062
592,15,-0.30095,-0.30095
592,16,1.0054,-0.00536932
592,17,0.276997,0.276997
592,18,0.121138,0.976036
592,19,-3.26774,-3.26774
592,20,2.42313,2.42313
593,1,2.75947,2.75947
593,2,-0.0713366,-0.0713366
593,3,2.53719,0.124603
593,4,-2.00762,0.00379359
593,5,-1.08763,-1.08763
593,6,-1.80942,-1.80942
593,7,-2.46777,-2.46777
593,8,0.617856,0.617856
593,9,-1.04043,-0.0387536
593,10,2.12018,0.0553484
593,11,-1.10385,-0.0924183
593,12,-0.0887796,0.987085
593,13,-0.210078,-0.210078
593,14,-0.40576,-0.40576
593,15,0.0311739,0.0311739
593,16,1.20397,-0.158054
593,17,0.453351,0.453351
593,18,0.464999,0.680405
593,19,-3.03409,-3.03409
593,20,2.12673,2.12673
594,1,2.71941,2.71941
594,2,0.251138,0.251138
594,3,2.1512,0.0676711
594,4,-1.477,-0.214949
594,5,-0.872074,-0.872074
594,6,-1.6578,-1.6578
594,7,-2.59677,-2.59677
594,8,0.825866,0.825866
594,9,-1.05805,-0.0545638
594,10,1.93084,-0.0355369
594,11,-0.990512,0.00957731
594,12,-0.157763,0.959559
594,13,-0.211257,-0.211257
594,14,-0.308165,-0.308165
594,15,0.0647017,0.0647017
594,16,1.20044,-0.156152
594,17,0.401522,0.401522
594,18,0.749098,0.301317
594,19,-2.61102,-2.61102
594,20,1.77879,1.77879
595,1,2.81126,2.81126
595,2,0.249867,0.249867
595,3,1.95507,-0.0229058
595,4,-1.18585,-0.147969
595,5,-0.748397,-0.748397
595,6,-1.6174,-1.6174
595,7,-2.7471,-2.7471
595,8,1.0301,1.0301
595,9,-1.08601,-0.0782405
595,10,1.72702,-0.139388
595,11,-0.823693,0.203266
595,12,-0.165793,0.955395
595,13,-0.236598,-0.236598
595,14,-0.542051,-0.542051
595,15,-0.104643,-0.104643
595,16,1.24678,-0.178694
595,17,0.600298,0.600298
595,18,0.64663,0.440948
595,19,-2.37267,-2.37267
595,20,1.76687,1.76687
596,1,2.94707,2.94707
596,2,0.0576025,0.0576025
596,3,2.10167,0.0475562
596,4,-1.07338,-0.0677633
596,5,-0.701742,-0.701742
596,6,-1.80492,-1.80492
596,7,-2.92289,-2.92289
596,8,0.93886,0.93886
596,9,-1.29854,-0.197652
596,10,1.58146,-0.194721
596,11,-0.768024,0.276007
596,12,-0.31974,0.840116
596,13,-0.109847,-0.109847
596,14,-0.623319,-0.623319
596,15,-0.206686,-0.206686
596,16,1.27931,-0.191369
596,17,0.799725,0.799725
596,18,0.34969,0.810648
596,19,-2.46026,-2.46026
596,20,1.87901,1.87901
597,1,3.12138,3.12138
597,2,-0.138118,-0.138118
597,3,2.35113,0.120848
597,4,-1.26707,-0.186902
597,5,-0.904716,-0.904716
597,6,-1.92524,-1.92524
597,7,-2.96278,-2.96278
597,8,0.724974,0.724974
597,9,-1.42142,-0.217149
597,10,1.59788,-0.189864
597,11,-0.84792,0.172611
597,12,-0.527653,0.600981
597,13,-0.011315,-0.011315
597,14,-0.558177,-0.558177
597,15,-0.1844,-0.1844
597,16,1.15184,-0.12688
597,17,0.69776,0.69776
597,18,0.203917,0.93299
597,19,-2.78103,-2.78103
597,20,1.93769,1.93769
598,1,3.25001,3.25001
598,2,-0.344604,-0.344604
598,3,2.63884,0.10933
598,4,-1.62826,-0.179836
598,5,-1.21869,-1.21869
598,6,-1.94243,-1.94243
598,7,-2.74048,-2.74048
598,8,0.540309,0.540309
598,9,-1.35249,-0.210529
598,10,1.81096,-0.098359
598,11,-0.941727,0.0615341
598,12,-0.431821,0.72029
598,13,0.0743156,0.0743156
598,14,-0.622419,-0.622419
598,15,-0.304938,-0.304938
598,16,0.989632,0.0104752
598,17,0.391658,0.391658
598,18,0.11482,0.978455
598,19,-3.08224,-3.08224
598,20,2.19683,2.19683
599,1,3.21436,3.21436
599,2,-0.458178,-0.458178
599,3,2.83464,0.0557474
599,4,-2.08396,0.0398226
599,5,-1.35319,-1.35319
599,6,-2.01883,-2.01883
599,7,-2.41461,-2.41461
599,8,0.405715,0.405715
599,9,-1.23067,-0.171456
599,10,2.11507,0.0532286
599,11,-0.956875,0.0449312
599,12,-0.042488,0.997033
599,13,0.0777922,0.0777922
599,14,-0.679389,-0.679389
599,15,-0.360486,-0.360486
599,16,0.973072,0.02764
599,17,0.248719,0.248719
599,18,0.0652552,0.99301
599,19,-3.28671,-3.28671
599,20,2.43907,2.43907
600,1,2.80028,2.80028
600,2,-0.15256,-0.15256
600,3,2.60934,0.114863
600,4,-2.09765,0.0458239
600,5,-1.14038,-1.14038
600,6,-1.84946,-1.84946
600,7,-2.43107,-2.43107
600,8,0.583489,0.583489
600,9,-1.04144,-0.0396781
600,10,2.14434,0.0650285
600,11,-1.09795,-0.087813
600,12,-0.0457145,0.996566
600,13,-0.201721,-0.201721
600,14,-0.455205,-0.455205
600,15,-0.0102844,-0.0102844
600,16,1.18103,-0.145149
600,17,0.450507,0.450507
600,18,0.396346,0.760905
600,19,-3.10197,-3.10197
600,20,2.20223,2.20223
601,1,2.68981,2.68981
601,2,0.224394,0.224394
601,3,2.20737,0.0874379
601,4,-1.54235,-0.204555
601,5,-0.894642,-0.894642
601,6,-1.66835,-1.66835
601,7,-2.58083,-2.58083
601,8,0.786632,0.786632
601,9,-1.04756,-0.0452334
601,10,1.96456,-0.0180016
601,11,-1.03016,-0.0292314
601,12,-0.165954,0.955309
601,13,-0.213346,-0.213346
601,14,-0.277303,-0.277303
601,15,0.0985275,0.0985275
601,16,1.20933,-0.160886
601,17,0.401922,0.401922
601,18,0.736653,0.318082
601,19,-2.67307,-2.67307
601,20,1.80643,1.80643
602,1,2.79431,2.79431
602,2,0.275885,0.275885
602,3,1.94878,-0.0261704
602,4,-1.21605,-0.164334
602,5,-0.764811,-0.764811
602,6,-1.59973,-1.59973
602,7,-2.71495,-2.71495
602,8,1.02264,1.02264
602,9,-1.06455,-0.0602196
602,10,1.75841,-0.124575
602,11,-0.839013,0.1838
602,12,-0.151991,0.962431
602,13,-0.244863,-0.244863
602,14,-0.505315,-0.505315
602,15,-0.0777295,-0.0777295
602,16,1.22571,-0.169098
602,17,0.543004,0.543004
602,18,0.698572,0.369833
602,19,-2.37811,-2.37811
602,20,1.74236,1.74236
603,1,2.91014,2.91014
603,2,0.0965679,0.0965679
603,3,2.05395,0.0261415
603,4,-1.05678,-0.0534478
603,5,-0.682116,-0.682116
603,6,-1.76324,-1.76324
603,7,-2.90811,-2.90811
603,8,0.984781,0.984781
603,9,-1.25882,-0.183685
603,10,1.58664,-0.193232
603,11,-0.76449,0.280714
603,12,-0.283612,0.872842
603,13,-0.142616,-0.142616
603,14,-0.632245,-0.632245
603,15,-0.201536,-0.201536
603,16,1.29572,-0.196786
603,17,0.803854,0.803854
603,18,0.393478,0.764088
603,19,-2.40843,-2.40843
603,20,1.8608,1.8608
604,1,3.10041,3.10041
604,2,-0.107803,-0.107803
604,3,2.30012,0.111989
604,4,-1.20196,-0.156978
604,5,-0.847926,-0.847926
604,6,-1.92072,-1.92072
604,7,-2.98674,-2.98674
604,8,0.756523,0.756523
604,9,-1.43031,-0.217234
604,10,1.56828,-0.198317
604,11,-0.825316,0.201192
604,12,-0.517205,0.614543
604,13,-0.0197156,-0.0197156
604,14,-0.561918,-0.561918
604,15,-0.184588,-0.184588
604,16,1.18118,-0.145239
604,17,0.741588,0.741588
604,18,0.212681,0.927237
604,19,-2.71915,-2.71915
604,20,1.90587,1.90587
605,1,3.2234,3.2234
605,2,-0.30514,-0.30514
605,3,2.58294,0.119076
605,4,-1.54005,-0.205054
605,5,-1.16569,-1.16569
605,6,-1.92161,-1.92161
605,7,-2.81505,-2.81505
605,8,0.586726,0.586726
605,9,-1.36454,-0.212466
605,10,1.74174,-0.132538
605,11,-0.946656,0.0560864
605,12,-0.503912,0.63163
605,13,0.045306,0.045306
605,14,-0.597468,-0.597468
605,15,-0.266951,-0.266951
605,16,1.01879,-0.0184303
605,17,0.456524,0.456524
605,18,0.138958,0.968539
605,19,-3.02551,-3.02551
605,20,2.12793,2.12793
606,1,3.27407,3.27407
606,2,-0.488751,-0.488751
606,3,2.83271,0.0563764
606,4,-2.006,0.00299253
606,5,-1.36145,-1.36145
606,6,-2.01427,-2.01427
606,7,-2.4553,-2.4553
606,8,0.396252,0.396252
606,9,-1.26382,-0.185656
606,10,2.05905,0.0285157
606,11,-0.956239,0.0456198
606,12,-0.0997541,0.983712
606,13,0.119524,0.119524
606,14,-0.691334,-0.691334
606,15,-0.410416,-0.410416
606,16,0.942748,0.0604017
606,17,0.222408,0.222408
606,18,0.0281516,0.998697
606,19,-3.27525,-3.27525
606,20,2.42634,2.42634
607,1,2.86548,2.86548
607,2,-0.244407,-0.244407
607,3,2.68796,0.0983671
607,4,-2.17417,0.0761706
607,5,-1.20257,-1.20257
607,6,-1.89688,-1.89688
607,7,-2.39832,-2.39832
607,8,0.548849,0.548849
607,9,-1.04405,-0.0420555
607,10,2.16201,0.0717424
607,11,-1.08031,-0.0735496
607,12,0.00634332,0.999934
607,13,-0.176108,-0.176108
607,14,-0.519981,-0.519981
607,15,-0.0715123,-0.0715123
607,16,1.14664,-0.123408
607,17,0.431631,0.431631
607,18,0.31288,0.846573
607,19,-3.17282,-3.17282
607,20,2.28912,2.28912
608,1,2.67537,2.67537
608,2,0.166668,0.166668
608,3,2.2934,0.110571
608,4,-1.64059,-0.175402
608,5,-0.933022,-0.933022
608,6,-1.69673,-1.69673
608,7,-2.55703,-2.55703
608,8,0.736302,0.736302
608,9,-1.04005,-0.0384025
608,10,2.01008,0.00501562
608,11,-1.06843,-0.0635551
608,12,-0.161467,0.957662
608,13,-0.208438,-0.208438
608,14,-0.269764,-0.269764
608,15,0.112926,0.112926
608,16,1.21268,-0.162619
608,17,0.404257,0.404257
608,18,0.69111,0.380029
608,19,-2.76196,-2.76196
608,20,1.87243,1.87243
609,1,2.76829,2.76829
609,2,0.297446,0.297446
609,3,1.96287,-0.0188727
609,4,-1.26982,-0.187941
609,5,-0.784269,-0.784269
609,6,-1.58747,-1.58747
609,7,-2.68395,-2.68395
609,8,1.00005,1.00005
609,9,-1.0373,-0.0358722
609,10,1.79599,-0.105974
609,11,-0.876598,0.137273
609,12,-0.149307,0.963732
609,13,-0.255529,-0.255529
609,14,-0.443258,-0.443258
609,15,-0.0314449,-0.0314449
609,16,1.21283,-0.162697
609,17,0.48981,0.48981
609,18,0.749502,0.300774
609,19,-2.40762,-2.40762
609,20,1.72243,1.72243
610,1,2.87199,2.87199
610,2,0.147316,0.147316
610,3,2.0074,0.0036849
610,4,-1.04971,-0.0471607
610,5,-0.672797,-0.672797
610,6,-1.71272,-1.71272
610,7,-2.88154,-2.88154
610,8,1.02837,1.02837
610,9,-1.20667,-0.15949
610,10,1.60494,-0.18765
610,11,-0.770513,0.272698
610,12,-0.238987,0.908663
610,13,-0.173914,-0.173914
610,14,-0.633218,-0.633218
610,15,-0.188991,-0.188991
610,16,1.29549,-0.196713
610,17,0.771593,0.771593
610,18,0.462449,0.683529
610,19,-2.35999,-2.35999
610,20,1.83639,1.83639
611,1,3.06484,3.06484
611,2,-0.0627638,-0.0627638
611,3,2.23284,0.0952268
611,4,-1.13508,-0.115463
611,5,-0.780998,-0.780998
611,6,-1.90305,-1.90305
611,7,-3.004,-3.004
611,8,0.811814,0.811814
611,9,-1.41562,-0.217001
611,10,1.54088,-0.204876
611,11,-0.806891,0.224912
611,12,-0.482461,0.658762
611,13,-0.0437938,-0.0437938
611,14,-0.573069,-0.573069
611,15,-0.186159,-0.186159
611,16,1.22253,-0.167554
611,17,0.79126,0.79126
611,18,0.234446,0.912007
611,19,-2.63545,-2.63545
611,20,1.87497,1.87497
612,1,3.20075,3.20075
612,2,-0.2557,-0.2557
612,3,2.51549,0.12639
612,4,-1.43274,-0.217227
612,5,-1.09619,-1.09619
612,6,-1.91669,-1.91669
612,7,-2.89494,-2.89494
612,8,0.630496,0.630496
612,9,-1.38887,-0.21536
612,10,1.67521,-0.161945
612,11,-0.933818,0.0703628
612,12,-0.556737,0.562683
612,13,0.0248599,0.0248599
612,14,-0.578329,-0.578329
612,15,-0.22833,-0.22833
612,16,1.05156,-0.0488182
612,17,0.527424,0.527424
612,18,0.163113,0.956806
612,19,-2.95597,-2.95597
612,20,2.05072,2.05072
613,1,3.30572,3.30572
613,2,-0.482855,-0.482855
613,3,2.80058,0.0666393
613,4,-1.9001,-0.0517186
613,5,-1.34644,-1.34644
613,6,-1.99567,-1.99567
613,7,-2.53403,-2.53403
613,8,0.419617,0.419617
613,9,-1.29033,-0.19508
613,10,1.98333,-0.00840159
613,11,-0.964493,0.036738
613,12,-0.195484,0.938315
613,13,0.130338,0.130338
613,14,-0.685819,-0.685819
613,15,-0.419937,-0.419937
613,16,0.940022,0.0634281
613,17,0.236708,0.236708
613,18,0.0204126,0.999315
613,19,-3.23873,-3.23873
613,20,2.38313,2.38313
614,1,2.98381,2.98381
614,2,-0.346431,-0.346431
614,3,2.77839,0.0734738
614,4,-2.21397,0.0895284
614,5,-1.27914,-1.27914
614,6,-1.97156,-1.97156
614,7,-2.36774,-2.36774
614,8,0.485667,0.485667
614,9,-1.08805,-0.0798961
614,10,2.1857,0.0802244
614,11,-1.036,-0.0346729
614,12,0.055377,0.994963
614,13,-0.0979006,-0.0979006
614,14,-0.599614,-0.599614
614,15,-0.170778,-0.170778
614,16,1.07788,-0.0715376
614,17,0.36563,0.36563
614,18,0.210685,0.928567
614,19,-3.24623,-3.24623
614,20,2.38479,2.38479
615,1,2.66759,2.66759
615,2,0.078298,0.078298
615,3,2.39129,0.125424
615,4,-1.7992,-0.10435
615,5,-0.986875,-0.986875
615,6,-1.72181,-1.72181
615,7,-2.53106,-2.53106
615,8,0.688982,0.688982
615,9,-1.01653,-0.0162521
615,10,2.05983,0.0288756
615,11,-1.12088,-0.105274
615,12,-0.156518,0.960187
615,13,-0.227874,-0.227874
615,14,-0.291449,-0.291449
615,15,0.11695,0.11695
615,16,1.23181,-0.17199
615,17,0.43677,0.43677
615,18,0.612816,0.487138
615,19,-2.88057,-2.88057
615,20,1.96706,1.96706
616,1,2.7352,2.7352
616,2,0.310829,0.310829
616,3,2.00998,0.00496342
616,4,-1.32392,-0.204572
616,5,-0.802599,-0.802599
616,6,-1.59407,-1.59407
616,7,-2.6524,-2.6524
616,8,0.949894,0.949894
616,9,-1.02854,-0.0277073
616,10,1.83764,-0.0845733
616,11,-0.930145,0.0745003
616,12,-0.15214,0.962358
616,13,-0.245912,-0.245912
616,14,-0.363818,-0.363818
616,15,0.0193808,0.0193808
616,16,1.19966,-0.155732
616,17,0.427609,0.427609
616,18,0.792893,0.243161
616,19,-2.45533,-2.45533
616,20,1.70986,1.70986
617,1,2.84228,2.84228
617,2,0.197061,0.197061
617,3,1.96063,-0.020031
617,4,-1.07408,-0.0683509
617,5,-0.686129,-0.686129
617,6,-1.65902,-1.65902
617,7,-2.83702,-2.83702
617,8,1.06229,1.06229
617,9,-1.14897,-0.124973
617,10,1.63842,-0.176199
617,11,-0.778833,0.261669
617,12,-0.186337,0.943856
617,13,-0.207776,-0.207776
617,14,-0.62528,-0.62528
617,15,-0.169789,-0.169789
617,16,1.27714,-0.190606
617,17,0.710651,0.710651
617,18,0.54192,0.582288
617,19,-2.33054,-2.33054
617,20,1.79691,1.79691
618,1,3.02117,3.02117
618,2,-0.0164477,-0.0164477
618,3,2.17159,0.0752429
618,4,-1.07685,-0.0706728
618,5,-0.728836,-0.728836
618,6,-1.87983,-1.87983
618,7,-2.99845,-2.99845
618,8,0.870373,0.870373
618,9,-1.38337,-0.214824
618,10,1.53448,-0.206222
618,11,-0.777586,0.263319
618,12,-0.422778,0.730853
618,13,-0.069588,-0.069588
618,14,-0.597223,-0.597223
618,15,-0.195525,-0.195525
618,16,1.26279,-0.185257
618,17,0.832348,0.832348
618,18,0.261949,0.89089
618,19,-2.55062,-2.55062
618,20,1.87039,1.87039
619,1,3.17334,3.17334
619,2,-0.203513,-0.203513
619,3,2.44662,0.128277
619,4,-1.34346,-0.208854
619,5,-1.01667,-1.01667
619,6,-1.92417,-1.92417
619,7,-2.95863,-2.95863
619,8,0.670665,0.670665
619,9,-1.42434,-0.217196
619,10,1.62822,-0.179848
619,11,-0.903671,0.104977
619,12,-0.590912,0.516854
619,13,0.00711817,0.00711817
619,14,-0.559348,-0.559348
619,15,-0.190103,-0.190103
619,16,1.09313,-0.0839827
619,17,0.610588,0.610588
619,18,0.183588,0.945473
619,19,-2.88736,-2.88736
619,20,1.98146,1.98146
620,1,3.30966,3.30966
620,2,-0.449195,-0.449195
620,3,2.7459,0.0830173
620,4,-1.78258,-0.112705
620,5,-1.31387,-1.31387
620,6,-1.96651,-1.96651
620,7,-2.62776,-2.62776
620,8,0.460377,0.460377
620,9,-1.32611,-0.205099
620,10,1.90302,-0.0501755
620,11,-0.970508,0.0303444
620,12,-0.316945,0.84276
620,13,0.120292,0.120292
620,14,-0.669047,-0.669047
620,15,-0.399004,-0.399004
620,16,0.947828,0.0547975
620,17,0.276111,0.276111
620,18,0.0391295,0.997483
620,19,-3.18476,-3.18476
620,20,2.31319,2.31319
621,1,3.10703,3.10703
621,2,-0.439975,-0.439975
621,3,2.84445,0.0525351
621,4,-2.20657,0.0871814
621,5,-1.34054,-1.34054
621,6,-2.0179,-2.0179
621,7,-2.35695,-2.35695
621,8,0.426638,0.426638
621,9,-1.14143,-0.11987
621,10,2.17517,0.0765281
621,11,-1.00135,-0.00134848
621,12,0.0614642,0.993797
621,13,-0.00943526,-0.00943526
621,14,-0.660322,-0.660322
621,15,-0.283447,-0.283447
621,16,1.01612,-0.0158557
621,17,0.295786,0.295786
621,18,0.109542,0.980378
621,19,-3.29802,-3.29802
621,20,2.45278,2.45278
622,1,2.68603,2.68603
622,2,-0.0330086,-0.0330086
622,3,2.49502,0.127562
622,4,-1.96251,-0.0190569
622,5,-1.0511,-1.0511
622,6,-1.75999,-1.75999
622,7,-2.48862,-2.48862
622,8,0.646194,0.646194
622,9,-0.998238,0.00176544
622,10,2.09838,0.0461414
622,11,-1.15116,-0.126432
622,12,-0.120166,0.976416
622,13,-0.243506,-0.243506
622,14,-0.346669,-0.346669
622,15,0.0873763,0.0873763
622,16,1.22843,-0.170399
622,17,0.465177,0.465177
622,18,0.516285,0.615732
622,19,-2.99276,-2.99276
622,20,2.07419,2.07419
623,1,2.70558,2.70558
623,2,0.289335,0.289335
623,3,2.09236,0.0435264
623,4,-1.40094,-0.216298
623,5,-0.838502,-0.838502
623,6,-1.62229,-1.62229
623,7,-2.61438,-2.61438
623,8,0.877218,0.877218
623,9,-1.03597,-0.0346513
623,10,1.89359,-0.0551529
623,11,-0.972987,0.0277298
623,12,-0.149395,0.963689
623,13,-0.222985,-0.222985
623,14,-0.300268,-0.300268
623,15,0.0647597,0.0647597
623,16,1.18816,-0.149299
623,17,0.382495,0.382495
623,18,0.796638,0.238261
623,19,-2.5392,-2.5392
623,20,1.72861,1.72861
624,1,2.81294,2.81294
624,2,0.246151,0.246151
624,3,1.92873,-0.0366438
624,4,-1.12844,-0.110755
624,5,-0.717414,-0.717414
624,6,-1.61102,-1.61102
624,7,-2.78255,-2.78255
624,8,1.07169,1.07169
624,9,-1.09267,-0.083619
624,10,1.68829,-0.156505
624,11,-0.794393,0.241196
624,12,-0.157089,0.959899
624,13,-0.243209,-0.243209
624,14,-0.580648,-0.580648
624,15,-0.126398,-0.126398
624,16,1.25792,-0.183327
624,17,0.642791,0.642791
624,18,0.62928,0.464682
624,19,-2.33069,-2.33069
624,20,1.75713,1.75713
625,1,2.96527,2.96527
625,2,0.0419852,0.0419852
625,3,2.10568,0.0492715
625,4,-1.03252,-0.0314435
625,5,-0.686037,-0.686037
625,6,-1.82965,-1.82965
625,7,-2.97357,-2.97357
625,8,0.935489,0.935489
625,9,-1.3371,-0.207561
625,10,1.54418,-0.204154
625,11,-0.75801,0.289369
625,12,-0.363738,0.796142
625,13,-0.102867,-0.102867
625,14,-0.620813,-0.620813
625,15,-0.202942,-0.202942
625,16,1.29168,-0.195514
625,17,0.845978,0.845978
625,18,0.318376,0.841409
625,19,-2.46098,-2.46098
625,20,1.86526,1.86526
626,1,3.13837,3.13837
626,2,-0.153396,-0.153396
626,3,2.36342,0.122473
626,4,-1.25414,-0.181789
626,5,-0.920299,-0.920299
626,6,-1.91947,-1.91947
626,7,-3.00396,-3.00396
626,8,0.719343,0.719343
626,9,-1.44803,-0.216899
626,10,1.57431,-0.196706
626,11,-0.873228,0.141369
626,12,-0.594925,0.511427
626,13,-0.0129265,-0.0129265
626,14,-0.54929,-0.54929
626,15,-0.174819,-0.174819
626,16,1.14428,-0.121814
626,17,0.696647,0.696647
626,18,0.196795,0.937501
626,19,-2.79885,-2.79885
626,20,1.91442,1.91442
627,1,3.28251,3.28251
627,2,-0.39533,-0.39533
627,3,2.66759,0.103164
627,4,-1.63775,-0.176439
627,5,-1.25005,-1.25005
627,6,-1.93026,-1.93026
627,7,-2.73726,-2.73726
627,8,0.521784,0.521784
627,9,-1.34924,-0.209949
627,10,1.79527,-0.106338
627,11,-0.977378,0.0231263
627,12,-0.439081,0.71171
627,13,0.0891576,0.0891576
627,14,-0.636174,-0.636174
627,15,-0.352531,-0.352531
627,16,0.972168,0.0285927
627,17,0.351377,0.351377
627,18,0.0749671,0.990781
627,19,-3.10291,-3.10291
627,20,2.21417,2.21417
628,1,3.23013,3.23013
628,2,-0.525568,-0.525568
628,3,2.88725,0.0382399
628,4,-2.14352,0.0647091
628,5,-1.38855,-1.38855
628,6,-2.04014,-2.04014
628,7,-2.37354,-2.37354
628,8,0.378521,0.378521
628,9,-1.20255,-0.157296
628,10,2.12702,0.0581456
628,11,-0.971858,0.0289189
628,12,0.0231242,0.999121
628,13,0.0860124,0.0860124
628,14,-0.705716,-0.705716
628,15,-0.397,-0.397
628,16,0.950113,0.0522917
628,17,0.224907,0.224907
628,18,0.0145026,0.999654
628,19,-3.32712,-3.32712
628,20,2.48721,2.48721
629,1,2.74261,2.74261
629,2,-0.167489,-0.167489
629,3,2.61088,0.114595
629,4,-2.13363,0.0608074
629,5,-1.13805,-1.13805
629,6,-1.81996,-1.81996
629,7,-2.43053,-2.43053
629,8,0.603277,0.603277
629,9,-0.991686,0.00838263
629,10,2.14165,0.0639778
629,11,-1.14568,-0.122764
629,12,-0.0491527,0.996031
629,13,-0.247675,-0.247675
629,14,-0.438571,-0.438571
629,15,0.0268476,0.0268476
629,16,1.20226,-0.157139
629,17,0.481296,0.481296
629,18,0.399894,0.756945
629,19,-3.11073,-3.11073
629,20,2.20364,2.20364
630,1,2.66402,2.66402
630,2,0.25079,0.25079
630,3,2.18903,0.0813649
630,4,-1.4953,-0.21285
630,5,-0.874627,-0.874627
630,6,-1.65307,-1.65307
630,7,-2.58905,-2.58905
630,8,0.802068,0.802068
630,9,-1.03301,-0.031895
630,10,1.954,-0.0234573
630,11,-1.03351,-0.0323666
630,12,-0.163755,0.95647
630,13,-0.2134,-0.2134
630,14,-0.241592,-0.241592
630,15,0.121147,0.121147
630,16,1.20139,-0.156669
630,17,0.376488,0.376488
630,18,0.777254,0.263758
630,19,-2.64039,-2.64039
630,20,1.77517,1.77517
631,1,2.78351,2.78351
631,2,0.296464,0.296464
631,3,1.90848,-0.0472977
631,4,-1.1842,-0.147013
631,5,-0.744685,-0.744685
631,6,-1.57328,-1.57328
631,7,-2.73416,-2.73416
631,8,1.06577,1.06577
631,9,-1.04713,-0.0448459
631,10,1.74052,-0.13311
631,11,-0.826933,0.199127
631,12,-0.144442,0.966033
631,13,-0.267657,-0.267657
631,14,-0.517187,-0.517187
631,15,-0.0730772,-0.0730772
631,16,1.22711,-0.169772
631,17,0.552496,0.552496
631,18,0.723342,0.336105
631,19,-2.33844,-2.33844
631,20,1.71172,1.71172
632,1,2.91223,2.91223
632,2,0.101218,0.101218
632,3,2.03514,0.0172333
632,4,-1.00349,-0.00348163
632,5,-0.655705,-0.655705
632,6,-1.76962,-1.76962
632,7,-2.94329,-2.94329
632,8,1.00615,1.00615
632,9,-1.27751,-0.190736
632,10,1.55987,-0.200463
632,11,-0.74685,0.304338
632,12,-0.290785,0.866601
632,13,-0.143965,-0.143965
632,14,-0.651598,-0.651598
632,15,-0.209458,-0.209458
632,16,1.31049,-0.201103
632,17,0.838708,0.838708
632,18,0.383525,0.775012
632,19,-2.37536,-2.37536
632,20,1.85087,1.85087
633,1,3.11232,3.11232
633,2,-0.114261,-0.114261
633,3,2.29335,0.110561
633,4,-1.17262,-0.140102
633,5,-0.836455,-0.836455
633,6,-1.93169,-1.93169
633,7,-3.03177,-3.03177
633,8,0.760533,0.760533
633,9,-1.4685,-0.215698
633,10,1.54018,-0.205026
633,11,-0.826677,0.199454
633,12,-0.561905,0.555804
633,13,-0.0215518,-0.0215518
633,14,-0.561133,-0.561133
633,15,-0.177476,-0.177476
633,16,1.19086,-0.150837
633,17,0.772283,0.772283
633,18,0.195422,0.938354
633,19,-2.71555,-2.71555
633,20,1.87716,1.87716
634,1,3.23778,3.23778
634,2,-0.32655,-0.32655
634,3,2.59066,0.117919
634,4,-1.51563,-0.209765
634,5,-1.17946,-1.17946
634,6,-1.91126,-1.91126
634,7,-2.84905,-2.84905
634,8,0.587941,0.587941
634,9,-1.3759,-0.213986
634,10,1.71193,-0.146227
634,11,-0.972661,0.0280726
634,12,-0.554664,0.565437
634,13,0.0448945,0.0448945
634,14,-0.597275,-0.597275
634,15,-0.275988,-0.275988
634,16,1.0142,-0.0139961
634,17,0.453539,0.453539
634,18,0.120808,0.976165
634,19,-3.02959,-3.02959
634,20,2.11968,2.11968
635,1,3.31866,3.31866
635,2,-0.558989,-0.558989
635,3,2.87667,0.0418062
635,4,-2.03214,0.0157898
635,5,-1.39821,-1.39821
635,6,-2.02629,-2.02629
635,7,-2.43842,-2.43842
635,8,0.363362,0.363362
635,9,-1.2667,-0.186765
635,10,2.05532,0.026782
635,11,-0.972803,0.0279238
635,12,-0.0823437,0.988884
635,13,0.148255,0.148255
635,14,-0.717288,-0.717288
635,15,-0.467883,-0.467883
635,16,0.91263,0.0945372
635,17,0.181761,0.181761
635,18,-0.0323651,0.998278
635,19,-3.31077,-3.31077
635,20,2.46275,2.46275
636,1,2.85926,2.85926
636,2,-0.3058,-0.3058
636,3,2.73036,0.0873616
636,4,-2.25588,0.1016
636,5,-1.23888,-1.23888
636,6,-1.91016,-1.91016
636,7,-2.36565,-2.36565
636,8,0.539232,0.539232
636,9,-1.01418,-0.0139786
636,10,2.18266,0.0791706
636,11,-1.10016,-0.0895461
636,12,0.0517513,0.9956
636,13,-0.197817,-0.197817
636,14,-0.552491,-0.552491
636,15,-0.0802644,-0.0802644
636,16,1.13637,-0.11637
636,17,0.439161,0.439161
636,18,0.271415,0.883154
636,19,-3.21641,-3.21641
636,20,2.33685,2.33685
637,1,2.6324,2.6324
637,2,0.159125,0.159125
637,3,2.31,0.113969
637,4,-1.65344,-0.170576
637,5,-0.933844,-0.933844
637,6,-1.68519,-1.68519
637,7,-2.55529,-2.55529
637,8,0.72906,0.72906
637,9,-1.0137,-0.0135102
637,10,2.02016,0.00997271
637,11,-1.10261,-0.0914577
637,12,-0.171938,0.952076
637,13,-0.219531,-0.219531
637,14,-0.232765,-0.232765
637,15,0.146995,0.146995
637,16,1.22554,-0.169017
637,17,0.405518,0.405518
637,18,0.696564,0.372576
637,19,-2.77787,-2.77787
637,20,1.8791,1.8791
638,1,2.74504,2.74504
638,2,0.323558,0.323558
638,3,1.93962,-0.0309417
638,4,-1.25869,-0.183633
638,5,-0.771469,-0.771469
638,6,-1.56087,-1.56087
638,7,-2.68272,-2.68272
638,8,1.01914,1.01914
638,9,-1.01455,-0.0143405
638,10,1.79445,-0.106749
638,11,-0.884864,0.127298
638,12,-0.144168,0.96616
638,13,-0.269047,-0.269047
638,14,-0.415848,-0.415848
638,15,-0.0108966,-0.0108966
638,16,1.19981,-0.15581
638,17,0.458157,0.458157
638,18,0.795658,0.239541
638,19,-2.38443,-2.38443
638,20,1.68594,1.68594
639,1,2.85856,2.85856
639,2,0.165324,0.165324
639,3,1.97307,-0.0136339
639,4,-1.01536,-0.0151216
639,5,-0.653712,-0.653712
639,6,-1.69147,-1.69147
639,7,-2.8894,-2.8894
639,8,1.06588,1.06588
639,9,-1.19527,-0.153314
639,10,1.5912,-0.191889
639,11,-0.753383,0.295565
639,12,-0.213545,0.926659
639,13,-0.18964,-0.18964
639,14,-0.655151,-0.655151
639,15,-0.196018,-0.196018
639,16,1.29859,-0.197667
639,17,0.779431,0.779431
639,18,0.481042,0.660536
639,19,-2.31756,-2.31756
639,20,1.81499,1.81499
640,1,3.06198,3.06198
640,2,-0.0561113,-0.0561113
640,3,2.20843,0.0877781
640,4,-1.08836,-0.0801438
640,5,-0.752461,-0.752461
640,6,-1.91228,-1.91228
640,7,-3.03535,-3.03535
640,8,0.830569,0.830569
640,9,-1.43925,-0.217148
640,10,1.51496,-0.20988
640,11,-0.785533,0.252828
640,12,-0.491323,0.647622
640,13,-0.0497583,-0.0497583
640,14,-0.581046,-0.581046
640,15,-0.186184,-0.186184
640,16,1.24419,-0.177572
640,17,0.837635,0.837635
640,18,0.223125,0.920096
640,19,-2.60432,-2.60432
640,20,1.85445,1.85445
641,1,3.19778,3.19778
641,2,-0.249507,-0.249507
641,3,2.49779,0.127434
641,4,-1.38564,-0.215053
641,5,-1.081,-1.081
641,6,-1.91165,-1.91165
641,7,-2.94723,-2.94723
641,8,0.646342,0.646342
641,9,-1.41895,-0.217095
641,10,1.63926,-0.175889
641,11,-0.937981,0.0657026
641,12,-0.621568,0.475212
641,13,0.0141938,0.0141938
641,14,-0.567358,-0.567358
641,15,-0.209962,-0.209962
641,16,1.06303,-0.0589052
641,17,0.562182,0.562182
641,18,0.162723,0.95701
641,19,-2.93927,-2.93927
641,20,2.01482,2.01482
642,1,3.3408,3.3408
642,2,-0.521856,-0.521856
642,3,2.808,0.0643034
642,4,-1.87065,-0.0672585
642,5,-1.36118,-1.36118
642,6,-1.98261,-1.98261
642,7,-2.55877,-2.55877
642,8,0.410768,0.410768
642,9,-1.31082,-0.201192
642,10,1.9463,-0.0274591
642,11,-0.985285,0.0149295
642,12,-0.242944,0.905702
642,13,0.147467,0.147467
642,14,-0.693935,-0.693935
642,15,-0.459266,-0.459266
642,16,0.923319,0.0822489
642,17,0.21814,0.21814
642,18,-0.016439,0.999556
642,19,-3.24147,-3.24147
642,20,2.37827,2.37827
643,1,3.03396,3.03396
643,2,-0.43642,-0.43642
643,3,2.8414,0.0535355
643,4,-2.27323,0.10597
643,5,-1.33324,-1.33324
643,6,-2.0045,-2.0045
643,7,-2.32878,-2.32878
643,8,0.449222,0.449222
643,9,-1.08663,-0.0787437
643,10,2.19538,0.0835129
643,11,-1.0328,-0.0316987
643,12,0.106039,0.981606
643,13,-0.0731812,-0.0731812
643,14,-0.651005,-0.651005
643,15,-0.232771,-0.232771
643,16,1.03779,-0.0363326
643,17,0.335763,0.335763
643,18,0.134595,0.970466
643,19,-3.2988,-3.2988
643,20,2.44977,2.44977
644,1,2.6337,2.6337
644,2,0.0180245,0.0180245
644,3,2.44128,0.128174
644,4,-1.88133,-0.0616252
644,5,-1.01351,-1.01351
644,6,-1.71508,-1.71508
644,7,-2.51139,-2.51139
644,8,0.67224,0.67224
644,9,-0.98086,0.0195018
644,10,2.07462,0.0356398
644,11,-1.16783,-0.137146
644,12,-0.155718,0.960588
644,13,-0.252588,-0.252588
644,14,-0.289315,-0.289315
644,15,0.128829,0.128829
644,16,1.24511,-0.17797
644,17,0.460747,0.460747
644,18,0.569911,0.545108
644,19,-2.93814,-2.93814
644,20,2.0154,2.0154
645,1,2.70079,2.70079
645,2,0.318313,0.318313
645,3,2.03068,0.015085
645,4,-1.33622,-0.207372
645,5,-0.803001,-0.803001
645,6,-1.58395,-1.58395
645,7,-2.63493,-2.63493
645,8,0.931952,0.931952
645,9,-1.01391,-0.0137148
645,10,1.84894,-0.0786682
645,11,-0.953984,0.048068
645,12,-0.148554,0.964092
645,13,-0.242047,-0.242047
645,14,-0.306079,-0.306079
645,15,0.0521771,0.0521771
645,16,1.18405,-0.146924
645,17,0.38405,0.38405
645,18,0.828461,0.19718
645,19,-2.46948,-2.46948
645,20,1.68733,1.68733
646,1,2.81507,2.81507
646,2,0.231863,0.231863
646,3,1.91856,-0.0419876
646,4,-1.06819,-0.0633512
646,5,-0.68337,-0.68337
646,6,-1.61246,-1.61246
646,7,-2.82151,-2.82151
646,8,1.10055,1.10055
646,9,-1.11005,-0.0971773
646,10,1.64005,-0.1756
646,11,-0.773853,0.268264
646,12,-0.159038,0.958911
646,13,-0.239025,-0.239025
646,14,-0.61622,-0.61622
646,15,-0.152642,-0.152642
646,16,1.2682,-0.187332
646,17,0.688237,0.688237
646,18,0.599336,0.505451
646,19,-2.29707,-2.29707
646,20,1.75347,1.75347
647,1,2.99948,2.99948
647,2,0.00817341,0.00817341
647,3,2.12747,0.0583296
647,4,-1.01797,-0.0176394
647,5,-0.692362,-0.692362
647,6,-1.86454,-1.86454
647,7,-3.00714,-3.00714
647,8,0.912925,0.912925
647,9,-1.38464,-0.214953
647,10,1.51725,-0.209486
647,11,-0.74558,0.306047
647,12,-0.397463,0.759661
647,13,-0.0842405,-0.0842405
647,14,-0.621148,-0.621148
647,15,-0.208117,-0.208117
647,16,1.28414,-0.193032
647,17,0.867629,0.867629
647,18,0.274986,0.880174
647,19,-2.48677,-2.48677
647,20,1.85479,1.85479
648,1,3.15708,3.15708
648,2,-0.182105,-0.182105
648,3,2.40169,0.126265
648,4,-1.27544,-0.189996
648,5,-0.966357,-0.966357
648,6,-1.92355,-1.92355
648,7,-3.01418,-3.01418
648,8,0.7006,0.7006
648,9,-1.46263,-0.216131
648,10,1.58046,-0.195003
648,11,-0.88647,0.125372
648,12,-0.637938,0.452845
648,13,-0.0103267,-0.0103267
648,14,-0.546671,-0.546671
648,15,-0.169,-0.169
648,16,1.12683,-0.109597
648,17,0.682835,0.682835
648,18,0.18315,0.945728
648,19,-2.84186,-2.84186
648,20,1.92678,1.92678
649,1,3.30863,3.30863
649,2,-0.441224,-0.441224
649,3,2.70788,0.0933593
649,4,-1.68701,-0.157046
649,5,-1.28954,-1.28954
649,6,-1.93042,-1.93042
649,7,-2.70497,-2.70497
649,8,0.491009,0.491009
649,9,-1.3478,-0.209684
649,10,1.82267,-0.092335
649,11,-0.99633,0.00368316
649,12,-0.425274,0.727951
649,13,0.106592,0.106592
649,14,-0.647047,-0.647047
649,15,-0.390108,-0.390108
649,16,0.955705,0.0461981
649,17,0.308091,0.308091
649,18,0.0431713,0.996937
649,19,-3.14177,-3.14177
649,20,2.25404,2.25404
650,1,3.21628,3.21628
650,2,-0.557395,-0.557395
650,3,2.91465,0.0289343
650,4,-2.21013,0.0883207
650,5,-1.40598,-1.40598
650,6,-2.04895,-2.04895
650,7,-2.33058,-2.33058
650,8,0.364656,0.364656
650,9,-1.18146,-0.145403
650,10,2.15432,0.0688578
650,11,-0.983932,0.016323
650,12,0.077652,0.990111
650,13,0.0730422,0.0730422
650,14,-0.720399,-0.720399
650,15,-0.40494,-0.40494
650,16,0.940986,0.0623567
650,17,0.216131,0.216131
650,18,-0.00156494,0.999996
650,19,-3.35063,-3.35063
650,20,2.5143,2.5143
651,1,2.69162,2.69162
651,2,-0.162973,-0.162973
651,3,2.58945,0.118105
651,4,-2.13487,0.0613029
651,5,-1.12408,-1.12408
651,6,-1.78277,-1.78277
651,7,-2.42899,-2.42899
651,8,0.61852,0.61852
651,9,-0.962489,0.0388822
651,10,2.12994,0.0593266
651,11,-1.17725,-0.142899
651,12,-0.0634347,0.993394
651,13,-0.276709,-0.276709
651,14,-0.412646,-0.412646
651,15,0.0533872,0.0533872
651,16,1.2228,-0.167687
651,17,0.501537,0.501537
651,18,0.412125,0.743117
651,19,-3.09867,-3.09867
651,20,2.18285,2.18285
652,1,2.64851,2.64851
652,2,0.267682,0.267682
652,3,2.16614,0.0732651
652,4,-1.45175,-0.216745
652,5,-0.857261,-0.857261
652,6,-1.63474,-1.63474
652,7,-2.58643,-2.58643
652,8,0.81848,0.81848
652,9,-1.02578,-0.0251051
652,10,1.93221,-0.0348218
652,11,-1.02099,-0.0205448
652,12,-0.157784,0.959548
652,13,-0.211961,-0.211961
652,14,-0.22005,-0.22005
652,15,0.122666,0.122666
652,16,1.19025,-0.150491
652,17,0.35957,0.35957
652,18,0.80378,0.228952
652,19,-2.60524,-2.60524
652,20,1.74453,1.74453
653,1,2.77667,2.77667
653,2,0.296673,0.296673
653,3,1.88765,-0.0582888
653,4,-1.1601,-0.132263
653,5,-0.732626,-0.732626
653,6,-1.55466,-1.55466
653,7,-2.74212,-2.74212
653,8,1.09149,1.09149
653,9,-1.04433,-0.0423149
653,10,1.72018,-0.142514
653,11,-0.805814,0.226309
653,12,-0.138869,0.968579
653,13,-0.277604,-0.277604
653,14,-0.530978,-0.530978
653,15,-0.0805046,-0.0805046
653,16,1.22634,-0.169401
653,17,0.569454,0.569454
653,18,0.725644,0.332982
653,19,-2.31607,-2.31607
653,20,1.6935,1.6935
654,1,2.91495,2.91495
654,2,0.0954026,0.0954026
654,3,2.02968,0.0145997
654,4,-0.97306,0.0276525
654,5,-0.644131,-0.644131
654,6,-1.77403,-1.77403
654,7,-2.96137,-2.96137
654,8,1.01057,1.01057
654,9,-1.29775,-0.197411
654,10,1.53751,-0.205593
654,11,-0.728548,0.329046
654,12,-0.307476,0.851582
654,13,-0.142921,-0.142921
654,14,-0.653942,-0.653942
654,15,-0.213774,-0.213774
654,16,1.31789,-0.203067
654,17,0.868246,0.868246
654,18,0.37141,0.788045
654,19,-2.36362,-2.36362
654,20,1.84215,1.84215
655,1,3.11791,3.11791
655,2,-0.124508,-0.124508
655,3,2.29339,0.110569
655,4,-1.15994,-0.132158
655,5,-0.837447,-0.837447
655,6,-1.92865,-1.92865
655,7,-3.05142,-3.05142
655,8,0.758488,0.758488
655,9,-1.49795,-0.212493
655,10,1.52191,-0.208657
655,11,-0.825966,0.200362
655,12,-0.601413,0.502635
655,13,-0.0228187,-0.0228187
655,14,-0.556531,-0.556531
655,15,-0.175222,-0.175222
655,16,1.18956,-0.150098
655,17,0.786887,0.786887
655,18,0.186737,0.943619
655,19,-2.71847,-2.71847
655,20,1.85607,1.85607
656,1,3.24744,3.24744
656,2,-0.355934,-0.355934
656,3,2.60179,0.11614
656,4,-1.51,-0.210698
656,5,-1.19538,-1.19538
656,6,-1.89694,-1.89694
656,7,-2.85242,-2.85242
656,8,0.583268,0.583268
656,9,-1.38502,-0.214992
656,10,1.69127,-0.15524
656,11,-0.986027,0.0141667
656,12,-0.581027,0.530187
656,13,0.0480334,0.0480334
656,14,-0.600147,-0.600147
656,15,-0.298833,-0.298833
656,16,1.00512,-0.00509361
656,17,0.445316,0.445316
656,18,0.0981055,0.984243
656,19,-3.03574,-3.03574
656,20,2.12117,2.12117
657,1,3.33997,3.33997
657,2,-0.617825,-0.617825
657,3,2.91049,0.0303489
657,4,-2.06257,0.0301402
657,5,-1.42576,-1.42576
657,6,-2.03146,-2.03146
657,7,-2.40996,-2.40996
657,8,0.338452,0.338452
657,9,-1.26534,-0.186243
657,10,2.05214,0.0252928
657,11,-0.977704,0.0227863
657,12,-0.0595726,0.994173
657,13,0.163546,0.163546
657,14,-0.733874,-0.733874
657,15,-0.509479,-0.509479
657,16,0.889631,0.121591
657,17,0.161206,0.161206
657,18,-0.0792702,0.989696
657,19,-3.33826,-3.33826
657,20,2.49059,2.49059
658,1,2.83621,2.83621
658,2,-0.342596,-0.342596
658,3,2.74334,0.0837434
658,4,-2.30503,0.112988
658,5,-1.25635,-1.25635
658,6,-1.90138,-1.90138
658,7,-2.34277,-2.34277
658,8,0.543857,0.543857
658,9,-0.988954,0.011167
658,10,2.18741,0.0808103
658,11,-1.11585,-0.101547
658,12,0.0697165,0.992024
658,13,-0.228013,-0.228013
658,14,-0.565051,-0.565051
658,15,-0.0741498,-0.0741498
658,16,1.13558,-0.115814
658,17,0.46054,0.46054
658,18,0.253632,0.897492
658,19,-3.23408,-3.23408
658,20,2.35403,2.35403
659,1,2.60489,2.60489
659,2,0.158011,0.158011
659,3,2.3103,0.114028
659,4,-1.6394,-0.175839
659,5,-0.930737,-0.930737
659,6,-1.67233,-1.67233
659,7,-2.5511,-2.5511
659,8,0.726688,0.726688
659,9,-1.00013,-0.000132702
659,10,2.01886,0.00933623
659,11,-1.11333,-0.099656
659,12,-0.180167,0.947454
659,13,-0.223139,-0.223139
659,14,-0.20335,-0.20335
659,15,0.167095,0.167095
659,16,1.2291,-0.170717
659,17,0.402919,0.402919
659,18,0.706356,0.359211
659,19,-2.77352,-2.77352
659,20,1.87421,1.87421
660,1,2.73292,2.73292
660,2,0.331245,0.331245
660,3,1.92436,-0.0389387
660,4,-1.25199,-0.180897
660,5,-0.765231,-0.765231
660,6,-1.54126,-1.54126
660,7,-2.67713,-2.67713
660,8,1.03273,1.03273
660,9,-1.00365,-0.00363604
660,10,1.79106,-0.108459
660,11,-0.87923,0.134086
660,12,-0.13878,0.968619
660,13,-0.276828,-0.276828
660,14,-0.407676,-0.407676
660,15,-0.00603998,-0.00603998
660,16,1.18708,-0.148681
660,17,0.441376,0.441376
660,18,0.817083,0.211747
660,19,-2.36898,-2.36898
660,20,1.66554,1.66554
661,1,2.85056,2.85056
661,2,0.168297,0.168297
661,3,1.95752,-0.0216391
661,4,-0.996593,0.00341843
661,5,-0.643834,-0.643834
661,6,-1.68,-1.68
661,7,-2.89094,-2.89094
661,8,1.08288,1.08288
661,9,-1.19229,-0.151646
661,10,1.57968,-0.195222
661,11,-0.737761,0.316586
661,12,-0.202292,0.934032
661,13,-0.197593,-0.197593
661,14,-0.665432,-0.665432
661,15,-0.201835,-0.201835
661,16,1.30195,-0.198672
661,17,0.792306,0.792306
661,18,0.484233,0.656542
661,19,-2.29703,-2.29703
661,20,1.80627,1.80627
662,1,3.0628,3.0628
662,2,-0.0601359,-0.0601359
662,3,2.20211,0.0857365
662,4,-1.06957,-0.0645302
662,5,-0.743108,-0.743108
662,6,-1.91819,-1.91819
662,7,-3.04532,-3.04532
662,8,0.832715,0.832715
662,9,-1.46101,-0.216238
662,10,1.50287,-0.211792
662,11,-0.76841,0.275494
662,12,-0.501274,0.634997
662,13,-0.0483154,-0.0483154
662,14,-0.584117,-0.584117
662,15,-0.188807,-0.188807
662,16,1.24843,-0.1794
662,17,0.859312,0.859312
662,18,0.213136,0.926933
662,19,-2.59523,-2.59523
662,20,1.84471,1.84471
663,1,3.19237,3.19237
663,2,-0.252739,-0.252739
663,3,2.49298,0.127652
663,4,-1.37059,-0.213312
663,5,-1.07941,-1.07941
663,6,-1.90313,-1.90313
663,7,-2.96579,-2.96579
663,8,0.653853,0.653853
663,9,-1.43459,-0.217214
663,10,1.62133,-0.182237
663,11,-0.938976,0.0645922
663,12,-0.659395,0.423461
663,13,0.0061413,0.0061413
663,14,-0.560247,-0.560247
663,15,-0.20282,-0.20282
663,16,1.0671,-0.0624143
663,17,0.581396,0.581396
663,18,0.15992,0.95846
663,19,-2.93552,-2.93552
663,20,2.00043,2.00043
664,1,3.35586,3.35586
664,2,-0.548249,-0.548249
664,3,2.8122,0.0629725
664,4,-1.85877,-0.0735133
664,5,-1.36856,-1.36856
664,6,-1.96923,-1.96923
664,7,-2.5634,-2.5634
664,8,0.403262,0.403262
664,9,-1.32147,-0.203972
664,10,1.92485,-0.0386788
664,11,-0.996984,0.00302523
664,12,-0.267367,0.886491
664,13,0.156322,0.156322
664,14,-0.694643,-0.694643
664,15,-0.484897,-0.484897
664,16,0.913192,0.0938859
664,17,0.207398,0.207398
664,18,-0.0381779,0.997604
664,19,-3.24274,-3.24274
664,20,2.37498,2.37498
665,1,3.07143,3.07143
665,2,-0.506021,-0.506021
665,3,2.88922,0.0375739
665,4,-2.32247,0.116287
665,5,-1.3781,-1.3781
665,6,-2.03113,-2.03113
665,7,-2.28394,-2.28394
665,8,0.414717,0.414717
665,9,-1.09987,-0.0893158
665,10,2.21062,0.0884739
665,11,-1.01398,-0.0137783
665,12,0.151724,0.962561
665,13,-0.0467545,-0.0467545
665,14,-0.694059,-0.694059
665,15,-0.285212,-0.285212
665,16,0.996673,0.0033382
665,17,0.30502,0.30502
665,18,0.0765516,0.990388
665,19,-3.3403,-3.3403
665,20,2.49655,2.49655
666,1,2.60827,2.60827
666,2,-0.0394941,-0.0394941
666,3,2.47282,0.128254
666,4,-1.96036,-0.0201686
666,5,-1.04129,-1.04129
666,6,-1.70056,-1.70056
666,7,-2.48215,-2.48215
666,8,0.657704,0.657704
666,9,-0.961117,0.0403553
666,10,2.08733,0.0413149
666,11,-1.19355,-0.152351
666,12,-0.157798,0.959541
666,13,-0.276363,-0.276363
666,14,-0.296915,-0.296915
666,15,0.127261,0.127261
666,16,1.25849,-0.183555
666,17,0.490114,0.490114
666,18,0.524339,0.605295
666,19,-2.98742,-2.98742
666,20,2.05494,2.05494
667,1,2.67491,2.67491
667,2,0.310251,0.310251
667,3,2.05633,0.0272509
667,4,-1.35052,-0.210179
667,5,-0.807769,-0.807769
667,6,-1.57943,-1.57943
667,7,-2.60548,-2.60548
667,8,0.900377,0.900377
667,9,-1.01623,-0.015965
667,10,1.85691,-0.0744901
667,11,-0.964474,0.0367583
667,12,-0.145688,0.96545
667,13,-0.229525,-0.229525
667,14,-0.258194,-0.258194
667,15,0.067174,0.067174
667,16,1.1684,-0.137498
667,17,0.351073,0.351073
667,18,0.842862,0.178954
667,19,-2.48814,-2.48814
667,20,1.67321,1.67321
668,1,2.79727,2.79727
668,2,0.240815,0.240815
668,3,1.899,-0.0522989
668,4,-1.0891,-0.0807475
668,5,-0.699968,-0.699968
668,6,-1.57721,-1.57721
668,7,-2.78336,-2.78336
668,8,1.1102,1.1102
668,9,-1.08841,-0.0801863
668,10,1.6507,-0.171623
668,11,-0.757161,0.290505
668,12,-0.133287,0.971032
668,13,-0.255193,-0.255193
668,14,-0.608336,-0.608336
668,15,-0.146864,-0.146864
668,16,1.24624,-0.178459
668,17,0.659876,0.659876
668,18,0.633465,0.458963
668,19,-2.29238,-2.29238
668,20,1.7237,1.7237
669,1,2.96802,2.96802
669,2,0.0244949,0.0244949
669,3,2.09805,0.0459985
669,4,-0.990595,0.00949313
669,5,-0.67487,-0.67487
669,6,-1.83894,-1.83894
669,7,-2.98945,-2.98945
669,8,0.940568,0.940568
669,9,-1.37173,-0.213463
669,10,1.51056,-0.210607
669,11,-0.715068,0.347347
669,12,-0.379744,0.779111
669,13,-0.101998,-0.101998
669,14,-0.624878,-0.624878
669,15,-0.213603,-0.213603
669,16,1.30243,-0.198814
669,17,0.898763,0.898763
669,18,0.290827,0.866564
669,19,-2.44583,-2.44583
669,20,1.85236,1.85236
670,1,3.14263,3.14263
670,2,-0.174191,-0.174191
670,3,2.36987,0.123247
670,4,-1.2386,-0.175099
670,5,-0.930331,-0.930331
670,6,-1.91591,-1.91591
670,7,-3.02539,-3.02539
670,8,0.712111,0.712111
670,9,-1.50207,-0.211909
670,10,1.55465,-0.201737
670,11,-0.856584,0.16182
670,12,-0.662964,0.41857
670,13,-0.0133167,-0.0133167
670,14,-0.539352,-0.539352
670,15,-0.168876,-0.168876
670,16,1.13808,-0.117558
670,17,0.724397,0.724397
670,18,0.182042,0.946373
670,19,-2.80941,-2.80941
670,20,1.89006,1.89006
671,1,3.28701,3.28701
671,2,-0.439045,-0.439045
671,3,2.67801,0.100753
671,4,-1.63178,-0.178588
671,5,-1.26912,-1.26912
671,6,-1.89174,-1.89174
671,7,-2.7417,-2.7417
671,8,0.519861,0.519861
671,9,-1.36459,-0.212473
671,10,1.75907,-0.124257
671,11,-1.00091,-0.000912012
671,12,-0.500955,0.635403
671,13,0.0862317,0.0862317
671,14,-0.629236,-0.629236
671,15,-0.383886,-0.383886
671,16,0.964767,0.036445
671,17,0.349441,0.349441
671,18,0.0450825,0.99666
671,19,-3.10948,-3.10948
671,20,2.21085,2.21085
672,1,3.28849,3.28849
672,2,-0.647907,-0.647907
672,3,2.95602,0.0148306
672,4,-2.20228,0.0857927
672,5,-1.44847,-1.44847
672,6,-2.05833,-2.05833
672,7,-2.30124,-2.30124
672,8,0.316246,0.316246
672,9,-1.2274,-0.169909
672,10,2.12699,0.0581342
672,11,-0.960365,0.0411646
672,12,0.0749885,0.990776
672,13,0.135543,0.135543
672,14,-0.754773,-0.754773
672,15,-0.50029,-0.50029
672,16,0.882257,0.130434
672,17,0.165255,0.165255
672,18,-0.0850432,0.988146
672,19,-3.3812,-3.3812
672,20,2.54311,2.54311
673,1,2.69625,2.69625
673,2,-0.2675,-0.2675
673,3,2.64535,0.108
673,4,-2.26332,0.103521
673,5,-1.18465,-1.18465
673,6,-1.78964,-1.78964
673,7,-2.36963,-2.36963
673,8,0.60601,0.60601
673,9,-0.943847,0.0591856
673,10,2.14562,0.0655239
673,11,-1.17629,-0.142323
673,12,-0.020698,0.999295
673,13,-0.311131,-0.311131
673,14,-0.472641,-0.472641
673,15,0.0207873,0.0207873
673,16,1.21235,-0.162451
673,17,0.541483,0.541483
673,18,0.332861,0.827457
673,19,-3.16796,-3.16796
673,20,2.25587,2.25587
674,1,2.60884,2.60884
674,2,0.233458,0.233458
674,3,2.21888,0.0910537
674,4,-1.48346,-0.214283
674,5,-0.876339,-0.876339
674,6,-1.64168,-1.64168
674,7,-2.55537,-2.55537
674,8,0.767821,0.767821
674,9,-1.02233,-0.0218235
674,10,1.9569,-0.0219587
674,11,-1.04667,-0.0444266
674,12,-0.170102,0.953079
674,13,-0.201992,-0.201992
674,14,-0.167823,-0.167823
674,15,0.154428,0.154428
674,16,1.19347,-0.15231
674,17,0.357191,0.357191
674,18,0.789594,0.247487
674,19,-2.65221,-2.65221
674,20,1.7701,1.7701
675,1,2.7496,2.7496
675,2,0.310612,0.310612
675,3,1.87701,-0.0639084
675,4,-1.20125,-0.156596
675,5,-0.750821,-0.750821
675,6,-1.51826,-1.51826
675,7,-2.69728,-2.69728
675,8,1.08594,1.08594
675,9,-1.0214,-0.0209358
675,10,1.74644,-0.130312
675,11,-0.809952,0.220947
675,12,-0.129908,0.97247
675,13,-0.291763,-0.291763
675,14,-0.491371,-0.491371
675,15,-0.0537763,-0.0537763
675,16,1.19203,-0.151498
675,17,0.509395,0.509395
675,18,0.778486,0.262128
675,19,-2.3241,-2.3241
675,20,1.65569,1.65569
676,1,2.88013,2.88013
676,2,0.119069,0.119069
676,3,1.98974,-0.0051554
676,4,-0.96023,0.0413092
676,5,-0.635967,-0.635967
676,6,-1.72973,-1.72973
676,7,-2.92485,-2.92485
676,8,1.0457,1.0457
676,9,-1.26364,-0.185585
676,10,1.5431,-0.204391
676,11,-0.700014,0.367863
676,12,-0.259908,0.892527
676,13,-0.167652,-0.167652
676,14,-0.667987,-0.667987
676,15,-0.222645,-0.222645
676,16,1.32258,-0.204246
676,17,0.867866,0.867866
676,18,0.406626,0.749367
676,19,-2.31792,-2.31792
676,20,1.83271,1.83271
677,1,3.09037,3.09037
677,2,-0.107283,-0.107283
677,3,2.25239,0.100677
677,4,-1.11552,-0.1013
677,5,-0.78951,-0.78951
677,6,-1.92478,-1.92478
677,7,-3.05245,-3.05245
677,8,0.782791,0.782791
677,9,-1.51933,-0.20912
677,10,1.50002,-0.212203
677,11,-0.782863,0.256346
677,12,-0.593054,0.513957
677,13,-0.0316913,-0.0316913
677,14,-0.558124,-0.558124
677,15,-0.178668,-0.178668
677,16,1.21503,-0.163818
677,17,0.844777,0.844777
677,18,0.186992,0.943467
677,19,-2.66735,-2.66735
677,20,1.83319,1.83319
678,1,3.2084,3.2084
678,2,-0.323171,-0.323171
678,3,2.54797,0.12351
678,4,-1.43413,-0.217218
678,5,-1.14726,-1.14726
678,6,-1.86492,-1.86492
678,7,-2.91101,-2.91101
678,8,0.625332,0.625332
678,9,-1.41344,-0.216927
678,10,1.62703,-0.180265
678,11,-0.977519,0.0229784
678,12,-0.669906,0.409058
678,13,0.0168345,0.0168345
678,14,-0.569374,-0.569374
678,15,-0.260309,-0.260309
678,16,1.03031,-0.0293768
678,17,0.517315,0.517315
678,18,0.122401,0.975537
678,19,-2.98488,-2.98488
678,20,2.05265,2.05265
679,1,3.37992,3.37992
679,2,-0.653609,-0.653609
679,3,2.88987,0.0373527
679,4,-1.97831,-0.0109551
679,5,-1.42123,-1.42123
679,6,-1.99087,-1.99087
679,7,-2.44706,-2.44706
679,8,0.336989,0.336989
679,9,-1.30398,-0.199266
679,10,1.96937,-0.015527
679,11,-0.989376,0.010736
679,12,-0.145566,0.965507
679,13,0.190143,0.190143
679,14,-0.729031,-0.729031
679,15,-0.566274,-0.566274
679,16,0.867476,0.148394
679,17,0.147434,0.147434
679,18,-0.11595,0.978031
679,19,-3.31074,-3.31074
679,20,2.45171,2.45171
680,1,2.93749,2.93749
680,2,-0.485776,-0.485776
680,3,2.84482,0.0524147
680,4,-2.38845,0.125171
680,5,-1.35107,-1.35107
680,6,-1.96717,-1.96717
680,7,-2.26115,-2.26115
680,8,0.478979,0.478979
680,9,-1.01897,-0.0186094
680,10,2.20488,0.0866357
680,11,-1.05842,-0.0548868
680,12,0.16294,0.956897
680,13,-0.166729,-0.166729
680,14,-0.663401,-0.663401
680,15,-0.191007,-0.191007
680,16,1.05108,-0.0483923
680,17,0.407509,0.407509
680,18,0.128734,0.972962
680,19,-3.31723,-3.31723
680,20,2.45869,2.45869
681,1,2.57003,2.57003
681,2,0.0308391,0.0308391
681,3,2.40559,0.126543
681,4,-1.80538,-0.10121
681,5,-0.99534,-0.99534
681,6,-1.66547,-1.66547
681,7,-2.49711,-2.49711
681,8,0.67514,0.67514
681,9,-0.970082,0.0307952
681,10,2.05446,0.0263787
681,11,-1.16905,-0.137903
681,12,-0.190948,0.941094
681,13,-0.252043,-0.252043
681,14,-0.218204,-0.218204
681,15,0.160973,0.160973
681,16,1.25013,-0.180117
681,17,0.455033,0.455033
681,18,0.599358,0.505421
681,19,-2.89657,-2.89657
681,20,1.97693,1.97693
682,1,2.6835,2.6835
682,2,0.31742,0.31742
682,3,1.98707,-0.00650632
682,4,-1.31052,-0.201112
682,5,-0.785136,-0.785136
682,6,-1.53137,-1.53137
682,7,-2.61457,-2.61457
682,8,0.961491,0.961491
682,9,-0.992598,0.00745602
682,10,1.81778,-0.0948563
682,11,-0.923488,0.0820561
682,12,-0.138445,0.968769
682,13,-0.25657,-0.25657
682,14,-0.297845,-0.297845
682,15,0.036133,0.036133
682,16,1.15503,-0.128977
682,17,0.361457,0.361457
682,18,0.853801,0.165276
682,19,-2.42614,-2.42614
682,20,1.64322,1.64322
683,1,2.79678,2.79678
683,2,0.210021,0.210021
683,3,1.91006,-0.0464652
683,4,-1.03341,-0.032275
683,5,-0.667065,-0.667065
683,6,-1.59044,-1.59044
683,7,-2.81487,-2.81487
683,8,1.12108,1.12108
683,9,-1.11442,-0.100474
683,10,1.60006,-0.189188
683,11,-0.732002,0.32437
683,12,-0.141575,0.967355
683,13,-0.24314,-0.24314
683,14,-0.637375,-0.637375
683,15,-0.177842,-0.177842
683,16,1.26731,-0.186994
683,17,0.724579,0.724579
683,18,0.581602,0.529412
683,19,-2.27124,-2.27124
683,20,1.74551,1.74551
684,1,2.99884,2.99884
684,2,-0.0144685,-0.0144685
684,3,2.12831,0.0586665
684,4,-0.997099,0.00290973
684,5,-0.687495,-0.687495
684,6,-1.86837,-1.86837
684,7,-3.01185,-3.01185
684,8,0.905161,0.905161
684,9,-1.42404,-0.217192
684,10,1.48612,-0.213985
684,11,-0.711077,0.352778
684,12,-0.431711,0.720418
684,13,-0.081673,-0.081673
684,14,-0.605135,-0.605135
684,15,-0.209383,-0.209383
684,16,1.283,-0.192644
684,17,0.909307,0.909307
684,18,0.252653,0.898256
684,19,-2.48756,-2.48756
684,20,1.83426,1.83426
685,1,3.15369,3.15369
685,2,-0.206991,-0.206991
685,3,2.40738,0.126665
685,4,-1.26785,-0.187198
685,5,-0.984481,-0.984481
685,6,-1.89745,-1.89745
685,7,-3.01756,-3.01756
685,8,0.695788,0.695788
685,9,-1.49829,-0.212445
685,10,1.55859,-0.20078
685,11,-0.876752,0.137087
685,12,-0.70028,0.367501
685,13,-0.0146855,-0.0146855
685,14,-0.537111,-0.537111
685,15,-0.172141,-0.172141
685,16,1.11059,-0.0975876
685,17,0.692267,0.692267
685,18,0.175659,0.950011
685,19,-2.85075,-2.85075
685,20,1.90586,1.90586
686,1,3.31921,3.31921
686,2,-0.50095,-0.50095
686,3,2.72525,0.0887567
686,4,-1.69591,-0.153253
686,5,-1.31129,-1.31129
686,6,-1.89653,-1.89653
686,7,-2.67969,-2.67969
686,8,0.476073,0.476073
686,9,-1.36009,-0.21179
686,10,1.79197,-0.107999
686,11,-1.00582,-0.00578217
686,12,-0.448746,0.700156
686,13,0.114588,0.114588
686,14,-0.647963,-0.647963
686,15,-0.443178,-0.443178
686,16,0.941059,0.0622756
686,17,0.29584,0.29584
686,18,-0.00105381,0.999998
686,19,-3.15266,-3.15266
686,20,2.26132,2.26132
687,1,3.24788,3.24788
687,2,-0.666582,-0.666582
687,3,2.97771,0.00747926
687,4,-2.28179,0.107984
687,5,-1.46308,-1.46308
687,6,-2.06907,-2.06907
687,7,-2.24848,-2.24848
687,8,0.315106,0.315106
687,9,-1.19734,-0.154458
687,10,2.16329,0.0722152
687,11,-0.957911,0.0438102
687,12,0.140989,0.967621
687,13,0.101817,0.101817
687,14,-0.766887,-0.766887
687,15,-0.480525,-0.480525
687,16,0.880723,0.132284
687,17,0.183964,0.183964
687,18,-0.0842876,0.988355
687,19,-3.40187,-3.40187
687,20,2.56764,2.56764
688,1,2.62997,2.62997
688,2,-0.236362,-0.236362
688,3,2.59602,0.117078
688,4,-2.22877,0.0940323
688,5,-1.15178,-1.15178
688,6,-1.72834,-1.72834
688,7,-2.38528,-2.38528
688,8,0.629457,0.629457
688,9,-0.923274,0.0822992
688,10,2.12373,0.0568066
688,11,-1.21005,-0.161259
688,12,-0.077326,0.990193
688,13,-0.342365,-0.342365
688,14,-0.419241,-0.419241
688,15,0.0642646,0.0642646
688,16,1.24857,-0.179459
688,17,0.570901,0.570901
688,18,0.366951,0.792765
688,19,-3.13562,-3.13562
688,20,2.20825,2.20825
689,1,2.61059,2.61059
689,2,0.257915,0.257915
689,3,2.17824,0.0776183
689,4,-1.42024,-0.217125
689,5,-0.850724,-0.850724
689,6,-1.61872,-1.61872
689,7,-2.55082,-2.55082
689,8,0.789307,0.789307
689,9,-1.02726,-0.0265036
689,10,1.92046,-0.04099
689,11,-1.01756,-0.0172455
689,12,-0.160856,0.957978
689,13,-0.195142,-0.195142
689,14,-0.154786,-0.154786
689,15,0.137826,0.137826
689,16,1.17054,-0.138821
689,17,0.330215,0.330215
689,18,0.82407,0.202785
689,19,-2.59575,-2.59575
689,20,1.72139,1.72139
690,1,2.7501,2.7501
690,2,0.294121,0.294121
690,3,1.86096,-0.0723617
690,4,-1.17564,-0.141933
690,5,-0.742184,-0.742184
690,6,-1.50331,-1.50331
690,7,-2.7038,-2.7038
690,8,1.1102,1.1102
690,9,-1.02804,-0.0272429
690,10,1.71614,-0.144338
690,11,-0.777558,0.263356
690,12,-0.120641,0.976231
690,13,-0.298568,-0.298568
690,14,-0.52667,-0.52667
690,15,-0.0772037,-0.0772037
690,16,1.19489,-0.1531
690,17,0.546523,0.546523
690,18,0.756856,0.290914
690,19,-2.30511,-2.30511
690,20,1.6466,1.6466
691,1,2.89301,2.89301
691,2,0.0942519,0.0942519
691,3,2.0064,0.00318716
691,4,-0.941439,0.0618539
691,5,-0.636941,-0.636941
691,6,-1.75096,-1.75096
691,7,-2.93577,-2.93577
691,8,1.02685,1.02685
691,9,-1.2986,-0.19767
691,10,1.52364,-0.208339
691,11,-0.675378,0.401562
691,12,-0.287277,0.869669
691,13,-0.152745,-0.152745
691,14,-0.662951,-0.662951
691,15,-0.230804,-0.230804
691,16,1.32643,-0.205175
691,17,0.900424,0.900424
691,18,0.373346,0.785981
691,19,-2.32974,-2.32974
691,20,1.83939,1.83939
692,1,3.09599,3.09599
692,2,-0.127091,-0.127091
692,3,2.271,0.105429
692,4,-1.1333,-0.114213
692,5,-0.81098,-0.81098
692,6,-1.91757,-1.91757
692,7,-3.05468,-3.05468
692,8,0.767584,0.767584
692,9,-1.54723,-0.203469
692,10,1.49606,-0.212749
692,11,-0.786788,0.251177
692,12,-0.642708,0.446317
692,13,-0.0313139,-0.0313139
692,14,-0.543253,-0.543253
692,15,-0.171906,-0.171906
692,16,1.20162,-0.156791
692,17,0.844871,0.844871
692,18,0.180617,0.947195
692,19,-2.69474,-2.69474
692,20,1.82204,1.82204
693,1,3.21486,3.21486
693,2,-0.359861,-0.359861
693,3,2.56768,0.121176
693,4,-1.45199,-0.216734
693,5,-1.17279,-1.17279
693,6,-1.83834,-1.83834
693,7,-2.88708,-2.88708
693,8,0.613661,0.613661
693,9,-1.40913,-0.216749
693,10,1.61876,-0.183111
693,11,-0.995091,0.00493301
693,12,-0.682106,0.392348
693,13,0.0223801,0.0223801
693,14,-0.571133,-0.571133
693,15,-0.294744,-0.294744
693,16,1.01483,-0.0146036
693,17,0.490871,0.490871
693,18,0.101316,0.9832
693,19,-2.99943,-2.99943
693,20,2.06955,2.06955
694,1,3.39135,3.39135
694,2,-0.715178,-0.715178
694,3,2.92618,0.0250029
694,4,-2.0289,0.0142241
694,5,-1.44571,-1.44571
694,6,-1.99531,-1.99531
694,7,-2.39154,-2.39154
694,8,0.307528,0.307528
694,9,-1.29626,-0.196953
694,10,1.97447,-0.0129144
694,11,-0.98694,0.0132288
694,12,-0.0925148,0.98598
694,13,0.204454,0.204454
694,14,-0.746642,-0.746642
694,15,-0.613328,-0.613328
694,16,0.841304,0.180913
694,17,0.123564,0.123564
694,18,-0.1618,0.95749
694,19,-3.33874,-3.33874
694,20,2.48386,2.48386
695,1,2.88312,2.88312
695,2,-0.503313,-0.503313
695,3,2.83105,0.0569134
695,4,-2.42772,0.127749
695,5,-1.35122,-1.35122
695,6,-1.93516,-1.93516
695,7,-2.23999,-2.23999
695,8,0.505233,0.505233
695,9,-0.983449,0.0168219
695,10,2.1964,0.083853
695,11,-1.07723,-0.0709916
695,12,0.170244,0.953002
695,13,-0.220824,-0.220824
695,14,-0.662802,-0.662802
695,15,-0.163733,-0.163733
695,16,1.06648,-0.0618849
695,17,0.456503,0.456503
695,18,0.130979,0.972018
695,19,-3.31391,-3.31391
695,20,2.45195,2.45195
696,1,2.54252,2.54252
696,2,0.0478583,0.0478583
696,3,2.38201,0.124555
696,4,-1.74423,-0.131361
696,5,-0.978006,-0.978006
696,6,-1.64412,-1.64412
696,7,-2.49886,-2.49886
696,8,0.683048,0.683048
696,9,-0.962269,0.0391191
696,10,2.03476,0.0170498
696,11,-1.16643,-0.136271
696,12,-0.208979,0.929695
696,13,-0.250647,-0.250647
696,14,-0.176188,-0.176188
696,15,0.180864,0.180864
696,16,1.25185,-0.180837
696,17,0.45155,0.45155
696,18,0.624538,0.471158
696,19,-2.86104,-2.86104
696,20,1.9511,1.9511
697,1,2.6832,2.6832
697,2,0.312911,0.312911
697,3,1.96721,-0.0166363
697,4,-1.29565,-0.196762
697,5,-0.7786,-0.7786
697,6,-1.50844,-1.50844
697,7,-2.6102,-2.6102
697,8,0.981284,0.981284
697,9,-0.985857,0.0143416
697,10,1.80419,-0.101812
697,11,-0.903879,0.104734
697,12,-0.133133,0.971099
697,13,-0.26076,-0.26076
697,14,-0.30958,-0.30958
697,15,0.0226868,0.0226868
697,16,1.13566,-0.115868
697,17,0.349752,0.349752
697,18,0.86054,0.156925
697,19,-2.40499,-2.40499
697,20,1.62925,1.62925
698,1,2.79289,2.79289
698,2,0.196648,0.196648
698,3,1.90922,-0.0469073
698,4,-1.01906,-0.0186899
698,5,-0.65733,-0.65733
698,6,-1.58573,-1.58573
698,7,-2.81923,-2.81923
698,8,1.12922,1.12922
698,9,-1.11611,-0.101737
698,10,1.57862,-0.195518
698,11,-0.717504,0.344034
698,12,-0.138323,0.968823
698,13,-0.247088,-0.247088
698,14,-0.645324,-0.645324
698,15,-0.187955,-0.187955
698,16,1.27669,-0.190446
698,17,0.75305,0.75305
698,18,0.564977,0.551706
698,19,-2.26302,-2.26302
698,20,1.74863,1.74863
699,1,3.00484,3.00484
699,2,-0.0280772,-0.0280772
699,3,2.13887,0.0628855
699,4,-0.991503,0.0085687
699,5,-0.689793,-0.689793
699,6,-1.87612,-1.87612
699,7,-3.01556,-3.01556
699,8,0.892783,0.892783
699,9,-1.4458,-0.216978
699,10,1.47572,-0.215071
699,11,-0.701217,0.366222
699,12,-0.450591,0.697934
699,13,-0.073034,-0.073034
699,14,-0.597931,-0.597931
699,15,-0.209375,-0.209375
699,16,1.27462,-0.189703
699,17,0.916251,0.916251
699,18,0.241486,0.906798
699,19,-2.49676,-2.49676
699,20,1.82941,1.82941
