t,unit,input,output
500,1,3.74467,3.74467
500,2,-0.586781,-0.586781
500,3,-2.27241,-2.27241
500,4,3.25355,3.25355
500,5,4.43035,4.43035
500,6,-3.95109,-3.95109
500,7,-1.68523,-1.68523
500,8,-0.142854,-0.142854
500,9,-0.432878,-0.432878
500,10,4.25666,4.25666
500,11,0.143257,0.143257
500,12,1.95234,1.95234
500,13,0.697558,0.697558
500,14,-5.07057,-5.07057
500,15,-3.57316,-3.57316
500,16,-1.24106,-1.24106
500,17,1.10756,1.10756
500,18,-1.01884,-1.01884
500,19,-5.17944,-5.17944
500,20,1.41149,1.41149
501,1,3.42538,3.42538
501,2,-1.10562,-1.10562
501,3,-2.73297,-2.73297
501,4,3.59003,3.59003
501,5,4.08628,4.08628
501,6,-3.70627,-3.70627
501,7,-2.12744,-2.12744
501,8,0.533446,0.533446
501,9,-0.750574,-0.750574
501,10,3.92353,3.92353
501,11,0.432466,0.432466
501,12,2.21675,2.21675
501,13,1.20168,1.20168
501,14,-4.9092,-4.9092
501,15,-3.35174,-3.35174
501,16,-1.50547,-1.50547
501,17,1.62555,1.62555
501,18,-0.657052,-0.657052
501,19,-4.83566,-4.83566
501,20,1.6933,1.6933
502,1,3.19891,3.19891
502,2,-1.00353,-1.00353
502,3,-2.7668,-2.7668
502,4,3.63276,3.63276
502,5,3.72472,3.72472
502,6,-3.58092,-3.58092
502,7,-2.6629,-2.6629
502,8,0.818747,0.818747
502,9,-1.13026,-1.13026
502,10,3.56438,3.56438
502,11,0.529494,0.529494
502,12,2.36178,2.36178
502,13,1.39912,1.39912
502,14,-4.97418,-4.97418
502,15,-3.51157,-3.51157
502,16,-1.6505,-1.6505
502,17,1.96637,1.96637
502,18,-0.559237,-0.559237
502,19,-3.94196,-3.94196
502,20,1.64719,1.64719
503,1,3.01847,3.01847
503,2,-0.710075,-0.710075
503,3,-2.6631,-2.6631
503,4,3.66087,3.66087
503,5,3.74281,3.74281
503,6,-3.4457,-3.4457
503,7,-2.89929,-2.89929
503,8,0.752241,0.752241
503,9,-1.28325,-1.28325
503,10,3.37932,3.37932
503,11,0.719371,0.719371
503,12,2.47085,2.47085
503,13,1.35031,1.35031
503,14,-4.86314,-4.86314
503,15,-3.48804,-3.48804
503,16,-1.75957,-1.75957
503,17,1.99823,1.99823
503,18,-0.557832,-0.557832
503,19,-3.71662,-3.71662
503,20,1.78838,1.78838
504,1,3.12407,3.12407
504,2,-0.722888,-0.722888
504,3,-2.42528,-2.42528
504,4,3.55786,3.55786
504,5,3.81693,3.81693
504,6,-3.41277,-3.41277
504,7,-2.93527,-2.93527
504,8,0.654494,0.654494
504,9,-1.37245,-1.37245
504,10,3.31353,3.31353
504,11,0.572927,0.572927
504,12,2.32061,2.32061
504,13,1.21989,1.21989
504,14,-4.84611,-4.84611
504,15,-3.42749,-3.42749
504,16,-1.60933,-1.60933
504,17,2.04445,2.04445
504,18,-0.721748,-0.721748
504,19,-3.76666,-3.76666
504,20,1.85217,1.85217
505,1,3.39168,3.39168
505,2,-0.512417,-0.512417
505,3,-2.23938,-2.23938
505,4,3.40042,3.40042
505,5,3.92922,3.92922
505,6,-3.50976,-3.50976
505,7,-2.61875,-2.61875
505,8,0.317623,0.317623
505,9,-1.22006,-1.22006
505,10,3.56963,3.56963
505,11,0.389988,0.389988
505,12,2.16444,2.16444
505,13,0.951151,0.951151
505,14,-4.88484,-4.88484
505,15,-3.45071,-3.45071
505,16,-1.45316,-1.45316
505,17,1.76986,1.76986
505,18,-0.886918,-0.886918
505,19,-4.01924,-4.01924
505,20,1.59476,1.59476
506,1,3.70913,3.70913
506,2,-0.311295,-0.311295
506,3,-2.02468,-2.02468
506,4,3.08567,3.08567
506,5,4.31707,4.31707
506,6,-3.86766,-3.86766
506,7,-2.06734,-2.06734
506,8,-0.0547314,-0.0547314
506,9,-0.675654,-0.675654
506,10,4.04712,4.04712
506,11,0.0435506,0.0435506
506,12,1.81163,1.81163
506,13,0.632965,0.632965
506,14,-5.15367,-5.15367
506,15,-3.65659,-3.65659
506,16,-1.10035,-1.10035
506,17,1.28197,1.28197
506,18,-1.20676,-1.20676
506,19,-4.68599,-4.68599
506,20,1.30563,1.30563
507,1,3.76424,3.76424
507,2,-0.583575,-0.583575
507,3,-2.27209,-2.27209
507,4,3.25039,3.25039
507,5,4.45262,4.45262
507,6,-3.96487,-3.96487
507,7,-1.6491,-1.6491
507,8,-0.161054,-0.161054
507,9,-0.406281,-0.406281
507,10,4.28371,4.28371
507,11,0.137319,0.137319
507,12,1.94462,1.94462
507,13,0.684405,0.684405
507,14,-5.07283,-5.07283
507,15,-3.57381,-3.57381
507,16,-1.23334,-1.23334
507,17,1.08313,1.08313
507,18,-1.02339,-1.02339
507,19,-5.23175,-5.23175
507,20,1.4032,1.4032
508,1,3.43355,3.43355
508,2,-1.12416,-1.12416
508,3,-2.73876,-2.73876
508,4,3.58754,3.58754
508,5,4.09514,4.09514
508,6,-3.71895,-3.71895
508,7,-2.11021,-2.11021
508,8,0.536653,0.536653
508,9,-0.735007,-0.735007
508,10,3.93796,3.93796
508,11,0.42333,0.42333
508,12,2.20954,2.20954
508,13,1.20412,1.20412
508,14,-4.92009,-4.92009
508,15,-3.35698,-3.35698
508,16,-1.49826,-1.49826
508,17,1.62092,1.62092
508,18,-0.657749,-0.657749
508,19,-4.85919,-4.85919
508,20,1.69005,1.69005
509,1,3.19707,3.19707
509,2,-1.00635,-1.00635
509,3,-2.78013,-2.78013
509,4,3.64033,3.64033
509,5,3.7236,3.7236
509,6,-3.5842,-3.5842
509,7,-2.65882,-2.65882
509,8,0.824417,0.824417
509,9,-1.12711,-1.12711
509,10,3.56814,3.56814
509,11,0.537628,0.537628
509,12,2.37202,2.37202
509,13,1.40728,1.40728
509,14,-4.97606,-4.97606
509,15,-3.51623,-3.51623
509,16,-1.66074,-1.66074
509,17,1.96731,1.96731
509,18,-0.547983,-0.547983
509,19,-3.94311,-3.94311
509,20,1.64387,1.64387
510,1,3.00374,3.00374
510,2,-0.721996,-0.721996
510,3,-2.67349,-2.67349
510,4,3.66922,3.66922
510,5,3.73838,3.73838
510,6,-3.44038,-3.44038
510,7,-2.91795,-2.91795
510,8,0.773204,0.773204
510,9,-1.29336,-1.29336
510,10,3.36613,3.36613
510,11,0.730268,0.730268
510,12,2.47898,2.47898
510,13,1.3653,1.3653
510,14,-4.86211,-4.86211
510,15,-3.48734,-3.48734
510,16,-1.7677,-1.7677
510,17,2.01626,2.01626
510,18,-0.548907,-0.548907
510,19,-3.70319,-3.70319
510,20,1.80151,1.80151
511,1,3.10577,3.10577
511,2,-0.73427,-0.73427
511,3,-2.43738,-2.43738
511,4,3.57553,3.57553
511,5,3.79541,3.79541
511,6,-3.39292,-3.39292
511,7,-2.96559,-2.96559
511,8,0.674264,0.674264
511,9,-1.40313,-1.40313
511,10,3.28637,3.28637
511,11,0.592091,0.592091
511,12,2.34115,2.34115
511,13,1.23816,1.23816
511,14,-4.83099,-4.83099
511,15,-3.41612,-3.41612
511,16,-1.62987,-1.62987
511,17,2.07226,2.07226
511,18,-0.70363,-0.70363
511,19,-3.72868,-3.72868
511,20,1.86814,1.86814
512,1,3.38786,3.38786
512,2,-0.497355,-0.497355
512,3,-2.22603,-2.22603
512,4,3.39181,3.39181
512,5,3.92155,3.92155
512,6,-3.50375,-3.50375
512,7,-2.64323,-2.64323
512,8,0.324952,0.324952
512,9,-1.23612,-1.23612
512,10,3.55592,3.55592
512,11,0.385579,0.385579
512,12,2.15713,2.15713
512,13,0.948647,0.948647
512,14,-4.88881,-4.88881
512,15,-3.45503,-3.45503
512,16,-1.44584,-1.44584
512,17,1.78216,1.78216
512,18,-0.896903,-0.896903
512,19,-3.98876,-3.98876
512,20,1.58996,1.58996
513,1,3.71928,3.71928
513,2,-0.289712,-0.289712
513,3,-2.00655,-2.00655
513,4,3.07505,3.07505
513,5,4.32824,4.32824
513,6,-3.87297,-3.87297
513,7,-2.05035,-2.05035
513,8,-0.0855795,-0.0855795
513,9,-0.666205,-0.666205
513,10,4.0576,4.0576
513,11,0.0356252,0.0356252
513,12,1.80515,1.80515
513,13,0.612347,0.612347
513,14,-5.15411,-5.15411
513,15,-3.66049,-3.66049
513,16,-1.09387,-1.09387
513,17,1.26063,1.26063
513,18,-1.21889,-1.21889
513,19,-4.69715,-4.69715
513,20,1.29789,1.29789
514,1,3.78559,3.78559
514,2,-0.576372,-0.576372
514,3,-2.25678,-2.25678
514,4,3.23453,3.23453
514,5,4.47689,4.47689
514,6,-3.98035,-3.98035
514,7,-1.61971,-1.61971
514,8,-0.180827,-0.180827
514,9,-0.380943,-0.380943
514,10,4.30791,4.30791
514,11,0.118281,0.118281
514,12,1.92281,1.92281
514,13,0.66461,0.66461
514,14,-5.0823,-5.0823
514,15,-3.57762,-3.57762
514,16,-1.21153,-1.21153
514,17,1.06006,1.06006
514,18,-1.04245,-1.04245
514,19,-5.27714,-5.27714
514,20,1.39269,1.39269
515,1,3.4276,3.4276
515,2,-1.15391,-1.15391
515,3,-2.76323,-2.76323
515,4,3.60707,3.60707
515,5,4.08496,4.08496
515,6,-3.71029,-3.71029
515,7,-2.09787,-2.09787
515,8,0.540939,0.540939
515,9,-0.735043,-0.735043
515,10,3.93976,3.93976
515,11,0.436255,0.436255
515,12,2.22724,2.22724
515,13,1.21781,1.21781
515,14,-4.90246,-4.90246
515,15,-3.33712,-3.33712
515,16,-1.51596,-1.51596
515,17,1.62231,1.62231
515,18,-0.636657,-0.636657
515,19,-4.87253,-4.87253
515,20,1.70287,1.70287
516,1,3.19146,3.19146
516,2,-1.00993,-1.00993
516,3,-2.7867,-2.7867
516,4,3.63636,3.63636
516,5,3.70952,3.70952
516,6,-3.58517,-3.58517
516,7,-2.68169,-2.68169
516,8,0.854269,0.854269
516,9,-1.1332,-1.1332
516,10,3.55902,3.55902
516,11,0.531946,0.531946
516,12,2.3649,2.3649
516,13,1.42116,1.42116
516,14,-4.98808,-4.98808
516,15,-3.52494,-3.52494
516,16,-1.65362,-1.65362
516,17,1.98442,1.98442
516,18,-0.550029,-0.550029
516,19,-3.91659,-3.91659
516,20,1.63501,1.63501
517,1,2.98586,2.98586
517,2,-0.71783,-0.71783
517,3,-2.68441,-2.68441
517,4,3.68379,3.68379
517,5,3.72642,3.72642
517,6,-3.43124,-3.43124
517,7,-2.92678,-2.92678
517,8,0.7691,0.7691
517,9,-1.30341,-1.30341
517,10,3.35424,3.35424
517,11,0.751278,0.751278
517,12,2.50268,2.50268
517,13,1.373,1.373
517,14,-4.85071,-4.85071
517,15,-3.48604,-3.48604
517,16,-1.79139,-1.79139
517,17,2.01713,2.01713
517,18,-0.531465,-0.531465
517,19,-3.67837,-3.67837
517,20,1.81289,1.81289
518,1,3.11221,3.11221
518,2,-0.722588,-0.722588
518,3,-2.41877,-2.41877
518,4,3.56049,3.56049
518,5,3.80808,3.80808
518,6,-3.39909,-3.39909
518,7,-2.97899,-2.97899
518,8,0.682669,0.682669
518,9,-1.40309,-1.40309
518,10,3.28273,3.28273
518,11,0.579473,0.579473
518,12,2.32131,2.32131
518,13,1.23143,1.23143
518,14,-4.8454,-4.8454
518,15,-3.42666,-3.42666
518,16,-1.61002,-1.61002
518,17,2.0789,2.0789
518,18,-0.722207,-0.722207
518,19,-3.73027,-3.73027
518,20,1.86533,1.86533
519,1,3.38626,3.38626
519,2,-0.504863,-0.504863
519,3,-2.23111,-2.23111
519,4,3.40581,3.40581
519,5,3.91628,3.91628
519,6,-3.49322,-3.49322
519,7,-2.632,-2.632
519,8,0.306143,0.306143
519,9,-1.24535,-1.24535
519,10,3.55455,3.55455
519,11,0.398674,0.398674
519,12,2.17651,2.17651
519,13,0.946587,0.946587
519,14,-4.86978,-4.86978
519,15,-3.4407,-3.4407
519,16,-1.46523,-1.46523
519,17,1.7781,1.7781
519,18,-0.882183,-0.882183
519,19,-3.98996,-3.98996
519,20,1.60006,1.60006
520,1,3.73785,3.73785
520,2,-0.273283,-0.273283
520,3,-1.98551,-1.98551
520,4,3.04791,3.04791
520,5,4.34396,4.34396
520,6,-3.88871,-3.88871
520,7,-2.04845,-2.04845
520,8,-0.0811267,-0.0811267
520,9,-0.651137,-0.651137
520,10,4.07098,4.07098
520,11,0.00724605,0.00724605
520,12,1.77056,1.77056
520,13,0.598709,0.598709
520,14,-5.17777,-5.17777
520,15,-3.67505,-3.67505
520,16,-1.05928,-1.05928
520,17,1.25575,1.25575
520,18,-1.24868,-1.24868
520,19,-4.71255,-4.71255
520,20,1.27482,1.27482
521,1,3.82399,3.82399
521,2,-0.542923,-0.542923
521,3,-2.22895,-2.22895
521,4,3.20883,3.20883
521,5,4.51701,4.51701
521,6,-4.01989,-4.01989
521,7,-1.54869,-1.54869
521,8,-0.250775,-0.250775
521,9,-0.330817,-0.330817
521,10,4.36006,4.36006
521,11,0.0911254,0.0911254
521,12,1.90431,1.90431
521,13,0.620725,0.620725
521,14,-5.10649,-5.10649
521,15,-3.60945,-3.60945
521,16,-1.19303,-1.19303
521,17,0.997928,0.997928
521,18,-1.06543,-1.06543
521,19,-5.33431,-5.33431
521,20,1.35943,1.35943
522,1,3.42165,3.42165
522,2,-1.19231,-1.19231
522,3,-2.79522,-2.79522
522,4,3.62958,3.62958
522,5,4.10536,4.10536
522,6,-3.70741,-3.70741
522,7,-2.07455,-2.07455
522,8,0.557787,0.557787
522,9,-0.715377,-0.715377
522,10,3.95345,3.95345
522,11,0.45676,0.45676
522,12,2.23852,2.23852
522,13,1.23445,1.23445
522,14,-4.88504,-4.88504
522,15,-3.30942,-3.30942
522,16,-1.52724,-1.52724
522,17,1.62168,1.62168
522,18,-0.616685,-0.616685
522,19,-4.94297,-4.94297
522,20,1.7313,1.7313
523,1,3.19468,3.19468
523,2,-1.04092,-1.04092
523,3,-2.79571,-2.79571
523,4,3.63629,3.63629
523,5,3.68737,3.68737
523,6,-3.59041,-3.59041
523,7,-2.70094,-2.70094
523,8,0.886712,0.886712
523,9,-1.14986,-1.14986
523,10,3.54729,3.54729
523,11,0.517537,0.517537
523,12,2.36152,2.36152
523,13,1.44177,1.44177
523,14,-5.00605,-5.00605
523,15,-3.53959,-3.53959
523,16,-1.65024,-1.65024
523,17,2.01521,2.01521
523,18,-0.54518,-0.54518
523,19,-3.87852,-3.87852
523,20,1.62452,1.62452
524,1,2.97992,2.97992
524,2,-0.678768,-0.678768
524,3,-2.68592,-2.68592
524,4,3.68401,3.68401
524,5,3.7328,3.7328
524,6,-3.43633,-3.43633
524,7,-2.92487,-2.92487
524,8,0.756303,0.756303
524,9,-1.29752,-1.29752
524,10,3.36235,3.36235
524,11,0.767716,0.767716
524,12,2.51475,2.51475
524,13,1.36636,1.36636
524,14,-4.85577,-4.85577
524,15,-3.50279,-3.50279
524,16,-1.80347,-1.80347
524,17,2.00269,2.00269
524,18,-0.526592,-0.526592
524,19,-3.66831,-3.66831
524,20,1.79833,1.79833
525,1,3.09111,3.09111
525,2,-0.751854,-0.751854
525,3,-2.42692,-2.42692
525,4,3.57347,3.57347
525,5,3.81152,3.81152
525,6,-3.38709,-3.38709
525,7,-2.99869,-2.99869
525,8,0.703442,0.703442
525,9,-1.41497,-1.41497
525,10,3.26069,3.26069
525,11,0.592512,0.592512
525,12,2.3302,2.3302
525,13,1.24889,1.24889
525,14,-4.83352,-4.83352
525,15,-3.4109,-3.4109
525,16,-1.61892,-1.61892
525,17,2.1022,2.1022
525,18,-0.713293,-0.713293
525,19,-3.73412,-3.73412
525,20,1.90317,1.90317
526,1,3.36908,3.36908
526,2,-0.529074,-0.529074
526,3,-2.24986,-2.24986
526,4,3.43257,3.43257
526,5,3.87381,3.87381
526,6,-3.45924,-3.45924
526,7,-2.67562,-2.67562
526,8,0.338621,0.338621
526,9,-1.29835,-1.29835
526,10,3.51594,3.51594
526,11,0.420971,0.420971
526,12,2.20335,2.20335
526,13,0.972709,0.972709
526,14,-4.84315,-4.84315
526,15,-3.4166,-3.4166
526,16,-1.49206,-1.49206
526,17,1.82367,1.82367
526,18,-0.855417,-0.855417
526,19,-3.93071,-3.93071
526,20,1.6153,1.6153
527,1,3.74648,3.74648
527,2,-0.226067,-0.226067
527,3,-1.95105,-1.95105
527,4,3.01354,3.01354
527,5,4.34551,4.34551
527,6,-3.89931,-3.89931
527,7,-2.06363,-2.06363
527,8,-0.0906201,-0.0906201
527,9,-0.648956,-0.648956
527,10,4.0735,4.0735
527,11,-0.0190019,-0.0190019
527,12,1.74031,1.74031
527,13,0.576863,0.576863
527,14,-5.20351,-5.20351
527,15,-3.70044,-3.70044
527,16,-1.02903,-1.02903
527,17,1.24691,1.24691
527,18,-1.28308,-1.28308
527,19,-4.68054,-4.68054
527,20,1.24191,1.24191
528,1,3.85682,3.85682
528,2,-0.500075,-0.500075
528,3,-2.19377,-2.19377
528,4,3.18284,3.18284
528,5,4.56571,4.56571
528,6,-4.05185,-4.05185
528,7,-1.48013,-1.48013
528,8,-0.327922,-0.327922
528,9,-0.278815,-0.278815
528,10,4.40692,4.40692
528,11,0.0688805,0.0688805
528,12,1.88453,1.88453
528,13,0.570701,0.570701
528,14,-5.11901,-5.11901
528,15,-3.62905,-3.62905
528,16,-1.17325,-1.17325
528,17,0.930243,0.930243
528,18,-1.09377,-1.09377
528,19,-5.40549,-5.40549
528,20,1.34069,1.34069
529,1,3.43678,3.43678
529,2,-1.23109,-1.23109
529,3,-2.80859,-2.80859
529,4,3.63796,3.63796
529,5,4.13098,4.13098
529,6,-3.71324,-3.71324
529,7,-2.03763,-2.03763
529,8,0.559655,0.559655
529,9,-0.690691,-0.690691
529,10,3.97705,3.97705
529,11,0.454706,0.454706
529,12,2.23107,2.23107
529,13,1.23523,1.23523
529,14,-4.87616,-4.87616
529,15,-3.28695,-3.28695
529,16,-1.51979,-1.51979
529,17,1.61231,1.61231
529,18,-0.613142,-0.613142
529,19,-5.02342,-5.02342
529,20,1.7479,1.7479
530,1,3.21693,3.21693
530,2,-1.05163,-1.05163
530,3,-2.79736,-2.79736
530,4,3.62472,3.62472
530,5,3.6833,3.6833
530,6,-3.61083,-3.61083
530,7,-2.68386,-2.68386
530,8,0.890516,0.890516
530,9,-1.13814,-1.13814
530,10,3.56606,3.56606
530,11,0.493124,0.493124
530,12,2.34786,2.34786
530,13,1.44226,1.44226
530,14,-5.03122,-5.03122
530,15,-3.56046,-3.56046
530,16,-1.63657,-1.63657
530,17,2.01262,2.01262
530,18,-0.550531,-0.550531
530,19,-3.87761,-3.87761
530,20,1.59302,1.59302
531,1,2.9621,2.9621
531,2,-0.672196,-0.672196
531,3,-2.71035,-2.71035
531,4,3.69859,3.69859
531,5,3.73687,3.73687
531,6,-3.43727,-3.43727
531,7,-2.91714,-2.91714
531,8,0.758232,0.758232
531,9,-1.2846,-1.2846
531,10,3.36962,3.36962
531,11,0.79333,0.79333
531,12,2.53672,2.53672
531,13,1.37698,1.37698
531,14,-4.85016,-4.85016
531,15,-3.504,-3.504
531,16,-1.82544,-1.82544
531,17,1.99265,1.99265
531,18,-0.507306,-0.507306
531,19,-3.67796,-3.67796
531,20,1.80382,1.80382
532,1,3.09422,3.09422
532,2,-0.761032,-0.761032
532,3,-2.41654,-2.41654
532,4,3.56309,3.56309
532,5,3.82464,3.82464
532,6,-3.40091,-3.40091
532,7,-3.01112,-3.01112
532,8,0.720244,0.720244
532,9,-1.41317,-1.41317
532,10,3.25445,3.25445
532,11,0.578708,0.578708
532,12,2.3146,2.3146
532,13,1.253,1.253
532,14,-4.85559,-4.85559
532,15,-3.43072,-3.43072
532,16,-1.60332,-1.60332
532,17,2.11693,2.11693
532,18,-0.725192,-0.725192
532,19,-3.73372,-3.73372
532,20,1.90742,1.90742
533,1,3.37148,3.37148
533,2,-0.523653,-0.523653
533,3,-2.25413,-2.25413
533,4,3.44711,3.44711
533,5,3.87619,3.87619
533,6,-3.45337,-3.45337
533,7,-2.6668,-2.6668
533,8,0.322766,0.322766
533,9,-1.3093,-1.3093
533,10,3.51787,3.51787
533,11,0.439994,0.439994
533,12,2.22465,2.22465
533,13,0.969178,0.969178
533,14,-4.8314,-4.8314
533,15,-3.41305,-3.41305
533,16,-1.51337,-1.51337
533,17,1.82226,1.82226
533,18,-0.838774,-0.838774
533,19,-3.93242,-3.93242
533,20,1.61793,1.61793
534,1,3.74796,3.74796
534,2,-0.230101,-0.230101
534,3,-1.94138,-1.94138
534,4,3.00081,3.00081
534,5,4.35555,4.35555
534,6,-3.90173,-3.90173
534,7,-2.07568,-2.07568
534,8,-0.0735738,-0.0735738
534,9,-0.649212,-0.649212
534,10,4.07097,4.07097
534,11,-0.0317696,-0.0317696
534,12,1.72162,1.72162
534,13,0.577959,0.577959
534,14,-5.21416,-5.21416
534,15,-3.70086,-3.70086
534,16,-1.01034,-1.01034
534,17,1.26031,1.26031
534,18,-1.29845,-1.29845
534,19,-4.6875,-4.6875
534,20,1.24165,1.24165
535,1,3.8824,3.8824
535,2,-0.476006,-0.476006
535,3,-2.17384,-2.17384
535,4,3.16718,3.16718
535,5,4.5811,4.5811
535,6,-4.07211,-4.07211
535,7,-1.44383,-1.44383
535,8,-0.371043,-0.371043
535,9,-0.260205,-0.260205
535,10,4.43266,4.43266
535,11,0.0506165,0.0506165
535,12,1.8754,1.8754
535,13,0.543543,0.543543
535,14,-5.13207,-5.13207
535,15,-3.64993,-3.64993
535,16,-1.16412,-1.16412
535,17,0.899624,0.899624
535,18,-1.10755,-1.10755
535,19,-5.42181,-5.42181
535,20,1.31405,1.31405
536,1,3.4603,3.4603
536,2,-1.21535,-1.21535
536,3,-2.7949,-2.7949
536,4,3.61863,3.61863
536,5,4.17622,4.17622
536,6,-3.74055,-3.74055
536,7,-1.99388,-1.99388
536,8,0.536441,0.536441
536,9,-0.646245,-0.646245
536,10,4.01711,4.01711
536,11,0.438259,0.438259
536,12,2.20503,2.20503
536,13,1.21121,1.21121
536,14,-4.89462,-4.89462
536,15,-3.2989,-3.2989
536,16,-1.49375,-1.49375
536,17,1.57726,1.57726
536,18,-0.635109,-0.635109
536,19,-5.09821,-5.09821
536,20,1.73438,1.73438
537,1,3.22215,3.22215
537,2,-1.08998,-1.08998
537,3,-2.81646,-2.81646
537,4,3.63974,3.63974
537,5,3.68819,3.68819
537,6,-3.61595,-3.61595
537,7,-2.65627,-2.65627
537,8,0.88767,0.88767
537,9,-1.1282,-1.1282
537,10,3.57729,3.57729
537,11,0.496324,0.496324
537,12,2.36016,2.36016
537,13,1.45206,1.45206
537,14,-5.0254,-5.0254
537,15,-3.55199,-3.55199
537,16,-1.64888,-1.64888
537,17,2.01062,2.01062
537,18,-0.533212,-0.533212
537,19,-3.91037,-3.91037
537,20,1.60451,1.60451
538,1,2.95574,2.95574
538,2,-0.681893,-0.681893
538,3,-2.72776,-2.72776
538,4,3.70455,3.70455
538,5,3.72618,3.72618
538,6,-3.43521,-3.43521
538,7,-2.93697,-2.93697
538,8,0.793667,0.793667
538,9,-1.29388,-1.29388
538,10,3.36344,3.36344
538,11,0.799589,0.799589
538,12,2.53933,2.53933
538,13,1.3962,1.3962
538,14,-4.8566,-4.8566
538,15,-3.50749,-3.50749
538,16,-1.82805,-1.82805
538,17,2.01525,2.01525
538,18,-0.498512,-0.498512
538,19,-3.66191,-3.66191
538,20,1.79788,1.79788
539,1,3.07799,3.07799
539,2,-0.759332,-0.759332
539,3,-2.42237,-2.42237
539,4,3.56982,3.56982
539,5,3.81522,3.81522
539,6,-3.39789,-3.39789
539,7,-3.02545,-3.02545
539,8,0.723367,0.723367
539,9,-1.42347,-1.42347
539,10,3.24141,3.24141
539,11,0.590003,0.590003
539,12,2.32963,2.32963
539,13,1.26236,1.26236
539,14,-4.85594,-4.85594
539,15,-3.43857,-3.43857
539,16,-1.61834,-1.61834
539,17,2.12522,2.12522
539,18,-0.714968,-0.714968
539,19,-3.70278,-3.70278
539,20,1.91363,1.91363
540,1,3.34927,3.34927
540,2,-0.532841,-0.532841
540,3,-2.2661,-2.2661
540,4,3.46535,3.46535
540,5,3.86341,3.86341
540,6,-3.43094,-3.43094
540,7,-2.70102,-2.70102
540,8,0.348882,0.348882
540,9,-1.33707,-1.33707
540,10,3.48956,3.48956
540,11,0.463772,0.463772
540,12,2.24208,2.24208
540,13,0.987532,0.987532
540,14,-4.81278,-4.81278
540,15,-3.39592,-3.39592
540,16,-1.5308,-1.5308
540,17,1.85116,1.85116
540,18,-0.823257,-0.823257
540,19,-3.90937,-3.90937
540,20,1.64291,1.64291
541,1,3.74923,3.74923
541,2,-0.224727,-0.224727
541,3,-1.92478,-1.92478
541,4,2.99221,2.99221
541,5,4.34286,4.34286
541,6,-3.89564,-3.89564
541,7,-2.0984,-2.0984
541,8,-0.0702159,-0.0702159
541,9,-0.670859,-0.670859
541,10,4.05497,4.05497
541,11,-0.0420486,-0.0420486
541,12,1.71409,1.71409
541,13,0.574806,0.574806
541,14,-5.21838,-5.21838
541,15,-3.70515,-3.70515
541,16,-1.0028,-1.0028
541,17,1.2758,1.2758
541,18,-1.30813,-1.30813
541,19,-4.65017,-4.65017
541,20,1.23663,1.23663
542,1,3.93101,3.93101
542,2,-0.40648,-0.40648
542,3,-2.11915,-2.11915
542,4,3.11776,3.11776
542,5,4.63071,4.63071
542,6,-4.11417,-4.11417
542,7,-1.38812,-1.38812
542,8,-0.439606,-0.439606
542,9,-0.210622,-0.210622
542,10,4.48506,4.48506
542,11,0.0074057,0.0074057
542,12,1.8306,1.8306
542,13,0.483042,0.483042
542,14,-5.16926,-5.16926
542,15,-3.6902,-3.6902
542,16,-1.11932,-1.11932
542,17,0.836731,0.836731
542,18,-1.15819,-1.15819
542,19,-5.47379,-5.47379
542,20,1.26219,1.26219
543,1,3.48241,3.48241
543,2,-1.23263,-1.23263
543,3,-2.79753,-2.79753
543,4,3.61961,3.61961
543,5,4.22511,4.22511
543,6,-3.76106,-3.76106
543,7,-1.91708,-1.91708
543,8,0.49116,0.49116
543,9,-0.59322,-0.59322
543,10,4.06505,4.06505
543,11,0.434035,0.434035
543,12,2.19996,2.19996
543,13,1.1894,1.1894
543,14,-4.88717,-4.88717
543,15,-3.28519,-3.28519
543,16,-1.48868,-1.48868
543,17,1.52854,1.52854
543,18,-0.637423,-0.637423
543,19,-5.21123,-5.21123
543,20,1.74605,1.74605
544,1,3.22875,3.22875
544,2,-1.14414,-1.14414
544,3,-2.84597,-2.84597
544,4,3.65265,3.65265
544,5,3.67757,3.67757
544,6,-3.61744,-3.61744
544,7,-2.6534,-2.6534
544,8,0.928246,0.928246
544,9,-1.12874,-1.12874
544,10,3.58023,3.58023
544,11,0.490958,0.490958
544,12,2.35882,2.35882
544,13,1.47918,1.47918
544,14,-5.02745,-5.02745
544,15,-3.54114,-3.54114
544,16,-1.64754,-1.64754
544,17,2.03541,2.03541
544,18,-0.51874,-0.51874
544,19,-3.92823,-3.92823
544,20,1.60634,1.60634
545,1,2.95678,2.95678
545,2,-0.66136,-0.66136
545,3,-2.73246,-2.73246
545,4,3.69721,3.69721
545,5,3.71928,3.71928
545,6,-3.4519,-3.4519
545,7,-2.93621,-2.93621
545,8,0.794528,0.794528
545,9,-1.2862,-1.2862
545,10,3.37378,3.37378
545,11,0.796488,0.796488
545,12,2.54125,2.54125
545,13,1.39786,1.39786
545,14,-4.88059,-4.88059
545,15,-3.53952,-3.53952
545,16,-1.82996,-1.82996
545,17,2.00848,2.00848
545,18,-0.496909,-0.496909
545,19,-3.63282,-3.63282
545,20,1.76809,1.76809
546,1,3.04828,3.04828
546,2,-0.767354,-0.767354
546,3,-2.44284,-2.44284
546,4,3.59122,3.59122
546,5,3.82156,3.82156
546,6,-3.38769,-3.38769
546,7,-3.0394,-3.0394
546,8,0.737745,0.737745
546,9,-1.42659,-1.42659
546,10,3.22615,3.22615
546,11,0.62274,0.62274
546,12,2.35498,2.35498
546,13,1.28108,1.28108
546,14,-4.84159,-4.84159
546,15,-3.42931,-3.42931
546,16,-1.6437,-1.6437
546,17,2.13527,2.13527
546,18,-0.693748,-0.693748
546,19,-3.70755,-3.70755
546,20,1.94755,1.94755
547,1,3.34274,3.34274
547,2,-0.556726,-0.556726
547,3,-2.26467,-2.26467
547,4,3.4733,3.4733
547,5,3.84679,3.84679
547,6,-3.41679,-3.41679
547,7,-2.74109,-2.74109
547,8,0.381059,0.381059
547,9,-1.37502,-1.37502
547,10,3.45742,3.45742
547,11,0.465741,0.465741
547,12,2.24534,2.24534
547,13,1.00462,1.00462
547,14,-4.81073,-4.81073
547,15,-3.39235,-3.39235
547,16,-1.53406,-1.53406
547,17,1.89482,1.89482
547,18,-0.817644,-0.817644
547,19,-3.87027,-3.87027
547,20,1.65832,1.65832
548,1,3.73222,3.73222
548,2,-0.214825,-0.214825
548,3,-1.93121,-1.93121
548,4,3.00675,3.00675
548,5,4.31696,4.31696
548,6,-3.86911,-3.86911
548,7,-2.12597,-2.12597
548,8,-0.0653102,-0.0653102
548,9,-0.705363,-0.705363
548,10,4.03263,4.03263
548,11,-0.0194521,-0.0194521
548,12,1.73681,1.73681
548,13,0.582351,0.582351
548,14,-5.19634,-5.19634
548,15,-3.68828,-3.68828
548,16,-1.02553,-1.02553
548,17,1.29397,1.29397
548,18,-1.29226,-1.29226
548,19,-4.60423,-4.60423
548,20,1.24084,1.24084
549,1,3.98484,3.98484
549,2,-0.334641,-0.334641
549,3,-2.04228,-2.04228
549,4,3.04232,3.04232
549,5,4.68548,4.68548
549,6,-4.16926,-4.16926
549,7,-1.34952,-1.34952
549,8,-0.493799,-0.493799
549,9,-0.157161,-0.157161
549,10,4.53196,4.53196
549,11,-0.0663677,-0.0663677
549,12,1.75383,1.75383
549,13,0.418953,0.418953
549,14,-5.23258,-5.23258
549,15,-3.74956,-3.74956
549,16,-1.04255,-1.04255
549,17,0.783486,0.783486
549,18,-1.23751,-1.23751
549,19,-5.51292,-5.51292
549,20,1.20133,1.20133
550,1,3.52516,3.52516
550,2,-1.21823,-1.21823
550,3,-2.78862,-2.78862
550,4,3.61847,3.61847
550,5,4.29244,4.29244
550,6,-3.79475,-3.79475
550,7,-1.79648,-1.79648
550,8,0.392388,0.392388
550,9,-0.520494,-0.520494
550,10,4.14128,4.14128
550,11,0.432169,0.432169
550,12,2.20203,2.20203
550,13,1.13875,1.13875
550,14,-4.87819,-4.87819
550,15,-3.28262,-3.28262
550,16,-1.49075,-1.49075
550,17,1.43891,1.43891
550,18,-0.640009,-0.640009
550,19,-5.35264,-5.35264
550,20,1.74068,1.74068
551,1,3.2643,3.2643
551,2,-1.19369,-1.19369
551,3,-2.85156,-2.85156
551,4,3.63458,3.63458
551,5,3.71588,3.71588
551,6,-3.65099,-3.65099
551,7,-2.61598,-2.61598
551,8,0.959053,0.959053
551,9,-1.08512,-1.08512
551,10,3.61923,3.61923
551,11,0.451976,0.451976
551,12,2.31398,2.31398
551,13,1.48371,1.48371
551,14,-5.06034,-5.06034
551,15,-3.54603,-3.54603
551,16,-1.6027,-1.6027
551,17,2.03608,2.03608
551,18,-0.539441,-0.539441
551,19,-4.02124,-4.02124
551,20,1.59495,1.59495
552,1,2.9632,2.9632
552,2,-0.673083,-0.673083
552,3,-2.76371,-2.76371
552,4,3.71503,3.71503
552,5,3.70955,3.70955
552,6,-3.46793,-3.46793
552,7,-2.89798,-2.89798
552,8,0.777466,0.777466
552,9,-1.27295,-1.27295
552,10,3.39847,3.39847
552,11,0.808446,0.808446
552,12,2.57236,2.57236
552,13,1.40706,1.40706
552,14,-4.8864,-4.8864
552,15,-3.55812,-3.55812
552,16,-1.86108,-1.86108
552,17,1.99192,1.99192
552,18,-0.465429,-0.465429
552,19,-3.63103,-3.63103
552,20,1.74617,1.74617
553,1,3.02302,3.02302
553,2,-0.77257,-0.77257
553,3,-2.4629,-2.4629
553,4,3.59534,3.59534
553,5,3.83682,3.83682
553,6,-3.3925,-3.3925
553,7,-3.06986,-3.06986
553,8,0.789834,0.789834
553,9,-1.41997,-1.41997
553,10,3.21661,3.21661
553,11,0.639355,0.639355
553,12,2.35353,2.35353
553,13,1.30791,1.30791
553,14,-4.85648,-4.85648
553,15,-3.43933,-3.43933
553,16,-1.64224,-1.64224
553,17,2.16022,2.16022
553,18,-0.68942,-0.68942
553,19,-3.71486,-3.71486
553,20,1.96285,1.96285
554,1,3.3128,3.3128
554,2,-0.596497,-0.596497
554,3,-2.28846,-2.28846
554,4,3.51216,3.51216
554,5,3.81305,3.81305
554,6,-3.38956,-3.38956
554,7,-2.77886,-2.77886
554,8,0.401592,0.401592
554,9,-1.42763,-1.42763
554,10,3.41177,3.41177
554,11,0.500596,0.500596
554,12,2.29318,2.29318
554,13,1.03781,1.03781
554,14,-4.78583,-4.78583
554,15,-3.3803,-3.3803
554,16,-1.5819,-1.5819
554,17,1.94121,1.94121
554,18,-0.775511,-0.775511
554,19,-3.80788,-3.80788
554,20,1.69669,1.69669
555,1,3.68961,3.68961
555,2,-0.221349,-0.221349
555,3,-1.94998,-1.94998
555,4,3.03182,3.03182
555,5,4.27289,4.27289
555,6,-3.81825,-3.81825
555,7,-2.21735,-2.21735
555,8,0.00470052,0.00470052
555,9,-0.776415,-0.776415
555,10,3.97058,3.97058
555,11,0.0183234,0.0183234
555,12,1.75997,1.75997
555,13,0.620838,0.620838
555,14,-5.16747,-5.16747
555,15,-3.6562,-3.6562
555,16,-1.04869,-1.04869
555,17,1.36626,1.36626
555,18,-1.27041,-1.27041
555,19,-4.52148,-4.52148
555,20,1.26725,1.26725
556,1,4.02551,4.02551
556,2,-0.258415,-0.258415
556,3,-1.96009,-1.96009
556,4,2.97546,2.97546
556,5,4.70616,4.70616
556,6,-4.2056,-4.2056
556,7,-1.3369,-1.3369
556,8,-0.55811,-0.55811
556,9,-0.141602,-0.141602
556,10,4.5505,4.5505
556,11,-0.13161,-0.13161
556,12,1.69867,1.69867
556,13,0.358128,0.358128
556,14,-5.2831,-5.2831
556,15,-3.80767,-3.80767
556,16,-0.987384,-0.987384
556,17,0.745933,0.745933
556,18,-1.3051,-1.3051
556,19,-5.4809,-5.4809
556,20,1.14315,1.14315
557,1,3.55656,3.55656
557,2,-1.17892,-1.17892
557,3,-2.7717,-2.7717
557,4,3.61295,3.61295
557,5,4.35842,4.35842
557,6,-3.81257,-3.81257
557,7,-1.70096,-1.70096
557,8,0.304011,0.304011
557,9,-0.457392,-0.457392
557,10,4.20469,4.20469
557,11,0.437636,0.437636
557,12,2.1975,2.1975
557,13,1.08492,1.08492
557,14,-4.85819,-4.85819
557,15,-3.26603,-3.26603
557,16,-1.48622,-1.48622
557,17,1.35509,1.35509
557,18,-0.652559,-0.652559
557,19,-5.48621,-5.48621
557,20,1.74004,1.74004
558,1,3.28967,3.28967
558,2,-1.26576,-1.26576
558,3,-2.85861,-2.85861
558,4,3.62604,3.62604
558,5,3.72966,3.72966
558,6,-3.66714,-3.66714
558,7,-2.5877,-2.5877
558,8,0.984799,0.984799
558,9,-1.06085,-1.06085
558,10,3.63874,3.63874
558,11,0.413773,0.413773
558,12,2.2795,2.2795
558,13,1.49385,1.49385
558,14,-5.07338,-5.07338
558,15,-3.53174,-3.53174
558,16,-1.56822,-1.56822
558,17,2.04511,2.04511
558,18,-0.552526,-0.552526
558,19,-4.08758,-4.08758
558,20,1.60155,1.60155
559,1,2.96693,2.96693
559,2,-0.669839,-0.669839
559,3,-2.79635,-2.79635
559,4,3.73157,3.73157
559,5,3.68196,3.68196
559,6,-3.47191,-3.47191
559,7,-2.87847,-2.87847
559,8,0.773964,0.773964
559,9,-1.26971,-1.26971
559,10,3.41525,3.41525
559,11,0.821971,0.821971
559,12,2.59924,2.59924
559,13,1.4181,1.4181
559,14,-4.88555,-4.88555
559,15,-3.56784,-3.56784
559,16,-1.88795,-1.88795
559,17,1.98021,1.98021
559,18,-0.436788,-0.436788
559,19,-3.60838,-3.60838
559,20,1.71454,1.71454
560,1,3.00512,3.00512
560,2,-0.761592,-0.761592
560,3,-2.46474,-2.46474
560,4,3.58139,3.58139
560,5,3.85752,3.85752
560,6,-3.41097,-3.41097
560,7,-3.08507,-3.08507
560,8,0.81607,0.81607
560,9,-1.39488,-1.39488
560,10,3.21831,3.21831
560,11,0.637205,0.637205
560,12,2.33784,2.33784
560,13,1.3174,1.3174
560,14,-4.88431,-4.88431
560,15,-3.46404,-3.46404
560,16,-1.62656,-1.62656
560,17,2.15982,2.15982
560,18,-0.702368,-0.702368
560,19,-3.72234,-3.72234
560,20,1.96694,1.96694
561,1,3.28939,3.28939
561,2,-0.632665,-0.632665
561,3,-2.31637,-2.31637
561,4,3.55566,3.55566
561,5,3.79243,3.79243
561,6,-3.36487,-3.36487
561,7,-2.79571,-2.79571
561,8,0.409846,0.409846
561,9,-1.4641,-1.4641
561,10,3.37937,3.37937
561,11,0.541518,0.541518
561,12,2.34352,2.34352
561,13,1.0645,1.0645
561,14,-4.75325,-4.75325
561,15,-3.36098,-3.36098
561,16,-1.63223,-1.63223
561,17,1.96978,1.96978
561,18,-0.730466,-0.730466
561,19,-3.78129,-3.78129
561,20,1.73907,1.73907
562,1,3.64927,3.64927
562,2,-0.250163,-0.250163
562,3,-1.97282,-1.97282
562,4,3.05669,3.05669
562,5,4.22612,4.22612
562,6,-3.76972,-3.76972
562,7,-2.31014,-2.31014
562,8,0.0879556,0.0879556
562,9,-0.847393,-0.847393
562,10,3.90772,3.90772
562,11,0.0485613,0.0485613
562,12,1.77739,1.77739
562,13,0.666824,0.666824
562,14,-5.14355,-5.14355
562,15,-3.62277,-3.62277
562,16,-1.0661,-1.0661
562,17,1.44738,1.44738
562,18,-1.24854,-1.24854
562,19,-4.44157,-4.44157
562,20,1.29714,1.29714
563,1,4.05528,4.05528
563,2,-0.184048,-0.184048
563,3,-1.89456,-1.89456
563,4,2.92278,2.92278
563,5,4.70996,4.70996
563,6,-4.23138,-4.23138
563,7,-1.33389,-1.33389
563,8,-0.613613,-0.613613
563,9,-0.137842,-0.137842
563,10,4.56032,4.56032
563,11,-0.180488,-0.180488
563,12,1.66242,1.66242
563,13,0.309709,0.309709
563,14,-5.32295,-5.32295
563,15,-3.85947,-3.85947
563,16,-0.95114,-0.95114
563,17,0.716465,0.716465
563,18,-1.35527,-1.35527
563,19,-5.42775,-5.42775
563,20,1.08653,1.08653
564,1,3.61457,3.61457
564,2,-1.10088,-1.10088
564,3,-2.71487,-2.71487
564,4,3.56587,3.56587
564,5,4.45726,4.45726
564,6,-3.86554,-3.86554
564,7,-1.59042,-1.59042
564,8,0.195173,0.195173
564,9,-0.363946,-0.363946
564,10,4.29257,4.29257
564,11,0.404547,0.404547
564,12,2.15051,2.15051
564,13,1.00044,1.00044
564,14,-4.88136,-4.88136
564,15,-3.29162,-3.29162
564,16,-1.43923,-1.43923
564,17,1.2467,1.2467
564,18,-0.707512,-0.707512
564,19,-5.63695,-5.63695
564,20,1.70666,1.70666
565,1,3.30937,3.30937
565,2,-1.35658,-1.35658
565,3,-2.88846,-2.88846
565,4,3.6485,3.6485
565,5,3.75613,3.75613
565,6,-3.67358,-3.67358
565,7,-2.52252,-2.52252
565,8,0.982159,0.982159
565,9,-1.02846,-1.02846
565,10,3.66942,3.66942
565,11,0.408375,0.408375
565,12,2.2806,2.2806
565,13,1.50498,1.50498
565,14,-5.05318,-5.05318
565,15,-3.49039,-3.49039
565,16,-1.56932,-1.56932
565,17,2.03585,2.03585
565,18,-0.534564,-0.534564
565,19,-4.2022,-4.2022
565,20,1.63707,1.63707
566,1,2.98702,2.98702
566,2,-0.683305,-0.683305
566,3,-2.81676,-2.81676
566,4,3.72505,3.72505
566,5,3.65919,3.65919
566,6,-3.4888,-3.4888
566,7,-2.8791,-2.8791
566,8,0.811454,0.811454
566,9,-1.26733,-1.26733
566,10,3.43101,3.43101
566,11,0.801633,0.801633
566,12,2.58719,2.58719
566,13,1.43545,1.43545
566,14,-4.91514,-4.91514
566,15,-3.59102,-3.59102
566,16,-1.87591,-1.87591
566,17,1.99581,1.99581
566,18,-0.433768,-0.433768
566,19,-3.58648,-3.58648
566,20,1.66681,1.66681
567,1,2.96526,2.96526
567,2,-0.75445,-0.75445
567,3,-2.49803,-2.49803
567,4,3.60209,3.60209
567,5,3.85096,3.85096
567,6,-3.40965,-3.40965
567,7,-3.09112,-3.09112
567,8,0.821766,0.821766
567,9,-1.38594,-1.38594
567,10,3.21327,3.21327
567,11,0.674683,0.674683
567,12,2.37426,2.37426
567,13,1.33918,1.33918
567,14,-4.8793,-4.8793
567,15,-3.47254,-3.47254
567,16,-1.66298,-1.66298
567,17,2.15299,2.15299
567,18,-0.673141,-0.673141
567,19,-3.70138,-3.70138
567,20,1.98173,1.98173
568,1,3.27203,3.27203
568,2,-0.650574,-0.650574
568,3,-2.31804,-2.31804
568,4,3.56411,3.56411
568,5,3.79211,3.79211
568,6,-3.35797,-3.35797
568,7,-2.84204,-2.84204
568,8,0.452749,0.452749
568,9,-1.48897,-1.48897
568,10,3.34415,3.34415
568,11,0.550849,0.550849
568,12,2.34581,2.34581
568,13,1.08737,1.08737
568,14,-4.75807,-4.75807
568,15,-3.3664,-3.3664
568,16,-1.63453,-1.63453
568,17,2.01239,2.01239
568,18,-0.726086,-0.726086
568,19,-3.75715,-3.75715
568,20,1.76809,1.76809
569,1,3.60137,3.60137
569,2,-0.290689,-0.290689
569,3,-2.01193,-2.01193
569,4,3.11463,3.11463
569,5,4.16617,4.16617
569,6,-3.70635,-3.70635
569,7,-2.37575,-2.37575
569,8,0.127362,0.127362
569,9,-0.931446,-0.931446
569,10,3.84291,3.84291
569,11,0.110664,0.110664
569,12,1.84313,1.84313
569,13,0.711218,0.711218
569,14,-5.08496,-5.08496
569,15,-3.57234,-3.57234
569,16,-1.13184,-1.13184
569,17,1.51281,1.51281
569,18,-1.18942,-1.18942
569,19,-4.35606,-4.35606
569,20,1.34742,1.34742
570,1,4.07086,4.07086
570,2,-0.125611,-0.125611
570,3,-1.83563,-1.83563
570,4,2.86635,2.86635
570,5,4.70576,4.70576
570,6,-4.24065,-4.24065
570,7,-1.38394,-1.38394
570,8,-0.600677,-0.600677
570,9,-0.153457,-0.153457
570,10,4.5451,4.5451
570,11,-0.231284,-0.231284
570,12,1.60495,1.60495
570,13,0.285907,0.285907
570,14,-5.36499,-5.36499
570,15,-3.89385,-3.89385
570,16,-0.893671,-0.893671
570,17,0.732603,0.732603
570,18,-1.41544,-1.41544
570,19,-5.36407,-5.36407
570,20,1.04062,1.04062
571,1,3.70437,3.70437
571,2,-0.982154,-0.982154
571,3,-2.61922,-2.61922
571,4,3.48939,3.48939
571,5,4.55996,4.55996
571,6,-3.94797,-3.94797
571,7,-1.44215,-1.44215
571,8,0.0185859,0.0185859
571,9,-0.254414,-0.254414
571,10,4.40515,4.40515
571,11,0.336963,0.336963
571,12,2.09103,2.09103
571,13,0.876069,0.876069
571,14,-4.93187,-4.93187
571,15,-3.36058,-3.36058
571,16,-1.37975,-1.37975
571,17,1.09605,1.09605
571,18,-0.785526,-0.785526
571,19,-5.76484,-5.76484
571,20,1.62919,1.62919
572,1,3.317,3.317
572,2,-1.44464,-1.44464
572,3,-2.93892,-2.93892
572,4,3.68781,3.68781
572,5,3.81295,3.81295
572,6,-3.67093,-3.67093
572,7,-2.43743,-2.43743
572,8,0.98094,0.98094
572,9,-0.971418,-0.971418
572,10,3.71583,3.71583
572,11,0.434167,0.434167
572,12,2.29137,2.29137
572,13,1.51721,1.51721
572,14,-5.00727,-5.00727
572,15,-3.41738,-3.41738
572,16,-1.58009,-1.58009
572,17,2.00885,2.00885
572,18,-0.505743,-0.505743
572,19,-4.39256,-4.39256
572,20,1.69941,1.69941
573,1,3.03515,3.03515
573,2,-0.728308,-0.728308
573,3,-2.81556,-2.81556
573,4,3.69439,3.69439
573,5,3.63684,3.63684
573,6,-3.53021,-3.53021
573,7,-2.87232,-2.87232
573,8,0.852819,0.852819
573,9,-1.26035,-1.26035
573,10,3.45152,3.45152
573,11,0.73288,0.73288
573,12,2.54226,2.54226
573,13,1.44884,1.44884
573,14,-4.97879,-4.97879
573,15,-3.63935,-3.63935
573,16,-1.83098,-1.83098
573,17,2.02118,2.02118
573,18,-0.454221,-0.454221
573,19,-3.55873,-3.55873
573,20,1.60263,1.60263
574,1,2.92895,2.92895
574,2,-0.713296,-0.713296
574,3,-2.54852,-2.54852
574,4,3.63709,3.63709
574,5,3.85288,3.85288
574,6,-3.40897,-3.40897
574,7,-3.0657,-3.0657
574,8,0.800182,0.800182
574,9,-1.3617,-1.3617
574,10,3.23481,3.23481
574,11,0.740916,0.740916
574,12,2.43568,2.43568
574,13,1.35078,1.35078
574,14,-4.86128,-4.86128
574,15,-3.47944,-3.47944
574,16,-1.72439,-1.72439
574,17,2.11493,2.11493
574,18,-0.624301,-0.624301
574,19,-3.70532,-3.70532
574,20,1.9797,1.9797
575,1,3.2323,3.2323
575,2,-0.714671,-0.714671
575,3,-2.33135,-2.33135
575,4,3.57468,3.57468
575,5,3.79217,3.79217
575,6,-3.34795,-3.34795
575,7,-2.91537,-2.91537
575,8,0.540458,0.540458
575,9,-1.51646,-1.51646
575,10,3.28789,3.28789
575,11,0.555874,0.555874
575,12,2.33946,2.33946
575,13,1.13815,1.13815
575,14,-4.76784,-4.76784
575,15,-3.36294,-3.36294
575,16,-1.62818,-1.62818
575,17,2.08681,2.08681
575,18,-0.722625,-0.722625
575,19,-3.73468,-3.73468
575,20,1.82957,1.82957
576,1,3.53325,3.53325
576,2,-0.344618,-0.344618
576,3,-2.08017,-2.08017
576,4,3.2099,3.2099
576,5,4.05772,4.05772
576,6,-3.61098,-3.61098
576,7,-2.47506,-2.47506
576,8,0.185187,0.185187
576,9,-1.06621,-1.06621
576,10,3.74315,3.74315
576,11,0.208765,0.208765
576,12,1.95515,1.95515
576,13,0.782295,0.782295
576,14,-4.99557,-4.99557
576,15,-3.50569,-3.50569
576,16,-1.24387,-1.24387
576,17,1.61215,1.61215
576,18,-1.0886,-1.0886
576,19,-4.20158,-4.20158
576,20,1.40839,1.40839
577,1,4.06676,4.06676
577,2,-0.0463073,-0.0463073
577,3,-1.76229,-1.76229
577,4,2.79395,2.79395
577,5,4.69284,4.69284
577,6,-4.24066,-4.24066
577,7,-1.48589,-1.48589
577,8,-0.554897,-0.554897
577,9,-0.187128,-0.187128
577,10,4.50492,4.50492
577,11,-0.285893,-0.285893
577,12,1.5296,1.5296
577,13,0.268062,0.268062
577,14,-5.41889,-5.41889
577,15,-3.93406,-3.93406
577,16,-0.818323,-0.818323
577,17,0.773211,0.773211
577,18,-1.49417,-1.49417
577,19,-5.25507,-5.25507
577,20,0.994754,0.994754
578,1,3.80705,3.80705
578,2,-0.836726,-0.836726
578,3,-2.49876,-2.49876
578,4,3.40531,3.40531
578,5,4.66871,4.66871
578,6,-4.03511,-4.03511
578,7,-1.27089,-1.27089
578,8,-0.210341,-0.210341
578,9,-0.141211,-0.141211
578,10,4.52372,4.52372
578,11,0.261978,0.261978
578,12,2.03552,2.03552
578,13,0.724708,0.724708
578,14,-4.97805,-4.97805
578,15,-3.43763,-3.43763
578,16,-1.32424,-1.32424
578,17,0.917489,0.917489
578,18,-0.871524,-0.871524
578,19,-5.89032,-5.89032
578,20,1.54543,1.54543
579,1,3.35965,3.35965
579,2,-1.50785,-1.50785
579,3,-2.95837,-2.95837
579,4,3.69571,3.69571
579,5,3.91517,3.91517
579,6,-3.69282,-3.69282
579,7,-2.31599,-2.31599
579,8,0.956373,0.956373
579,9,-0.87583,-0.87583
579,10,3.80072,3.80072
579,11,0.430129,0.430129
579,12,2.25886,2.25886
579,13,1.49424,1.49424
579,14,-4.98159,-4.98159
579,15,-3.35365,-3.35365
579,16,-1.54758,-1.54758
579,17,1.94893,1.94893
579,18,-0.515086,-0.515086
579,19,-4.65568,-4.65568
579,20,1.74093,1.74093
580,1,3.09723,3.09723
580,2,-0.802808,-0.802808
580,3,-2.82728,-2.82728
580,4,3.67347,3.67347
580,5,3.62099,3.62099
580,6,-3.5798,-3.5798
580,7,-2.81534,-2.81534
580,8,0.864536,0.864536
580,9,-1.23157,-1.23157
580,10,3.49686,3.49686
580,11,0.660524,0.660524
580,12,2.50754,2.50754
580,13,1.45828,1.45828
580,14,-5.03285,-5.03285
580,15,-3.67594,-3.67594
580,16,-1.79626,-1.79626
580,17,2.02202,2.02202
580,18,-0.462034,-0.462034
580,19,-3.57517,-3.57517
580,20,1.54067,1.54067
581,1,2.88104,2.88104
581,2,-0.693312,-0.693312
581,3,-2.62796,-2.62796
581,4,3.68242,3.68242
581,5,3.84108,3.84108
581,6,-3.40274,-3.40274
581,7,-3.05892,-3.05892
581,8,0.825637,0.825637
581,9,-1.33994,-1.33994
581,10,3.25105,3.25105
581,11,0.815412,0.815412
581,12,2.49876,2.49876
581,13,1.38929,1.38929
581,14,-4.84321,-4.84321
581,15,-3.47854,-3.47854
581,16,-1.78748,-1.78748
581,17,2.09919,2.09919
581,18,-0.563745,-0.563745
581,19,-3.70653,-3.70653
581,20,1.97847,1.97847
582,1,3.19301,3.19301
582,2,-0.76525,-0.76525
582,3,-2.33698,-2.33698
582,4,3.57549,3.57549
582,5,3.78876,3.78876
582,6,-3.3543,-3.3543
582,7,-2.98964,-2.98964
582,8,0.618567,0.618567
582,9,-1.53919,-1.53919
582,10,3.23281,3.23281
582,11,0.551813,0.551813
582,12,2.33214,2.33214
582,13,1.18592,1.18592
582,14,-4.79984,-4.79984
582,15,-3.39108,-3.39108
582,16,-1.62086,-1.62086
582,17,2.15441,2.15441
582,18,-0.723249,-0.723249
582,19,-3.68118,-3.68118
582,20,1.87594,1.87594
583,1,3.48231,3.48231
583,2,-0.362922,-0.362922
583,3,-2.12848,-2.12848
583,4,3.29102,3.29102
583,5,3.99232,3.99232
583,6,-3.53699,-3.53699
583,7,-2.54809,-2.54809
583,8,0.216208,0.216208
583,9,-1.17261,-1.17261
583,10,3.66873,3.66873
583,11,0.304156,0.304156
583,12,2.05457,2.05457
583,13,0.828311,0.828311
583,14,-4.92203,-4.92203
583,15,-3.45872,-3.45872
583,16,-1.34328,-1.34328
583,17,1.68326,1.68326
583,18,-1.00369,-1.00369
583,19,-4.09614,-4.09614
583,20,1.46055,1.46055
584,1,4.00623,4.00623
584,2,-0.0663441,-0.0663441
584,3,-1.75627,-1.75627
584,4,2.79411,2.79411
584,5,4.63247,4.63247
584,6,-4.17795,-4.17795
584,7,-1.63217,-1.63217
584,8,-0.449935,-0.449935
584,9,-0.282272,-0.282272
584,10,4.40681,4.40681
584,11,-0.276384,-0.276384
584,12,1.52181,1.52181
584,13,0.316001,0.316001
584,14,-5.40207,-5.40207
584,15,-3.89739,-3.89739
584,16,-0.810526,-0.810526
584,17,0.882493,0.882493
584,18,-1.50223,-1.50223
584,19,-5.12091,-5.12091
584,20,1.03258,1.03258
585,1,3.94421,3.94421
585,2,-0.633737,-0.633737
585,3,-2.32211,-2.32211
585,4,3.25862,3.25862
585,5,4.75932,4.75932
585,6,-4.14747,-4.14747
585,7,-1.15072,-1.15072
585,8,-0.413264,-0.413264
585,9,-0.0467953,-0.0467953
585,10,4.63419,4.63419
585,11,0.120086,0.120086
585,12,1.91465,1.91465
585,13,0.553443,0.553443
585,14,-5.0905,-5.0905
585,15,-3.5771,-3.5771
585,16,-1.20337,-1.20337
585,17,0.763164,0.763164
585,18,-1.01835,-1.01835
585,19,-5.92596,-5.92596
585,20,1.38286,1.38286
586,1,3.34487,3.34487
586,2,-1.56567,-1.56567
586,3,-3.02395,-3.02395
586,4,3.76515,3.76515
586,5,4.00288,4.00288
586,6,-3.67007,-3.67007
586,7,-2.17044,-2.17044
586,8,0.878805,0.878805
586,9,-0.787416,-0.787416
586,10,3.87519,3.87519
586,11,0.512119,0.512119
586,12,2.31366,2.31366
586,13,1.47956,1.47956
586,14,-4.87587,-4.87587
586,15,-3.23402,-3.23402
586,16,-1.60238,-1.60238
586,17,1.85464,1.85464
586,18,-0.46033,-0.46033
586,19,-4.92655,-4.92655
586,20,1.84214,1.84214
587,1,3.15448,3.15448
587,2,-0.923329,-0.923329
587,3,-2.82303,-2.82303
587,4,3.62963,3.62963
587,5,3.58432,3.58432
587,6,-3.6169,-3.6169
587,7,-2.84635,-2.84635
587,8,0.977874,0.977874
587,9,-1.23906,-1.23906
587,10,3.48976,3.48976
587,11,0.546471,0.546471
587,12,2.41673,2.41673
587,13,1.5004,1.5004
587,14,-5.10923,-5.10923
587,15,-3.70474,-3.70474
587,16,-1.70545,-1.70545
587,17,2.10264,2.10264
587,18,-0.505905,-0.505905
587,19,-3.55137,-3.55137
587,20,1.4951,1.4951
588,1,2.8424,2.8424
588,2,-0.624537,-0.624537
588,3,-2.70133,-2.70133
588,4,3.74109,3.74109
588,5,3.79314,3.79314
588,6,-3.38747,-3.38747
588,7,-3.02042,-3.02042
588,8,0.769593,0.769593
588,9,-1.33608,-1.33608
588,10,3.2779,3.2779
588,11,0.90908,0.90908
588,12,2.6062,2.6062
588,13,1.39814,1.39814
588,14,-4.80314,-4.80314
588,15,-3.4871,-3.4871
588,16,-1.89492,-1.89492
588,17,2.03994,2.03994
588,18,-0.478527,-0.478527
588,19,-3.64584,-3.64584
588,20,1.94414,1.94414
589,1,3.13501,3.13501
589,2,-0.808412,-0.808412
589,3,-2.33777,-2.33777
589,4,3.55723,3.55723
589,5,3.81579,3.81579
589,6,-3.35722,-3.35722
589,7,-3.08901,-3.08901
589,8,0.739714,0.739714
589,9,-1.53546,-1.53546
589,10,3.17442,3.17442
589,11,0.542257,0.542257
589,12,2.28728,2.28728
589,13,1.2397,1.2397
589,14,-4.83594,-4.83594
589,15,-3.399,-3.399
589,16,-1.576,-1.576
589,17,2.22665,2.22665
589,18,-0.754076,-0.754076
589,19,-3.67914,-3.67914
589,20,1.94479,1.94479
590,1,3.41835,3.41835
590,2,-0.440252,-0.440252
590,3,-2.20376,-2.20376
590,4,3.41301,3.41301
590,5,3.86852,3.86852
590,6,-3.43454,-3.43454
590,7,-2.62562,-2.62562
590,8,0.237526,0.237526
590,9,-1.32384,-1.32384
590,10,3.5609,3.5609
590,11,0.416943,0.416943
590,12,2.20326,2.20326
590,13,0.898184,0.898184
590,14,-4.80925,-4.80925
590,15,-3.38669,-3.38669
590,16,-1.49198,-1.49198
590,17,1.77608,1.77608
590,18,-0.873764,-0.873764
590,19,-3.92918,-3.92918
590,20,1.54068,1.54068
591,1,3.91007,3.91007
591,2,-0.0696461,-0.0696461
591,3,-1.77296,-1.77296
591,4,2.80414,2.80414
591,5,4.53435,4.53435
591,6,-4.07904,-4.07904
591,7,-1.85778,-1.85778
591,8,-0.268185,-0.268185
591,9,-0.414726,-0.414726
591,10,4.27052,4.27052
591,11,-0.239443,-0.239443
591,12,1.51538,1.51538
591,13,0.396497,0.396497
591,14,-5.37218,-5.37218
591,15,-3.83801,-3.83801
591,16,-0.804101,-0.804101
591,17,1.03807,1.03807
591,18,-1.50281,-1.50281
591,19,-4.92662,-4.92662
591,20,1.07237,1.07237
592,1,4.06962,4.06962
592,2,-0.419056,-0.419056
592,3,-2.12122,-2.12122
592,4,3.1001,3.1001
592,5,4.825,4.825
592,6,-4.25982,-4.25982
592,7,-1.04418,-1.04418
592,8,-0.647422,-0.647422
592,9,0.0345178,0.0345178
592,10,4.72187,4.72187
592,11,-0.0373039,-0.0373039
592,12,1.79847,1.79847
592,13,0.373447,0.373447
592,14,-5.20852,-5.20852
592,15,-3.73498,-3.73498
592,16,-1.08719,-1.08719
592,17,0.601122,0.601122
592,18,-1.17357,-1.17357
592,19,-5.89246,-5.89246
592,20,1.22214,1.22214
593,1,3.39544,3.39544
593,2,-1.52667,-1.52667
593,3,-3.0211,-3.0211
593,4,3.77502,3.77502
593,5,4.16796,4.16796
593,6,-3.69792,-3.69792
593,7,-1.96323,-1.96323
593,8,0.731858,0.731858
593,9,-0.633477,-0.633477
593,10,4.01604,4.01604
593,11,0.548972,0.548972
593,12,2.30466,2.30466
593,13,1.38767,1.38767
593,14,-4.81404,-4.81404
593,15,-3.16005,-3.16005
593,16,-1.59338,-1.59338
593,17,1.68458,1.68458
593,18,-0.472546,-0.472546
593,19,-5.28981,-5.28981
593,20,1.88564,1.88564
594,1,3.23054,3.23054
594,2,-1.09943,-1.09943
594,3,-2.83041,-2.83041
594,4,3.60084,3.60084
594,5,3.58883,3.58883
594,6,-3.66673,-3.66673
594,7,-2.7898,-2.7898
594,8,1.03855,1.03855
594,9,-1.20131,-1.20131
594,10,3.52595,3.52595
594,11,0.432327,0.432327
594,12,2.3354,2.3354
594,13,1.52863,1.52863
594,14,-5.16465,-5.16465
594,15,-3.70259,-3.70259
594,16,-1.62412,-1.62412
594,17,2.13948,2.13948
594,18,-0.536509,-0.536509
594,19,-3.6441,-3.6441
594,20,1.48146,1.48146
595,1,2.83469,2.83469
595,2,-0.577375,-0.577375
595,3,-2.78637,-2.78637
595,4,3.78659,3.78659
595,5,3.74591,3.74591
595,6,-3.39164,-3.39164
595,7,-2.97441,-2.97441
595,8,0.755571,0.755571
595,9,-1.31816,-1.31816
595,10,3.32619,3.32619
595,11,0.972436,0.972436
595,12,2.68356,2.68356
595,13,1.41861,1.41861
595,14,-4.79103,-4.79103
595,15,-3.50724,-3.50724
595,16,-1.97228,-1.97228
595,17,1.99648,1.99648
595,18,-0.404327,-0.404327
595,19,-3.61031,-3.61031
595,20,1.87272,1.87272
596,1,3.08174,3.08174
596,2,-0.827852,-0.827852
596,3,-2.34211,-2.34211
596,4,3.53048,3.53048
596,5,3.85808,3.85808
596,6,-3.39246,-3.39246
596,7,-3.14563,-3.14563
596,8,0.822363,0.822363
596,9,-1.4943,-1.4943
596,10,3.15146,3.15146
596,11,0.530673,0.530673
596,12,2.24953,2.24953
596,13,1.27988,1.27988
596,14,-4.89692,-4.89692
596,15,-3.44582,-3.44582
596,16,-1.53825,-1.53825
596,17,2.25656,2.25656
596,18,-0.782612,-0.782612
596,19,-3.6856,-3.6856
596,20,1.9867,1.9867
597,1,3.35202,3.35202
597,2,-0.52295,-0.52295
597,3,-2.28736,-2.28736
597,4,3.53913,3.53913
597,5,3.78362,3.78362
597,6,-3.34695,-3.34695
597,7,-2.69431,-2.69431
597,8,0.274182,0.274182
597,9,-1.45079,-1.45079
597,10,3.46228,3.46228
597,11,0.540021,0.540021
597,12,2.34915,2.34915
597,13,0.975234,0.975234
597,14,-4.70654,-4.70654
597,15,-3.32183,-3.32183
597,16,-1.63787,-1.63787
597,17,1.86869,1.86869
597,18,-0.742435,-0.742435
597,19,-3.81888,-3.81888
597,20,1.63966,1.63966
598,1,3.82457,3.82457
598,2,-0.101957,-0.101957
598,3,-1.78904,-1.78904
598,4,2.8218,2.8218
598,5,4.4387,4.4387
598,6,-3.98484,-3.98484
598,7,-2.0818,-2.0818
598,8,-0.0830212,-0.0830212
598,9,-0.563973,-0.563973
598,10,4.13075,4.13075
598,11,-0.204266,-0.204266
598,12,1.51624,1.51624
598,13,0.4822,0.4822
598,14,-5.34932,-5.34932
598,15,-3.78739,-3.78739
598,16,-0.804958,-0.804958
598,17,1.21406,1.21406
598,18,-1.49339,-1.49339
598,19,-4.7277,-4.7277
598,20,1.11754,1.11754
599,1,4.15948,4.15948
599,2,-0.223941,-0.223941
599,3,-1.95794,-1.95794
599,4,2.97718,2.97718
599,5,4.86116,4.86116
599,6,-4.33323,-4.33323
599,7,-0.980354,-0.980354
599,8,-0.837975,-0.837975
599,9,0.0738739,0.0738739
599,10,4.77627,4.77627
599,11,-0.150147,-0.150147
599,12,1.72075,1.72075
599,13,0.230067,0.230067
599,14,-5.29192,-5.29192
599,15,-3.85687,-3.85687
599,16,-1.00946,-1.00946
599,17,0.483184,0.483184
599,18,-1.29165,-1.29165
599,19,-5.8234,-5.8234
599,20,1.08626,1.08626
600,1,3.47293,3.47293
600,2,-1.44362,-1.44362
600,3,-2.96135,-2.96135
600,4,3.72899,3.72899
600,5,4.34729,4.34729
600,6,-3.75991,-3.75991
600,7,-1.7649,-1.7649
600,8,0.569644,0.569644
600,9,-0.468811,-0.468811
600,10,4.16469,4.16469
600,11,0.527405,0.527405
600,12,2.24145,2.24145
600,13,1.26409,1.26409
600,14,-4.80649,-4.80649
600,15,-3.14093,-3.14093
600,16,-1.53017,-1.53017
600,17,1.50672,1.50672
600,18,-0.541403,-0.541403
600,19,-5.62091,-5.62091
600,20,1.88319,1.88319
601,1,3.25488,3.25488
601,2,-1.30798,-1.30798
601,3,-2.90097,-2.90097
601,4,3.64913,3.64913
601,5,3.56798,3.56798
601,6,-3.65866,-3.65866
601,7,-2.72832,-2.72832
601,8,1.08925,1.08925
601,9,-1.19295,-1.19295
601,10,3.53784,3.53784
601,11,0.407986,0.407986
601,12,2.34116,2.34116
601,13,1.58699,1.58699
601,14,-5.13054,-5.13054
601,15,-3.62461,-3.62461
601,16,-1.62988,-1.62988
601,17,2.17944,2.17944
601,18,-0.491413,-0.491413
601,19,-3.75077,-3.75077
601,20,1.53778,1.53778
602,1,2.87941,2.87941
602,2,-0.506882,-0.506882
602,3,-2.794,-2.794
602,4,3.74365,3.74365
602,5,3.71792,3.71792
602,6,-3.44442,-3.44442
602,7,-2.9648,-2.9648
602,8,0.780746,0.780746
602,9,-1.28678,-1.28678
602,10,3.38014,3.38014
602,11,0.929231,0.929231
602,12,2.64814,2.64814
602,13,1.41247,1.41247
602,14,-4.87113,-4.87113
602,15,-3.59304,-3.59304
602,16,-1.93686,-1.93686
602,17,1.97508,1.97508
602,18,-0.425014,-0.425014
602,19,-3.55037,-3.55037
602,20,1.73731,1.73731
603,1,2.96655,2.96655
603,2,-0.872414,-0.872414
603,3,-2.43565,-2.43565
603,4,3.61063,3.61063
603,5,3.84799,3.84799
603,6,-3.35819,-3.35819
603,7,-3.16418,-3.16418
603,8,0.84635,0.84635
603,9,-1.48654,-1.48654
603,10,3.11302,3.11302
603,11,0.642234,0.642234
603,12,2.35347,2.35347
603,13,1.34899,1.34899
603,14,-4.83836,-4.83836
603,15,-3.40807,-3.40807
603,16,-1.64219,-1.64219
603,17,2.25928,2.25928
603,18,-0.694133,-0.694133
603,19,-3.68131,-3.68131
603,20,2.09502,2.09502
604,1,3.33612,3.33612
604,2,-0.572488,-0.572488
604,3,-2.27969,-2.27969
604,4,3.54687,3.54687
604,5,3.74388,3.74388
604,6,-3.32269,-3.32269
604,7,-2.83028,-2.83028
604,8,0.399655,0.399655
604,9,-1.544,-1.544
604,10,3.36734,3.36734
604,11,0.532738,0.532738
604,12,2.33441,2.33441
604,13,1.03067,1.03067
604,14,-4.72762,-4.72762
604,15,-3.33667,-3.33667
604,16,-1.62313,-1.62313
604,17,1.99895,1.99895
604,18,-0.743438,-0.743438
604,19,-3.70678,-3.70678
604,20,1.67224,1.67224
605,1,3.65006,3.65006
605,2,-0.203464,-0.203464
605,3,-1.93239,-1.93239
605,4,3.00158,3.00158
605,5,4.24581,4.24581
605,6,-3.78756,-3.78756
605,7,-2.2664,-2.2664
605,8,0.0246637,0.0246637
605,9,-0.788147,-0.788147
605,10,3.94631,3.94631
605,11,0.00118689,0.00118689
605,12,1.72945,1.72945
605,13,0.621431,0.621431
605,14,-5.15642,-5.15642
605,15,-3.62147,-3.62147
605,16,-1.01816,-1.01816
605,17,1.37618,1.37618
605,18,-1.30583,-1.30583
605,19,-4.47217,-4.47217
605,20,1.26873,1.26873
606,1,4.24501,4.24501
606,2,-0.0219714,-0.0219714
606,3,-1.73738,-1.73738
606,4,2.75948,2.75948
606,5,4.88791,4.88791
606,6,-4.41432,-4.41432
606,7,-1.10096,-1.10096
606,8,-0.821793,-0.821793
606,9,0.0786516,0.0786516
606,10,4.76175,4.76175
606,11,-0.36023,-0.36023
606,12,1.49101,1.49101
606,13,0.12573,0.12573
606,14,-5.47471,-5.47471
606,15,-4.01673,-4.01673
606,16,-0.779733,-0.779733
606,17,0.494677,0.494677
606,18,-1.52386,-1.52386
606,19,-5.66862,-5.66862
606,20,0.917237,0.917237
607,1,3.55739,3.55739
607,2,-1.29024,-1.29024
607,3,-2.8919,-2.8919
607,4,3.72614,3.72614
607,5,4.48784,4.48784
607,6,-3.81522,-3.81522
607,7,-1.45487,-1.45487
607,8,0.191384,0.191384
607,9,-0.312075,-0.312075
607,10,4.34046,4.34046
607,11,0.556594,0.556594
607,12,2.29473,2.29473
607,13,1.0758,1.0758
607,14,-4.73866,-4.73866
607,15,-3.13722,-3.13722
607,16,-1.58345,-1.58345
607,17,1.21181,1.21181
607,18,-0.545654,-0.545654
607,19,-5.88226,-5.88226
607,20,1.86324,1.86324
608,1,3.33363,3.33363
608,2,-1.45255,-1.45255
608,3,-2.89385,-2.89385
608,4,3.59278,3.59278
608,5,3.68606,3.68606
608,6,-3.70941,-3.70941
608,7,-2.66842,-2.66842
608,8,1.20474,1.20474
608,9,-1.08298,-1.08298
608,10,3.60975,3.60975
608,11,0.299336,0.299336
608,12,2.18261,2.18261
608,13,1.59638,1.59638
608,14,-5.17968,-5.17968
608,15,-3.56885,-3.56885
608,16,-1.47133,-1.47133
608,17,2.19905,2.19905
608,18,-0.580304,-0.580304
608,19,-4.05269,-4.05269
608,20,1.5658,1.5658
609,1,2.89525,2.89525
609,2,-0.595891,-0.595891
609,3,-2.89614,-2.89614
609,4,3.82265,3.82265
609,5,3.59669,3.59669
609,6,-3.4404,-3.4404
609,7,-2.87511,-2.87511
609,8,0.724938,0.724938
609,9,-1.3129,-1.3129
609,10,3.40972,3.40972
609,11,0.959149,0.959149
609,12,2.76563,2.76563
609,13,1.45315,1.45315
609,14,-4.83522,-4.83522
609,15,-3.59432,-3.59432
609,16,-2.05435,-2.05435
609,17,1.95219,1.95219
609,18,-0.306613,-0.306613
609,19,-3.4535,-3.4535
609,20,1.68424,1.68424
610,1,2.91081,2.91081
610,2,-0.79299,-0.79299
610,3,-2.46119,-2.46119
610,4,3.5671,3.5671
610,5,3.88945,3.88945
610,6,-3.39024,-3.39024
610,7,-3.25637,-3.25637
610,8,0.989275,0.989275
610,9,-1.42694,-1.42694
610,10,3.11506,3.11506
610,11,0.651762,0.651762
610,12,2.29242,2.29242
610,13,1.39145,1.39145
610,14,-4.9151,-4.9151
610,15,-3.46314,-3.46314
610,16,-1.58114,-1.58114
610,17,2.28289,2.28289
610,18,-0.737148,-0.737148
610,19,-3.68788,-3.68788
610,20,2.06812,2.06812
611,1,3.23086,3.23086
611,2,-0.711173,-0.711173
611,3,-2.36549,-2.36549
611,4,3.67937,3.67937
611,5,3.65046,3.65046
611,6,-3.2471,-3.2471
611,7,-2.88578,-2.88578
611,8,0.403012,0.403012
611,9,-1.65634,-1.65634
611,10,3.24728,3.24728
611,11,0.648539,0.648539
611,12,2.50239,2.50239
611,13,1.12186,1.12186
611,14,-4.6274,-4.6274
611,15,-3.2851,-3.2851
611,16,-1.79111,-1.79111
611,17,2.07791,2.07791
611,18,-0.600733,-0.600733
611,19,-3.56704,-3.56704
611,20,1.82535,1.82535
612,1,3.54373,3.54373
612,2,-0.238905,-0.238905
612,3,-1.99191,-1.99191
612,4,3.07104,3.07104
612,5,4.11872,4.11872
612,6,-3.64316,-3.64316
612,7,-2.55436,-2.55436
612,8,0.281231,0.281231
612,9,-0.996155,-0.996155
612,10,3.76281,3.76281
612,11,0.0994478,0.0994478
612,12,1.77067,1.77067
612,13,0.746459,0.746459
612,14,-5.08697,-5.08697
612,15,-3.52865,-3.52865
612,16,-1.05939,-1.05939
612,17,1.6113,1.6113
612,18,-1.25068,-1.25068
612,19,-4.24816,-4.24816
612,20,1.34046,1.34046
613,1,4.16982,4.16982
613,2,0.00903356,0.00903356
613,3,-1.69376,-1.69376
613,4,2.76235,2.76235
613,5,4.74296,4.74296
613,6,-4.33222,-4.33222
613,7,-1.24005,-1.24005
613,8,-0.845608,-0.845608
613,9,-0.0690192,-0.0690192
613,10,4.62969,4.62969
613,11,-0.352557,-0.352557
613,12,1.54417,1.54417
613,13,0.137696,0.137696
613,14,-5.43191,-5.43191
613,15,-4.00536,-4.00536
613,16,-0.832892,-0.832892
613,17,0.561869,0.561869
613,18,-1.5131,-1.5131
613,19,-5.35521,-5.35521
613,20,0.931266,0.931266
614,1,3.82258,3.82258
614,2,-0.873232,-0.873232
614,3,-2.5556,-2.5556
614,4,3.41636,3.41636
614,5,4.76874,4.76874
614,6,-4.0478,-4.0478
614,7,-1.22769,-1.22769
614,8,-0.114478,-0.114478
614,9,-0.0475281,-0.0475281
614,10,4.595,4.595
614,11,0.288568,0.288568
614,12,1.98319,1.98319
614,13,0.74384,0.74384
614,14,-4.97286,-4.97286
614,15,-3.37657,-3.37657
614,16,-1.27191,-1.27191
614,17,0.902632,0.902632
614,18,-0.879419,-0.879419
614,19,-6.14655,-6.14655
614,20,1.57708,1.57708
615,1,3.28752,3.28752
615,2,-1.72219,-1.72219
615,3,-3.07369,-3.07369
615,4,3.79739,3.79739
615,5,3.76099,3.76099
615,6,-3.63494,-3.63494
615,7,-2.37642,-2.37642
615,8,1.04125,1.04125
615,9,-0.982126,-0.982126
615,10,3.7019,3.7019
615,11,0.470586,0.470586
615,12,2.37556,2.37556
615,13,1.62461,1.62461
615,14,-4.92996,-4.92996
615,15,-3.30659,-3.30659
615,16,-1.66428,-1.66428
615,17,2.06595,2.06595
615,18,-0.388267,-0.388267
615,19,-4.47687,-4.47687
615,20,1.81749,1.81749
616,1,3.0505,3.0505
616,2,-0.670452,-0.670452
616,3,-2.83853,-2.83853
616,4,3.65902,3.65902
616,5,3.57035,3.57035
616,6,-3.55499,-3.55499
616,7,-2.9714,-2.9714
616,8,0.986407,0.986407
616,9,-1.29029,-1.29029
616,10,3.44146,3.44146
616,11,0.701056,0.701056
616,12,2.50236,2.50236
616,13,1.49241,1.49241
616,14,-5.06557,-5.06557
616,15,-3.72489,-3.72489
616,16,-1.79107,-1.79107
616,17,2.09086,2.09086
616,18,-0.470758,-0.470758
616,19,-3.41049,-3.41049
616,20,1.47672,1.47672
617,1,2.79341,2.79341
617,2,-0.72648,-0.72648
617,3,-2.62514,-2.62514
617,4,3.72478,3.72478
617,5,3.81438,3.81438
617,6,-3.35765,-3.35765
617,7,-3.10744,-3.10744
617,8,0.785874,0.785874
617,9,-1.39409,-1.39409
617,10,3.1685,3.1685
617,11,0.871621,0.871621
617,12,2.57165,2.57165
617,13,1.4094,1.4094
617,14,-4.78995,-4.78995
617,15,-3.45276,-3.45276
617,16,-1.86037,-1.86037
617,17,2.11906,2.11906
617,18,-0.52339,-0.52339
617,19,-3.61383,-3.61383
617,20,2.09076,2.09076
618,1,3.19222,3.19222
618,2,-0.758358,-0.758358
618,3,-2.3228,-2.3228
618,4,3.59147,3.59147
618,5,3.7511,3.7511
618,6,-3.28839,-3.28839
618,7,-3.09519,-3.09519
618,8,0.696669,0.696669
618,9,-1.6351,-1.6351
618,10,3.16066,3.16066
618,11,0.569748,0.569748
618,12,2.32509,2.32509
618,13,1.20354,1.20354
618,14,-4.75789,-4.75789
618,15,-3.33654,-3.33654
618,16,-1.61381,-1.61381
618,17,2.24485,2.24485
618,18,-0.725675,-0.725675
618,19,-3.62478,-3.62478
618,20,1.89599,1.89599
619,1,3.41647,3.41647
619,2,-0.41209,-0.41209
619,3,-2.1547,-2.1547
619,4,3.33229,3.33229
619,5,3.88031,3.88031
619,6,-3.45179,-3.45179
619,7,-2.62128,-2.62128
619,8,0.22969,0.22969
619,9,-1.2693,-1.2693
619,10,3.59044,3.59044
619,11,0.340338,0.340338
619,12,2.112,2.112
619,13,0.864673,0.864673
619,14,-4.84588,-4.84588
619,15,-3.38349,-3.38349
619,16,-1.40072,-1.40072
619,17,1.73515,1.73515
619,18,-0.959809,-0.959809
619,19,-3.94393,-3.94393
619,20,1.50434,1.50434
620,1,4.08245,4.08245
620,2,0.0990218,0.0990218
620,3,-1.64006,-1.64006
620,4,2.66964,2.66964
620,5,4.67385,4.67385
620,6,-4.24423,-4.24423
620,7,-1.61321,-1.61321
620,8,-0.510298,-0.510298
620,9,-0.21174,-0.21174
620,10,4.46113,4.46113
620,11,-0.390861,-0.390861
620,12,1.39479,1.39479
620,13,0.220267,0.220267
620,14,-5.4917,-5.4917
620,15,-3.98424,-3.98424
620,16,-0.683504,-0.683504
620,17,0.800168,0.800168
620,18,-1.63436,-1.63436
620,19,-5.12218,-5.12218
620,20,0.905123,0.905123
621,1,4.0136,4.0136
621,2,-0.586508,-0.586508
621,3,-2.27611,-2.27611
621,4,3.22938,3.22938
621,5,4.87809,4.87809
621,6,-4.22323,-4.22323
621,7,-0.937375,-0.937375
621,8,-0.615882,-0.615882
621,9,0.102017,0.102017
621,10,4.77003,4.77003
621,11,0.0924837,0.0924837
621,12,1.89572,1.89572
621,13,0.442685,0.442685
621,14,-5.09584,-5.09584
621,15,-3.5987,-3.5987
621,16,-1.18444,-1.18444
621,17,0.573228,0.573228
621,18,-1.05049,-1.05049
621,19,-6.15073,-6.15073
621,20,1.3724,1.3724
622,1,3.33895,3.33895
622,2,-1.71953,-1.71953
622,3,-3.11641,-3.11641
622,4,3.82619,3.82619
622,5,4.00438,4.00438
622,6,-3.64405,-3.64405
622,7,-2.15973,-2.15973
622,8,0.988779,0.988779
622,9,-0.777759,-0.777759
622,10,3.87426,3.87426
622,11,0.539952,0.539952
622,12,2.3274,2.3274
622,13,1.5564,1.5564
622,14,-4.8333,-4.8333
622,15,-3.14534,-3.14534
622,16,-1.61612,-1.61612
622,17,1.91111,1.91111
622,18,-0.406764,-0.406764
622,19,-5.05339,-5.05339
622,20,1.91171,1.91171
623,1,3.16811,3.16811
623,2,-0.933766,-0.933766
623,3,-2.83248,-2.83248
623,4,3.61033,3.61033
623,5,3.5162,3.5162
623,6,-3.64347,-3.64347
623,7,-2.87984,-2.87984
623,8,1.01743,1.01743
623,9,-1.26616,-1.26616
623,10,3.48282,3.48282
623,11,0.506289,0.506289
623,12,2.41061,2.41061
623,13,1.5256,1.5256
623,14,-5.17033,-5.17033
623,15,-3.77478,-3.77478
623,16,-1.69933,-1.69933
623,17,2.13699,2.13699
623,18,-0.50267,-0.50267
623,19,-3.41327,-3.41327
623,20,1.41906,1.41906
624,1,2.7608,2.7608
624,2,-0.579101,-0.579101
624,3,-2.75872,-2.75872
624,4,3.79288,3.79288
624,5,3.7907,3.7907
624,6,-3.35423,-3.35423
624,7,-3.05554,-3.05554
624,8,0.785768,0.785768
624,9,-1.34006,-1.34006
624,10,3.25113,3.25113
624,11,1.01002,1.01002
624,12,2.68282,2.68282
624,13,1.4328,1.4328
624,14,-4.75898,-4.75898
624,15,-3.46812,-3.46812
624,16,-1.97154,-1.97154
624,17,2.03653,2.03653
624,18,-0.42144,-0.42144
624,19,-3.6245,-3.6245
624,20,1.99186,1.99186
625,1,3.09768,3.09768
625,2,-0.886355,-0.886355
625,3,-2.32984,-2.32984
625,4,3.57045,3.57045
625,5,3.78408,3.78408
625,6,-3.32537,-3.32537
625,7,-3.19666,-3.19666
625,8,0.827501,0.827501
625,9,-1.61355,-1.61355
625,10,3.0823,3.0823
625,11,0.538729,0.538729
625,12,2.28328,2.28328
625,13,1.28887,1.28887
625,14,-4.83339,-4.83339
625,15,-3.38675,-3.38675
625,16,-1.57199,-1.57199
625,17,2.33293,2.33293
625,18,-0.751907,-0.751907
625,19,-3.59494,-3.59494
625,20,2.01601,2.01601
626,1,3.33001,3.33001
626,2,-0.477155,-0.477155
626,3,-2.28227,-2.28227
626,4,3.5224,3.5224
626,5,3.7307,3.7307
626,6,-3.30142,-3.30142
626,7,-2.75198,-2.75198
626,8,0.302988,0.302988
626,9,-1.48663,-1.48663
626,10,3.44175,3.44175
626,11,0.540641,0.540641
626,12,2.33271,2.33271
626,13,0.974702,0.974702
626,14,-4.68362,-4.68362
626,15,-3.28139,-3.28139
626,16,-1.62143,-1.62143
626,17,1.8845,1.8845
626,18,-0.760886,-0.760886
626,19,-3.74397,-3.74397
626,20,1.6072,1.6072
627,1,3.87052,3.87052
627,2,-0.0211757,-0.0211757
627,3,-1.71276,-1.71276
627,4,2.74216,2.74216
627,5,4.47083,4.47083
627,6,-4.04628,-4.04628
627,7,-2.00818,-2.00818
627,8,-0.18926,-0.18926
627,9,-0.481345,-0.481345
627,10,4.18525,4.18525
627,11,-0.291808,-0.291808
627,12,1.44826,1.44826
627,13,0.406269,0.406269
627,14,-5.40129,-5.40129
627,15,-3.84853,-3.84853
627,16,-0.736978,-0.736978
627,17,1.11051,1.11051
627,18,-1.57416,-1.57416
627,19,-4.75284,-4.75284
627,20,1.05337,1.05337
628,1,4.23895,4.23895
628,2,-0.168095,-0.168095
628,3,-1.92252,-1.92252
628,4,2.94185,2.94185
628,5,4.97306,4.97306
628,6,-4.40584,-4.40584
628,7,-0.826134,-0.826134
628,8,-0.950553,-0.950553
628,9,0.202288,0.202288
628,10,4.89651,4.89651
628,11,-0.181808,-0.181808
628,12,1.67284,1.67284
628,13,0.14513,0.14513
628,14,-5.31948,-5.31948
628,15,-3.88653,-3.88653
628,16,-0.961554,-0.961554
628,17,0.347143,0.347143
628,18,-1.33421,-1.33421
628,19,-6.03385,-6.03385
628,20,1.05094,1.05094
629,1,3.4015,3.4015
629,2,-1.64571,-1.64571
629,3,-3.09873,-3.09873
629,4,3.84559,3.84559
629,5,4.28552,4.28552
629,6,-3.68842,-3.68842
629,7,-1.78925,-1.78925
629,8,0.681232,0.681232
629,9,-0.515539,-0.515539
629,10,4.11117,4.11117
629,11,0.613544,0.613544
629,12,2.3356,2.3356
629,13,1.38356,1.38356
629,14,-4.71503,-4.71503
629,15,-3.02139,-3.02139
629,16,-1.62432,-1.62432
629,17,1.59436,1.59436
629,18,-0.421773,-0.421773
629,19,-5.64992,-5.64992
629,20,2.00731,2.00731
630,1,3.27364,3.27364
630,2,-1.26152,-1.26152
630,3,-2.87342,-2.87342
630,4,3.59247,3.59247
630,5,3.50217,3.50217
630,6,-3.68492,-3.68492
630,7,-2.83303,-2.83303
630,8,1.18019,1.18019
630,9,-1.23973,-1.23973
630,10,3.50362,3.50362
630,11,0.343091,0.343091
630,12,2.28761,2.28761
630,13,1.60817,1.60817
630,14,-5.22276,-5.22276
630,15,-3.71846,-3.71846
630,16,-1.57633,-1.57633
630,17,2.24921,2.24921
630,18,-0.533658,-0.533658
630,19,-3.56858,-3.56858
630,20,1.43447,1.43447
631,1,2.76952,2.76952
631,2,-0.481549,-0.481549
631,3,-2.8628,-2.8628
631,4,3.83386,3.83386
631,5,3.68927,3.68927
631,6,-3.37739,-3.37739
631,7,-2.98596,-2.98596
631,8,0.742673,0.742673
631,9,-1.32036,-1.32036
631,10,3.33334,3.33334
631,11,1.07048,1.07048
631,12,2.78205,2.78205
631,13,1.44456,1.44456
631,14,-4.77204,-4.77204
631,15,-3.53798,-3.53798
631,16,-2.07077,-2.07077
631,17,1.95902,1.95902
631,18,-0.328416,-0.328416
631,19,-3.50057,-3.50057
631,20,1.8299,1.8299
632,1,2.98034,2.98034
632,2,-0.897158,-0.897158
632,3,-2.36787,-2.36787
632,4,3.55665,3.55665
632,5,3.85401,3.85401
632,6,-3.35852,-3.35852
632,7,-3.27852,-3.27852
632,8,0.948719,0.948719
632,9,-1.53538,-1.53538
632,10,3.04556,3.04556
632,11,0.569775,0.569775
632,12,2.26025,2.26025
632,13,1.3611,1.3611
632,14,-4.88972,-4.88972
632,15,-3.42656,-3.42656
632,16,-1.54897,-1.54897
632,17,2.35741,2.35741
632,18,-0.769218,-0.769218
632,19,-3.63311,-3.63311
632,20,2.11002,2.11002
633,1,3.29315,3.29315
633,2,-0.582677,-0.582677
633,3,-2.33396,-2.33396
633,4,3.64098,3.64098
633,5,3.65016,3.65016
633,6,-3.2329,-3.2329
633,7,-2.829,-2.829
633,8,0.333695,0.333695
633,9,-1.63702,-1.63702
633,10,3.32634,3.32634
633,11,0.635637,0.635637
633,12,2.46765,2.46765
633,13,1.04396,1.04396
633,14,-4.60729,-4.60729
633,15,-3.25373,-3.25373
633,16,-1.75636,-1.75636
633,17,2.00107,2.00107
633,18,-0.639068,-0.639068
633,19,-3.60788,-3.60788
633,20,1.70989,1.70989
634,1,3.64563,3.64563
634,2,-0.167479,-0.167479
634,3,-1.87672,-1.87672
634,4,2.91747,2.91747
634,5,4.24853,4.24853
634,6,-3.79254,-3.79254
634,7,-2.36749,-2.36749
634,8,0.126483,0.126483
634,9,-0.784046,-0.784046
634,10,3.91561,3.91561
634,11,-0.0782136,-0.0782136
634,12,1.61173,1.61173
634,13,0.623965,0.623965
634,14,-5.21463,-5.21463
634,15,-3.63396,-3.63396
634,16,-0.900451,-0.900451
634,17,1.42426,1.42426
634,18,-1.40627,-1.40627
634,19,-4.43684,-4.43684
634,20,1.2379,1.2379
635,1,4.34334,4.34334
635,2,0.0934228,0.0934228
635,3,-1.64917,-1.64917
635,4,2.70334,2.70334
635,5,4.94416,4.94416
635,6,-4.49859,-4.49859
635,7,-0.918609,-0.918609
635,8,-1.06133,-1.06133
635,9,0.175511,0.175511
635,10,4.87485,4.87485
635,11,-0.424011,-0.424011
635,12,1.47477,1.47477
635,13,-0.00739879,-0.00739879
635,14,-5.5114,-5.5114
635,15,-4.10243,-4.10243
635,16,-0.76349,-0.76349
635,17,0.313866,0.313866
635,18,-1.57022,-1.57022
635,19,-5.73386,-5.73386
635,20,0.824645,0.824645
636,1,3.59505,3.59505
636,2,-1.30238,-1.30238
636,3,-2.90192,-2.90192
636,4,3.71,3.71
636,5,4.61717,4.61717
636,6,-3.85536,-3.85536
636,7,-1.35564,-1.35564
636,8,0.19531,0.19531
636,9,-0.189874,-0.189874
636,10,4.43483,4.43483
636,11,0.551116,0.551116
636,12,2.23464,2.23464
636,13,1.04974,1.04974
636,14,-4.74704,-4.74704
636,15,-3.10205,-3.10205
636,16,-1.52335,-1.52335
636,17,1.1444,1.1444
636,18,-0.578833,-0.578833
636,19,-6.15628,-6.15628
636,20,1.88614,1.88614
637,1,3.32086,3.32086
637,2,-1.62642,-1.62642
637,3,-2.97605,-2.97605
637,4,3.65998,3.65998
637,5,3.60645,3.60645
637,6,-3.68935,-3.68935
637,7,-2.66015,-2.66015
637,8,1.2526,1.2526
637,9,-1.12849,-1.12849
637,10,3.57799,3.57799
637,11,0.308265,0.308265
637,12,2.24707,2.24707
637,13,1.67549,1.67549
637,14,-5.15049,-5.15049
637,15,-3.53405,-3.53405
637,16,-1.53579,-1.53579
637,17,2.26394,2.26394
637,18,-0.497878,-0.497878
637,19,-4.00485,-4.00485
637,20,1.60736,1.60736
638,1,2.88018,2.88018
638,2,-0.50906,-0.50906
638,3,-2.91171,-2.91171
638,4,3.80326,3.80326
638,5,3.57488,3.57488
638,6,-3.44831,-3.44831
638,7,-2.95017,-2.95017
638,8,0.80467,0.80467
638,9,-1.32441,-1.32441
638,10,3.4041,3.4041
638,11,0.973001,0.973001
638,12,2.75124,2.75124
638,13,1.47377,1.47377
638,14,-4.88115,-4.88115
638,15,-3.64699,-3.64699
638,16,-2.03996,-2.03996
638,17,1.98221,1.98221
638,18,-0.315837,-0.315837
638,19,-3.36815,-3.36815
638,20,1.61313,1.61313
639,1,2.84485,2.84485
639,2,-0.819554,-0.819554
639,3,-2.4759,-2.4759
639,4,3.60252,3.60252
639,5,3.88538,3.88538
639,6,-3.37333,-3.37333
639,7,-3.27396,-3.27396
639,8,0.964402,0.964402
639,9,-1.44351,-1.44351
639,10,3.07053,3.07053
639,11,0.699443,0.699443
639,12,2.35227,2.35227
639,13,1.41399,1.41399
639,14,-4.88722,-4.88722
639,15,-3.45789,-3.45789
639,16,-1.64099,-1.64099
639,17,2.28814,2.28814
639,18,-0.698805,-0.698805
639,19,-3.64684,-3.64684
639,20,2.14744,2.14744
640,1,3.22428,3.22428
640,2,-0.724383,-0.724383
640,3,-2.36478,-2.36478
640,4,3.69956,3.69956
640,5,3.6299,3.6299
640,6,-3.20397,-3.20397
640,7,-2.97109,-2.97109
640,8,0.478371,0.478371
640,9,-1.73068,-1.73068
640,10,3.1889,3.1889
640,11,0.670047,0.670047
640,12,2.50422,2.50422
640,13,1.14812,1.14812
640,14,-4.6043,-4.6043
640,15,-3.25472,-3.25472
640,16,-1.79293,-1.79293
640,17,2.16091,2.16091
640,18,-0.592706,-0.592706
640,19,-3.52669,-3.52669
640,20,1.8522,1.8522
641,1,3.46888,3.46888
641,2,-0.298646,-0.298646
641,3,-2.03676,-2.03676
641,4,3.13214,3.13214
641,5,4.01253,4.01253
641,6,-3.55272,-3.55272
641,7,-2.64543,-2.64543
641,8,0.324046,0.324046
641,9,-1.10759,-1.10759
641,10,3.67203,3.67203
641,11,0.160136,0.160136
641,12,1.84661,1.84661
641,13,0.80347,0.80347
641,14,-5.00795,-5.00795
641,15,-3.45307,-3.45307
641,16,-1.13533,-1.13533
641,17,1.69074,1.69074
641,18,-1.18607,-1.18607
641,19,-4.09831,-4.09831
641,20,1.39863,1.39863
642,1,4.21559,4.21559
642,2,0.14046,0.14046
642,3,-1.59521,-1.59521
642,4,2.66178,2.66178
642,5,4.75602,4.75602
642,6,-4.37045,-4.37045
642,7,-1.27014,-1.27014
642,8,-0.867027,-0.867027
642,9,-0.0474403,-0.0474403
642,10,4.64279,4.64279
642,11,-0.442507,-0.442507
642,12,1.44365,1.44365
642,13,0.0734778,0.0734778
642,14,-5.5047,-5.5047
642,15,-4.07584,-4.07584
642,16,-0.732369,-0.732369
642,17,0.531895,0.531895
642,18,-1.62009,-1.62009
642,19,-5.3011,-5.3011
642,20,0.833447,0.833447
643,1,3.93447,3.93447
643,2,-0.749751,-0.749751
643,3,-2.44667,-2.44667
643,4,3.33129,3.33129
643,5,4.91896,4.91896
643,6,-4.15927,-4.15927
643,7,-1.00361,-1.00361
643,8,-0.355584,-0.355584
643,9,0.119704,0.119704
643,10,4.75621,4.75621
643,11,0.212105,0.212105
643,12,1.91402,1.91402
643,13,0.584033,0.584033
643,14,-5.02744,-5.02744
643,15,-3.45171,-3.45171
643,16,-1.20274,-1.20274
643,17,0.685944,0.685944
643,18,-0.968144,-0.968144
643,19,-6.36576,-6.36576
643,20,1.50584,1.50584
644,1,3.28581,3.28581
644,2,-1.87745,-1.87745
644,3,-3.16955,-3.16955
644,4,3.87205,3.87205
644,5,3.80296,3.80296
644,6,-3.61191,-3.61191
644,7,-2.2987,-2.2987
644,8,1.09029,1.09029
644,9,-0.937323,-0.937323
644,10,3.73562,3.73562
644,11,0.517758,0.517758
644,12,2.40698,2.40698
644,13,1.67721,1.67721
644,14,-4.85881,-4.85881
644,15,-3.19316,-3.19316
644,16,-1.6957,-1.6957
644,17,2.07321,2.07321
644,18,-0.324669,-0.324669
644,19,-4.69436,-4.69436
644,20,1.91181,1.91181
645,1,3.09099,3.09099
645,2,-0.718513,-0.718513
645,3,-2.84378,-2.84378
645,4,3.62288,3.62288
645,5,3.51109,3.51109
645,6,-3.59636,-3.59636
645,7,-3.00204,-3.00204
645,8,1.06101,1.06101
645,9,-1.30782,-1.30782
645,10,3.44414,3.44414
645,11,0.623069,0.623069
645,12,2.4572,2.4572
645,13,1.52435,1.52435
645,14,-5.14916,-5.14916
645,15,-3.79601,-3.79601
645,16,-1.74592,-1.74592
645,17,2.14524,2.14524
645,18,-0.488694,-0.488694
645,19,-3.30572,-3.30572
645,20,1.38873,1.38873
646,1,2.70505,2.70505
646,2,-0.678614,-0.678614
646,3,-2.70937,-2.70937
646,4,3.79691,3.79691
646,5,3.79048,3.79048
646,6,-3.32204,-3.32204
646,7,-3.12048,-3.12048
646,8,0.781588,0.781588
646,9,-1.39764,-1.39764
646,10,3.15358,3.15358
646,11,0.994556,0.994556
646,12,2.68308,2.68308
646,13,1.44951,1.44951
646,14,-4.73389,-4.73389
646,15,-3.43521,-3.43521
646,16,-1.97179,-1.97179
646,17,2.09858,2.09858
646,18,-0.435859,-0.435859
646,19,-3.57327,-3.57327
646,20,2.12556,2.12556
647,1,3.17332,3.17332
647,2,-0.801082,-0.801082
647,3,-2.2834,-2.2834
647,4,3.56039,3.56039
647,5,3.76561,3.76561
647,6,-3.29745,-3.29745
647,7,-3.19681,-3.19681
647,8,0.790909,0.790909
647,9,-1.6686,-1.6686
647,10,3.09333,3.09333
647,11,0.528865,0.528865
647,12,2.26894,2.26894
647,13,1.23369,1.23369
647,14,-4.80775,-4.80775
647,15,-3.36829,-3.36829
647,16,-1.55765,-1.55765
647,17,2.33295,2.33295
647,18,-0.770265,-0.770265
647,19,-3.57869,-3.57869
647,20,1.9415,1.9415
648,1,3.31359,3.31359
648,2,-0.490476,-0.490476
648,3,-2.26837,-2.26837
648,4,3.49126,3.49126
648,5,3.73787,3.73787
648,6,-3.30088,-3.30088
648,7,-2.71814,-2.71814
648,8,0.269068,0.269068
648,9,-1.44422,-1.44422
648,10,3.46736,3.46736
648,11,0.51005,0.51005
648,12,2.3006,2.3006
648,13,0.955215,0.955215
648,14,-4.67739,-4.67739
648,15,-3.24963,-3.24963
648,16,-1.58932,-1.58932
648,17,1.84022,1.84022
648,18,-0.794293,-0.794293
648,19,-3.77995,-3.77995
648,20,1.61392,1.61392
649,1,3.99009,3.99009
649,2,0.0817718,0.0817718
649,3,-1.62879,-1.62879
649,4,2.64499,2.64499
649,5,4.55047,4.55047
649,6,-4.15418,-4.15418
649,7,-1.87425,-1.87425
649,8,-0.304051,-0.304051
649,9,-0.355144,-0.355144
649,10,4.30071,4.30071
649,11,-0.408232,-0.408232
649,12,1.34714,1.34714
649,13,0.304995,0.304995
649,14,-5.49158,-5.49158
649,15,-3.9454,-3.9454
649,16,-0.635857,-0.635857
649,17,0.980634,0.980634
649,18,-1.67207,-1.67207
649,19,-4.86983,-4.86983
649,20,0.929766,0.929766
650,1,4.24621,4.24621
650,2,-0.215333,-0.215333
650,3,-1.97652,-1.97652
650,4,2.9811,2.9811
650,5,5.04783,5.04783
650,6,-4.43552,-4.43552
650,7,-0.691755,-0.691755
650,8,-1.00917,-1.00917
650,9,0.29973,0.29973
650,10,4.98458,4.98458
650,11,-0.138325,-0.138325
650,12,1.70393,1.70393
650,13,0.133267,0.133267
650,14,-5.29419,-5.29419
650,15,-3.85892,-3.85892
650,16,-0.992653,-0.992653
650,17,0.257811,0.257811
650,18,-1.29315,-1.29315
650,19,-6.23076,-6.23076
650,20,1.09304,1.09304
651,1,3.361,3.361
651,2,-1.79469,-1.79469
651,3,-3.18826,-3.18826
651,4,3.90346,3.90346
651,5,4.22318,4.22318
651,6,-3.65465,-3.65465
651,7,-1.87116,-1.87116
651,8,0.839155,0.839155
651,9,-0.572334,-0.572334
651,10,4.04446,4.04446
651,11,0.63764,0.63764
651,12,2.36801,2.36801
651,13,1.49769,1.49769
651,14,-4.70346,-4.70346
651,15,-2.98091,-2.98091
651,16,-1.65673,-1.65673
651,17,1.71857,1.71857
651,18,-0.358264,-0.358264
651,19,-5.60314,-5.60314
651,20,2.06169,2.06169
652,1,3.26581,3.26581
652,2,-1.18938,-1.18938
652,3,-2.86063,-2.86063
652,4,3.57603,3.57603
652,5,3.45902,3.45902
652,6,-3.69698,-3.69698
652,7,-2.88995,-2.88995
652,8,1.19078,1.19078
652,9,-1.28079,-1.28079
652,10,3.48414,3.48414
652,11,0.34515,0.34515
652,12,2.30132,2.30132
652,13,1.60902,1.60902
652,14,-5.26756,-5.26756
652,15,-3.79508,-3.79508
652,16,-1.59004,-1.59004
652,17,2.27087,2.27087
652,18,-0.532509,-0.532509
652,19,-3.41776,-3.41776
652,20,1.36968,1.36968
653,1,2.70714,2.70714
653,2,-0.46277,-0.46277
653,3,-2.87634,-2.87634
653,4,3.86576,3.86576
653,5,3.71464,3.71464
653,6,-3.34443,-3.34443
653,7,-3.01944,-3.01944
653,8,0.743951,0.743951
653,9,-1.3327,-1.3327
653,10,3.29715,3.29715
653,11,1.13838,1.13838
653,12,2.82536,2.82536
653,13,1.45927,1.45927
653,14,-4.72978,-4.72978
653,15,-3.5055,-3.5055
653,16,-2.11408,-2.11408
653,17,1.96809,1.96809
653,18,-0.303622,-0.303622
653,19,-3.5122,-3.5122
653,20,1.90326,1.90326
654,1,2.99611,2.99611
654,2,-0.940084,-0.940084
654,3,-2.33471,-2.33471
654,4,3.54971,3.54971
654,5,3.83441,3.83441
654,6,-3.34045,-3.34045
654,7,-3.32875,-3.32875
654,8,0.980008,0.980008
654,9,-1.59593,-1.59593
654,10,2.99946,2.99946
654,11,0.538717,0.538717
654,12,2.23757,2.23757
654,13,1.36636,1.36636
654,14,-4.8897,-4.8897
654,15,-3.41682,-3.41682
654,16,-1.52629,-1.52629
654,17,2.42199,2.42199
654,18,-0.786636,-0.786636
654,19,-3.58829,-3.58829
654,20,2.12772,2.12772
655,1,3.27744,3.27744
655,2,-0.558766,-0.558766
655,3,-2.35118,-2.35118
655,4,3.66634,3.66634
655,5,3.60609,3.60609
655,6,-3.18841,-3.18841
655,7,-2.84189,-2.84189
655,8,0.318178,0.318178
655,9,-1.67773,-1.67773
655,10,3.31426,3.31426
655,11,0.673418,0.673418
655,12,2.50619,2.50619
655,13,1.04361,1.04361
655,14,-4.55888,-4.55888
655,15,-3.21222,-3.21222
655,16,-1.79491,-1.79491
655,17,2.00289,2.00289
655,18,-0.610732,-0.610732
655,19,-3.55894,-3.55894
655,20,1.70111,1.70111
656,1,3.65353,3.65353
656,2,-0.140458,-0.140458
656,3,-1.83565,-1.83565
656,4,2.86342,2.86342
656,5,4.25972,4.25972
656,6,-3.81514,-3.81514
656,7,-2.37643,-2.37643
656,8,0.128128,0.128128
656,9,-0.753089,-0.753089
656,10,3.92145,3.92145
656,11,-0.135931,-0.135931
656,12,1.54968,1.54968
656,13,0.604267,0.604267
656,14,-5.25158,-5.25158
656,15,-3.65637,-3.65637
656,16,-0.8384,-0.8384
656,17,1.40827,1.40827
656,18,-1.4661,-1.4661
656,19,-4.435,-4.435
656,20,1.2134,1.2134
657,1,4.41952,4.41952
657,2,0.169219,0.169219
657,3,-1.59508,-1.59508
657,4,2.65994,2.65994
657,5,5.01177,5.01177
657,6,-4.56539,-4.56539
657,7,-0.793468,-0.793468
657,8,-1.19153,-1.19153
657,9,0.262525,0.262525
657,10,4.96696,4.96696
657,11,-0.468725,-0.468725
657,12,1.44074,1.44074
657,13,-0.0941366,-0.0941366
657,14,-5.54763,-5.54763
657,15,-4.15809,-4.15809
657,16,-0.729453,-0.729453
657,17,0.195051,0.195051
657,18,-1.61237,-1.61237
657,19,-5.83564,-5.83564
657,20,0.762678,0.762678
658,1,3.58573,3.58573
658,2,-1.37711,-1.37711
658,3,-2.95359,-2.95359
658,4,3.74591,3.74591
658,5,4.65513,4.65513
658,6,-3.85049,-3.85049
658,7,-1.31066,-1.31066
658,8,0.221121,0.221121
658,9,-0.15029,-0.15029
658,10,4.46129,4.46129
658,11,0.582173,0.582173
658,12,2.24866,2.24866
658,13,1.07612,1.07612
658,14,-4.71762,-4.71762
658,15,-3.04811,-3.04811
658,16,-1.53738,-1.53738
658,17,1.13767,1.13767
658,18,-0.547514,-0.547514
658,19,-6.28715,-6.28715
658,20,1.94109,1.94109
659,1,3.32622,3.32622
659,2,-1.6839,-1.6839
659,3,-2.99918,-2.99918
659,4,3.66524,3.66524
659,5,3.55814,3.55814
659,6,-3.69286,-3.69286
659,7,-2.69381,-2.69381
659,8,1.3117,1.3117
659,9,-1.16072,-1.16072
659,10,3.55501,3.55501
659,11,0.28591,0.28591
659,12,2.24822,2.24822
659,13,1.71619,1.71619
659,14,-5.17431,-5.17431
659,15,-3.55248,-3.55248
659,16,-1.53694,-1.53694
659,17,2.31907,2.31907
659,18,-0.48284,-0.48284
659,19,-3.93401,-3.93401
659,20,1.58806,1.58806
660,1,2.8564,2.8564
660,2,-0.449334,-0.449334
660,3,-2.92422,-2.92422
660,4,3.8096,3.8096
660,5,3.57309,3.57309
660,6,-3.44853,-3.44853
660,7,-2.96368,-2.96368
660,8,0.799142,0.799142
660,9,-1.32295,-1.32295
660,10,3.40685,3.40685
660,11,1.00893,1.00893
660,12,2.77693,2.77693
660,13,1.47364,1.47364
660,14,-4.88434,-4.88434
660,15,-3.67023,-3.67023
660,16,-2.06565,-2.06565
660,17,1.96839,1.96839
660,18,-0.30164,-0.30164
660,19,-3.33228,-3.33228
660,20,1.59546,1.59546
661,1,2.82199,2.82199
661,2,-0.845911,-0.845911
661,3,-2.46999,-2.46999
661,4,3.60748,3.60748
661,5,3.90019,3.90019
661,6,-3.36754,-3.36754
661,7,-3.30135,-3.30135
661,8,0.984153,0.984153
661,9,-1.45381,-1.45381
661,10,3.04093,3.04093
661,11,0.705126,0.705126
661,12,2.35241,2.35241
661,13,1.42841,1.42841
661,14,-4.88502,-4.88502
661,15,-3.45203,-3.45203
661,16,-1.64112,-1.64112
661,17,2.31452,2.31452
661,18,-0.700349,-0.700349
661,19,-3.65025,-3.65025
661,20,2.19421,2.19421
662,1,3.23788,3.23788
662,2,-0.724266,-0.724266
662,3,-2.35768,-2.35768
662,4,3.71003,3.71003
662,5,3.61379,3.61379
662,6,-3.18777,-3.18777
662,7,-2.98403,-2.98403
662,8,0.475814,0.475814
662,9,-1.76867,-1.76867
662,10,3.17562,3.17562
662,11,0.676378,0.676378
662,12,2.51576,2.51576
662,13,1.14424,1.14424
662,14,-4.5909,-4.5909
662,15,-3.24667,-3.24667
662,16,-1.80448,-1.80448
662,17,2.18223,2.18223
662,18,-0.583194,-0.583194
662,19,-3.49934,-3.49934
662,20,1.84688,1.84688
663,1,3.42728,3.42728
663,2,-0.321827,-0.321827
663,3,-2.06425,-2.06425
663,4,3.15618,3.15618
663,5,3.97591,3.97591
663,6,-3.51011,-3.51011
663,7,-2.69055,-2.69055
663,8,0.361843,0.361843
663,9,-1.14458,-1.14458
663,10,3.63578,3.63578
663,11,0.190591,0.190591
663,12,1.87109,1.87109
663,13,0.83455,0.83455
663,14,-4.97126,-4.97126
663,15,-3.40826,-3.40826
663,16,-1.15981,-1.15981
663,17,1.72674,1.72674
663,18,-1.16318,-1.16318
663,19,-4.05661,-4.05661
663,20,1.42812,1.42812
664,1,4.24514,4.24514
664,2,0.190022,0.190022
664,3,-1.54462,-1.54462
664,4,2.61187,2.61187
664,5,4.75739,4.75739
664,6,-4.39887,-4.39887
664,7,-1.27113,-1.27113
664,8,-0.891564,-0.891564
664,9,-0.0343735,-0.0343735
664,10,4.65202,4.65202
664,11,-0.497941,-0.497941
664,12,1.39619,1.39619
664,13,0.0401085,0.0401085
664,14,-5.54672,-5.54672
664,15,-4.12184,-4.12184
664,16,-0.684907,-0.684907
664,17,0.512169,0.512169
664,18,-1.6709,-1.6709
664,19,-5.26724,-5.26724
664,20,0.783371,0.783371
665,1,4.06049,4.06049
665,2,-0.60428,-0.60428
665,3,-2.3289,-2.3289
665,4,3.22176,3.22176
665,5,5.07248,5.07248
665,6,-4.285,-4.285
665,7,-0.822404,-0.822404
665,8,-0.537343,-0.537343
665,9,0.278508,0.278508
665,10,4.91368,4.91368
665,11,0.115132,0.115132
665,12,1.81028,1.81028
665,13,0.434904,0.434904
665,14,-5.12494,-5.12494
665,15,-3.55856,-3.55856
665,16,-1.099,-1.099
665,17,0.505515,0.505515
665,18,-1.07957,-1.07957
665,19,-6.56001,-6.56001
665,20,1.3956,1.3956
666,1,3.2749,3.2749
666,2,-2.01818,-2.01818
666,3,-3.26204,-3.26204
666,4,3.95476,3.95476
666,5,3.85617,3.85617
666,6,-3.59674,-3.59674
666,7,-2.18857,-2.18857
666,8,1.08266,1.08266
666,9,-0.883637,-0.883637
666,10,3.77996,3.77996
666,11,0.581609,0.581609
666,12,2.46936,2.46936
666,13,1.71484,1.71484
666,14,-4.78168,-4.78168
666,15,-3.09363,-3.09363
666,16,-1.75808,-1.75808
666,17,2.04993,2.04993
666,18,-0.246315,-0.246315
666,19,-4.90907,-4.90907
666,20,2.01378,2.01378
667,1,3.16153,3.16153
667,2,-0.747504,-0.747504
667,3,-2.81989,-2.81989
667,4,3.55711,3.55711
667,5,3.50294,3.50294
667,6,-3.66154,-3.66154
667,7,-3.02446,-3.02446
667,8,1.14573,1.14573
667,9,-1.29998,-1.29998
667,10,3.46767,3.46767
667,11,0.517783,0.517783
667,12,2.36541,2.36541
667,13,1.53657,1.53657
667,14,-5.26113,-5.26113
667,15,-3.88247,-3.88247
667,16,-1.65413,-1.65413
667,17,2.19777,2.19777
667,18,-0.545427,-0.545427
667,19,-3.2666,-3.2666
667,20,1.28767,1.28767
668,1,2.66075,2.66075
668,2,-0.627219,-0.627219
668,3,-2.76937,-2.76937
668,4,3.85301,3.85301
668,5,3.80034,3.80034
668,6,-3.32138,-3.32138
668,7,-3.0557,-3.0557
668,8,0.704119,0.704119
668,9,-1.36685,-1.36685
668,10,3.1888,3.1888
668,11,1.09017,1.09017
668,12,2.78547,2.78547
668,13,1.44995,1.44995
668,14,-4.69603,-4.69603
668,15,-3.44147,-3.44147
668,16,-2.07419,-2.07419
668,17,2.02919,2.02919
668,18,-0.359929,-0.359929
668,19,-3.58712,-3.58712
668,20,2.13317,2.13317
669,1,3.1519,3.1519
669,2,-0.863715,-0.863715
669,3,-2.27497,-2.27497
669,4,3.5428,3.5428
669,5,3.80135,3.80135
669,6,-3.30567,-3.30567
669,7,-3.28046,-3.28046
669,8,0.911206,0.911206
669,9,-1.67998,-1.67998
669,10,3.04526,3.04526
669,11,0.504046,0.504046
669,12,2.21532,2.21532
669,13,1.27934,1.27934
669,14,-4.84771,-4.84771
669,15,-3.37676,-3.37676
669,16,-1.50404,-1.50404
669,17,2.42218,2.42218
669,18,-0.802834,-0.802834
669,19,-3.60033,-3.60033
669,20,1.99593,1.99593
670,1,3.29293,3.29293
670,2,-0.518738,-0.518738
670,3,-2.30666,-2.30666
670,4,3.56579,3.56579
670,5,3.66088,3.66088
670,6,-3.24466,-3.24466
670,7,-2.73927,-2.73927
670,8,0.24287,0.24287
670,9,-1.54309,-1.54309
670,10,3.42,3.42
670,11,0.580333,0.580333
670,12,2.40498,2.40498
670,13,0.979471,0.979471
670,14,-4.61121,-4.61121
670,15,-3.21923,-3.21923
670,16,-1.6937,-1.6937
670,17,1.88156,1.88156
670,18,-0.707863,-0.707863
670,19,-3.66524,-3.66524
670,20,1.63459,1.63459
671,1,3.88602,3.88602
671,2,0.0468831,0.0468831
671,3,-1.678,-1.678
671,4,2.68006,2.68006
671,5,4.47655,4.47655
671,6,-4.06008,-4.06008
671,7,-2.04906,-2.04906
671,8,-0.141187,-0.141187
671,9,-0.454152,-0.454152
671,10,4.18734,4.18734
671,11,-0.349423,-0.349423
671,12,1.36642,1.36642
671,13,0.393966,0.393966
671,14,-5.43963,-5.43963
671,15,-3.86502,-3.86502
671,16,-0.655138,-0.655138
671,17,1.1119,1.1119
671,18,-1.64715,-1.64715
671,19,-4.75169,-4.75169
671,20,0.997739,0.997739
672,1,4.43901,4.43901
672,2,0.0255878,0.0255878
672,3,-1.72477,-1.72477
672,4,2.75942,2.75942
672,5,5.16762,5.16762
672,6,-4.61771,-4.61771
672,7,-0.548309,-0.548309
672,8,-1.2515,-1.2515
672,9,0.431766,0.431766
672,10,5.1255,5.1255
672,11,-0.371415,-0.371415
672,12,1.50929,1.50929
672,13,-0.0852153,-0.0852153
672,14,-5.49622,-5.49622
672,15,-4.09144,-4.09144
672,16,-0.798009,-0.798009
672,17,0.0725523,0.0725523
672,18,-1.51164,-1.51164
672,19,-6.24751,-6.24751
672,20,0.865718,0.865718
673,1,3.3739,3.3739
673,2,-1.79896,-1.79896
673,3,-3.25835,-3.25835
673,4,3.98864,3.98864
673,5,4.38609,4.38609
673,6,-3.65373,-3.65373
673,7,-1.61956,-1.61956
673,8,0.668703,0.668703
673,9,-0.418889,-0.418889
673,10,4.1924,4.1924
673,11,0.759539,0.759539
673,12,2.45091,2.45091
673,13,1.43592,1.43592
673,14,-4.57714,-4.57714
673,15,-2.8564,-2.8564
673,16,-1.73963,-1.73963
673,17,1.53473,1.53473
673,18,-0.286584,-0.286584
673,19,-6.01325,-6.01325
673,20,2.15955,2.15955
674,1,3.3469,3.3469
674,2,-1.39323,-1.39323
674,3,-2.84964,-2.84964
674,4,3.50923,3.50923
674,5,3.46121,3.46121
674,6,-3.76235,-3.76235
674,7,-2.91112,-2.91112
674,8,1.35428,1.35428
674,9,-1.26353,-1.26353
674,10,3.48909,3.48909
674,11,0.180032,0.180032
674,12,2.15724,2.15724
674,13,1.66698,1.66698
674,14,-5.38111,-5.38111
674,15,-3.82551,-3.82551
674,16,-1.44596,-1.44596
674,17,2.3842,2.3842
674,18,-0.605651,-0.605651
674,19,-3.46947,-3.46947
674,20,1.34102,1.34102
675,1,2.70379,2.70379
675,2,-0.363845,-0.363845
675,3,-2.95968,-2.95968
675,4,3.93125,3.93125
675,5,3.66321,3.66321
675,6,-3.35108,-3.35108
675,7,-2.92508,-2.92508
675,8,0.637609,0.637609
675,9,-1.31827,-1.31827
675,10,3.36564,3.36564
675,11,1.23614,1.23614
675,12,2.95824,2.95824
675,13,1.4492,1.4492
675,14,-4.69864,-4.69864
675,15,-3.54494,-3.54494
675,16,-2.24696,-2.24696
675,17,1.87496,1.87496
675,18,-0.198002,-0.198002
675,19,-3.44978,-3.44978
675,20,1.81206,1.81206
676,1,2.94452,2.94452
676,2,-0.960739,-0.960739
676,3,-2.31815,-2.31815
676,4,3.49372,3.49372
676,5,3.93189,3.93189
676,6,-3.3876,-3.3876
676,7,-3.40392,-3.40392
676,8,1.10855,1.10855
676,9,-1.5281,-1.5281
676,10,2.98121,2.98121
676,11,0.505727,0.505727
676,12,2.14479,2.14479
676,13,1.4051,1.4051
676,14,-4.97389,-4.97389
676,15,-3.45827,-3.45827
676,16,-1.43351,-1.43351
676,17,2.46806,2.46806
676,18,-0.858042,-0.858042
676,19,-3.67075,-3.67075
676,20,2.18744,2.18744
677,1,3.25977,3.25977
677,2,-0.645182,-0.645182
677,3,-2.41097,-2.41097
677,4,3.78485,3.78485
677,5,3.5256,3.5256
677,6,-3.1276,-3.1276
677,7,-2.84086,-2.84086
677,8,0.274625,0.274625
677,9,-1.79465,-1.79465
677,10,3.2498,3.2498
677,11,0.766979,0.766979
677,12,2.65775,2.65775
677,13,1.08473,1.08473
677,14,-4.46639,-4.46639
677,15,-3.17331,-3.17331
677,16,-1.94647,-1.94647
677,17,2.05699,2.05699
677,18,-0.480128,-0.480128
677,19,-3.45822,-3.45822
677,20,1.76755,1.76755
678,1,3.51103,3.51103
678,2,-0.214677,-0.214677
678,3,-1.92633,-1.92633
678,4,2.93521,2.93521
678,5,4.14337,4.14337
678,6,-3.66889,-3.66889
678,7,-2.64225,-2.64225
678,8,0.394528,0.394528
678,9,-0.924102,-0.924102
678,10,3.75548,3.75548
678,11,-0.0307862,-0.0307862
678,12,1.5917,1.5917
678,13,0.747881,0.747881
678,14,-5.17237,-5.17237
678,15,-3.53338,-3.53338
678,16,-0.880422,-0.880422
678,17,1.62855,1.62855
678,18,-1.40617,-1.40617
678,19,-4.25755,-4.25755
678,20,1.31019,1.31019
679,1,4.43568,4.43568
679,2,0.272995,0.272995
679,3,-1.48031,-1.48031
679,4,2.58188,2.58188
679,5,4.92738,4.92738
679,6,-4.57811,-4.57811
679,7,-0.855827,-0.855827
679,8,-1.27954,-1.27954
679,9,0.195871,0.195871
679,10,4.90951,4.90951
679,11,-0.55919,-0.55919
679,12,1.41074,1.41074
679,13,-0.149432,-0.149432
679,14,-5.60095,-5.60095
679,15,-4.25205,-4.25205
679,16,-0.69946,-0.69946
679,17,0.191594,0.191594
679,18,-1.68029,-1.68029
679,19,-5.57678,-5.57678
679,20,0.676546,0.676546
680,1,3.84571,3.84571
680,2,-0.980672,-0.980672
680,3,-2.66356,-2.66356
680,4,3.48281,3.48281
680,5,5.00002,5.00002
680,6,-4.09427,-4.09427
680,7,-0.984989,-0.984989
680,8,-0.139828,-0.139828
680,9,0.173654,0.173654
680,10,4.77702,4.77702
680,11,0.377789,0.377789
680,12,1.98708,1.98708
680,13,0.734913,0.734913
680,14,-4.91724,-4.91724
680,15,-3.26061,-3.26061
680,16,-1.2758,-1.2758
680,17,0.764258,0.764258
680,18,-0.832061,-0.832061
680,19,-6.69879,-6.69879
680,20,1.69828,1.69828
681,1,3.31749,3.31749
681,2,-2.01239,-2.01239
681,3,-3.16477,-3.16477
681,4,3.83548,3.83548
681,5,3.65901,3.65901
681,6,-3.65742,-3.65742
681,7,-2.41721,-2.41721
681,8,1.21933,1.21933
681,9,-1.04858,-1.04858
681,10,3.65043,3.65043
681,11,0.393108,0.393108
681,12,2.38049,2.38049
681,13,1.76616,1.76616
681,14,-4.99004,-4.99004
681,15,-3.32402,-3.32402
681,16,-1.6692,-1.6692
681,17,2.23758,2.23758
681,18,-0.325596,-0.325596
681,19,-4.38703,-4.38703
681,20,1.82159,1.82159
682,1,3.01423,3.01423
682,2,-0.494054,-0.494054
682,3,-2.89183,-2.89183
682,4,3.67488,3.67488
682,5,3.5444,3.5444
682,6,-3.56793,-3.56793
682,7,-3.01277,-3.01277
682,8,1.0047,1.0047
682,9,-1.30031,-1.30031
682,10,3.46824,3.46824
682,11,0.793335,0.793335
682,12,2.57214,2.57214
682,13,1.50189,1.50189
682,14,-5.10004,-5.10004
682,15,-3.8179,-3.8179
682,16,-1.86086,-1.86086
682,17,2.07455,2.07455
682,18,-0.422235,-0.422235
682,19,-3.28103,-3.28103
682,20,1.36386,1.36386
683,1,2.67812,2.67812
683,2,-0.804481,-0.804481
683,3,-2.63955,-2.63955
683,4,3.7561,3.7561
683,5,3.85502,3.85502
683,6,-3.33635,-3.33635
683,7,-3.19837,-3.19837
683,8,0.8534,0.8534
683,9,-1.41572,-1.41572
683,10,3.07381,3.07381
683,11,0.923484,0.923484
683,12,2.60313,2.60313
683,13,1.476,1.476
683,14,-4.77762,-4.77762
683,15,-3.43682,-3.43682
683,16,-1.89185,-1.89185
683,17,2.19531,2.19531
683,18,-0.504101,-0.504101
683,19,-3.60464,-3.60464
683,20,2.24932,2.24932
684,1,3.2176,3.2176
684,2,-0.773351,-0.773351
684,3,-2.30421,-2.30421
684,4,3.63282,3.63282
684,5,3.69557,3.69557
684,6,-3.23223,-3.23223
684,7,-3.17731,-3.17731
684,8,0.727351,0.727351
684,9,-1.77596,-1.77596
684,10,3.08472,3.08472
684,11,0.595706,0.595706
684,12,2.36462,2.36462
684,13,1.21429,1.21429
684,14,-4.71944,-4.71944
684,15,-3.31805,-3.31805
684,16,-1.65334,-1.65334
684,17,2.34996,2.34996
684,18,-0.691216,-0.691216
684,19,-3.51325,-3.51325
684,20,1.90413,1.90413
685,1,3.27958,3.27958
685,2,-0.482009,-0.482009
685,3,-2.23855,-2.23855
685,4,3.42251,3.42251
685,5,3.75072,3.75072
685,6,-3.29979,-3.29979
685,7,-2.78514,-2.78514
685,8,0.34709,0.34709
685,9,-1.42234,-1.42234
685,10,3.45766,3.45766
685,11,0.456684,0.456684
685,12,2.20938,2.20938
685,13,0.963208,0.963208
685,14,-4.71727,-4.71727
685,15,-3.23757,-3.23757
685,16,-1.49809,-1.49809
685,17,1.86759,1.86759
685,18,-0.872454,-0.872454
685,19,-3.77462,-3.77462
685,20,1.60558,1.60558
686,1,4.03682,4.03682
686,2,0.131446,0.131446
686,3,-1.60204,-1.60204
686,4,2.63714,2.63714
686,5,4.54349,4.54349
686,6,-4.18876,-4.18876
686,7,-1.7712,-1.7712
686,8,-0.445002,-0.445002
686,9,-0.316449,-0.316449
686,10,4.34345,4.34345
686,11,-0.43632,-0.43632
686,12,1.36985,1.36985
686,13,0.248056,0.248056
686,14,-5.48727,-5.48727
686,15,-3.98451,-3.98451
686,16,-0.658568,-0.658568
686,17,0.884848,0.884848
686,18,-1.67253,-1.67253
686,19,-4.87032,-4.87032
686,20,0.882487,0.882487
687,1,4.42527,4.42527
687,2,-0.0379064,-0.0379064
687,3,-1.81079,-1.81079
687,4,2.79512,2.79512
687,5,5.2886,5.2886
687,6,-4.62619,-4.62619
687,7,-0.498798,-0.498798
687,8,-1.14383,-1.14383
687,9,0.533663,0.533663
687,10,5.20183,5.20183
687,11,-0.306119,-0.306119
687,12,1.48285,1.48285
687,13,-0.0483549,-0.0483549
687,14,-5.48042,-5.48042
687,15,-4.01738,-4.01738
687,16,-0.771565,-0.771565
687,17,0.0609077,0.0609077
687,18,-1.49224,-1.49224
687,19,-6.53842,-6.53842
687,20,0.934898,0.934898
688,1,3.2844,3.2844
688,2,-2.05623,-2.05623
688,3,-3.39321,-3.39321
688,4,4.11108,4.11108
688,5,4.20061,4.20061
688,6,-3.57376,-3.57376
688,7,-1.73323,-1.73323
688,8,0.810379,0.810379
688,9,-0.572778,-0.572778
688,10,4.04703,4.04703
688,11,0.809336,0.809336
688,12,2.58556,2.58556
688,13,1.60772,1.60772
688,14,-4.51736,-4.51736
688,15,-2.79728,-2.79728
688,16,-1.87428,-1.87428
688,17,1.71684,1.71684
688,18,-0.138201,-0.138201
688,19,-5.78182,-5.78182
688,20,2.25705,2.25705
689,1,3.36347,3.36347
689,2,-1.15536,-1.15536
689,3,-2.77783,-2.77783
689,4,3.41865,3.41865
689,5,3.46535,3.46535
689,6,-3.80006,-3.80006
689,7,-3.02588,-3.02588
689,8,1.40473,1.40473
689,9,-1.27943,-1.27943
689,10,3.4916,3.4916
689,11,0.15701,0.15701
689,12,2.08585,2.08585
689,13,1.62334,1.62334
689,14,-5.48808,-5.48808
689,15,-3.9604,-3.9604
689,16,-1.37457,-1.37457
689,17,2.39403,2.39403
689,18,-0.688469,-0.688469
689,19,-3.3173,-3.3173
689,20,1.18884,1.18884
690,1,2.60484,2.60484
690,2,-0.425181,-0.425181
690,3,-2.98699,-2.98699
690,4,4.01229,4.01229
690,5,3.68627,3.68627
690,6,-3.29759,-3.29759
690,7,-2.89755,-2.89755
690,8,0.545169,0.545169
690,9,-1.33206,-1.33206
690,10,3.31455,3.31455
690,11,1.33833,1.33833
690,12,3.072,3.072
690,13,1.46349,1.46349
690,14,-4.59391,-4.59391
690,15,-3.46676,-3.46676
690,16,-2.36072,-2.36072
690,17,1.84977,1.84977
690,18,-0.123424,-0.123424
690,19,-3.48468,-3.48468
690,20,1.98081,1.98081
691,1,3.03998,3.03998
691,2,-0.945785,-0.945785
691,3,-2.23145,-2.23145
691,4,3.42128,3.42128
691,5,3.95202,3.95202
691,6,-3.40305,-3.40305
691,7,-3.46827,-3.46827
691,8,1.18848,1.18848
691,9,-1.57004,-1.57004
691,10,2.96925,2.96925
691,11,0.403695,0.403695
691,12,2.02119,2.02119
691,13,1.3762,1.3762
691,14,-5.03518,-5.03518
691,15,-3.48179,-3.48179
691,16,-1.30991,-1.30991
691,17,2.54546,2.54546
691,18,-0.952652,-0.952652
691,19,-3.67882,-3.67882
691,20,2.12249,2.12249
692,1,3.22303,3.22303
692,2,-0.658206,-0.658206
692,3,-2.46192,-2.46192
692,4,3.84711,3.84711
692,5,3.46899,3.46899
692,6,-3.07855,-3.07855
692,7,-2.77094,-2.77094
692,8,0.168304,0.168304
692,9,-1.8128,-1.8128
692,10,3.26653,3.26653
692,11,0.838006,0.838006
692,12,2.76234,2.76234
692,13,1.07796,1.07796
692,14,-4.37636,-4.37636
692,15,-3.10792,-3.10792
692,16,-2.05106,-2.05106
692,17,1.99846,1.99846
692,18,-0.401472,-0.401472
692,19,-3.42632,-3.42632
692,20,1.78474,1.78474
693,1,3.57221,3.57221
693,2,-0.137812,-0.137812
693,3,-1.84417,-1.84417
693,4,2.81152,2.81152
693,5,4.21699,4.21699
693,6,-3.74916,-3.74916
693,7,-2.64996,-2.64996
693,8,0.441792,0.441792
693,9,-0.83116,-0.83116
693,10,3.80197,3.80197
693,11,-0.159409,-0.159409
693,12,1.43016,1.43016
693,13,0.705898,0.705898
693,14,-5.28786,-5.28786
693,15,-3.60982,-3.60982
693,16,-0.718879,-0.718879
693,17,1.60424,1.60424
693,18,-1.54453,-1.54453
693,19,-4.33215,-4.33215
693,20,1.22362,1.22362
694,1,4.50248,4.50248
694,2,0.303077,0.303077
694,3,-1.4636,-1.4636
694,4,2.5898,2.5898
694,5,4.995,4.995
694,6,-4.64739,-4.64739
694,7,-0.64868,-0.64868
694,8,-1.49105,-1.49105
694,9,0.296287,0.296287
694,10,5.02806,5.02806
694,11,-0.558952,-0.558952
694,12,1.45169,1.45169
694,13,-0.238897,-0.238897
694,14,-5.60027,-5.60027
694,15,-4.29758,-4.29758
694,16,-0.740409,-0.740409
694,17,0.0260933,0.0260933
694,18,-1.65926,-1.65926
694,19,-5.70905,-5.70905
694,20,0.649672,0.649672
695,1,3.79192,3.79192
695,2,-1.1111,-1.1111
695,3,-2.76908,-2.76908
695,4,3.5487,3.5487
695,5,5.01036,5.01036
695,6,-4.04623,-4.04623
695,7,-1.04674,-1.04674
695,8,0.0391053,0.0391053
695,9,0.163875,0.163875
695,10,4.74277,4.74277
695,11,0.442003,0.442003
695,12,2.00212,2.00212
695,13,0.840566,0.840566
695,14,-4.87368,-4.87368
695,15,-3.16196,-3.16196
695,16,-1.29084,-1.29084
695,17,0.864265,0.864265
695,18,-0.777443,-0.777443
695,19,-6.80561,-6.80561
695,20,1.79308,1.79308
696,1,3.3068,3.3068
696,2,-2.06335,-2.06335
696,3,-3.17339,-3.17339
696,4,3.84172,3.84172
696,5,3.5474,3.5474
696,6,-3.6528,-3.6528
696,7,-2.49003,-2.49003
696,8,1.25722,1.25722
696,9,-1.13812,-1.13812
696,10,3.58706,3.58706
696,11,0.365293,0.365293
696,12,2.41165,2.41165
696,13,1.8111,1.8111
696,14,-5.02269,-5.02269
696,15,-3.37917,-3.37917
696,16,-1.70037,-1.70037
696,17,2.31624,2.31624
696,18,-0.296963,-0.296963
696,19,-4.16569,-4.16569
696,20,1.78495,1.78495
697,1,2.9935,2.9935
697,2,-0.34002,-0.34002
697,3,-2.87172,-2.87172
697,4,3.65607,3.65607
697,5,3.59323,3.59323
697,6,-3.5728,-3.5728
697,7,-3.0304,-3.0304
697,8,0.981141,0.981141
697,9,-1.27302,-1.27302
697,10,3.48751,3.48751
697,11,0.840263,0.840263
697,12,2.57298,2.57298
697,13,1.46604,1.46604
697,14,-5.10845,-5.10845
697,15,-3.84819,-3.84819
697,16,-1.8617,-1.8617
697,17,2.02904,2.02904
697,18,-0.44248,-0.44248
697,19,-3.29079,-3.29079
697,20,1.33242,1.33242
698,1,2.64747,2.64747
698,2,-0.91,-0.91
698,3,-2.63676,-2.63676
698,4,3.78317,3.78317
698,5,3.85977,3.85977
698,6,-3.31211,-3.31211
698,7,-3.21171,-3.21171
698,8,0.856764,0.856764
698,9,-1.4453,-1.4453
698,10,3.02376,3.02376
698,11,0.926939,0.926939
698,12,2.62027,2.62027
698,13,1.49976,1.49976
698,14,-4.74274,-4.74274
698,15,-3.39231,-3.39231
698,16,-1.90899,-1.90899
698,17,2.23627,2.23627
698,18,-0.488956,-0.488956
698,19,-3.62224,-3.62224
698,20,2.35207,2.35207
699,1,3.27573,3.27573
699,2,-0.723619,-0.723619
699,3,-2.27394,-2.27394
699,4,3.61054,3.61054
699,5,3.68009,3.68009
699,6,-3.23065,-3.23065
699,7,-3.18701,-3.18701
699,8,0.729504,0.729504
699,9,-1.80696,-1.80696
699,10,3.09808,3.09808
699,11,0.568569,0.568569
699,12,2.33519,2.33519
699,13,1.18598,1.18598
699,14,-4.73318,-4.73318
699,15,-3.32992,-3.32992
699,16,-1.62391,-1.62391
699,17,2.36235,2.36235
699,18,-0.714625,-0.714625
699,19,-3.48616,-3.48616
699,20,1.83072,1.83072
