t,unit,input,output
500,1,1.49819,-0.212459
500,2,-0.819748,0.208322
500,3,0.384208,0.774268
500,4,0.822867,0.204324
500,5,-0.291553,0.865924
500,6,-1.2206,-0.166606
500,7,1.17806,-0.143387
500,8,-0.0340673,0.998092
500,9,-1.27941,-0.191405
500,10,0.899918,0.109389
500,11,-0.0213428,0.999251
500,12,0.772123,0.270559
500,13,-0.887088,0.124631
500,14,-1.31257,-0.201667
500,15,0.729061,0.328351
500,16,0.285555,0.871165
500,17,0.430197,0.722196
500,18,-0.544698,0.578627
500,19,0.555753,0.563991
500,20,-1.27568,-0.190085
501,1,1.43752,-0.217178
501,2,-0.75959,0.287256
501,3,0.451417,0.696937
501,4,0.766309,0.278291
501,5,-0.355915,0.804271
501,6,-1.14655,-0.123348
501,7,1.25995,-0.184136
501,8,0.0312747,0.998392
501,9,-1.34906,-0.209915
501,10,0.951662,0.0505977
501,11,0.0250765,0.998966
501,12,0.83638,0.187127
501,13,-0.81068,0.220006
501,14,-1.39243,-0.215671
501,15,0.792952,0.243083
501,16,0.222341,0.920643
501,17,0.482585,0.658607
501,18,-0.626484,0.468502
501,19,0.48221,0.659076
501,20,-1.21357,-0.163077
502,1,1.39914,-0.216178
502,2,-0.691117,0.380021
502,3,0.532036,0.595259
502,4,0.691448,0.379567
502,5,-0.420125,0.733926
502,6,-1.09807,-0.0879037
502,7,1.27338,-0.189251
502,8,0.0869507,0.98761
502,9,-1.4147,-0.216971
502,10,0.960663,0.0408435
502,11,0.123882,0.974946
502,12,0.881678,0.131132
502,13,-0.762671,0.283141
502,14,-1.47653,-0.214994
502,15,0.784908,0.253651
502,16,0.153646,0.961618
502,17,0.55666,0.562786
502,18,-0.643731,0.444917
502,19,0.42132,0.732544
502,20,-1.15196,-0.126958
503,1,1.37889,-0.214336
503,2,-0.658292,0.424973
503,3,0.558593,0.560215
503,4,0.646138,0.441622
503,5,-0.441755,0.708528
503,6,-1.09033,-0.0817371
503,7,1.25348,-0.181516
503,8,0.109369,0.98044
503,9,-1.4365,-0.217193
503,10,0.97552,0.0250692
503,11,0.16286,0.956938
503,12,0.902242,0.106655
503,13,-0.759907,0.286832
503,14,-1.4821,-0.21443
503,15,0.791047,0.245581
503,16,0.115774,0.978097
503,17,0.596562,0.509211
503,18,-0.63826,0.452405
503,19,0.398254,0.758778
503,20,-1.12982,-0.111748
504,1,1.37994,-0.214455
504,2,-0.661782,0.420191
504,3,0.560956,0.557069
504,4,0.640878,0.448822
504,5,-0.441724,0.708565
504,6,-1.10179,-0.0908227
504,7,1.23766,-0.174674
504,8,0.10504,0.981949
504,9,-1.42501,-0.217204
504,10,0.965245,0.0359347
504,11,0.161369,0.957713
504,12,0.903031,0.105729
504,13,-0.759016,0.288023
504,14,-1.46391,-0.216042
504,15,0.773003,0.269391
504,16,0.116225,0.977927
504,17,0.585726,0.523856
504,18,-0.623134,0.473075
504,19,0.406865,0.749097
504,20,-1.13439,-0.114983
505,1,1.41516,-0.216986
505,2,-0.704399,0.36188
505,3,0.518224,0.613226
505,4,0.681009,0.393851
505,5,-0.400242,0.756555
505,6,-1.13916,-0.118303
505,7,1.20111,-0.156518
505,8,0.0669173,0.99265
505,9,-1.3818,-0.214659
505,10,0.941084,0.0622475
505,11,0.123973,0.97491
505,12,0.868439,0.147215
505,13,-0.802249,0.230943
505,14,-1.41704,-0.217044
505,15,0.744594,0.307374
505,16,0.154287,0.961301
505,17,0.54894,0.573022
505,18,-0.588439,0.520194
505,19,0.448765,0.700133
505,20,-1.17183,-0.139616
506,1,1.48261,-0.214376
506,2,-0.783807,0.255101
506,3,0.431905,0.720191
506,4,0.772235,0.27041
506,5,-0.323093,0.836918
506,6,-1.20791,-0.160144
506,7,1.1564,-0.129873
506,8,-0.00823832,0.999888
506,9,-1.30415,-0.199315
506,10,0.892622,0.118026
506,11,0.0374328,0.997697
506,12,0.796567,0.238354
506,13,-0.865431,0.150903
506,14,-1.34117,-0.2084
506,15,0.702075,0.365051
506,16,0.243828,0.905034
506,17,0.468829,0.675694
506,18,-0.532553,0.594583
506,19,0.529605,0.598435
506,20,-1.24656,-0.178599
507,1,1.50079,-0.212094
507,2,-0.824287,0.202507
507,3,0.37875,0.780184
507,4,0.827845,0.197964
507,5,-0.287172,0.86976
507,6,-1.22371,-0.168129
507,7,1.17709,-0.142805
507,8,-0.0377284,0.99766
507,9,-1.27522,-0.189919
507,10,0.898844,0.110655
507,11,-0.0275663,0.99875
507,12,0.768651,0.275173
507,13,-0.891138,0.119794
507,14,-1.30771,-0.20033
507,15,0.729212,0.328146
507,16,0.290052,0.867245
507,17,0.425739,0.72741
507,18,-0.543367,0.580382
507,19,0.559485,0.559028
507,20,-1.27972,-0.191513
508,1,1.43876,-0.217157
508,2,-0.761856,0.284229
508,3,0.449393,0.699378
508,4,0.768849,0.274909
508,5,-0.353841,0.806406
508,6,-1.14757,-0.124036
508,7,1.26059,-0.184389
508,8,0.0297874,0.998541
508,9,-1.34717,-0.209566
508,10,0.950104,0.0523013
508,11,0.0207888,0.999289
508,12,0.835121,0.18872
508,13,-0.811282,0.219227
508,14,-1.3912,-0.215566
508,15,0.792705,0.243407
508,16,0.224423,0.919187
508,17,0.479636,0.662291
508,18,-0.627039,0.467744
508,19,0.483311,0.657698
508,20,-1.21563,-0.164121
509,1,1.3991,-0.216175
509,2,-0.691025,0.380146
509,3,0.531462,0.59601
509,4,0.691955,0.378875
509,5,-0.419876,0.734213
509,6,-1.09749,-0.0874516
509,7,1.27431,-0.189588
509,8,0.0870989,0.987568
509,9,-1.41485,-0.216976
509,10,0.961092,0.0403824
509,11,0.123343,0.975162
509,12,0.881832,0.130946
509,13,-0.763064,0.282617
509,14,-1.47775,-0.214875
509,15,0.785721,0.25258
509,16,0.153934,0.961475
509,17,0.557119,0.562175
509,18,-0.64436,0.444056
509,19,0.420993,0.732921
509,20,-1.15185,-0.126889
510,1,1.37692,-0.214107
510,2,-0.656093,0.427986
510,3,0.560904,0.557138
510,4,0.643973,0.444585
510,5,-0.444244,0.705556
510,6,-1.0882,-0.0800182
510,7,1.25577,-0.182457
510,8,0.111484,0.97968
510,9,-1.43896,-0.217153
510,10,0.976992,0.0235295
510,11,0.165148,0.955736
510,12,0.904076,0.104503
510,13,-0.757372,0.290223
510,14,-1.4847,-0.214145
510,15,0.792631,0.243504
510,16,0.113718,0.978864
510,17,0.59859,0.506462
510,18,-0.640268,0.449658
510,19,0.395884,0.761418
510,20,-1.12776,-0.110269
511,1,1.37608,-0.214008
511,2,-0.657339,0.426278
511,3,0.565861,0.550525
511,4,0.635693,0.455916
511,5,-0.445932,0.703536
511,6,-1.098,-0.0878535
511,7,1.24019,-0.175809
511,8,0.109292,0.980467
511,9,-1.42926,-0.217232
511,10,0.96787,0.0331403
511,11,0.166008,0.95528
511,12,0.907047,0.101029
511,13,-0.755566,0.29264
511,14,-1.46805,-0.215734
511,15,0.775444,0.266155
511,16,0.111054,0.979836
511,17,0.590245,0.517755
511,18,-0.62637,0.468658
511,19,0.402225,0.754331
511,20,-1.13026,-0.11206
512,1,1.41353,-0.21693
512,2,-0.702055,0.365077
512,3,0.521515,0.608963
512,4,0.677022,0.39931
512,5,-0.402166,0.754397
512,6,-1.13798,-0.117487
512,7,1.19997,-0.155898
512,8,0.0690227,0.992182
512,9,-1.38349,-0.214837
512,10,0.940569,0.06282
512,11,0.127053,0.973657
512,12,0.870329,0.144904
512,13,-0.800904,0.232694
512,14,-1.4189,-0.217094
512,15,0.743345,0.309057
512,16,0.150845,0.962989
512,17,0.551559,0.569555
512,18,-0.588468,0.520156
512,19,0.446198,0.703217
512,20,-1.16986,-0.138402
513,1,1.48454,-0.214164
513,2,-0.785597,0.252744
513,3,0.429468,0.723051
513,4,0.773639,0.268548
513,5,-0.320523,0.839371
513,6,-1.21072,-0.161611
513,7,1.15274,-0.127475
513,8,-0.0104315,0.999821
513,9,-1.30108,-0.198412
513,10,0.890873,0.12011
513,11,0.0357644,0.997897
513,12,0.794634,0.240881
513,13,-0.868534,0.147099
513,14,-1.33816,-0.207782
513,15,0.69969,0.368306
513,16,0.245747,0.903579
513,17,0.467441,0.677403
513,18,-0.529106,0.599087
513,19,0.532093,0.595184
513,20,-1.24873,-0.179528
514,1,1.50363,-0.211681
514,2,-0.82883,0.19671
514,3,0.374014,0.785269
514,4,0.832446,0.192112
514,5,-0.28315,0.87324
514,6,-1.22759,-0.169997
514,7,1.17508,-0.141597
514,8,-0.0415806,0.997158
514,9,-1.27078,-0.188295
514,10,0.896612,0.113293
514,11,-0.0327886,0.998232
514,12,0.764953,0.280098
514,13,-0.894643,0.115626
514,14,-1.3026,-0.198863
514,15,0.727429,0.330561
514,16,0.29471,0.863131
514,17,0.420973,0.732945
514,18,-0.540773,0.583798
514,19,0.563725,0.553376
514,20,-1.28383,-0.192928
515,1,1.43756,-0.217177
515,2,-0.762164,0.283818
515,3,0.448963,0.699895
515,4,0.769237,0.274394
515,5,-0.353538,0.806716
515,6,-1.14645,-0.12328
515,7,1.26325,-0.185437
515,8,0.0304765,0.998473
515,9,-1.3472,-0.20957
515,10,0.951921,0.0503153
515,11,0.0184798,0.999438
515,12,0.836133,0.187439
515,13,-0.810633,0.220066
515,14,-1.39122,-0.215568
515,15,0.795819,0.239331
515,16,0.224154,0.919376
515,17,0.479211,0.662821
515,18,-0.630059,0.463618
515,19,0.482358,0.658891
515,20,-1.21556,-0.164088
516,1,1.39742,-0.216058
516,2,-0.688945,0.38299
516,3,0.53442,0.592139
516,4,0.689794,0.38183
516,5,-0.422039,0.73171
516,6,-1.09546,-0.0858383
516,7,1.2762,-0.19027
516,8,0.0892147,0.986959
516,9,-1.41701,-0.217043
516,10,0.96116,0.0403094
516,11,0.126068,0.974061
516,12,0.883566,0.128858
516,13,-0.760459,0.286094
516,14,-1.48175,-0.214467
516,15,0.785566,0.252784
516,16,0.152028,0.962413
516,17,0.559258,0.55933
516,18,-0.645971,0.441851
516,19,0.418636,0.735646
516,20,-1.14974,-0.125484
517,1,1.37512,-0.213891
517,2,-0.653705,0.431257
517,3,0.563024,0.554312
517,4,0.641001,0.448654
517,5,-0.445927,0.703542
517,6,-1.08665,-0.0787621
517,7,1.25596,-0.182533
517,8,0.113574,0.978917
517,9,-1.44103,-0.217111
517,10,0.978512,0.0219435
517,11,0.167684,0.954385
517,12,0.905977,0.102279
517,13,-0.756698,0.291124
517,14,-1.48669,-0.213919
517,15,0.79395,0.241777
517,16,0.110936,0.979879
517,17,0.60173,0.502205
517,18,-0.641403,0.448104
517,19,0.39348,0.764086
517,20,-1.12584,-0.108888
518,1,1.3761,-0.21401
518,2,-0.657151,0.426536
518,3,0.566552,0.549601
518,4,0.634784,0.45716
518,5,-0.446121,0.703309
518,6,-1.09853,-0.0882684
518,7,1.23896,-0.175259
518,8,0.10931,0.980461
518,9,-1.42892,-0.217232
518,10,0.966604,0.0344862
518,11,0.166378,0.955083
518,12,0.907087,0.100982
518,13,-0.755276,0.293029
518,14,-1.46786,-0.215749
518,15,0.773767,0.268377
518,16,0.11063,0.979989
518,17,0.590172,0.517854
518,18,-0.625334,0.470072
518,19,0.402123,0.754445
518,20,-1.13034,-0.112115
519,1,1.4133,-0.216921
519,2,-0.702027,0.365117
519,3,0.520944,0.609703
519,4,0.677043,0.399281
519,5,-0.401884,0.754715
519,6,-1.13804,-0.117528
519,7,1.19981,-0.155812
519,8,0.0690231,0.992182
519,9,-1.38308,-0.214793
519,10,0.941688,0.0615775
519,11,0.126989,0.973684
519,12,0.870589,0.144587
519,13,-0.801641,0.231735
519,14,-1.4182,-0.217076
519,15,0.744267,0.307814
519,16,0.150814,0.963004
519,17,0.551902,0.569101
519,18,-0.588412,0.520231
519,19,0.446438,0.702928
519,20,-1.16985,-0.138397
520,1,1.4866,-0.21393
520,2,-0.787972,0.249619
520,3,0.427896,0.724891
520,4,0.775755,0.265743
520,5,-0.318736,0.841067
520,6,-1.21286,-0.16271
520,7,1.15097,-0.126307
520,8,-0.0125307,0.999742
520,9,-1.29899,-0.197786
520,10,0.888245,0.123247
520,11,0.0337923,0.998123
520,12,0.792523,0.243646
520,13,-0.869718,0.145651
520,14,-1.33614,-0.207357
520,15,0.696911,0.372102
520,16,0.248005,0.901852
520,17,0.464765,0.680692
520,18,-0.527118,0.601678
520,19,0.534234,0.592382
520,20,-1.25084,-0.180417
521,1,1.51134,-0.210481
521,2,-0.837316,0.185944
521,3,0.364477,0.795367
521,4,0.84126,0.180968
521,5,-0.274135,0.880888
521,6,-1.23551,-0.173694
521,7,1.16789,-0.137182
521,8,-0.0497855,0.995928
521,9,-1.26217,-0.185013
521,10,0.890218,0.12089
521,11,-0.0423368,0.997054
521,12,0.756853,0.290918
521,13,-0.90383,0.104791
521,14,-1.29375,-0.196171
521,15,0.721743,0.338275
521,16,0.303168,0.855524
521,17,0.413014,0.742101
521,18,-0.533672,0.593118
521,19,0.57193,0.542405
521,20,-1.29222,-0.195685
522,1,1.43642,-0.217194
522,2,-0.764346,0.280906
522,3,0.445014,0.704635
522,4,0.772002,0.27072
522,5,-0.351137,0.809173
522,6,-1.14648,-0.123302
522,7,1.26729,-0.186989
522,8,0.0297511,0.998545
522,9,-1.34524,-0.209199
522,10,0.954645,0.0473493
522,11,0.0112718,0.999791
522,12,0.836084,0.187501
522,13,-0.811377,0.219104
522,14,-1.3884,-0.215316
522,15,0.801565,0.231834
522,16,0.226289,0.917871
522,17,0.476412,0.666307
522,18,-0.633739,0.458589
522,19,0.482817,0.658316
522,20,-1.21743,-0.165029
523,1,1.39581,-0.215939
523,2,-0.687045,0.38559
523,3,0.537953,0.587504
523,4,0.688106,0.384138
523,5,-0.424932,0.728349
523,6,-1.09281,-0.0837276
523,7,1.27967,-0.191495
523,8,0.0914897,0.986288
523,9,-1.41945,-0.217107
523,10,0.960106,0.0414429
523,11,0.128309,0.973138
523,12,0.885543,0.126483
523,13,-0.756675,0.291155
523,14,-1.48705,-0.213878
523,15,0.78453,0.25415
523,16,0.150315,0.963246
523,17,0.560329,0.557905
523,18,-0.648439,0.438471
523,19,0.415889,0.738807
523,20,-1.14757,-0.124034
524,1,1.37566,-0.213957
524,2,-0.653372,0.431714
524,3,0.562516,0.554989
524,4,0.640102,0.449885
524,5,-0.445063,0.704576
524,6,-1.08726,-0.0792527
524,7,1.25347,-0.181513
524,8,0.113547,0.978927
524,9,-1.44116,-0.217108
524,10,0.978196,0.0222731
524,11,0.168301,0.954054
524,12,0.905473,0.102868
524,13,-0.759326,0.287609
524,14,-1.4867,-0.213918
524,15,0.793521,0.242338
524,16,0.109863,0.980264
524,17,0.603743,0.499472
524,18,-0.640312,0.449597
524,19,0.392938,0.764686
524,20,-1.12612,-0.109088
525,1,1.37355,-0.213695
525,2,-0.654529,0.430129
525,3,0.568531,0.546955
525,4,0.632755,0.459934
525,5,-0.448719,0.700188
525,6,-1.09658,-0.0867268
525,7,1.2418,-0.176522
525,8,0.111429,0.979701
525,9,-1.43071,-0.217233
525,10,0.969168,0.0317631
525,11,0.168105,0.954159
525,12,0.909553,0.0981081
525,13,-0.751806,0.297681
525,14,-1.46978,-0.215595
525,15,0.776373,0.264924
525,16,0.109115,0.98053
525,17,0.591894,0.515527
525,18,-0.627198,0.467527
525,19,0.400377,0.756404
525,20,-1.12822,-0.110601
526,1,1.40748,-0.21667
526,2,-0.696062,0.373262
526,3,0.528452,0.59994
526,4,0.669725,0.409306
526,5,-0.408638,0.747087
526,6,-1.13198,-0.11328
526,7,1.20451,-0.158342
526,8,0.0753752,0.990681
526,9,-1.38978,-0.215442
526,10,0.945921,0.0568957
526,11,0.134169,0.970651
526,12,0.87668,0.137175
526,13,-0.796106,0.238956
526,14,-1.42431,-0.217195
526,15,0.747936,0.302878
526,16,0.143366,0.966531
526,17,0.557869,0.561178
526,18,-0.594,0.512679
526,19,0.439661,0.711021
526,20,-1.16356,-0.134466
527,1,1.48795,-0.213772
527,2,-0.787683,0.249999
527,3,0.429608,0.722888
527,4,0.77345,0.268798
527,5,-0.31805,0.841717
527,6,-1.2143,-0.163449
527,7,1.14576,-0.122815
527,8,-0.0128058,0.99973
527,9,-1.29819,-0.197544
527,10,0.884348,0.127918
527,11,0.0356503,0.997911
527,12,0.792007,0.244322
527,13,-0.870795,0.144335
527,14,-1.33611,-0.20735
527,15,0.691672,0.379261
527,16,0.246266,0.903183
527,17,0.465875,0.679329
527,18,-0.523634,0.606211
527,19,0.533929,0.592782
527,20,-1.25107,-0.180511
528,1,1.51822,-0.209316
528,2,-0.84533,0.175855
528,3,0.354128,0.806111
528,4,0.849766,0.170304
528,5,-0.264975,0.888442
528,6,-1.24454,-0.177726
528,7,1.16005,-0.132229
528,8,-0.0581536,0.994446
528,9,-1.25256,-0.181136
528,10,0.885098,0.127017
528,11,-0.0511841,0.995696
528,12,0.748785,0.301737
528,13,-0.913724,0.0932706
528,14,-1.28363,-0.192861
528,15,0.716596,0.345268
528,16,0.312479,0.846948
528,17,0.405657,0.750463
528,18,-0.525034,0.604391
528,19,0.581278,0.529848
528,20,-1.30059,-0.198267
529,1,1.4369,-0.217187
529,2,-0.769318,0.274285
529,3,0.439824,0.710827
529,4,0.776704,0.264485
529,5,-0.34718,0.813194
529,6,-1.14848,-0.124646
529,7,1.26972,-0.187901
529,8,0.0271606,0.998787
529,9,-1.34125,-0.208415
529,10,0.955087,0.0468692
529,11,0.00187003,0.999994
529,12,0.834135,0.189969
529,13,-0.813324,0.21659
529,14,-1.38258,-0.214742
529,15,0.804886,0.227514
529,16,0.230091,0.915161
529,17,0.470361,0.673804
529,18,-0.636235,0.455175
529,19,0.485124,0.655425
529,20,-1.22142,-0.167013
530,1,1.39798,-0.216098
530,2,-0.689342,0.382447
530,3,0.536372,0.58958
530,4,0.691168,0.37995
530,5,-0.422633,0.731022
530,6,-1.09402,-0.0846951
530,7,1.27979,-0.191538
530,8,0.0897049,0.986816
530,9,-1.41717,-0.217048
530,10,0.956726,0.0450924
530,11,0.12523,0.974402
530,12,0.883909,0.128445
530,13,-0.757523,0.290021
530,14,-1.48808,-0.213756
530,15,0.781626,0.257979
530,16,0.152989,0.961942
530,17,0.557827,0.561235
530,18,-0.647792,0.439357
530,19,0.417427,0.737038
530,20,-1.1496,-0.125392
531,1,1.37566,-0.213956
531,2,-0.65329,0.431826
531,3,0.560993,0.55702
531,4,0.640901,0.448791
531,5,-0.44461,0.705118
531,6,-1.08676,-0.0788449
531,7,1.25434,-0.181869
531,8,0.113572,0.978917
531,9,-1.4416,-0.217097
531,10,0.980231,0.0201552
531,11,0.168004,0.954213
531,12,0.905347,0.103015
531,13,-0.760394,0.286182
531,14,-1.48746,-0.213829
531,15,0.795978,0.239123
531,16,0.110444,0.980056
531,17,0.604992,0.497777
531,18,-0.641114,0.4485
531,19,0.392795,0.764844
531,20,-1.12615,-0.109108
532,1,1.37369,-0.213714
532,2,-0.654399,0.430306
532,3,0.569434,0.545747
532,4,0.632759,0.459928
532,5,-0.449629,0.699094
532,6,-1.09653,-0.0866867
532,7,1.24251,-0.176835
532,8,0.111433,0.979699
532,9,-1.43122,-0.217233
532,10,0.967631,0.0333942
532,11,0.168111,0.954156
532,12,0.909313,0.0983881
532,13,-0.750303,0.299699
532,14,-1.47047,-0.215537
532,15,0.775071,0.266648
532,16,0.109257,0.98048
532,17,0.590995,0.516741
532,18,-0.627168,0.467568
532,19,0.400116,0.756697
532,20,-1.12825,-0.110625
533,1,1.40761,-0.216676
533,2,-0.695819,0.373594
533,3,0.52776,0.600842
533,4,0.669735,0.409293
533,5,-0.408201,0.747583
533,6,-1.13198,-0.113282
533,7,1.20386,-0.157998
533,8,0.0753756,0.990681
533,9,-1.38985,-0.215449
533,10,0.946636,0.0561086
533,11,0.134049,0.970703
533,12,0.876664,0.137194
533,13,-0.797654,0.236933
533,14,-1.42383,-0.217189
533,15,0.748787,0.301736
533,16,0.142881,0.966756
533,17,0.558584,0.560228
533,18,-0.5939,0.512814
533,19,0.439623,0.711066
533,20,-1.16359,-0.134482
534,1,1.48781,-0.213789
534,2,-0.787656,0.250035
534,3,0.429939,0.7225
534,4,0.773456,0.26879
534,5,-0.318573,0.841222
534,6,-1.2144,-0.163498
534,7,1.14629,-0.123172
534,8,-0.0128087,0.99973
534,9,-1.29833,-0.197588
534,10,0.883864,0.128499
534,11,0.0356642,0.997909
534,12,0.791986,0.24435
534,13,-0.869603,0.145791
534,14,-1.33626,-0.207383
534,15,0.691196,0.379913
534,16,0.246571,0.90295
534,17,0.465333,0.679995
534,18,-0.523618,0.606233
534,19,0.534025,0.592657
534,20,-1.25107,-0.180514
535,1,1.52263,-0.208525
535,2,-0.849607,0.170502
535,3,0.349627,0.810712
535,4,0.854002,0.165026
535,5,-0.260591,0.891981
535,6,-1.24867,-0.179499
535,7,1.1555,-0.129285
535,8,-0.0624077,0.993606
535,9,-1.24835,-0.179363
535,10,0.881161,0.131755
535,11,-0.0554319,0.994953
535,12,0.744572,0.307404
535,13,-0.918824,0.0873933
535,14,-1.27918,-0.191324
535,15,0.712649,0.350638
535,16,0.316405,0.843269
535,17,0.40169,0.754933
535,18,-0.520838,0.60984
535,19,0.585436,0.524247
535,20,-1.30483,-0.199511
536,1,1.44126,-0.217106
536,2,-0.775643,0.26589
536,3,0.432213,0.719828
536,4,0.783228,0.255865
536,5,-0.340508,0.819897
536,6,-1.15392,-0.128253
536,7,1.26657,-0.186712
536,8,0.0215599,0.999236
536,9,-1.33486,-0.207082
536,10,0.951764,0.0504865
536,11,-0.00720237,0.999915
536,12,0.82885,0.196685
536,13,-0.819194,0.209034
536,14,-1.37542,-0.213928
536,15,0.803216,0.229685
536,16,0.236384,0.910587
536,17,0.463974,0.681662
536,18,-0.63291,0.459721
536,19,0.490668,0.648448
536,20,-1.22768,-0.170039
537,1,1.39903,-0.216171
537,2,-0.691571,0.3794
537,3,0.533285,0.593624
537,4,0.69476,0.37504
537,5,-0.420772,0.733178
537,6,-1.09454,-0.085111
537,7,1.282,-0.192302
537,8,0.0881527,0.987266
537,9,-1.41515,-0.216986
537,10,0.95706,0.044731
537,11,0.12023,0.976391
537,12,0.883356,0.129111
537,13,-0.757969,0.289424
537,14,-1.48688,-0.213897
537,15,0.783279,0.255798
537,16,0.156009,0.960442
537,17,0.554701,0.565388
537,18,-0.648979,0.437731
537,19,0.419134,0.73507
537,20,-1.15149,-0.126652
538,1,1.37384,-0.213732
538,2,-0.651724,0.433971
538,3,0.56329,0.553957
538,4,0.63951,0.450695
538,5,-0.447151,0.702073
538,6,-1.08394,-0.0765466
538,7,1.25785,-0.183296
538,8,0.115716,0.978119
538,9,-1.44451,-0.217019
538,10,0.9816,0.0187349
538,11,0.170683,0.952763
538,12,0.906797,0.10132
538,13,-0.757869,0.289557
538,14,-1.49118,-0.213379
538,15,0.797453,0.237195
538,16,0.108605,0.980711
538,17,0.606875,0.495219
538,18,-0.644006,0.44454
538,19,0.390218,0.767688
538,20,-1.12394,-0.10751
539,1,1.37215,-0.213517
539,2,-0.651794,0.433875
539,3,0.572188,0.542059
539,4,0.629625,0.464211
539,5,-0.451356,0.697011
539,6,-1.09488,-0.0853788
539,7,1.24272,-0.176929
539,8,0.113584,0.978913
539,9,-1.43344,-0.217223
539,10,0.967956,0.0330491
539,11,0.170332,0.952954
539,12,0.911071,0.0963448
539,13,-0.749014,0.301429
539,14,-1.47298,-0.215321
539,15,0.775652,0.265878
539,16,0.106125,0.981577
539,17,0.593975,0.512712
539,18,-0.62827,0.466062
539,19,0.397301,0.759842
539,20,-1.12629,-0.109214
540,1,1.40341,-0.21645
540,2,-0.691116,0.380021
540,3,0.532146,0.595115
540,4,0.664567,0.416373
540,5,-0.412385,0.742819
540,6,-1.1283,-0.11066
540,7,1.20649,-0.159396
540,8,0.079615,0.989606
540,9,-1.39379,-0.215781
540,10,0.94999,0.0524265
540,11,0.138641,0.968681
540,12,0.880854,0.132125
540,13,-0.794007,0.241702
540,14,-1.42782,-0.217227
540,15,0.751828,0.297651
540,16,0.138227,0.968866
540,17,0.563131,0.554169
540,18,-0.596893,0.508762
540,19,0.435298,0.716191
540,20,-1.15944,-0.131836
541,1,1.48642,-0.21395
541,2,-0.785514,0.252853
541,3,0.433477,0.71834
541,4,0.769761,0.273698
541,5,-0.320989,0.838928
541,6,-1.21316,-0.162866
541,7,1.14538,-0.122561
541,8,-0.0108322,0.999807
541,9,-1.30018,-0.198143
541,10,0.883137,0.129375
541,11,0.0390744,0.99749
541,12,0.793849,0.241908
541,13,-0.867946,0.147818
541,14,-1.33808,-0.207765
541,15,0.68943,0.382327
541,16,0.243328,0.905412
541,17,0.467436,0.677409
541,18,-0.523545,0.606328
541,19,0.53169,0.595712
541,20,-1.24908,-0.179674
542,1,1.53108,-0.206909
542,2,-0.857817,0.160293
542,3,0.340549,0.819856
542,4,0.862149,0.154941
542,5,-0.251551,0.899115
542,6,-1.25802,-0.183366
542,7,1.14552,-0.122658
542,8,-0.0711138,0.991702
542,9,-1.23899,-0.175273
542,10,0.873446,0.141103
542,11,-0.0630444,0.993475
542,12,0.736011,0.31895
542,13,-0.928526,0.0763309
542,14,-1.2697,-0.187893
542,15,0.704167,0.362196
542,16,0.324947,0.835139
542,17,0.394203,0.763285
542,18,-0.510909,0.62266
542,19,0.594683,0.511754
542,20,-1.31337,-0.201884
543,1,1.44518,-0.216998
543,2,-0.784516,0.254168
543,3,0.421512,0.732321
543,4,0.791898,0.244465
543,5,-0.331585,0.828704
543,6,-1.1604,-0.132453
543,7,1.26479,-0.18603
543,8,0.0148248,0.999639
543,9,-1.32634,-0.205152
543,10,0.949838,0.0525928
543,11,-0.0211987,0.999261
543,12,0.822647,0.204606
543,13,-0.826937,0.199123
543,14,-1.36454,-0.212466
543,15,0.804548,0.227954
543,16,0.244433,0.904577
543,17,0.454968,0.692642
543,18,-0.631196,0.462065
543,19,0.49733,0.640014
543,20,-1.23587,-0.173859
544,1,1.39792,-0.216094
544,2,-0.691788,0.379103
544,3,0.533211,0.593722
544,4,0.696552,0.372592
544,5,-0.421099,0.732799
544,6,-1.09261,-0.0835711
544,7,1.28759,-0.194183
544,8,0.0889715,0.98703
544,9,-1.41501,-0.216981
544,10,0.958107,0.0435987
544,11,0.116592,0.977789
544,12,0.885415,0.126637
544,13,-0.754658,0.293857
544,14,-1.48962,-0.213571
544,15,0.785905,0.252338
544,16,0.157196,0.959845
544,17,0.552972,0.567682
544,18,-0.653178,0.43198
544,19,0.418366,0.735956
544,20,-1.15129,-0.12652
545,1,1.37463,-0.213831
545,2,-0.652398,0.433047
545,3,0.563772,0.553314
545,4,0.639353,0.450909
545,5,-0.447067,0.702174
545,6,-1.08383,-0.0764523
545,7,1.25709,-0.182991
545,8,0.115717,0.978119
545,9,-1.44542,-0.21699
545,10,0.979478,0.0209372
545,11,0.172326,0.951862
545,12,0.905551,0.102776
545,13,-0.75927,0.287684
545,14,-1.49346,-0.213091
545,15,0.794936,0.240486
545,16,0.108191,0.980857
545,17,0.607847,0.493898
545,18,-0.643769,0.444866
545,19,0.389311,0.768685
545,20,-1.12408,-0.107609
546,1,1.36989,-0.213219
546,2,-0.648636,0.438201
546,3,0.573383,0.540456
546,4,0.627549,0.467047
546,5,-0.45281,0.695255
546,6,-1.09294,-0.0838374
546,7,1.24469,-0.177792
546,8,0.115714,0.97812
546,9,-1.43508,-0.217209
546,10,0.97143,0.0293711
546,11,0.17145,0.952344
546,12,0.91353,0.0934947
546,13,-0.747036,0.304088
546,14,-1.475,-0.215138
546,15,0.779784,0.260411
546,16,0.104112,0.982265
546,17,0.597351,0.508141
546,18,-0.630087,0.46358
546,19,0.395205,0.762173
546,20,-1.12429,-0.10776
547,1,1.39954,-0.216205
547,2,-0.687101,0.385513
547,3,0.537947,0.587512
547,4,0.659379,0.423483
547,5,-0.417776,0.736636
547,6,-1.12444,-0.10787
547,7,1.20968,-0.161069
547,8,0.0838561,0.988473
547,9,-1.39865,-0.216145
547,10,0.951252,0.0510464
547,11,0.143827,0.966318
547,12,0.884695,0.127502
547,13,-0.789339,0.247823
547,14,-1.43236,-0.217229
547,15,0.752535,0.296703
547,16,0.133539,0.970924
547,17,0.5661,0.550205
547,18,-0.600217,0.504257
547,19,0.430701,0.721606
547,20,-1.15528,-0.129139
548,1,1.48305,-0.214327
548,2,-0.780943,0.25888
548,3,0.438144,0.712822
548,4,0.7639,0.281501
548,5,-0.324328,0.835734
548,6,-1.2098,-0.16113
548,7,1.14568,-0.122764
548,8,-0.00675122,0.999925
548,9,-1.30372,-0.199191
548,10,0.885786,0.126191
548,11,0.044269,0.996779
548,12,0.797903,0.236608
548,13,-0.865722,0.150545
548,14,-1.3416,-0.208486
548,15,0.691301,0.379768
548,16,0.237342,0.909881
548,17,0.473181,0.670316
548,18,-0.525482,0.603809
548,19,0.527144,0.601645
548,20,-1.245,-0.177923
549,1,1.54008,-0.205048
549,2,-0.866019,0.150181
549,3,0.332985,0.827335
549,4,0.869927,0.145395
549,5,-0.243296,0.905436
549,6,-1.26808,-0.187286
549,7,1.13463,-0.115147
549,8,-0.0800286,0.989498
549,9,-1.22977,-0.17103
549,10,0.863154,0.153704
549,11,-0.0695679,0.992058
549,12,0.727105,0.331001
549,13,-0.936803,0.0670182
549,14,-1.26094,-0.184529
549,15,0.692362,0.378318
549,16,0.333958,0.82638
549,17,0.385715,0.772625
549,18,-0.499616,0.637109
549,19,0.604313,0.498699
549,20,-1.32198,-0.204099
550,1,1.4529,-0.216692
550,2,-0.797648,0.236941
550,3,0.40526,0.750912
550,4,0.804609,0.227875
550,5,-0.317763,0.841988
550,6,-1.17082,-0.138994
550,7,1.25844,-0.183535
550,8,0.00391897,0.999975
550,9,-1.31339,-0.20189
550,10,0.945635,0.057211
550,11,-0.0396183,0.99742
550,12,0.812205,0.218034
550,13,-0.841038,0.181249
550,14,-1.34838,-0.209791
550,15,0.803794,0.228933
550,16,0.256104,0.895549
550,17,0.442972,0.707076
550,18,-0.625456,0.469906
550,19,0.507983,0.626418
550,20,-1.2482,-0.1793
551,1,1.40183,-0.216354
551,2,-0.698212,0.370324
551,3,0.526282,0.602767
551,4,0.705356,0.360575
551,5,-0.415325,0.739454
551,6,-1.09627,-0.0864828
551,7,1.29018,-0.19503
551,8,0.0840027,0.988433
551,9,-1.40839,-0.216714
551,10,0.954944,0.047024
551,11,0.103761,0.982384
551,12,0.882618,0.129999
551,13,-0.755387,0.29288
551,14,-1.48558,-0.214047
551,15,0.785664,0.252655
551,16,0.165355,0.955627
551,17,0.543708,0.579932
551,18,-0.653728,0.431225
551,19,0.423664,0.729825
551,20,-1.1574,-0.130519
552,1,1.377,-0.214117
552,2,-0.655691,0.428536
552,3,0.560315,0.557923
552,4,0.643763,0.444874
552,5,-0.445062,0.704578
552,6,-1.08395,-0.0765558
552,7,1.25845,-0.183539
552,8,0.113713,0.978865
552,9,-1.44468,-0.217013
552,10,0.97873,0.0217158
552,11,0.170732,0.952736
552,12,0.902719,0.106095
552,13,-0.762426,0.283468
552,14,-1.49449,-0.212957
552,15,0.794379,0.241215
552,16,0.111342,0.979732
552,17,0.606183,0.496159
552,18,-0.644051,0.444479
552,19,0.390874,0.766964
552,20,-1.12588,-0.108916
553,1,1.36801,-0.212962
553,2,-0.64584,0.442029
553,3,0.575161,0.538071
553,4,0.626303,0.468749
553,5,-0.454969,0.692641
553,6,-1.09041,-0.0818007
553,7,1.24854,-0.179443
553,8,0.117822,0.977321
553,9,-1.43784,-0.217173
553,10,0.9739,0.026769
553,11,0.17253,0.95175
553,12,0.915321,0.0914255
553,13,-0.74346,0.308901
553,14,-1.4783,-0.214821
553,15,0.783619,0.25535
553,16,0.102537,0.982795
553,17,0.599942,0.50463
553,18,-0.632991,0.459611
553,19,0.392654,0.764999
553,20,-1.12224,-0.106265
554,1,1.39387,-0.215788
554,2,-0.680427,0.394648
554,3,0.54542,0.577674
554,4,0.652052,0.433521
554,5,-0.424742,0.728571
554,6,-1.11844,-0.103474
554,7,1.21432,-0.163458
554,8,0.0902245,0.986663
554,9,-1.40591,-0.216589
554,10,0.954593,0.0474056
554,11,0.150806,0.963008
554,12,0.890435,0.120631
554,13,-0.783924,0.254948
554,14,-1.43929,-0.217147
554,15,0.755863,0.292243
554,16,0.126301,0.973966
554,17,0.57199,0.542324
554,18,-0.605505,0.49708
554,19,0.423708,0.729773
554,20,-1.14904,-0.125022
555,1,1.47367,-0.21526
555,2,-0.769805,0.273639
555,3,0.450088,0.69854
555,4,0.750798,0.299034
555,5,-0.334618,0.825731
555,6,-1.20054,-0.156206
555,7,1.15108,-0.126379
555,8,0.00364865,0.999978
555,9,-1.31393,-0.202033
555,10,0.892617,0.118032
555,11,0.0563679,0.994782
555,12,0.808031,0.223434
555,13,-0.856612,0.161785
555,14,-1.35181,-0.21041
555,15,0.697082,0.371867
555,16,0.224623,0.919046
555,17,0.484922,0.655679
555,18,-0.53264,0.594469
555,19,0.515981,0.616124
555,20,-1.23463,-0.173294
556,1,1.54705,-0.203509
556,2,-0.8697,0.145672
556,3,0.331006,0.82927
556,4,0.872221,0.142596
556,5,-0.239263,0.908458
556,6,-1.27539,-0.189979
556,7,1.1228,-0.106675
556,8,-0.0854697,0.988027
556,9,-1.22435,-0.168443
556,10,0.853477,0.165679
556,11,-0.0690617,0.992173
556,12,0.721628,0.33843
556,13,-0.942345,0.0608483
556,14,-1.25642,-0.182721
556,15,0.679186,0.396347
556,16,0.337838,0.822551
556,17,0.382091,0.77657
556,18,-0.488421,0.651281
556,19,0.610347,0.490497
556,20,-1.32661,-0.205216
557,1,1.4588,-0.216375
557,2,-0.808564,0.222744
557,3,0.390689,0.767169
557,4,0.815046,0.214369
557,5,-0.306083,0.852862
557,6,-1.18055,-0.144867
557,7,1.25227,-0.181014
557,8,-0.00557175,0.999949
557,9,-1.30208,-0.198709
557,10,0.943839,0.059195
557,11,-0.05331,0.995332
557,12,0.802711,0.230342
557,13,-0.854089,0.164918
557,14,-1.33306,-0.206689
557,15,0.804007,0.228656
557,16,0.26635,0.887323
557,17,0.43402,0.7177
557,18,-0.619115,0.478557
557,19,0.518089,0.6134
557,20,-1.25846,-0.183542
558,1,1.40365,-0.216463
558,2,-0.702749,0.364131
558,3,0.522555,0.607613
558,4,0.71138,0.352366
558,5,-0.411963,0.743301
558,6,-1.09833,-0.0881103
558,7,1.29391,-0.196221
558,8,0.0811168,0.989212
558,9,-1.40386,-0.216475
558,10,0.953083,0.0490482
558,11,0.0934175,0.985707
558,12,0.881761,0.131032
558,13,-0.753535,0.295362
558,14,-1.48229,-0.21441
558,15,0.786534,0.251511
558,16,0.170713,0.952746
558,17,0.535685,0.590481
558,18,-0.656332,0.427658
558,19,0.426901,0.726054
558,20,-1.1616,-0.133219
559,1,1.3774,-0.214164
559,2,-0.656852,0.426945
559,3,0.559557,0.558932
559,4,0.645239,0.442853
559,5,-0.444491,0.705261
559,6,-1.08258,-0.0754251
559,7,1.26,-0.184158
559,8,0.113815,0.978828
559,9,-1.44553,-0.216987
559,10,0.978935,0.0215021
559,11,0.171703,0.952205
559,12,0.902,0.106939
559,13,-0.764338,0.280918
559,14,-1.49763,-0.212536
559,15,0.794332,0.241277
559,16,0.111752,0.979583
559,17,0.607211,0.494761
559,18,-0.645496,0.4425
559,19,0.390343,0.76755
559,20,-1.12563,-0.108731
560,1,1.36826,-0.212997
560,2,-0.645233,0.44286
560,3,0.575263,0.537934
560,4,0.626209,0.468878
560,5,-0.454722,0.69294
560,6,-1.09052,-0.0818939
560,7,1.2487,-0.179513
560,8,0.117833,0.977317
560,9,-1.43803,-0.21717
560,10,0.973447,0.0272458
560,11,0.171946,0.952071
560,12,0.915067,0.091719
560,13,-0.742288,0.310481
560,14,-1.47943,-0.214708
560,15,0.784003,0.254843
560,16,0.102764,0.982719
560,17,0.600808,0.503456
560,18,-0.632922,0.459706
560,19,0.392112,0.765599
560,20,-1.1224,-0.106387
561,1,1.38967,-0.215432
561,2,-0.675813,0.400967
561,3,0.549454,0.572343
561,4,0.647867,0.439254
561,5,-0.429271,0.723282
561,6,-1.11423,-0.100329
561,7,1.21847,-0.165549
561,8,0.0944611,0.985387
561,9,-1.41044,-0.216807
561,10,0.958653,0.0430092
561,11,0.155053,0.96092
561,12,0.894574,0.115708
561,13,-0.780561,0.259385
561,14,-1.44361,-0.217045
561,15,0.760007,0.286698
561,16,0.122161,0.975632
561,17,0.57597,0.536985
561,18,-0.609534,0.491604
561,19,0.419481,0.734671
561,20,-1.14485,-0.122204
562,1,1.46406,-0.216032
562,2,-0.759227,0.287741
562,3,0.462449,0.683529
562,4,0.738472,0.315626
562,5,-0.345625,0.814765
562,6,-1.1907,-0.150746
562,7,1.15852,-0.131244
562,8,0.0141443,0.999671
562,9,-1.32477,-0.204777
562,10,0.899519,0.109859
562,11,0.0681589,0.992376
562,12,0.818171,0.210348
562,13,-0.846041,0.174963
562,14,-1.36248,-0.212159
562,15,0.703229,0.363476
562,16,0.212498,0.92736
562,17,0.495481,0.642362
562,18,-0.541194,0.583244
562,19,0.504766,0.630538
562,20,-1.22418,-0.168359
563,1,1.5524,-0.202272
563,2,-0.871255,0.143774
563,3,0.331191,0.82909
563,4,0.872114,0.142726
563,5,-0.23676,0.91031
563,6,-1.28029,-0.191712
563,7,1.11225,-0.0988408
563,8,-0.0887517,0.987093
563,9,-1.22118,-0.166893
563,10,0.845483,0.175663
563,11,-0.066648,0.992709
563,12,0.718215,0.343067
563,13,-0.946586,0.0561635
563,14,-1.25441,-0.181901
563,15,0.667956,0.41173
563,16,0.338831,0.821566
563,17,0.381175,0.777563
563,18,-0.479446,0.662528
563,19,0.613676,0.485967
563,20,-1.32915,-0.205807
564,1,1.46964,-0.215606
564,2,-0.823342,0.203716
564,3,0.372287,0.78711
564,4,0.829725,0.195571
564,5,-0.290377,0.866959
564,6,-1.1953,-0.153331
564,7,1.24069,-0.176033
564,8,-0.0197376,0.999359
564,9,-1.2864,-0.193789
564,10,0.936277,0.0676063
564,11,-0.0698731,0.991988
564,12,0.788395,0.249063
564,13,-0.871161,0.143889
564,14,-1.31425,-0.202119
564,15,0.797677,0.236903
564,16,0.281541,0.87462
564,17,0.420951,0.73297
564,18,-0.606561,0.495645
564,19,0.53323,0.593696
564,20,-1.27297,-0.189103
565,1,1.4058,-0.216583
565,2,-0.709519,0.354901
565,3,0.514721,0.617752
565,4,0.719842,0.340857
565,5,-0.405998,0.750078
565,6,-1.10123,-0.0903852
565,7,1.29813,-0.197527
565,8,0.0768513,0.990313
565,9,-1.39741,-0.216057
565,10,0.95382,0.0482459
565,11,0.0777035,0.990098
565,12,0.880417,0.132652
565,13,-0.754535,0.294022
565,14,-1.47466,-0.215169
565,15,0.791622,0.244827
565,16,0.177658,0.948885
565,17,0.525581,0.60368
565,18,-0.660278,0.422252
565,19,0.431456,0.720719
565,20,-1.1678,-0.137129
566,1,1.37778,-0.214208
566,2,-0.658428,0.424786
566,3,0.560075,0.558242
566,4,0.647365,0.439942
566,5,-0.444876,0.7048
566,6,-1.08062,-0.0738071
566,7,1.26375,-0.185629
566,8,0.113992,0.978762
566,9,-1.4465,-0.216954
566,10,0.977065,0.0234533
566,11,0.172878,0.951558
566,12,0.901102,0.107995
566,13,-0.763429,0.28213
566,14,-1.5028,-0.211803
566,15,0.792183,0.244091
566,16,0.112989,0.979132
566,17,0.606669,0.495498
566,18,-0.647438,0.439842
566,19,0.38967,0.768291
566,20,-1.12513,-0.10837
567,1,1.36676,-0.212786
567,2,-0.642354,0.446803
567,3,0.576566,0.536184
567,4,0.62391,0.472016
567,5,-0.455631,0.691838
567,6,-1.08852,-0.0802807
567,7,1.2499,-0.180022
567,8,0.119964,0.976495
567,9,-1.44046,-0.217123
567,10,0.976072,0.0244916
567,11,0.173342,0.951302
567,12,0.916772,0.0897523
567,13,-0.741512,0.311526
567,14,-1.48248,-0.214389
567,15,0.787763,0.249894
567,16,0.100259,0.983547
567,17,0.605247,0.49743
567,18,-0.635036,0.456815
567,19,0.389116,0.768899
567,20,-1.12058,-0.105053
568,1,1.38563,-0.215052
568,2,-0.671011,0.407544
568,3,0.554877,0.565154
568,4,0.642717,0.446306
568,5,-0.434437,0.717208
568,6,-1.11048,-0.0975005
568,7,1.22175,-0.167171
568,8,0.0987161,0.984047
568,9,-1.41502,-0.216982
568,10,0.960104,0.0414449
568,11,0.159796,0.958523
568,12,0.898451,0.111119
568,13,-0.775601,0.265947
568,14,-1.44861,-0.216877
568,15,0.761309,0.28496
568,16,0.117809,0.977326
568,17,0.579332,0.532467
568,18,-0.612504,0.487563
568,19,0.414912,0.739928
568,20,-1.14073,-0.119391
569,1,1.45423,-0.216627
569,2,-0.748356,0.302314
569,3,0.473627,0.669763
569,4,0.726122,0.332333
569,5,-0.355954,0.804232
569,6,-1.1809,-0.145074
569,7,1.16537,-0.135606
569,8,0.0246585,0.999
569,9,-1.33515,-0.207145
569,10,0.908169,0.0997195
569,11,0.0796771,0.98959
569,12,0.828576,0.197034
569,13,-0.837573,0.185618
569,14,-1.37221,-0.213524
569,15,0.711133,0.352702
569,16,0.200051,0.935457
569,17,0.507046,0.62762
569,18,-0.549622,0.57212
569,19,0.493696,0.644622
569,20,-1.21374,-0.16316
570,1,1.55314,-0.202098
570,2,-0.86881,0.14676
570,3,0.336606,0.82377
570,4,0.867506,0.148357
570,5,-0.23922,0.908489
570,6,-1.28103,-0.191968
570,7,1.10667,-0.0945973
570,8,-0.0876386,0.987414
570,9,-1.22239,-0.167488
570,10,0.840623,0.181771
570,11,-0.0600635,0.994076
570,12,0.719108,0.341853
570,13,-0.944687,0.0582572
570,14,-1.25678,-0.182867
570,15,0.659854,0.422832
570,16,0.335679,0.824686
570,17,0.383441,0.775103
570,18,-0.475009,0.668049
570,19,0.612587,0.48745
570,20,-1.32746,-0.205415
571,1,1.48715,-0.213866
571,2,-0.842286,0.179677
571,3,0.350384,0.80994
571,4,0.848753,0.171569
571,5,-0.270329,0.884053
571,6,-1.21527,-0.163943
571,7,1.22118,-0.166891
571,8,-0.0390489,0.997494
571,9,-1.26622,-0.186578
571,10,0.922037,0.0837123
571,11,-0.0878372,0.987357
571,12,0.768865,0.274889
571,13,-0.893699,0.116746
571,14,-1.29208,-0.195641
571,15,0.782814,0.256411
571,16,0.301151,0.857354
571,17,0.404261,0.75204
571,18,-0.586463,0.522861
571,19,0.553721,0.566688
571,20,-1.29187,-0.195575
572,1,1.40733,-0.216662
572,2,-0.718491,0.342692
572,3,0.502476,0.633463
572,4,0.730267,0.326718
572,5,-0.397015,0.760161
572,6,-1.10513,-0.0934064
572,7,1.30323,-0.199045
572,8,0.07144,0.991626
572,9,-1.38892,-0.215365
572,10,0.958128,0.0435755
572,11,0.0563111,0.994792
572,12,0.878414,0.135074
572,13,-0.758323,0.28895
572,14,-1.4619,-0.216179
572,15,0.802385,0.230766
572,16,0.186056,0.944023
572,17,0.51384,0.618887
572,18,-0.666014,0.414391
572,19,0.437103,0.714056
572,20,-1.17596,-0.142129
573,1,1.38024,-0.214489
573,2,-0.662345,0.419418
573,3,0.560233,0.558032
573,4,0.652161,0.433373
573,5,-0.444244,0.705556
573,6,-1.08024,-0.0734976
573,7,1.26765,-0.187124
573,8,0.112168,0.979432
573,9,-1.4452,-0.216997
573,10,0.970263,0.0306034
573,11,0.171725,0.952193
573,12,0.898274,0.111328
573,13,-0.761413,0.28482
573,14,-1.5083,-0.210967
573,15,0.785128,0.253362
573,16,0.117322,0.977512
573,17,0.601921,0.501946
573,18,-0.647718,0.439457
573,19,0.391006,0.766819
573,20,-1.12652,-0.109379
574,1,1.36741,-0.212878
574,2,-0.641564,0.447884
574,3,0.573514,0.54028
574,4,0.624622,0.471044
574,5,-0.453264,0.694705
574,6,-1.08819,-0.080011
574,7,1.24918,-0.179716
574,8,0.119946,0.976502
574,9,-1.44097,-0.217112
574,10,0.979874,0.0205257
574,11,0.172197,0.951933
574,12,0.916372,0.0902139
574,13,-0.745687,0.305904
574,14,-1.48297,-0.214337
574,15,0.79311,0.242876
574,16,0.0998925,0.983667
574,17,0.609344,0.491863
574,18,-0.636015,0.455476
574,19,0.388297,0.769798
574,20,-1.12096,-0.105326
575,1,1.37914,-0.214365
575,2,-0.664081,0.417039
575,3,0.562918,0.554454
575,4,0.636483,0.454836
575,5,-0.442986,0.70706
575,6,-1.1042,-0.0926879
575,7,1.22997,-0.171124
575,8,0.105074,0.981938
575,9,-1.42224,-0.217164
575,10,0.963365,0.0379439
575,11,0.166221,0.955167
575,12,0.904422,0.104098
575,13,-0.76518,0.279795
575,14,-1.45674,-0.216493
575,15,0.76488,0.280195
575,16,0.112724,0.979229
575,17,0.583275,0.527159
575,18,-0.618498,0.479398
575,19,0.408496,0.747249
575,20,-1.1344,-0.114987
576,1,1.43904,-0.217152
576,2,-0.731287,0.325337
576,3,0.491976,0.646797
576,4,0.706417,0.359127
576,5,-0.372384,0.787008
576,6,-1.16493,-0.135328
576,7,1.1761,-0.142207
576,8,0.0415224,0.997166
576,9,-1.3525,-0.210531
576,10,0.921047,0.0848447
576,11,0.0981732,0.984221
576,12,0.844899,0.176395
576,13,-0.825022,0.201567
576,14,-1.38831,-0.215308
576,15,0.723074,0.336468
576,16,0.179612,0.947772
576,17,0.525429,0.603877
576,18,-0.56362,0.553516
576,19,0.475521,0.667414
576,20,-1.19704,-0.154291
577,1,1.55102,-0.202595
577,2,-0.861544,0.155687
577,3,0.347833,0.812533
577,4,0.856612,0.161785
577,5,-0.245597,0.903693
577,6,-1.27914,-0.191312
577,7,1.10048,-0.0897987
577,8,-0.0827224,0.988782
577,9,-1.22714,-0.169786
577,10,0.835954,0.187666
577,11,-0.047232,0.996334
577,12,0.723604,0.335749
577,13,-0.93879,0.0647998
577,14,-1.26372,-0.185618
577,15,0.650563,0.435561
577,16,0.327244,0.832925
577,17,0.3908,0.767047
577,18,-0.470935,0.673094
577,19,0.607324,0.494608
577,20,-1.32178,-0.204049
578,1,1.50726,-0.211129
578,2,-0.863016,0.153873
578,3,0.325732,0.834384
578,4,0.869931,0.145391
578,5,-0.248172,0.901725
578,6,-1.23878,-0.175178
578,7,1.19727,-0.154419
578,8,-0.0612004,0.99385
578,9,-1.24313,-0.177108
578,10,0.905983,0.102272
578,11,-0.105466,0.981804
578,12,0.746452,0.304874
578,13,-0.920153,0.0858688
578,14,-1.26673,-0.186774
578,15,0.764448,0.28077
578,16,0.323788,0.836252
578,17,0.386344,0.771937
578,18,-0.561082,0.556901
578,19,0.578115,0.534103
578,20,-1.31286,-0.201746
579,1,1.41285,-0.216905
579,2,-0.734418,0.321103
579,3,0.483796,0.65709
579,4,0.746163,0.305263
579,5,-0.381614,0.777087
579,6,-1.11476,-0.10073
579,7,1.30406,-0.199289
579,8,0.0606342,0.993963
579,9,-1.37426,-0.213784
579,10,0.958406,0.0432752
579,11,0.0264097,0.998853
579,12,0.870713,0.144435
579,13,-0.76792,0.276145
579,14,-1.44013,-0.21713
579,15,0.810618,0.220086
579,16,0.199424,0.935853
579,17,0.49491,0.643085
579,18,-0.668777,0.410605
579,19,0.447741,0.701365
579,20,-1.19053,-0.150653
580,1,1.38603,-0.215092
580,2,-0.670111,0.408777
580,3,0.554678,0.565419
580,4,0.663122,0.418354
580,5,-0.438756,0.712096
580,6,-1.08273,-0.0755479
580,7,1.27122,-0.188459
580,8,0.106486,0.981452
580,9,-1.43879,-0.217157
580,10,0.962486,0.0388857
580,11,0.163124,0.956801
580,12,0.893306,0.117214
580,13,-0.762206,0.283761
580,14,-1.51073,-0.210579
580,15,0.778215,0.262486
580,16,0.12739,0.973519
580,17,0.592643,0.514514
580,18,-0.646346,0.441336
580,19,0.397,0.760177
580,20,-1.1318,-0.113154
581,1,1.36593,-0.212668
581,2,-0.639767,0.450342
581,3,0.572051,0.542243
581,4,0.624963,0.470578
581,5,-0.454001,0.693813
581,6,-1.08454,-0.0770403
581,7,1.25386,-0.181674
581,8,0.121996,0.975698
581,9,-1.44495,-0.217005
581,10,0.986733,0.0134418
581,11,0.173772,0.951063
581,12,0.917404,0.0890249
581,13,-0.746634,0.304629
581,14,-1.48706,-0.213876
581,15,0.801596,0.231793
581,16,0.0988555,0.984002
581,17,0.614535,0.484797
581,18,-0.641115,0.448498
581,19,0.385355,0.773018
581,20,-1.11907,-0.103937
582,1,1.37357,-0.213699
582,2,-0.656867,0.426925
582,3,0.572322,0.541879
582,4,0.6292,0.464793
582,5,-0.451215,0.697182
582,6,-1.09818,-0.0879928
582,7,1.23632,-0.174066
582,8,0.111472,0.979685
582,9,-1.42984,-0.217233
582,10,0.963756,0.0375263
582,11,0.172709,0.951651
582,12,0.909884,0.097724
582,13,-0.755281,0.293023
582,14,-1.46568,-0.215915
582,15,0.766026,0.278667
582,16,0.106135,0.981573
582,17,0.587887,0.52094
582,18,-0.62368,0.472329
582,19,0.401025,0.755679
582,20,-1.1282,-0.110582
583,1,1.42762,-0.217226
583,2,-0.717709,0.343755
583,3,0.50483,0.630456
583,4,0.690887,0.380335
583,5,-0.383949,0.774551
583,6,-1.15346,-0.127951
583,7,1.18222,-0.145851
583,8,0.0541988,0.995175
583,9,-1.36518,-0.21256
583,10,0.931113,0.0734074
583,11,0.112092,0.97946
583,12,0.857104,0.161175
583,13,-0.817751,0.210888
583,14,-1.39982,-0.216224
583,15,0.732428,0.323794
583,16,0.16371,0.956494
583,17,0.540486,0.584175
583,18,-0.572995,0.540976
583,19,0.461817,0.684302
583,20,-1.1846,-0.147246
584,1,1.5386,-0.205363
584,2,-0.846013,0.174999
584,3,0.366649,0.793084
584,4,0.837955,0.185136
584,5,-0.261302,0.89141
584,6,-1.26763,-0.187117
584,7,1.10683,-0.0947152
584,8,-0.0687596,0.992241
584,9,-1.24078,-0.176074
584,10,0.84227,0.179698
584,11,-0.0279714,0.998714
584,12,0.737318,0.317185
584,13,-0.923068,0.0825343
584,14,-1.27858,-0.191114
584,15,0.653552,0.431467
584,16,0.310835,0.848477
584,17,0.405566,0.750566
584,18,-0.478205,0.664075
584,19,0.593071,0.513935
584,20,-1.30743,-0.200252
585,1,1.53108,-0.206909
585,2,-0.881751,0.131044
585,3,0.307386,0.851664
585,4,0.888846,0.122528
585,5,-0.229055,0.915904
585,6,-1.2621,-0.184988
585,7,1.16787,-0.137171
585,8,-0.0829269,0.988726
585,9,-1.22236,-0.16747
585,10,0.883407,0.12905
585,11,-0.115639,0.978148
585,12,0.724604,0.334392
585,13,-0.943355,0.0597301
585,14,-1.24629,-0.17848
585,15,0.735776,0.319267
585,16,0.344234,0.816166
585,17,0.369375,0.790204
585,18,-0.531492,0.59597
585,19,0.601992,0.501849
585,20,-1.33225,-0.206509
586,1,1.41414,-0.216952
586,2,-0.748284,0.30241
586,3,0.463818,0.681853
586,4,0.758715,0.288425
586,5,-0.366554,0.793184
586,6,-1.12246,-0.10643
586,7,1.30601,-0.199848
586,8,0.0520173,0.995555
586,9,-1.36156,-0.212019
586,10,0.966195,0.0349218
586,11,-0.00037047,1
586,12,0.86372,0.153006
586,13,-0.780898,0.25894
586,14,-1.41687,-0.217039
586,15,0.826768,0.199338
586,16,0.209623,0.92927
586,17,0.481961,0.659387
586,18,-0.673274,0.404444
586,19,0.456086,0.691285
586,20,-1.20267,-0.157358
587,1,1.38552,-0.215042
587,2,-0.670751,0.4079
587,3,0.558971,0.559713
587,4,0.666642,0.41353
587,5,-0.441331,0.709033
587,6,-1.07997,-0.073273
587,7,1.28149,-0.192127
587,8,0.107234,0.981192
587,9,-1.438,-0.21717
587,10,0.956102,0.045768
587,11,0.159973,0.958432
587,12,0.895237,0.114921
587,13,-0.751363,0.298276
587,14,-1.52018,-0.20897
587,15,0.773049,0.26933
587,16,0.131426,0.971829
587,17,0.586455,0.522873
587,18,-0.650662,0.435426
587,19,0.396625,0.760594
587,20,-1.13109,-0.11265
588,1,1.36537,-0.212588
588,2,-0.638445,0.452151
588,3,0.571243,0.543325
588,4,0.622521,0.473911
588,5,-0.453326,0.694631
588,6,-1.08239,-0.0752734
588,7,1.252,-0.180903
588,8,0.124108,0.974855
588,9,-1.44874,-0.216872
588,10,0.990789,0.00929545
588,11,0.177555,0.948943
588,12,0.917865,0.0884955
588,13,-0.753594,0.295283
588,14,-1.49039,-0.213478
588,15,0.805645,0.226529
588,16,0.0947213,0.985307
588,17,0.622064,0.474535
588,18,-0.643739,0.444907
588,19,0.381556,0.777151
588,20,-1.11764,-0.102879
589,1,1.36683,-0.212797
589,2,-0.648985,0.437722
589,3,0.58049,0.530909
589,4,0.62204,0.474567
589,5,-0.458795,0.687991
589,6,-1.09255,-0.0835223
589,7,1.24346,-0.177253
589,8,0.117881,0.977298
589,9,-1.43554,-0.217204
589,10,0.967126,0.0339313
589,11,0.178387,0.948471
589,12,0.916386,0.0901971
589,13,-0.743203,0.309247
589,14,-1.4739,-0.215239
589,15,0.769921,0.273484
589,16,0.100682,0.983409
589,17,0.59353,0.513314
589,18,-0.628449,0.465818
589,19,0.394475,0.762983
589,20,-1.12196,-0.106059
590,1,1.41201,-0.216872
590,2,-0.700862,0.366706
590,3,0.523309,0.606634
590,4,0.671014,0.40754
590,5,-0.400817,0.755912
590,6,-1.13759,-0.117215
590,7,1.19315,-0.152131
590,8,0.0711524,0.991693
590,9,-1.38256,-0.214739
590,10,0.943958,0.0590626
590,11,0.130877,0.972062
590,12,0.873498,0.14104
590,13,-0.806168,0.22585
590,14,-1.41562,-0.217001
590,15,0.743976,0.308206
590,16,0.143648,0.966401
590,17,0.557991,0.561017
590,18,-0.587124,0.521969
590,19,0.443758,0.706137
590,20,-1.16794,-0.137211
591,1,1.5189,-0.209197
591,2,-0.821997,0.205437
591,3,0.395104,0.762285
591,4,0.808927,0.222274
591,5,-0.284226,0.872313
591,6,-1.24821,-0.179305
591,7,1.11735,-0.102663
591,8,-0.0463899,0.996464
591,9,-1.26227,-0.185054
591,10,0.854396,0.164536
591,11,0.000726681,0.999999
591,12,0.759196,0.287783
591,13,-0.900036,0.10925
591,14,-1.30203,-0.198694
591,15,0.66169,0.420316
591,16,0.283837,0.872649
591,17,0.430311,0.722063
591,18,-0.491906,0.646886
591,19,0.569425,0.545759
591,20,-1.28473,-0.193232
592,1,1.5552,-0.201605
592,2,-0.897665,0.112048
592,3,0.293067,0.864588
592,4,0.9046,0.103889
592,5,-0.211961,0.927719
592,6,-1.28609,-0.193685
592,7,1.13449,-0.115053
592,8,-0.103678,0.982412
592,9,-1.20257,-0.157307
592,10,0.858421,0.159546
592,11,-0.119561,0.976651
592,12,0.703803,0.362693
592,13,-0.965198,0.0359851
592,14,-1.22853,-0.170448
592,15,0.70163,0.365658
592,16,0.363328,0.796571
592,17,0.354995,0.805219
592,18,-0.497833,0.639376
592,19,0.625874,0.469334
592,20,-1.34979,-0.210048
593,1,1.42374,-0.217187
593,2,-0.773366,0.268909
593,3,0.431898,0.720199
593,4,0.780832,0.259027
593,5,-0.340683,0.819722
593,6,-1.14085,-0.119472
593,7,1.29758,-0.197358
593,8,0.0330351,0.998206
593,9,-1.33812,-0.207774
593,10,0.966273,0.0348385
593,11,-0.0363065,0.997833
593,12,0.844751,0.176581
593,13,-0.807056,0.224698
593,14,-1.38017,-0.21448
593,15,0.835163,0.188667
593,16,0.229617,0.915501
593,17,0.459934,0.686603
593,18,-0.667183,0.412789
593,19,0.474757,0.668362
593,20,-1.22506,-0.168784
594,1,1.39113,-0.215561
594,2,-0.678946,0.396676
594,3,0.552337,0.568525
594,4,0.681085,0.393747
594,5,-0.434916,0.716642
594,6,-1.08369,-0.0763371
594,7,1.29034,-0.195083
594,8,0.100565,0.983447
594,9,-1.42779,-0.217227
594,10,0.948637,0.0539091
594,11,0.140582,0.967806
594,12,0.893219,0.117316
594,13,-0.74527,0.306464
594,14,-1.51942,-0.209104
594,15,0.770053,0.273309
594,16,0.145314,0.965625
594,17,0.569916,0.545102
594,18,-0.653002,0.43222
594,19,0.404788,0.751445
594,20,-1.13885,-0.118089
595,1,1.36665,-0.212771
595,2,-0.64131,0.448231
595,3,0.567764,0.547981
595,4,0.625786,0.469455
595,5,-0.452303,0.695868
595,6,-1.0797,-0.0730509
595,7,1.25449,-0.181931
595,8,0.124084,0.974865
595,9,-1.45237,-0.216717
595,10,0.993777,0.00626155
595,11,0.180516,0.947254
595,12,0.915188,0.0915796
595,13,-0.760522,0.28601
595,14,-1.49498,-0.212893
595,15,0.808349,0.223022
595,16,0.0953177,0.985122
595,17,0.625112,0.470374
595,18,-0.647563,0.43967
595,19,0.380224,0.778593
595,20,-1.11761,-0.102855
596,1,1.36509,-0.212546
596,2,-0.644947,0.443252
596,3,0.583961,0.526235
596,4,0.619916,0.477464
596,5,-0.461224,0.685027
596,6,-1.0906,-0.0819588
596,7,1.24712,-0.178837
596,8,0.120065,0.976455
596,9,-1.43789,-0.217172
596,10,0.966812,0.0342646
596,11,0.17848,0.948418
596,12,0.918278,0.0880206
596,13,-0.735864,0.319147
596,14,-1.47877,-0.214775
596,15,0.77186,0.270909
596,16,0.099011,0.983952
596,17,0.596381,0.509455
596,18,-0.630203,0.463422
596,19,0.391336,0.766455
596,20,-1.12002,-0.104638
597,1,1.39785,-0.216089
597,2,-0.685489,0.387718
597,3,0.538005,0.587437
597,4,0.65523,0.429168
597,5,-0.416004,0.738675
597,6,-1.12319,-0.106962
597,7,1.20532,-0.158776
597,8,0.0859895,0.987881
597,9,-1.3985,-0.216134
597,10,0.957026,0.0447674
597,11,0.146602,0.96502
597,12,0.887681,0.123922
597,13,-0.795686,0.239504
597,14,-1.43021,-0.217234
597,15,0.756784,0.29101
597,16,0.127798,0.97335
597,17,0.572739,0.54132
597,18,-0.600672,0.50364
597,19,0.428502,0.724183
597,20,-1.1533,-0.127842
598,1,1.49902,-0.212345
598,2,-0.79831,0.236077
598,3,0.423871,0.729583
598,4,0.78004,0.260073
598,5,-0.308291,0.850831
598,6,-1.22777,-0.170083
598,7,1.12968,-0.111645
598,8,-0.0236877,0.999077
598,9,-1.28531,-0.193425
598,10,0.866044,0.15015
598,11,0.028296,0.998683
598,12,0.781127,0.258637
598,13,-0.87647,0.137429
598,14,-1.32579,-0.205021
598,15,0.670426,0.408346
598,16,0.256178,0.89549
598,17,0.454086,0.693711
598,18,-0.507445,0.627108
598,19,0.544729,0.578585
598,20,-1.26193,-0.18492
599,1,1.57315,-0.19702
599,2,-0.906691,0.101443
599,3,0.285031,0.871618
599,4,0.912771,0.0943736
599,5,-0.200498,0.935174
599,6,-1.30368,-0.199178
599,7,1.10622,-0.0942482
599,8,-0.117818,0.977322
599,9,-1.18895,-0.14975
599,10,0.838841,0.184017
599,11,-0.118341,0.977122
599,12,0.68986,0.381739
599,13,-0.981638,0.018695
599,14,-1.21722,-0.164926
599,15,0.673598,0.404001
599,16,0.374493,0.784755
599,17,0.34772,0.812648
599,18,-0.470634,0.673467
599,19,0.642241,0.446957
599,20,-1.36124,-0.21197
600,1,1.43712,-0.217184
600,2,-0.800191,0.233623
600,3,0.39931,0.757599
600,4,0.8049,0.227496
600,5,-0.313755,0.845756
600,6,-1.16359,-0.134485
600,7,1.28398,-0.192977
600,8,0.0108295,0.999807
600,9,-1.31225,-0.201581
600,10,0.959459,0.0421397
600,11,-0.0695992,0.992051
600,12,0.82147,0.206114
600,13,-0.835515,0.188222
600,14,-1.34346,-0.208854
600,15,0.834099,0.190015
600,16,0.253179,0.897846
600,17,0.436325,0.714976
600,18,-0.653607,0.431391
600,19,0.497486,0.639817
600,20,-1.24961,-0.179897
601,1,1.39088,-0.215539
601,2,-0.682762,0.391451
601,3,0.547631,0.574753
601,4,0.690714,0.380571
601,5,-0.431578,0.720575
601,6,-1.08282,-0.0756239
601,7,1.30383,-0.199223
601,8,0.0989573,0.98397
601,9,-1.42196,-0.217159
601,10,0.951343,0.0509463
601,11,0.121364,0.975947
601,12,0.897807,0.11188
601,13,-0.737128,0.317441
601,14,-1.51834,-0.209295
601,15,0.778919,0.261555
601,16,0.153104,0.961885
601,17,0.558361,0.560524
601,18,-0.663265,0.418158
601,19,0.407902,0.747922
601,20,-1.14284,-0.120835
602,1,1.37049,-0.2133
602,2,-0.647229,0.440128
602,3,0.566933,0.549093
602,4,0.62929,0.464669
602,5,-0.450611,0.69791
602,6,-1.08015,-0.0734236
602,7,1.25326,-0.181423
602,8,0.121995,0.975698
602,9,-1.45363,-0.216657
602,10,0.98637,0.0138143
602,11,0.184158,0.945139
602,12,0.909313,0.098387
602,13,-0.76604,0.278649
602,14,-1.50049,-0.212137
602,15,0.798938,0.235257
602,16,0.0975171,0.984431
602,17,0.623974,0.471929
602,18,-0.646859,0.440634
602,19,0.380452,0.778346
602,20,-1.11962,-0.10434
603,1,1.35849,-0.211536
603,2,-0.635811,0.455755
603,3,0.587135,0.521955
603,4,0.614547,0.484781
603,5,-0.464611,0.680881
603,6,-1.08428,-0.0768221
603,7,1.25416,-0.181795
603,8,0.126443,0.973908
603,9,-1.44283,-0.217066
603,10,0.978514,0.0219407
603,11,0.181048,0.946947
603,12,0.925686,0.0795528
603,13,-0.729593,0.327631
603,14,-1.48558,-0.214047
603,15,0.786292,0.251829
603,16,0.0932312,0.985763
603,17,0.607516,0.494347
603,18,-0.636981,0.454154
603,19,0.384848,0.773571
603,20,-1.11396,-0.100132
604,1,1.38635,-0.215123
604,2,-0.673357,0.40433
604,3,0.555984,0.563684
604,4,0.639532,0.450665
604,5,-0.432198,0.719846
604,6,-1.11156,-0.0983229
604,7,1.21496,-0.163781
604,8,0.0987403,0.984039
604,9,-1.4134,-0.216925
604,10,0.959458,0.0421411
604,11,0.162276,0.957243
604,12,0.898831,0.11067
604,13,-0.781351,0.258342
604,14,-1.44509,-0.217001
604,15,0.757802,0.289647
604,16,0.114101,0.978722
604,17,0.581282,0.529844
604,18,-0.610667,0.490062
604,19,0.414385,0.740532
604,20,-1.14086,-0.119475
605,1,1.46971,-0.2156
605,2,-0.765231,0.279727
605,3,0.456415,0.690886
605,4,0.743095,0.309392
605,5,-0.337026,0.823356
605,6,-1.19838,-0.15503
605,7,1.14924,-0.125157
605,8,0.00774129,0.999901
605,9,-1.315,-0.202316
605,10,0.893566,0.116905
605,11,0.062383,0.993611
605,12,0.812527,0.217619
605,13,-0.851583,0.168037
605,14,-1.35532,-0.211015
605,15,0.69599,0.373359
605,16,0.218704,0.923157
605,17,0.491033,0.647988
605,18,-0.532373,0.594819
605,19,0.511578,0.6218
605,20,-1.2306,-0.171422
606,1,1.58265,-0.194381
606,2,-0.90576,0.102532
606,3,0.295364,0.862549
606,4,0.907394,0.100623
606,5,-0.202599,0.933836
606,6,-1.31288,-0.20175
606,7,1.08407,-0.076651
606,8,-0.12159,0.975858
606,9,-1.18654,-0.148369
606,10,0.817611,0.211067
606,11,-0.103091,0.982609
606,12,0.685626,0.387531
606,13,-0.980519,0.0198555
606,14,-1.21927,-0.165946
606,15,0.641352,0.448174
606,16,0.374575,0.784669
606,17,0.346575,0.813806
606,18,-0.449756,0.69894
606,19,0.647592,0.43963
606,20,-1.36247,-0.212158
607,1,1.45872,-0.21638
607,2,-0.83049,0.194598
607,3,0.358772,0.801317
607,4,0.834005,0.190134
607,5,-0.280723,0.875319
607,6,-1.19277,-0.151916
607,7,1.25795,-0.183338
607,8,-0.0182316,0.999453
607,9,-1.28041,-0.191753
607,10,0.949645,0.0528043
607,11,-0.0993756,0.983834
607,12,0.790586,0.246186
607,13,-0.87713,0.136629
607,14,-1.30243,-0.198813
607,15,0.825651,0.200764
607,16,0.282221,0.874037
607,17,0.414612,0.740272
607,18,-0.626636,0.468294
607,19,0.528188,0.600284
607,20,-1.27823,-0.190992
608,1,1.39745,-0.21606
608,2,-0.697357,0.371493
608,3,0.532453,0.594714
608,4,0.710095,0.354116
608,5,-0.418745,0.735519
608,6,-1.0918,-0.0829207
608,7,1.31165,-0.201419
608,8,0.0883033,0.987223
608,9,-1.40643,-0.216617
608,10,0.948476,0.0540861
608,11,0.0860531,0.987863
608,12,0.893865,0.11655
608,13,-0.734586,0.320874
608,14,-1.5004,-0.212149
608,15,0.785657,0.252664
608,16,0.170369,0.952934
608,17,0.532441,0.594729
608,18,-0.669473,0.409651
608,19,0.42002,0.734048
608,20,-1.15776,-0.13075
609,1,1.37119,-0.213393
609,2,-0.651135,0.434778
609,3,0.565831,0.550565
609,4,0.634877,0.457033
609,5,-0.450612,0.697909
609,6,-1.07514,-0.0692452
609,7,1.26079,-0.184471
609,8,0.122225,0.975607
609,9,-1.45638,-0.216513
609,10,0.985694,0.0145091
609,11,0.187233,0.943324
609,12,0.907354,0.100671
609,13,-0.768829,0.274937
609,14,-1.51044,-0.210626
609,15,0.797147,0.237595
609,16,0.10006,0.983612
609,17,0.623811,0.472151
609,18,-0.651535,0.43423
609,19,0.37975,0.779104
609,20,-1.11818,-0.103275
610,1,1.35549,-0.211043
610,2,-0.630285,0.46331
610,3,0.591136,0.516551
610,4,0.609821,0.491213
610,5,-0.467201,0.677698
610,6,-1.08034,-0.0735752
610,7,1.25772,-0.183247
610,8,0.13074,0.97212
610,9,-1.44804,-0.216899
610,10,0.981969,0.0183525
610,11,0.183544,0.945499
610,12,0.928918,0.0758863
610,13,-0.724077,0.335106
610,14,-1.49253,-0.21321
610,15,0.792488,0.243692
610,16,0.0886482,0.987123
610,17,0.61546,0.483538
610,18,-0.641536,0.447922
610,19,0.378493,0.780461
610,20,-1.11031,-0.0973719
611,1,1.37208,-0.213507
611,2,-0.657166,0.426515
611,3,0.572401,0.541773
611,4,0.622779,0.47356
611,5,-0.447934,0.701133
611,6,-1.09767,-0.0875901
611,7,1.22687,-0.169655
611,8,0.113635,0.978894
611,9,-1.4287,-0.217231
611,10,0.969451,0.0314628
611,11,0.178041,0.948668
611,12,0.912892,0.0942335
611,13,-0.768177,0.275804
611,14,-1.4612,-0.216225
611,15,0.767618,0.276548
611,16,0.0985042,0.984115
611,17,0.595297,0.510923
611,18,-0.622923,0.473363
611,19,0.398761,0.758212
611,20,-1.12632,-0.109229
612,1,1.44057,-0.217121
612,2,-0.732939,0.323103
612,3,0.49258,0.646034
612,4,0.704801,0.361332
612,5,-0.368907,0.7907
612,6,-1.16923,-0.138015
612,7,1.16922,-0.138008
612,8,0.0393763,0.997451
612,9,-1.34646,-0.209432
612,10,0.915219,0.0915429
612,11,0.0974833,0.984441
612,12,0.843376,0.178308
612,13,-0.822697,0.204542
612,14,-1.38623,-0.215112
612,15,0.715224,0.347134
612,16,0.181288,0.946809
612,17,0.524325,0.605313
612,18,-0.556965,0.56238
612,19,0.477548,0.664893
612,20,-1.1993,-0.155531
613,1,1.57207,-0.197311
613,2,-0.885097,0.127019
613,3,0.322164,0.837807
613,4,0.880554,0.132488
613,5,-0.221031,0.921552
613,6,-1.30211,-0.198719
613,7,1.07865,-0.0721725
613,8,-0.10555,0.981774
613,9,-1.20197,-0.156981
613,10,0.818325,0.21015
613,11,-0.0712441,0.991672
613,12,0.701357,0.366031
613,13,-0.966188,0.0349295
613,14,-1.23823,-0.174932
613,15,0.632606,0.460138
613,16,0.351696,0.808603
613,17,0.36827,0.791373
613,18,-0.448794,0.700098
613,19,0.63135,0.461855
613,20,-1.34469,-0.209094
614,1,1.50282,-0.2118
614,2,-0.872535,0.142213
614,3,0.313155,0.846317
614,4,0.877569,0.136097
614,5,-0.238261,0.909201
614,6,-1.24146,-0.176375
614,7,1.207,-0.159664
614,8,-0.0642383,0.993226
614,9,-1.23493,-0.173429
614,10,0.911081,0.0963323
614,11,-0.128762,0.97295
614,12,0.743102,0.309383
614,13,-0.925489,0.0797762
614,14,-1.25438,-0.181886
614,15,0.779252,0.261114
614,16,0.329517,0.83072
614,17,0.376844,0.782236
614,18,-0.571042,0.543594
614,19,0.579409,0.532363
614,20,-1.32043,-0.203712
615,1,1.39869,-0.216147
615,2,-0.718419,0.34279
615,3,0.502701,0.633177
615,4,0.731908,0.324496
615,5,-0.396553,0.760674
615,6,-1.09966,-0.0891569
615,7,1.32173,-0.204035
615,8,0.0770189,0.990271
615,9,-1.38808,-0.215287
615,10,0.965399,0.0357709
615,11,0.0355638,0.997921
615,12,0.889801,0.121388
615,13,-0.747992,0.302803
615,14,-1.46377,-0.216052
615,15,0.819015,0.209263
615,16,0.185425,0.944395
615,17,0.507039,0.627628
615,18,-0.686412,0.386455
615,19,0.431078,0.721163
615,20,-1.17622,-0.142283
616,1,1.37386,-0.213735
616,2,-0.656666,0.4272
616,3,0.572048,0.542246
616,4,0.643181,0.44567
616,5,-0.452635,0.695467
616,6,-1.07198,-0.0665793
616,7,1.27388,-0.189435
616,8,0.120672,0.976219
616,9,-1.45465,-0.216605
616,10,0.967808,0.033206
616,11,0.18733,0.943267
616,12,0.903615,0.105044
616,13,-0.755509,0.292717
616,14,-1.52884,-0.20735
616,15,0.778669,0.261886
616,16,0.109227,0.98049
616,17,0.613121,0.486723
616,18,-0.653228,0.43191
616,19,0.380891,0.777871
616,20,-1.11807,-0.103199
617,1,1.35763,-0.211397
617,2,-0.628953,0.46513
617,3,0.583165,0.527308
617,4,0.610049,0.490904
617,5,-0.460457,0.685964
617,6,-1.0804,-0.0736294
617,7,1.25209,-0.180938
617,8,0.130701,0.972136
617,9,-1.44964,-0.216836
617,10,0.991144,0.0089344
617,11,0.181664,0.946591
617,12,0.927812,0.0771395
617,13,-0.739553,0.314167
617,14,-1.49248,-0.213217
617,15,0.804649,0.227823
617,16,0.0862874,0.987798
617,17,0.62675,0.468138
617,18,-0.643449,0.445303
617,19,0.376038,0.783101
617,20,-1.11174,-0.0984547
618,1,1.3626,-0.212177
618,2,-0.647043,0.440382
618,3,0.584894,0.524978
618,4,0.614774,0.484472
618,5,-0.46174,0.684396
618,6,-1.08948,-0.0810561
618,7,1.24088,-0.176118
618,8,0.122132,0.975644
618,9,-1.43808,-0.217169
618,10,0.971212,0.0296007
618,11,0.186443,0.943793
618,12,0.920922,0.0849879
618,13,-0.746827,0.30437
618,14,-1.47429,-0.215203
618,15,0.769887,0.273529
618,16,0.0938266,0.985582
618,17,0.598146,0.507065
618,18,-0.63027,0.46333
618,19,0.390599,0.767267
618,20,-1.11782,-0.103008
619,1,1.41575,-0.217005
619,2,-0.70549,0.360392
619,3,0.520926,0.609727
619,4,0.673253,0.404472
619,5,-0.395194,0.762186
619,6,-1.14276,-0.120779
619,7,1.18688,-0.148565
619,8,0.066932,0.992647
619,9,-1.37525,-0.213906
619,10,0.938696,0.0649048
619,11,0.126867,0.973734
619,12,0.870201,0.14506
619,13,-0.806497,0.225423
619,14,-1.41092,-0.216828
619,15,0.73755,0.316871
619,16,0.14728,0.964699
619,17,0.55483,0.565216
619,18,-0.581086,0.530106
619,19,0.447869,0.701211
619,20,-1.17217,-0.139825
620,1,1.5488,-0.20311
620,2,-0.854147,0.164846
620,3,0.361214,0.798779
620,4,0.842205,0.179779
620,5,-0.251095,0.899469
620,6,-1.27933,-0.191376
620,7,1.08841,-0.0801885
620,8,-0.0778015,0.990073
620,9,-1.22913,-0.170731
620,10,0.82782,0.197997
620,11,-0.0320343,0.998313
620,12,0.728234,0.329471
620,13,-0.934099,0.0700479
620,14,-1.26947,-0.18781
620,15,0.635307,0.456444
620,16,0.317541,0.842197
620,17,0.39877,0.758202
620,18,-0.462305,0.683706
620,19,0.60198,0.501866
620,20,-1.31622,-0.202635
621,1,1.54594,-0.20376
621,2,-0.904953,0.103476
621,3,0.278595,0.87713
621,4,0.912231,0.0949985
621,5,-0.203869,0.933021
621,6,-1.28414,-0.193031
621,7,1.15316,-0.12775
621,8,-0.103954,0.982319
621,9,-1.19703,-0.154286
621,10,0.872517,0.142235
621,11,-0.144316,0.966091
621,12,0.703287,0.363397
621,13,-0.969115,0.031819
621,14,-1.21808,-0.165356
621,15,0.728291,0.329393
621,16,0.368283,0.791359
621,17,0.348349,0.81201
621,18,-0.51472,0.617752
621,19,0.624429,0.471307
621,20,-1.35468,-0.210906
622,1,1.40455,-0.216515
622,2,-0.748936,0.301534
622,3,0.463818,0.681853
622,4,0.757862,0.289566
622,5,-0.365662,0.794123
622,6,-1.11751,-0.102778
622,7,1.32081,-0.203807
622,8,0.0576108,0.994549
622,9,-1.36155,-0.212017
622,10,0.973904,0.0267654
622,11,-0.0177915,0.999479
622,12,0.872248,0.142563
622,13,-0.77465,0.267207
622,14,-1.41489,-0.216977
622,15,0.84337,0.178315
622,16,0.206361,0.931408
622,17,0.477016,0.665555
622,18,-0.6918,0.379086
622,19,0.448974,0.699882
622,20,-1.20264,-0.157345
623,1,1.38296,-0.214781
623,2,-0.667299,0.41263
623,3,0.566667,0.549447
623,4,0.661974,0.419927
623,5,-0.445195,0.704418
623,6,-1.07667,-0.0705234
623,7,1.28404,-0.193
623,8,0.111471,0.979685
623,9,-1.44138,-0.217103
623,10,0.949869,0.0525592
623,11,0.168419,0.95399
623,12,0.898144,0.111481
623,13,-0.747174,0.303903
623,14,-1.53557,-0.205999
623,15,0.763934,0.281456
623,16,0.128496,0.97306
623,17,0.592529,0.514668
623,18,-0.651276,0.434585
623,19,0.391748,0.766001
623,20,-1.12688,-0.109637
624,1,1.35936,-0.211675
624,2,-0.631258,0.46198
624,3,0.574743,0.538632
624,4,0.614251,0.485184
624,5,-0.45733,0.689773
624,6,-1.07782,-0.0714863
624,7,1.25363,-0.181578
624,8,0.13049,0.972225
624,9,-1.45439,-0.216619
624,10,1.00112,-0.00111856
624,11,0.183483,0.945535
624,12,0.924936,0.0804063
624,13,-0.75251,0.296737
624,14,-1.49514,-0.212872
624,15,0.815683,0.213549
624,16,0.086933,0.987615
624,17,0.633918,0.458343
624,18,-0.649058,0.437622
624,19,0.374559,0.784686
624,20,-1.11252,-0.099047
625,1,1.35642,-0.211199
625,2,-0.638632,0.451896
625,3,0.595604,0.510507
625,4,0.608711,0.492723
625,5,-0.471562,0.67232
625,6,-1.0832,-0.0759372
625,7,1.25177,-0.180806
625,8,0.128577,0.973027
625,9,-1.44552,-0.216987
625,10,0.9706,0.0302473
625,11,0.190962,0.941086
625,12,0.926814,0.0782713
625,13,-0.728814,0.328686
625,14,-1.48552,-0.214053
625,15,0.771571,0.271293
625,16,0.0890123,0.987018
625,17,0.601702,0.502243
625,18,-0.636097,0.455363
625,19,0.38326,0.775301
625,20,-1.11152,-0.0982889
626,1,1.39225,-0.215656
626,2,-0.67952,0.39589
626,3,0.54614,0.576723
626,4,0.644729,0.443551
626,5,-0.419351,0.73482
626,6,-1.11844,-0.103474
626,7,1.20417,-0.158161
626,8,0.092421,0.986009
626,9,-1.40204,-0.216367
626,10,0.960987,0.0404952
626,11,0.15398,0.961453
626,12,0.89459,0.115689
626,13,-0.791676,0.244756
626,14,-1.43459,-0.217214
626,15,0.759163,0.287826
626,16,0.117354,0.977499
626,17,0.582673,0.52797
626,18,-0.603578,0.499697
626,19,0.420895,0.733036
626,20,-1.14717,-0.123769
627,1,1.50944,-0.210786
627,2,-0.808635,0.222652
627,3,0.414997,0.73983
627,4,0.788106,0.249443
627,5,-0.296624,0.861425
627,6,-1.24012,-0.17578
627,7,1.11481,-0.100766
627,8,-0.0343747,0.998057
627,9,-1.27208,-0.188777
627,10,0.852626,0.166738
627,11,0.0196871,0.999363
627,12,0.770573,0.272618
627,13,-0.887474,0.124169
627,14,-1.31524,-0.202379
627,15,0.654994,0.429491
627,16,0.266891,0.88688
627,17,0.44382,0.706063
627,18,-0.493109,0.645364
627,19,0.555598,0.564197
627,20,-1.27263,-0.188977
628,1,1.58562,-0.193529
628,2,-0.925923,0.0792829
628,3,0.260907,0.891728
628,4,0.933118,0.0711493
628,5,-0.18009,0.947498
628,6,-1.32021,-0.203657
628,7,1.09612,-0.0863674
628,8,-0.134905,0.970331
628,9,-1.1687,-0.137687
628,10,0.83117,0.193732
628,11,-0.143044,0.96668
628,12,0.67293,0.404915
628,13,-1.00211,-0.00210448
628,14,-1.19491,-0.153115
628,15,0.669441,0.409695
628,16,0.394394,0.763073
628,17,0.329886,0.830361
628,18,-0.458801,0.687984
628,19,0.660064,0.422545
628,20,-1.37945,-0.2144
629,1,1.42019,-0.217124
629,2,-0.792245,0.244009
629,3,0.408777,0.746929
629,4,0.794494,0.241064
629,5,-0.321356,0.838578
629,6,-1.15093,-0.126281
629,7,1.30432,-0.199364
629,8,0.0244182,0.99902
629,9,-1.32117,-0.203897
629,10,0.972246,0.0285104
629,11,-0.0753913,0.990677
629,12,0.836271,0.187265
629,13,-0.822341,0.204997
629,14,-1.351,-0.210265
629,15,0.854818,0.164012
629,16,0.240738,0.907358
629,17,0.441053,0.709365
629,18,-0.677446,0.398729
629,19,0.481717,0.659692
629,20,-1.24103,-0.176182
630,1,1.3861,-0.215099
630,2,-0.673855,0.403648
630,3,0.560902,0.557141
630,4,0.680333,0.394776
630,5,-0.439928,0.710703
630,6,-1.07778,-0.0714545
630,7,1.30507,-0.199579
630,8,0.106445,0.981466
630,9,-1.42908,-0.217232
630,10,0.945301,0.0575795
630,11,0.137248,0.969301
630,12,0.90338,0.105319
630,13,-0.729992,0.32709
630,14,-1.53762,-0.20557
630,15,0.768361,0.275559
630,16,0.145624,0.96548
630,17,0.569656,0.54545
630,18,-0.662704,0.418927
630,19,0.399986,0.756842
630,20,-1.13475,-0.115237
631,1,1.3622,-0.212117
631,2,-0.637758,0.453092
631,3,0.572558,0.541562
631,4,0.617382,0.480919
631,5,-0.456784,0.690438
631,6,-1.07479,-0.0689459
631,7,1.2541,-0.181773
631,8,0.130435,0.972248
631,9,-1.46125,-0.216222
631,10,0.999013,0.000987922
631,11,0.192593,0.940093
631,12,0.918835,0.0873808
631,13,-0.764477,0.280731
631,14,-1.50445,-0.211558
631,15,0.810567,0.220152
631,16,0.0863833,0.98777
631,17,0.63806,0.452679
631,18,-0.653126,0.43205
631,19,0.371738,0.787696
631,20,-1.11276,-0.0992257
632,1,1.3521,-0.210461
632,2,-0.630161,0.463479
632,3,0.599114,0.505752
632,4,0.604561,0.498362
632,5,-0.473269,0.670207
632,6,-1.07959,-0.0729542
632,7,1.25717,-0.183022
632,8,0.132981,0.971164
632,9,-1.44779,-0.216908
632,10,0.976559,0.023982
632,11,0.189929,0.941709
632,12,0.93228,0.0720924
632,13,-0.718681,0.342433
632,14,-1.4924,-0.213226
632,15,0.781566,0.258058
632,16,0.0851248,0.988123
632,17,0.611102,0.489471
632,18,-0.639613,0.450554
632,19,0.378013,0.780978
632,20,-1.10767,-0.0953615
633,1,1.37834,-0.214273
633,2,-0.664909,0.415905
633,3,0.563655,0.55347
633,4,0.627873,0.466605
633,5,-0.437072,0.714093
633,6,-1.10444,-0.0928767
633,7,1.21603,-0.164326
633,8,0.107278,0.981176
633,9,-1.41939,-0.217105
633,10,0.96893,0.0320156
633,11,0.17169,0.952212
633,12,0.907883,0.100053
633,13,-0.780027,0.260091
633,14,-1.45056,-0.216798
633,15,0.76575,0.279035
633,16,0.102103,0.98294
633,17,0.593922,0.512784
633,18,-0.616343,0.482334
633,19,0.405275,0.750896
633,20,-1.13267,-0.113765
634,1,1.46578,-0.215907
634,2,-0.761103,0.285234
634,3,0.464869,0.680564
634,4,0.735223,0.320014
634,5,-0.341838,0.818568
634,6,-1.19602,-0.15373
634,7,1.14891,-0.124937
634,8,0.0119002,0.999767
634,9,-1.31738,-0.202938
634,10,0.890988,0.119972
634,11,0.0689887,0.992189
634,12,0.816585,0.212387
634,13,-0.843794,0.177782
634,14,-1.3604,-0.211838
634,15,0.691219,0.379881
634,16,0.213817,0.926476
634,17,0.494045,0.644181
634,18,-0.532297,0.594918
634,19,0.506822,0.627906
634,20,-1.22653,-0.169491
635,1,1.60188,-0.188617
635,2,-0.924447,0.0809621
635,3,0.27474,0.880381
635,4,0.925577,0.0796771
635,5,-0.181497,0.946688
635,6,-1.33299,-0.206673
635,7,1.06072,-0.0569011
635,8,-0.140912,0.967656
635,9,-1.16531,-0.13557
635,10,0.800768,0.232872
635,11,-0.120533,0.976273
635,12,0.666619,0.413562
635,13,-1.00501,-0.00498843
635,14,-1.19813,-0.154895
635,15,0.62284,0.473476
635,16,0.39301,0.764606
635,17,0.330241,0.830016
635,18,-0.427757,0.725054
635,19,0.667508,0.412344
635,20,-1.38145,-0.21462
636,1,1.45973,-0.216318
636,2,-0.845845,0.175208
636,3,0.340128,0.820276
636,4,0.846394,0.174521
636,5,-0.264313,0.88898
636,6,-1.20377,-0.157949
636,7,1.25907,-0.183787
636,8,-0.027625,0.998745
636,9,-1.26532,-0.186235
636,10,0.947645,0.0549991
636,11,-0.127932,0.973295
636,12,0.78054,0.259413
636,13,-0.890664,0.120358
636,14,-1.28198,-0.192297
636,15,0.832606,0.191908
636,16,0.293985,0.863774
636,17,0.399444,0.757449
636,18,-0.628078,0.466325
636,19,0.536588,0.589296
636,20,-1.29232,-0.195716
637,1,1.39106,-0.215554
637,2,-0.692171,0.378579
637,3,0.538098,0.587315
637,4,0.707564,0.357565
637,5,-0.422798,0.73083
637,6,-1.08598,-0.0782096
637,7,1.32374,-0.204528
637,8,0.0948796,0.985258
637,9,-1.40907,-0.216746
637,10,0.951514,0.0507602
637,11,0.0802047,0.989452
637,12,0.905131,0.103267
637,13,-0.724379,0.334697
637,14,-1.51127,-0.210492
637,15,0.791747,0.244662
637,16,0.167576,0.954443
637,17,0.533754,0.59301
637,18,-0.681135,0.393679
637,19,0.41399,0.740984
637,20,-1.15394,-0.128266
638,1,1.36622,-0.212709
638,2,-0.647474,0.439792
638,3,0.57354,0.540246
638,4,0.626637,0.468294
638,5,-0.456832,0.690379
638,6,-1.07014,-0.0650097
638,7,1.26269,-0.185216
638,8,0.128523,0.973049
638,9,-1.46428,-0.216016
638,10,0.986653,0.0135237
638,11,0.199895,0.935556
638,12,0.911034,0.0963877
638,13,-0.766929,0.277465
638,14,-1.52158,-0.208716
638,15,0.79447,0.241096
638,16,0.0923579,0.986028
638,17,0.633546,0.458853
638,18,-0.655648,0.428595
638,19,0.372039,0.787375
638,20,-1.11258,-0.0990922
639,1,1.35136,-0.21033
639,2,-0.624358,0.471405
639,3,0.596001,0.50997
639,4,0.602726,0.500853
639,5,-0.469186,0.675254
639,6,-1.07794,-0.0715809
639,7,1.25727,-0.183062
639,8,0.135186,0.970208
639,9,-1.44962,-0.216837
639,10,0.985892,0.0143049
639,11,0.186301,0.943878
639,12,0.934653,0.069426
639,13,-0.720496,0.339967
639,14,-1.49596,-0.212763
639,15,0.796391,0.238583
639,16,0.0822429,0.988911
639,17,0.623571,0.472478
639,18,-0.643072,0.445819
639,19,0.373486,0.785832
639,20,-1.10667,-0.0945955
640,1,1.3635,-0.212313
640,2,-0.649157,0.437487
640,3,0.582615,0.528048
640,4,0.612319,0.487814
640,5,-0.457047,0.690118
640,6,-1.09015,-0.0815925
640,7,1.23263,-0.172369
640,8,0.122132,0.975644
640,9,-1.43652,-0.217192
640,10,0.974909,0.0257106
640,11,0.188564,0.94253
640,12,0.921204,0.0846649
640,13,-0.760051,0.28664
640,14,-1.46953,-0.215615
640,15,0.77118,0.271811
640,16,0.089755,0.986801
640,17,0.602492,0.50117
640,18,-0.629304,0.46465
640,19,0.390203,0.767704
640,20,-1.11801,-0.103151
641,1,1.42688,-0.217221
641,2,-0.718148,0.343159
641,3,0.50986,0.624008
641,4,0.68602,0.386992
641,5,-0.382562,0.776059
641,6,-1.15581,-0.129485
641,7,1.17707,-0.142794
641,8,0.0542162,0.995172
641,9,-1.35989,-0.211759
641,10,0.925489,0.079777
641,11,0.113762,0.978847
641,12,0.858259,0.159746
641,13,-0.81003,0.220846
641,14,-1.40008,-0.216242
641,15,0.723978,0.335241
641,16,0.162931,0.956901
641,17,0.540836,0.583715
641,18,-0.56802,0.547638
641,19,0.46132,0.68491
641,20,-1.18471,-0.14731
642,1,1.5772,-0.195912
642,2,-0.886597,0.12522
642,3,0.324051,0.836001
642,4,0.878216,0.135313
642,5,-0.218078,0.923586
642,6,-1.30803,-0.200421
642,7,1.06515,-0.0607421
642,8,-0.108655,0.980693
642,9,-1.19747,-0.154531
642,10,0.807542,0.224068
642,11,-0.0678601,0.992442
642,12,0.697993,0.370623
642,13,-0.970231,0.0306376
642,14,-1.23616,-0.173992
642,15,0.617567,0.480667
642,16,0.351883,0.808411
642,17,0.367361,0.792333
642,18,-0.437705,0.713343
642,19,0.63413,0.458054
642,20,-1.34732,-0.209593
643,1,1.52446,-0.208185
643,2,-0.899729,0.109612
643,3,0.28076,0.875287
643,4,0.904851,0.103595
643,5,-0.209202,0.929547
643,6,-1.26931,-0.187749
643,7,1.18355,-0.146633
643,8,-0.0907284,0.986514
643,9,-1.20543,-0.158836
643,10,0.892984,0.117596
643,11,-0.157913,0.959483
643,12,0.715968,0.346122
643,13,-0.957103,0.0446844
643,14,-1.22209,-0.167341
643,15,0.762381,0.283528
643,16,0.357828,0.802296
643,17,0.352405,0.807877
643,18,-0.545524,0.577537
643,19,0.607579,0.494261
643,20,-1.34732,-0.209593
644,1,1.39332,-0.215744
644,2,-0.72535,0.33338
644,3,0.493517,0.644848
644,4,0.737909,0.316386
644,5,-0.38866,0.7694
644,6,-1.10013,-0.0895208
644,7,1.33319,-0.206717
644,8,0.0768569,0.990312
644,9,-1.38168,-0.214646
644,10,0.973381,0.0273155
644,11,0.00791041,0.999897
644,12,0.893987,0.116404
644,13,-0.748478,0.30215
644,14,-1.45165,-0.21675
644,15,0.837759,0.185384
644,16,0.188351,0.942657
644,17,0.495795,0.641963
644,18,-0.702396,0.364613
644,19,0.430197,0.722197
644,20,-1.18255,-0.146048
645,1,1.37261,-0.213576
645,2,-0.656224,0.427806
645,3,0.578025,0.534224
645,4,0.642678,0.446359
645,5,-0.455712,0.691739
645,6,-1.06883,-0.0638993
645,7,1.27982,-0.191547
645,8,0.123061,0.975274
645,9,-1.45622,-0.216522
645,10,0.959949,0.0416117
645,11,0.1924,0.940211
645,12,0.905048,0.103364
645,13,-0.749527,0.300741
645,14,-1.54392,-0.204209
645,15,0.768541,0.275319
645,16,0.110074,0.980188
645,17,0.614374,0.485016
645,18,-0.654611,0.430016
645,19,0.37819,0.780787
645,20,-1.11539,-0.1012
646,1,1.35214,-0.210468
646,2,-0.622075,0.474519
646,3,0.585987,0.523504
646,4,0.602447,0.501232
646,5,-0.463663,0.682043
646,6,-1.07525,-0.069336
646,7,1.25414,-0.181789
646,8,0.137089,0.969372
646,9,-1.45596,-0.216536
646,10,1.00206,-0.00205453
646,11,0.187433,0.943205
646,12,0.934324,0.0697946
646,13,-0.740171,0.313334
646,14,-1.49805,-0.212479
646,15,0.815988,0.213155
646,16,0.0782249,0.989965
646,17,0.639606,0.450563
646,18,-0.649897,0.436474
646,19,0.368419,0.791215
646,20,-1.10668,-0.0946024
647,1,1.35648,-0.211208
647,2,-0.640364,0.449526
647,3,0.596036,0.509922
647,4,0.605614,0.496932
647,5,-0.470463,0.673677
647,6,-1.08436,-0.0768919
647,7,1.24526,-0.178039
647,8,0.128612,0.973012
647,9,-1.44403,-0.217033
647,10,0.969521,0.0313893
647,11,0.194475,0.938938
647,12,0.92689,0.078185
647,13,-0.735458,0.319696
647,14,-1.48273,-0.214363
647,15,0.766902,0.277501
647,16,0.0867294,0.987673
647,17,0.602022,0.501809
647,18,-0.633494,0.458923
647,19,0.383344,0.775208
647,20,-1.11165,-0.0983885
648,1,1.39533,-0.215903
648,2,-0.683831,0.389988
648,3,0.541401,0.582971
648,4,0.649,0.437702
648,5,-0.413862,0.741131
648,6,-1.12283,-0.106696
648,7,1.20086,-0.15638
648,8,0.0881663,0.987262
648,9,-1.39502,-0.215878
648,10,0.959791,0.0417822
648,11,0.14887,0.963941
648,12,0.891671,0.119159
648,13,-0.792582,0.243569
648,14,-1.42942,-0.217233
648,15,0.757526,0.290017
648,16,0.122443,0.97552
648,17,0.579562,0.532158
648,18,-0.59925,0.505568
648,19,0.425813,0.727323
648,20,-1.1513,-0.126521
649,1,1.52754,-0.207602
649,2,-0.828645,0.196945
649,3,0.395599,0.761735
649,4,0.808864,0.222355
649,5,-0.277712,0.877878
649,6,-1.25834,-0.183493
649,7,1.09916,-0.0887585
649,8,-0.0532262,0.995346
649,9,-1.253,-0.181318
649,10,0.835863,0.187781
649,11,0.000211879,1
649,12,0.751825,0.297655
649,13,-0.906575,0.101579
649,14,-1.29636,-0.196985
649,15,0.638337,0.4523
649,16,0.287788,0.869224
649,17,0.4232,0.730364
649,18,-0.476466,0.666239
649,19,0.575184,0.538039
649,20,-1.29147,-0.195446
650,1,1.59007,-0.192226
650,2,-0.939104,0.0644496
650,3,0.242438,0.906083
650,4,0.947419,0.0552476
650,5,-0.165771,0.955406
650,6,-1.32771,-0.205474
650,7,1.09781,-0.0876965
650,8,-0.144446,0.966031
650,9,-1.15658,-0.129989
650,10,0.831414,0.193423
650,11,-0.166102,0.955231
650,12,0.663226,0.418211
650,13,-1.01416,-0.0139562
650,14,-1.18033,-0.144738
650,15,0.677035,0.399293
650,16,0.40659,0.749409
650,17,0.318001,0.841763
650,18,-0.459481,0.687155
650,19,0.668551,0.410914
650,20,-1.39128,-0.215573
651,1,1.4069,-0.216641
651,2,-0.78095,0.258871
651,3,0.422762,0.730872
651,4,0.782579,0.256721
651,5,-0.331741,0.828552
651,6,-1.1381,-0.117573
651,7,1.32044,-0.203715
651,8,0.0382721,0.997592
651,9,-1.33221,-0.206499
651,10,0.979192,0.0212352
651,11,-0.0753019,0.990699
651,12,0.852488,0.16691
651,13,-0.806593,0.225298
651,14,-1.36529,-0.212576
651,15,0.866634,0.149426
651,16,0.227707,0.916865
651,17,0.447579,0.701559
651,18,-0.696523,0.372632
651,19,0.466103,0.679049
651,20,-1.23073,-0.171482
652,1,1.3827,-0.214754
652,2,-0.667926,0.411771
652,3,0.569237,0.546011
652,4,0.671381,0.407037
652,5,-0.445774,0.703725
652,6,-1.07448,-0.0686901
652,7,1.30276,-0.19891
652,8,0.111694,0.979605
652,9,-1.4351,-0.217209
652,10,0.941772,0.0614843
652,11,0.152246,0.962306
652,12,0.906029,0.102217
652,13,-0.729165,0.32821
652,14,-1.5508,-0.202648
652,15,0.75989,0.286856
652,16,0.139051,0.968497
652,17,0.580893,0.530366
652,18,-0.659864,0.422818
652,19,0.393973,0.76354
652,20,-1.12853,-0.110819
653,1,1.35768,-0.211404
653,2,-0.631997,0.46097
653,3,0.575146,0.53809
653,4,0.610483,0.490313
653,5,-0.459743,0.686835
653,6,-1.07307,-0.0675002
653,7,1.2539,-0.181689
653,8,0.13468,0.970429
653,9,-1.46372,-0.216055
653,10,1.00687,-0.00682077
653,11,0.195176,0.938506
653,12,0.924865,0.0804865
653,13,-0.762374,0.283538
653,14,-1.50407,-0.211615
653,15,0.818279,0.210209
653,16,0.0804675,0.989383
653,17,0.645437,0.442582
653,18,-0.655759,0.428443
653,19,0.367609,0.792071
653,20,-1.10975,-0.0969499
654,1,1.34776,-0.209676
654,2,-0.626994,0.467805
654,3,0.606733,0.495411
654,4,0.598588,0.506465
654,5,-0.479374,0.662618
654,6,-1.07601,-0.0699729
654,7,1.25996,-0.184143
654,8,0.137287,0.969284
654,9,-1.45138,-0.216762
654,10,0.975963,0.0246059
654,11,0.196416,0.937737
654,12,0.936575,0.0672724
654,13,-0.712324,0.351081
654,14,-1.49664,-0.212671
654,15,0.778658,0.2619
654,16,0.080045,0.989494
654,17,0.61265,0.487364
654,18,-0.641968,0.447331
654,19,0.373848,0.785445
654,20,-1.10334,-0.0920249
655,1,1.37451,-0.213817
655,2,-0.660823,0.421504
655,3,0.567688,0.548083
655,4,0.621425,0.475407
655,5,-0.438755,0.712097
655,6,-1.10102,-0.0902208
655,7,1.2154,-0.164008
655,8,0.111575,0.979648
655,9,-1.42202,-0.21716
655,10,0.97353,0.0271581
655,11,0.176284,0.94966
655,12,0.912539,0.0946423
655,13,-0.779725,0.26049
655,14,-1.45294,-0.21669
655,15,0.769571,0.27395
655,16,0.0952296,0.985149
655,17,0.601155,0.502985
655,18,-0.618919,0.478824
655,19,0.400356,0.756428
655,20,-1.1286,-0.110875
656,1,1.46779,-0.215754
656,2,-0.763169,0.282476
656,3,0.464789,0.680662
656,4,0.735466,0.319686
656,5,-0.33981,0.820592
656,6,-1.19912,-0.155436
656,7,1.14465,-0.122063
656,8,0.00975938,0.999843
656,9,-1.31391,-0.202026
656,10,0.885586,0.126431
656,11,0.0680838,0.992392
656,12,0.814424,0.215171
656,13,-0.84402,0.177498
656,14,-1.35892,-0.211605
656,15,0.684648,0.388869
656,16,0.216026,0.924984
656,17,0.491259,0.647703
656,18,-0.527878,0.600688
656,19,0.50875,0.625434
656,20,-1.22871,-0.170533
657,1,1.6151,-0.184338
657,2,-0.939139,0.0644114
657,3,0.257563,0.894395
657,4,0.940874,0.0624803
657,5,-0.165545,0.955526
657,6,-1.34728,-0.209586
657,7,1.04716,-0.0448727
657,8,-0.155349,0.960772
657,9,-1.14946,-0.1253
657,10,0.790481,0.246323
657,11,-0.136452,0.969653
657,12,0.652433,0.433
657,13,-1.02246,-0.0219459
657,14,-1.18172,-0.145559
657,15,0.613011,0.486873
657,16,0.40806,0.747743
657,17,0.316783,0.842913
657,18,-0.414082,0.740879
657,19,0.682422,0.391916
657,20,-1.39598,-0.215952
658,1,1.45451,-0.216613
658,2,-0.850501,0.169386
658,3,0.334543,0.825805
658,4,0.848273,0.172168
658,5,-0.259001,0.893251
658,6,-1.20481,-0.158506
658,7,1.26588,-0.186451
658,8,-0.0275031,0.998756
658,9,-1.26136,-0.184695
658,10,0.950329,0.0520554
658,11,-0.143222,0.966598
658,12,0.780349,0.259665
658,13,-0.893412,0.117087
658,14,-1.27478,-0.189761
658,15,0.842301,0.179658
658,16,0.294816,0.863036
658,17,0.394178,0.763312
658,18,-0.63647,0.454853
658,19,0.534905,0.591503
658,20,-1.29616,-0.196921
659,1,1.3873,-0.215214
659,2,-0.686892,0.385798
659,3,0.544236,0.579237
659,4,0.703844,0.362637
659,5,-0.426909,0.726045
659,6,-1.0825,-0.0753644
659,7,1.32919,-0.205816
659,8,0.0997685,0.983707
659,9,-1.41183,-0.216865
659,10,0.950788,0.0515535
659,11,0.0814919,0.989112
659,12,0.912444,0.0947525
659,13,-0.717507,0.344029
659,14,-1.52218,-0.208606
659,15,0.790892,0.245784
659,16,0.164839,0.955899
659,17,0.53766,0.58789
659,18,-0.68551,0.38769
659,19,0.409678,0.745906
659,20,-1.15013,-0.125747
660,1,1.3647,-0.212489
660,2,-0.646881,0.440604
660,3,0.57527,0.537924
660,4,0.622792,0.473541
660,5,-0.458585,0.688246
660,6,-1.06944,-0.0644135
660,7,1.26083,-0.184487
660,8,0.13059,0.972183
660,9,-1.46731,-0.215792
660,10,0.988039,0.0121027
660,11,0.205481,0.93198
660,12,0.912089,0.095164
660,13,-0.769107,0.274566
660,14,-1.52421,-0.208232
660,15,0.793451,0.24243
660,16,0.0888276,0.987071
660,17,0.63868,0.451831
660,18,-0.656478,0.427458
660,19,0.369332,0.79025
660,20,-1.11131,-0.0981349
661,1,1.34884,-0.209874
661,2,-0.62154,0.47525
661,3,0.598816,0.506156
661,4,0.599835,0.504775
661,5,-0.470663,0.673431
661,6,-1.07647,-0.0703534
661,7,1.25871,-0.183642
661,8,0.137399,0.969234
661,9,-1.44986,-0.216827
661,10,0.988323,0.0118122
661,11,0.18742,0.943213
661,12,0.938035,0.0656423
661,13,-0.716546,0.345336
661,14,-1.49765,-0.212533
661,15,0.798555,0.235756
661,16,0.0796632,0.989594
661,17,0.626737,0.468156
661,18,-0.644176,0.444309
661,19,0.371558,0.787887
661,20,-1.10466,-0.0930492
662,1,1.36162,-0.212029
662,2,-0.647773,0.439383
662,3,0.585794,0.523763
662,4,0.609132,0.49215
662,5,-0.459178,0.687524
662,6,-1.08842,-0.0801943
662,7,1.23288,-0.172486
662,8,0.124253,0.974797
662,9,-1.4386,-0.21716
662,10,0.975306,0.0252939
662,11,0.192005,0.940452
662,12,0.923083,0.0825177
662,13,-0.759154,0.287839
662,14,-1.47151,-0.215449
662,15,0.770493,0.272724
662,16,0.0871535,0.987552
662,17,0.604051,0.499054
662,18,-0.630648,0.462814
662,19,0.387854,0.770285
662,20,-1.11598,-0.101646
663,1,1.42056,-0.217132
663,2,-0.711611,0.352051
663,3,0.516404,0.615579
663,4,0.678669,0.397055
663,5,-0.387901,0.770232
663,6,-1.14984,-0.125557
663,7,1.18156,-0.145461
663,8,0.0605829,0.993974
663,9,-1.36521,-0.212565
663,10,0.931636,0.0728181
663,11,0.120145,0.976424
663,12,0.8649,0.151555
663,13,-0.804009,0.228654
663,14,-1.40611,-0.2166
663,15,0.729807,0.32734
663,16,0.155796,0.960549
663,17,0.548355,0.573797
663,18,-0.573349,0.540502
663,19,0.454692,0.692976
663,20,-1.17842,-0.1436
664,1,1.58079,-0.194909
664,2,-0.888767,0.122622
664,3,0.324544,0.835527
664,4,0.878252,0.13527
664,5,-0.216157,0.924895
664,6,-1.31155,-0.201391
664,7,1.05833,-0.0548054
664,8,-0.111115,0.979814
664,9,-1.19486,-0.153084
664,10,0.800406,0.233343
664,11,-0.0675306,0.992515
664,12,0.695237,0.374389
664,13,-0.972709,0.0280226
664,14,-1.2346,-0.173277
664,15,0.608622,0.492844
664,16,0.353077,0.807189
664,17,0.364919,0.794903
664,18,-0.432013,0.720064
664,19,0.636129,0.455321
664,20,-1.34963,-0.210019
665,1,1.54674,-0.203579
665,2,-0.924702,0.0806716
665,3,0.252027,0.898744
665,4,0.93007,0.0745841
665,5,-0.182487,0.946114
665,6,-1.29451,-0.196408
665,7,1.16046,-0.13249
665,8,-0.115526,0.97819
665,9,-1.17894,-0.143911
665,10,0.87315,0.141464
665,11,-0.184891,0.944709
665,12,0.690937,0.380267
665,13,-0.98534,0.0148725
665,14,-1.19439,-0.15282
665,15,0.743733,0.308534
665,16,0.383277,0.775282
665,17,0.329308,0.830924
665,18,-0.521575,0.608885
665,19,0.632884,0.459757
665,20,-1.37242,-0.213552
666,1,1.38946,-0.215413
666,2,-0.733974,0.321703
666,3,0.481253,0.660272
666,4,0.744527,0.307464
666,5,-0.377863,0.78114
666,6,-1.1033,-0.0919914
666,7,1.34067,-0.208299
666,8,0.0747188,0.990842
666,9,-1.37324,-0.213657
666,10,0.979193,0.0212342
666,11,-0.0213144,0.999253
666,12,0.895458,0.114659
666,13,-0.754427,0.294166
666,14,-1.43691,-0.217187
666,15,0.854383,0.164552
666,16,0.192389,0.940218
666,17,0.484634,0.65604
666,18,-0.714725,0.347813
666,19,0.43088,0.721395
666,20,-1.19085,-0.150834
667,1,1.37498,-0.213873
667,2,-0.659422,0.423423
667,3,0.578907,0.533039
667,4,0.647051,0.440372
667,5,-0.455184,0.69238
667,6,-1.06973,-0.0646645
667,7,1.28357,-0.192839
667,8,0.121363,0.975947
667,9,-1.45293,-0.21669
667,10,0.950041,0.05237
667,11,0.190749,0.941214
667,12,0.904252,0.104297
667,13,-0.745677,0.305917
667,14,-1.55392,-0.201912
667,15,0.756845,0.290928
667,16,0.116137,0.977961
667,17,0.610546,0.490227
667,18,-0.652648,0.432705
667,19,0.380321,0.778487
667,20,-1.1169,-0.102328
668,1,1.35488,-0.21094
668,2,-0.624773,0.470838
668,3,0.579233,0.532599
668,4,0.605329,0.497319
668,5,-0.459183,0.687517
668,6,-1.0774,-0.0711337
668,7,1.25097,-0.180472
668,8,0.1349,0.970333
668,9,-1.45453,-0.216612
668,10,1.00689,-0.00684041
668,11,0.185346,0.944442
668,12,0.932106,0.0722887
668,13,-0.749049,0.301383
668,14,-1.49506,-0.212881
668,15,0.820889,0.206859
668,16,0.0796692,0.989592
668,17,0.64297,0.445959
668,18,-0.64973,0.436703
668,19,0.369917,0.78963
668,20,-1.10984,-0.0970199
669,1,1.35172,-0.210393
669,2,-0.635743,0.455848
669,3,0.60227,0.501472
669,4,0.602812,0.500736
669,5,-0.476995,0.665581
669,6,-1.0798,-0.0731296
669,7,1.25392,-0.181695
669,8,0.132816,0.971235
669,9,-1.44836,-0.216887
669,10,0.971847,0.0289303
669,11,0.198177,0.936637
669,12,0.931363,0.0731252
669,13,-0.724122,0.335046
669,14,-1.48919,-0.213624
669,15,0.769524,0.274013
669,16,0.0846587,0.988252
669,17,0.603489,0.499818
669,18,-0.638231,0.452445
669,19,0.379714,0.779144
669,20,-1.10727,-0.0950581
670,1,1.38835,-0.215312
670,2,-0.675837,0.400933
670,3,0.550977,0.570326
670,4,0.638363,0.452264
670,5,-0.42143,0.732417
670,6,-1.11492,-0.100846
670,7,1.20419,-0.158174
670,8,0.0966988,0.98469
670,9,-1.40455,-0.216515
670,10,0.965185,0.0359987
670,11,0.158511,0.959179
670,12,0.899521,0.109857
670,13,-0.78958,0.247506
670,14,-1.4372,-0.217183
670,15,0.762369,0.283543
670,16,0.110783,0.979934
670,17,0.589301,0.519031
670,18,-0.606365,0.495912
670,19,0.415992,0.738688
670,20,-1.14308,-0.120995
671,1,1.50951,-0.210776
671,2,-0.808711,0.222553
671,3,0.416842,0.737712
671,4,0.786369,0.251727
671,5,-0.296049,0.861938
671,6,-1.24117,-0.176245
671,7,1.11209,-0.0987206
671,8,-0.0344376,0.99805
671,9,-1.27053,-0.188202
671,10,0.849694,0.170394
671,11,0.021197,0.999261
671,12,0.770423,0.272818
671,13,-0.886733,0.125056
671,14,-1.31582,-0.202532
671,15,0.650703,0.43537
671,16,0.266904,0.88687
671,17,0.443609,0.706316
671,18,-0.490725,0.648377
671,19,0.555516,0.564306
671,20,-1.2727,-0.189004
672,1,1.62263,-0.181792
672,2,-0.96391,0.0373611
672,3,0.221482,0.92124
672,4,0.971245,0.0295664
672,5,-0.141032,0.967602
672,6,-1.35825,-0.211498
672,7,1.05797,-0.0544954
672,8,-0.172778,0.951613
672,9,-1.12957,-0.111569
672,10,0.795744,0.239429
672,11,-0.181289,0.946808
672,12,0.635053,0.456791
672,13,-1.04215,-0.0403307
672,14,-1.15574,-0.129438
672,15,0.633903,0.458364
672,16,0.432725,0.719226
672,17,0.292985,0.864661
672,18,-0.420572,0.73341
672,19,0.698374,0.370103
672,20,-1.41726,-0.21705
673,1,1.40829,-0.216709
673,2,-0.805191,0.227118
673,3,0.387765,0.770383
673,4,0.800383,0.233373
673,5,-0.303385,0.855326
673,6,-1.15508,-0.129012
673,7,1.31766,-0.203009
673,8,0.0227932,0.999146
673,9,-1.30832,-0.200501
673,10,0.983515,0.0167534
673,11,-0.118538,0.977046
673,12,0.835323,0.188465
673,13,-0.838216,0.184806
673,14,-1.32755,-0.205436
673,15,0.884771,0.12741
673,16,0.24337,0.90538
673,17,0.429723,0.722753
673,18,-0.697035,0.371932
673,19,0.479147,0.662901
673,20,-1.2527,-0.181192
674,1,1.38409,-0.214898
674,2,-0.669867,0.409111
674,3,0.569448,0.545728
674,4,0.680395,0.394692
674,5,-0.44483,0.704855
674,6,-1.07688,-0.0706964
674,7,1.31559,-0.202471
674,8,0.110004,0.980213
674,9,-1.4273,-0.217224
674,10,0.933049,0.0712272
674,11,0.133074,0.971124
674,12,0.912439,0.0947582
674,13,-0.71432,0.348364
674,14,-1.55822,-0.200871
674,15,0.755459,0.292784
674,16,0.149773,0.963507
674,17,0.567614,0.548182
674,18,-0.665509,0.415083
674,19,0.398188,0.758852
674,20,-1.13325,-0.114175
675,1,1.36131,-0.21198
675,2,-0.639268,0.451025
675,3,0.568889,0.546477
675,4,0.614282,0.485142
675,5,-0.456377,0.690932
675,6,-1.07383,-0.0681367
675,7,1.25015,-0.180128
675,8,0.132556,0.971346
675,9,-1.46572,-0.215912
675,10,1.00812,-0.00805061
675,11,0.199965,0.935512
675,12,0.919857,0.0862074
675,13,-0.777176,0.263861
675,14,-1.50572,-0.211367
675,15,0.815511,0.21377
675,16,0.0809477,0.989256
675,17,0.649116,0.437543
675,18,-0.656384,0.427586
675,19,0.368461,0.791171
675,20,-1.11263,-0.0991293
676,1,1.34704,-0.209541
676,2,-0.624949,0.470598
676,3,0.607316,0.49462
676,4,0.599902,0.504684
676,5,-0.478713,0.663443
676,6,-1.07606,-0.0700159
676,7,1.26418,-0.185798
676,8,0.137348,0.969257
676,9,-1.44936,-0.216848
676,10,0.977743,0.0227448
676,11,0.192719,0.940016
676,12,0.938116,0.0655518
676,13,-0.703454,0.363169
676,14,-1.49874,-0.212383
676,15,0.782596,0.256699
676,16,0.0817295,0.989048
676,17,0.614524,0.484813
676,18,-0.642455,0.446664
676,19,0.374064,0.785214
676,20,-1.10338,-0.0920593
677,1,1.36678,-0.21279
677,2,-0.653181,0.431975
677,3,0.576912,0.53572
677,4,0.612957,0.486946
677,5,-0.448074,0.700964
677,6,-1.09249,-0.0834697
677,7,1.22284,-0.167705
677,8,0.12001,0.976477
677,9,-1.43243,-0.217229
677,10,0.979813,0.0205896
677,11,0.186452,0.943788
677,12,0.920061,0.0859744
677,13,-0.775593,0.265957
677,14,-1.46204,-0.21617
677,15,0.775105,0.266604
677,16,0.0869199,0.987619
677,17,0.607702,0.494095
677,18,-0.62761,0.466964
677,19,0.391715,0.766037
677,20,-1.12029,-0.104838
678,1,1.43974,-0.217138
678,2,-0.733123,0.322853
678,3,0.497194,0.640188
678,4,0.701912,0.365273
678,5,-0.368655,0.790966
678,6,-1.17074,-0.138947
678,7,1.16748,-0.136926
678,8,0.0393772,0.997451
678,9,-1.3431,-0.208784
678,10,0.909253,0.098458
678,11,0.098917,0.983983
678,12,0.843698,0.177903
678,13,-0.813906,0.215839
678,14,-1.38888,-0.215361
678,15,0.707501,0.35765
678,16,0.182703,0.945989
678,17,0.522821,0.607267
678,18,-0.553669,0.566758
678,19,0.477287,0.665218
678,20,-1.19932,-0.155543
679,1,1.61792,-0.183393
679,2,-0.931718,0.0727251
679,3,0.272917,0.881905
679,4,0.927147,0.0778934
679,5,-0.171857,0.95212
679,6,-1.34825,-0.209766
679,7,1.03004,-0.0291175
679,8,-0.151863,0.962493
679,9,-1.1536,-0.128042
679,10,0.776594,0.264632
679,11,-0.117855,0.977308
679,12,0.655358,0.428992
679,13,-1.0205,-0.0200774
679,14,-1.1899,-0.150293
679,15,0.590307,0.517671
679,16,0.398049,0.759007
679,17,0.324286,0.835775
679,18,-0.401962,0.754626
679,19,0.677985,0.397991
679,20,-1.3909,-0.215541
680,1,1.49981,-0.212234
680,2,-0.900448,0.108765
680,3,0.274789,0.88034
680,4,0.899653,0.109702
680,5,-0.206406,0.931379
680,6,-1.25841,-0.183521
680,7,1.21645,-0.164534
680,8,-0.0794899,0.989639
680,9,-1.20752,-0.15994
680,10,0.912648,0.0945155
680,11,-0.189097,0.94221
680,12,0.726354,0.332019
680,13,-0.952796,0.0493612
680,14,-1.21668,-0.164654
680,15,0.802844,0.230169
680,16,0.348974,0.811376
680,17,0.350589,0.809732
680,18,-0.581061,0.530141
680,19,0.590584,0.517298
680,20,-1.34613,-0.20937
681,1,1.38868,-0.215342
681,2,-0.708854,0.355806
681,3,0.515547,0.616685
681,4,0.726434,0.33191
681,5,-0.40315,0.753291
681,6,-1.09241,-0.0834123
681,7,1.34045,-0.208253
681,8,0.0890944,0.986994
681,9,-1.39144,-0.215587
681,10,0.961654,0.0397786
681,11,0.0192712,0.999389
681,12,0.912227,0.0950033
681,13,-0.727964,0.329836
681,14,-1.48524,-0.214085
681,15,0.821843,0.205636
681,16,0.180274,0.947392
681,17,0.505971,0.628996
681,18,-0.706468,0.359059
681,19,0.419549,0.734591
681,20,-1.17146,-0.139386
682,1,1.36942,-0.213156
682,2,-0.65581,0.428373
682,3,0.576573,0.536175
682,4,0.634209,0.457946
682,5,-0.457513,0.689551
682,6,-1.06774,-0.0629622
682,7,1.27145,-0.188544
682,8,0.126897,0.973721
682,9,-1.46338,-0.216079
682,10,0.970185,0.0306864
682,11,0.2055,0.931968
682,12,0.906907,0.101191
682,13,-0.762325,0.283602
682,14,-1.54368,-0.204263
682,15,0.772289,0.270339
682,16,0.101013,0.9833
682,17,0.629558,0.464302
682,18,-0.654718,0.429869
682,19,0.373372,0.785954
682,20,-1.11268,-0.0991688
683,1,1.34856,-0.209824
683,2,-0.618688,0.479139
683,3,0.592928,0.514129
683,4,0.598809,0.506166
683,5,-0.466849,0.678132
683,6,-1.07443,-0.0686466
683,7,1.25836,-0.183503
683,8,0.139395,0.968343
683,9,-1.4534,-0.216668
683,10,1.00167,-0.00166319
683,11,0.186976,0.943477
683,12,0.939542,0.0639626
683,13,-0.726147,0.3323
683,14,-1.4993,-0.212305
683,15,0.815071,0.214337
683,16,0.0764989,0.990401
683,17,0.639673,0.450471
683,18,-0.6498,0.436607
683,19,0.367224,0.792477
683,20,-1.10435,-0.0928081
684,1,1.35303,-0.210622
684,2,-0.638068,0.452668
684,3,0.60005,0.504484
684,4,0.600181,0.504306
684,5,-0.472681,0.670935
684,6,-1.08039,-0.0736171
684,7,1.24479,-0.177835
684,8,0.132792,0.971245
684,9,-1.44813,-0.216896
684,10,0.973965,0.0267012
684,11,0.201301,0.934664
684,12,0.930717,0.0738538
684,13,-0.739435,0.314326
684,14,-1.48525,-0.214084
684,15,0.769164,0.274491
684,16,0.0810201,0.989237
684,17,0.606702,0.495454
684,18,-0.637268,0.453763
684,19,0.379002,0.779912
684,20,-1.10754,-0.0952637
685,1,1.39307,-0.215723
685,2,-0.681555,0.393103
685,3,0.545566,0.577481
685,4,0.644807,0.443444
685,5,-0.415005,0.739821
685,6,-1.12149,-0.105719
685,7,1.20075,-0.156324
685,8,0.0903421,0.986629
685,9,-1.39534,-0.215903
685,10,0.959242,0.0423737
685,11,0.151012,0.962908
685,12,0.894212,0.116137
685,13,-0.786197,0.251954
685,14,-1.43256,-0.217228
685,15,0.756529,0.291351
685,16,0.119826,0.976548
685,17,0.582592,0.52808
685,18,-0.59949,0.505242
685,19,0.42297,0.730631
685,20,-1.14924,-0.125153
686,1,1.536,-0.20591
686,2,-0.836995,0.18635
686,3,0.386867,0.771365
686,4,0.816485,0.212516
686,5,-0.268234,0.88578
686,6,-1.26724,-0.18697
686,7,1.08838,-0.0801632
686,8,-0.0617073,0.993748
686,9,-1.24342,-0.177235
686,10,0.827544,0.198348
686,11,-0.00741516,0.99991
686,12,0.743378,0.309011
686,13,-0.918854,0.0873584
686,14,-1.28748,-0.194147
686,15,0.62915,0.46486
686,16,0.296139,0.861858
686,17,0.415434,0.73933
686,18,-0.466594,0.678445
686,19,0.583676,0.526618
686,20,-1.29995,-0.198077
687,1,1.61857,-0.183174
687,2,-0.973014,0.0277009
687,3,0.205804,0.93177
687,4,0.981739,0.0185904
687,5,-0.13148,0.971806
687,6,-1.35967,-0.211724
687,7,1.07166,-0.066301
687,8,-0.176596,0.949485
687,9,-1.12238,-0.106369
687,10,0.804335,0.22823
687,11,-0.20484,0.932394
687,12,0.630858,0.462527
687,13,-1.04649,-0.0442676
687,14,-1.14462,-0.122048
687,15,0.653299,0.431813
687,16,0.440699,0.709786
687,17,0.284269,0.872276
687,18,-0.431648,0.720493
687,19,0.700784,0.366813
687,20,-1.42463,-0.217199
688,1,1.38992,-0.215454
688,2,-0.782977,0.256196
688,3,0.415898,0.738796
688,4,0.778367,0.262285
688,5,-0.32493,0.835156
688,6,-1.13304,-0.114027
688,7,1.3383,-0.207811
688,8,0.0461756,0.996496
688,9,-1.33005,-0.206014
688,10,0.993523,0.00651858
688,11,-0.10591,0.981651
688,12,0.86271,0.154249
688,13,-0.810618,0.220085
688,14,-1.35599,-0.211126
688,15,0.897116,0.112697
688,16,0.219972,0.922285
688,17,0.445115,0.704514
688,18,-0.722742,0.336918
688,19,0.454061,0.69374
688,20,-1.23245,-0.172287
689,1,1.38211,-0.214692
689,2,-0.664947,0.415853
689,3,0.577804,0.534521
689,4,0.66914,0.410108
689,5,-0.450119,0.698504
689,6,-1.07528,-0.06936
689,7,1.3065,-0.19999
689,8,0.114018,0.978753
689,9,-1.43372,-0.217221
689,10,0.926802,0.0782851
689,11,0.155897,0.960499
689,12,0.910481,0.0970299
689,13,-0.718592,0.342555
689,14,-1.57087,-0.197632
689,15,0.741053,0.312145
689,16,0.142034,0.967144
689,17,0.58258,0.528095
689,18,-0.656364,0.427614
689,19,0.39265,0.765005
689,20,-1.12682,-0.109591
690,1,1.35814,-0.211479
690,2,-0.633576,0.458811
690,3,0.568013,0.547648
690,4,0.6096,0.491514
690,5,-0.4566,0.69066
690,6,-1.07463,-0.0688101
690,7,1.24857,-0.179457
690,8,0.134675,0.970431
690,9,-1.46415,-0.216025
690,10,1.01788,-0.0175583
690,11,0.19661,0.937616
690,12,0.925916,0.0792912
690,13,-0.775588,0.265964
690,14,-1.49982,-0.212232
690,15,0.826807,0.199288
690,16,0.0776784,0.990104
690,17,0.654131,0.430673
690,18,-0.657266,0.426378
690,19,0.36732,0.792377
690,20,-1.11189,-0.0985673
691,1,1.3468,-0.209496
691,2,-0.627372,0.46729
691,3,0.611301,0.489199
691,4,0.599275,0.505534
691,5,-0.482513,0.658697
691,6,-1.07606,-0.0700099
691,7,1.26497,-0.186099
691,8,0.1373,0.969278
691,9,-1.44996,-0.216823
691,10,0.971885,0.0288907
691,11,0.196546,0.937656
691,12,0.937509,0.0662295
691,13,-0.700312,0.367456
691,14,-1.49914,-0.212328
691,15,0.773518,0.268708
691,16,0.0819742,0.988983
691,17,0.608892,0.492476
691,18,-0.641577,0.447866
691,19,0.37471,0.784524
691,20,-1.10307,-0.0918119
692,1,1.3669,-0.212807
692,2,-0.653186,0.431968
692,3,0.574315,0.539206
692,4,0.612861,0.487077
692,5,-0.444371,0.705404
692,6,-1.09248,-0.0834663
692,7,1.22041,-0.166513
692,8,0.12002,0.976473
692,9,-1.43067,-0.217233
692,10,0.984905,0.0153204
692,11,0.185163,0.944549
692,12,0.921059,0.0848304
692,13,-0.78002,0.2601
692,14,-1.45952,-0.216331
692,15,0.780487,0.259482
692,16,0.0848787,0.988191
692,17,0.612287,0.487858
692,18,-0.627926,0.466532
692,19,0.391684,0.766071
692,20,-1.12031,-0.104848
693,1,1.44771,-0.216911
693,2,-0.742064,0.310781
693,3,0.490957,0.648084
693,4,0.710385,0.35372
693,5,-0.36166,0.798314
693,6,-1.17939,-0.144178
693,7,1.16099,-0.132832
693,8,0.0309046,0.99843
693,9,-1.33457,-0.207019
693,10,0.897759,0.111937
693,11,0.0912548,0.986358
693,12,0.834903,0.188997
693,13,-0.817656,0.21101
693,14,-1.38247,-0.21473
693,15,0.695524,0.373997
693,16,0.1933,0.93966
693,17,0.511512,0.621885
693,18,-0.545115,0.578076
693,19,0.485999,0.654327
693,20,-1.20772,-0.160045
694,1,1.63449,-0.177618
694,2,-0.950691,0.051659
694,3,0.248888,0.901174
694,4,0.948531,0.0540259
694,5,-0.151026,0.962901
694,6,-1.36489,-0.212518
694,7,1.01606,-0.0158042
694,8,-0.170173,0.953041
694,9,-1.13432,-0.114933
694,10,0.766689,0.277784
694,11,-0.140613,0.967792
694,12,0.637511,0.45343
694,13,-1.04323,-0.0413127
694,14,-1.16916,-0.137968
694,15,0.58289,0.527678
694,16,0.41754,0.736908
694,17,0.307361,0.851688
694,18,-0.387792,0.770353
694,19,0.696578,0.372556
694,20,-1.40948,-0.216765
695,1,1.48225,-0.214414
695,2,-0.894518,0.115774
695,3,0.281123,0.874977
695,4,0.889809,0.121379
695,5,-0.211996,0.927695
695,6,-1.24791,-0.179175
695,7,1.23662,-0.174203
695,8,-0.0675753,0.992505
695,9,-1.21507,-0.163836
695,10,0.924414,0.0810002
695,11,-0.19715,0.93728
695,12,0.737911,0.316383
695,13,-0.943014,0.0601076
695,14,-1.22094,-0.166774
695,15,0.82381,0.203117
695,16,0.337819,0.822571
695,17,0.354515,0.805713
695,18,-0.603434,0.499892
695,19,0.576022,0.536914
695,20,-1.33945,-0.208049
696,1,1.38384,-0.214873
696,2,-0.696577,0.372557
696,3,0.530217,0.597636
696,4,0.716502,0.345397
696,5,-0.414437,0.740472
696,6,-1.08568,-0.0779652
696,7,1.34466,-0.209087
696,8,0.0980298,0.984267
696,9,-1.40004,-0.216239
696,10,0.958921,0.0427196
696,11,0.0344016,0.998054
696,12,0.923063,0.08254
696,13,-0.716202,0.345805
696,14,-1.5071,-0.211154
696,15,0.81432,0.215305
696,16,0.172873,0.951561
696,17,0.517915,0.613625
696,18,-0.707834,0.357196
696,19,0.411867,0.743411
696,20,-1.16162,-0.133233
697,1,1.37005,-0.213241
697,2,-0.657356,0.426255
697,3,0.575049,0.538222
697,4,0.630441,0.463096
697,5,-0.456539,0.690735
697,6,-1.07075,-0.0655318
697,7,1.26302,-0.185343
697,8,0.126621,0.973835
697,9,-1.46477,-0.215981
697,10,0.971976,0.0287944
697,11,0.210221,0.928875
697,12,0.905163,0.10323
697,13,-0.770348,0.272917
697,14,-1.53903,-0.205271
697,15,0.771103,0.271913
697,16,0.0973433,0.984486
697,17,0.634451,0.457615
697,18,-0.65222,0.433292
697,19,0.37283,0.786532
697,20,-1.1142,-0.100312
698,1,1.34505,-0.209162
698,2,-0.615459,0.483539
698,3,0.59589,0.510121
698,4,0.597224,0.508313
698,5,-0.468937,0.675561
698,6,-1.07239,-0.0669233
698,7,1.26271,-0.185222
698,8,0.141554,0.967364
698,9,-1.45244,-0.216714
698,10,1.00554,-0.00551076
698,11,0.186916,0.943513
698,12,0.944062,0.0589483
698,13,-0.718693,0.342418
698,14,-1.50047,-0.21214
698,15,0.818722,0.20964
698,16,0.075387,0.990678
698,17,0.641006,0.448647
698,18,-0.651244,0.434628
698,19,0.3667,0.79303
698,20,-1.10177,-0.0908001
699,1,1.35378,-0.210752
699,2,-0.63996,0.450078
699,3,0.601663,0.502296
699,4,0.598914,0.506023
699,5,-0.472847,0.670729
699,6,-1.08057,-0.073772
699,7,1.24236,-0.176772
699,8,0.132772,0.971254
699,9,-1.44909,-0.216858
699,10,0.971241,0.0295703
699,11,0.203443,0.933295
699,12,0.929971,0.0746963
699,13,-0.742096,0.310739
699,14,-1.485,-0.214113
699,15,0.765044,0.279977
699,16,0.0800467,0.989493
699,17,0.605549,0.497021
699,18,-0.637103,0.453988
699,19,0.378388,0.780574
699,20,-1.10763,-0.0953323
