t,unit,input,output
500,1,1.46821,-0.215721
500,2,-0.612602,0.487429
500,3,-0.457039,0.690127
500,4,1.04807,-0.0456928
500,5,0.192771,0.192771
500,6,0.552733,0.567999
500,7,0.373334,0.785994
500,8,0.254367,0.896916
500,9,-1.48943,-0.213595
500,10,0.390389,0.767499
500,11,-0.623086,0.47314
500,12,1.04758,1.04758
500,13,-0.11097,0.979866
500,14,-1.28194,-1.28194
500,15,0.528669,0.599656
500,16,0.767753,0.276368
500,17,-0.236225,0.910704
500,18,0.466728,0.466728
500,19,0.765599,0.279236
500,20,-0.220904,0.92164
501,1,1.46926,-0.215637
501,2,-0.603919,0.499234
501,3,-0.458744,0.688053
501,4,1.04292,-0.0410288
501,5,0.1872,0.1872
501,6,0.547047,0.575525
501,7,0.375955,0.783189
501,8,0.2434,0.905358
501,9,-1.48805,-0.21376
501,10,0.386324,0.771959
501,11,-0.613446,0.48628
501,12,1.04183,1.04183
501,13,-0.102118,0.982935
501,14,-1.28181,-1.28181
501,15,0.525659,0.603578
501,16,0.769653,0.273841
501,17,-0.240161,0.907789
501,18,0.468482,0.468482
501,19,0.773244,0.269071
501,20,-0.21622,0.924853
502,1,1.46745,-0.21578
502,2,-0.613173,0.486652
502,3,-0.459244,0.687443
502,4,1.04892,-0.0464571
502,5,0.194692,0.194692
502,6,0.551137,0.570114
502,7,0.372481,0.786904
502,8,0.252617,0.898285
502,9,-1.4918,-0.213302
502,10,0.387001,0.771219
502,11,-0.623657,0.472361
502,12,1.04794,1.04794
502,13,-0.110239,0.980129
502,14,-1.28348,-1.28348
502,15,0.530498,0.597269
502,16,0.766543,0.277978
502,17,-0.235478,0.911252
502,18,0.46421,0.46421
502,19,0.765066,0.279947
502,20,-0.217729,0.923824
503,1,1.46679,-0.215831
503,2,-0.60733,0.494601
503,3,-0.463269,0.682525
503,4,1.04742,-0.045103
503,5,0.19225,0.19225
503,6,0.548423,0.573706
503,7,0.37246,0.786926
503,8,0.245235,0.903968
503,9,-1.49307,-0.21314
503,10,0.381524,0.777185
503,11,-0.617739,0.480432
503,12,1.04499,1.04499
503,13,-0.104372,0.982177
503,14,-1.28526,-1.28526
503,15,0.529482,0.598596
503,16,0.766363,0.278219
503,17,-0.236889,0.910215
503,18,0.462992,0.462992
503,19,0.770012,0.273363
503,20,-0.212019,0.92768
504,1,1.47689,-0.214959
504,2,-0.603397,0.499942
504,3,-0.453179,0.694808
504,4,1.04059,-0.0389042
504,5,0.186836,0.186836
504,6,0.537923,0.587545
504,7,0.381323,0.777403
504,8,0.238853,0.908762
504,9,-1.48563,-0.214041
504,10,0.391029,0.766794
504,11,-0.613874,0.485698
504,12,1.03852,1.03852
504,13,-0.0981281,0.984236
504,14,-1.27537,-1.27537
504,15,0.522576,0.607586
504,16,0.774423,0.267508
504,17,-0.244615,0.904439
504,18,0.469768,0.469768
504,19,0.775497,0.266084
504,20,-0.222573,0.920481
505,1,1.47829,-0.214822
505,2,-0.601745,0.502184
505,3,-0.448839,0.700045
505,4,1.04194,-0.0401384
505,5,0.185934,0.185934
505,6,0.545263,0.577881
505,7,0.382581,0.776038
505,8,0.246611,0.90292
505,9,-1.48086,-0.214561
505,10,0.402003,0.75458
505,11,-0.612591,0.487444
505,12,1.03647,1.03647
505,13,-0.101363,0.983185
505,14,-1.27397,-1.27397
505,15,0.518314,0.61311
505,16,0.780934,0.258892
505,17,-0.247853,0.90197
505,18,0.476287,0.476287
505,19,0.773525,0.268698
505,20,-0.235256,0.911415
506,1,1.46391,-0.216042
506,2,-0.611459,0.488985
506,3,-0.456267,0.691065
506,4,1.0472,-0.0449047
506,5,0.192741,0.192741
506,6,0.560797,0.557281
506,7,0.372315,0.787081
506,8,0.260492,0.892059
506,9,-1.48693,-0.213892
506,10,0.394831,0.762588
506,11,-0.62006,0.477268
506,12,1.0467,1.0467
506,13,-0.115355,0.978255
506,14,-1.28577,-1.28577
506,15,0.529013,0.599208
506,16,0.770377,0.272879
506,17,-0.236483,0.910514
506,18,0.472072,0.472072
506,19,0.762389,0.283518
506,20,-0.224942,0.918822
507,1,1.46405,-0.216032
507,2,-0.605791,0.496691
507,3,-0.459354,0.687309
507,4,1.04012,-0.038474
507,5,0.187929,0.187929
507,6,0.551332,0.569856
507,7,0.373137,0.786205
507,8,0.246447,0.903045
507,9,-1.48832,-0.213728
507,10,0.3847,0.773733
507,11,-0.616203,0.482525
507,12,1.04417,1.04417
507,13,-0.10643,0.981471
507,14,-1.28469,-1.28469
507,15,0.528953,0.599286
507,16,0.765371,0.27954
507,17,-0.235445,0.911276
507,18,0.46865,0.46865
507,19,0.771999,0.270724
507,20,-0.209461,0.929377
508,1,1.47962,-0.214689
508,2,-0.600591,0.50375
508,3,-0.449163,0.699654
508,4,1.03578,-0.0344733
508,5,0.181235,0.181235
508,6,0.537908,0.587563
508,7,0.384084,0.774404
508,8,0.238462,0.909052
508,9,-1.4806,-0.214588
508,10,0.395869,0.761436
508,11,-0.611386,0.489084
508,12,1.03627,1.03627
508,13,-0.0969393,0.984614
508,14,-1.27099,-1.27099
508,15,0.517889,0.613659
508,16,0.776317,0.264998
508,17,-0.246674,0.902872
508,18,0.475171,0.475171
508,19,0.780322,0.2597
508,20,-0.224999,0.918782
509,1,1.4739,-0.215239
509,2,-0.607006,0.495041
509,3,-0.450196,0.69841
509,4,1.04528,-0.0431689
509,5,0.187608,0.187608
509,6,0.553091,0.567524
509,7,0.378804,0.780125
509,8,0.255518,0.896011
509,9,-1.48164,-0.214479
509,10,0.402131,0.754437
509,11,-0.61605,0.482733
509,12,1.04137,1.04137
509,13,-0.108148,0.980872
509,14,-1.27664,-1.27664
509,15,0.521017,0.609608
509,16,0.777185,0.263848
509,17,-0.244225,0.904734
509,18,0.476133,0.476133
509,19,0.768463,0.275424
509,20,-0.235262,0.911411
510,1,1.46422,-0.216021
510,2,-0.606762,0.495372
510,3,-0.455184,0.69238
510,4,1.04192,-0.0401189
510,5,0.187444,0.187444
510,6,0.556811,0.562585
510,7,0.374096,0.78518
510,8,0.253658,0.897471
510,9,-1.48455,-0.214163
510,10,0.392849,0.764784
510,11,-0.615232,0.483849
510,12,1.04407,1.04407
510,13,-0.110304,0.980106
510,14,-1.28413,-1.28413
510,15,0.527342,0.601386
510,16,0.76963,0.273871
510,17,-0.237672,0.909637
510,18,0.473625,0.473625
510,19,0.767676,0.27647
510,20,-0.220594,0.921855
511,1,1.47092,-0.215499
511,2,-0.603548,0.499738
511,3,-0.452512,0.695615
511,4,1.03695,-0.0355555
511,5,0.183704,0.183704
511,6,0.547165,0.57537
511,7,0.378589,0.780357
511,8,0.244662,0.904403
511,9,-1.48291,-0.214343
511,10,0.392582,0.765079
511,11,-0.614548,0.484779
511,12,1.04071,1.04071
511,13,-0.103693,0.982407
511,14,-1.27773,-1.27773
511,15,0.52326,0.606698
511,16,0.770935,0.272136
511,17,-0.240195,0.907764
511,18,0.473697,0.473697
511,19,0.775408,0.266202
511,20,-0.218339,0.923407
512,1,1.47531,-0.215109
512,2,-0.604063,0.499038
512,3,-0.450366,0.698206
512,4,1.04004,-0.0384002
512,5,0.183585,0.183585
512,6,0.547556,0.574852
512,7,0.380642,0.77814
512,8,0.248018,0.901843
512,9,-1.48101,-0.214546
512,10,0.398286,0.758743
512,11,-0.613603,0.486066
512,12,1.03962,1.03962
512,13,-0.103688,0.982408
512,14,-1.27462,-1.27462
512,15,0.51976,0.611237
512,16,0.775535,0.266034
512,17,-0.24429,0.904685
512,18,0.476217,0.476217
512,19,0.774506,0.267398
512,20,-0.228384,0.916383
513,1,1.46461,-0.215993
513,2,-0.611541,0.488874
513,3,-0.456982,0.690197
513,4,1.04727,-0.044973
513,5,0.191229,0.191229
513,6,0.558817,0.559918
513,7,0.371991,0.787426
513,8,0.258509,0.893642
513,9,-1.48727,-0.213852
513,10,0.392385,0.765297
513,11,-0.620142,0.477157
513,12,1.04745,1.04745
513,13,-0.11338,0.978988
513,14,-1.28433,-1.28433
513,15,0.528741,0.599562
513,16,0.768055,0.275967
513,17,-0.236153,0.910756
513,18,0.470417,0.470417
513,19,0.764169,0.281142
513,20,-0.222135,0.920786
514,1,1.46521,-0.215949
514,2,-0.606395,0.49587
514,3,-0.45935,0.687314
514,4,1.0417,-0.0399136
514,5,0.187816,0.187816
514,6,0.550085,0.571508
514,7,0.373459,0.785861
514,8,0.245911,0.903454
514,9,-1.48875,-0.213676
514,10,0.38431,0.774158
514,11,-0.616406,0.482249
514,12,1.04473,1.04473
514,13,-0.105705,0.981721
514,14,-1.28391,-1.28391
514,15,0.528703,0.599612
514,16,0.765382,0.279526
514,17,-0.235935,0.910917
514,18,0.467579,0.467579
514,19,0.771626,0.271219
514,20,-0.210823,0.928476
515,1,1.47878,-0.214773
515,2,-0.601245,0.502863
515,3,-0.450054,0.698582
515,4,1.0374,-0.0359667
515,5,0.182337,0.182337
515,6,0.538607,0.586645
515,7,0.383304,0.775253
515,8,0.238859,0.908758
515,9,-1.48172,-0.214471
515,10,0.394884,0.76253
515,11,-0.612076,0.488146
515,12,1.03704,1.03704
515,13,-0.0973763,0.984475
515,14,-1.27211,-1.27211
515,15,0.518913,0.612334
515,16,0.775845,0.265623
515,17,-0.246037,0.903358
515,18,0.473844,0.473844
515,19,0.77888,0.261607
515,20,-0.224829,0.918901
516,1,1.47745,-0.214905
516,2,-0.603148,0.500281
516,3,-0.447158,0.702064
516,4,1.04158,-0.0398109
516,5,0.184226,0.184226
516,6,0.548606,0.573465
516,7,0.38243,0.776202
516,8,0.250576,0.899871
516,9,-1.47872,-0.21478
516,10,0.404565,0.751697
516,11,-0.612427,0.487668
516,12,1.03763,1.03763
516,13,-0.103918,0.982331
516,14,-1.27342,-1.27342
516,15,0.517823,0.613744
516,16,0.780606,0.259325
516,17,-0.247598,0.902165
516,18,0.478993,0.478993
516,19,0.772263,0.270373
516,20,-0.237675,0.909635
517,1,1.46443,-0.216006
517,2,-0.608484,0.493031
517,3,-0.453553,0.694355
517,4,1.04346,-0.0415231
517,5,0.188685,0.188685
517,6,0.56023,0.558036
517,7,0.37396,0.785326
517,8,0.258541,0.893618
517,9,-1.48351,-0.214278
517,10,0.396939,0.760245
517,11,-0.617134,0.481258
517,12,1.04478,1.04478
517,13,-0.113473,0.978954
517,14,-1.28382,-1.28382
517,15,0.526935,0.601916
517,16,0.771278,0.271682
517,17,-0.237721,0.909601
517,18,0.475223,0.475223
517,19,0.765143,0.279844
517,20,-0.225396,0.918502
518,1,1.46544,-0.215932
518,2,-0.60574,0.496761
518,3,-0.456304,0.691021
518,4,1.03871,-0.0371733
518,5,0.185748,0.185748
518,6,0.55241,0.568427
518,7,0.374659,0.784578
518,8,0.248182,0.901717
518,9,-1.48551,-0.214055
518,10,0.388724,0.76933
518,11,-0.615995,0.482808
518,12,1.0438,1.0438
518,13,-0.107422,0.981126
518,14,-1.28249,-1.28249
518,15,0.526912,0.601947
518,16,0.766966,0.277415
518,17,-0.236315,0.910637
518,18,0.471789,0.471789
518,19,0.772514,0.270041
518,20,-0.213183,0.926902
519,1,1.4736,-0.215265
519,2,-0.605215,0.497474
519,3,-0.453226,0.694752
519,4,1.03989,-0.0382564
519,5,0.184579,0.184579
519,6,0.545646,0.577376
519,7,0.378944,0.779974
519,8,0.245442,0.903811
519,9,-1.48385,-0.21424
519,10,0.392591,0.765069
519,11,-0.61532,0.483729
519,12,1.04131,1.04131
519,13,-0.103077,0.982614
519,14,-1.27604,-1.27604
519,15,0.522258,0.607999
519,16,0.771451,0.271451
519,17,-0.241644,0.906679
519,18,0.472475,0.472475
519,19,0.77517,0.266518
519,20,-0.221036,0.921549
520,1,1.47199,-0.215408
520,2,-0.606477,0.495759
520,3,-0.453354,0.694597
520,4,1.04382,-0.0418523
520,5,0.186915,0.186915
520,6,0.550111,0.571474
520,7,0.377511,0.781518
520,8,0.250555,0.899887
520,9,-1.48404,-0.214219
520,10,0.395206,0.762172
520,11,-0.615519,0.483457
520,12,1.04221,1.04221
520,13,-0.105794,0.981691
520,14,-1.27815,-1.27815
520,15,0.523214,0.606757
520,16,0.772985,0.269415
520,17,-0.242044,0.906379
520,18,0.472817,0.472817
520,19,0.770537,0.272666
520,20,-0.226476,0.917739
521,1,1.46319,-0.216092
521,2,-0.611732,0.488614
521,3,-0.459784,0.686786
521,4,1.04792,-0.045553
521,5,0.192768,0.192768
521,6,0.557008,0.562323
521,7,0.370727,0.78877
521,8,0.25549,0.896033
521,9,-1.4903,-0.213489
521,10,0.387528,0.770641
521,11,-0.621193,0.475723
521,12,1.04837,1.04837
521,13,-0.112424,0.979339
521,14,-1.28631,-1.28631
521,15,0.53095,0.596679
521,16,0.765645,0.279175
521,17,-0.234216,0.912175
521,18,0.466726,0.466726
521,19,0.764343,0.280911
521,20,-0.216795,0.924461
522,1,1.46322,-0.21609
522,2,-0.61064,0.490099
522,3,-0.464431,0.681101
522,4,1.04696,-0.0446892
522,5,0.193065,0.193065
522,6,0.55089,0.570442
522,7,0.370067,0.78947
522,8,0.247492,0.902246
522,9,-1.49448,-0.212959
522,10,0.378574,0.780374
522,11,-0.621155,0.475774
522,12,1.04842,1.04842
522,13,-0.107891,0.980962
522,14,-1.2872,-1.2872
522,15,0.532571,0.594559
522,16,0.761723,0.284407
522,17,-0.232636,0.913325
522,18,0.461389,0.461389
522,19,0.768322,0.27561
522,20,-0.206364,0.931406
523,1,1.47171,-0.215432
523,2,-0.607921,0.493797
523,3,-0.46092,0.685398
523,4,1.04613,-0.043944
523,5,0.191378,0.191378
523,6,0.541561,0.58276
523,7,0.37539,0.783795
523,8,0.241281,0.906952
523,9,-1.4925,-0.213213
523,10,0.381825,0.776859
523,11,-0.618811,0.478971
523,12,1.04407,1.04407
523,13,-0.101269,0.983216
523,14,-1.28068,-1.28068
523,15,0.527804,0.600784
523,16,0.767088,0.277253
523,17,-0.23878,0.908817
523,18,0.462209,0.462209
523,19,0.772464,0.270107
523,20,-0.212979,0.927038
524,1,1.47578,-0.215065
524,2,-0.605259,0.497415
524,3,-0.455964,0.691434
524,4,1.04619,-0.0439995
524,5,0.190141,0.190141
524,6,0.541618,0.582686
524,7,0.378919,0.780002
524,8,0.242921,0.905719
524,9,-1.48822,-0.21374
524,10,0.390631,0.767232
524,11,-0.615689,0.483226
524,12,1.04033,1.04033
524,13,-0.100179,0.983573
524,14,-1.27761,-1.27761
524,15,0.52364,0.606204
524,16,0.774338,0.26762
524,17,-0.244032,0.90488
524,18,0.467318,0.467318
524,19,0.772064,0.270638
524,20,-0.224962,0.918808
525,1,1.4683,-0.215714
525,2,-0.609919,0.491081
525,3,-0.458262,0.68864
525,4,1.04936,-0.0468464
525,5,0.194487,0.194487
525,6,0.552049,0.568906
525,7,0.373849,0.785444
525,8,0.252545,0.898341
525,9,-1.49028,-0.213491
525,10,0.390562,0.767309
525,11,-0.619997,0.477354
525,12,1.04498,1.04498
525,13,-0.108942,0.980591
525,14,-1.28399,-1.28399
525,15,0.528604,0.599741
525,16,0.771176,0.271817
525,17,-0.238659,0.908906
525,18,0.466767,0.466767
525,19,0.764846,0.280239
525,20,-0.223505,0.919831
526,1,1.46993,-0.215582
526,2,-0.603715,0.499511
526,3,-0.456778,0.690444
526,4,1.0413,-0.0395465
526,5,0.18838,0.18838
526,6,0.546059,0.576831
526,7,0.37706,0.782003
526,8,0.24329,0.905441
526,9,-1.48728,-0.213851
526,10,0.388685,0.769372
526,11,-0.614256,0.485177
526,12,1.04061,1.04061
526,13,-0.102644,0.982759
526,14,-1.28144,-1.28144
526,15,0.525824,0.603364
526,16,0.771523,0.271355
526,17,-0.240555,0.907494
526,18,0.469587,0.469587
526,19,0.772748,0.269729
526,20,-0.217734,0.923821
527,1,1.46924,-0.215639
527,2,-0.610518,0.490265
527,3,-0.457799,0.689204
527,4,1.04696,-0.044694
527,5,0.193111,0.193111
527,6,0.550854,0.57049
527,7,0.374228,0.78504
527,8,0.251811,0.898912
527,9,-1.48972,-0.213559
527,10,0.389966,0.767965
527,11,-0.621402,0.475437
527,12,1.0454,1.0454
527,13,-0.108964,0.980583
527,14,-1.28205,-1.28205
527,15,0.527852,0.600721
527,16,0.769485,0.274063
527,17,-0.237658,0.909647
527,18,0.467081,0.467081
527,19,0.767483,0.276728
527,20,-0.220268,0.92208
528,1,1.47568,-0.215074
528,2,-0.59915,0.505704
528,3,-0.452349,0.695812
528,4,1.03749,-0.0360503
528,5,0.18282,0.18282
528,6,0.541217,0.583214
528,7,0.381861,0.77682
528,8,0.239167,0.908529
528,9,-1.48221,-0.214418
528,10,0.393594,0.76396
528,11,-0.608684,0.49276
528,12,1.036,1.036
528,13,-0.0972916,0.984502
528,14,-1.27568,-1.27568
528,15,0.520009,0.610915
528,16,0.776249,0.265089
528,17,-0.246331,0.903133
528,18,0.474587,0.474587
528,19,0.778062,0.262689
528,20,-0.223715,0.919683
529,1,1.47606,-0.215039
529,2,-0.605076,0.497662
529,3,-0.447066,0.702175
529,4,1.04078,-0.0390756
529,5,0.186061,0.186061
529,6,0.548429,0.573698
529,7,0.381492,0.77722
529,8,0.251176,0.899405
529,9,-1.47973,-0.214678
529,10,0.403523,0.752871
529,11,-0.615462,0.483535
529,12,1.03904,1.03904
529,13,-0.105795,0.98169
529,14,-1.27417,-1.27417
529,15,0.519992,0.610937
529,16,0.778613,0.26196
529,17,-0.245218,0.903981
529,18,0.477558,0.477558
529,19,0.771178,0.271815
529,20,-0.234618,0.911882
530,1,1.47205,-0.215403
530,2,-0.600479,0.503901
530,3,-0.448464,0.700495
530,4,1.03708,-0.0356779
530,5,0.181613,0.181613
530,6,0.552481,0.568333
530,7,0.380801,0.777968
530,8,0.249947,0.900357
530,9,-1.47765,-0.214886
530,10,0.402161,0.754403
530,11,-0.609429,0.491747
530,12,1.03735,1.03735
530,13,-0.105054,0.981945
530,14,-1.27698,-1.27698
530,15,0.519176,0.611994
530,16,0.778136,0.262591
530,17,-0.245102,0.904069
530,18,0.481182,0.481182
530,19,0.773959,0.268123
530,20,-0.230858,0.91461
531,1,1.46189,-0.21618
531,2,-0.61347,0.486247
531,3,-0.455918,0.691489
531,4,1.04485,-0.0427865
531,5,0.191186,0.191186
531,6,0.562457,0.555069
531,7,0.370934,0.78855
531,8,0.261935,0.890901
531,9,-1.48641,-0.213952
531,10,0.393388,0.764188
531,11,-0.62274,0.473613
531,12,1.04917,1.04917
531,13,-0.117572,0.977416
531,14,-1.28526,-1.28526
531,15,0.53008,0.597815
531,16,0.766024,0.278671
531,17,-0.233087,0.912997
531,18,0.472001,0.472001
531,19,0.763276,0.282334
531,20,-0.219506,0.922606
532,1,1.46609,-0.215884
532,2,-0.604126,0.498952
532,3,-0.459203,0.687493
532,4,1.03904,-0.0374793
532,5,0.184597,0.184597
532,6,0.549252,0.57261
532,7,0.374369,0.784889
532,8,0.24388,0.904995
532,9,-1.48714,-0.213866
532,10,0.384082,0.774405
532,11,-0.613863,0.485713
532,12,1.04333,1.04333
532,13,-0.103628,0.982429
532,14,-1.28239,-1.28239
532,15,0.526532,0.602441
532,16,0.765258,0.27969
532,17,-0.23695,0.91017
532,18,0.469415,0.469415
532,19,0.775363,0.266261
532,20,-0.209124,0.929599
533,1,1.47853,-0.214799
533,2,-0.603661,0.499584
533,3,-0.449302,0.699488
533,4,1.03844,-0.0369263
533,5,0.182778,0.182778
533,6,0.539896,0.584951
533,7,0.382698,0.775911
533,8,0.241909,0.906481
533,9,-1.48143,-0.214501
533,10,0.395919,0.76138
533,11,-0.613745,0.485873
533,12,1.03871,1.03871
533,13,-0.0994169,0.983821
533,14,-1.2716,-1.2716
533,15,0.519489,0.611589
533,16,0.774832,0.266965
533,17,-0.24538,0.903858
533,18,0.473915,0.473915
533,19,0.777084,0.263983
533,20,-0.226229,0.917914
534,1,1.47565,-0.215077
534,2,-0.602816,0.500731
534,3,-0.448726,0.700181
534,4,1.04223,-0.0404032
534,5,0.184178,0.184178
534,6,0.549868,0.571795
534,7,0.381098,0.777646
534,8,0.250428,0.899986
534,9,-1.47962,-0.214689
534,10,0.402543,0.753974
534,11,-0.612199,0.487978
534,12,1.03837,1.03837
534,13,-0.103988,0.982307
534,14,-1.27493,-1.27493
534,15,0.518707,0.612601
534,16,0.779069,0.261357
534,17,-0.24647,0.903027
534,18,0.47781,0.47781
534,19,0.77213,0.27055
534,20,-0.235327,0.911363
535,1,1.46645,-0.215857
535,2,-0.607426,0.49447
535,3,-0.452012,0.696219
535,4,1.04159,-0.0398132
535,5,0.186942,0.186942
535,6,0.557082,0.562225
535,7,0.375875,0.783275
535,8,0.255668,0.895893
535,9,-1.48239,-0.214399
535,10,0.397399,0.759732
535,11,-0.61598,0.482829
535,12,1.04355,1.04355
535,13,-0.111395,0.979713
535,14,-1.28184,-1.28184
535,15,0.525639,0.603605
535,16,0.772177,0.270487
535,17,-0.239007,0.908648
535,18,0.476084,0.476084
535,19,0.767064,0.277285
535,20,-0.225842,0.918187
536,1,1.46305,-0.216102
536,2,-0.609114,0.492175
536,3,-0.458738,0.688061
536,4,1.04294,-0.0410504
536,5,0.189264,0.189264
536,6,0.556666,0.562778
536,7,0.37169,0.787746
536,8,0.252987,0.897996
536,9,-1.48814,-0.213749
536,10,0.387571,0.770595
536,11,-0.619647,0.477832
536,12,1.04683,1.04683
536,13,-0.111189,0.979787
536,14,-1.28507,-1.28507
536,15,0.529342,0.598778
536,16,0.765045,0.279975
536,17,-0.233788,0.912488
536,18,0.469202,0.469202
536,19,0.768606,0.275233
536,20,-0.21284,0.927132
537,1,1.4774,-0.21491
537,2,-0.599224,0.505603
537,3,-0.450327,0.698252
537,4,1.03397,-0.0327913
537,5,0.179151,0.179151
537,6,0.538703,0.586519
537,7,0.383424,0.775122
537,8,0.236999,0.910134
537,9,-1.48027,-0.214622
537,10,0.393437,0.764133
537,11,-0.60886,0.49252
537,12,1.0362,1.0362
537,13,-0.0961925,0.984849
537,14,-1.27242,-1.27242
537,15,0.518461,0.612919
537,16,0.774664,0.267189
537,17,-0.245963,0.903414
537,18,0.475867,0.475867
537,19,0.781391,0.258288
537,20,-0.221315,0.921356
538,1,1.46787,-0.215748
538,2,-0.614618,0.484685
538,3,-0.455999,0.691391
538,4,1.05153,-0.0487928
538,5,0.194303,0.194303
538,6,0.558725,0.56004
538,7,0.372296,0.787102
538,8,0.261974,0.89087
538,9,-1.48823,-0.213739
538,10,0.395549,0.761791
538,11,-0.624492,0.471221
538,12,1.04868,1.04868
538,13,-0.114981,0.978394
538,14,-1.28211,-1.28211
538,15,0.527877,0.600689
538,16,0.769664,0.273825
538,17,-0.236801,0.91028
538,18,0.468802,0.468802
538,19,0.761992,0.284047
538,20,-0.227866,0.916753
539,1,1.46814,-0.215727
539,2,-0.600527,0.503837
539,3,-0.456459,0.690832
539,4,1.03789,-0.0364204
539,5,0.183001,0.183001
539,6,0.546717,0.575962
539,7,0.377449,0.781585
539,8,0.241023,0.907144
539,9,-1.48463,-0.214154
539,10,0.387572,0.770593
539,11,-0.608873,0.492503
539,12,1.03963,1.03963
539,13,-0.100541,0.983455
539,14,-1.28149,-1.28149
539,15,0.524543,0.60503
539,16,0.770314,0.272963
539,17,-0.241227,0.906992
539,18,0.472466,0.472466
539,19,0.77567,0.265855
539,20,-0.215417,0.925397
540,1,1.47882,-0.21477
540,2,-0.603135,0.500297
540,3,-0.445951,0.703513
540,4,1.03705,-0.0356476
540,5,0.183135,0.183135
540,6,0.54205,0.582117
540,7,0.383779,0.774736
540,8,0.244282,0.904691
540,9,-1.47914,-0.214737
540,10,0.401158,0.755529
540,11,-0.614774,0.484472
540,12,1.03754,1.03754
540,13,-0.101362,0.983185
540,14,-1.27101,-1.27101
540,15,0.518625,0.612706
540,16,0.777709,0.263156
540,17,-0.245753,0.903574
540,18,0.476771,0.476771
540,19,0.775955,0.265477
540,20,-0.230399,0.91494
541,1,1.47261,-0.215354
541,2,-0.603841,0.499339
541,3,-0.4504,0.698165
541,4,1.04239,-0.0405471
541,5,0.184684,0.184684
541,6,0.55471,0.565375
541,7,0.379207,0.779691
541,8,0.254031,0.897179
541,9,-1.48008,-0.214642
541,10,0.402067,0.754508
541,11,-0.612673,0.487333
541,12,1.03977,1.03977
541,13,-0.107371,0.981144
541,14,-1.27752,-1.27752
541,15,0.519816,0.611165
541,16,0.7778,0.263035
541,17,-0.244454,0.90456
541,18,0.478732,0.478732
541,19,0.770911,0.272168
541,20,-0.233515,0.912686
542,1,1.47307,-0.215313
542,2,-0.599924,0.504655
542,3,-0.444795,0.704897
542,4,1.03207,-0.0310234
542,5,0.178495,0.178495
542,6,0.54865,0.573406
542,7,0.383012,0.77557
542,8,0.246953,0.902659
542,9,-1.47473,-0.215163
542,10,0.403082,0.753368
542,11,-0.608205,0.493411
542,12,1.03627,1.03627
542,13,-0.103392,0.982508
542,14,-1.27425,-1.27425
542,15,0.518811,0.612466
542,16,0.777694,0.263176
542,17,-0.245627,0.90367
542,18,0.483522,0.483522
542,19,0.775792,0.265694
542,20,-0.229592,0.915519
543,1,1.4733,-0.215293
543,2,-0.602472,0.501198
543,3,-0.44505,0.704592
543,4,1.03583,-0.0345179
543,5,0.180611,0.180611
543,6,0.554225,0.56602
543,7,0.381226,0.777508
543,8,0.25345,0.897634
543,9,-1.47535,-0.215105
543,10,0.406263,0.749779
543,11,-0.613296,0.486485
543,12,1.0387,1.0387
543,13,-0.107777,0.981002
543,14,-1.27386,-1.27386
543,15,0.517964,0.613563
543,16,0.777619,0.263274
543,17,-0.24373,0.905108
543,18,0.4828,0.4828
543,19,0.774163,0.267853
543,20,-0.232542,0.913393
544,1,1.4655,-0.215928
544,2,-0.608041,0.493633
544,3,-0.452281,0.695894
544,4,1.04022,-0.0385588
544,5,0.184016,0.184016
544,6,0.560372,0.557847
544,7,0.375186,0.784014
544,8,0.258376,0.893749
544,9,-1.48081,-0.214566
544,10,0.397612,0.759494
544,11,-0.615347,0.483692
544,12,1.04484,1.04484
544,13,-0.11315,0.979073
544,14,-1.28114,-1.28114
544,15,0.524313,0.605329
544,16,0.770194,0.273121
544,17,-0.238095,0.909324
544,18,0.478411,0.478411
544,19,0.768933,0.274799
544,20,-0.224112,0.919405
545,1,1.46837,-0.215708
545,2,-0.603816,0.499374
545,3,-0.451894,0.696362
545,4,1.03582,-0.0345088
545,5,0.181262,0.181262
545,6,0.550827,0.570525
545,7,0.377376,0.781663
545,8,0.247581,0.902178
545,9,-1.48088,-0.214559
545,10,0.393227,0.764367
545,11,-0.613166,0.486662
545,12,1.04177,1.04177
545,13,-0.105232,0.981884
545,14,-1.27816,-1.27816
545,15,0.523432,0.606474
545,16,0.768995,0.274715
545,17,-0.239424,0.908338
545,18,0.475919,0.475919
545,19,0.77488,0.266902
545,20,-0.217648,0.92388
546,1,1.4693,-0.215634
546,2,-0.609079,0.492222
546,3,-0.454597,0.693092
546,4,1.04353,-0.0415799
546,5,0.186774,0.186774
546,6,0.553054,0.567574
546,7,0.375326,0.783864
546,8,0.252801,0.898141
546,9,-1.48514,-0.214096
546,10,0.39281,0.764827
546,11,-0.618963,0.478763
546,12,1.04552,1.04552
546,13,-0.109093,0.980538
546,14,-1.27923,-1.27923
546,15,0.524988,0.604451
546,16,0.768654,0.275169
546,17,-0.237872,0.90949
546,18,0.471422,0.471422
546,19,0.770212,0.273098
546,20,-0.221261,0.921393
547,1,1.47605,-0.215039
547,2,-0.599026,0.505872
547,3,-0.449025,0.699821
547,4,1.0354,-0.0341155
547,5,0.178719,0.178719
547,6,0.54277,0.581168
547,7,0.383082,0.775493
547,8,0.240614,0.907451
547,9,-1.4786,-0.214792
547,10,0.396703,0.760508
547,11,-0.607567,0.494279
547,12,1.03628,1.03628
547,13,-0.0979465,0.984294
547,14,-1.27331,-1.27331
547,15,0.518132,0.613344
547,16,0.776239,0.265101
547,17,-0.246712,0.902843
547,18,0.47803,0.47803
547,19,0.778845,0.261653
547,20,-0.226093,0.91801
548,1,1.46584,-0.215903
548,2,-0.614227,0.485218
548,3,-0.455065,0.692524
548,4,1.04925,-0.0467513
548,5,0.193081,0.193081
548,6,0.560375,0.557842
548,7,0.372071,0.787341
548,8,0.262196,0.890691
548,9,-1.48718,-0.213863
548,10,0.395737,0.761582
548,11,-0.624347,0.471419
548,12,1.04891,1.04891
548,13,-0.116209,0.977934
548,14,-1.28305,-1.28305
548,15,0.528628,0.599709
548,16,0.768843,0.274918
548,17,-0.23536,0.911339
548,18,0.470134,0.470134
548,19,0.761819,0.284278
548,20,-0.226008,0.91807
549,1,1.46847,-0.2157
549,2,-0.600275,0.504178
549,3,-0.45626,0.691073
549,4,1.03686,-0.0354706
549,5,0.181962,0.181962
549,6,0.546974,0.575622
549,7,0.377687,0.781329
549,8,0.240827,0.907291
549,9,-1.48411,-0.214212
549,10,0.387688,0.770466
549,11,-0.609056,0.492253
549,12,1.03959,1.03959
549,13,-0.100564,0.983447
549,14,-1.28078,-1.28078
549,15,0.523818,0.605972
549,16,0.77002,0.273353
549,17,-0.240867,0.907261
549,18,0.473095,0.473095
549,19,0.776941,0.264171
549,20,-0.214453,0.926048
550,1,1.47255,-0.215359
550,2,-0.610015,0.490949
550,3,-0.452255,0.695925
550,4,1.04355,-0.0416038
550,5,0.189086,0.189086
550,6,0.548725,0.573307
550,7,0.377351,0.78169
550,8,0.251379,0.899248
550,9,-1.4852,-0.21409
550,10,0.394951,0.762455
550,11,-0.620981,0.476012
550,12,1.04425,1.04425
550,13,-0.10799,0.980927
550,14,-1.27702,-1.27702
550,15,0.524841,0.604643
550,16,0.771076,0.27195
550,17,-0.239501,0.90828
550,18,0.470808,0.470808
550,19,0.769495,0.27405
550,20,-0.224372,0.919222
551,1,1.47725,-0.214924
551,2,-0.596627,0.509122
551,3,-0.449174,0.699642
551,4,1.03606,-0.0347344
551,5,0.178982,0.178982
551,6,0.543447,0.580276
551,7,0.383785,0.774729
551,8,0.240574,0.90748
551,9,-1.47814,-0.214837
551,10,0.398885,0.758073
551,11,-0.605696,0.496821
551,12,1.03414,1.03414
551,13,-0.0969444,0.984612
551,14,-1.27344,-1.27344
551,15,0.516336,0.615667
551,16,0.779473,0.260822
551,17,-0.248783,0.901255
551,18,0.479275,0.479275
551,19,0.77955,0.260721
551,20,-0.229475,0.915603
552,1,1.47156,-0.215445
552,2,-0.608775,0.492636
552,3,-0.447304,0.70189
552,4,1.04179,-0.0399945
552,5,0.187069,0.187069
552,6,0.554869,0.565165
552,7,0.37874,0.780194
552,8,0.257616,0.894352
552,9,-1.47979,-0.214672
552,10,0.403836,0.752518
552,11,-0.618084,0.479962
552,12,1.04261,1.04261
552,13,-0.111552,0.979656
552,14,-1.27691,-1.27691
552,15,0.5228,0.607295
552,16,0.77574,0.265762
552,17,-0.241675,0.906656
552,18,0.478189,0.478189
552,19,0.766887,0.277521
552,20,-0.233673,0.912571
553,1,1.46006,-0.216297
553,2,-0.609075,0.492228
553,3,-0.460218,0.686255
553,4,1.04509,-0.042996
553,5,0.189847,0.189847
553,6,0.562283,0.5553
553,7,0.369754,0.789802
553,8,0.257189,0.894691
553,9,-1.48821,-0.213742
553,10,0.388386,0.769701
553,11,-0.618523,0.479364
553,12,1.04763,1.04763
553,13,-0.113772,0.978843
553,14,-1.28796,-1.28796
553,15,0.529896,0.598056
553,16,0.765239,0.279717
553,17,-0.233299,0.912843
553,18,0.470193,0.470193
553,19,0.766307,0.278293
553,20,-0.214544,0.925986
554,1,1.47081,-0.215509
554,2,-0.604283,0.49874
554,3,-0.454547,0.693152
554,4,1.03609,-0.0347619
554,5,0.183073,0.183073
554,6,0.543118,0.58071
554,7,0.37841,0.78055
554,8,0.240826,0.907292
554,9,-1.48464,-0.214152
554,10,0.38731,0.77088
554,11,-0.613765,0.485846
554,12,1.04147,1.04147
554,13,-0.101453,0.983155
554,14,-1.27783,-1.27783
554,15,0.524632,0.604914
554,16,0.767918,0.276148
554,17,-0.23964,0.908177
554,18,0.471426,0.471426
554,19,0.776826,0.264324
554,20,-0.21291,0.927084
555,1,1.4799,-0.21466
555,2,-0.601484,0.502539
555,3,-0.448111,0.700919
555,4,1.03958,-0.0379759
555,5,0.182453,0.182453
555,6,0.542424,0.581624
555,7,0.383351,0.775201
555,8,0.243906,0.904975
555,9,-1.4797,-0.21468
555,10,0.400367,0.756416
555,11,-0.612514,0.487549
555,12,1.03686,1.03686
555,13,-0.0992421,0.983878
555,14,-1.27079,-1.27079
555,15,0.51691,0.614926
555,16,0.778417,0.262218
555,17,-0.24753,0.902217
555,18,0.476107,0.476107
555,19,0.777257,0.263754
555,20,-0.231808,0.913924
556,1,1.47296,-0.215323
556,2,-0.604715,0.498153
556,3,-0.448309,0.700681
556,4,1.04159,-0.0398117
556,5,0.184384,0.184384
556,6,0.553054,0.567574
556,7,0.3802,0.778618
556,8,0.253799,0.897361
556,9,-1.47905,-0.214746
556,10,0.403146,0.753296
556,11,-0.612497,0.487573
556,12,1.03988,1.03988
556,13,-0.107422,0.981126
556,14,-1.27675,-1.27675
556,15,0.520361,0.610458
556,16,0.778114,0.26262
556,17,-0.244957,0.904179
556,18,0.479424,0.479424
556,19,0.76968,0.273804
556,20,-0.235244,0.911424
557,1,1.47258,-0.215356
557,2,-0.598995,0.505914
557,3,-0.445207,0.704404
557,4,1.03281,-0.0317085
557,5,0.178918,0.178918
557,6,0.550212,0.571339
557,7,0.382481,0.776146
557,8,0.2473,0.902393
557,9,-1.47501,-0.215137
557,10,0.403504,0.752892
557,11,-0.608729,0.492698
557,12,1.03607,1.03607
557,13,-0.103588,0.982442
557,14,-1.27488,-1.27488
557,15,0.518547,0.612807
557,16,0.778091,0.26265
557,17,-0.245219,0.90398
557,18,0.483071,0.483071
557,19,0.775848,0.265619
557,20,-0.229706,0.915438
558,1,1.46725,-0.215796
558,2,-0.609076,0.492227
558,3,-0.451037,0.697397
558,4,1.04122,-0.0394773
558,5,0.186154,0.186154
558,6,0.559995,0.558349
558,7,0.375596,0.783575
558,8,0.259439,0.892902
558,9,-1.48126,-0.214519
558,10,0.399897,0.756942
558,11,-0.618847,0.478922
558,12,1.04493,1.04493
558,13,-0.114193,0.978688
558,14,-1.27996,-1.27996
558,15,0.524101,0.605605
558,16,0.771479,0.271415
558,17,-0.237712,0.909608
558,18,0.477481,0.477481
558,19,0.768095,0.275913
558,20,-0.226291,0.91787
559,1,1.46239,-0.216146
559,2,-0.608774,0.492637
559,3,-0.458898,0.687866
559,4,1.04198,-0.0401719
559,5,0.186719,0.186719
559,6,0.557441,0.561747
559,7,0.371681,0.787756
559,8,0.253424,0.897655
559,9,-1.48679,-0.213908
559,10,0.387094,0.771117
559,11,-0.616858,0.481633
559,12,1.04694,1.04694
559,13,-0.110782,0.979934
559,14,-1.28483,-1.28483
559,15,0.528624,0.599715
559,16,0.764164,0.28115
559,17,-0.234533,0.911944
559,18,0.471039,0.471039
559,19,0.769528,0.274007
559,20,-0.212471,0.927378
560,1,1.47834,-0.214818
560,2,-0.598321,0.506827
560,3,-0.447633,0.701494
560,4,1.03209,-0.0310359
560,5,0.177332,0.177332
560,6,0.537517,0.588077
560,7,0.38452,0.773929
560,8,0.236187,0.910732
560,9,-1.47813,-0.214838
560,10,0.395483,0.761865
560,11,-0.608588,0.49289
560,12,1.03546,1.03546
560,13,-0.0952385,0.985146
560,14,-1.2704,-1.2704
560,15,0.517498,0.614165
560,16,0.775011,0.266729
560,17,-0.246594,0.902933
560,18,0.477099,0.477099
560,19,0.782295,0.257095
560,20,-0.222466,0.920555
561,1,1.48085,-0.214562
561,2,-0.601656,0.502305
561,3,-0.442639,0.707473
561,4,1.03905,-0.0374892
561,5,0.180586,0.180586
561,6,0.547622,0.574766
561,7,0.385384,0.772987
561,8,0.2505,0.899929
561,9,-1.47462,-0.215173
561,10,0.409876,0.745681
561,11,-0.611426,0.48903
561,12,1.03604,1.03604
561,13,-0.103048,0.982624
561,14,-1.26903,-1.26903
561,15,0.51404,0.61863
561,16,0.7832,0.255902
561,17,-0.249764,0.900499
561,18,0.482766,0.482766
561,19,0.774843,0.26695
561,20,-0.242603,0.905959
562,1,1.47065,-0.215522
562,2,-0.601742,0.502188
562,3,-0.444796,0.704895
562,4,1.03638,-0.0350245
562,5,0.179939,0.179939
562,6,0.557245,0.562009
562,7,0.381129,0.777613
562,8,0.255443,0.89607
562,9,-1.47406,-0.215224
562,10,0.407376,0.748519
562,11,-0.609086,0.492213
562,12,1.03808,1.03808
562,13,-0.10869,0.98068
562,14,-1.27661,-1.27661
562,15,0.518736,0.612564
562,16,0.779289,0.261066
562,17,-0.24528,0.903934
562,18,0.485503,0.485503
562,19,0.771079,0.271945
562,20,-0.236147,0.910761
563,1,1.47096,-0.215496
563,2,-0.600247,0.504216
563,3,-0.443464,0.706488
563,4,1.03047,-0.0295196
563,5,0.17698,0.17698
563,6,0.554068,0.566228
563,7,0.381977,0.776694
563,8,0.250996,0.899545
563,9,-1.47286,-0.215332
563,10,0.405667,0.750452
563,11,-0.610033,0.490924
563,12,1.03747,1.03747
563,13,-0.106979,0.98128
563,14,-1.2744,-1.2744
563,15,0.518297,0.613132
563,16,0.7766,0.264624
563,17,-0.24325,0.905471
563,18,0.485824,0.485824
563,19,0.775904,0.265545
563,20,-0.228903,0.916012
564,1,1.47643,-0.215003
564,2,-0.598538,0.506533
564,3,-0.441013,0.709412
564,4,1.02966,-0.0287684
564,5,0.173573,0.173573
564,6,0.551253,0.569961
564,7,0.385331,0.773045
564,8,0.249725,0.900529
564,9,-1.46995,-0.215581
564,10,0.409465,0.746147
564,11,-0.607522,0.494339
564,12,1.03526,1.03526
564,13,-0.104197,0.982236
564,14,-1.26947,-1.26947
564,15,0.513371,0.619491
564,16,0.780024,0.260094
564,17,-0.247299,0.902394
564,18,0.488865,0.488865
564,19,0.779739,0.260471
564,20,-0.234456,0.912
565,1,1.47069,-0.215518
565,2,-0.60457,0.498349
565,3,-0.443692,0.706216
565,4,1.03541,-0.0341258
565,5,0.178299,0.178299
565,6,0.55937,0.559181
565,7,0.380274,0.778539
565,8,0.259084,0.893185
565,9,-1.47273,-0.215343
565,10,0.408331,0.747435
565,11,-0.612121,0.488084
565,12,1.04068,1.04068
565,13,-0.111374,0.97972
565,14,-1.27427,-1.27427
565,15,0.518194,0.613265
565,16,0.776171,0.265191
565,17,-0.243168,0.905533
565,18,0.486354,0.486354
565,19,0.771966,0.270768
565,20,-0.23438,0.912055
566,1,1.47116,-0.215479
566,2,-0.59904,0.505853
566,3,-0.443593,0.706335
566,4,1.02989,-0.0289797
566,5,0.173774,0.173774
566,6,0.553841,0.56653
566,7,0.382237,0.776411
566,8,0.249988,0.900326
566,9,-1.47157,-0.215444
566,10,0.404885,0.751335
566,11,-0.607187,0.494794
566,12,1.0374,1.0374
566,13,-0.105272,0.98187
566,14,-1.2734,-1.2734
566,15,0.516862,0.614987
566,16,0.775716,0.265794
566,17,-0.244243,0.904721
566,18,0.486814,0.486814
566,19,0.777887,0.26292
566,20,-0.228517,0.916288
567,1,1.4648,-0.215978
567,2,-0.611322,0.489172
567,3,-0.451141,0.697271
567,4,1.04147,-0.0397101
567,5,0.184777,0.184777
567,6,0.562974,0.554378
567,7,0.373808,0.785488
567,8,0.262259,0.89064
567,9,-1.4809,-0.214557
567,10,0.398735,0.758241
567,11,-0.62026,0.476996
567,12,1.04785,1.04785
567,13,-0.116517,0.977817
567,14,-1.2803,-1.2803
567,15,0.5253,0.604046
567,16,0.767732,0.276396
567,17,-0.235257,0.911414
567,18,0.477214,0.477214
567,19,0.766991,0.277382
567,20,-0.223884,0.919565
568,1,1.46857,-0.215692
568,2,-0.601674,0.50228
568,3,-0.452997,0.695029
568,4,1.03495,-0.0337044
568,5,0.178256,0.178256
568,6,0.550098,0.57149
568,7,0.378022,0.780968
568,8,0.244866,0.904248
568,9,-1.48042,-0.214607
568,10,0.391356,0.766433
568,11,-0.609666,0.491425
568,12,1.04096,1.04096
568,13,-0.102902,0.982673
568,14,-1.27803,-1.27803
568,15,0.521994,0.608341
568,16,0.768841,0.274921
568,17,-0.2404,0.907611
568,18,0.476688,0.476688
568,19,0.777457,0.263489
568,20,-0.216321,0.924784
569,1,1.47677,-0.214971
569,2,-0.603822,0.499365
569,3,-0.445971,0.703489
569,4,1.03679,-0.0354061
569,5,0.180217,0.180217
569,6,0.545662,0.577355
569,7,0.382532,0.776092
569,8,0.246992,0.902629
569,9,-1.47765,-0.214885
569,10,0.400998,0.755708
569,11,-0.613762,0.48585
569,12,1.03934,1.03934
569,13,-0.102935,0.982662
569,14,-1.27115,-1.27115
569,15,0.51853,0.61283
569,16,0.775313,0.266328
569,17,-0.244576,0.904468
569,18,0.478303,0.478303
569,19,0.775733,0.265771
569,20,-0.229556,0.915545
570,1,1.46371,-0.216056
570,2,-0.612104,0.488107
570,3,-0.457646,0.689389
570,4,1.04924,-0.0467423
570,5,0.190821,0.190821
570,6,0.562693,0.554754
570,7,0.370986,0.788495
570,8,0.261423,0.891313
570,9,-1.48728,-0.213851
570,10,0.39316,0.76444
570,11,-0.620812,0.476243
570,12,1.04879,1.04879
570,13,-0.115332,0.978263
570,14,-1.28498,-1.28498
570,15,0.528219,0.600243
570,16,0.767809,0.276294
570,17,-0.235239,0.911427
570,18,0.470668,0.470668
570,19,0.763361,0.28222
570,20,-0.223463,0.91986
571,1,1.47078,-0.215511
571,2,-0.600046,0.504489
571,3,-0.4525,0.69563
571,4,1.03364,-0.0324839
571,5,0.179768,0.179768
571,6,0.543274,0.580504
571,7,0.380142,0.778681
571,8,0.238642,0.908919
571,9,-1.48157,-0.214486
571,10,0.389785,0.768164
571,11,-0.60875,0.49267
571,12,1.03849,1.03849
571,13,-0.0990047,0.983954
571,14,-1.27753,-1.27753
571,15,0.522708,0.607414
571,16,0.770764,0.272364
571,17,-0.242108,0.906331
571,18,0.474939,0.474939
571,19,0.778303,0.26237
571,20,-0.21566,0.925232
572,1,1.46735,-0.215788
572,2,-0.614989,0.48418
572,3,-0.457642,0.689395
572,4,1.05057,-0.0479293
572,5,0.194538,0.194538
572,6,0.556922,0.562438
572,7,0.371561,0.787883
572,8,0.259103,0.893169
572,9,-1.49018,-0.213504
572,10,0.39164,0.76612
572,11,-0.626694,0.468215
572,12,1.04968,1.04968
572,13,-0.114368,0.978623
572,14,-1.28238,-1.28238
572,15,0.529072,0.599131
572,16,0.766848,0.277573
572,17,-0.234344,0.912082
572,18,0.466023,0.466023
572,19,0.763719,0.281743
572,20,-0.221701,0.921088
573,1,1.47401,-0.215229
573,2,-0.597314,0.508192
573,3,-0.454054,0.693749
573,4,1.03581,-0.0344958
573,5,0.179636,0.179636
573,6,0.540698,0.583896
573,7,0.38165,0.777048
573,8,0.235945,0.910909
573,9,-1.48216,-0.214423
573,10,0.389808,0.768139
573,11,-0.605111,0.497615
573,12,1.03592,1.03592
573,13,-0.0952357,0.985147
573,14,-1.27673,-1.27673
573,15,0.520083,0.610819
573,16,0.774259,0.267725
573,17,-0.246006,0.903381
573,18,0.474796,0.474796
573,19,0.780212,0.259846
573,20,-0.219427,0.92266
574,1,1.46951,-0.215617
574,2,-0.614252,0.485183
574,3,-0.453407,0.694533
574,4,1.04872,-0.046271
574,5,0.194148,0.194148
574,6,0.554614,0.565504
574,7,0.374146,0.785127
574,8,0.258784,0.893424
574,9,-1.48739,-0.213837
574,10,0.39627,0.760989
574,11,-0.625537,0.469795
574,12,1.04752,1.04752
574,13,-0.113525,0.978934
574,14,-1.28022,-1.28022
574,15,0.527954,0.600588
574,16,0.770239,0.273062
574,17,-0.237002,0.910131
574,18,0.468806,0.468806
574,19,0.763012,0.282686
574,20,-0.227165,0.91725
575,1,1.4635,-0.216071
575,2,-0.605839,0.496626
575,3,-0.463032,0.682816
575,4,1.04549,-0.0433583
575,5,0.189452,0.189452
575,6,0.553947,0.566388
575,7,0.371688,0.787748
575,8,0.248077,0.901798
575,9,-1.4908,-0.213427
575,10,0.383096,0.775478
575,11,-0.614805,0.48443
575,12,1.04496,1.04496
575,13,-0.10661,0.981409
575,14,-1.2872,-1.2872
575,15,0.528929,0.599318
575,16,0.766282,0.278326
575,17,-0.236259,0.910678
575,18,0.466866,0.466866
575,19,0.770104,0.273241
575,20,-0.212082,0.927638
576,1,1.47101,-0.215492
576,2,-0.608828,0.492563
576,3,-0.456023,0.691362
576,4,1.04217,-0.0403428
576,5,0.189616,0.189616
576,6,0.543442,0.580283
576,7,0.376625,0.782471
576,8,0.244334,0.904652
576,9,-1.48851,-0.213705
576,10,0.386897,0.771332
576,11,-0.619305,0.478298
576,12,1.04395,1.04395
576,13,-0.104157,0.98225
576,14,-1.27927,-1.27927
576,15,0.52763,0.601012
576,16,0.767831,0.276265
576,17,-0.238424,0.90908
576,18,0.466756,0.466756
576,19,0.771355,0.271579
576,20,-0.215533,0.925318
577,1,1.47378,-0.21525
577,2,-0.604373,0.498617
577,3,-0.456615,0.690642
577,4,1.04551,-0.0433774
577,5,0.188789,0.188789
577,6,0.546107,0.576767
577,7,0.377558,0.781468
577,8,0.245323,0.903901
577,9,-1.48739,-0.213838
577,10,0.391312,0.766482
577,11,-0.615597,0.483352
577,12,1.04081,1.04081
577,13,-0.101964,0.982986
577,14,-1.2786,-1.2786
577,15,0.522987,0.607052
577,16,0.773464,0.26878
577,17,-0.242619,0.905947
577,18,0.468749,0.468749
577,19,0.772919,0.269503
577,20,-0.223534,0.91981
578,1,1.47296,-0.215323
578,2,-0.605768,0.496722
578,3,-0.452458,0.69568
578,4,1.04234,-0.0405004
578,5,0.18751,0.18751
578,6,0.546677,0.576015
578,7,0.379243,0.779652
578,8,0.247585,0.902175
578,9,-1.4841,-0.214212
578,10,0.395105,0.762285
578,11,-0.614277,0.485149
578,12,1.04065,1.04065
578,13,-0.104388,0.982172
578,14,-1.2782,-1.2782
578,15,0.523638,0.606207
578,16,0.774746,0.26708
578,17,-0.243258,0.905465
578,18,0.473164,0.473164
578,19,0.770547,0.272652
578,20,-0.227063,0.917323
579,1,1.46337,-0.21608
579,2,-0.611739,0.488605
579,3,-0.460186,0.686295
579,4,1.04921,-0.0467144
579,5,0.19495,0.19495
579,6,0.558191,0.56075
579,7,0.370186,0.789345
579,8,0.256812,0.894989
579,9,-1.49108,-0.213392
579,10,0.38867,0.769389
579,11,-0.622882,0.473418
579,12,1.04803,1.04803
579,13,-0.113177,0.979063
579,14,-1.2868,-1.2868
579,15,0.530992,0.596624
579,16,0.766728,0.277732
579,17,-0.234103,0.912258
579,18,0.466036,0.466036
579,19,0.763598,0.281905
579,20,-0.217816,0.923765
580,1,1.46778,-0.215755
580,2,-0.605664,0.496864
580,3,-0.460169,0.686315
580,4,1.04155,-0.0397751
580,5,0.188139,0.188139
580,6,0.545898,0.577042
580,7,0.375039,0.784172
580,8,0.242455,0.90607
580,9,-1.48975,-0.213555
580,10,0.382901,0.77569
580,11,-0.615176,0.483925
580,12,1.0433,1.0433
580,13,-0.103122,0.982599
580,14,-1.28297,-1.28297
580,15,0.527855,0.600717
580,16,0.766757,0.277694
580,17,-0.237757,0.909574
580,18,0.46687,0.46687
580,19,0.773372,0.268901
580,20,-0.210802,0.928489
581,1,1.46831,-0.215713
581,2,-0.613044,0.486827
581,3,-0.461098,0.685181
581,4,1.05034,-0.0477284
581,5,0.195684,0.195684
581,6,0.549646,0.572089
581,7,0.371935,0.787485
581,8,0.25125,0.899348
581,9,-1.49344,-0.213093
581,10,0.384913,0.7735
581,11,-0.624317,0.47146
581,12,1.04798,1.04798
581,13,-0.108751,0.980659
581,14,-1.28321,-1.28321
581,15,0.530381,0.597422
581,16,0.765788,0.278985
581,17,-0.235586,0.911173
581,18,0.461886,0.461886
581,19,0.766198,0.278439
581,20,-0.215995,0.925005
582,1,1.4709,-0.215502
582,2,-0.604706,0.498165
582,3,-0.460371,0.686069
582,4,1.04525,-0.0431491
582,5,0.189684,0.189684
582,6,0.54352,0.58018
582,7,0.376024,0.783116
582,8,0.241394,0.906867
582,9,-1.49058,-0.213454
582,10,0.384139,0.774344
582,11,-0.614318,0.485093
582,12,1.04185,1.04185
582,13,-0.10048,0.983475
582,14,-1.28184,-1.28184
582,15,0.526448,0.602551
582,16,0.769856,0.273571
582,17,-0.240891,0.907244
582,18,0.46537,0.46537
582,19,0.772724,0.269762
582,20,-0.216196,0.924868
583,1,1.47493,-0.215144
583,2,-0.606111,0.496257
583,3,-0.453395,0.694547
583,4,1.04396,-0.0419795
583,5,0.189944,0.189944
583,6,0.542903,0.580993
583,7,0.379279,0.779613
583,8,0.244745,0.90434
583,9,-1.4865,-0.213941
583,10,0.393139,0.764463
583,11,-0.61707,0.481344
583,12,1.04061,1.04061
583,13,-0.102399,0.982841
583,14,-1.27726,-1.27726
583,15,0.524112,0.60559
583,16,0.774347,0.267609
583,17,-0.243026,0.90564
583,18,0.469208,0.469208
583,19,0.771179,0.271813
583,20,-0.225462,0.918456
584,1,1.47546,-0.215095
584,2,-0.601216,0.502902
584,3,-0.451162,0.697246
584,4,1.04097,-0.0392523
584,5,0.185616,0.185616
584,6,0.546158,0.5767
584,7,0.381219,0.777516
584,8,0.245353,0.903878
584,9,-1.4821,-0.21443
584,10,0.398383,0.758634
584,11,-0.611541,0.488873
584,12,1.03704,1.03704
584,13,-0.101514,0.983135
584,14,-1.27654,-1.27654
584,15,0.51999,0.61094
584,16,0.77874,0.261791
584,17,-0.246136,0.903283
584,18,0.475483,0.475483
584,19,0.773885,0.268221
584,20,-0.230296,0.915014
585,1,1.47078,-0.215511
585,2,-0.606272,0.496039
585,3,-0.450477,0.698071
585,4,1.04108,-0.0393506
585,5,0.187344,0.187344
585,6,0.552773,0.567946
585,7,0.378369,0.780594
585,8,0.25324,0.897798
585,9,-1.48178,-0.214465
585,10,0.399582,0.757295
585,11,-0.615632,0.483304
585,12,1.04111,1.04111
585,13,-0.10874,0.980663
585,14,-1.2789,-1.2789
585,15,0.523392,0.606525
585,16,0.775359,0.266267
585,17,-0.241919,0.906473
585,18,0.476571,0.476571
585,19,0.76901,0.274695
585,20,-0.229109,0.915865
586,1,1.46194,-0.216176
586,2,-0.610636,0.490105
586,3,-0.459639,0.686962
586,4,1.04574,-0.0435903
586,5,0.191825,0.191825
586,6,0.559741,0.558687
586,7,0.370335,0.789186
586,8,0.256967,0.894866
586,9,-1.48904,-0.213642
586,10,0.38879,0.769257
586,11,-0.620679,0.476424
586,12,1.04775,1.04775
586,13,-0.113689,0.978874
586,14,-1.28677,-1.28677
586,15,0.530268,0.59757
586,16,0.765709,0.27909
586,17,-0.233621,0.912609
586,18,0.468952,0.468952
586,19,0.765654,0.279163
586,20,-0.215499,0.925341
587,1,1.46989,-0.215586
587,2,-0.60436,0.498635
587,3,-0.456851,0.690355
587,4,1.03851,-0.0369943
587,5,0.184981,0.184981
587,6,0.544449,0.578956
587,7,0.377038,0.782026
587,8,0.241676,0.906655
587,9,-1.48646,-0.213946
587,10,0.385993,0.772321
587,11,-0.613977,0.485557
587,12,1.04189,1.04189
587,13,-0.101811,0.983036
587,14,-1.27963,-1.27963
587,15,0.525377,0.603946
587,16,0.767797,0.276309
587,17,-0.239336,0.908403
587,18,0.469765,0.469765
587,19,0.775851,0.265615
587,20,-0.212644,0.927263
588,1,1.47273,-0.215343
588,2,-0.608805,0.492595
588,3,-0.45537,0.692155
588,4,1.04612,-0.0439371
588,5,0.189998,0.189998
588,6,0.547814,0.574511
588,7,0.376481,0.782625
588,8,0.249606,0.900621
588,9,-1.48735,-0.213842
588,10,0.392072,0.765643
588,11,-0.619523,0.478001
588,12,1.04387,1.04387
588,13,-0.105786,0.981693
588,14,-1.27816,-1.27816
588,15,0.524783,0.604717
588,16,0.770936,0.272136
588,17,-0.240386,0.907621
588,18,0.468378,0.468378
588,19,0.770124,0.273215
588,20,-0.223471,0.919854
589,1,1.46798,-0.215739
589,2,-0.607664,0.494147
589,3,-0.458552,0.688286
589,4,1.04644,-0.0442196
589,5,0.190178,0.190178
589,6,0.551049,0.57023
589,7,0.374366,0.784892
589,8,0.249597,0.900628
589,9,-1.48878,-0.213673
589,10,0.388556,0.769514
589,11,-0.616488,0.482137
589,12,1.04429,1.04429
589,13,-0.106575,0.981421
589,14,-1.28314,-1.28314
589,15,0.527263,0.601489
589,16,0.769613,0.273894
589,17,-0.239055,0.908612
589,18,0.468191,0.468191
589,19,0.768432,0.275464
589,20,-0.220131,0.922175
590,1,1.46689,-0.215824
590,2,-0.609468,0.491694
590,3,-0.459066,0.687661
590,4,1.04577,-0.0436198
590,5,0.192119,0.192119
590,6,0.549838,0.571835
590,7,0.373336,0.785992
590,8,0.248726,0.901299
590,9,-1.49052,-0.213461
590,10,0.386094,0.772211
590,11,-0.620117,0.477191
590,12,1.04572,1.04572
590,13,-0.107477,0.981107
590,14,-1.2837,-1.2837
590,15,0.529649,0.598377
590,16,0.766974,0.277405
590,17,-0.2363,0.910649
590,18,0.465526,0.465526
590,19,0.767912,0.276156
590,20,-0.215373,0.925426
591,1,1.46799,-0.215738
591,2,-0.608971,0.49237
591,3,-0.461608,0.684557
591,4,1.0474,-0.0450899
591,5,0.19263,0.19263
591,6,0.548567,0.573516
591,7,0.373115,0.786228
591,8,0.247029,0.902601
591,9,-1.49241,-0.213225
591,10,0.383707,0.774814
591,11,-0.619751,0.47769
591,12,1.04558,1.04558
591,13,-0.105909,0.981651
591,14,-1.28387,-1.28387
591,15,0.529038,0.599175
591,16,0.766903,0.277499
591,17,-0.23676,0.91031
591,18,0.463704,0.463704
591,19,0.76937,0.274217
591,20,-0.214096,0.926288
592,1,1.47375,-0.215252
592,2,-0.604921,0.497873
592,3,-0.456352,0.690962
592,4,1.04314,-0.041228
592,5,0.188622,0.188622
592,6,0.541756,0.582504
592,7,0.378451,0.780506
592,8,0.241697,0.90664
592,9,-1.48782,-0.213787
592,10,0.388472,0.769606
592,11,-0.614943,0.484241
592,12,1.04063,1.04063
592,13,-0.100397,0.983502
592,14,-1.27846,-1.27846
592,15,0.524635,0.604911
592,16,0.77209,0.270604
592,17,-0.242467,0.906061
592,18,0.467983,0.467983
592,19,0.773373,0.2689
592,20,-0.220065,0.922221
593,1,1.47255,-0.215359
593,2,-0.607022,0.495019
593,3,-0.455012,0.692589
593,4,1.04614,-0.0439512
593,5,0.191017,0.191017
593,6,0.548024,0.574233
593,7,0.377121,0.781938
593,8,0.249066,0.901037
593,9,-1.48713,-0.213868
593,10,0.39362,0.763931
593,11,-0.617794,0.480358
593,12,1.04203,1.04203
593,13,-0.105306,0.981858
593,14,-1.27951,-1.27951
593,15,0.524784,0.604716
593,16,0.773786,0.268353
593,17,-0.241732,0.906613
593,18,0.469399,0.469399
593,19,0.769149,0.274511
593,20,-0.226044,0.918045
594,1,1.47087,-0.215504
594,2,-0.604412,0.498565
594,3,-0.454517,0.693189
594,4,1.04211,-0.0402883
594,5,0.187763,0.187763
594,6,0.548567,0.573517
594,7,0.377813,0.781193
594,8,0.247146,0.902511
594,9,-1.48512,-0.214098
594,10,0.39321,0.764385
594,11,-0.613985,0.485547
594,12,1.04059,1.04059
594,13,-0.104511,0.98213
594,14,-1.28027,-1.28027
594,15,0.524266,0.605391
594,16,0.773717,0.268444
594,17,-0.241937,0.90646
594,18,0.472393,0.472393
594,19,0.771313,0.271635
594,20,-0.223649,0.919729
595,1,1.46603,-0.215888
595,2,-0.61085,0.489814
595,3,-0.458106,0.688829
595,4,1.04648,-0.0442622
595,5,0.192865,0.192865
595,6,0.554516,0.565633
595,7,0.372653,0.78672
595,8,0.254154,0.897083
595,9,-1.48934,-0.213606
595,10,0.389794,0.768154
595,11,-0.621345,0.475515
595,12,1.04646,1.04646
595,13,-0.111165,0.979796
595,14,-1.28412,-1.28412
595,15,0.52924,0.598911
595,16,0.768007,0.27603
595,17,-0.235936,0.910916
595,18,0.467866,0.467866
595,19,0.766006,0.278695
595,20,-0.218735,0.923135
596,1,1.46383,-0.216048
596,2,-0.61026,0.490616
596,3,-0.463765,0.681918
596,4,1.04721,-0.0449202
596,5,0.193059,0.193059
596,6,0.552139,0.568787
596,7,0.370458,0.789056
596,8,0.249335,0.90083
596,9,-1.49343,-0.213095
596,10,0.381028,0.777722
596,11,-0.620191,0.47709
596,12,1.04763,1.04763
596,13,-0.108446,0.980767
596,14,-1.28687,-1.28687
596,15,0.531497,0.595964
596,16,0.763532,0.281993
596,17,-0.233961,0.912361
596,18,0.463182,0.463182
596,19,0.768022,0.27601
596,20,-0.209536,0.929328
597,1,1.47214,-0.215395
597,2,-0.606332,0.495956
597,3,-0.458607,0.688219
597,4,1.04355,-0.0416068
597,5,0.189547,0.189547
597,6,0.541255,0.583164
597,7,0.376687,0.782404
597,8,0.240852,0.907272
597,9,-1.49005,-0.213519
597,10,0.384328,0.774138
597,11,-0.616981,0.481466
597,12,1.04255,1.04255
597,13,-0.100702,0.983402
597,14,-1.27958,-1.27958
597,15,0.526616,0.602332
597,16,0.768478,0.275403
597,17,-0.239971,0.907931
597,18,0.464901,0.464901
597,19,0.77354,0.268678
597,20,-0.214561,0.925975
598,1,1.47847,-0.214805
598,2,-0.602473,0.501196
598,3,-0.45187,0.69639
598,4,1.04271,-0.0408423
598,5,0.186649,0.186649
598,6,0.540704,0.583888
598,7,0.381904,0.776773
598,8,0.242043,0.90638
598,9,-1.48407,-0.214215
598,10,0.39574,0.761579
598,11,-0.613172,0.486654
598,12,1.03754,1.03754
598,13,-0.0987338,0.984042
598,14,-1.27435,-1.27435
598,15,0.520034,0.610883
598,16,0.77772,0.263141
598,17,-0.246771,0.902798
598,18,0.47183,0.47183
598,19,0.774834,0.266962
598,20,-0.229337,0.915702
599,1,1.47729,-0.21492
599,2,-0.600935,0.503283
599,3,-0.446476,0.702883
599,4,1.03913,-0.037565
599,5,0.183744,0.183744
599,6,0.546378,0.576409
599,7,0.383612,0.774917
599,8,0.247303,0.902391
599,9,-1.47818,-0.214833
599,10,0.40426,0.752041
599,11,-0.610288,0.490579
599,12,1.03566,1.03566
599,13,-0.102149,0.982924
599,14,-1.27396,-1.27396
599,15,0.517996,0.613521
599,16,0.781852,0.25768
599,17,-0.248452,0.901509
599,18,0.479776,0.479776
599,19,0.773246,0.269069
599,20,-0.236803,0.910278
600,1,1.46315,-0.216095
600,2,-0.611057,0.489532
600,3,-0.45509,0.692494
600,4,1.04591,-0.043742
600,5,0.191995,0.191995
600,6,0.562904,0.554472
600,7,0.372064,0.787348
600,8,0.261917,0.890916
600,9,-1.48565,-0.214039
600,10,0.396551,0.760677
600,11,-0.620913,0.476105
600,12,1.04672,1.04672
600,13,-0.116572,0.977796
600,14,-1.28545,-1.28545
600,15,0.528607,0.599737
600,16,0.770201,0.273112
600,17,-0.235586,0.911173
600,18,0.473286,0.473286
600,19,0.762769,0.28301
600,20,-0.2247,0.918992
601,1,1.46514,-0.215954
601,2,-0.604565,0.498357
601,3,-0.457952,0.689017
601,4,1.03787,-0.0364051
601,5,0.18512,0.18512
601,6,0.550824,0.570529
601,7,0.37464,0.784598
601,8,0.245671,0.903637
601,9,-1.48624,-0.213971
601,10,0.386109,0.772195
601,11,-0.613997,0.485531
601,12,1.04311,1.04311
601,13,-0.105616,0.981752
601,14,-1.28315,-1.28315
601,15,0.527037,0.601784
601,16,0.766303,0.278298
601,17,-0.23669,0.910361
601,18,0.47132,0.47132
601,19,0.774077,0.267967
601,20,-0.210442,0.928728
602,1,1.46827,-0.215716
602,2,-0.612357,0.487764
602,3,-0.45891,0.687851
602,4,1.04675,-0.0444972
602,5,0.191937,0.191937
602,6,0.550646,0.570764
602,7,0.372834,0.786528
602,8,0.2518,0.898921
602,9,-1.49044,-0.213471
602,10,0.386751,0.771492
602,11,-0.623077,0.473153
602,12,1.04778,1.04778
602,13,-0.109288,0.980469
602,14,-1.28146,-1.28146
602,15,0.528764,0.599533
602,16,0.76521,0.279754
602,17,-0.235461,0.911265
602,18,0.46525,0.46525
602,19,0.768416,0.275486
602,20,-0.21546,0.925368
603,1,1.46469,-0.215987
603,2,-0.611108,0.489463
603,3,-0.465198,0.680161
603,4,1.05063,-0.047988
603,5,0.193913,0.193913
603,6,0.551314,0.56988
603,7,0.369938,0.789607
603,8,0.249326,0.900837
603,9,-1.49493,-0.212899
603,10,0.379634,0.77923
603,11,-0.620264,0.47699
603,12,1.04848,1.04848
603,13,-0.107453,0.981115
603,14,-1.2868,-1.2868
603,15,0.531581,0.595853
603,16,0.763225,0.282402
603,17,-0.234692,0.911827
603,18,0.460943,0.460943
603,19,0.767003,0.277367
603,20,-0.210998,0.928359
604,1,1.47122,-0.215474
604,2,-0.607002,0.495045
604,3,-0.459472,0.687166
604,4,1.04504,-0.0429529
604,5,0.190938,0.190938
604,6,0.540831,0.583722
604,7,0.375992,0.78315
604,8,0.240301,0.907685
604,9,-1.49153,-0.213336
604,10,0.382667,0.775945
604,11,-0.617666,0.480532
604,12,1.04331,1.04331
604,13,-0.100707,0.983401
604,14,-1.28088,-1.28088
604,15,0.528236,0.600222
604,16,0.767753,0.276368
604,17,-0.239248,0.908469
604,18,0.462922,0.462922
604,19,0.77188,0.270882
604,20,-0.213871,0.92644
605,1,1.47122,-0.215474
605,2,-0.609604,0.491509
605,3,-0.460229,0.686242
605,4,1.0507,-0.0480522
605,5,0.194916,0.194916
605,6,0.547158,0.575379
605,7,0.374431,0.784823
605,8,0.247953,0.901893
605,9,-1.49273,-0.213185
605,10,0.386964,0.77126
605,11,-0.621083,0.475873
605,12,1.04482,1.04482
605,13,-0.10544,0.981812
605,14,-1.28229,-1.28229
605,15,0.527841,0.600735
605,16,0.770313,0.272964
605,17,-0.239061,0.908608
605,18,0.462987,0.462987
605,19,0.767607,0.276563
605,20,-0.220784,0.921723
606,1,1.47511,-0.215127
606,2,-0.601576,0.502414
606,3,-0.454198,0.693575
606,4,1.04105,-0.0393212
606,5,0.186731,0.186731
606,6,0.540859,0.583685
606,7,0.380793,0.777977
606,8,0.239866,0.908009
606,9,-1.48535,-0.214072
606,10,0.391644,0.766115
606,11,-0.611064,0.489523
606,12,1.03743,1.03743
606,13,-0.0984206,0.984142
606,14,-1.27772,-1.27772
606,15,0.522523,0.607654
606,16,0.775977,0.265449
606,17,-0.245426,0.903823
606,18,0.471347,0.471347
606,19,0.774591,0.267284
606,20,-0.224036,0.919458
607,1,1.47274,-0.215343
607,2,-0.607052,0.494979
607,3,-0.452174,0.696023
607,4,1.04455,-0.042509
607,5,0.190753,0.190753
607,6,0.549942,0.571697
607,7,0.377965,0.78103
607,8,0.251611,0.899068
607,9,-1.48484,-0.214131
607,10,0.397891,0.759183
607,11,-0.6184,0.479532
607,12,1.04136,1.04136
607,13,-0.107234,0.981192
607,14,-1.27866,-1.27866
607,15,0.524,0.605735
607,16,0.775617,0.265925
607,17,-0.242005,0.906408
607,18,0.47228,0.47228
607,19,0.768426,0.275473
607,20,-0.22921,0.915793
608,1,1.4629,-0.216112
608,2,-0.610428,0.490387
608,3,-0.461075,0.68521
608,4,1.04752,-0.0451941
608,5,0.193235,0.193235
608,6,0.557929,0.561098
608,7,0.370764,0.788731
608,8,0.255447,0.896066
608,9,-1.49062,-0.213449
608,10,0.387546,0.770622
608,11,-0.619674,0.477794
608,12,1.04714,1.04714
608,13,-0.112434,0.979335
608,14,-1.28754,-1.28754
608,15,0.530433,0.597353
608,16,0.767027,0.277335
608,17,-0.234883,0.911688
608,18,0.46774,0.46774
608,19,0.765164,0.279816
608,20,-0.216674,0.924543
609,1,1.47097,-0.215495
609,2,-0.603499,0.499804
609,3,-0.455802,0.69163
609,4,1.03811,-0.036626
609,5,0.18578,0.18578
609,6,0.54274,0.581209
609,7,0.377952,0.781044
609,8,0.240453,0.907571
609,9,-1.48615,-0.213982
609,10,0.387158,0.771047
609,11,-0.61384,0.485744
609,12,1.04049,1.04049
609,13,-0.100683,0.983408
609,14,-1.27906,-1.27906
609,15,0.525181,0.604199
609,16,0.769432,0.274135
609,17,-0.24046,0.907566
609,18,0.469843,0.469843
609,19,0.775802,0.265681
609,20,-0.21408,0.926299
610,1,1.47445,-0.215188
610,2,-0.607064,0.494961
610,3,-0.453832,0.694018
610,4,1.04496,-0.0428804
610,5,0.189112,0.189112
610,6,0.547109,0.575444
610,7,0.37812,0.780863
610,8,0.248915,0.901153
610,9,-1.48585,-0.214016
610,10,0.394725,0.762706
610,11,-0.618079,0.479969
610,12,1.04198,1.04198
610,13,-0.104877,0.982005
610,14,-1.27696,-1.27696
610,15,0.522905,0.607158
610,16,0.773619,0.268574
610,17,-0.24219,0.906269
610,18,0.470412,0.470412
610,19,0.771369,0.271561
610,20,-0.226394,0.917797
611,1,1.47284,-0.215333
611,2,-0.602868,0.50066
611,3,-0.452178,0.696019
611,4,1.04083,-0.0391169
611,5,0.184977,0.184977
611,6,0.547665,0.574709
611,7,0.379706,0.779152
611,8,0.246692,0.902858
611,9,-1.48238,-0.2144
611,10,0.396031,0.761256
611,11,-0.611295,0.489208
611,12,1.03901,1.03901
611,13,-0.102921,0.982667
611,14,-1.27791,-1.27791
611,15,0.521791,0.608605
611,16,0.775681,0.265841
611,17,-0.244492,0.904532
611,18,0.475198,0.475198
611,19,0.772756,0.269719
611,20,-0.227363,0.91711
612,1,1.46543,-0.215933
612,2,-0.611116,0.489452
612,3,-0.456189,0.69116
612,4,1.04615,-0.0439629
612,5,0.19223,0.19223
612,6,0.556802,0.562597
612,7,0.37271,0.786661
612,8,0.256629,0.895134
612,9,-1.48766,-0.213806
612,10,0.392579,0.765083
612,11,-0.621627,0.475132
612,12,1.0467,1.0467
612,13,-0.112813,0.979196
612,14,-1.28386,-1.28386
612,15,0.528963,0.599273
612,16,0.768597,0.275245
612,17,-0.235815,0.911005
612,18,0.469615,0.469615
612,19,0.764769,0.280343
612,20,-0.221254,0.921398
613,1,1.46632,-0.215867
613,2,-0.606075,0.496306
613,3,-0.45993,0.686607
613,4,1.0424,-0.0405542
613,5,0.188098,0.188098
613,6,0.550142,0.571432
613,7,0.37392,0.785368
613,8,0.246135,0.903283
613,9,-1.48898,-0.213649
613,10,0.384857,0.773562
613,11,-0.615857,0.482997
613,12,1.0441,1.0441
613,13,-0.105494,0.981794
613,14,-1.2837,-1.2837
613,15,0.527682,0.600943
613,16,0.766726,0.277736
613,17,-0.23695,0.91017
613,18,0.468019,0.468019
613,19,0.772138,0.270539
613,20,-0.212299,0.927493
614,1,1.47071,-0.215517
614,2,-0.609303,0.491917
614,3,-0.45732,0.689786
614,4,1.04487,-0.042799
614,5,0.190418,0.190418
614,6,0.546487,0.576265
614,7,0.375486,0.783693
614,8,0.247313,0.902383
614,9,-1.48907,-0.213638
614,10,0.387713,0.77044
614,11,-0.619655,0.477821
614,12,1.04468,1.04468
614,13,-0.105462,0.981805
614,14,-1.27997,-1.27997
614,15,0.527092,0.601712
614,16,0.768215,0.275753
614,17,-0.238502,0.909023
614,18,0.466597,0.466597
614,19,0.770383,0.272871
614,20,-0.217599,0.923913
615,1,1.46956,-0.215613
615,2,-0.607676,0.49413
615,3,-0.459448,0.687195
615,4,1.04736,-0.0450549
615,5,0.191211,0.191211
615,6,0.548735,0.573293
615,7,0.374428,0.784826
615,8,0.247826,0.90199
615,9,-1.49013,-0.21351
615,10,0.387253,0.770943
615,11,-0.617779,0.480378
615,12,1.04415,1.04415
615,13,-0.105079,0.981936
615,14,-1.28225,-1.28225
615,15,0.527048,0.601769
615,16,0.769395,0.274184
615,17,-0.239166,0.90853
615,18,0.466051,0.466051
615,19,0.769478,0.274073
615,20,-0.219035,0.92293
616,1,1.47812,-0.214839
616,2,-0.599481,0.505254
616,3,-0.449365,0.699411
616,4,1.0369,-0.035504
616,5,0.182548,0.182548
616,6,0.538546,0.586726
616,7,0.383931,0.774571
616,8,0.238181,0.90926
616,9,-1.48093,-0.214554
616,10,0.396121,0.761156
616,11,-0.609367,0.491831
616,12,1.03532,1.03532
616,13,-0.0966186,0.984715
616,14,-1.27337,-1.27337
616,15,0.519198,0.611966
616,16,0.778048,0.262707
616,17,-0.247562,0.902193
616,18,0.475249,0.475249
616,19,0.777775,0.263067
616,20,-0.22717,0.917247
617,1,1.46888,-0.215668
617,2,-0.611177,0.489369
617,3,-0.454241,0.693523
617,4,1.04875,-0.0462979
617,5,0.193176,0.193176
617,6,0.557656,0.561462
617,7,0.374371,0.784887
617,8,0.259463,0.892882
617,9,-1.48645,-0.213947
617,10,0.397993,0.75907
617,11,-0.621934,0.474712
617,12,1.0455,1.0455
617,13,-0.113287,0.979022
617,14,-1.28179,-1.28179
617,15,0.526194,0.602882
617,16,0.7731,0.269262
617,17,-0.238719,0.908862
617,18,0.471393,0.471393
617,19,0.763797,0.281639
617,20,-0.229689,0.915449
618,1,1.46226,-0.216155
618,2,-0.607535,0.494322
618,3,-0.461077,0.685206
618,4,1.04334,-0.0414148
618,5,0.189576,0.189576
618,6,0.554833,0.565212
618,7,0.371715,0.787719
618,8,0.250125,0.90022
618,9,-1.48951,-0.213586
618,10,0.384566,0.773879
618,11,-0.615942,0.482882
618,12,1.04561,1.04561
618,13,-0.108933,0.980595
618,14,-1.28719,-1.28719
618,15,0.530155,0.597717
618,16,0.76555,0.279302
618,17,-0.235215,0.911445
618,18,0.468553,0.468553
618,19,0.768676,0.275139
618,20,-0.21177,0.927846
619,1,1.4663,-0.215868
619,2,-0.611587,0.488811
619,3,-0.461017,0.68528
619,4,1.04587,-0.0437024
619,5,0.19307,0.19307
619,6,0.548879,0.573103
619,7,0.371818,0.78761
619,8,0.248361,0.901579
619,9,-1.49258,-0.213203
619,10,0.382444,0.776187
619,11,-0.623138,0.473069
619,12,1.04777,1.04777
619,13,-0.108016,0.980918
619,14,-1.2837,-1.2837
619,15,0.531093,0.596492
619,16,0.763271,0.28234
619,17,-0.233822,0.912462
619,18,0.462661,0.462661
619,19,0.768742,0.275053
619,20,-0.209797,0.929155
620,1,1.47957,-0.214694
620,2,-0.598557,0.506508
620,3,-0.453061,0.694951
620,4,1.03865,-0.03712
620,5,0.182354,0.182354
620,6,0.535847,0.590268
620,7,0.383398,0.77515
620,8,0.234718,0.911809
620,9,-1.48351,-0.214278
620,10,0.391549,0.766221
620,11,-0.608733,0.492692
620,12,1.03535,1.03535
620,13,-0.0934531,0.985696
620,14,-1.27303,-1.27303
620,15,0.518364,0.613045
620,16,0.776561,0.264675
620,17,-0.247915,0.901921
620,18,0.472019,0.472019
620,19,0.780768,0.259112
620,20,-0.223546,0.919802
621,1,1.47376,-0.215252
621,2,-0.609661,0.491431
621,3,-0.450729,0.697768
621,4,1.04731,-0.0450078
621,5,0.191205,0.191205
621,6,0.551393,0.569776
621,7,0.378198,0.780779
621,8,0.25559,0.895954
621,9,-1.4841,-0.214212
621,10,0.400696,0.756047
621,11,-0.619256,0.478364
621,12,1.04275,1.04275
621,13,-0.109097,0.980536
621,14,-1.27759,-1.27759
621,15,0.523542,0.606331
621,16,0.776438,0.264838
621,17,-0.243018,0.905646
621,18,0.473062,0.473062
621,19,0.765608,0.279224
621,20,-0.234844,0.911717
622,1,1.47217,-0.215392
622,2,-0.597545,0.507878
622,3,-0.449841,0.698838
622,4,1.03554,-0.0342479
622,5,0.181032,0.181032
622,6,0.548094,0.574141
622,7,0.381424,0.777294
622,8,0.24365,0.905169
622,9,-1.47883,-0.214768
622,10,0.398416,0.758598
622,11,-0.607012,0.495033
622,12,1.03546,1.03546
622,13,-0.100832,0.983359
622,14,-1.2776,-1.2776
622,15,0.51969,0.611328
622,16,0.777884,0.262924
622,17,-0.245708,0.903608
622,18,0.479324,0.479324
622,19,0.776251,0.265085
622,20,-0.226891,0.917445
623,1,1.47513,-0.215126
623,2,-0.603873,0.499296
623,3,-0.444482,0.705272
623,4,1.03567,-0.0343705
623,5,0.182351,0.182351
623,6,0.549924,0.571721
623,7,0.382619,0.775997
623,8,0.251279,0.899325
623,9,-1.47644,-0.215002
623,10,0.405515,0.750624
623,11,-0.614183,0.485277
623,12,1.03834,1.03834
623,13,-0.106856,0.981323
623,14,-1.27316,-1.27316
623,15,0.518843,0.612425
623,16,0.778368,0.262284
623,17,-0.244497,0.904528
623,18,0.481701,0.481701
623,19,0.773427,0.268828
623,20,-0.232983,0.913073
624,1,1.47433,-0.2152
624,2,-0.598622,0.506419
624,3,-0.445164,0.704456
624,4,1.0338,-0.0326301
624,5,0.177662,0.177662
624,6,0.552364,0.568489
624,7,0.38296,0.775626
624,8,0.25,0.900316
624,9,-1.47367,-0.21526
624,10,0.406184,0.749868
624,11,-0.607465,0.494417
624,12,1.03557,1.03557
624,13,-0.104066,0.982281
624,14,-1.27345,-1.27345
624,15,0.515773,0.616394
624,16,0.779874,0.260293
624,17,-0.247031,0.902599
624,18,0.485376,0.485376
624,19,0.777043,0.264036
624,20,-0.233461,0.912725
625,1,1.4679,-0.215745
625,2,-0.607564,0.494282
625,3,-0.447366,0.701814
625,4,1.03779,-0.0363274
625,5,0.183001,0.183001
625,6,0.559044,0.559615
625,7,0.377537,0.781491
625,8,0.259067,0.893198
625,9,-1.47743,-0.214907
625,10,0.403179,0.753258
625,11,-0.615792,0.483086
625,12,1.04322,1.04322
625,13,-0.113177,0.979063
625,14,-1.27795,-1.27795
625,15,0.522636,0.607508
625,16,0.772919,0.269502
625,17,-0.239785,0.908069
625,18,0.481406,0.481406
625,19,0.768984,0.27473
625,20,-0.229028,0.915923
626,1,1.46136,-0.216215
626,2,-0.608943,0.492407
626,3,-0.457604,0.68944
626,4,1.04194,-0.0401348
626,5,0.186406,0.186406
626,6,0.560927,0.557107
626,7,0.371084,0.78839
626,8,0.256476,0.895255
626,9,-1.48556,-0.214048
626,10,0.389714,0.768242
626,11,-0.618184,0.479826
626,12,1.0476,1.0476
626,13,-0.113108,0.979088
626,14,-1.28489,-1.28489
626,15,0.52826,0.60019
626,16,0.764241,0.281046
626,17,-0.233494,0.912701
626,18,0.472237,0.472237
626,19,0.768777,0.275005
626,20,-0.21395,0.926386
627,1,1.47576,-0.215067
627,2,-0.599765,0.504869
627,3,-0.449277,0.699517
627,4,1.03221,-0.0311515
627,5,0.177043,0.177043
627,6,0.540193,0.58456
627,7,0.383014,0.775568
627,8,0.237942,0.909437
627,9,-1.47892,-0.214759
627,10,0.393402,0.764172
627,11,-0.608823,0.492571
627,12,1.03733,1.03733
627,13,-0.09734,0.984487
627,14,-1.27232,-1.27232
627,15,0.518816,0.61246
627,16,0.772615,0.269906
627,17,-0.244638,0.904421
627,18,0.477026,0.477026
627,19,0.781482,0.258169
627,20,-0.219608,0.922535
628,1,1.47385,-0.215243
628,2,-0.608373,0.493183
628,3,-0.449866,0.698808
628,4,1.04507,-0.0429828
628,5,0.186851,0.186851
628,6,0.553057,0.567569
628,7,0.378259,0.780713
628,8,0.255658,0.8959
628,9,-1.48178,-0.214464
628,10,0.401176,0.755509
628,11,-0.618505,0.479389
628,12,1.04306,1.04306
628,13,-0.108768,0.980653
628,14,-1.27547,-1.27547
628,15,0.521359,0.609165
628,16,0.774742,0.267085
628,17,-0.242319,0.906172
628,18,0.47487,0.47487
628,19,0.768966,0.274754
628,20,-0.232887,0.913142
629,1,1.46549,-0.215928
629,2,-0.605964,0.496457
629,3,-0.455524,0.691967
629,4,1.04222,-0.0403926
629,5,0.185731,0.185731
629,6,0.555635,0.564148
629,7,0.374869,0.784354
629,8,0.252078,0.898705
629,9,-1.48429,-0.214191
629,10,0.392177,0.765527
629,11,-0.613556,0.486131
629,12,1.04371,1.04371
629,13,-0.108591,0.980716
629,14,-1.28316,-1.28316
629,15,0.526033,0.603091
629,16,0.769952,0.273443
629,17,-0.238778,0.908818
629,18,0.47381,0.47381
629,19,0.769113,0.274559
629,20,-0.2211,0.921504
630,1,1.46363,-0.216062
630,2,-0.611821,0.488492
630,3,-0.459042,0.68769
630,4,1.04496,-0.0428857
630,5,0.191478,0.191478
630,6,0.554645,0.565462
630,7,0.371212,0.788255
630,8,0.252909,0.898057
630,9,-1.49004,-0.213521
630,10,0.385979,0.772336
630,11,-0.622665,0.473714
630,12,1.04853,1.04853
630,13,-0.111539,0.979661
630,14,-1.28481,-1.28481
630,15,0.531067,0.596526
630,16,0.763626,0.281867
630,17,-0.232809,0.913199
630,18,0.466227,0.466227
630,19,0.766684,0.277791
630,20,-0.212282,0.927504
631,1,1.46997,-0.215579
631,2,-0.605732,0.496771
631,3,-0.460083,0.686421
631,4,1.04342,-0.0414845
631,5,0.187684,0.187684
631,6,0.545517,0.577546
631,7,0.375363,0.783825
631,8,0.242705,0.905882
631,9,-1.4897,-0.213562
631,10,0.383716,0.774805
631,11,-0.615918,0.482914
631,12,1.04341,1.04341
631,13,-0.102171,0.982917
631,14,-1.28104,-1.28104
631,15,0.526178,0.602903
631,16,0.767298,0.276974
631,17,-0.238643,0.908918
631,18,0.466168,0.466168
631,19,0.774135,0.267889
631,20,-0.212903,0.927089
632,1,1.47246,-0.215367
632,2,-0.609057,0.492252
632,3,-0.456485,0.690801
632,4,1.0465,-0.0442736
632,5,0.19083,0.19083
632,6,0.545478,0.577598
632,7,0.37649,0.782616
632,8,0.247307,0.902388
632,9,-1.48874,-0.213678
632,10,0.389442,0.768541
632,11,-0.618854,0.478913
632,12,1.04389,1.04389
632,13,-0.104518,0.982127
632,14,-1.2791,-1.2791
632,15,0.526227,0.602839
632,16,0.770415,0.272828
632,17,-0.240426,0.907591
632,18,0.466816,0.466816
632,19,0.769504,0.274039
632,20,-0.221833,0.920996
633,1,1.4765,-0.214997
633,2,-0.599723,0.504927
633,3,-0.451274,0.69711
633,4,1.03979,-0.0381695
633,5,0.184086,0.184086
633,6,0.542145,0.581992
633,7,0.382016,0.776652
633,8,0.240837,0.907284
633,9,-1.4822,-0.214419
633,10,0.395952,0.761343
633,11,-0.610085,0.490854
633,12,1.03624,1.03624
633,13,-0.0980794,0.984251
633,14,-1.27539,-1.27539
633,15,0.519777,0.611215
633,16,0.777883,0.262925
633,17,-0.246761,0.902805
633,18,0.474189,0.474189
633,19,0.776055,0.265345
633,20,-0.227806,0.916795
634,1,1.47335,-0.215288
634,2,-0.60616,0.49619
634,3,-0.449146,0.699675
634,4,1.04209,-0.0402698
634,5,0.187426,0.187426
634,6,0.551145,0.570104
634,7,0.379785,0.779067
634,8,0.252699,0.898221
634,9,-1.48138,-0.214507
634,10,0.401524,0.755118
634,11,-0.616053,0.48273
634,12,1.04048,1.04048
634,13,-0.1078,0.980994
634,14,-1.27708,-1.27708
634,15,0.521944,0.608405
634,16,0.77732,0.26367
634,17,-0.243384,0.90537
634,18,0.476584,0.476584
634,19,0.769197,0.274446
634,20,-0.232665,0.913304
635,1,1.46896,-0.215662
635,2,-0.603138,0.500294
635,3,-0.452103,0.69611
635,4,1.039,-0.0374397
635,5,0.184627,0.184627
635,6,0.553694,0.566725
635,7,0.377746,0.781266
635,8,0.250714,0.899764
635,9,-1.48134,-0.214511
635,10,0.397183,0.759973
635,11,-0.612605,0.487426
635,12,1.04013,1.04013
635,13,-0.106887,0.981312
635,14,-1.28001,-1.28001
635,15,0.52281,0.607281
635,16,0.774111,0.267921
635,17,-0.24153,0.906765
635,18,0.477165,0.477165
635,19,0.771981,0.270747
635,20,-0.224771,0.918942
636,1,1.47084,-0.215507
636,2,-0.605013,0.497748
636,3,-0.450395,0.698171
636,4,1.03749,-0.0360532
636,5,0.18385,0.18385
636,6,0.550728,0.570656
636,7,0.378756,0.780178
636,8,0.249917,0.900381
636,9,-1.4808,-0.214567
636,10,0.397221,0.759931
636,11,-0.614657,0.484632
636,12,1.04106,1.04106
636,13,-0.106825,0.981334
636,14,-1.27735,-1.27735
636,15,0.522603,0.60755
636,16,0.772764,0.269708
636,17,-0.241002,0.907161
636,18,0.476894,0.476894
636,19,0.773006,0.269388
636,20,-0.223762,0.919651
637,1,1.4702,-0.21556
637,2,-0.605453,0.497151
637,3,-0.452605,0.695502
637,4,1.04062,-0.0389302
637,5,0.184857,0.184857
637,6,0.552698,0.568046
637,7,0.377217,0.781834
637,8,0.251423,0.899214
637,9,-1.48229,-0.214409
637,10,0.39601,0.761279
637,11,-0.615064,0.484077
637,12,1.0421,1.0421
637,13,-0.107177,0.981211
637,14,-1.27842,-1.27842
637,15,0.522771,0.607332
637,16,0.772053,0.270651
637,17,-0.240681,0.907401
637,18,0.475179,0.475179
637,19,0.772201,0.270456
637,20,-0.223933,0.919531
638,1,1.47197,-0.21541
638,2,-0.603714,0.499512
638,3,-0.450521,0.698018
638,4,1.03798,-0.0365004
638,5,0.182515,0.182515
638,6,0.548929,0.573038
638,7,0.379543,0.779328
638,8,0.247812,0.902001
638,9,-1.48054,-0.214594
638,10,0.396609,0.760612
638,11,-0.612468,0.487612
638,12,1.04025,1.04025
638,13,-0.104436,0.982155
638,14,-1.2766,-1.2766
638,15,0.521587,0.60887
638,16,0.77336,0.268917
638,17,-0.242642,0.905929
638,18,0.476741,0.476741
638,19,0.773997,0.268073
638,20,-0.224802,0.91892
639,1,1.4676,-0.215769
639,2,-0.608982,0.492354
639,3,-0.454401,0.693329
639,4,1.04408,-0.0420854
639,5,0.188304,0.188304
639,6,0.555577,0.564224
639,7,0.374605,0.784636
639,8,0.254952,0.896456
639,9,-1.48498,-0.214114
639,10,0.394294,0.763184
639,11,-0.618902,0.478847
639,12,1.04522,1.04522
639,13,-0.110595,0.980001
639,14,-1.28103,-1.28103
639,15,0.525926,0.603231
639,16,0.769702,0.273775
639,17,-0.23781,0.909535
639,18,0.472181,0.472181
639,19,0.768009,0.276027
639,20,-0.222827,0.920304
640,1,1.46503,-0.215962
640,2,-0.608579,0.492902
640,3,-0.45923,0.687461
640,4,1.04392,-0.041938
640,5,0.188635,0.188635
640,6,0.55328,0.567274
640,7,0.372836,0.786525
640,8,0.250306,0.90008
640,9,-1.48861,-0.213693
640,10,0.386274,0.772014
640,11,-0.617613,0.480605
640,12,1.04613,1.04613
640,13,-0.108493,0.98075
640,14,-1.28412,-1.28412
640,15,0.528592,0.599757
640,16,0.765798,0.278971
640,17,-0.235815,0.911005
640,18,0.468421,0.468421
640,19,0.769348,0.274246
640,20,-0.214123,0.92627
641,1,1.4761,-0.215035
641,2,-0.601226,0.502888
641,3,-0.451274,0.69711
641,4,1.03701,-0.0356048
641,5,0.182293,0.182293
641,6,0.540159,0.584606
641,7,0.381766,0.776922
641,8,0.239105,0.908575
641,9,-1.48223,-0.214416
641,10,0.39285,0.764783
641,11,-0.611688,0.488673
641,12,1.03782,1.03782
641,13,-0.0979526,0.984292
641,14,-1.27405,-1.27405
641,15,0.520587,0.610166
641,16,0.773854,0.268263
641,17,-0.244532,0.904502
641,18,0.4733,0.4733
641,19,0.77816,0.262558
641,20,-0.221671,0.921108
642,1,1.47728,-0.214922
642,2,-0.603784,0.499416
642,3,-0.447896,0.701178
642,4,1.04161,-0.0398346
642,5,0.184607,0.184607
642,6,0.547746,0.574601
642,7,0.381996,0.776673
642,8,0.249644,0.900591
642,9,-1.47976,-0.214674
642,10,0.402836,0.753644
642,11,-0.613746,0.485872
642,12,1.03846,1.03846
642,13,-0.103908,0.982334
642,14,-1.27349,-1.27349
642,15,0.518522,0.612841
642,16,0.77919,0.261197
642,17,-0.246382,0.903095
642,18,0.477453,0.477453
642,19,0.772684,0.269814
642,20,-0.235254,0.911417
643,1,1.46114,-0.216229
643,2,-0.612658,0.487353
643,3,-0.458465,0.688392
643,4,1.04846,-0.0460418
643,5,0.192974,0.192974
643,6,0.563277,0.553974
643,7,0.369991,0.789551
643,8,0.261763,0.89104
643,9,-1.48835,-0.213725
643,10,0.391879,0.765856
643,11,-0.621069,0.475893
643,12,1.04887,1.04887
643,13,-0.116662,0.977762
643,14,-1.28767,-1.28767
643,15,0.530761,0.596926
643,16,0.767199,0.277105
643,17,-0.234103,0.912258
643,18,0.470284,0.470284
643,19,0.761465,0.284752
643,20,-0.221208,0.92143
644,1,1.47501,-0.215137
644,2,-0.595241,0.510999
644,3,-0.449427,0.699336
644,4,1.02909,-0.0282295
644,5,0.176639,0.176639
644,6,0.53838,0.586944
644,7,0.383893,0.774612
644,8,0.233286,0.912853
644,9,-1.47851,-0.214801
644,10,0.392792,0.764847
644,11,-0.605563,0.497001
644,12,1.03393,1.03393
644,13,-0.0943379,0.985425
644,14,-1.27371,-1.27371
644,15,0.51872,0.612584
644,16,0.774539,0.267354
644,17,-0.24563,0.903668
644,18,0.47783,0.47783
644,19,0.783668,0.255285
644,20,-0.217416,0.924038
645,1,1.47479,-0.215157
645,2,-0.610336,0.490513
645,3,-0.44907,0.699766
645,4,1.04535,-0.0432378
645,5,0.188716,0.188716
645,6,0.553528,0.566945
645,7,0.378583,0.780364
645,8,0.257972,0.89407
645,9,-1.48202,-0.214439
645,10,0.403161,0.753278
645,11,-0.621127,0.475813
645,12,1.04361,1.04361
645,13,-0.111032,0.979844
645,14,-1.27489,-1.27489
645,15,0.521333,0.609199
645,16,0.77557,0.265988
645,17,-0.241887,0.906497
645,18,0.475247,0.475247
645,19,0.768134,0.275861
645,20,-0.234511,0.91196
646,1,1.47293,-0.215326
646,2,-0.596785,0.508909
646,3,-0.448444,0.700519
646,4,1.03393,-0.0327507
646,5,0.177315,0.177315
646,6,0.548375,0.573769
646,7,0.38254,0.776083
646,8,0.244073,0.904849
646,9,-1.47609,-0.215036
646,10,0.39983,0.757017
646,11,-0.603762,0.499447
646,12,1.0349,1.0349
646,13,-0.099967,0.983642
646,14,-1.27579,-1.27579
646,15,0.517587,0.61405
646,16,0.778166,0.26255
646,17,-0.247518,0.902226
646,18,0.482526,0.482526
646,19,0.777913,0.262886
646,20,-0.228604,0.916226
647,1,1.47653,-0.214994
647,2,-0.602153,0.50163
647,3,-0.440373,0.710173
647,4,1.03296,-0.031847
647,5,0.179277,0.179277
647,6,0.549379,0.572442
647,7,0.384497,0.773954
647,8,0.251041,0.89951
647,9,-1.47268,-0.215348
647,10,0.409643,0.745945
647,11,-0.612773,0.487196
647,12,1.03682,1.03682
647,13,-0.105861,0.981668
647,14,-1.27035,-1.27035
647,15,0.516773,0.615102
647,16,0.779944,0.2602
647,17,-0.246071,0.903332
647,18,0.48484,0.48484
647,19,0.774596,0.267279
647,20,-0.236283,0.910661
648,1,1.46622,-0.215874
648,2,-0.606179,0.496164
648,3,-0.451314,0.697061
648,4,1.04108,-0.039347
648,5,0.183812,0.183812
648,6,0.563187,0.554095
648,7,0.375585,0.783586
648,8,0.260299,0.892214
648,9,-1.47947,-0.214704
648,10,0.401334,0.755332
648,11,-0.61485,0.484369
648,12,1.04353,1.04353
648,13,-0.113674,0.97888
648,14,-1.2808,-1.2808
648,15,0.522305,0.607937
648,16,0.773048,0.269332
648,17,-0.239237,0.908477
648,18,0.480093,0.480093
648,19,0.769096,0.274582
648,20,-0.228385,0.916382
649,1,1.4715,-0.21545
649,2,-0.600168,0.504323
649,3,-0.446375,0.703004
649,4,1.02972,-0.0288165
649,5,0.175783,0.175783
649,6,0.548054,0.574194
649,7,0.382099,0.776561
649,8,0.24491,0.904215
649,9,-1.47508,-0.215131
649,10,0.398787,0.758183
649,11,-0.60778,0.493988
649,12,1.03768,1.03768
649,13,-0.102671,0.98275
649,14,-1.27426,-1.27426
649,15,0.519312,0.611818
649,16,0.773407,0.268855
649,17,-0.24359,0.905214
649,18,0.482876,0.482876
649,19,0.778522,0.26208
649,20,-0.222556,0.920493
650,1,1.4697,-0.215601
650,2,-0.608637,0.492824
650,3,-0.450363,0.698209
650,4,1.04209,-0.0402766
650,5,0.185359,0.185359
650,6,0.557449,0.561737
650,7,0.376123,0.78301
650,8,0.257842,0.894173
650,9,-1.48101,-0.214545
650,10,0.400017,0.756808
650,11,-0.619468,0.478075
650,12,1.04471,1.04471
650,13,-0.111798,0.979567
650,14,-1.2773,-1.2773
650,15,0.522776,0.607326
650,16,0.771207,0.271775
650,17,-0.238688,0.908885
650,18,0.476029,0.476029
650,19,0.769555,0.273971
650,20,-0.227066,0.917321
651,1,1.46643,-0.215858
651,2,-0.605744,0.496755
651,3,-0.455331,0.692202
651,4,1.04014,-0.0384868
651,5,0.183085,0.183085
651,6,0.554097,0.566189
651,7,0.375555,0.783619
651,8,0.250465,0.899957
651,9,-1.4834,-0.21429
651,10,0.391056,0.766764
651,11,-0.61277,0.487201
651,12,1.04387,1.04387
651,13,-0.107466,0.981111
651,14,-1.28135,-1.28135
651,15,0.524805,0.604689
651,16,0.768467,0.275418
651,17,-0.238732,0.908852
651,18,0.47453,0.47453
651,19,0.772016,0.270701
651,20,-0.218631,0.923207
652,1,1.46428,-0.216016
652,2,-0.612683,0.487319
652,3,-0.458614,0.688212
652,4,1.04608,-0.0438941
652,5,0.191186,0.191186
652,6,0.554781,0.565282
652,7,0.371102,0.788372
652,8,0.254032,0.897178
652,9,-1.48971,-0.213561
652,10,0.386569,0.771691
652,11,-0.623103,0.473117
652,12,1.04918,1.04918
652,13,-0.111596,0.97964
652,14,-1.28381,-1.28381
652,15,0.53068,0.597031
652,16,0.763269,0.282343
652,17,-0.233196,0.912918
652,18,0.466037,0.466037
652,19,0.766213,0.278418
652,20,-0.213709,0.926548
653,1,1.46753,-0.215774
653,2,-0.607357,0.494563
653,3,-0.462066,0.683998
653,4,1.04556,-0.0434251
653,5,0.189136,0.189136
653,6,0.547747,0.5746
653,7,0.37327,0.786062
653,8,0.244424,0.904584
653,9,-1.49157,-0.213332
653,10,0.381476,0.777237
653,11,-0.617298,0.481034
653,12,1.04551,1.04551
653,13,-0.103946,0.982321
653,14,-1.28334,-1.28334
653,15,0.528277,0.600167
653,16,0.765121,0.279873
653,17,-0.236601,0.910427
653,18,0.464122,0.464122
653,19,0.771943,0.270799
653,20,-0.211014,0.928349
654,1,1.46977,-0.215595
654,2,-0.611203,0.489333
654,3,-0.460058,0.686451
654,4,1.04864,-0.0462012
654,5,0.193256,0.193256
654,6,0.546077,0.576806
654,7,0.373904,0.785386
654,8,0.24717,0.902493
654,9,-1.49236,-0.213232
654,10,0.384251,0.774222
654,11,-0.621293,0.475587
654,12,1.04646,1.04646
654,13,-0.105647,0.981741
654,14,-1.28194,-1.28194
654,15,0.529418,0.598679
654,16,0.766723,0.27774
654,17,-0.23735,0.909875
654,18,0.462688,0.462688
654,19,0.767909,0.276161
654,20,-0.216309,0.924792
655,1,1.47843,-0.214808
655,2,-0.598595,0.506456
655,3,-0.452401,0.695749
655,4,1.03969,-0.0380781
655,5,0.183994,0.183994
655,6,0.537605,0.587962
655,7,0.382936,0.775653
655,8,0.236199,0.910723
655,9,-1.48356,-0.214272
655,10,0.393136,0.764466
655,11,-0.609396,0.491791
655,12,1.03523,1.03523
655,13,-0.0946273,0.985336
655,14,-1.27443,-1.27443
655,15,0.519434,0.611659
655,16,0.77778,0.263061
655,17,-0.247683,0.9021
655,18,0.472062,0.472062
655,19,0.778204,0.262501
655,20,-0.225644,0.918327
656,1,1.47245,-0.215368
656,2,-0.60955,0.491582
656,3,-0.451727,0.696564
656,4,1.04684,-0.0445804
656,5,0.191721,0.191721
656,6,0.552523,0.568278
656,7,0.377603,0.781419
656,8,0.255563,0.895976
656,9,-1.48483,-0.214131
656,10,0.399679,0.757186
656,11,-0.619598,0.477898
656,12,1.04298,1.04298
656,13,-0.110025,0.980206
656,14,-1.27907,-1.27907
656,15,0.524329,0.605309
656,16,0.776036,0.26537
656,17,-0.241794,0.906567
656,18,0.472895,0.472895
656,19,0.765545,0.279309
656,20,-0.232829,0.913184
657,1,1.4692,-0.215642
657,2,-0.601071,0.503099
657,3,-0.453469,0.694457
657,4,1.03837,-0.0368592
657,5,0.184454,0.184454
657,6,0.55061,0.570812
657,7,0.378191,0.780786
657,8,0.246417,0.903068
657,9,-1.48238,-0.2144
657,10,0.394465,0.762995
657,11,-0.61051,0.490276
657,12,1.0387,1.0387
657,13,-0.103823,0.982363
657,14,-1.28062,-1.28062
657,15,0.523038,0.606986
657,16,0.774241,0.267749
657,17,-0.24235,0.906149
657,18,0.475866,0.475866
657,19,0.773554,0.26866
657,20,-0.222427,0.920583
658,1,1.47274,-0.215343
658,2,-0.605578,0.49698
658,3,-0.449435,0.699327
658,4,1.03819,-0.0366975
658,5,0.185131,0.185131
658,6,0.549045,0.572884
658,7,0.379666,0.779195
658,8,0.249707,0.900543
658,9,-1.48102,-0.214544
658,10,0.398563,0.758434
658,11,-0.616013,0.482785
658,12,1.04065,1.04065
658,13,-0.106574,0.981421
658,14,-1.27618,-1.27618
658,15,0.522206,0.608065
658,16,0.774154,0.267864
658,17,-0.241764,0.90659
658,18,0.47639,0.47639
658,19,0.772626,0.269891
658,20,-0.225957,0.918106
659,1,1.46331,-0.216084
659,2,-0.611653,0.488721
659,3,-0.459941,0.686594
659,4,1.04811,-0.0457292
659,5,0.192083,0.192083
659,6,0.560275,0.557976
659,7,0.370348,0.789173
659,8,0.258644,0.893536
659,9,-1.48925,-0.213617
659,10,0.389617,0.768349
659,11,-0.621025,0.475952
659,12,1.04836,1.04836
659,13,-0.113952,0.978777
659,14,-1.28589,-1.28589
659,15,0.529298,0.598835
659,16,0.76627,0.278343
659,17,-0.234525,0.911949
659,18,0.468714,0.468714
659,19,0.76512,0.279875
659,20,-0.218287,0.923443
660,1,1.47503,-0.215136
660,2,-0.59815,0.507059
660,3,-0.450661,0.69785
660,4,1.03241,-0.0313343
660,5,0.178701,0.178701
660,6,0.538571,0.586692
660,7,0.382862,0.775733
660,8,0.235525,0.911218
660,9,-1.48021,-0.214629
660,10,0.391747,0.766001
660,11,-0.607095,0.49492
660,12,1.03588,1.03588
660,13,-0.0956129,0.98503
660,14,-1.2742,-1.2742
660,15,0.519983,0.610949
660,16,0.773555,0.268658
660,17,-0.245421,0.903826
660,18,0.475908,0.475908
660,19,0.781107,0.258664
660,20,-0.218692,0.923165
661,1,1.47235,-0.215377
661,2,-0.610915,0.489725
661,3,-0.451892,0.696365
661,4,1.04747,-0.045149
661,5,0.190897,0.190897
661,6,0.55419,0.566066
661,7,0.37633,0.782787
661,8,0.257539,0.894413
661,9,-1.48479,-0.214135
661,10,0.399436,0.757457
661,11,-0.622269,0.474255
661,12,1.04496,1.04496
661,13,-0.111202,0.979783
661,14,-1.27767,-1.27767
661,15,0.523876,0.605897
661,16,0.773323,0.268967
661,17,-0.240013,0.907899
661,18,0.471825,0.471825
661,19,0.766491,0.278048
661,20,-0.230976,0.914525
662,1,1.46186,-0.216182
662,2,-0.608709,0.492725
662,3,-0.461559,0.684617
662,4,1.04608,-0.0439006
662,5,0.189954,0.189954
662,6,0.557352,0.561865
662,7,0.370958,0.788525
662,8,0.253012,0.897976
662,9,-1.48973,-0.213558
662,10,0.385371,0.773001
662,11,-0.616122,0.482636
662,12,1.04679,1.04679
662,13,-0.110362,0.980085
662,14,-1.28775,-1.28775
662,15,0.530049,0.597855
662,16,0.765735,0.279056
662,17,-0.235381,0.911323
662,18,0.468507,0.468507
662,19,0.766783,0.27766
662,20,-0.214566,0.925971
663,1,1.47704,-0.214945
663,2,-0.59917,0.505677
663,3,-0.448859,0.70002
663,4,1.03281,-0.031712
663,5,0.180397,0.180397
663,6,0.536814,0.589
663,7,0.383624,0.774905
663,8,0.235411,0.911301
663,9,-1.48037,-0.214612
663,10,0.393491,0.764073
663,11,-0.610464,0.490339
663,12,1.0358,1.0358
663,13,-0.0957484,0.984988
663,14,-1.27243,-1.27243
663,15,0.519956,0.610984
663,16,0.774418,0.267514
663,17,-0.245235,0.903968
663,18,0.474717,0.474717
663,19,0.780516,0.259445
663,20,-0.220184,0.922138
664,1,1.47126,-0.21547
664,2,-0.611314,0.489182
664,3,-0.454617,0.693067
664,4,1.04988,-0.0473139
664,5,0.192119,0.192119
664,6,0.556462,0.563049
664,7,0.375052,0.784158
664,8,0.258991,0.893259
664,9,-1.48655,-0.213935
664,10,0.397987,0.759077
664,11,-0.621899,0.47476
664,12,1.04568,1.04568
664,13,-0.112213,0.979416
664,14,-1.2798,-1.2798
664,15,0.524345,0.605287
664,16,0.7733,0.268997
664,17,-0.239621,0.908191
664,18,0.471022,0.471022
664,19,0.765523,0.279338
664,20,-0.230887,0.914589
665,1,1.47105,-0.215489
665,2,-0.599366,0.505411
665,3,-0.451764,0.696518
665,4,1.03541,-0.0341266
665,5,0.180678,0.180678
665,6,0.546039,0.576857
665,7,0.380587,0.7782
665,8,0.242065,0.906363
665,9,-1.48031,-0.214618
665,10,0.393803,0.763728
665,11,-0.606563,0.495643
665,12,1.0371,1.0371
665,13,-0.10012,0.983593
665,14,-1.27823,-1.27823
665,15,0.521557,0.608909
665,16,0.774485,0.267425
665,17,-0.244698,0.904375
665,18,0.477573,0.477573
665,19,0.776273,0.265056
665,20,-0.222292,0.920677
666,1,1.47506,-0.215132
666,2,-0.604668,0.498217
666,3,-0.446314,0.703078
666,4,1.03829,-0.0367886
666,5,0.184498,0.184498
666,6,0.548848,0.573145
666,7,0.38112,0.777622
666,8,0.250406,0.900002
666,9,-1.47895,-0.214757
666,10,0.402956,0.753509
666,11,-0.616665,0.481897
666,12,1.03948,1.03948
666,13,-0.106063,0.981598
666,14,-1.27364,-1.27364
666,15,0.520178,0.610696
666,16,0.776631,0.264583
666,17,-0.243309,0.905427
666,18,0.477686,0.477686
666,19,0.772725,0.26976
666,20,-0.23088,0.914594
667,1,1.46388,-0.216044
667,2,-0.610068,0.490878
667,3,-0.45801,0.688947
667,4,1.04654,-0.0443112
667,5,0.189604,0.189604
667,6,0.561527,0.556308
667,7,0.371977,0.787441
667,8,0.259196,0.893096
667,9,-1.48669,-0.213919
667,10,0.392665,0.764987
667,11,-0.618259,0.479724
667,12,1.04699,1.04699
667,13,-0.114089,0.978726
667,14,-1.28519,-1.28519
667,15,0.527323,0.601412
667,16,0.768694,0.275116
667,17,-0.236167,0.910746
667,18,0.472351,0.472351
667,19,0.765837,0.27892
667,20,-0.221856,0.92098
668,1,1.4753,-0.21511
668,2,-0.597196,0.508351
668,3,-0.447499,0.701655
668,4,1.02966,-0.0287604
668,5,0.176648,0.176648
668,6,0.539601,0.58534
668,7,0.384092,0.774395
668,8,0.236547,0.910467
668,9,-1.47708,-0.214941
668,10,0.395437,0.761915
668,11,-0.606229,0.496097
668,12,1.03471,1.03471
668,13,-0.0960781,0.984885
668,14,-1.27268,-1.27268
668,15,0.518667,0.612653
668,16,0.774907,0.266867
668,17,-0.246182,0.903248
668,18,0.479338,0.479338
668,19,0.781652,0.257944
668,20,-0.220857,0.921673
669,1,1.46952,-0.215615
669,2,-0.612779,0.487188
669,3,-0.453081,0.694927
669,4,1.04856,-0.0461345
669,5,0.191641,0.191641
669,6,0.55901,0.55966
669,7,0.374088,0.785189
669,8,0.261812,0.891
669,9,-1.48534,-0.214074
669,10,0.39926,0.757655
669,11,-0.624102,0.471754
669,12,1.04724,1.04724
669,13,-0.114883,0.978431
669,14,-1.27963,-1.27963
669,15,0.52522,0.60415
669,16,0.771378,0.271549
669,17,-0.237493,0.90977
669,18,0.471821,0.471821
669,19,0.764598,0.28057
669,20,-0.229688,0.915451
670,1,1.46167,-0.216194
670,2,-0.607498,0.494372
670,3,-0.461547,0.684632
670,4,1.04365,-0.0416935
670,5,0.187717,0.187717
670,6,0.555618,0.56417
670,7,0.371485,0.787964
670,8,0.250319,0.900069
670,9,-1.48901,-0.213645
670,10,0.383665,0.774859
670,11,-0.614283,0.48514
670,12,1.04626,1.04626
670,13,-0.108614,0.980707
670,14,-1.28719,-1.28719
670,15,0.529711,0.598297
670,16,0.764548,0.280637
670,17,-0.235423,0.911292
670,18,0.469052,0.469052
670,19,0.769089,0.27459
670,20,-0.211544,0.927997
671,1,1.47465,-0.21517
671,2,-0.60343,0.499898
671,3,-0.451595,0.696723
671,4,1.03702,-0.0356166
671,5,0.184026,0.184026
671,6,0.540002,0.584812
671,7,0.380363,0.778441
671,8,0.239621,0.908191
671,9,-1.48366,-0.214261
671,10,0.390992,0.766834
671,11,-0.615198,0.483895
671,12,1.03968,1.03968
671,13,-0.0994187,0.98382
671,14,-1.27471,-1.27471
671,15,0.522933,0.607122
671,16,0.771047,0.271988
671,17,-0.241927,0.906467
671,18,0.470935,0.470935
671,19,0.77686,0.264278
671,20,-0.218045,0.923609
672,1,1.472,-0.215407
672,2,-0.608847,0.492538
672,3,-0.456068,0.691308
672,4,1.04856,-0.0461273
672,5,0.190424,0.190424
672,6,0.55246,0.568361
672,7,0.375876,0.783274
672,8,0.253448,0.897636
672,9,-1.48724,-0.213855
672,10,0.394378,0.763091
672,11,-0.618946,0.478788
672,12,1.04423,1.04423
672,13,-0.108179,0.980861
672,14,-1.27968,-1.27968
672,15,0.523962,0.605786
672,16,0.772855,0.269587
672,17,-0.240641,0.90743
672,18,0.469891,0.469891
672,19,0.768377,0.275538
672,20,-0.227561,0.916969
673,1,1.46873,-0.21568
673,2,-0.605114,0.497611
673,3,-0.45504,0.692555
673,4,1.04133,-0.0395755
673,5,0.186647,0.186647
673,6,0.548909,0.573063
673,7,0.376888,0.782188
673,8,0.246934,0.902673
673,9,-1.48506,-0.214106
673,10,0.390892,0.766945
673,11,-0.613098,0.486754
673,12,1.04169,1.04169
673,13,-0.104608,0.982097
673,14,-1.28119,-1.28119
673,15,0.525793,0.603403
673,16,0.771193,0.271794
673,17,-0.240871,0.907258
673,18,0.472207,0.472207
673,19,0.770741,0.272395
673,20,-0.220676,0.921799
674,1,1.47517,-0.215123
674,2,-0.601836,0.502061
674,3,-0.449443,0.699317
674,4,1.03782,-0.0363593
674,5,0.183978,0.183978
674,6,0.544772,0.578528
674,7,0.381243,0.777489
674,8,0.244061,0.904859
674,9,-1.48107,-0.214539
674,10,0.397674,0.759426
674,11,-0.613702,0.485932
674,12,1.03797,1.03797
674,13,-0.101604,0.983105
674,14,-1.27482,-1.27482
674,15,0.520512,0.610264
674,16,0.775952,0.265482
674,17,-0.243982,0.904919
674,18,0.475194,0.475194
674,19,0.775506,0.266072
674,20,-0.226056,0.918037
675,1,1.46709,-0.215808
675,2,-0.611106,0.489465
675,3,-0.456485,0.690801
675,4,1.04746,-0.0451439
675,5,0.191236,0.191236
675,6,0.557966,0.56105
675,7,0.373544,0.78577
675,8,0.258189,0.893898
675,9,-1.48703,-0.21388
675,10,0.394187,0.763303
675,11,-0.620078,0.477244
675,12,1.04644,1.04644
675,13,-0.113086,0.979096
675,14,-1.28301,-1.28301
675,15,0.526808,0.602082
675,16,0.77045,0.272781
675,17,-0.237518,0.909751
675,18,0.47138,0.47138
675,19,0.765394,0.279509
675,20,-0.224868,0.918874
676,1,1.47535,-0.215106
676,2,-0.596232,0.509657
676,3,-0.448372,0.700606
676,4,1.03127,-0.0302773
676,5,0.177598,0.177598
676,6,0.540738,0.583844
676,7,0.38389,0.774614
676,8,0.237146,0.910026
676,9,-1.47752,-0.214898
676,10,0.396127,0.761148
676,11,-0.605279,0.497387
676,12,1.03395,1.03395
676,13,-0.0959137,0.984936
676,14,-1.27363,-1.27363
676,15,0.518255,0.613185
676,16,0.776578,0.264652
676,17,-0.247146,0.902511
676,18,0.47936,0.47936
676,19,0.781059,0.258727
676,20,-0.222965,0.920207
677,1,1.47282,-0.215335
677,2,-0.609312,0.491905
677,3,-0.448628,0.700299
677,4,1.04381,-0.04184
677,5,0.188155,0.188155
677,6,0.555029,0.564953
677,7,0.378093,0.780891
677,8,0.258123,0.89395
677,9,-1.48125,-0.21452
677,10,0.403394,0.753017
677,11,-0.620355,0.476866
677,12,1.04335,1.04335
677,13,-0.11165,0.979621
677,14,-1.2762,-1.2762
677,15,0.52207,0.608242
677,16,0.775299,0.266347
677,17,-0.241099,0.907088
677,18,0.476195,0.476195
677,19,0.767769,0.276347
677,20,-0.233353,0.912804
678,1,1.45979,-0.216314
678,2,-0.610101,0.490833
678,3,-0.461349,0.684874
678,4,1.04617,-0.0439773
678,5,0.190054,0.190054
678,6,0.561739,0.556025
678,7,0.36955,0.790019
678,8,0.257222,0.894664
678,9,-1.48902,-0.213644
678,10,0.386764,0.771478
678,11,-0.617538,0.480707
678,12,1.04829,1.04829
678,13,-0.113662,0.978884
678,14,-1.28862,-1.28862
678,15,0.530525,0.597234
678,16,0.76464,0.280514
678,17,-0.233705,0.912547
678,18,0.469717,0.469717
678,19,0.765499,0.27937
678,20,-0.214498,0.926017
679,1,1.46893,-0.215664
679,2,-0.605652,0.49688
679,3,-0.456215,0.691129
679,4,1.03804,-0.03656
679,5,0.185559,0.185559
679,6,0.544034,0.579502
679,7,0.376349,0.782767
679,8,0.241643,0.90668
679,9,-1.48683,-0.213903
679,10,0.385118,0.773276
679,11,-0.616248,0.482464
679,12,1.04301,1.04301
679,13,-0.102439,0.982828
679,14,-1.27965,-1.27965
679,15,0.526989,0.601846
679,16,0.76585,0.278902
679,17,-0.237639,0.909662
679,18,0.468413,0.468413
679,19,0.774825,0.266974
679,20,-0.210417,0.928745
680,1,1.47737,-0.214913
680,2,-0.60392,0.499232
680,3,-0.452676,0.695416
680,4,1.04279,-0.0409074
680,5,0.18556,0.18556
680,6,0.543319,0.580445
680,7,0.380545,0.778245
680,8,0.244183,0.904766
680,9,-1.48416,-0.214206
680,10,0.394801,0.762622
680,11,-0.614992,0.484175
680,12,1.03966,1.03966
680,13,-0.100722,0.983396
680,14,-1.27417,-1.27417
680,15,0.52006,0.610848
680,16,0.775028,0.266706
680,17,-0.244504,0.904523
680,18,0.471548,0.471548
680,19,0.77543,0.266173
680,20,-0.226754,0.917542
681,1,1.47559,-0.215083
681,2,-0.602849,0.500686
681,3,-0.448631,0.700295
681,4,1.04051,-0.0388318
681,5,0.183773,0.183773
681,6,0.547122,0.575426
681,7,0.38192,0.776755
681,8,0.247946,0.901898
681,9,-1.47971,-0.214679
681,10,0.400831,0.755896
681,11,-0.610839,0.489829
681,12,1.03791,1.03791
681,13,-0.102847,0.982691
681,14,-1.2751,-1.2751
681,15,0.519593,0.611453
681,16,0.778698,0.261847
681,17,-0.246812,0.902766
681,18,0.47795,0.47795
681,19,0.77245,0.270125
681,20,-0.233564,0.91265
682,1,1.46203,-0.21617
682,2,-0.612341,0.487784
682,3,-0.457279,0.689835
682,4,1.04779,-0.0454385
682,5,0.193461,0.193461
682,6,0.56215,0.555477
682,7,0.370404,0.789113
682,8,0.260957,0.891687
682,9,-1.48815,-0.213749
682,10,0.392857,0.764775
682,11,-0.622708,0.473656
682,12,1.04843,1.04843
682,13,-0.116273,0.977909
682,14,-1.28664,-1.28664
682,15,0.530597,0.59714
682,16,0.767532,0.276662
682,17,-0.233806,0.912474
682,18,0.469733,0.469733
682,19,0.76189,0.284183
682,20,-0.221159,0.921464
683,1,1.46714,-0.215804
683,2,-0.603488,0.499819
683,3,-0.458379,0.688497
683,4,1.0381,-0.0366185
683,5,0.184794,0.184794
683,6,0.547297,0.575195
683,7,0.37581,0.783345
683,8,0.24208,0.906352
683,9,-1.48698,-0.213886
683,10,0.384674,0.773761
683,11,-0.613138,0.486699
683,12,1.04217,1.04217
683,13,-0.102883,0.982679
683,14,-1.28217,-1.28217
683,15,0.526323,0.602714
683,16,0.76701,0.277357
683,17,-0.237856,0.909501
683,18,0.470028,0.470028
683,19,0.775583,0.26597
683,20,-0.210249,0.928856
684,1,1.48187,-0.214454
684,2,-0.60041,0.503995
684,3,-0.446034,0.703413
684,4,1.03573,-0.0344235
684,5,0.180671,0.180671
684,6,0.537661,0.587888
684,7,0.385753,0.772583
684,8,0.239801,0.908057
684,9,-1.47827,-0.214825
684,10,0.400318,0.756471
684,11,-0.611213,0.489319
684,12,1.0351,1.0351
684,13,-0.0967742,0.984666
684,14,-1.26858,-1.26858
684,15,0.516124,0.61594
684,16,0.779014,0.26143
684,17,-0.248773,0.901263
684,18,0.477358,0.477358
684,19,0.779819,0.260365
684,20,-0.230498,0.914869
685,1,1.47629,-0.215017
685,2,-0.60269,0.500902
685,3,-0.445901,0.703572
685,4,1.04125,-0.0395056
685,5,0.183273,0.183273
685,6,0.552373,0.568477
685,7,0.382197,0.776455
685,8,0.253872,0.897303
685,9,-1.47679,-0.214969
685,10,0.407639,0.74822
685,11,-0.611527,0.488893
685,12,1.03755,1.03755
685,13,-0.105924,0.981646
685,14,-1.27388,-1.27388
685,15,0.517077,0.614709
685,16,0.781679,0.257909
685,17,-0.247783,0.902023
685,18,0.481662,0.481662
685,19,0.771375,0.271552
685,20,-0.240485,0.907547
686,1,1.46797,-0.21574
686,2,-0.603299,0.500075
686,3,-0.447472,0.701687
686,4,1.03621,-0.0348704
686,5,0.182063,0.182063
686,6,0.55668,0.56276
686,7,0.378959,0.779958
686,8,0.254247,0.897009
686,9,-1.47701,-0.214947
686,10,0.402548,0.753968
686,11,-0.611545,0.488868
686,12,1.03998,1.03998
686,13,-0.109547,0.980376
686,14,-1.27896,-1.27896
686,15,0.522022,0.608305
686,16,0.775444,0.266154
686,17,-0.241918,0.906474
686,18,0.482041,0.482041
686,19,0.770545,0.272654
686,20,-0.229196,0.915803
687,1,1.46898,-0.215659
687,2,-0.603742,0.499474
687,3,-0.449281,0.699513
687,4,1.03534,-0.034061
687,5,0.181491,0.181491
687,6,0.554551,0.565587
687,7,0.378375,0.780588
687,8,0.251651,0.899037
687,9,-1.47871,-0.214781
687,10,0.399017,0.757926
687,11,-0.614118,0.485365
687,12,1.04103,1.04103
687,13,-0.108357,0.980798
687,14,-1.2776,-1.2776
687,15,0.521731,0.608682
687,16,0.77234,0.270271
687,17,-0.239906,0.907979
687,18,0.479424,0.479424
687,19,0.773999,0.26807
687,20,-0.22301,0.920176
688,1,1.47215,-0.215394
688,2,-0.603754,0.499458
688,3,-0.449303,0.699486
688,4,1.03639,-0.0350314
688,5,0.180315,0.180315
688,6,0.551303,0.569895
688,7,0.379871,0.778973
688,8,0.25003,0.900293
688,9,-1.47848,-0.214804
688,10,0.398786,0.758185
688,11,-0.612292,0.487851
688,12,1.0404,1.0404
688,13,-0.105856,0.981669
688,14,-1.27529,-1.27529
688,15,0.519951,0.61099
688,16,0.773347,0.268934
688,17,-0.24249,0.906044
688,18,0.479453,0.479453
688,19,0.775294,0.266353
688,20,-0.225462,0.918455
689,1,1.46377,-0.216052
689,2,-0.612292,0.487851
689,3,-0.456654,0.690595
689,4,1.04604,-0.0438608
689,5,0.189602,0.189602
689,6,0.56001,0.558329
689,7,0.371353,0.788105
689,8,0.259413,0.892922
689,9,-1.48653,-0.213938
689,10,0.391929,0.765801
689,11,-0.621105,0.475843
689,12,1.04874,1.04874
689,13,-0.114355,0.978628
689,14,-1.28363,-1.28363
689,15,0.528704,0.59961
689,16,0.765759,0.279024
689,17,-0.234598,0.911897
689,18,0.470759,0.470759
689,19,0.765122,0.279872
689,20,-0.219673,0.922491
690,1,1.47168,-0.215435
690,2,-0.600265,0.504191
690,3,-0.45331,0.69465
690,4,1.03546,-0.034178
690,5,0.180157,0.180157
690,6,0.543653,0.580005
690,7,0.37972,0.779136
690,8,0.239358,0.908387
690,9,-1.48224,-0.214415
690,10,0.389789,0.76816
690,11,-0.609587,0.491531
690,12,1.03899,1.03899
690,13,-0.0989588,0.983969
690,14,-1.27702,-1.27702
690,15,0.52193,0.608423
690,16,0.7707,0.272449
690,17,-0.242217,0.906249
690,18,0.473844,0.473844
690,19,0.778668,0.261887
690,20,-0.2165,0.924662
691,1,1.46935,-0.215629
691,2,-0.613207,0.486605
691,3,-0.455503,0.691993
691,4,1.04856,-0.0461355
691,5,0.192069,0.192069
691,6,0.554221,0.566026
691,7,0.373933,0.785355
691,8,0.256676,0.895097
691,9,-1.48803,-0.213763
691,10,0.393248,0.764342
691,11,-0.623659,0.472359
691,12,1.04772,1.04772
691,13,-0.111994,0.979495
691,14,-1.28043,-1.28043
691,15,0.527211,0.601556
691,16,0.768824,0.274943
691,17,-0.236899,0.910208
691,18,0.468293,0.468293
691,19,0.76537,0.279541
691,20,-0.224201,0.919342
692,1,1.46306,-0.216101
692,2,-0.608635,0.492826
692,3,-0.463451,0.682302
692,4,1.04725,-0.044956
692,5,0.191024,0.191024
692,6,0.553714,0.566698
692,7,0.370661,0.78884
692,8,0.249406,0.900775
692,9,-1.49209,-0.213265
692,10,0.38176,0.776929
692,11,-0.617243,0.481108
692,12,1.04694,1.04694
692,13,-0.10773,0.981018
692,14,-1.28735,-1.28735
692,15,0.530703,0.597001
692,16,0.764377,0.280865
692,17,-0.235045,0.91157
692,18,0.464843,0.464843
692,19,0.767901,0.276171
692,20,-0.211342,0.928131
693,1,1.47389,-0.21524
693,2,-0.604582,0.498333
693,3,-0.454648,0.69303
693,4,1.04001,-0.0383654
693,5,0.18675,0.18675
693,6,0.539533,0.585428
693,7,0.379189,0.77971
693,8,0.239173,0.908525
693,9,-1.48677,-0.213911
693,10,0.387766,0.770381
693,11,-0.615681,0.483237
693,12,1.04067,1.04067
693,13,-0.099512,0.98379
693,14,-1.27698,-1.27698
693,15,0.524802,0.604693
693,16,0.770469,0.272755
693,17,-0.241327,0.906917
693,18,0.467999,0.467999
693,19,0.775143,0.266554
693,20,-0.216873,0.924409
694,1,1.48143,-0.214501
694,2,-0.599537,0.505179
694,3,-0.447862,0.701219
694,4,1.03992,-0.0382878
694,5,0.182998,0.182998
694,6,0.540907,0.583621
694,7,0.38494,0.773471
694,8,0.242017,0.906399
694,9,-1.47969,-0.214682
694,10,0.401669,0.754956
694,11,-0.610398,0.490429
694,12,1.03465,1.03465
694,13,-0.0975856,0.984409
694,14,-1.27104,-1.27104
694,15,0.515834,0.616315
694,16,0.781904,0.257611
694,17,-0.249817,0.900458
694,18,0.476923,0.476923
694,19,0.777446,0.263503
694,20,-0.235079,0.911545
695,1,1.47246,-0.215367
695,2,-0.6054,0.497223
695,3,-0.447586,0.70155
695,4,1.04162,-0.0398448
695,5,0.186058,0.186058
695,6,0.554321,0.565893
695,7,0.380051,0.778779
695,8,0.255681,0.895882
695,9,-1.47892,-0.21476
695,10,0.404845,0.75138
695,11,-0.613646,0.486009
695,12,1.03971,1.03971
695,13,-0.109015,0.980566
695,14,-1.2774,-1.2774
695,15,0.521025,0.609598
695,16,0.779091,0.261327
695,17,-0.244775,0.904317
695,18,0.480052,0.480052
695,19,0.768015,0.276019
695,20,-0.236616,0.910416
696,1,1.46012,-0.216294
696,2,-0.609891,0.491118
696,3,-0.457576,0.689474
696,4,1.04375,-0.0417822
696,5,0.190549,0.190549
696,6,0.562704,0.554739
696,7,0.37042,0.789096
696,8,0.258961,0.893283
696,9,-1.48676,-0.213912
696,10,0.391488,0.766287
696,11,-0.619839,0.47757
696,12,1.04737,1.04737
696,13,-0.115453,0.978218
696,14,-1.28734,-1.28734
696,15,0.53027,0.597566
696,16,0.766355,0.27823
696,17,-0.233227,0.912896
696,18,0.47179,0.47179
696,19,0.764801,0.2803
696,20,-0.216787,0.924467
697,1,1.46438,-0.216009
697,2,-0.608661,0.49279
697,3,-0.460801,0.685544
697,4,1.04127,-0.0395203
697,5,0.188157,0.188157
697,6,0.550807,0.570551
697,7,0.372371,0.787021
697,8,0.247103,0.902544
697,9,-1.48993,-0.213534
697,10,0.382146,0.77651
697,11,-0.618591,0.479272
697,12,1.04665,1.04665
697,13,-0.107529,0.981089
697,14,-1.2842,-1.2842
697,15,0.529567,0.598484
697,16,0.762658,0.283159
697,17,-0.233795,0.912482
697,18,0.466757,0.466757
697,19,0.77213,0.27055
697,20,-0.206872,0.931076
698,1,1.47321,-0.215301
698,2,-0.606935,0.495137
698,3,-0.457208,0.689922
698,4,1.04377,-0.0417981
698,5,0.187897,0.187897
698,6,0.543145,0.580675
698,7,0.37697,0.7821
698,8,0.243545,0.905249
698,9,-1.48826,-0.213736
698,10,0.386986,0.771235
698,11,-0.617315,0.481011
698,12,1.043,1.043
698,13,-0.101691,0.983076
698,14,-1.27762,-1.27762
698,15,0.524769,0.604737
698,16,0.768746,0.275047
698,17,-0.240498,0.907537
698,18,0.466724,0.466724
698,19,0.773976,0.268101
698,20,-0.217231,0.924164
699,1,1.47073,-0.215516
699,2,-0.60902,0.492303
699,3,-0.457861,0.689127
699,4,1.04861,-0.0461727
699,5,0.191543,0.191543
699,6,0.548777,0.573238
699,7,0.375065,0.784144
699,8,0.249666,0.900575
699,9,-1.48941,-0.213597
699,10,0.389542,0.768431
699,11,-0.61848,0.479423
699,12,1.04459,1.04459
699,13,-0.105908,0.981651
699,14,-1.28112,-1.28112
699,15,0.52665,0.602288
699,16,0.770444,0.272789
699,17,-0.240008,0.907903
699,18,0.466618,0.466618
699,19,0.767886,0.276191
699,20,-0.222965,0.920207
