t,unit,input,output
500,1,6.97661,6.97661
500,2,-7.3258,-7.3258
500,3,4.93269,0.0135441
500,4,-5.3592,-0.0536784
500,5,-5.74169,-5.74169
500,6,-2.60338,-2.60338
500,7,1.55172,1.55172
500,8,-0.0554603,-0.0554603
500,9,-5.57445,-5.57445
500,10,3.50261,3.50261
500,11,5.07283,-0.0142327
500,12,3.92305,3.92305
500,13,1.60522,1.60522
500,14,-2.90779,-2.90779
500,15,-6.34084,-6.34084
500,16,-1.39733,-1.39733
500,17,-1.45025,-1.45025
500,18,-5.28871,-0.0474067
500,19,-7.43886,-7.43886
500,20,4.14056,4.14056
501,1,3.74793,3.74793
501,2,-4.38514,-4.38514
501,3,1.68754,-0.156823
501,4,-2.99433,0.00189244
501,5,-2.99363,-2.99363
501,6,-0.18205,-0.18205
501,7,-1.15267,-1.15267
501,8,2.92657,2.92657
501,9,-1.96662,-1.96662
501,10,0.981751,0.981751
501,11,1.76019,-0.123715
501,12,1.3104,1.3104
501,13,-2.23729,-2.23729
501,14,0.0133209,0.0133209
501,15,-2.89677,-2.89677
501,16,1.56292,1.56292
501,17,2.08204,2.08204
501,18,-2.34667,0.120209
501,19,-4.18324,-4.18324
501,20,1.41797,1.41797
502,1,7.38648,7.38648
502,2,-7.85396,-7.85396
502,3,5.40725,-0.0563857
502,4,-6.03823,0.00631545
502,5,-6.30192,-6.30192
502,6,-3.28175,-3.28175
502,7,2.11182,2.11182
502,8,-0.606565,-0.606565
502,9,-5.92093,-5.92093
502,10,4.18307,4.18307
502,11,5.4912,-0.0579451
502,12,4.56239,4.56239
502,13,1.9307,1.9307
502,14,-3.4582,-3.4582
502,15,-6.71889,-6.71889
502,16,-1.92583,-1.92583
502,17,-1.88789,-1.88789
502,18,-5.81687,-0.0297749
502,19,-7.91413,-7.91413
502,20,4.74112,4.74112
503,1,6.04343,6.04343
503,2,-6.72447,-6.72447
503,3,3.9995,-0.000124128
503,4,-5.41466,-0.0566867
503,5,-5.38508,-5.38508
503,6,-2.61705,-2.61705
503,7,1.22666,1.22666
503,8,0.56994,0.56994
503,9,-4.25408,-4.25408
503,10,3.44067,3.44067
503,11,4.08508,0.0205795
503,12,3.69529,3.69529
503,13,0.0104863,0.0104863
503,14,-2.33374,-2.33374
503,15,-5.14795,-5.14795
503,16,-0.787229,-0.787229
503,17,-0.211187,-0.211187
503,18,-4.68757,0.0564525
503,19,-6.50126,-6.50126
503,20,3.81066,3.81066
504,1,1.04674,1.04674
504,2,-1.66678,-1.66678
504,3,-0.948087,0.0545131
504,4,-0.184204,0.945113
504,5,-0.300298,-0.300298
504,6,2.56836,2.56836
504,7,-3.89545,-3.89545
504,8,5.57443,5.57443
504,9,0.576657,0.576657
504,10,-1.64903,-1.64903
504,11,-0.839237,0.183518
504,12,-1.47,-1.47
504,13,-4.74629,-4.74629
504,14,2.73433,2.73433
504,15,-0.196017,-0.196017
504,16,4.25691,4.25691
504,17,4.62786,4.62786
504,18,0.369769,0.789787
504,19,-1.56417,-1.56417
504,20,-1.26923,-1.26923
505,1,0.172663,0.172663
505,2,-0.42466,-0.42466
505,3,-1.80071,-0.103585
505,4,1.7502,-0.128519
505,5,1.30592,1.30592
505,6,4.52786,4.52786
505,7,-5.48612,-5.48612
505,8,6.77689,6.77689
505,9,1.05097,1.05097
505,10,-3.63149,-3.63149
505,11,-1.73266,-0.136786
505,12,-3.06735,-3.06735
505,13,-4.90028,-4.90028
505,14,4.03193,4.03193
505,15,0.320647,0.320647
505,16,5.50195,5.50195
505,17,5.13514,5.13514
505,18,1.61262,-0.185161
505,19,-0.71328,-0.71328
505,20,-2.95436,-2.95436
506,1,7.24226,7.24226
506,2,-7.39127,-7.39127
506,3,5.16018,-0.0297479
506,4,-5.04238,-0.00838066
506,5,-5.49521,-5.49521
506,6,-2.21203,-2.21203
506,7,1.3628,1.3628
506,8,-0.0507871,-0.0507871
506,9,-5.89226,-5.89226
506,10,2.9616,2.9616
506,11,5.2306,-0.0403298
506,12,3.86325,3.86325
506,13,2.18632,2.18632
506,14,-3.01697,-3.01697
506,15,-6.89746,-6.89746
506,16,-1.44556,-1.44556
506,17,-1.86437,-1.86437
506,18,-5.3501,-0.0530201
506,19,-7.65214,-7.65214
506,20,3.92033,3.92033
507,1,5.77221,5.77221
507,2,-6.40945,-6.40945
507,3,3.71288,-0.0672633
507,4,-5.0074,-0.00147829
507,5,-4.97472,-4.97472
507,6,-2.19362,-2.19362
507,7,0.849656,0.849656
507,8,0.953881,0.953881
507,9,-3.92591,-3.92591
507,10,2.88547,2.88547
507,11,3.74251,-0.0615397
507,12,3.35594,3.35594
507,13,-0.253556,-0.253556
507,14,-2.01746,-2.01746
507,15,-4.95425,-4.95425
507,16,-0.446164,-0.446164
507,17,0.135701,0.135701
507,18,-4.37405,0.0671495
507,19,-6.18146,-6.18146
507,20,3.4103,3.4103
508,1,-0.673747,-0.673747
508,2,0.0687725,0.0687725
508,3,-2.65057,0.106904
508,4,1.61139,-0.185565
508,5,1.47415,1.47415
508,6,4.35783,4.35783
508,7,-5.66986,-5.66986
508,8,7.32425,7.32425
508,9,2.27829,2.27829
508,10,-3.46368,-3.46368
508,11,-2.56781,0.121159
508,12,-3.22874,-3.22874
508,13,-6.41223,-6.41223
508,14,4.46672,4.46672
508,15,1.48818,1.48818
508,16,5.99805,5.99805
508,17,6.33175,6.33175
508,18,2.10541,0.049157
508,19,0.148065,0.148065
508,20,-3.03734,-3.03734
509,1,3.06877,3.06877
509,2,-3.1931,-3.1931
509,3,1.03801,-0.0365284
509,4,-0.773658,0.268522
509,5,-1.33962,-1.33962
509,6,2.00505,2.00505
509,7,-2.83904,-2.83904
509,8,4.06638,4.06638
509,9,-1.87113,-1.87113
509,10,-1.12133,-1.12133
509,11,1.14892,-0.124941
509,12,-0.415254,-0.415254
509,13,-1.82214,-1.82214
509,14,1.21513,1.21513
509,15,-2.69617,-2.69617
509,16,2.73499,2.73499
509,17,2.17861,2.17861
509,18,-1.15604,-0.129637
509,19,-3.54993,-3.54993
509,20,-0.232944,-0.232944
510,1,5.44675,5.44675
510,2,-5.78231,-5.78231
510,3,3.35682,-0.0853925
510,4,-3.81469,-0.0458813
510,5,-4.05007,-4.05007
510,6,-0.973534,-0.973534
510,7,-0.0637861,-0.0637861
510,8,1.58596,1.58596
510,9,-3.89042,-3.89042
510,10,1.66814,1.66814
510,11,3.39413,-0.0886429
510,12,2.44872,2.44872
510,13,-0.0244835,-0.0244835
510,14,-1.39622,-1.39622
510,15,-4.92289,-4.92289
510,16,0.179041,0.179041
510,17,0.170638,0.170638
510,18,-3.74453,-0.0611328
510,19,-5.83351,-5.83351
510,20,2.45817,2.45817
511,1,2.81028,2.81028
511,2,-3.35259,-3.35259
511,3,0.784958,0.253585
511,4,-1.71711,-0.143901
511,5,-1.84152,-1.84152
511,6,1.06505,1.06505
511,7,-2.31431,-2.31431
511,8,3.97216,3.97216
511,9,-1.14264,-1.14264
511,10,-0.295522,-0.295522
511,11,0.835809,0.187849
511,12,0.172209,0.172209
511,13,-2.92854,-2.92854
511,14,1.03493,1.03493
511,15,-2.08203,-2.08203
511,16,2.59791,2.59791
511,17,2.91355,2.91355
511,18,-1.31636,-0.202673
511,19,-3.26612,-3.26612
511,20,0.281583,0.281583
512,1,1.72785,1.72785
512,2,-2.08433,-2.08433
512,3,-0.318093,0.841676
512,4,-0.12536,0.974349
512,5,-0.466434,-0.466434
512,6,2.64476,2.64476
512,7,-3.71085,-3.71085
512,8,5.20952,5.20952
512,9,-0.278829,-0.278829
512,10,-1.79171,-1.79171
512,11,-0.205669,0.931858
512,12,-1.29419,-1.29419
512,13,-3.66601,-3.66601
512,14,2.3171,2.3171
512,15,-1.11692,-1.11692
512,16,3.85092,3.85092
512,17,3.81216,3.81216
512,18,-0.0480035,0.996214
512,19,-2.1819,-2.1819
512,20,-1.11234,-1.11234
513,1,7.39145,7.39145
513,2,-7.60507,-7.60507
513,3,5.35379,-0.0532926
513,4,-5.47579,-0.0579624
513,5,-5.90435,-5.90435
513,6,-2.67142,-2.67142
513,7,1.75506,1.75506
513,8,-0.364094,-0.364094
513,9,-6.0594,-6.0594
513,10,3.4649,3.4649
513,11,5.41564,-0.056724
513,12,4.09729,4.09729
513,13,2.16158,2.16158
513,14,-3.07683,-3.07683
513,15,-6.8499,-6.8499
513,16,-1.65713,-1.65713
513,17,-1.87552,-1.87552
513,18,-5.56777,-0.0558792
513,19,-7.84622,-7.84622
513,20,4.20286,4.20286
514,1,5.64448,5.64448
514,2,-6.30273,-6.30273
514,3,3.58779,-0.0853669
514,4,-4.94418,0.0112332
514,5,-4.91202,-4.91202
514,6,-2.11315,-2.11315
514,7,0.776846,0.776846
514,8,1.02904,1.02904
514,9,-3.81715,-3.81715
514,10,2.87758,2.87758
514,11,3.63913,-0.0792458
514,12,3.2537,3.2537
514,13,-0.390617,-0.390617
514,14,-1.91272,-1.91272
514,15,-4.79902,-4.79902
514,16,-0.354715,-0.354715
514,17,0.224009,0.224009
514,18,-4.25655,0.0539548
514,19,-6.07498,-6.07498
514,20,3.32831,3.32831
515,1,-0.181985,-0.181985
515,2,-0.417785,-0.417785
515,3,-2.16199,0.0717332
515,4,1.1353,-0.115619
515,5,0.992501,0.992501
515,6,3.88334,3.88334
515,7,-5.18557,-5.18557
515,8,6.83291,6.83291
515,9,1.77471,1.77471
515,10,-2.9797,-2.9797
515,11,-2.07125,0.0341113
515,12,-2.74492,-2.74492
515,13,-5.90525,-5.90525
515,14,3.9788,3.9788
515,15,0.988503,0.988503
515,16,5.50992,5.50992
515,17,5.82295,5.82295
515,18,1.61872,-0.183125
515,19,-0.342616,-0.342616
515,20,-2.5566,-2.5566
516,1,0.567175,0.567175
516,2,-0.727834,-0.727834
516,3,-1.47904,-0.214747
516,4,1.62306,-0.181642
516,5,1.09531,1.09531
516,6,4.40285,4.40285
516,7,-5.2725,-5.2725
516,8,6.54896,6.54896
516,9,0.665826,0.665826
516,10,-3.5216,-3.5216
516,11,-1.35746,-0.21137
516,12,-2.83898,-2.83898
516,13,-4.40791,-4.40791
516,14,3.66178,3.66178
516,15,-0.163927,-0.163927
516,16,5.20071,5.20071
516,17,4.72399,4.72399
516,18,1.30913,-0.200726
516,19,-1.03275,-1.03275
516,20,-2.6706,-2.6706
517,1,5.9266,5.9266
517,2,-6.10413,-6.10413
517,3,3.84813,-0.0379862
517,4,-3.78765,-0.0519959
517,5,-4.19361,-4.19361
517,6,-0.956139,-0.956139
517,7,0.0732498,0.0732498
517,8,1.26173,1.26173
517,9,-4.52939,-4.52939
517,10,1.66323,1.66323
517,11,3.88996,-0.0277291
517,12,2.60057,2.60057
517,13,0.81792,0.81792
517,14,-1.73479,-1.73479
517,15,-5.58149,-5.58149
517,16,-0.143289,-0.143289
517,17,-0.504748,-0.504748
517,18,-4.06766,0.0165084
517,19,-6.32709,-6.32709
517,20,2.64668,2.64668
518,1,5.15945,5.15945
518,2,-5.70945,-5.70945
518,3,3.11301,-0.0355452
518,4,-4.12282,0.0290566
518,5,-4.18636,-4.18636
518,6,-1.31567,-1.31567
518,7,0.0559242,0.0559242
518,8,1.64755,1.64755
518,9,-3.41009,-3.41009
518,10,2.01125,2.01125
518,11,3.13733,-0.0424278
518,12,2.56048,2.56048
518,13,-0.670839,-0.670839
518,14,-1.31327,-1.31327
518,15,-4.42961,-4.42961
518,16,0.253152,0.253152
518,17,0.648768,0.648768
518,18,-3.6744,-0.0739489
518,19,-5.58153,-5.58153
518,20,2.62799,2.62799
519,1,2.77106,2.77106
519,2,-3.31775,-3.31775
519,3,0.768536,0.275327
519,4,-1.67961,-0.160137
519,5,-1.84695,-1.84695
519,6,1.08162,1.08162
519,7,-2.33573,-2.33573
519,8,3.96645,3.96645
519,9,-1.18467,-1.18467
519,10,-0.2247,-0.2247
519,11,0.850072,0.169922
519,12,0.114359,0.114359
519,13,-2.90813,-2.90813
519,14,1.0722,1.0722
519,15,-2.01581,-2.01581
519,16,2.61695,2.61695
519,17,2.88237,2.88237
519,18,-1.28082,-0.191896
519,19,-3.26532,-3.26532
519,20,0.279023,0.279023
520,1,3.56183,3.56183
520,2,-3.90978,-3.90978
520,3,1.50044,-0.212145
520,4,-1.95676,-0.0220286
520,5,-2.29296,-2.29296
520,6,0.822831,0.822831
520,7,-1.88084,-1.88084
520,8,3.37883,3.37883
520,9,-2.10511,-2.10511
520,10,0.0365181,0.0365181
520,11,1.62037,-0.182563
520,12,0.534774,0.534774
520,13,-1.84079,-1.84079
520,14,0.494082,0.494082
520,15,-2.94835,-2.94835
520,16,2.02404,2.02404
520,17,1.97449,1.97449
520,18,-1.87329,-0.0658706
520,19,-4.00629,-4.00629
520,20,0.708925,0.708925
521,1,7.97846,7.97846
521,2,-8.3945,-8.3945
521,3,5.94119,-0.00984231
521,4,-6.52049,0.0487157
521,5,-6.74759,-6.74759
521,6,-3.71602,-3.71602
521,7,2.59919,2.59919
521,8,-1.079,-1.079
521,9,-6.44441,-6.44441
521,10,4.5093,4.5093
521,11,5.99897,-0.000170885
521,12,5.09361,5.09361
521,13,2.49289,2.49289
521,14,-4.01465,-4.01465
521,15,-7.38393,-7.38393
521,16,-2.44651,-2.44651
521,17,-2.41256,-2.41256
521,18,-6.35703,0.0451057
521,19,-8.43273,-8.43273
521,20,5.18994,5.18994
522,1,8.0706,8.0706
522,2,-8.78984,-8.78984
522,3,6.04116,0.00679474
522,4,-7.53652,-0.041958
522,5,-7.47962,-7.47962
522,6,-4.74997,-4.74997
522,7,3.32117,3.32117
522,8,-1.48705,-1.48705
522,9,-6.24099,-6.24099
522,10,5.54736,5.54736
522,11,6.10791,0.0173308
522,12,5.78922,5.78922
522,13,1.97016,1.97016
522,14,-4.38994,-4.38994
522,15,-7.14354,-7.14354
522,16,-2.84583,-2.84583
522,17,-2.18134,-2.18134
522,18,-6.75405,0.0328987
522,19,-8.53207,-8.53207
522,20,5.9059,5.9059
523,1,4.75813,4.75813
523,2,-5.52474,-5.52474
523,3,2.76804,0.0765766
523,4,-4.33036,0.0633127
523,5,-4.31042,-4.31042
523,6,-1.58206,-1.58206
523,7,0.108762,0.108762
523,8,1.71174,1.71174
523,9,-3.00409,-3.00409
523,10,2.5162,2.5162
523,11,2.88097,0.0403602
523,12,2.52783,2.52783
523,13,-1.31473,-1.31473
523,14,-1.12455,-1.12455
523,15,-3.75768,-3.75768
523,16,0.396354,0.396354
523,17,1.05048,1.05048
523,18,-3.48755,-0.0912005
523,19,-5.28269,-5.28269
523,20,2.73892,2.73892
524,1,2.40907,2.40907
524,2,-2.93878,-2.93878
524,3,0.390096,0.767821
524,4,-1.30562,-0.199737
524,5,-1.51054,-1.51054
524,6,1.45305,1.45305
524,7,-2.68953,-2.68953
524,8,4.29322,4.29322
524,9,-0.891702,-0.891702
524,10,-0.494831,-0.494831
524,11,0.531696,0.595704
524,12,-0.282701,-0.282701
524,13,-3.22889,-3.22889
524,14,1.45783,1.45783
524,15,-1.62313,-1.62313
524,16,2.97759,2.97759
524,17,3.17134,3.17134
524,18,-0.901568,0.107447
524,19,-2.91523,-2.91523
524,20,-0.0784703,-0.0784703
525,1,6.00978,6.00978
525,2,-6.29441,-6.29441
525,3,3.92181,-0.0197375
525,4,-4.298,0.0596406
525,5,-4.68627,-4.68627
525,6,-1.50824,-1.50824
525,7,0.518331,0.518331
525,8,0.969589,0.969589
525,9,-4.56524,-4.56524
525,10,2.373,2.373
525,11,4.05909,0.0144733
525,12,2.86929,2.86929
525,13,0.634398,0.634398
525,14,-1.83504,-1.83504
525,15,-5.38752,-5.38752
525,16,-0.361066,-0.361066
525,17,-0.457482,-0.457482
525,18,-4.25745,0.0540891
525,19,-6.43174,-6.43174
525,20,3.06621,3.06621
526,1,3.29159,3.29159
526,2,-3.86301,-3.86301
526,3,1.24922,-0.179735
526,4,-2.3245,0.116645
526,5,-2.39019,-2.39019
526,6,0.494464,0.494464
526,7,-1.74989,-1.74989
526,8,3.44961,3.44961
526,9,-1.5908,-1.5908
526,10,0.296723,0.296723
526,11,1.30386,-0.19923
526,12,0.714337,0.714337
526,13,-2.53841,-2.53841
526,14,0.539351,0.539351
526,15,-2.5252,-2.5252
526,16,2.08614,2.08614
526,17,2.46258,2.46258
526,18,-1.82166,-0.0928599
526,19,-3.73784,-3.73784
526,20,0.810455,0.810455
527,1,6.04898,6.04898
527,2,-6.4763,-6.4763
527,3,4.04664,0.0114845
527,4,-4.58663,0.0668453
527,5,-4.87093,-4.87093
527,6,-1.82038,-1.82038
527,7,0.691151,0.691151
527,8,0.801585,0.801585
527,9,-4.59886,-4.59886
527,10,2.68975,2.68975
527,11,4.13066,0.0307499
527,12,3.15866,3.15866
527,13,0.633361,0.633361
527,14,-2.09701,-2.09701
527,15,-5.4305,-5.4305
527,16,-0.543717,-0.543717
527,17,-0.553089,-0.553089
527,18,-4.43893,0.070393
527,19,-6.54843,-6.54843
527,20,3.30262,3.30262
528,1,-0.0815574,-0.0815574
528,2,-0.496502,-0.496502
528,3,-2.12524,0.0574219
528,4,1.01388,-0.0136822
528,5,0.943415,0.943415
528,6,3.80901,3.80901
528,7,-5.09952,-5.09952
528,8,6.79987,6.79987
528,9,1.78081,1.78081
528,10,-3.00508,-3.00508
528,11,-2.04786,0.0232847
528,12,-2.63553,-2.63553
528,13,-5.92593,-5.92593
528,14,3.90669,3.90669
528,15,0.880451,0.880451
528,16,5.44571,5.44571
528,17,5.83775,5.83775
528,18,1.53925,-0.205226
528,19,-0.372043,-0.372043
528,20,-2.52515,-2.52515
529,1,1.55535,1.55535
529,2,-1.72913,-1.72913
529,3,-0.47342,0.670019
529,4,0.626552,0.468408
529,5,0.0898605,0.0898605
529,6,3.39374,3.39374
529,7,-4.27244,-4.27244
529,8,5.55155,5.55155
529,9,-0.334015,-0.334015
529,10,-2.51493,-2.51493
529,11,-0.361861,0.798105
529,12,-1.83886,-1.83886
529,13,-3.41381,-3.41381
529,14,2.6577,2.6577
529,15,-1.15106,-1.15106
529,16,4.20126,4.20126
529,17,3.73946,3.73946
529,18,0.308296,0.850826
529,19,-2.03163,-2.03163
529,20,-1.66729,-1.66729
530,1,1.05134,1.05134
530,2,-1.23603,-1.23603
530,3,-1.01691,-0.0166181
530,4,0.940029,0.0634198
530,5,0.541321,0.541321
530,6,3.77097,3.77097
530,7,-4.66299,-4.66299
530,8,6.05508,6.05508
530,9,0.360811,0.360811
530,10,-3.0622,-3.0622
530,11,-0.976135,0.0244252
530,12,-2.26917,-2.26917
530,13,-4.18597,-4.18597
530,14,3.26932,3.26932
530,15,-0.572497,-0.572497
530,16,4.72468,4.72468
530,17,4.49905,4.49905
530,18,0.800245,0.233553
530,19,-1.46355,-1.46355
530,20,-2.19671,-2.19671
531,1,8.56982,8.56982
531,2,-8.78349,-8.78349
531,3,6.54414,0.0481735
531,4,-6.52284,0.0486737
531,5,-6.93934,-6.93934
531,6,-3.69938,-3.69938
531,7,2.80536,2.80536
531,8,-1.45971,-1.45971
531,9,-7.19696,-7.19696
531,10,4.44276,4.44276
531,11,6.56452,0.0474969
531,12,5.28069,5.28069
531,13,3.45028,3.45028
531,14,-4.37086,-4.37086
531,15,-8.17563,-8.17563
531,16,-2.83116,-2.83116
531,17,-3.1478,-3.1478
531,18,-6.73892,0.0345421
531,19,-9.02148,-9.02148
531,20,5.35477,5.35477
532,1,4.76735,4.76735
532,2,-5.49926,-5.49926
532,3,2.71488,0.0915294
532,4,-4.29588,0.059377
532,5,-4.17929,-4.17929
532,6,-1.48158,-1.48158
532,7,0.048558,0.048558
532,8,1.84694,1.84694
532,9,-2.84671,-2.84671
532,10,2.19838,2.19838
532,11,2.7525,0.0811291
532,12,2.53269,2.53269
532,13,-1.43908,-1.43908
532,14,-1.09568,-1.09568
532,15,-3.84089,-3.84089
532,16,0.457291,0.457291
532,17,1.22201,1.22201
532,18,-3.46118,-0.0912826
532,19,-5.18899,-5.18899
532,20,2.60064,2.60064
533,1,0.572075,0.572075
533,2,-1.10834,-1.10834
533,3,-1.4167,-0.217034
533,4,0.558668,0.560115
533,5,0.328259,0.328259
533,6,3.29549,3.29549
533,7,-4.53583,-4.53583
533,8,6.13624,6.13624
533,9,0.932633,0.932633
533,10,-2.35723,-2.35723
533,11,-1.29678,-0.197113
533,12,-2.13089,-2.13089
533,13,-5.03686,-5.03686
533,14,3.28975,3.28975
533,15,0.203276,0.203276
533,16,4.81314,4.81314
533,17,5.0187,5.0187
533,18,0.929114,0.0756652
533,19,-1.094,-1.094
533,20,-1.90926,-1.90926
534,1,1.09914,1.09914
534,2,-1.32305,-1.32305
534,3,-0.923177,0.0824106
534,4,0.929483,0.0752477
534,5,0.483861,0.483861
534,6,3.72086,3.72086
534,7,-4.65213,-4.65213
534,8,5.9452,5.9452
534,9,0.151861,0.151861
534,10,-2.85845,-2.85845
534,11,-0.841282,0.180941
534,12,-2.17718,-2.17718
534,13,-3.95501,-3.95501
534,14,3.06591,3.06591
534,15,-0.673907,-0.673907
534,16,4.61085,4.61085
534,17,4.20541,4.20541
534,18,0.714021,0.34877
534,19,-1.58716,-1.58716
534,20,-2.08834,-2.08834
535,1,4.84256,4.84256
535,2,-5.04123,-5.04123
535,3,2.7863,0.0710634
535,4,-2.80596,0.0649497
535,5,-3.20792,-3.20792
535,6,0.0130908,0.0130908
535,7,-0.923131,-0.923131
535,8,2.27413,2.27413
535,9,-3.44174,-3.44174
535,10,0.709272,0.709272
535,11,2.83062,0.0570552
535,12,1.55286,1.55286
535,13,-0.318534,-0.318534
535,14,-0.61483,-0.61483
535,15,-4.42633,-4.42633
535,16,0.913399,0.913399
535,17,0.616789,0.616789
535,18,-3.0048,-0.00159844
535,19,-5.27046,-5.27046
535,20,1.61654,1.61654
536,1,7.26781,7.26781
536,2,-7.73774,-7.73774
536,3,5.21502,-0.0381657
536,4,-6.0105,0.00174698
536,5,-6.1601,-6.1601
536,6,-3.19595,-3.19595
536,7,2.02703,2.02703
536,8,-0.390842,-0.390842
536,9,-5.61336,-5.61336
536,10,3.91817,3.91817
536,11,5.25416,-0.0433948
536,12,4.50679,4.50679
536,13,1.58487,1.58487
536,14,-3.33626,-3.33626
536,15,-6.60058,-6.60058
536,16,-1.78211,-1.78211
536,17,-1.53953,-1.53953
536,18,-5.69869,-0.0453241
536,19,-7.68941,-7.68941
536,20,4.5779,4.5779
537,1,-0.644387,-0.644387
537,2,-0.0390822,-0.0390822
537,3,-2.65842,0.105212
537,4,1.31461,-0.202212
537,5,1.30496,1.30496
537,6,4.0881,4.0881
537,7,-5.47569,-5.47569
537,8,7.25695,7.25695
537,9,2.40129,2.40129
537,10,-3.25947,-3.25947
537,11,-2.58666,0.118526
537,12,-3.0166,-3.0166
537,13,-6.62831,-6.62831
537,14,4.35342,4.35342
537,15,1.53089,1.53089
537,16,5.9011,5.9011
537,17,6.4627,6.4627
537,18,1.99822,-0.000890055
537,19,0.165832,0.165832
537,20,-2.87293,-2.87293
538,1,7.80748,7.80748
538,2,-7.94979,-7.94979
538,3,5.79662,-0.0327473
538,4,-5.53371,-0.0571997
538,5,-6.12016,-6.12016
538,6,-2.77666,-2.77666
538,7,1.92601,1.92601
538,8,-0.702377,-0.702377
538,9,-6.63714,-6.63714
538,10,3.69297,3.69297
538,11,5.91577,-0.0140734
538,12,4.33748,4.33748
538,13,2.93338,2.93338
538,14,-3.54445,-3.54445
538,15,-7.41765,-7.41765
538,16,-2.02532,-2.02532
538,17,-2.57887,-2.57887
538,18,-5.91312,-0.0145112
538,19,-8.30997,-8.30997
538,20,4.55256,4.55256
539,1,2.38612,2.38612
539,2,-3.05273,-3.05273
539,3,0.298817,0.859459
539,4,-1.756,-0.125739
539,5,-1.65589,-1.65589
539,6,1.08809,1.08809
539,7,-2.45803,-2.45803
539,8,4.30432,4.30432
539,9,-0.482234,-0.482234
539,10,-0.387464,-0.387464
539,11,0.340738,0.819668
539,12,0.0448026,0.0448026
539,13,-3.74643,-3.74643
539,14,1.34219,1.34219
539,15,-1.52586,-1.52586
539,16,2.90781,2.90781
539,17,3.56116,3.56116
539,18,-1.01516,-0.0149279
539,19,-2.77891,-2.77891
539,20,0.0850848,0.0850848
540,1,0.24609,0.24609
540,2,-0.556182,-0.556182
540,3,-1.79323,-0.107368
540,4,1.45846,-0.216395
540,5,1.01125,1.01125
540,6,4.19807,4.19807
540,7,-5.21138,-5.21138
540,8,6.6966,6.6966
540,9,1.1206,1.1206
540,10,-3.28755,-3.28755
540,11,-1.63816,-0.17629
540,12,-2.90231,-2.90231
540,13,-5.07944,-5.07944
540,14,3.9006,3.9006
540,15,0.401745,0.401745
540,16,5.37035,5.37035
540,17,5.29406,5.29406
540,18,1.48066,-0.214581
540,19,-0.710308,-0.710308
540,20,-2.62983,-2.62983
541,1,2.33176,2.33176
541,2,-2.50295,-2.50295
541,3,0.263553,0.889595
541,4,-0.168462,0.953967
541,5,-0.62401,-0.62401
541,6,2.65774,2.65774
541,7,-3.5162,-3.5162
541,8,4.82411,4.82411
541,9,-1.00475,-1.00475
541,10,-1.85796,-1.85796
541,11,0.331022,0.829255
541,12,-1.03714,-1.03714
541,13,-2.71699,-2.71699
541,14,1.8767,1.8767
541,15,-1.96743,-1.96743
541,16,3.44635,3.44635
541,17,3.01894,3.01894
541,18,-0.46177,0.684359
541,19,-2.75937,-2.75937
541,20,-0.93482,-0.93482
542,1,-0.0222379,-0.0222379
542,2,-0.20824,-0.20824
542,3,-2.0992,0.0464927
542,4,1.87395,-0.0655218
542,5,1.50358,1.50358
542,6,4.69232,4.69232
542,7,-5.62733,-5.62733
542,8,7.10061,7.10061
542,9,1.46129,1.46129
542,10,-3.99378,-3.99378
542,11,-2.0555,0.0268647
542,12,-3.24836,-3.24836
542,13,-5.37861,-5.37861
542,14,4.30071,4.30071
542,15,0.564209,0.564209
542,16,5.75436,5.75436
542,17,5.65675,5.65675
542,18,1.82754,-0.08982
542,19,-0.372543,-0.372543
542,20,-3.20068,-3.20068
543,1,1.52004,1.52004
543,2,-1.65904,-1.65904
543,3,-0.529257,0.59889
543,4,0.749883,0.300263
543,5,0.240258,0.240258
543,6,3.56378,3.56378
543,7,-4.38428,-4.38428
543,8,5.67433,5.67433
543,9,-0.223235,-0.223235
543,10,-2.79592,-2.79592
543,11,-0.476283,0.666467
543,12,-1.92242,-1.92242
543,13,-3.46957,-3.46957
543,14,2.73656,2.73656
543,15,-1.18319,-1.18319
543,16,4.29116,4.29116
543,17,3.84109,3.84109
543,18,0.385787,0.772546
543,19,-1.95378,-1.95378
543,20,-1.82437,-1.82437
544,1,5.41018,5.41018
544,2,-5.59983,-5.59983
544,3,3.35772,-0.0854853
544,4,-3.39792,-0.088902
544,5,-3.80304,-3.80304
544,6,-0.574347,-0.574347
544,7,-0.317339,-0.317339
544,8,1.70926,1.70926
544,9,-3.98538,-3.98538
544,10,1.26242,1.26242
544,11,3.37742,-0.087344
544,12,2.09414,2.09414
544,13,0.192174,0.192174
544,14,-1.10434,-1.10434
544,15,-4.95256,-4.95256
544,16,0.364685,0.364685
544,17,0.136894,0.136894
544,18,-3.56293,-0.0875988
544,19,-5.82728,-5.82728
544,20,2.16997,2.16997
545,1,3.40143,3.40143
545,2,-3.92528,-3.92528
545,3,1.36043,-0.211843
545,4,-2.27459,0.106296
545,5,-2.37909,-2.37909
545,6,0.547419,0.547419
545,7,-1.75463,-1.75463
545,8,3.4244,3.4244
545,9,-1.70826,-1.70826
545,10,0.190472,0.190472
545,11,1.39194,-0.215629
545,12,0.73573,0.73573
545,13,-2.34625,-2.34625
545,14,0.460216,0.460216
545,15,-2.70777,-2.70777
545,16,2.02783,2.02783
545,17,2.33901,2.33901
545,18,-1.88139,-0.061594
545,19,-3.83585,-3.83585
545,20,0.813084,0.813084
546,1,5.3668,5.3668
546,2,-5.79835,-5.79835
546,3,3.36901,-0.0865939
546,4,-3.91122,-0.0224052
546,5,-4.18243,-4.18243
546,6,-1.14511,-1.14511
546,7,0.00731973,0.00731973
546,8,1.49135,1.49135
546,9,-3.89725,-3.89725
546,10,1.98726,1.98726
546,11,3.43641,-0.0907863
546,12,2.48694,2.48694
546,13,-0.0615462,-0.0615462
546,14,-1.41881,-1.41881
546,15,-4.75441,-4.75441
546,16,0.139329,0.139329
546,17,0.148617,0.148617
546,18,-3.76217,-0.0574968
546,19,-5.86354,-5.86354
546,20,2.62163,2.62163
547,1,-0.574566,-0.574566
547,2,0.0365006,0.0365006
547,3,-2.61684,0.113536
547,4,1.64384,-0.174201
547,5,1.53052,1.53052
547,6,4.43663,4.43663
547,7,-5.68845,-5.68845
547,8,7.34247,7.34247
547,9,2.23217,2.23217
547,10,-3.63342,-3.63342
547,11,-2.54115,0.124217
547,12,-3.20908,-3.20908
547,13,-6.32279,-6.32279
547,14,4.42361,4.42361
547,15,1.31921,1.31921
547,16,5.97849,5.97849
547,17,6.27658,6.27658
547,18,2.07227,0.0345754
547,19,0.120373,0.120373
547,20,-3.0982,-3.0982
548,1,8.0287,8.0287
548,2,-8.15753,-8.15753
548,3,6.00624,0.00103945
548,4,-5.72668,-0.0420756
548,5,-6.29475,-6.29475
548,6,-2.95567,-2.95567
548,7,2.11803,2.11803
548,8,-0.883229,-0.883229
548,9,-6.81968,-6.81968
548,10,3.81241,3.81241
548,11,6.10149,0.0163532
548,12,4.54895,4.54895
548,13,3.13386,3.13386
548,14,-3.74998,-3.74998
548,15,-7.66354,-7.66354
548,16,-2.22323,-2.22323
548,17,-2.75897,-2.75897
548,18,-6.12123,0.0193299
548,19,-8.50757,-8.50757
548,20,4.72665,4.72665
549,1,2.33628,2.33628
549,2,-3.01697,-3.01697
549,3,0.256652,0.895116
549,4,-1.74214,-0.132345
549,5,-1.63426,-1.63426
549,6,1.09736,1.09736
549,7,-2.48097,-2.48097
549,8,4.34209,4.34209
549,9,-0.419394,-0.419394
549,10,-0.404002,-0.404002
549,11,0.291118,0.866308
549,12,0.0186719,0.0186719
549,13,-3.81988,-3.81988
549,14,1.38254,1.38254
549,15,-1.46232,-1.46232
549,16,2.9449,2.9449
549,17,3.6314,3.6314
549,18,-0.979245,0.0211802
549,19,-2.73272,-2.73272
549,20,0.0622406,0.0622406
550,1,4.66749,4.66749
550,2,-4.97335,-4.97335
550,3,2.63042,0.110994
550,4,-2.95381,0.0155815
550,5,-3.40875,-3.40875
550,6,-0.215344,-0.215344
550,7,-0.793432,-0.793432
550,8,2.27427,2.27427
550,9,-3.30868,-3.30868
550,10,1.13196,1.13196
550,11,2.78742,0.0707213
550,12,1.50738,1.50738
550,13,-0.649057,-0.649057
550,14,-0.511457,-0.511457
550,15,-4.01784,-4.01784
550,16,0.952058,0.952058
550,17,0.868467,0.868467
550,18,-2.93618,0.021589
550,19,-5.135,-5.135
550,20,1.78778,1.78778
551,1,-1.46106,-1.46106
551,2,0.996229,0.996229
551,3,-3.52917,-0.0898154
551,4,2.71124,0.0924871
551,5,2.55114,2.55114
551,6,5.53954,5.53954
551,7,-6.69038,-6.69038
551,8,8.307,8.307
551,9,3.08005,3.08005
551,10,-4.73966,-4.73966
551,11,-3.46108,-0.0912818
551,12,-4.24424,-4.24424
551,13,-7.12849,-7.12849
551,14,5.40775,5.40775
551,15,2.14936,2.14936
551,16,6.94545,6.94545
551,17,7.13726,7.13726
551,18,3.03776,-0.0124015
551,19,1.03314,1.03314
551,20,-4.14211,-4.14211
552,1,3.76217,3.76217
552,2,-3.83801,-3.83801
552,3,1.7471,-0.129997
552,4,-1.26679,-0.186796
552,5,-1.87862,-1.87862
552,6,1.51382,1.51382
552,7,-2.28724,-2.28724
552,8,3.4536,3.4536
552,9,-2.62011,-2.62011
552,10,-0.68117,-0.68117
552,11,1.81849,-0.0944938
552,12,0.17794,0.17794
552,13,-0.998999,-0.998999
552,14,0.553697,0.553697
552,15,-3.49169,-3.49169
552,16,2.10189,2.10189
552,17,1.43282,1.43282
552,18,-1.8,-0.103942
552,19,-4.24161,-4.24161
552,20,0.305807,0.305807
553,1,8.09989,8.09989
553,2,-8.48197,-8.48197
553,3,6.01269,0.00210988
553,4,-6.59737,0.0460083
553,5,-6.77412,-6.77412
553,6,-3.75582,-3.75582
553,7,2.66558,2.66558
553,8,-1.09941,-1.09941
553,9,-6.4521,-6.4521
553,10,4.41486,4.41486
553,11,6.04031,0.00665503
553,12,5.1947,5.1947
553,13,2.53251,2.53251
553,14,-4.10054,-4.10054
553,15,-7.54629,-7.54629
553,16,-2.51516,-2.51516
553,17,-2.41581,-2.41581
553,18,-6.44535,0.0486598
553,19,-8.48334,-8.48334
553,20,5.22123,5.22123
554,1,2.90028,2.90028
554,2,-3.63108,-3.63108
554,3,0.890359,0.120722
554,4,-2.37248,0.123544
554,5,-2.32155,-2.32155
554,6,0.402404,0.402404
554,7,-1.84033,-1.84033
554,8,3.68056,3.68056
554,9,-1.0693,-1.0693
554,10,0.382085,0.382085
554,11,0.939149,0.0643998
554,12,0.627633,0.627633
554,13,-3.1975,-3.1975
554,14,0.770125,0.770125
554,15,-1.9733,-1.9733
554,16,2.31674,2.31674
554,17,3.00189,3.00189
554,18,-1.59518,-0.19069
554,19,-3.37129,-3.37129
554,20,0.754439,0.754439
555,1,-0.191513,-0.191513
555,2,-0.205638,-0.205638
555,3,-2.20459,0.0865422
555,4,1.71097,-0.146652
555,5,1.36142,1.36142
555,6,4.45917,4.45917
555,7,-5.56428,-5.56428
555,8,7.04632,7.04632
555,9,1.57574,1.57574
555,10,-3.52357,-3.52357
555,11,-2.07316,0.0349813
555,12,-3.15758,-3.15758
555,13,-5.56461,-5.56461
555,14,4.18728,4.18728
555,15,0.83979,0.83979
555,16,5.71522,5.71522
555,17,5.66494,5.66494
555,18,1.83165,-0.0876879
555,19,-0.310675,-0.310675
555,20,-2.95242,-2.95242
556,1,2.00036,2.00036
556,2,-2.13129,-2.13129
556,3,-0.0721127,0.991468
556,4,0.250717,0.899761
556,5,-0.255053,-0.255053
556,6,3.05741,3.05741
556,7,-3.89583,-3.89583
556,8,5.17542,5.17542
556,9,-0.712627,-0.712627
556,10,-2.25025,-2.25025
556,11,0.0188588,0.999415
556,12,-1.43978,-1.43978
556,13,-2.99538,-2.99538
556,14,2.26757,2.26757
556,15,-1.63516,-1.63516
556,16,3.81274,3.81274
556,17,3.33641,3.33641
556,18,-0.0945861,0.985348
556,19,-2.42834,-2.42834
556,20,-1.32084,-1.32084
557,1,0.147335,0.147335
557,2,-0.342046,-0.342046
557,3,-1.92169,-0.0403407
557,4,1.78768,-0.110158
557,5,1.3917,1.3917
557,6,4.61521,4.61521
557,7,-5.51166,-5.51166
557,8,6.94877,6.94877
557,9,1.27321,1.27321
557,10,-3.92078,-3.92078
557,11,-1.88983,-0.0571387
557,12,-3.15098,-3.15098
557,13,-5.15285,-5.15285
557,14,4.19455,4.19455
557,15,0.373567,0.373567
557,16,5.62111,5.62111
557,17,5.46524,5.46524
557,18,1.69507,-0.153611
557,19,-0.550468,-0.550468
557,20,-3.09527,-3.09527
558,1,5.54822,5.54822
558,2,-5.7023,-5.7023
558,3,3.49969,-0.0909536
558,4,-3.31442,-0.0801731
558,5,-3.80087,-3.80087
558,6,-0.491516,-0.491516
558,7,-0.337207,-0.337207
558,8,1.64161,1.64161
558,9,-4.23128,-4.23128
558,10,1.2506,1.2506
558,11,3.54523,-0.0888808
558,12,2.1381,2.1381
558,13,0.535509,0.535509
558,14,-1.31784,-1.31784
558,15,-5.21478,-5.21478
558,16,0.247905,0.247905
558,17,-0.179366,-0.179366
558,18,-3.65554,-0.0768859
558,19,-5.9801,-5.9801
558,20,2.22471,2.22471
559,1,7.04291,7.04291
559,2,-7.56502,-7.56502
559,3,4.98244,0.0035218
559,4,-5.92701,-0.0122072
559,5,-6.00425,-6.00425
559,6,-3.10816,-3.10816
559,7,1.88212,1.88212
559,8,-0.197518,-0.197518
559,9,-5.30744,-5.30744
559,10,3.79724,3.79724
559,11,5.00941,-0.00187773
559,12,4.39484,4.39484
559,13,1.25211,1.25211
559,14,-3.17722,-3.17722
559,15,-6.34967,-6.34967
559,16,-1.60072,-1.60072
559,17,-1.25654,-1.25654
559,18,-5.52891,-0.0573347
559,19,-7.45144,-7.45144
559,20,4.44786,4.44786
560,1,-1.30498,-1.30498
560,2,0.631847,0.631847
560,3,-3.31089,-0.0796666
560,4,2.01361,0.00675585
560,5,1.97694,1.97694
560,6,4.7754,4.7754
560,7,-6.15607,-6.15607
560,8,7.92168,7.92168
560,9,3.03324,3.03324
560,10,-3.93257,-3.93257
560,11,-3.23251,-0.0657016
560,12,-3.70677,-3.70677
560,13,-7.25107,-7.25107
560,14,5.0261,5.0261
560,15,2.18816,2.18816
560,16,6.56962,6.56962
560,17,7.10352,7.10352
560,18,2.66819,0.103028
560,19,0.817425,0.817425
560,20,-3.54318,-3.54318
561,1,-1.00667,-1.00667
561,2,0.900381,0.900381
561,3,-3.00212,-0.000706874
561,4,3.40766,-0.0895073
561,5,2.79206,2.79206
561,6,6.16903,6.16903
561,7,-6.9841,-6.9841
561,8,8.14212,8.14212
561,9,2.12043,2.12043
561,10,-5.25561,-5.25561
561,11,-2.90341,0.0327598
561,12,-4.54581,-4.54581
561,13,-5.7728,-5.7728
561,14,5.30021,5.30021
561,15,1.3361,1.3361
561,16,6.82544,6.82544
561,17,6.15899,6.15899
561,18,2.93718,0.0212496
561,19,0.488078,0.488078
561,20,-4.36229,-4.36229
562,1,1.20231,1.20231
562,2,-1.2423,-1.2423
562,3,-0.892089,0.11866
562,4,1.29288,-0.195896
562,5,0.779388,0.779388
562,6,4.14074,4.14074
562,7,-4.88826,-4.88826
562,8,6.12126,6.12126
562,9,0.101436,0.101436
562,10,-3.46244,-3.46244
562,11,-0.852634,0.166727
562,12,-2.38161,-2.38161
562,13,-3.70443,-3.70443
562,14,3.15592,3.15592
562,15,-0.964789,-0.964789
562,16,4.71974,4.71974
562,17,4.1459,4.1459
562,18,0.794885,0.240553
562,19,-1.58532,-1.58532
562,20,-2.35159,-2.35159
563,1,0.849754,0.849754
563,2,-1.04265,-1.04265
563,3,-1.20303,-0.157553
563,4,1.22736,-0.169888
563,5,0.833882,0.833882
563,6,4.05252,4.05252
563,7,-4.94778,-4.94778
563,8,6.32344,6.32344
563,9,0.604479,0.604479
563,10,-3.40321,-3.40321
563,11,-1.20121,-0.156571
563,12,-2.45462,-2.45462
563,13,-4.32345,-4.32345
563,14,3.37995,3.37995
563,15,-0.468319,-0.468319
563,16,4.92741,4.92741
563,17,4.66516,4.66516
563,18,0.994424,0.00560738
563,19,-1.25566,-1.25566
563,20,-2.39481,-2.39481
564,1,-1.21343,-1.21343
564,2,1.00485,1.00485
564,3,-3.24005,-0.0672622
564,4,3.30029,-0.0780804
564,5,2.88495,2.88495
564,6,6.11064,6.11064
564,7,-7.01857,-7.01857
564,8,8.35873,8.35873
564,9,2.60192,2.60192
564,10,-5.39816,-5.39816
564,11,-3.22821,-0.0647891
564,12,-4.50659,-4.50659
564,13,-6.31369,-6.31369
564,14,5.39199,5.39199
564,15,1.58048,1.58048
564,16,6.96339,6.96339
564,17,6.6355,6.6355
564,18,3.04363,-0.0142902
564,19,0.771175,0.771175
564,20,-4.42874,-4.42874
565,1,2.353,2.353
565,2,-2.40644,-2.40644
565,3,0.306118,0.852829
565,4,0.16942,0.95345
565,5,-0.388865,-0.388865
565,6,2.98017,2.98017
565,7,-3.74309,-3.74309
565,8,4.94811,4.94811
565,9,-1.10469,-1.10469
565,10,-2.27351,-2.27351
565,11,0.333894,0.826443
565,12,-1.23799,-1.23799
565,13,-2.48028,-2.48028
565,14,1.98526,1.98526
565,15,-2.11965,-2.11965
565,16,3.5523,3.5523
565,17,2.94654,2.94654
565,18,-0.37014,0.789393
565,19,-2.77804,-2.77804
565,20,-1.1681,-1.1681
566,1,0.382175,0.382175
566,2,-0.600321,-0.600321
566,3,-1.69283,-0.154572
566,4,1.49954,-0.212271
566,5,1.14372,1.14372
566,6,4.33008,4.33008
566,7,-5.25646,-5.25646
566,8,6.7274,6.7274
566,9,1.08441,1.08441
566,10,-3.68209,-3.68209
566,11,-1.67949,-0.160188
566,12,-2.85915,-2.85915
566,13,-4.97655,-4.97655
566,14,3.91211,3.91211
566,15,0.13474,0.13474
566,16,5.36904,5.36904
566,17,5.27682,5.27682
566,18,1.4363,-0.217195
566,19,-0.76926,-0.76926
566,20,-2.83832,-2.83832
567,1,6.92172,6.92172
567,2,-7.103,-7.103
567,3,4.8834,0.0233465
567,4,-4.74424,0.048293
567,5,-5.21457,-5.21457
567,6,-1.93314,-1.93314
567,7,1.06984,1.06984
567,8,0.243544,0.243544
567,9,-5.58729,-5.58729
567,10,2.69327,2.69327
567,11,4.92566,0.0149562
567,12,3.56062,3.56062
567,13,1.88557,1.88557
567,14,-2.73101,-2.73101
567,15,-6.57467,-6.57467
567,16,-1.15233,-1.15233
567,17,-1.54728,-1.54728
567,18,-5.05793,-0.0113894
567,19,-7.36289,-7.36289
567,20,3.6565,3.6565
568,1,2.60211,2.60211
568,2,-3.21453,-3.21453
568,3,0.539909,0.584934
568,4,-1.77423,-0.116845
568,5,-1.76363,-1.76363
568,6,1.04118,1.04118
568,7,-2.36179,-2.36179
568,8,4.14484,4.14484
568,9,-0.782546,-0.782546
568,10,-0.345866,-0.345866
568,11,0.572525,0.541606
568,12,0.134634,0.134634
568,13,-3.3842,-3.3842
568,14,1.18553,1.18553
568,15,-1.79896,-1.79896
568,16,2.74845,2.74845
568,17,3.28762,3.28762
568,18,-1.17929,-0.144123
568,19,-3.01058,-3.01058
568,20,0.191655,0.191655
569,1,0.947049,0.947049
569,2,-1.28117,-1.28117
569,3,-1.09403,-0.0847046
569,4,0.708577,0.356185
569,5,0.306265,0.306265
569,6,3.45934,3.45934
569,7,-4.49893,-4.49893
569,8,5.99292,5.99292
569,9,0.452861,0.452861
569,10,-2.5725,-2.5725
569,11,-0.956865,0.0449418
569,12,-2.14364,-2.14364
569,13,-4.41103,-4.41103
569,14,3.14771,3.14771
569,15,-0.313528,-0.313528
569,16,4.64933,4.64933
569,17,4.59667,4.59667
569,18,0.756031,0.292018
569,19,-1.40754,-1.40754
569,20,-1.90833,-1.90833
570,1,8.01231,8.01231
570,2,-8.2332,-8.2332
570,3,5.98264,-0.00290054
570,4,-5.99589,-0.000684958
570,5,-6.4089,-6.4089
570,6,-3.18002,-3.18002
570,7,2.26415,2.26415
570,8,-0.942655,-0.942655
570,9,-6.6921,-6.6921
570,10,3.97749,3.97749
570,11,6.03139,0.00519672
570,12,4.72894,4.72894
570,13,2.90223,2.90223
570,14,-3.81733,-3.81733
570,15,-7.59328,-7.59328
570,16,-2.28417,-2.28417
570,17,-2.62961,-2.62961
570,18,-6.19398,0.0294148
570,19,-8.47737,-8.47737
570,20,4.81148,4.81148
571,1,1.1818,1.1818
571,2,-1.87598,-1.87598
571,3,-0.877301,0.136421
571,4,-0.600874,0.503366
571,5,-0.518161,-0.518161
571,6,2.2169,2.2169
571,7,-3.61345,-3.61345
571,8,5.46499,5.46499
571,9,0.705619,0.705619
571,10,-1.49368,-1.49368
571,11,-0.832742,0.191736
571,12,-1.1236,-1.1236
571,13,-4.9507,-4.9507
571,14,2.52299,2.52299
571,15,-0.292911,-0.292911
571,16,4.07893,4.07893
571,17,4.7606,4.7606
571,18,0.162332,0.957213
571,19,-1.60242,-1.60242
571,20,-1.05905,-1.05905
572,1,8.42603,8.42603
572,2,-8.70322,-8.70322
572,3,6.50268,0.0489489
572,4,-6.52946,0.0485411
572,5,-7.00841,-7.00841
572,6,-3.78796,-3.78796
572,7,2.80647,2.80647
572,8,-1.52417,-1.52417
572,9,-7.19739,-7.19739
572,10,4.70988,4.70988
572,11,6.55206,0.0479334
572,12,5.20649,5.20649
572,13,3.38429,3.38429
572,14,-4.22887,-4.22887
572,15,-7.9067,-7.9067
572,16,-2.77917,-2.77917
572,17,-3.13848,-3.13848
572,18,-6.66609,0.0413964
572,19,-9.01033,-9.01033
572,20,5.3939,5.3939
573,1,-0.404092,-0.404092
573,2,-0.31386,-0.31386
573,3,-2.48036,0.128088
573,4,0.86478,0.151703
573,5,0.989746,0.989746
573,6,3.7042,3.7042
573,7,-5.11993,-5.11993
573,8,7.00875,7.00875
573,9,2.31393,2.31393
573,10,-2.94389,-2.94389
573,11,-2.41228,0.126975
573,12,-2.64632,-2.64632
573,13,-6.614,-6.614
573,14,4.08669,4.08669
573,15,1.34026,1.34026
573,16,5.62838,5.62838
573,17,6.35973,6.35973
573,18,1.72854,-0.138688
573,19,-0.0136735,-0.0136735
573,20,-2.58632,-2.58632
574,1,6.99976,6.99976
574,2,-7.17074,-7.17074
574,3,5.00243,-0.000486694
574,4,-4.77991,0.0424634
574,5,-5.37466,-5.37466
574,6,-2.04229,-2.04229
574,7,1.16986,1.16986
574,8,0.0753073,0.0753073
574,9,-5.86291,-5.86291
574,10,2.98133,2.98133
574,11,5.13224,-0.025032
574,12,3.56999,3.56999
574,13,2.10825,2.10825
574,14,-2.7741,-2.7741
574,15,-6.58581,-6.58581
574,16,-1.24975,-1.24975
574,17,-1.76347,-1.76347
574,18,-5.1335,-0.0252495
574,19,-7.51287,-7.51287
574,20,3.78401,3.78401
575,1,6.21221,6.21221
575,2,-6.82016,-6.82016
575,3,4.1162,0.0276067
575,4,-5.41496,-0.0566979
575,5,-5.37667,-5.37667
575,6,-2.57357,-2.57357
575,7,1.25893,1.25893
575,8,0.530848,0.530848
575,9,-4.37072,-4.37072
575,10,3.28411,3.28411
575,11,4.16725,0.0383124
575,12,3.75684,3.75684
575,13,0.185587,0.185587
575,14,-2.42262,-2.42262
575,15,-5.39796,-5.39796
575,16,-0.860139,-0.860139
575,17,-0.321668,-0.321668
575,18,-4.78319,0.0419029
575,19,-6.60152,-6.60152
575,20,3.7925,3.7925
576,1,4.57806,4.57806
576,2,-5.20586,-5.20586
576,3,2.59171,0.117756
576,4,-3.71903,-0.0661146
576,5,-3.83337,-3.83337
576,6,-0.971213,-0.971213
576,7,-0.359265,-0.359265
576,8,2.05334,2.05334
576,9,-2.93636,-2.93636
576,10,1.86035,1.86035
576,11,2.68197,0.0998132
576,12,2.07004,2.07004
576,13,-1.2291,-1.2291
576,14,-0.803356,-0.803356
576,15,-3.73176,-3.73176
576,16,0.724534,0.724534
576,17,1.12763,1.12763
576,18,-3.16883,-0.050815
576,19,-5.09217,-5.09217
576,20,2.26684,2.26684
577,1,3.0333,3.0333
577,2,-3.52944,-3.52944
577,3,1.00038,-0.00038241
577,4,-1.84704,-0.079662
577,5,-2.0508,-2.0508
577,6,0.928376,0.928376
577,7,-2.13115,-2.13115
577,8,3.73172,3.73172
577,9,-1.48394,-1.48394
577,10,-0.0318015,-0.0318015
577,11,1.11888,-0.103794
577,12,0.287864,0.287864
577,13,-2.59441,-2.59441
577,14,0.873336,0.873336
577,15,-2.28785,-2.28785
577,16,2.39759,2.39759
577,17,2.57896,2.57896
577,18,-1.49207,-0.213269
577,19,-3.51359,-3.51359
577,20,0.469656,0.469656
578,1,2.55703,2.55703
578,2,-2.93843,-2.93843
578,3,0.507152,0.627484
578,4,-1.01745,-0.0171419
578,5,-1.31016,-1.31016
578,6,1.77142,1.77142
578,7,-2.85581,-2.85581
578,8,4.35703,4.35703
578,9,-1.07984,-1.07984
578,10,-0.921077,-0.921077
578,11,0.605963,0.496458
578,12,-0.399103,-0.399103
578,13,-2.86826,-2.86826
578,14,1.44489,1.44489
578,15,-1.95401,-1.95401
578,16,2.99775,2.99775
578,17,2.96548,2.96548
578,18,-0.901031,0.108078
578,19,-3.01097,-3.01097
578,20,-0.261074,-0.261074
579,1,8.35681,8.35681
579,2,-8.64657,-8.64657
579,3,6.27646,0.0387141
579,4,-6.63498,0.0437254
579,5,-6.99449,-6.99449
579,6,-3.83881,-3.83881
579,7,2.84226,2.84226
579,8,-1.34596,-1.34596
579,9,-6.88427,-6.88427
579,10,4.63296,4.63296
579,11,6.37399,0.0460768
579,12,5.23236,5.23236
579,13,2.96664,2.96664
579,14,-4.19678,-4.19678
579,15,-7.76872,-7.76872
579,16,-2.70033,-2.70033
579,17,-2.76798,-2.76798
579,18,-6.61054,0.0452777
579,19,-8.76832,-8.76832
579,20,5.3791,5.3791
580,1,4.63811,4.63811
580,2,-5.37023,-5.37023
580,3,2.59723,0.116884
580,4,-4.15286,0.0354091
580,5,-4.06503,-4.06503
580,6,-1.3422,-1.3422
580,7,-0.0793126,-0.0793126
580,8,1.94629,1.94629
580,9,-2.77037,-2.77037
580,10,2.12503,2.12503
580,11,2.65015,0.106993
580,12,2.38099,2.38099
580,13,-1.52028,-1.52028
580,14,-0.964749,-0.964749
580,15,-3.70354,-3.70354
580,16,0.579779,0.579779
580,17,1.29255,1.29255
580,18,-3.32954,-0.0822185
580,19,-5.08327,-5.08327
580,20,2.48371,2.48371
581,1,7.55395,7.55395
581,2,-8.07725,-8.07725
581,3,5.5549,-0.0564525
581,4,-6.39862,0.0472447
581,5,-6.63245,-6.63245
581,6,-3.65464,-3.65464
581,7,2.42933,2.42933
581,8,-0.834267,-0.834267
581,9,-6.05101,-6.05101
581,10,4.59354,4.59354
581,11,5.68118,-0.0471951
581,12,4.83103,4.83103
581,13,1.95316,1.95316
581,14,-3.67633,-3.67633
581,15,-6.78605,-6.78605
581,16,-2.15595,-2.15595
581,17,-1.96844,-1.96844
581,18,-6.03966,0.00654989
581,19,-8.06812,-8.06812
581,20,5.04909,5.04909
582,1,3.67262,3.67262
582,2,-4.37348,-4.37348
582,3,1.63419,-0.17773
582,4,-3.09588,-0.030504
582,5,-3.06351,-3.06351
582,6,-0.303258,-0.303258
582,7,-1.10303,-1.10303
582,8,2.90161,2.90161
582,9,-1.89469,-1.89469
582,10,1.16227,1.16227
582,11,1.72961,-0.138196
582,12,1.35113,1.35113
582,13,-2.37465,-2.37465
582,14,0.0219559,0.0219559
582,15,-2.75037,-2.75037
582,16,1.56118,1.56118
582,17,2.14874,2.14874
582,18,-2.33621,0.118608
582,19,-4.14331,-4.14331
582,20,1.48394,1.48394
583,1,2.60705,2.60705
583,2,-3.07513,-3.07513
583,3,0.626554,0.468407
583,4,-1.26715,-0.186933
583,5,-1.5358,-1.5358
583,6,1.48706,1.48706
583,7,-2.66061,-2.66061
583,8,4.15668,4.15668
583,9,-1.15543,-1.15543
583,10,-0.558166,-0.558166
583,11,0.725986,0.332518
583,12,-0.21461,-0.21461
583,13,-2.83932,-2.83932
583,14,1.31809,1.31809
583,15,-1.93041,-1.93041
583,16,2.84686,2.84686
583,17,2.86806,2.86806
583,18,-1.03825,-0.0367518
583,19,-3.14204,-3.14204
583,20,-0.025163,-0.025163
584,1,0.773092,0.773092
584,2,-1.08222,-1.08222
584,3,-1.31106,-0.201258
584,4,0.8932,0.117339
584,5,0.553863,0.553863
584,6,3.69269,3.69269
584,7,-4.71127,-4.71127
584,8,6.2111,6.2111
584,9,0.705661,0.705661
584,10,-2.86696,-2.86696
584,11,-1.19476,-0.153032
584,12,-2.30652,-2.30652
584,13,-4.63068,-4.63068
584,14,3.34442,3.34442
584,15,-0.1745,-0.1745
584,16,4.85439,4.85439
584,17,4.78808,4.78808
584,18,0.95451,0.0474955
584,19,-1.19194,-1.19194
584,20,-2.15211,-2.15211
585,1,3.32302,3.32302
585,2,-3.54246,-3.54246
585,3,1.29807,-0.197509
585,4,-1.26896,-0.187616
585,5,-1.69397,-1.69397
585,6,1.53822,1.53822
585,7,-2.45139,-2.45139
585,8,3.77036,3.77036
585,9,-1.99528,-1.99528
585,10,-0.751426,-0.751426
585,11,1.3418,-0.208525
585,12,0.0407506,0.0407506
585,13,-1.75855,-1.75855
585,14,0.845823,0.845823
585,15,-2.93164,-2.93164
585,16,2.40658,2.40658
585,17,2.04372,2.04372
585,18,-1.50339,-0.211716
585,19,-3.78531,-3.78531
585,20,0.126368,0.126368
586,1,8.09965,8.09965
586,2,-8.47818,-8.47818
586,3,6.03762,0.00621629
586,4,-6.54535,0.0481387
586,5,-6.77412,-6.77412
586,6,-3.73049,-3.73049
586,7,2.64345,2.64345
586,8,-1.11586,-1.11586
586,9,-6.52207,-6.52207
586,10,4.44439,4.44439
586,11,6.08058,0.0131111
586,12,5.16658,5.16658
586,13,2.6183,2.6183
586,14,-4.10955,-4.10955
586,15,-7.55365,-7.55365
586,16,-2.52108,-2.52108
586,17,-2.49046,-2.49046
586,18,-6.4418,0.0485895
586,19,-8.51489,-8.51489
586,20,5.22839,5.22839
587,1,3.46867,3.46867
587,2,-4.1939,-4.1939
587,3,1.44618,-0.216965
587,4,-2.94253,0.0194234
587,5,-2.88211,-2.88211
587,6,-0.161033,-0.161033
587,7,-1.27586,-1.27586
587,8,3.11886,3.11886
587,9,-1.62775,-1.62775
587,10,0.94064,0.94064
587,11,1.49996,-0.212212
587,12,1.19502,1.19502
587,13,-2.6425,-2.6425
587,14,0.207613,0.207613
587,15,-2.54063,-2.54063
587,16,1.75441,1.75441
587,17,2.44068,2.44068
587,18,-2.1589,0.0705822
587,19,-3.92984,-3.92984
587,20,1.31282,1.31282
588,1,4.5187,4.5187
588,2,-4.97953,-4.97953
588,3,2.54889,0.123411
588,4,-3.14052,-0.0433036
588,5,-3.42829,-3.42829
588,6,-0.393363,-0.393363
588,7,-0.774928,-0.774928
588,8,2.25419,2.25419
588,9,-3.09253,-3.09253
588,10,1.32871,1.32871
588,11,2.64191,0.108708
588,12,1.67494,1.67494
588,13,-0.890072,-0.890072
588,14,-0.592216,-0.592216
588,15,-3.85496,-3.85496
588,16,0.941479,0.941479
588,17,0.932785,0.932785
588,18,-2.94222,0.0195302
588,19,-5.06354,-5.06354
588,20,1.86853,1.86853
589,1,5.22271,5.22271
589,2,-5.68681,-5.68681
589,3,3.16236,-0.049145
589,4,-3.97895,-0.00528696
589,5,-4.15771,-4.15771
589,6,-1.17803,-1.17803
589,7,0.00146828,0.00146828
589,8,1.60466,1.60466
589,9,-3.62329,-3.62329
589,10,1.99804,1.99804
589,11,3.25881,-0.0709524
589,12,2.4486,2.4486
589,13,-0.425233,-0.425233
589,14,-1.28047,-1.28047
589,15,-4.51536,-4.51536
589,16,0.250559,0.250559
589,17,0.433573,0.433573
589,18,-3.6505,-0.0776301
589,19,-5.6654,-5.6654
589,20,2.57312,2.57312
590,1,6.2635,6.2635
590,2,-6.80179,-6.80179
590,3,4.23636,0.0508058
590,4,-5.17344,-0.03189
590,5,-5.31627,-5.31627
590,6,-2.3899,-2.3899
590,7,1.1498,1.1498
590,8,0.491324,0.491324
590,9,-4.64445,-4.64445
590,10,3.22748,3.22748
590,11,4.31731,0.0619153
590,12,3.61088,3.61088
590,13,0.554589,0.554589
590,14,-2.4131,-2.4131
590,15,-5.51852,-5.51852
590,16,-0.863602,-0.863602
590,17,-0.593321,-0.593321
590,18,-4.76414,0.0450991
590,19,-6.73383,-6.73383
590,20,3.74629,3.74629
591,1,6.17666,6.17666
591,2,-6.78691,-6.78691
591,3,4.15327,0.0354931
591,4,-5.31709,-0.0502505
591,5,-5.39703,-5.39703
591,6,-2.54115,-2.54115
591,7,1.22329,1.22329
591,8,0.486839,0.486839
591,9,-4.49496,-4.49496
591,10,3.39755,3.39755
591,11,4.24599,0.0523386
591,12,3.66299,3.66299
591,13,0.323484,0.323484
591,14,-2.38227,-2.38227
591,15,-5.3375,-5.3375
591,16,-0.852259,-0.852259
591,17,-0.436107,-0.436107
591,18,-4.7505,0.0473055
591,19,-6.6562,-6.6562
591,20,3.82181,3.82181
592,1,2.67889,2.67889
592,2,-3.29421,-3.29421
592,3,0.665129,0.415603
592,4,-1.82653,-0.0903394
592,5,-1.91944,-1.91944
592,6,0.944066,0.944066
592,7,-2.26369,-2.26369
592,8,3.96174,3.96174
592,9,-1.02428,-1.02428
592,10,-0.0506627,-0.0506627
592,11,0.768992,0.274719
592,12,0.164942,0.164942
592,13,-3.15182,-3.15182
592,14,1.10932,1.10932
592,15,-1.83086,-1.83086
592,16,2.63384,2.63384
592,17,3.02901,3.02901
592,18,-1.25668,-0.182827
592,19,-3.17506,-3.17506
592,20,0.344551,0.344551
593,1,3.85334,3.85334
593,2,-4.19626,-4.19626
593,3,1.79196,-0.108006
593,4,-2.2441,0.0984212
593,5,-2.60446,-2.60446
593,6,0.529819,0.529819
593,7,-1.57699,-1.57699
593,8,3.07407,3.07407
593,9,-2.42754,-2.42754
593,10,0.366003,0.366003
593,11,1.93141,-0.03524
593,12,0.809379,0.809379
593,13,-1.53533,-1.53533
593,14,0.217768,0.217768
593,15,-3.22217,-3.22217
593,16,1.73106,1.73106
593,17,1.66735,1.66735
593,18,-2.15881,0.0705506
593,19,-4.30385,-4.30385
593,20,1.00451,1.00451
594,1,3.03571,3.03571
594,2,-3.46367,-3.46367
594,3,0.995508,0.00451262
594,4,-1.63339,-0.178016
594,5,-1.84475,-1.84475
594,6,1.17618,1.17618
594,7,-2.30143,-2.30143
594,8,3.84026,3.84026
594,9,-1.49159,-1.49159
594,10,-0.378334,-0.378334
594,11,1.05741,-0.0539973
594,12,0.173501,0.173501
594,13,-2.49207,-2.49207
594,14,0.933597,0.933597
594,15,-2.41331,-2.41331
594,16,2.48408,2.48408
594,17,2.55672,2.55672
594,18,-1.42548,-0.217209
594,19,-3.48921,-3.48921
594,20,0.268685,0.268685
595,1,6.95629,6.95629
595,2,-7.33117,-7.33117
595,3,4.90962,0.0181618
595,4,-5.38786,-0.0554505
595,5,-5.68148,-5.68148
595,6,-2.60107,-2.60107
595,7,1.52122,1.52122
595,8,-0.0149222,-0.0149222
595,9,-5.45834,-5.45834
595,10,3.40922,3.40922
595,11,4.9942,0.00116149
595,12,3.98717,3.98717
595,13,1.53202,1.53202
595,14,-2.94849,-2.94849
595,15,-6.3716,-6.3716
595,16,-1.38908,-1.38908
595,17,-1.40505,-1.40505
595,18,-5.29416,-0.0479857
595,19,-7.40252,-7.40252
595,20,4.12008,4.12008
596,1,7.72736,7.72736
596,2,-8.36798,-8.36798
596,3,5.683,-0.0470069
596,4,-6.96777,0.00461727
596,5,-6.97786,-6.97786
596,6,-4.1732,-4.1732
596,7,2.8251,2.8251
596,8,-1.05264,-1.05264
596,9,-5.95262,-5.95262
596,10,4.96197,4.96197
596,11,5.75087,-0.0390315
596,12,5.29307,5.29307
596,13,1.75621,1.75621
596,14,-3.97145,-3.97145
596,15,-6.87648,-6.87648
596,16,-2.4205,-2.4205
596,17,-1.8941,-1.8941
596,18,-6.33199,0.0434288
596,19,-8.17241,-8.17241
596,20,5.40991,5.40991
597,1,3.83797,3.83797
597,2,-4.57508,-4.57508
597,3,1.84457,-0.0809546
597,4,-3.31869,-0.0807704
597,5,-3.31013,-3.31013
597,6,-0.561641,-0.561641
597,7,-0.881107,-0.881107
597,8,2.67756,2.67756
597,9,-2.09169,-2.09169
597,10,1.46332,1.46332
597,11,1.9397,-0.030904
597,12,1.55597,1.55597
597,13,-2.18986,-2.18986
597,14,-0.177328,-0.177328
597,15,-2.88228,-2.88228
597,16,1.35258,1.35258
597,17,1.95915,1.95915
597,18,-2.53813,0.124513
597,19,-4.35245,-4.35245
597,20,1.74117,1.74117
598,1,0.505955,0.505955
598,2,-0.979056,-0.979056
598,3,-1.48676,-0.213911
598,4,0.791272,0.245286
598,5,0.533673,0.533673
598,6,3.55015,3.55015
598,7,-4.73115,-4.73115
598,8,6.24585,6.24585
598,9,0.958407,0.958407
598,10,-2.60815,-2.60815
598,11,-1.37219,-0.213522
598,12,-2.30304,-2.30304
598,13,-4.97747,-4.97747
598,14,3.42141,3.42141
598,15,0.197333,0.197333
598,16,4.9398,4.9398
598,17,4.98878,4.98878
598,18,1.05799,-0.0545064
598,19,-1.03442,-1.03442
598,20,-2.10035,-2.10035
599,1,-0.448802,-0.448802
599,2,0.237072,0.237072
599,3,-2.48525,0.127942
599,4,2.50521,0.127042
599,5,2.06485,2.06485
599,6,5.30502,5.30502
599,7,-6.22314,-6.22314
599,8,7.52798,7.52798
599,9,1.7358,1.7358
599,10,-4.47083,-4.47083
599,11,-2.40418,0.126445
599,12,-3.73586,-3.73586
599,13,-5.50937,-5.50937
599,14,4.61497,4.61497
599,15,0.854455,0.854455
599,16,6.17287,6.17287
599,17,5.77227,5.77227
599,18,2.27431,0.106227
599,19,-0.0189435,-0.0189435
599,20,-3.64605,-3.64605
600,1,7.48817,7.48817
600,2,-7.57645,-7.57645
600,3,5.41724,-0.0567838
600,4,-5.11919,-0.022743
600,5,-5.63258,-5.63258
600,6,-2.30253,-2.30253
600,7,1.50272,1.50272
600,8,-0.239357,-0.239357
600,9,-6.19297,-6.19297
600,10,3.01812,3.01812
600,11,5.46762,-0.0579163
600,12,3.98131,3.98131
600,13,2.5279,2.5279
600,14,-3.16347,-3.16347
600,15,-7.18108,-7.18108
600,16,-1.61969,-1.61969
600,17,-2.118,-2.118
600,18,-5.5408,-0.0569771
600,19,-7.89733,-7.89733
600,20,4.03953,4.03953
601,1,4.82726,4.82726
601,2,-5.47573,-5.47573
601,3,2.7637,0.0778623
601,4,-4.09956,0.0238914
601,5,-4.04267,-4.04267
601,6,-1.27342,-1.27342
601,7,-0.076687,-0.076687
601,8,1.89813,1.89813
601,9,-2.95185,-2.95185
601,10,1.94872,1.94872
601,11,2.78287,0.072111
601,12,2.43574,2.43574
601,13,-1.23577,-1.23577
601,14,-1.08612,-1.08612
601,15,-4.00543,-4.00543
601,16,0.489665,0.489665
601,17,1.10596,1.10596
601,18,-3.43762,-0.0908237
601,19,-5.23026,-5.23026
601,20,2.47662,2.47662
602,1,7.12257,7.12257
602,2,-7.65385,-7.65385
602,3,5.12938,-0.0245341
602,4,-5.9773,-0.0037937
602,5,-6.19499,-6.19499
602,6,-3.2353,-3.2353
602,7,1.99717,1.99717
602,8,-0.388656,-0.388656
602,9,-5.58952,-5.58952
602,10,4.13207,4.13207
602,11,5.23203,-0.0405235
602,12,4.41739,4.41739
602,13,1.4998,1.4998
602,14,-3.25667,-3.25667
602,15,-6.36299,-6.36299
602,16,-1.72491,-1.72491
602,17,-1.50285,-1.50285
602,18,-5.61737,-0.0528564
602,19,-7.63094,-7.63094
602,20,4.62113,4.62113
603,1,7.91283,7.91283
603,2,-8.58262,-8.58262
603,3,5.87328,-0.0210107
603,4,-7.24201,-0.0302895
603,5,-7.24554,-7.24554
603,6,-4.45384,-4.45384
603,7,3.07596,3.07596
603,8,-1.3025,-1.3025
603,9,-6.16265,-6.16265
603,10,5.31179,5.31179
603,11,5.97011,-0.00499848
603,12,5.52731,5.52731
603,13,1.92371,1.92371
603,14,-4.18923,-4.18923
603,15,-7.01754,-7.01754
603,16,-2.64784,-2.64784
603,17,-2.11447,-2.11447
603,18,-6.54562,0.0481309
603,19,-8.38112,-8.38112
603,20,5.66908,5.66908
604,1,4.27073,4.27073
604,2,-5.02026,-5.02026
604,3,2.26998,0.105178
604,4,-3.80141,-0.0489167
604,5,-3.77976,-3.77976
604,6,-1.04292,-1.04292
604,7,-0.412598,-0.412598
604,8,2.22297,2.22297
604,9,-2.51247,-2.51247
604,10,1.95951,1.95951
604,11,2.37863,0.12421
604,12,2.01705,2.01705
604,13,-1.78948,-1.78948
604,14,-0.620709,-0.620709
604,15,-3.29237,-3.29237
604,16,0.904343,0.904343
604,17,1.53504,1.53504
604,18,-2.98352,0.00552063
604,19,-4.78331,-4.78331
604,20,2.20843,2.20843
605,1,5.57223,5.57223
605,2,-6.0649,-6.0649
605,3,3.55942,-0.0878738
605,4,-4.35832,0.0659186
605,5,-4.59991,-4.59991
605,6,-1.60015,-1.60015
605,7,0.401219,0.401219
605,8,1.16434,1.16434
605,9,-4.08224,-4.08224
605,10,2.55039,2.55039
605,11,3.69635,-0.0702434
605,12,2.80279,2.80279
605,13,0.00868503,0.00868503
605,14,-1.65972,-1.65972
605,15,-4.82265,-4.82265
605,16,-0.147241,-0.147241
605,17,-0.0206954,-0.0206954
605,18,-4.02773,0.00687582
605,19,-6.08208,-6.08208
605,20,3.0177,3.0177
606,1,0.848401,0.848401
606,2,-1.4101,-1.4101
606,3,-1.18975,-0.15021
606,4,0.1478,0.964452
606,5,0.0472514,0.0472514
606,6,2.9446,2.9446
606,7,-4.20936,-4.20936
606,8,5.86936,5.86936
606,9,0.794489,0.794489
606,10,-2.09444,-2.09444
606,11,-1.09914,-0.0887465
606,12,-1.74784,-1.74784
606,13,-4.92071,-4.92071
606,14,2.9823,2.9823
606,15,-0.0735127,-0.0735127
606,16,4.52529,4.52529
606,17,4.83458,4.83458
606,18,0.627465,0.467163
606,19,-1.31708,-1.31708
606,20,-1.62551,-1.62551
607,1,3.58674,3.58674
607,2,-3.83589,-3.83589
607,3,1.61028,-0.185927
607,4,-1.61182,-0.185424
607,5,-2.06142,-2.06142
607,6,1.16044,1.16044
607,7,-2.1157,-2.1157
607,8,3.40148,3.40148
607,9,-2.3648,-2.3648
607,10,-0.292001,-0.292001
607,11,1.66869,-0.164588
607,12,0.345158,0.345158
607,13,-1.46048,-1.46048
607,14,0.583544,0.583544
607,15,-3.13556,-3.13556
607,16,2.09599,2.09599
607,17,1.7117,1.7117
607,18,-1.79923,-0.104336
607,19,-4.11536,-4.11536
607,20,0.429329,0.429329
608,1,7.69251,7.69251
608,2,-8.08408,-8.08408
608,3,5.62107,-0.052581
608,4,-6.207,0.0310486
608,5,-6.4162,-6.4162
608,6,-3.3839,-3.3839
608,7,2.28264,2.28264
608,8,-0.743878,-0.743878
608,9,-6.09702,-6.09702
608,10,4.11909,4.11909
608,11,5.6808,-0.0472345
608,12,4.79711,4.79711
608,13,2.16775,2.16775
608,14,-3.70947,-3.70947
608,15,-7.11513,-7.11513
608,16,-2.13478,-2.13478
608,17,-2.07777,-2.07777
608,18,-6.04552,0.00750395
608,19,-8.11045,-8.11045
608,20,4.85469,4.85469
609,1,2.83972,2.83972
609,2,-3.54341,-3.54341
609,3,0.820951,0.206778
609,4,-2.23946,0.0971229
609,5,-2.20592,-2.20592
609,6,0.541001,0.541001
609,7,-1.95339,-1.95339
609,8,3.76633,3.76633
609,9,-1.03243,-1.03243
609,10,0.249778,0.249778
609,11,0.878151,0.135393
609,12,0.522376,0.522376
609,13,-3.20986,-3.20986
609,14,0.850448,0.850448
609,15,-1.94126,-1.94126
609,16,2.40236,2.40236
609,17,3.02701,3.02701
609,18,-1.50799,-0.211016
609,19,-3.30613,-3.30613
609,20,0.64088,0.64088
610,1,3.43511,3.43511
610,2,-3.81845,-3.81845
610,3,1.41086,-0.216825
610,4,-1.88947,-0.0573295
610,5,-2.24598,-2.24598
610,6,0.860977,0.860977
610,7,-1.9532,-1.9532
610,8,3.44019,3.44019
610,9,-2.04455,-2.04455
610,10,0.0627806,0.0627806
610,11,1.54589,-0.203771
610,12,0.447295,0.447295
610,13,-1.9405,-1.9405
610,14,0.578755,0.578755
610,15,-2.79044,-2.79044
610,16,2.10437,2.10437
610,17,2.0542,2.0542
610,18,-1.78168,-0.11315
610,19,-3.92407,-3.92407
610,20,0.651414,0.651414
611,1,1.71692,1.71692
611,2,-2.12261,-2.12261
611,3,-0.334914,0.825439
611,4,-0.244489,0.904535
611,5,-0.4759,-0.4759
611,6,2.56291,2.56291
611,7,-3.67416,-3.67416
611,8,5.18789,5.18789
611,9,-0.186099,-0.186099
611,10,-1.75806,-1.75806
611,11,-0.262064,0.890797
611,12,-1.18027,-1.18027
611,13,-3.76521,-3.76521
611,14,2.25362,2.25362
611,15,-1.12174,-1.12174
611,16,3.82262,3.82262
611,17,3.83862,3.83862
611,18,-0.0856005,0.98799
611,19,-2.16421,-2.16421
611,20,-1.08447,-1.08447
612,1,7.11688,7.11688
612,2,-7.33849,-7.33849
612,3,5.09372,-0.0181352
612,4,-5.20747,-0.0370789
612,5,-5.64681,-5.64681
612,6,-2.42039,-2.42039
612,7,1.48941,1.48941
612,8,-0.101108,-0.101108
612,9,-5.78795,-5.78795
612,10,3.21606,3.21606
612,11,5.15669,-0.0291739
612,12,3.83769,3.83769
612,13,1.90005,1.90005
612,14,-2.81425,-2.81425
612,15,-6.57099,-6.57099
612,16,-1.39382,-1.39382
612,17,-1.61018,-1.61018
612,18,-5.30295,-0.0488864
612,19,-7.58417,-7.58417
612,20,3.95506,3.95506
613,1,5.32765,5.32765
613,2,-5.96376,-5.96376
613,3,3.26819,-0.0726909
613,4,-4.57125,0.0678957
613,5,-4.5583,-4.5583
613,6,-1.73947,-1.73947
613,7,0.422582,0.422582
613,8,1.36654,1.36654
613,9,-3.52048,-3.52048
613,10,2.50604,2.50604
613,11,3.32216,-0.0812449
613,12,2.8953,2.8953
613,13,-0.673034,-0.673034
613,14,-1.57129,-1.57129
613,15,-4.49661,-4.49661
613,16,-0.016739,-0.016739
613,17,0.524836,0.524836
613,18,-3.91787,-0.020732
613,19,-5.75645,-5.75645
613,20,2.97096,2.97096
614,1,5.13203,5.13203
614,2,-5.70574,-5.70574
614,3,3.14285,-0.0439415
614,4,-4.10542,0.0252108
614,5,-4.26898,-4.26898
614,6,-1.35428,-1.35428
614,7,0.0785213,0.0785213
614,8,1.55367,1.55367
614,9,-3.55937,-3.55937
614,10,2.25093,2.25093
614,11,3.23619,-0.066468
614,12,2.5207,2.5207
614,13,-0.555507,-0.555507
614,14,-1.31359,-1.31359
614,15,-4.35077,-4.35077
614,16,0.223177,0.223177
614,17,0.497499,0.497499
614,18,-3.66907,-0.0748027
614,19,-5.64636,-5.64636
614,20,2.69959,2.69959
615,1,5.15701,5.15701
615,2,-5.69446,-5.69446
615,3,3.12357,-0.038573
615,4,-4.0814,0.0197283
615,5,-4.22803,-4.22803
615,6,-1.30037,-1.30037
615,7,0.0533738,0.0533738
615,8,1.5799,1.5799
615,9,-3.55663,-3.55663
615,10,2.17076,2.17076
615,11,3.22675,-0.0644774
615,12,2.50538,2.50538
615,13,-0.548539,-0.548539
615,14,-1.30498,-1.30498
615,15,-4.39487,-4.39487
615,16,0.236682,0.236682
615,17,0.491011,0.491011
615,18,-3.65781,-0.0765448
615,19,-5.63333,-5.63333
615,20,2.65118,2.65118
616,1,-0.950496,-0.950496
616,2,0.41254,0.41254
616,3,-2.98029,0.00661063
616,4,2.03367,0.0165253
616,5,1.88405,1.88405
616,6,4.81177,4.81177
616,7,-6.05735,-6.05735
616,8,7.69198,7.69198
616,9,2.55456,2.55456
616,10,-3.95132,-3.95132
616,11,-2.88383,0.0393962
616,12,-3.60289,-3.60289
616,13,-6.65403,-6.65403
616,14,4.80194,4.80194
616,15,1.70769,1.70769
616,16,6.34623,6.34623
616,17,6.60504,6.60504
616,18,2.449,0.128311
616,19,0.475292,0.475292
616,20,-3.45838,-3.45838
617,1,6.22523,6.22523
617,2,-6.33272,-6.33272
617,3,4.20761,0.0459165
617,4,-3.85585,-0.0361202
617,5,-4.43619,-4.43619
617,6,-1.078,-1.078
617,7,0.262811,0.262811
617,8,0.933293,0.933293
617,9,-5.05271,-5.05271
617,10,1.93733,1.93733
617,11,4.29581,0.0593679
617,12,2.70688,2.70688
617,13,1.38848,1.38848
617,14,-1.92563,-1.92563
617,15,-5.8928,-5.8928
617,16,-0.398693,-0.398693
617,17,-1.00144,-1.00144
617,18,-4.29626,0.0594248
617,19,-6.71216,-6.71216
617,20,2.85937,2.85937
618,1,6.66218,6.66218
618,2,-7.20933,-7.20933
618,3,4.57758,0.0674818
618,4,-5.67924,-0.0473948
618,5,-5.69836,-5.69836
618,6,-2.83755,-2.83755
618,7,1.586,1.586
618,8,0.151376,0.151376
618,9,-4.863,-4.863
618,10,3.51889,3.51889
618,11,4.61155,0.0648288
618,12,4.08454,4.08454
618,13,0.753514,0.753514
618,14,-2.80479,-2.80479
618,15,-5.9159,-5.9159
618,16,-1.24686,-1.24686
618,17,-0.809466,-0.809466
618,18,-5.17163,-0.0316017
618,19,-7.05248,-7.05248
618,20,4.12098,4.12098
619,1,7.48503,7.48503
619,2,-8.13403,-8.13403
619,3,5.48635,-0.0579652
619,4,-6.70045,0.0383936
619,5,-6.77807,-6.77807
619,6,-3.94426,-3.94426
619,7,2.59369,2.59369
619,8,-0.855405,-0.855405
619,9,-5.79666,-5.79666
619,10,4.80721,4.80721
619,11,5.57146,-0.0556986
619,12,5.02597,5.02597
619,13,1.6015,1.6015
619,14,-3.73387,-3.73387
619,15,-6.61854,-6.61854
619,16,-2.19969,-2.19969
619,17,-1.72154,-1.72154
619,18,-6.09651,0.0155894
619,19,-7.98118,-7.98118
619,20,5.20916,5.20916
620,1,-1.05147,-1.05147
620,2,0.335034,0.335034
620,3,-3.06036,-0.0196042
620,4,1.61231,-0.185262
620,5,1.61676,1.61676
620,6,4.38071,4.38071
620,7,-5.80362,-5.80362
620,8,7.58736,7.58736
620,9,2.78642,2.78642
620,10,-3.47509,-3.47509
620,11,-2.95692,0.014525
620,12,-3.36538,-3.36538
620,13,-7.06153,-7.06153
620,14,4.7307,4.7307
620,15,1.99245,1.99245
620,16,6.26157,6.26157
620,17,6.83301,6.83301
620,18,2.37225,0.123518
620,19,0.546996,0.546996
620,20,-3.19163,-3.19163
621,1,3.88086,3.88086
621,2,-4.00538,-4.00538
621,3,1.88187,-0.0613401
621,4,-1.54617,-0.203708
621,5,-2.15006,-2.15006
621,6,1.21345,1.21345
621,7,-2.04534,-2.04534
621,8,3.22256,3.22256
621,9,-2.74615,-2.74615
621,10,-0.278451,-0.278451
621,11,1.99787,-0.00106793
621,12,0.377892,0.377892
621,13,-0.923316,-0.923316
621,14,0.399203,0.399203
621,15,-3.51941,-3.51941
621,16,1.91488,1.91488
621,17,1.28343,1.28343
621,18,-1.96849,-0.0159824
621,19,-4.40151,-4.40151
621,20,0.586418,0.586418
622,1,0.0258618,0.0258618
622,2,-0.415884,-0.415884
622,3,-2.06441,0.0309873
622,4,1.42916,-0.217232
622,5,1.26253,1.26253
622,6,4.27776,4.27776
622,7,-5.37209,-5.37209
622,8,6.94545,6.94545
622,9,1.61927,1.61927
622,10,-3.5876,-3.5876
622,11,-2.02166,0.0107047
622,12,-2.86296,-2.86296
622,13,-5.56109,-5.56109
622,14,3.97567,3.97567
622,15,0.553057,0.553057
622,16,5.5444,5.5444
622,17,5.65187,5.65187
622,18,1.62164,-0.182131
622,19,-0.414688,-0.414688
622,20,-2.82184,-2.82184
623,1,1.07634,1.07634
623,2,-1.2416,-1.2416
623,3,-0.95255,0.0496291
623,4,1.1428,-0.120806
623,5,0.627133,0.627133
623,6,3.92005,3.92005
623,7,-4.78848,-4.78848
623,8,6.0819,6.0819
623,9,0.206217,0.206217
623,10,-3.12665,-3.12665
623,11,-0.883147,0.129362
623,12,-2.32581,-2.32581
623,13,-3.90905,-3.90905
623,14,3.14535,3.14535
623,15,-0.710615,-0.710615
623,16,4.70438,4.70438
623,17,4.27278,4.27278
623,18,0.795007,0.240393
623,19,-1.53038,-1.53038
623,20,-2.17939,-2.17939
624,1,-0.309324,-0.309324
624,2,0.112421,0.112421
624,3,-2.3652,0.122692
624,4,2.36512,0.122682
624,5,1.97254,1.97254
624,6,5.19096,5.19096
624,7,-6.09549,-6.09549
624,8,7.45363,7.45363
624,9,1.73008,1.73008
624,10,-4.49257,-4.49257
624,11,-2.34033,0.119254
624,12,-3.60961,-3.60961
624,13,-5.46976,-5.46976
624,14,4.53176,4.53176
624,15,0.705949,0.705949
624,16,6.07496,6.07496
624,17,5.78267,5.78267
624,18,2.14871,0.0667177
624,19,-0.109349,-0.109349
624,20,-3.53798,-3.53798
625,1,4.26021,4.26021
625,2,-4.36656,-4.36656
625,3,2.21151,0.0887564
625,4,-1.91403,-0.044372
625,5,-2.42751,-2.42751
625,6,0.89874,0.89874
625,7,-1.70535,-1.70535
625,8,2.97963,2.97963
625,9,-2.97031,-2.97031
625,10,-0.18284,-0.18284
625,11,2.24478,0.0986099
625,12,0.768089,0.768089
625,13,-0.698692,-0.698692
625,14,0.0439492,0.0439492
625,15,-3.95208,-3.95208
625,16,1.59087,1.59087
625,17,1.11433,1.11433
625,18,-2.328,0.117251
625,19,-4.68336,-4.68336
625,20,0.841178,0.841178
626,1,7.55299,7.55299
626,2,-7.96615,-7.96615
626,3,5.49083,-0.0579471
626,4,-6.14046,0.0221394
626,5,-6.3192,-6.3192
626,6,-3.31504,-3.31504
626,7,2.19893,2.19893
626,8,-0.60558,-0.60558
626,9,-5.90348,-5.90348
626,10,3.99262,3.99262
626,11,5.50998,-0.0577412
626,12,4.68892,4.68892
626,13,1.94228,1.94228
626,14,-3.55337,-3.55337
626,15,-6.94434,-6.94434
626,16,-2.00101,-2.00101
626,17,-1.83706,-1.83706
626,18,-5.92821,-0.0120071
626,19,-7.95841,-7.95841
626,20,4.74448,4.74448
627,1,-0.237753,-0.237753
627,2,-0.46233,-0.46233
627,3,-2.24687,0.0991836
627,4,0.863444,0.153346
627,5,0.878902,0.878902
627,6,3.64209,3.64209
627,7,-5.04357,-5.04357
627,8,6.84455,6.84455
627,9,2.02291,2.02291
627,10,-2.83654,-2.83654
627,11,-2.19176,0.0822959
627,12,-2.57558,-2.57558
627,13,-6.25742,-6.25742
627,14,3.93077,3.93077
627,15,1.12913,1.12913
627,16,5.48135,5.48135
627,17,6.08385,6.08385
627,18,1.57576,-0.196308
627,19,-0.239077,-0.239077
627,20,-2.44473,-2.44473
628,1,3.76843,3.76843
628,2,-3.94233,-3.94233
628,3,1.74931,-0.128946
628,4,-1.58313,-0.194246
628,5,-2.14462,-2.14462
628,6,1.16974,1.16974
628,7,-2.05252,-2.05252
628,8,3.31678,3.31678
628,9,-2.59735,-2.59735
628,10,-0.249234,-0.249234
628,11,1.87966,-0.0625067
628,12,0.360182,0.360182
628,13,-1.1715,-1.1715
628,14,0.44881,0.44881
628,15,-3.34805,-3.34805
628,16,1.98108,1.98108
628,17,1.49598,1.49598
628,18,-1.90561,-0.0488083
628,19,-4.26252,-4.26252
628,20,0.553236,0.553236
629,1,4.82837,4.82837
629,2,-5.221,-5.221
629,3,2.74435,0.0834574
629,4,-3.35974,-0.0856928
629,5,-3.54427,-3.54427
629,6,-0.523955,-0.523955
629,7,-0.576418,-0.576418
629,8,2.13024,2.13024
629,9,-3.20694,-3.20694
629,10,1.23639,1.23639
629,11,2.79355,0.0688279
629,12,1.93272,1.93272
629,13,-0.733083,-0.733083
629,14,-0.834434,-0.834434
629,15,-4.2481,-4.2481
629,16,0.739033,0.739033
629,17,0.823843,0.823843
629,18,-3.18442,-0.0547278
629,19,-5.2286,-5.2286
629,20,1.98713,1.98713
630,1,8.00026,8.00026
630,2,-8.49654,-8.49654
630,3,5.9722,-0.00464874
630,4,-6.78765,0.0290153
630,5,-6.96756,-6.96756
630,6,-4.00821,-4.00821
630,7,2.80701,2.80701
630,8,-1.18206,-1.18206
630,9,-6.38791,-6.38791
630,10,4.80073,4.80073
630,11,6.03899,0.00643991
630,12,5.26283,5.26283
630,13,2.34304,2.34304
630,14,-4.09693,-4.09693
630,15,-7.29369,-7.29369
630,16,-2.55035,-2.55035
630,17,-2.31445,-2.31445
630,18,-6.46028,0.0488888
630,19,-8.45654,-8.45654
630,20,5.40162,5.40162
631,1,4.4444,4.4444
631,2,-5.17631,-5.17631
631,3,2.42566,0.127664
631,4,-3.93995,-0.0151523
631,5,-3.89191,-3.89191
631,6,-1.15945,-1.15945
631,7,-0.278009,-0.278009
631,8,2.107,2.107
631,9,-2.63895,-2.63895
631,10,2.00052,2.00052
631,11,2.50303,0.127164
631,12,2.17243,2.17243
631,13,-1.64748,-1.64748
631,14,-0.774596,-0.774596
631,15,-3.49694,-3.49694
631,16,0.761767,0.761767
631,17,1.41915,1.41915
631,18,-3.13913,-0.042924
631,19,-4.92428,-4.92428
631,20,2.31767,2.31767
632,1,4.47646,4.47646
632,2,-4.98074,-4.98074
632,3,2.46781,0.128326
632,4,-3.28538,-0.0756864
632,5,-3.52426,-3.52426
632,6,-0.533704,-0.533704
632,7,-0.676482,-0.676482
632,8,2.25748,2.25748
632,9,-2.97712,-2.97712
632,10,1.4743,1.4743
632,11,2.59898,0.116602
632,12,1.72475,1.72475
632,13,-1.1071,-1.1071
632,14,-0.577184,-0.577184
632,15,-3.71836,-3.71836
632,16,0.939135,0.939135
632,17,1.09665,1.09665
632,18,-2.94342,0.0191215
632,19,-4.98534,-4.98534
632,20,1.94076,1.94076
633,1,-0.0258472,-0.0258472
633,2,-0.445159,-0.445159
633,3,-2.0769,0.036666
633,4,1.26575,-0.186398
633,5,1.07126,1.07126
633,6,4.06043,4.06043
633,7,-5.23551,-5.23551
633,8,6.83174,6.83174
633,9,1.6012,1.6012
633,10,-3.20653,-3.20653
633,11,-1.97341,-0.013456
633,12,-2.80392,-2.80392
633,13,-5.65451,-5.65451
633,14,3.96368,3.96368
633,15,0.741765,0.741765
633,16,5.49014,5.49014
633,17,5.6577,5.6577
633,18,1.59229,-0.191563
633,19,-0.430674,-0.430674
633,20,-2.65471,-2.65471
634,1,2.63372,2.63372
634,2,-2.79843,-2.79843
634,3,0.588466,0.520158
634,4,-0.439758,0.710905
634,5,-0.952064,-0.952064
634,6,2.3476,2.3476
634,7,-3.21254,-3.21254
634,8,4.50152,4.50152
634,9,-1.36584,-1.36584
634,10,-1.50747,-1.50747
634,11,0.684451,0.38914
634,12,-0.762376,-0.762376
634,13,-2.35866,-2.35866
634,14,1.58886,1.58886
634,15,-2.24925,-2.24925
634,16,3.13952,3.13952
634,17,2.68615,2.68615
634,18,-0.760607,0.285897
634,19,-3.0877,-3.0877
634,20,-0.612363,-0.612363
635,1,3.06854,3.06854
635,2,-3.34164,-3.34164
635,3,0.979441,0.020976
635,4,-1.31001,-0.200972
635,5,-1.62558,-1.62558
635,6,1.51751,1.51751
635,7,-2.49586,-2.49586
635,8,3.9931,3.9931
635,9,-1.58211,-1.58211
635,10,-0.814394,-0.814394
635,11,1.02442,-0.023812
635,12,-0.061528,-0.061528
635,13,-2.3416,-2.3416
635,14,1.11358,1.11358
635,15,-2.52909,-2.52909
635,16,2.62011,2.62011
635,17,2.5585,2.5585
635,18,-1.30533,-0.199653
635,19,-3.45555,-3.45555
635,20,-0.0324496,-0.0324496
636,1,3.00416,3.00416
636,2,-3.36562,-3.36562
636,3,0.953413,0.0486895
636,4,-1.39221,-0.215652
636,5,-1.68735,-1.68735
636,6,1.40781,1.40781
636,7,-2.46197,-2.46197
636,8,3.97197,3.97197
636,9,-1.48359,-1.48359
636,10,-0.638495,-0.638495
636,11,1.01472,-0.0144965
636,12,0.00844314,0.00844314
636,13,-2.42214,-2.42214
636,14,1.02018,1.02018
636,15,-2.44467,-2.44467
636,16,2.58496,2.58496
636,17,2.57527,2.57527
636,18,-1.32455,-0.204725
636,19,-3.43597,-3.43597
636,20,0.121127,0.121127
637,1,3.71639,3.71639
637,2,-4.07889,-4.07889
637,3,1.66417,-0.166392
637,4,-2.11738,0.0541867
637,5,-2.40893,-2.40893
637,6,0.675255,0.675255
637,7,-1.74283,-1.74283
637,8,3.25255,3.25255
637,9,-2.20374,-2.20374
637,10,0.105351,0.105351
637,11,1.73506,-0.135669
637,12,0.724872,0.724872
637,13,-1.70982,-1.70982
637,14,0.309559,0.309559
637,15,-3.14554,-3.14554
637,16,1.87065,1.87065
637,17,1.85587,1.85587
637,18,-2.04269,0.0208354
637,19,-4.14956,-4.14956
637,20,0.852117,0.852117
638,1,2.18714,2.18714
638,2,-2.61388,-2.61388
638,3,0.163435,0.956638
638,4,-0.754866,0.293578
638,5,-0.980018,-0.980018
638,6,2.0396,2.0396
638,7,-3.17236,-3.17236
638,8,4.70011,4.70011
638,9,-0.649964,-0.649964
638,10,-1.25567,-1.25567
638,11,0.2118,0.927826
638,12,-0.681316,-0.681316
638,13,-3.30979,-3.30979
638,14,1.77485,1.77485
638,15,-1.57934,-1.57934
638,16,3.33487,3.33487
638,17,3.3943,3.3943
638,18,-0.577492,0.53494
638,19,-2.65066,-2.65066
638,20,-0.581482,-0.581482
639,1,5.77805,5.77805
639,2,-6.02472,-6.02472
639,3,3.71607,-0.0666692
639,4,-3.96334,-0.00922875
639,5,-4.38059,-4.38059
639,6,-1.17663,-1.17663
639,7,0.220019,0.220019
639,8,1.24123,1.24123
639,9,-4.37107,-4.37107
639,10,1.97966,1.97966
639,11,3.81487,-0.0458384
639,12,2.55328,2.55328
639,13,0.45568,0.45568
639,14,-1.52319,-1.52319
639,15,-5.18586,-5.18586
639,16,-0.0823333,-0.0823333
639,17,-0.199107,-0.199107
639,18,-3.9883,-0.00293182
639,19,-6.20857,-6.20857
639,20,2.72057,2.72057
640,1,6.36075,6.36075
640,2,-6.9139,-6.9139
640,3,4.31628,0.0617999
640,4,-5.33443,-0.051779
640,5,-5.41515,-5.41515
640,6,-2.5091,-2.5091
640,7,1.27629,1.27629
640,8,0.408542,0.408542
640,9,-4.66486,-4.66486
640,10,3.29025,3.29025
640,11,4.36407,0.066389
640,12,3.74771,3.74771
640,13,0.56266,0.56266
640,14,-2.51924,-2.51924
640,15,-5.62144,-5.62144
640,16,-0.964839,-0.964839
640,17,-0.619739,-0.619739
640,18,-4.86959,0.026037
640,19,-6.80382,-6.80382
640,20,3.83696,3.83696
641,1,0.549219,0.549219
641,2,-1.1725,-1.1725
641,3,-1.46207,-0.216168
641,4,0.292281,0.865283
641,5,0.207347,0.207347
641,6,3.05859,3.05859
641,7,-4.38463,-4.38463
641,8,6.1023,6.1023
641,9,1.13081,1.13081
641,10,-2.1998,-2.1998
641,11,-1.37226,-0.213531
641,12,-1.94923,-1.94923
641,13,-5.30565,-5.30565
641,14,3.23227,3.23227
641,15,0.296054,0.296054
641,16,4.76215,4.76215
641,17,5.19516,5.19516
641,18,0.86433,0.152256
641,19,-1.03674,-1.03674
641,20,-1.77898,-1.77898
642,1,0.945899,0.945899
642,2,-1.18586,-1.18586
642,3,-1.04304,-0.0411342
642,4,1.06684,-0.0621962
642,5,0.598319,0.598319
642,6,3.8376,3.8376
642,7,-4.78217,-4.78217
642,8,6.06137,6.06137
642,9,0.250259,0.250259
642,10,-2.94067,-2.94067
642,11,-0.963707,0.0375786
642,12,-2.31872,-2.31872
642,13,-4.07282,-4.07282
642,14,3.20787,3.20787
642,15,-0.507151,-0.507151
642,16,4.74175,4.74175
642,17,4.3229,4.3229
642,18,0.851673,0.167925
642,19,-1.46804,-1.46804
642,20,-2.21988,-2.21988
643,1,8.61239,8.61239
643,2,-8.80633,-8.80633
643,3,6.54369,0.0481864
643,4,-6.55766,0.0477458
643,5,-6.95884,-6.95884
643,6,-3.73513,-3.73513
643,7,2.82729,2.82729
643,8,-1.4827,-1.4827
643,9,-7.20804,-7.20804
643,10,4.46298,4.46298
643,11,6.59874,0.0459358
643,12,5.32107,5.32107
643,13,3.46054,3.46054
643,14,-4.40155,-4.40155
643,15,-8.21047,-8.21047
643,16,-2.85391,-2.85391
643,17,-3.17033,-3.17033
643,18,-6.76957,0.031143
643,19,-9.03267,-9.03267
643,20,5.38052,5.38052
644,1,-1.51213,-1.51213
644,2,0.777418,0.777418
644,3,-3.56167,-0.0876985
644,4,1.97869,-0.010762
644,5,2.09552,2.09552
644,6,4.79049,4.79049
644,7,-6.22791,-6.22791
644,8,8.12423,8.12423
644,9,3.43375,3.43375
644,10,-4.07448,-4.07448
644,11,-3.52668,-0.0899409
644,12,-3.74241,-3.74241
644,13,-7.72016,-7.72016
644,14,5.17958,5.17958
644,15,2.44071,2.44071
644,16,6.73472,6.73472
644,17,7.50383,7.50383
644,18,2.81495,0.0620964
644,19,1.08887,1.08887
644,20,-3.67205,-3.67205
645,1,4.12951,4.12951
645,2,-4.23881,-4.23881
645,3,2.16405,0.0724955
645,4,-1.69343,-0.154318
645,5,-2.35072,-2.35072
645,6,1.04323,1.04323
645,7,-1.85725,-1.85725
645,8,2.99461,2.99461
645,9,-3.06043,-3.06043
645,10,-0.104209,-0.104209
645,11,2.26149,0.103054
645,12,0.571993,0.571993
645,13,-0.577135,-0.577135
645,14,0.157417,0.157417
645,15,-3.80553,-3.80553
645,16,1.68258,1.68258
645,17,0.986163,0.986163
645,18,-2.20146,0.0855247
645,19,-4.67506,-4.67506
645,20,0.787302,0.787302
646,1,-0.784825,-0.784825
646,2,0.393416,0.393416
646,3,-2.88703,0.0383148
646,4,2.2041,0.0863852
646,5,2.0519,2.0519
646,6,5.05709,5.05709
646,7,-6.15844,-6.15844
646,8,7.75351,7.75351
646,9,2.45861,2.45861
646,10,-4.38101,-4.38101
646,11,-2.84518,0.0522937
646,12,-3.6607,-3.6607
646,13,-6.41968,-6.41968
646,14,4.80171,4.80171
646,15,1.3878,1.3878
646,16,6.3557,6.3557
646,17,6.50194,6.50194
646,18,2.43035,0.12785
646,19,0.407682,0.407682
646,20,-3.6259,-3.6259
647,1,-0.108174,-0.108174
647,2,-0.00204412,-0.00204412
647,3,-2.11119,0.0516023
647,4,2.49684,0.127479
647,5,1.91942,1.91942
647,6,5.27334,5.27334
647,7,-6.0829,-6.0829
647,8,7.29674,7.29674
647,9,1.30378,1.30378
647,10,-4.47175,-4.47175
647,11,-2.06093,0.0293832
647,12,-3.6274,-3.6274
647,13,-4.95294,-4.95294
647,14,4.40693,4.40693
647,15,0.418654,0.418654
647,16,5.94262,5.94262
647,17,5.37562,5.37562
647,18,2.03574,0.017518
647,19,-0.371975,-0.371975
647,20,-3.49435,-3.49435
648,1,4.89789,4.89789
648,2,-5.00222,-5.00222
648,3,2.81552,0.061915
648,4,-2.57965,0.119549
648,5,-3.0464,-3.0464
648,6,0.258193,0.258193
648,7,-1.06802,-1.06802
648,8,2.36474,2.36474
648,9,-3.55252,-3.55252
648,10,0.418428,0.418428
648,11,2.84478,0.052426
648,12,1.43207,1.43207
648,13,-0.12311,-0.12311
648,14,-0.599506,-0.599506
648,15,-4.59587,-4.59587
648,16,0.961377,0.961377
648,17,0.515661,0.515661
648,18,-2.96439,0.0119888
648,19,-5.28811,-5.28811
648,20,1.45849,1.45849
649,1,0.477888,0.477888
649,2,-0.940571,-0.940571
649,3,-1.58108,-0.19483
649,4,0.803387,0.229463
649,5,0.662886,0.662886
649,6,3.62031,3.62031
649,7,-4.78646,-4.78646
649,8,6.42765,6.42765
649,9,1.20101,1.20101
649,10,-2.94414,-2.94414
649,11,-1.56095,-0.200194
649,12,-2.29063,-2.29063
649,13,-5.21829,-5.21829
649,14,3.46239,3.46239
649,15,0.172733,0.172733
649,16,5.02512,5.02512
649,17,5.28351,5.28351
649,18,1.09682,-0.0869175
649,19,-0.883399,-0.883399
649,20,-2.2444,-2.2444
650,1,5.10081,5.10081
650,2,-5.32032,-5.32032
650,3,3.09968,-0.0316339
650,4,-3.00975,-0.00324013
650,5,-3.48763,-3.48763
650,6,-0.239541,-0.239541
650,7,-0.684827,-0.684827
650,8,1.98171,1.98171
650,9,-3.83601,-3.83601
650,10,1.06302,1.06302
650,11,3.15833,-0.0480894
650,12,1.79702,1.79702
650,13,0.080091,0.080091
650,14,-0.941701,-0.941701
650,15,-4.70267,-4.70267
650,16,0.620963,0.620963
650,17,0.225667,0.225667
650,18,-3.28291,-0.0752709
650,19,-5.58992,-5.58992
650,20,1.91587,1.91587
651,1,4.50005,4.50005
651,2,-4.98614,-4.98614
651,3,2.42456,0.127616
651,4,-3.30834,-0.0792938
651,5,-3.41816,-3.41816
651,6,-0.488694,-0.488694
651,7,-0.711708,-0.711708
651,8,2.36564,2.36564
651,9,-2.8033,-2.8033
651,10,1.20216,1.20216
651,11,2.47384,0.128236
651,12,1.78992,1.78992
651,13,-1.24351,-1.24351
651,14,-0.596086,-0.596086
651,15,-3.81459,-3.81459
651,16,0.971357,0.971357
651,17,1.25151,1.25151
651,18,-2.95044,0.0167296
651,19,-4.90568,-4.90568
651,20,1.84501,1.84501
652,1,8.14491,8.14491
652,2,-8.62622,-8.62622
652,3,6.12874,0.0204379
652,4,-6.88562,0.0162556
652,5,-7.10556,-7.10556
652,6,-4.1186,-4.1186
652,7,2.93049,2.93049
652,8,-1.33841,-1.33841
652,9,-6.58276,-6.58276
652,10,4.95365,4.95365
652,11,6.20995,0.0314099
652,12,5.36507,5.36507
652,13,2.54648,2.54648
652,14,-4.21855,-4.21855
652,15,-7.43612,-7.43612
652,16,-2.68702,-2.68702
652,17,-2.50619,-2.50619
652,18,-6.58972,0.0463979
652,19,-8.6216,-8.6216
652,20,5.53363,5.53363
653,1,5.75377,5.75377
653,2,-6.4902,-6.4902
653,3,3.72483,-0.0650113
653,4,-5.27836,-0.0462672
653,5,-5.21479,-5.21479
653,6,-2.48961,-2.48961
653,7,1.04917,1.04917
653,8,0.794212,0.794212
653,9,-3.93087,-3.93087
653,10,3.32866,3.32866
653,11,3.80613,-0.0478455
653,12,3.4971,3.4971
653,13,-0.368113,-0.368113
653,14,-2.08704,-2.08704
653,15,-4.7965,-4.7965
653,16,-0.552264,-0.552264
653,17,0.125994,0.125994
653,18,-4.45246,0.070695
653,19,-6.22512,-6.22512
653,20,3.63713,3.63713
654,1,6.15146,6.15146
654,2,-6.76274,-6.76274
654,3,4.16686,0.0382352
654,4,-5.25006,-0.0428799
654,5,-5.38634,-5.38634
654,6,-2.50023,-2.50023
654,7,1.18456,1.18456
654,8,0.465797,0.465797
654,9,-4.56304,-4.56304
654,10,3.44461,3.44461
654,11,4.27828,0.0570704
654,12,3.60999,3.60999
654,13,0.409206,0.409206
654,14,-2.36462,-2.36462
654,15,-5.31437,-5.31437
654,16,-0.843195,-0.843195
654,17,-0.523559,-0.523559
654,18,-4.72532,0.0511786
654,19,-6.6843,-6.6843
654,20,3.81888,3.81888
655,1,-0.783012,-0.783012
655,2,0.175456,0.175456
655,3,-2.81252,0.0628706
655,4,1.63366,-0.177917
655,5,1.55281,1.55281
655,6,4.41503,4.41503
655,7,-5.72997,-5.72997
655,8,7.43081,7.43081
655,9,2.44741,2.44741
655,10,-3.52446,-3.52446
655,11,-2.70052,0.0952465
655,12,-3.29821,-3.29821
655,13,-6.62725,-6.62725
655,14,4.57889,4.57889
655,15,1.63059,1.63059
655,16,6.10228,6.10228
655,17,6.49432,6.49432
655,18,2.21252,0.0890761
655,19,0.298292,0.298292
655,20,-3.13183,-3.13183
656,1,4.26563,4.26563
656,2,-4.39116,-4.39116
656,3,2.24936,0.0998634
656,4,-1.95195,-0.0245239
656,5,-2.5318,-2.5318
656,6,0.82074,0.82074
656,7,-1.64966,-1.64966
656,8,2.86025,2.86025
656,9,-3.08882,-3.08882
656,10,0.074379,0.074379
656,11,2.35662,0.121599
656,12,0.774439,0.774439
656,13,-0.592456,-0.592456
656,14,0.0168642,0.0168642
656,15,-3.90266,-3.90266
656,16,1.53627,1.53627
656,17,0.956062,0.956062
656,18,-2.35372,0.121206
656,19,-4.76039,-4.76039
656,20,0.962977,0.962977
657,1,2.29783,2.29783
657,2,-2.70659,-2.70659
657,3,0.213201,0.926889
657,4,-0.908976,0.0987798
657,5,-1.06665,-1.06665
657,6,1.93468,1.93468
657,7,-3.04548,-3.04548
657,8,4.64527,4.64527
657,9,-0.641698,-0.641698
657,10,-1.2427,-1.2427
657,11,0.251152,0.899425
657,12,-0.558605,-0.558605
657,13,-3.33659,-3.33659
657,14,1.70658,1.70658
657,15,-1.68128,-1.68128
657,16,3.25462,3.25462
657,17,3.41469,3.41469
657,18,-0.668831,0.410531
657,19,-2.69034,-2.69034
657,20,-0.514912,-0.514912
658,1,2.75394,2.75394
658,2,-3.01825,-3.01825
658,3,0.706054,0.359623
658,4,-0.95562,0.046291
658,5,-1.37895,-1.37895
658,6,1.82199,1.82199
658,7,-2.78541,-2.78541
658,8,4.25737,4.25737
658,9,-1.34165,-1.34165
658,10,-1.0142,-1.0142
658,11,0.800336,0.233434
658,12,-0.453642,-0.453642
658,13,-2.56728,-2.56728
658,14,1.47306,1.47306
658,15,-2.16184,-2.16184
658,16,2.92513,2.92513
658,17,2.82826,2.82826
658,18,-0.980123,0.0202672
658,19,-3.19195,-3.19195
658,20,-0.261419,-0.261419
659,1,8.22015,8.22015
659,2,-8.53353,-8.53353
659,3,6.14796,0.0232086
659,4,-6.53359,0.048448
659,5,-6.85349,-6.85349
659,6,-3.70884,-3.70884
659,7,2.71463,2.71463
659,8,-1.21274,-1.21274
659,9,-6.73078,-6.73078
659,10,4.49154,4.49154
659,11,6.21368,0.0318631
659,12,5.13577,5.13577
659,13,2.81603,2.81603
659,14,-4.10632,-4.10632
659,15,-7.66071,-7.66071
659,16,-2.58383,-2.58383
659,17,-2.64334,-2.64334
659,18,-6.48993,0.0490222
659,19,-8.63574,-8.63574
659,20,5.24382,5.24382
660,1,-0.63189,-0.63189
660,2,-0.0943711,-0.0943711
660,3,-2.66786,0.103104
660,4,1.14475,-0.122135
660,5,1.22002,1.22002
660,6,3.94654,3.94654
660,7,-5.36599,-5.36599
660,8,7.22266,7.22266
660,9,2.49008,2.49008
660,10,-3.16957,-3.16957
660,11,-2.615,0.113867
660,12,-2.90083,-2.90083
660,13,-6.76808,-6.76808
660,14,4.31055,4.31055
660,15,1.55667,1.55667
660,16,5.85607,5.85607
660,17,6.55383,6.55383
660,18,1.94473,-0.0282758
660,19,0.183935,0.183935
660,20,-2.7982,-2.7982
661,1,5.26539,5.26539
661,2,-5.41938,-5.41938
661,3,3.26986,-0.0729916
661,4,-3.00276,-0.000919682
661,5,-3.60292,-3.60292
661,6,-0.2576,-0.2576
661,7,-0.59961,-0.59961
661,8,1.82161,1.82161
661,9,-4.11929,-4.11929
661,10,1.19309,1.19309
661,11,3.3918,-0.0884768
661,12,1.80397,1.80397
661,13,0.405439,0.405439
661,14,-1.0158,-1.0158
661,15,-4.86832,-4.86832
661,16,0.502249,0.502249
661,17,-0.0504443,-0.0504443
661,18,-3.38184,-0.0877121
661,19,-5.78288,-5.78288
661,20,2.0314,2.0314
662,1,7.15394,7.15394
662,2,-7.64481,-7.64481
662,3,5.0604,-0.0118648
662,4,-5.99623,-0.000629242
662,5,-6.06951,-6.06951
662,6,-3.15084,-3.15084
662,7,1.95543,1.95543
662,8,-0.284675,-0.284675
662,9,-5.4285,-5.4285
662,10,3.85452,3.85452
662,11,5.10603,-0.020383
662,12,4.46542,4.46542
662,13,1.37094,1.37094
662,14,-3.25743,-3.25743
662,15,-6.47163,-6.47163
662,16,-1.68476,-1.68476
662,17,-1.38779,-1.38779
662,18,-5.60736,-0.0535683
662,19,-7.54279,-7.54279
662,20,4.49586,4.49586
663,1,-0.643219,-0.643219
663,2,-0.036534,-0.036534
663,3,-2.64974,0.107079
663,4,1.33612,-0.207352
663,5,1.30721,1.30721
663,6,4.0985,4.0985
663,7,-5.48331,-5.48331
663,8,7.25567,7.25567
663,9,2.3829,2.3829
663,10,-3.26302,-3.26302
663,11,-2.57441,0.120281
663,12,-3.02874,-3.02874
663,13,-6.60313,-6.60313
663,14,4.35649,4.35649
663,15,1.52754,1.52754
663,16,5.90274,5.90274
663,17,6.45052,6.45052
663,18,1.99978,-0.000108587
663,19,0.158473,0.158473
663,20,-2.87349,-2.87349
664,1,5.87368,5.87368
664,2,-6.01453,-6.01453
664,3,3.86006,-0.0350966
664,4,-3.59998,-0.0840937
664,5,-4.18377,-4.18377
664,6,-0.840363,-0.840363
664,7,-0.00922974,-0.00922974
664,8,1.2337,1.2337
664,9,-4.70058,-4.70058
664,10,1.75535,1.75535
664,11,3.97934,-0.00518793
664,12,2.40243,2.40243
664,13,0.996442,0.996442
664,14,-1.60885,-1.60885
664,15,-5.48398,-5.48398
664,16,-0.0897426,-0.0897426
664,17,-0.643131,-0.643131
664,18,-3.97782,-0.00557152
664,19,-6.37401,-6.37401
664,20,2.61585,2.61585
665,1,0.638622,0.638622
665,2,-1.17011,-1.17011
665,3,-1.4475,-0.216919
665,4,0.397959,0.759107
665,5,0.362481,0.362481
665,6,3.24182,3.24182
665,7,-4.47641,-4.47641
665,8,6.18644,6.18644
665,9,1.13082,1.13082
665,10,-2.54142,-2.54142
665,11,-1.40593,-0.21659
665,12,-1.974,-1.974
665,13,-5.22189,-5.22189
665,14,3.22523,3.22523
665,15,0.0858012,0.0858012
665,16,4.7905,4.7905
665,17,5.17308,5.17308
665,18,0.867485,0.148383
665,19,-1.03236,-1.03236
665,20,-1.9311,-1.9311
666,1,1.86516,1.86516
666,2,-2.10945,-2.10945
666,3,-0.106134,0.981573
666,4,0.168535,0.953928
666,5,-0.306284,-0.306284
666,6,2.9274,2.9274
666,7,-3.87471,-3.87471
666,8,5.16051,5.16051
666,9,-0.647715,-0.647715
666,10,-2.0738,-2.0738
666,11,-0.0542648,0.995163
666,12,-1.39887,-1.39887
666,13,-3.14787,-3.14787
666,14,2.28343,2.28343
666,15,-1.4436,-1.4436
666,16,3.82653,3.82653
666,17,3.43116,3.43116
666,18,-0.0725784,0.991358
666,19,-2.38784,-2.38784
666,20,-1.2987,-1.2987
667,1,7.21903,7.21903
667,2,-7.40653,-7.40653
667,3,5.14091,-0.0265229
667,4,-5.28466,-0.0469673
667,5,-5.69308,-5.69308
667,6,-2.46355,-2.46355
667,7,1.56052,1.56052
667,8,-0.137227,-0.137227
667,9,-5.8179,-5.8179
667,10,3.18763,3.18763
667,11,5.2001,-0.0359952
667,12,3.9159,3.9159
667,13,1.92688,1.92688
667,14,-2.87212,-2.87212
667,15,-6.68204,-6.68204
667,16,-1.45337,-1.45337
667,17,-1.62945,-1.62945
667,18,-5.36983,-0.0543894
667,19,-7.62805,-7.62805
667,20,3.97436,3.97436
668,1,-1.28664,-1.28664
668,2,0.640534,0.640534
668,3,-3.33344,-0.0827123
668,4,2.03545,0.0173785
668,5,2.04414,2.04414
668,6,4.8601,4.8601
668,7,-6.18181,-6.18181
668,8,7.975,7.975
668,9,3.09509,3.09509
668,10,-4.09829,-4.09829
668,11,-3.28963,-0.0763882
668,12,-3.70871,-3.70871
668,13,-7.28636,-7.28636
668,14,5.03212,5.03212
668,15,2.11717,2.11717
668,16,6.58991,6.58991
668,17,7.14486,7.14486
668,18,2.68714,0.0985668
668,19,0.851376,0.851376
668,20,-3.62753,-3.62753
669,1,6.80916,6.80916
669,2,-6.92133,-6.92133
669,3,4.82962,0.0336174
669,4,-4.39649,0.0686066
669,5,-5.02194,-5.02194
669,6,-1.64564,-1.64564
669,7,0.83092,0.83092
669,8,0.329448,0.329448
669,9,-5.69791,-5.69791
669,10,2.5435,2.5435
669,11,4.91517,0.0170553
669,12,3.27268,3.27268
669,13,2.05641,2.05641
669,14,-2.52114,-2.52114
669,15,-6.49038,-6.49038
669,16,-0.992495,-0.992495
669,17,-1.65174,-1.65174
669,18,-4.88472,0.0230871
669,19,-7.33354,-7.33354
669,20,3.45701,3.45701
670,1,6.67038,6.67038
670,2,-7.25519,-7.25519
670,3,4.57425,0.0677029
670,4,-5.81446,-0.0301333
670,5,-5.78253,-5.78253
670,6,-2.96658,-2.96658
670,7,1.67338,1.67338
670,8,0.109577,0.109577
670,9,-4.82658,-4.82658
670,10,3.64333,3.64333
670,11,4.61142,0.0648405
670,12,4.17883,4.17883
670,13,0.666514,0.666514
670,14,-2.854,-2.854
670,15,-5.88312,-5.88312
670,16,-1.29288,-1.29288
670,17,-0.7723,-0.7723
670,18,-5.21798,-0.0385849
670,19,-7.05161,-7.05161
670,20,4.19698,4.19698
671,1,1.78432,1.78432
671,2,-2.43928,-2.43928
671,3,-0.208862,0.929771
671,4,-1.01025,-0.0101451
671,5,-1.09587,-1.09587
671,6,1.73772,1.73772
671,7,-3.09542,-3.09542
671,8,4.83068,4.83068
671,9,-0.108124,-0.108124
671,10,-0.858103,-0.858103
671,11,-0.116967,0.977647
671,12,-0.668191,-0.668191
671,13,-4.09395,-4.09395
671,14,1.96011,1.96011
671,15,-0.908266,-0.908266
671,16,3.49235,3.49235
671,17,3.96923,3.96923
671,18,-0.401992,0.754593
671,19,-2.28866,-2.28866
671,20,-0.47461,-0.47461
672,1,4.90676,4.90676
672,2,-5.15471,-5.15471
672,3,2.87812,0.0413192
672,4,-3.08259,-0.0264924
672,5,-3.54491,-3.54491
672,6,-0.312944,-0.312944
672,7,-0.641974,-0.641974
672,8,2.04412,2.04412
672,9,-3.57053,-3.57053
672,10,1.22157,1.22157
672,11,3.00477,-0.00158606
672,12,1.65411,1.65411
672,13,-0.324887,-0.324887
672,14,-0.638162,-0.638162
672,15,-4.29383,-4.29383
672,16,0.771281,0.771281
672,17,0.564288,0.564288
672,18,-3.11755,-0.0368561
672,19,-5.39304,-5.39304
672,20,1.90336,1.90336
673,1,3.56619,3.56619
673,2,-4.04796,-4.04796
673,3,1.4994,-0.212292
673,4,-2.36352,0.122485
673,5,-2.49594,-2.49594
673,6,0.477832,0.477832
673,7,-1.63486,-1.63486
673,8,3.27494,3.27494
673,9,-1.91847,-1.91847
673,10,0.308172,0.308172
673,11,1.5598,-0.20048
673,12,0.826064,0.826064
673,13,-2.13373,-2.13373
673,14,0.351056,0.351056
673,15,-2.88068,-2.88068
673,16,1.89799,1.89799
673,17,2.12396,2.12396
673,18,-2.00261,0.00130131
673,19,-3.99118,-3.99118
673,20,0.90864,0.90864
674,1,1.06943,1.06943
674,2,-1.50865,-1.50865
674,3,-0.93121,0.073298
674,4,0.359041,0.801039
674,5,0.104033,0.104033
674,6,3.13343,3.13343
674,7,-4.27194,-4.27194
674,8,5.78031,5.78031
674,9,0.417397,0.417397
674,10,-2.29867,-2.29867
674,11,-0.867632,0.148203
674,12,-1.79082,-1.79082
674,13,-4.38205,-4.38205
674,14,2.87541,2.87541
674,15,-0.453527,-0.453527
674,16,4.43067,4.43067
674,17,4.45822,4.45822
674,18,0.528486,0.599895
674,19,-1.56229,-1.56229
674,20,-1.66825,-1.66825
675,1,6.58002,6.58002
675,2,-6.80834,-6.80834
675,3,4.57605,0.0675843
675,4,-4.59924,0.0658724
675,5,-5.02683,-5.02683
675,6,-1.80813,-1.80813
675,7,0.868111,0.868111
675,8,0.450399,0.450399
675,9,-5.2898,-5.2898
675,10,2.6143,2.6143
675,11,4.62289,0.0637874
675,12,3.31822,3.31822
675,13,1.4716,1.4716
675,14,-2.36406,-2.36406
675,15,-6.12459,-6.12459
675,16,-0.867126,-0.867126
675,17,-1.20002,-1.20002
675,18,-4.77225,0.0437546
675,19,-7.0722,-7.0722
675,20,3.39042,3.39042
676,1,-1.46359,-1.46359
676,2,0.87686,0.87686
676,3,-3.53037,-0.089753
676,4,2.34447,0.119883
676,5,2.32061,2.32061
676,6,5.16625,5.16625
676,7,-6.45512,-6.45512
676,8,8.2094,8.2094
676,9,3.24445,3.24445
676,10,-4.4298,-4.4298
676,11,-3.47506,-0.0913174
676,12,-3.97789,-3.97789
676,13,-7.40179,-7.40179
676,14,5.27985,5.27985
676,15,2.26278,2.26278
676,16,6.82679,6.82679
676,17,7.30656,7.30656
676,18,2.91716,0.0280783
676,19,1.04539,1.04539
676,20,-3.91493,-3.91493
677,1,4.22298,4.22298
677,2,-4.31624,-4.31624
677,3,2.23518,0.0959031
677,4,-1.75769,-0.124924
677,5,-2.39281,-2.39281
677,6,0.998778,0.998778
677,7,-1.79446,-1.79446
677,8,2.94754,2.94754
677,9,-3.12112,-3.12112
677,10,-0.116714,-0.116714
677,11,2.31701,0.115296
677,12,0.654211,0.654211
677,13,-0.511476,-0.511476
677,14,0.0772445,0.0772445
677,15,-3.92623,-3.92623
677,16,1.61472,1.61472
677,17,0.935391,0.935391
677,18,-2.27883,0.107299
677,19,-4.73619,-4.73619
677,20,0.819778,0.819778
678,1,8.2512,8.2512
678,2,-8.64825,-8.64825
678,3,6.15549,0.0242683
678,4,-6.83914,0.0225322
678,5,-6.99383,-6.99383
678,6,-3.99246,-3.99246
678,7,2.8856,2.8856
678,8,-1.28549,-1.28549
678,9,-6.57316,-6.57316
678,10,4.66018,4.66018
678,11,6.19044,0.028961
678,12,5.38247,5.38247
678,13,2.61053,2.61053
678,14,-4.23655,-4.23655
678,15,-7.64419,-7.64419
678,16,-2.68374,-2.68374
678,17,-2.52249,-2.52249
678,18,-6.6115,0.0452211
678,19,-8.63091,-8.63091
678,20,5.41778,5.41778
679,1,4.15963,4.15963
679,2,-4.90386,-4.90386
679,3,2.15282,0.0682899
679,4,-3.67068,-0.0745465
679,5,-3.6153,-3.6153
679,6,-0.894415,-0.894415
679,7,-0.549165,-0.549165
679,8,2.40003,2.40003
679,9,-2.32787,-2.32787
679,10,1.69808,1.69808
679,11,2.20726,0.0874034
679,12,1.90787,1.90787
679,13,-1.95426,-1.95426
679,14,-0.501532,-0.501532
679,15,-3.21656,-3.21656
679,16,1.04045,1.04045
679,17,1.74231,1.74231
679,18,-2.86584,0.0454411
679,19,-4.63639,-4.63639
679,20,2.04548,2.04548
680,1,1.60806,1.60806
680,2,-2.09875,-2.09875
680,3,-0.384963,0.773446
680,4,-0.361884,0.798081
680,5,-0.619567,-0.619567
680,6,2.38642,2.38642
680,7,-3.58355,-3.58355
680,8,5.13356,5.13356
680,9,-0.129903,-0.129903
680,10,-1.44448,-1.44448
680,11,-0.265305,0.888174
680,12,-1.17702,-1.17702
680,13,-3.92116,-3.92116
680,14,2.30738,2.30738
680,15,-0.87291,-0.87291
680,16,3.8212,3.8212
680,17,3.93091,3.93091
680,18,-0.0613829,0.993814
680,19,-2.13168,-2.13168
680,20,-0.954324,-0.954324
681,1,0.721045,0.721045
681,2,-0.943337,-0.943337
681,3,-1.30962,-0.200863
681,4,1.16875,-0.137715
681,5,0.733371,0.733371
681,6,3.9675,3.9675
681,7,-4.89455,-4.89455
681,8,6.26961,6.26961
681,9,0.589668,0.589668
681,10,-3.12199,-3.12199
681,11,-1.22287,-0.167719
681,12,-2.55883,-2.55883
681,13,-4.48702,-4.48702
681,14,3.57831,3.57831
681,15,-0.164545,-0.164545
681,16,4.99216,4.99216
681,17,4.74617,4.74617
681,18,1.09429,-0.0849129
681,19,-1.19677,-1.19677
681,20,-2.42305,-2.42305
682,1,8.45686,8.45686
682,2,-8.65814,-8.65814
682,3,6.40367,0.0474486
682,4,-6.37437,0.0460969
682,5,-6.79278,-6.79278
682,6,-3.5397,-3.5397
682,7,2.65973,2.65973
682,8,-1.32721,-1.32721
682,9,-7.09196,-7.09196
682,10,4.30858,4.30858
682,11,6.45449,0.0488129
682,12,5.15506,5.15506
682,13,3.35848,3.35848
682,14,-4.28112,-4.28112
682,15,-8.08634,-8.08634
682,16,-2.71176,-2.71176
682,17,-3.07388,-3.07388
682,18,-6.61242,0.0451668
682,19,-8.89307,-8.89307
682,20,5.22486,5.22486
683,1,3.99312,3.99312
683,2,-4.71572,-4.71572
683,3,1.93816,-0.0317044
683,4,-3.49315,-0.091103
683,5,-3.38208,-3.38208
683,6,-0.682045,-0.682045
683,7,-0.746084,-0.746084
683,8,2.63342,2.63342
683,9,-2.07427,-2.07427
683,10,1.3881,1.3881
683,11,1.97449,-0.0129037
683,12,1.74351,1.74351
683,13,-2.20005,-2.20005
683,14,-0.311039,-0.311039
683,15,-3.07708,-3.07708
683,16,1.24418,1.24418
683,17,1.99512,1.99512
683,18,-2.68013,0.100252
683,19,-4.41,-4.41
683,20,1.80768,1.80768
684,1,-1.51897,-1.51897
684,2,1.02923,1.02923
684,3,-3.48573,-0.0912263
684,4,2.80644,0.0647982
684,5,2.53122,2.53122
684,6,5.54413,5.54413
684,7,-6.7382,-6.7382
684,8,8.26266,8.26266
684,9,2.97981,2.97981
684,10,-4.6098,-4.6098
684,11,-3.38793,-0.0881904
684,12,-4.31673,-4.31673
684,13,-6.99765,-6.99765
684,14,5.43195,5.43195
684,15,2.22971,2.22971
684,16,6.95137,6.95137
684,17,7.02935,7.02935
684,18,3.06676,-0.0216087
684,19,0.975783,0.975783
684,20,-4.0928,-4.0928
685,1,0.613744,0.613744
685,2,-0.67554,-0.67554
685,3,-1.42929,-0.217233
685,4,1.87268,-0.066191
685,5,1.28316,1.28316
685,6,4.67325,4.67325
685,7,-5.44285,-5.44285
685,8,6.61198,6.61198
685,9,0.542452,0.542452
685,10,-3.83514,-3.83514
685,11,-1.34136,-0.208438
685,12,-2.97507,-2.97507
685,13,-4.17118,-4.17118
685,14,3.71399,3.71399
685,15,-0.338182,-0.338182
685,16,5.25991,5.25991
685,17,4.58195,4.58195
685,18,1.36185,-0.212063
685,19,-1.07638,-1.07638
685,20,-2.86061,-2.86061
686,1,2.61918,2.61918
686,2,-2.78692,-2.78692
686,3,0.531684,0.595719
686,4,-0.458437,0.688427
686,5,-0.851925,-0.851925
686,6,2.38148,2.38148
686,7,-3.25655,-3.25655
686,8,4.60268,4.60268
686,9,-1.19917,-1.19917
686,10,-1.72279,-1.72279
686,11,0.558455,0.560399
686,12,-0.712517,-0.712517
686,13,-2.50606,-2.50606
686,14,1.58005,1.58005
686,15,-2.29358,-2.29358
686,16,3.17993,3.17993
686,17,2.83701,2.83701
686,18,-0.750453,0.299497
686,19,-3.00124,-3.00124
686,20,-0.702649,-0.702649
687,1,3.21516,3.21516
687,2,-3.48933,-3.48933
687,3,1.14894,-0.124956
687,4,-1.43195,-0.217231
687,5,-1.77684,-1.77684
687,6,1.37032,1.37032
687,7,-2.35553,-2.35553
687,8,3.85067,3.85067
687,9,-1.74672,-1.74672
687,10,-0.68056,-0.68056
687,11,1.19006,-0.150386
687,12,0.0646144,0.0646144
687,13,-2.17162,-2.17162
687,14,0.970997,0.970997
687,15,-2.67471,-2.67471
687,16,2.47452,2.47452
687,17,2.43043,2.43043
687,18,-1.45444,-0.216616
687,19,-3.61486,-3.61486
687,20,0.123219,0.123219
688,1,2.1887,2.1887
688,2,-2.56919,-2.56919
688,3,0.144621,0.965949
688,4,-0.617808,0.480339
688,5,-0.889906,-0.889906
688,6,2.18561,2.18561
688,7,-3.25967,-3.25967
688,8,4.77051,4.77051
688,9,-0.657312,-0.657312
688,10,-1.41594,-1.41594
688,11,0.196549,0.937654
688,12,-0.77218,-0.77218
688,13,-3.25191,-3.25191
688,14,1.80608,1.80608
688,15,-1.62841,-1.62841
688,16,3.38198,3.38198
688,17,3.38474,3.38474
688,18,-0.527769,0.60083
688,19,-2.62855,-2.62855
688,20,-0.665989,-0.665989
689,1,7.98133,7.98133
689,2,-8.22401,-8.22401
689,3,5.92258,-0.0129437
689,4,-6.15093,0.0236285
689,5,-6.56489,-6.56489
689,6,-3.36198,-3.36198
689,7,2.41093,2.41093
689,8,-0.950926,-0.950926
689,9,-6.57837,-6.57837
689,10,4.14442,4.14442
689,11,6.00609,0.00101331
689,12,4.7482,4.7482
689,13,2.66167,2.66167
689,14,-3.71543,-3.71543
689,15,-7.40008,-7.40008
689,16,-2.27548,-2.27548
689,17,-2.39286,-2.39286
689,18,-6.18854,0.0287159
689,19,-8.40855,-8.40855
689,20,4.89598,4.89598
690,1,1.37402,1.37402
690,2,-2.07702,-2.07702
690,3,-0.671506,0.406865
690,4,-0.802874,0.23013
690,5,-0.735372,-0.735372
690,6,2.02183,2.02183
690,7,-3.4043,-3.4043
690,8,5.24442,5.24442
690,9,0.475258,0.475258
690,10,-1.24341,-1.24341
690,11,-0.623697,0.472307
690,12,-0.939527,-0.939527
690,13,-4.73321,-4.73321
690,14,2.32359,2.32359
690,15,-0.47768,-0.47768
690,16,3.87223,3.87223
690,17,4.52796,4.52796
690,18,-0.032215,0.998294
690,19,-1.81577,-1.81577
690,20,-0.850353,-0.850353
691,1,6.87096,6.87096
691,2,-7.14237,-7.14237
691,3,4.92533,0.0150226
691,4,-5.00023,-4.50749e-05
691,5,-5.48042,-5.48042
691,6,-2.25459,-2.25459
691,7,1.28178,1.28178
691,8,0.0320917,0.0320917
691,9,-5.60751,-5.60751
691,10,3.17865,3.17865
691,11,4.99648,0.000704595
691,12,3.64232,3.64232
691,13,1.78031,1.78031
691,14,-2.64528,-2.64528
691,15,-6.31898,-6.31898
691,16,-1.21851,-1.21851
691,17,-1.53479,-1.53479
691,18,-5.10512,-0.0202195
691,19,-7.43483,-7.43483
691,20,3.86427,3.86427
692,1,7.21218,7.21218
692,2,-7.8275,-7.8275
692,3,5.13921,-0.0262332
692,4,-6.43044,0.0483233
692,5,-6.41263,-6.41263
692,6,-3.58721,-3.58721
692,7,2.28363,2.28363
692,8,-0.502195,-0.502195
692,9,-5.41515,-5.41515
692,10,4.35773,4.35773
692,11,5.20512,-0.0367365
692,12,4.75684,4.75684
692,13,1.22468,1.22468
692,14,-3.43237,-3.43237
692,15,-6.38895,-6.38895
692,16,-1.88519,-1.88519
692,17,-1.37553,-1.37553
692,18,-5.78351,-0.0346128
692,19,-7.63272,-7.63272
692,20,4.82294,4.82294
693,1,2.4375,2.4375
693,2,-3.1377,-3.1377
693,3,0.442229,0.707963
693,4,-1.7986,-0.104655
693,5,-1.83308,-1.83308
693,6,0.953934,0.953934
693,7,-2.3558,-2.3558
693,8,4.12417,4.12417
693,9,-0.728313,-0.728313
693,10,-0.0614053,-0.0614053
693,11,0.538736,0.586476
693,12,0.0822565,0.0822565
693,13,-3.51872,-3.51872
693,14,1.25589,1.25589
693,15,-1.5238,-1.5238
693,16,2.79132,2.79132
693,17,3.33365,3.33365
693,18,-1.10084,-0.0900796
693,19,-2.94501,-2.94501
693,20,0.261205,0.261205
694,1,-1.37482,-1.37482
694,2,1.06003,1.06003
694,3,-3.44271,-0.0909656
694,4,3.0335,-0.011023
694,5,2.62662,2.62662
694,6,5.79618,5.79618
694,7,-6.81938,-6.81938
694,8,8.30835,8.30835
694,9,2.76509,2.76509
694,10,-4.87076,-4.87076
694,11,-3.27556,-0.074005
694,12,-4.4846,-4.4846
694,13,-6.73718,-6.73718
694,14,5.50131,5.50131
694,15,2.02762,2.02762
694,16,6.98246,6.98246
694,17,6.89666,6.89666
694,18,3.09678,-0.0307736
694,19,0.924309,0.924309
694,20,-4.24666,-4.24666
695,1,2.2666,2.2666
695,2,-2.32461,-2.32461
695,3,0.212317,0.927481
695,4,0.23731,0.909905
695,5,-0.336757,-0.336757
695,6,3.05742,3.05742
695,7,-3.80515,-3.80515
695,8,4.98689,4.98689
695,9,-1.07503,-1.07503
695,10,-2.25643,-2.25643
695,11,0.277486,0.878069
695,12,-1.33195,-1.33195
695,13,-2.5407,-2.5407
695,14,2.06768,2.06768
695,15,-2.01281,-2.01281
695,16,3.62378,3.62378
695,17,2.96395,2.96395
695,18,-0.284515,0.872063
695,19,-2.70747,-2.70747
695,20,-1.23617,-1.23617
696,1,8.13668,8.13668
696,2,-8.34292,-8.34292
696,3,6.05208,0.00856676
696,4,-6.23805,0.0347016
696,5,-6.59943,-6.59943
696,6,-3.40121,-3.40121
696,7,2.4914,2.4914
696,8,-1.02483,-1.02483
696,9,-6.6674,-6.6674
696,10,4.05405,4.05405
696,11,6.07266,0.011861
696,12,4.87914,4.87914
696,13,2.78229,2.78229
696,14,-3.81877,-3.81877
696,15,-7.61979,-7.61979
696,16,-2.37393,-2.37393
696,17,-2.48289,-2.48289
696,18,-6.30626,0.0414112
696,19,-8.51774,-8.51774
696,20,4.89928,4.89928
697,1,6.74062,6.74062
697,2,-7.45358,-7.45358
697,3,4.71002,0.0533978
697,4,-6.1795,0.0275318
697,5,-6.11738,-6.11738
697,6,-3.36549,-3.36549
697,7,1.97493,1.97493
697,8,-0.123921,-0.123921
697,9,-4.88132,-4.88132
697,10,4.1252,4.1252
697,11,4.74479,0.0482074
697,12,4.4421,4.4421
697,13,0.626898,0.626898
697,14,-3.05214,-3.05214
697,15,-5.84249,-5.84249
697,16,-1.503,-1.503
697,17,-0.819217,-0.819217
697,18,-5.40769,-0.0564044
697,19,-7.1885,-7.1885
697,20,4.53041,4.53041
698,1,3.84782,3.84782
698,2,-4.52042,-4.52042
698,3,1.85536,-0.0753015
698,4,-3.13057,-0.0405487
698,5,-3.21146,-3.21146
698,6,-0.386295,-0.386295
698,7,-0.988774,-0.988774
698,8,2.7272,2.7272
698,9,-2.19194,-2.19194
698,10,1.31265,1.31265
698,11,1.97016,-0.0151248
698,12,1.42488,1.42488
698,13,-2.04192,-2.04192
698,14,-0.121737,-0.121737
698,15,-2.9433,-2.9433
698,16,1.40294,1.40294
698,17,1.88223,1.88223
698,18,-2.48312,0.128009
698,19,-4.36501,-4.36501
698,20,1.63443,1.63443
699,1,5.06323,5.06323
699,2,-5.52665,-5.52665
699,3,3.05655,-0.0184054
699,4,-3.75052,-0.0599154
699,5,-3.99695,-3.99695
699,6,-0.97965,-0.97965
699,7,-0.190633,-0.190633
699,8,1.71009,1.71009
699,9,-3.58281,-3.58281
699,10,1.89807,1.89807
699,11,3.16538,-0.0499271
699,12,2.24319,2.24319
699,13,-0.434355,-0.434355
699,14,-1.1244,-1.1244
699,15,-4.37107,-4.37107
699,16,0.397494,0.397494
699,17,0.451168,0.451168
699,18,-3.48955,-0.091169
699,19,-5.57532,-5.57532
699,20,2.42547,2.42547
