t,predict_test,teacher
501,0.169595,0.164706,2.3899e-05
502,0.122335,0.117647,4.58732e-05
503,0.130062,0.12549,6.67719e-05
504,0.198618,0.196078,7.32189e-05
505,0.344813,0.337255,0.000130347
506,0.413753,0.403922,0.000227008
507,0.287099,0.286275,0.000227687
508,0.164103,0.164706,0.000228051
509,0.118463,0.113725,0.000250491
510,0.125489,0.117647,0.000311995
511,0.188174,0.192157,0.000327857
512,0.348796,0.341176,0.000385921
513,0.428038,0.411765,0.00065073
514,0.294155,0.286275,0.000712832
515,0.158855,0.160784,0.000716555
516,0.112463,0.109804,0.000723625
517,0.122993,0.117647,0.000752199
518,0.191032,0.192157,0.000753463
519,0.349735,0.345098,0.00077496
520,0.431012,0.427451,0.000787638
521,0.29214,0.290196,0.000791418
522,0.157007,0.156863,0.000791439
523,0.110048,0.109804,0.000791498
524,0.119203,0.113725,0.000821499
525,0.182459,0.180392,0.00082577
526,0.344942,0.345098,0.000825794
527,0.448905,0.443137,0.000859059
528,0.303957,0.298039,0.000894082
529,0.160296,0.160784,0.000894321
530,0.103963,0.109804,0.000928439
531,0.112095,0.113725,0.000931097
532,0.179232,0.180392,0.000932443
533,0.337563,0.345098,0.00098922
534,0.447022,0.45098,0.00100489
535,0.306854,0.309804,0.00101359
536,0.160074,0.164706,0.00103505
537,0.104363,0.105882,0.00103735
538,0.105976,0.109804,0.00105201
539,0.170546,0.172549,0.00105602
540,0.328955,0.341176,0.00120538
541,0.464227,0.466667,0.00121133
542,0.319754,0.32549,0.00124423
543,0.159662,0.164706,0.00126967
544,0.0994465,0.105882,0.00131109
545,0.102277,0.105882,0.00132409
546,0.157709,0.164706,0.00137304
547,0.320804,0.333333,0.00153002
548,0.472229,0.482353,0.00163251
549,0.335446,0.34902,0.00181676
550,0.163916,0.176471,0.00197439
551,0.101755,0.109804,0.00203917
552,0.0984595,0.101961,0.00205143
553,0.139725,0.152941,0.0022261
554,0.294383,0.313725,0.00260022
555,0.475835,0.490196,0.00280646
556,0.366274,0.368627,0.002812
557,0.174316,0.184314,0.00291196
558,0.0986631,0.109804,0.00303607
559,0.0911134,0.101961,0.00315374
560,0.136013,0.145098,0.00323627
561,0.275051,0.294118,0.00359982
562,0.47074,0.494118,0.00414633
563,0.387318,0.396078,0.00422307
564,0.18723,0.196078,0.00430137
565,0.10449,0.109804,0.00432961
566,0.0861419,0.0980392,0.00447115
567,0.124134,0.137255,0.0046433
568,0.257663,0.27451,0.00492711
569,0.46708,0.490196,0.00546145
570,0.411236,0.431373,0.00586691
571,0.199954,0.211765,0.00600641
572,0.110213,0.113725,0.00601874
573,0.0864333,0.0980392,0.00615344
574,0.11239,0.12549,0.00632507
575,0.226179,0.243137,0.00661265
576,0.450148,0.478431,0.00741259
577,0.44903,0.470588,0.00787735
578,0.22877,0.239216,0.00798647
579,0.118378,0.12549,0.00803705
580,0.0860777,0.0941176,0.00810169
581,0.0963541,0.113725,0.00840346
582,0.194191,0.219608,0.00904948
583,0.42232,0.45098,0.00987091
584,0.475823,0.505882,0.0107745
585,0.26056,0.262745,0.0107793
586,0.119059,0.12549,0.0108206
587,0.0810784,0.0901961,0.0109038
588,0.08849,0.101961,0.0110852
589,0.169909,0.188235,0.0114211
590,0.39646,0.407843,0.0115507
591,0.507,0.537255,0.012466
592,0.302307,0.305882,0.0124788
593,0.130963,0.141176,0.0125831
594,0.0868284,0.0901961,0.0125945
595,0.0813537,0.0980392,0.0128729
596,0.148225,0.160784,0.0130306
597,0.335896,0.364706,0.0138606
598,0.525737,0.556863,0.0148294
599,0.349009,0.352941,0.0148449
600,0.147086,0.14902,0.0148486
601,0.0841115,0.0941176,0.0149488
602,0.0816947,0.0862745,0.0149697
603,0.115761,0.137255,0.0154317
604,0.301589,0.305882,0.0154501
605,0.524703,0.556863,0.0164844
606,0.412656,0.407843,0.0165076
607,0.169733,0.176471,0.016553
608,0.0916875,0.0941176,0.0165589
609,0.0716514,0.0784314,0.0166048
610,0.0992644,0.109804,0.0167159
611,0.235088,0.247059,0.0168592
612,0.511705,0.521569,0.0169565
613,0.476186,0.486275,0.0170583
614,0.208357,0.211765,0.0170699
615,0.0961242,0.0980392,0.0170736
616,0.0691926,0.0784314,0.017159
617,0.088448,0.0941176,0.0171911
618,0.182479,0.196078,0.0173761
619,0.454587,0.466667,0.017522
620,0.529575,0.54902,0.0179
621,0.261652,0.262745,0.0179012
622,0.109192,0.117647,0.0179727
623,0.0729408,0.0784314,0.0180029
624,0.0758825,0.0823529,0.0180447
625,0.142132,0.14902,0.0180922
626,0.360511,0.384314,0.0186587
627,0.577325,0.592157,0.0188787
628,0.344284,0.337255,0.0189282
629,0.129733,0.133333,0.0189411
630,0.0682923,0.0784314,0.0190439
631,0.0695767,0.0745098,0.0190683
632,0.112473,0.121569,0.019151
633,0.293394,0.298039,0.0191726
634,0.56769,0.592157,0.0197712
635,0.432416,0.435294,0.0197795
636,0.163084,0.168627,0.0198102
637,0.0859153,0.0823529,0.0198229
638,0.0652225,0.0705882,0.0198517
639,0.0882263,0.0941176,0.0198864
640,0.207661,0.219608,0.0200291
641,0.519435,0.52549,0.0200658
642,0.523379,0.537255,0.0202583
643,0.222634,0.223529,0.0202591
644,0.0942125,0.0941176,0.0202591
645,0.0622448,0.0666667,0.0202787
646,0.0705816,0.0823529,0.0204173
647,0.160977,0.156863,0.0204342
648,0.404078,0.419608,0.0206754
649,0.597292,0.615686,0.0210137
650,0.31463,0.317647,0.0210228
651,0.119539,0.121569,0.0210269
652,0.071102,0.0705882,0.0210272
653,0.0643144,0.0666667,0.0210327
654,0.101599,0.113725,0.0211798
655,0.292989,0.301961,0.0212603
656,0.606415,0.619608,0.0214343
657,0.439671,0.443137,0.0214463
658,0.151558,0.160784,0.0215315
659,0.077731,0.0784314,0.021532
660,0.0630071,0.0666667,0.0215454
661,0.0800623,0.0901961,0.021648
662,0.201221,0.207843,0.0216919
663,0.514294,0.529412,0.0219204
664,0.54976,0.584314,0.0231144
665,0.237238,0.239216,0.0231183
666,0.103742,0.0980392,0.0231508
667,0.068919,0.0705882,0.0231536
668,0.0667329,0.0745098,0.0232141
669,0.12573,0.141176,0.0234527
670,0.372179,0.384314,0.0235999
671,0.617757,0.662745,0.0256238
672,0.37773,0.360784,0.025911
673,0.127301,0.129412,0.0259154
674,0.0757628,0.0745098,0.025917
675,0.0613921,0.0666667,0.0259448
676,0.0859149,0.0980392,0.0260918
677,0.239579,0.247059,0.0261478
678,0.57816,0.607843,0.0270289
679,0.524654,0.537255,0.0271877
680,0.193736,0.2,0.0272269
681,0.0997041,0.0862745,0.0274072
682,0.0630028,0.0627451,0.0274073
683,0.0604455,0.0745098,0.0276051
684,0.139709,0.152941,0.0277802
685,0.419972,0.435294,0.028015
686,0.638023,0.678431,0.0296478
687,0.338642,0.321569,0.0299393
688,0.110906,0.117647,0.0299848
689,0.0749624,0.0705882,0.0300039
690,0.0581444,0.0666667,0.0300766
691,0.0898386,0.0980392,0.0301438
692,0.244242,0.262745,0.0304862
693,0.611172,0.643137,0.031508
694,0.519375,0.52549,0.0315453
695,0.180649,0.180392,0.0315454
696,0.0948428,0.0862745,0.0316188
697,0.0664609,0.0588235,0.0316772
698,0.0497745,0.0745098,0.032289
699,0.150626,0.145098,0.0323196
700,0.406839,0.439216,0.0333678
701,0.668358,0.705882,0.0347758
702,0.350555,0.329412,0.0352229
703,0.112399,0.109804,0.0352296
704,0.0693677,0.0666667,0.0352369
705,0.0568777,0.054902,0.0352408
706,0.0642353,0.0862745,0.0357265
707,0.232395,0.235294,0.0357349
708,0.615378,0.639216,0.0363032
709,0.564675,0.572549,0.0363652
710,0.18591,0.192157,0.0364042
711,0.0902838,0.0784314,0.0365447
712,0.0576336,0.054902,0.0365522
713,0.0484446,0.0627451,0.0367567
714,0.115007,0.117647,0.0367636
715,0.356579,0.372549,0.0370187
716,0.712165,0.741176,0.0378603
717,0.41141,0.388235,0.0383974
718,0.117515,0.121569,0.0384138
719,0.0731638,0.0627451,0.0385224
720,0.0487151,0.0509804,0.0385275
721,0.0563705,0.0705882,0.0387297
722,0.175555,0.160784,0.0389478
723,0.507491,0.537255,0.0398338
724,0.691732,0.698039,0.0398735
725,0.273475,0.25098,0.0403795
726,0.0911633,0.0862745,0.0404034
727,0.0531982,0.054902,0.0404063
728,0.0447079,0.0509804,0.0404457
729,0.0777426,0.0784314,0.0404462
730,0.231712,0.231373,0.0404463
731,0.664359,0.690196,0.0411138
732,0.588704,0.588235,0.041114
733,0.176181,0.172549,0.0411272
734,0.0874743,0.0705882,0.0414124
735,0.0541256,0.0470588,0.0414623
736,0.0361252,0.0470588,0.0415818
737,0.0840663,0.0862745,0.0415867
738,0.290703,0.301961,0.0417135
739,0.772804,0.780392,0.041771
740,0.49064,0.482353,0.0418397
741,0.119272,0.129412,0.0419425
742,0.0689229,0.054902,0.0421391
743,0.0405194,0.0431373,0.042146
744,0.0382518,0.0431373,0.0421698
745,0.0846896,0.0901961,0.0422002
746,0.343283,0.337255,0.0422365
747,0.821562,0.835294,0.0424251
748,0.452968,0.439216,0.0426142
749,0.102204,0.105882,0.0426277
750,0.0560932,0.0470588,0.0427094
751,0.0357262,0.0392157,0.0427215
752,0.0340357,0.0392157,0.0427484
753,0.081909,0.0823529,0.0427486
754,0.333293,0.301961,0.0437302
755,0.840076,0.866667,0.0444373
756,0.521283,0.490196,0.0454037
757,0.11161,0.109804,0.045407
758,0.0721049,0.0470588,0.0460343
759,0.0358548,0.0392157,0.0460456
760,0.0253419,0.0313725,0.046082
761,0.0446219,0.0509804,0.0461224
762,0.200719,0.168627,0.0471523
763,0.714398,0.729412,0.0473777
764,0.781611,0.764706,0.0476635
765,0.191913,0.172549,0.0480384
766,0.0754867,0.054902,0.0484622
767,0.0519236,0.0352941,0.0487387
768,0.0237381,0.0313725,0.048797
769,0.0301292,0.027451,0.0488042
770,0.0384156,0.0392157,0.0488048
771,0.192831,0.145098,0.0510832
772,0.719814,0.768627,0.053466
773,0.867502,0.85098,0.053739
774,0.188271,0.168627,0.0541248
775,0.0881668,0.0470588,0.0558147
776,0.0600185,0.0313725,0.0566353
777,0.0340518,0.0313725,0.0566425
778,0.017771,0.0235294,0.0566756
779,-0.00497772,0.0196078,0.0572801
780,0.0666383,0.027451,0.0588157
781,0.21169,0.0705882,0.0787255
782,0.349526,0.211765,0.0977037
783,0.453179,0.203922,0.159833
784,0.176613,0.156863,0.160223
785,0.130148,0.145098,0.160447
786,0.106808,0.160784,0.16336
787,0.164809,0.2,0.164598
788,0.224622,0.254902,0.165515
789,0.233931,0.290196,0.168681
790,0.223521,0.282353,0.172142
791,0.218165,0.235294,0.172436
792,0.214162,0.196078,0.172763
793,0.206823,0.184314,0.173269
794,0.210252,0.211765,0.173272
795,0.252694,0.258824,0.173309
796,0.289298,0.298039,0.173386
797,0.278685,0.282353,0.173399
798,0.225074,0.231373,0.173439
799,0.1867,0.192157,0.173468
800,0.177642,0.188235,0.173581
801,0.205667,0.219608,0.173775
802,0.258762,0.270588,0.173915
803,0.291256,0.309804,0.174259
804,0.268324,0.282353,0.174456
805,0.212079,0.227451,0.174692
806,0.178579,0.192157,0.174876
807,0.174368,0.188235,0.175069
808,0.206624,0.223529,0.175354
809,0.264682,0.278431,0.175543
810,0.293822,0.309804,0.175799
811,0.265645,0.282353,0.176078
812,0.209429,0.219608,0.176182
813,0.172731,0.188235,0.176422
814,0.175557,0.192157,0.176698
815,0.210634,0.227451,0.17698
816,0.270301,0.286275,0.177236
817,0.296369,0.313725,0.177537
818,0.257784,0.27451,0.177817
819,0.203248,0.219608,0.178084
820,0.171979,0.184314,0.178236
821,0.172647,0.188235,0.178479
822,0.214403,0.235294,0.178916
823,0.277674,0.294118,0.179186
824,0.299518,0.321569,0.179672
825,0.258307,0.266667,0.179742
826,0.191366,0.211765,0.180158
827,0.167051,0.176471,0.180247
828,0.169162,0.188235,0.180611
829,0.225055,0.235294,0.180716
830,0.284626,0.305882,0.181168
831,0.309675,0.317647,0.181231
832,0.250136,0.262745,0.18139
833,0.188067,0.2,0.181533
834,0.158809,0.172549,0.181721
835,0.174992,0.184314,0.181808
836,0.226705,0.243137,0.182078
837,0.300947,0.313725,0.182242
838,0.309974,0.32549,0.182482
839,0.247281,0.254902,0.18254
840,0.178365,0.192157,0.182731
841,0.155317,0.168627,0.182908
842,0.173102,0.188235,0.183137
843,0.23733,0.247059,0.183231
844,0.306394,0.32549,0.183596
845,0.312097,0.321569,0.183686
846,0.237313,0.25098,0.183873
847,0.175967,0.184314,0.183942
848,0.14992,0.164706,0.184161
849,0.176585,0.188235,0.184297
850,0.24167,0.258824,0.184591
851,0.320063,0.337255,0.184886
852,0.311286,0.321569,0.184992
853,0.227955,0.243137,0.185223
854,0.16577,0.176471,0.185337
855,0.146149,0.160784,0.185551
856,0.178729,0.188235,0.185642
857,0.248895,0.266667,0.185958
858,0.331903,0.341176,0.186044
859,0.310071,0.321569,0.186176
860,0.223194,0.235294,0.186322
861,0.160042,0.172549,0.186479
862,0.146565,0.156863,0.186585
863,0.176904,0.192157,0.186817
864,0.259142,0.278431,0.187189
865,0.338428,0.352941,0.1874
866,0.307189,0.321569,0.187607
867,0.212839,0.223529,0.187721
868,0.151096,0.164706,0.187906
869,0.143686,0.156863,0.18808
870,0.18144,0.196078,0.188294
871,0.271069,0.286275,0.188525
872,0.346016,0.360784,0.188744
873,0.301787,0.321569,0.189135
874,0.207065,0.223529,0.189406
875,0.150347,0.160784,0.189515
876,0.139673,0.14902,0.189602
877,0.174707,0.196078,0.190059
878,0.276301,0.294118,0.190376
879,0.357567,0.372549,0.190601
880,0.308639,0.321569,0.190768
881,0.198539,0.211765,0.190943
882,0.14004,0.156863,0.191226
883,0.138142,0.14902,0.191344
884,0.177556,0.2,0.191848
885,0.287604,0.301961,0.192054
886,0.359181,0.384314,0.192686
887,0.304105,0.321569,0.192991
888,0.193759,0.211765,0.193315
889,0.139601,0.152941,0.193493
890,0.132532,0.14902,0.193765
891,0.178244,0.203922,0.194424
892,0.289751,0.313725,0.194999
893,0.366168,0.392157,0.195674
894,0.29986,0.317647,0.195991
895,0.186001,0.203922,0.196312
896,0.133472,0.14902,0.196554
897,0.131108,0.145098,0.196749
898,0.17787,0.203922,0.197428
899,0.299545,0.321569,0.197913
900,0.375583,0.4,0.198509
901,0.300137,0.317647,0.198816
902,0.181273,0.196078,0.199035
903,0.127219,0.141176,0.19923
904,0.126578,0.145098,0.199573
905,0.181908,0.207843,0.200245
906,0.3093,0.329412,0.20065
907,0.382048,0.411765,0.201533
908,0.295312,0.313725,0.201872
909,0.174956,0.196078,0.202318
910,0.12843,0.137255,0.202396
911,0.121219,0.141176,0.202794
912,0.181022,0.2,0.203155
913,0.304737,0.337255,0.204212
914,0.400422,0.419608,0.20458
915,0.3001,0.313725,0.204766
916,0.172453,0.184314,0.204906
917,0.115839,0.133333,0.205212
918,0.120461,0.133333,0.205378
919,0.175831,0.2,0.205962
920,0.322231,0.341176,0.206321
921,0.405773,0.431373,0.206977
922,0.302459,0.317647,0.207207
923,0.168028,0.184314,0.207472
924,0.115945,0.129412,0.207654
925,0.116214,0.129412,0.207828
926,0.170656,0.196078,0.208474
927,0.319973,0.345098,0.209105
928,0.417038,0.443137,0.209787
929,0.308009,0.317647,0.20988
930,0.164526,0.180392,0.210131
931,0.110636,0.12549,0.210352
932,0.111892,0.12549,0.210537
933,0.169202,0.192157,0.211064
934,0.322259,0.345098,0.211585
935,0.425218,0.45098,0.212249
936,0.312338,0.32549,0.212422
937,0.164719,0.180392,0.212668
938,0.109765,0.121569,0.212807
939,0.107997,0.121569,0.212991
940,0.162699,0.184314,0.213458
941,0.316307,0.337255,0.213897
942,0.436057,0.458824,0.214416
943,0.323978,0.333333,0.214503
944,0.167313,0.176471,0.214587
945,0.105973,0.117647,0.214723
946,0.103877,0.117647,0.214913
947,0.158437,0.168627,0.215017
948,0.305136,0.329412,0.215606
949,0.455621,0.466667,0.215728
950,0.335299,0.341176,0.215763
951,0.172838,0.176471,0.215776
952,0.100808,0.113725,0.215943
953,0.0991897,0.113725,0.216154
954,0.156231,0.160784,0.216175
955,0.297377,0.313725,0.216442
956,0.458613,0.478431,0.216835
957,0.35312,0.356863,0.216849
958,0.180432,0.184314,0.216864
959,0.105353,0.109804,0.216884
960,0.0906646,0.105882,0.217115
961,0.145712,0.152941,0.217167
962,0.287128,0.301961,0.217387
963,0.466342,0.482353,0.217644
964,0.370368,0.380392,0.217744
965,0.182315,0.188235,0.217779
966,0.104626,0.105882,0.217781
967,0.088093,0.0941176,0.217817
968,0.125873,0.137255,0.217947
969,0.272625,0.282353,0.218041
970,0.482189,0.482353,0.218041
971,0.398943,0.403922,0.218066
972,0.18843,0.196078,0.218125
973,0.100646,0.109804,0.218209
974,0.089043,0.0941176,0.218234
975,0.11909,0.12549,0.218275
976,0.244679,0.258824,0.218475
977,0.469208,0.47451,0.218503
978,0.422654,0.435294,0.218663
979,0.210543,0.215686,0.21869
980,0.107568,0.109804,0.218695
981,0.0834449,0.0862745,0.218703
982,0.105303,0.117647,0.218855
983,0.227244,0.231373,0.218872
984,0.45265,0.462745,0.218974
985,0.460709,0.466667,0.21901
986,0.226265,0.235294,0.219091
987,0.111363,0.113725,0.219097
988,0.0805209,0.0862745,0.21913
989,0.0995766,0.105882,0.219169
990,0.195954,0.207843,0.219311
991,0.432352,0.435294,0.219319
992,0.484309,0.501961,0.219631
993,0.258578,0.266667,0.219697
994,0.119476,0.12549,0.219733
995,0.0833779,0.0862745,0.219741
996,0.0897336,0.0980392,0.21981
997,0.168398,0.180392,0.219954
998,0.388044,0.396078,0.220018
999,0.512159,0.533333,0.220467
1000,0.304148,0.301961,0.220472
1001,0.131419,0.137255,0.220506
1002,0.083022,0.0901961,0.220557
1003,0.0843202,0.0941176,0.220653
1004,0.1489,0.152941,0.220669
1005,0.333732,0.352941,0.221038
1006,0.528451,0.552941,0.221638
1007,0.353931,0.356863,0.221647
1008,0.151793,0.156863,0.221673
1009,0.0871104,0.0941176,0.221722
1010,0.0798716,0.0862745,0.221763
1011,0.119196,0.133333,0.221962
1012,0.286866,0.298039,0.222087
1013,0.520928,0.54902,0.222876
1014,0.416702,0.419608,0.222885
1015,0.175172,0.180392,0.222912
1016,0.0928804,0.0901961,0.222919
1017,0.0698313,0.0823529,0.223076
1018,0.106017,0.113725,0.223136
1019,0.23536,0.247059,0.223272
1020,0.50653,0.521569,0.223499
1021,0.469967,0.486275,0.223765
1022,0.207038,0.219608,0.223923
1023,0.104177,0.105882,0.223925
1024,0.075122,0.0745098,0.223926
1025,0.0797819,0.0941176,0.224131
1026,0.18169,0.2,0.224467
1027,0.451015,0.462745,0.224604
1028,0.529665,0.552941,0.225146
1029,0.264547,0.266667,0.225151
1030,0.10635,0.117647,0.225278
1031,0.074466,0.0784314,0.225294
1032,0.0753479,0.0862745,0.225413
1033,0.146302,0.152941,0.225457
1034,0.361215,0.384314,0.225991
1035,0.569997,0.592157,0.226482
1036,0.344023,0.345098,0.226483
1037,0.133112,0.137255,0.2265
1038,0.0758056,0.0784314,0.226507
1039,0.0692545,0.0745098,0.226535
1040,0.107566,0.121569,0.226731
1041,0.289394,0.301961,0.226889
1042,0.572662,0.588235,0.227131
1043,0.427945,0.435294,0.227185
1044,0.159224,0.168627,0.227274
1045,0.0830596,0.0862745,0.227284
1046,0.0694161,0.0705882,0.227285
1047,0.0839626,0.0941176,0.227388
1048,0.20772,0.223529,0.227638
1049,0.51969,0.52549,0.227672
1050,0.517972,0.533333,0.227908
1051,0.221871,0.227451,0.227939
1052,0.0942333,0.0980392,0.227954
1053,0.0651859,0.0705882,0.227983
1054,0.0741732,0.0784314,0.228001
1055,0.14535,0.160784,0.228239
1056,0.413204,0.419608,0.22828
1057,0.588145,0.607843,0.228668
1058,0.316615,0.309804,0.228715
1059,0.114719,0.117647,0.228723
1060,0.0649619,0.0705882,0.228755
1061,0.0654956,0.0705882,0.228781
1062,0.112725,0.113725,0.228782
1063,0.293375,0.305882,0.228938
1064,0.6078,0.615686,0.229
1065,0.429481,0.431373,0.229004
1066,0.155181,0.152941,0.229009
1067,0.0735669,0.0784314,0.229033
1068,0.06431,0.0627451,0.229035
1069,0.076566,0.0862745,0.229129
1070,0.207067,0.203922,0.229139
1071,0.519786,0.529412,0.229232
1072,0.557009,0.564706,0.229291
1073,0.229202,0.227451,0.229294
1074,0.0917731,0.0901961,0.229297
1075,0.0570539,0.0588235,0.2293
1076,0.0614827,0.0666667,0.229327
1077,0.132314,0.133333,0.229328
1078,0.379443,0.388235,0.229405
1079,0.645105,0.65098,0.22944
1080,0.345932,0.34902,0.229449
1081,0.113767,0.121569,0.22951
1082,0.062087,0.0666667,0.229531
1083,0.0608708,0.0588235,0.229535
1084,0.0851377,0.0901961,0.229561
1085,0.238075,0.247059,0.229641
1086,0.601888,0.603922,0.229646
1087,0.510442,0.509804,0.229646
1088,0.179839,0.180392,0.229646
1089,0.0745367,0.0745098,0.229646
1090,0.0525777,0.0509804,0.229649
1091,0.0589914,0.0666667,0.229708
1092,0.15331,0.145098,0.229775
1093,0.433064,0.443137,0.229877
1094,0.65878,0.662745,0.229892
1095,0.298454,0.298039,0.229893
1096,0.0977638,0.109804,0.230038
1097,0.0612389,0.054902,0.230078
1098,0.0476211,0.054902,0.230131
1099,0.0970538,0.0941176,0.230139
1100,0.259801,0.262745,0.230148
1101,0.637362,0.643137,0.230181
1102,0.499434,0.494118,0.23021
1103,0.16044,0.160784,0.23021
1104,0.0715504,0.0705882,0.230211
1105,0.0538726,0.0509804,0.230219
1106,0.0566739,0.0627451,0.230256
1107,0.147498,0.145098,0.230262
1108,0.448788,0.454902,0.230299
1109,0.669701,0.686275,0.230574
1110,0.300265,0.298039,0.230579
1111,0.0943457,0.0980392,0.230592
1112,0.0532842,0.054902,0.230595
1113,0.0508974,0.0470588,0.23061
1114,0.0727203,0.0862745,0.230793
1115,0.257664,0.243137,0.231004
1116,0.639781,0.647059,0.231057
1117,0.536658,0.537255,0.231058
1118,0.165297,0.172549,0.23111
1119,0.0761652,0.0705882,0.231141
1120,0.0530371,0.0470588,0.231177
1121,0.0467588,0.0588235,0.231323
1122,0.129566,0.117647,0.231465
1123,0.376681,0.392157,0.231704
1124,0.724857,0.733333,0.231776
1125,0.364343,0.356863,0.231832
1126,0.106994,0.109804,0.23184
1127,0.057488,0.054902,0.231847
1128,0.0445675,0.0509804,0.231888
1129,0.0717157,0.0666667,0.231913
1130,0.174315,0.180392,0.23195
1131,0.568885,0.572549,0.231964
1132,0.643904,0.67451,0.2329
1133,0.23827,0.227451,0.233017
1134,0.0870629,0.0784314,0.233092
1135,0.0546691,0.0509804,0.233105
1136,0.0446722,0.0509804,0.233145
1137,0.0841573,0.0784314,0.233178
1138,0.240303,0.254902,0.233391
1139,0.708183,0.713725,0.233422
1140,0.543608,0.545098,0.233424
1141,0.155946,0.152941,0.233433
1142,0.0731019,0.0627451,0.23354
1143,0.0472699,0.0431373,0.233558
1144,0.0357606,0.0470588,0.233685
1145,0.0978346,0.0941176,0.233699
1146,0.332175,0.333333,0.2337
1147,0.784656,0.796078,0.233831
1148,0.445455,0.435294,0.233934
1149,0.109863,0.113725,0.233949
1150,0.0594906,0.0509804,0.234021
1151,0.0389485,0.0352941,0.234035
1152,0.0308988,0.0470588,0.234296
1153,0.11939,0.101961,0.2346
1154,0.386968,0.384314,0.234607
1155,0.82493,0.835294,0.234714
1156,0.395864,0.380392,0.234953
1157,0.0968025,0.0980392,0.234955
1158,0.0584199,0.0431373,0.235189
1159,0.031552,0.0352941,0.235203
1160,0.037139,0.0352941,0.235206
1161,0.0752025,0.0901961,0.235431
1162,0.384483,0.360784,0.235992
1163,0.865579,0.878431,0.236158
1164,0.413075,0.407843,0.236185
1165,0.0862629,0.0941176,0.236247
1166,0.0491952,0.0392157,0.236346
1167,0.0264258,0.027451,0.236347
1168,0.0203482,0.0313725,0.236469
1169,0.0687558,0.054902,0.236661
1170,0.228085,0.215686,0.236814
1171,0.824702,0.839216,0.237025
1172,0.651711,0.627451,0.237614
1173,0.126677,0.133333,0.237658
1174,0.0713084,0.0431373,0.238452
1175,0.0269594,0.027451,0.238452
1176,0.0152403,0.0235294,0.238521
1177,0.0219738,0.0196078,0.238526
1178,0.025398,0.0470588,0.238995
1179,0.275096,0.239216,0.240283
1180,0.908767,0.988235,0.246598
1181,0.56462,0.576471,0.246738
1182,0.0536935,0.0980392,0.248705
1183,0.0460566,0.0313725,0.248921
1184,0.00155423,0.027451,0.249591
1185,0.012339,0.0235294,0.249716
1186,0.0169962,0.0156863,0.249718
1187,0.00189861,0.0156863,0.249908
1188,0.093436,0.0156863,0.255953
1189,0.113463,0.054902,0.259383
1190,0.19585,0.141176,0.262372
1191,0.202792,0.0901961,0.27505
1192,-0.0955316,0.0823529,0.306693
1193,-0.0304374,0.0980392,0.323199
1194,-0.036472,0.133333,0.352033
1195,0.0658612,0.188235,0.367008
1196,0.146415,0.227451,0.373575
1197,0.176748,0.247059,0.378519
1198,0.197515,0.25098,0.381377
1199,0.202332,0.231373,0.382221
1200,0.215931,0.203922,0.382365
1201,0.220961,0.192157,0.383195
1202,0.218247,0.203922,0.3834
1203,0.240243,0.223529,0.383679
1204,0.271476,0.25098,0.384099
1205,0.282033,0.25098,0.385064
1206,0.254502,0.235294,0.385432
1207,0.229711,0.211765,0.385755
1208,0.210784,0.2,0.385871
1209,0.217421,0.211765,0.385903
1210,0.23952,0.235294,0.385921
1211,0.260394,0.262745,0.385926
1212,0.264037,0.254902,0.38601
1213,0.235507,0.235294,0.38601
1214,0.214682,0.207843,0.386056
1215,0.202508,0.2,0.386063
1216,0.220812,0.215686,0.386089
1217,0.246381,0.243137,0.3861
1218,0.268093,0.266667,0.386102
1219,0.26248,0.258824,0.386115
1220,0.23096,0.235294,0.386134
1221,0.20854,0.207843,0.386134
1222,0.200096,0.2,0.386134
1223,0.21696,0.219608,0.386141
1224,0.247361,0.247059,0.386141
1225,0.268111,0.270588,0.386147
1226,0.261915,0.262745,0.386148
1227,0.227836,0.227451,0.386148
1228,0.202673,0.207843,0.386175
1229,0.200792,0.2,0.386176
1230,0.215584,0.219608,0.386192
1231,0.253668,0.254902,0.386193
1232,0.270893,0.27451,0.386206
1233,0.258653,0.254902,0.386221
1234,0.223072,0.227451,0.38624
1235,0.199712,0.203922,0.386257
1236,0.19892,0.203922,0.386282
1237,0.225356,0.227451,0.386287
1238,0.254095,0.262745,0.386362
1239,0.27046,0.278431,0.386425
1240,0.251563,0.258824,0.386478
1241,0.216644,0.219608,0.386487
1242,0.19237,0.2,0.386545
1243,0.197907,0.2,0.386549
1244,0.223163,0.231373,0.386617
1245,0.266711,0.266667,0.386617
1246,0.275105,0.282353,0.386669
1247,0.252108,0.254902,0.386677
1248,0.210309,0.219608,0.386763
1249,0.191509,0.196078,0.386784
1250,0.194597,0.2,0.386814
1251,0.226645,0.235294,0.386888
1252,0.267769,0.278431,0.387002
1253,0.280119,0.286275,0.38704
1254,0.247272,0.254902,0.387098
1255,0.203569,0.219608,0.387355
1256,0.185412,0.196078,0.387469
1257,0.194436,0.203922,0.387559
1258,0.228738,0.243137,0.387767
1259,0.268208,0.282353,0.387967
1260,0.27671,0.290196,0.388148
1261,0.243449,0.25098,0.388205
1262,0.197678,0.207843,0.388309
1263,0.180964,0.188235,0.388361
1264,0.192917,0.203922,0.388483
1265,0.237871,0.247059,0.388567
1266,0.282351,0.286275,0.388582
1267,0.28058,0.286275,0.388615
1268,0.236061,0.243137,0.388665
1269,0.193165,0.203922,0.388781
1270,0.182226,0.188235,0.388817
1271,0.197723,0.207843,0.388919
1272,0.243713,0.25098,0.388972
1273,0.282017,0.298039,0.389229
1274,0.280401,0.286275,0.389263
1275,0.229276,0.243137,0.389455
1276,0.19045,0.196078,0.389487
1277,0.173101,0.188235,0.389716
1278,0.202127,0.211765,0.389809
1279,0.247441,0.258824,0.389938
1280,0.289979,0.301961,0.390082
1281,0.276061,0.286275,0.390186
1282,0.222842,0.231373,0.390259
1283,0.1837,0.188235,0.39028
1284,0.172587,0.180392,0.39034
1285,0.201649,0.211765,0.390443
1286,0.262168,0.266667,0.390463
1287,0.301844,0.305882,0.390479
1288,0.276871,0.286275,0.390568
1289,0.216864,0.227451,0.39068
1290,0.177665,0.184314,0.390724
1291,0.172093,0.180392,0.390793
1292,0.203052,0.211765,0.390869
1293,0.262982,0.27451,0.391002
1294,0.307731,0.313725,0.391038
1295,0.275159,0.282353,0.391089
1296,0.21216,0.219608,0.391145
1297,0.171186,0.180392,0.39123
1298,0.170319,0.184314,0.391426
1299,0.211795,0.219608,0.391487
1300,0.270882,0.286275,0.391723
1301,0.307535,0.321569,0.39192
1302,0.265005,0.278431,0.392101
1303,0.203448,0.215686,0.39225
1304,0.167115,0.172549,0.39228
1305,0.164858,0.180392,0.392521
1306,0.215601,0.223529,0.392584
1307,0.280724,0.294118,0.392764
1308,0.31763,0.321569,0.392779
1309,0.262719,0.27451,0.392918
1310,0.196078,0.203922,0.39298
1311,0.160948,0.172549,0.393114
1312,0.170871,0.176471,0.393146
1313,0.214169,0.227451,0.393322
1314,0.293791,0.301961,0.393389
1315,0.317319,0.32549,0.393455
1316,0.260908,0.262745,0.393459
1317,0.188609,0.2,0.393589
1318,0.1587,0.160784,0.393593
1319,0.165357,0.180392,0.393819
1320,0.233094,0.235294,0.393824
1321,0.299745,0.313725,0.394019
1322,0.323307,0.329412,0.394057
1323,0.248799,0.262745,0.394251
1324,0.181131,0.188235,0.394302
1325,0.152391,0.156863,0.394322
1326,0.166103,0.176471,0.394429
1327,0.231145,0.239216,0.394494
1328,0.316583,0.321569,0.394519
1329,0.328789,0.333333,0.39454
1330,0.246355,0.254902,0.394613
1331,0.174179,0.184314,0.394715
1332,0.149709,0.156863,0.394767
1333,0.166587,0.176471,0.394864
1334,0.234788,0.247059,0.395015
1335,0.322401,0.333333,0.395134
1336,0.325546,0.333333,0.395195
1337,0.24011,0.243137,0.395204
1338,0.166119,0.172549,0.395246
1339,0.143802,0.152941,0.395329
1340,0.170901,0.176471,0.39536
1341,0.246646,0.254902,0.395428
1342,0.338472,0.345098,0.395472
1343,0.324876,0.333333,0.395544
1344,0.231286,0.239216,0.395607
1345,0.160183,0.164706,0.395627
1346,0.138594,0.14902,0.395736
1347,0.171727,0.176471,0.395758
1348,0.250346,0.262745,0.395912
1349,0.350825,0.352941,0.395916
1350,0.325164,0.337255,0.396063
1351,0.225583,0.235294,0.396157
1352,0.154676,0.164706,0.396258
1353,0.138619,0.145098,0.396299
1354,0.165738,0.176471,0.396415
1355,0.253837,0.266667,0.396579
1356,0.353827,0.368627,0.396798
1357,0.332311,0.341176,0.396877
1358,0.221099,0.227451,0.396917
1359,0.147007,0.156863,0.397014
1360,0.130377,0.141176,0.397131
1361,0.165667,0.180392,0.397348
1362,0.266794,0.278431,0.397483
1363,0.36441,0.376471,0.397629
1364,0.325777,0.337255,0.39776
1365,0.209385,0.223529,0.397961
1366,0.142819,0.14902,0.397999
1367,0.128222,0.141176,0.398167
1368,0.170754,0.180392,0.39826
1369,0.26744,0.286275,0.398614
1370,0.37692,0.388235,0.398742
1371,0.324411,0.341176,0.399024
1372,0.204737,0.211765,0.399073
1373,0.135852,0.145098,0.399158
1374,0.12559,0.137255,0.399295
1375,0.166408,0.180392,0.39949
1376,0.279663,0.286275,0.399534
1377,0.382276,0.392157,0.399631
1378,0.327119,0.337255,0.399734
1379,0.202315,0.211765,0.399823
1380,0.136209,0.141176,0.399848
1381,0.122125,0.133333,0.399974
1382,0.166272,0.180392,0.400173
1383,0.281675,0.294118,0.400328
1384,0.390039,0.407843,0.400645
1385,0.329094,0.341176,0.400791
1386,0.195228,0.203922,0.400867
1387,0.129014,0.133333,0.400885
1388,0.116246,0.129412,0.401059
1389,0.165839,0.172549,0.401104
1390,0.283415,0.298039,0.401317
1391,0.411175,0.415686,0.401338
1392,0.332512,0.341176,0.401413
1393,0.193262,0.2,0.401458
1394,0.122508,0.129412,0.401506
1395,0.113257,0.121569,0.401575
1396,0.160168,0.172549,0.401728
1397,0.291638,0.294118,0.401734
1398,0.412744,0.427451,0.401951
1399,0.343548,0.345098,0.401953
1400,0.190308,0.196078,0.401986
1401,0.121568,0.12549,0.402002
1402,0.108922,0.117647,0.402078
1403,0.156986,0.168627,0.402213
1404,0.293324,0.298039,0.402236
1405,0.422959,0.431373,0.402306
1406,0.343193,0.352941,0.402401
1407,0.188045,0.196078,0.402466
1408,0.119007,0.12549,0.402508
1409,0.110275,0.113725,0.40252
1410,0.148123,0.160784,0.40268
1411,0.285617,0.294118,0.402753
1412,0.431595,0.443137,0.402886
1413,0.356901,0.360784,0.402901
1414,0.190898,0.196078,0.402928
1415,0.113812,0.117647,0.402942
1416,0.10088,0.109804,0.403022
1417,0.14771,0.152941,0.403049
1418,0.278824,0.286275,0.403105
1419,0.444923,0.45098,0.403142
1420,0.36883,0.376471,0.4032
1421,0.193926,0.196078,0.403205
1422,0.11278,0.117647,0.403228
1423,0.099248,0.105882,0.403272
1424,0.137155,0.145098,0.403335
1425,0.270281,0.278431,0.403402
1426,0.448783,0.454902,0.403439
1427,0.381323,0.396078,0.403657
1428,0.200386,0.203922,0.403669
1429,0.113327,0.117647,0.403688
1430,0.0966078,0.101961,0.403717
1431,0.126601,0.137255,0.40383
1432,0.255206,0.262745,0.403887
1433,0.447461,0.454902,0.403943
1434,0.403666,0.407843,0.40396
1435,0.209193,0.215686,0.404002
1436,0.113793,0.117647,0.404017
1437,0.0907563,0.0941176,0.404028
1438,0.117749,0.12549,0.404088
1439,0.236991,0.247059,0.40419
1440,0.44879,0.45098,0.404194
1441,0.428741,0.431373,0.404201
1442,0.21962,0.223529,0.404217
1443,0.111209,0.117647,0.404258
1444,0.0885098,0.0941176,0.404289
1445,0.113841,0.117647,0.404304
1446,0.219116,0.227451,0.404373
1447,0.436494,0.443137,0.404418
1448,0.448937,0.462745,0.404608
1449,0.238962,0.243137,0.404626
1450,0.118878,0.121569,0.404633
1451,0.0858202,0.0901961,0.404652
1452,0.101471,0.109804,0.404721
1453,0.19893,0.207843,0.404801
1454,0.418431,0.423529,0.404827
1455,0.474644,0.486275,0.404962
1456,0.260783,0.262745,0.404966
1457,0.122711,0.12549,0.404974
1458,0.0836461,0.0901961,0.405017
1459,0.0965113,0.101961,0.405046
1460,0.17777,0.184314,0.405089
1461,0.39093,0.396078,0.405116
1462,0.497761,0.513725,0.405371
1463,0.294025,0.298039,0.405387
1464,0.13411,0.137255,0.405397
1465,0.084945,0.0862745,0.405398
1466,0.08527,0.0941176,0.405477
1467,0.155587,0.160784,0.405504
1468,0.349985,0.356863,0.405551
1469,0.522458,0.533333,0.405669
1470,0.336931,0.333333,0.405682
1471,0.14522,0.14902,0.405697
1472,0.0846829,0.0862745,0.405699
1473,0.0784251,0.0901961,0.405838
1474,0.141861,0.137255,0.405859
1475,0.300627,0.317647,0.406149
1476,0.533783,0.537255,0.406161
1477,0.37804,0.384314,0.4062
1478,0.164147,0.164706,0.4062
1479,0.0868073,0.0941176,0.406254
1480,0.0806384,0.0784314,0.406259
1481,0.10638,0.121569,0.406489
1482,0.271473,0.270588,0.40649
1483,0.51319,0.52549,0.406641
1484,0.43715,0.443137,0.406677
1485,0.18677,0.196078,0.406764
1486,0.0949496,0.0980392,0.406773
1487,0.0757643,0.0784314,0.40678
1488,0.0961957,0.105882,0.406874
1489,0.216627,0.223529,0.406922
1490,0.476771,0.494118,0.407223
1491,0.493572,0.505882,0.407374
1492,0.227438,0.235294,0.407436
1493,0.104704,0.105882,0.407438
1494,0.0711515,0.0745098,0.407449
1495,0.0818671,0.0901961,0.407518
1496,0.171122,0.180392,0.407604
1497,0.423579,0.427451,0.407619
1498,0.544412,0.556863,0.407774
1499,0.287396,0.286275,0.407775
1500,0.115743,0.121569,0.407809
1501,0.0727807,0.0745098,0.407812
1502,0.0723602,0.0784314,0.407849
1503,0.135733,0.145098,0.407937
1504,0.353,0.356863,0.407952
1505,0.569651,0.584314,0.408167
1506,0.359044,0.356863,0.408172
1507,0.135202,0.145098,0.408269
1508,0.0779608,0.0784314,0.40827
1509,0.0692015,0.0705882,0.408272
1510,0.105483,0.113725,0.40834
1511,0.272352,0.278431,0.408377
1512,0.562032,0.568627,0.40842
1513,0.447776,0.45098,0.40843
1514,0.171555,0.176471,0.408454
1515,0.0826571,0.0862745,0.408468
1516,0.0681981,0.0705882,0.408473
1517,0.0865355,0.0901961,0.408487
1518,0.197974,0.207843,0.408584
1519,0.499755,0.501961,0.408589
1520,0.529603,0.541176,0.408723
1521,0.236076,0.235294,0.408723
1522,0.0968754,0.0980392,0.408725
1523,0.0629203,0.0666667,0.408739
1524,0.071893,0.0745098,0.408746
1525,0.144386,0.14902,0.408767
1526,0.39561,0.403922,0.408836
1527,0.602703,0.611765,0.408918
1528,0.322959,0.32549,0.408925
1529,0.115619,0.121569,0.40896
1530,0.0646107,0.0705882,0.408996
1531,0.0672814,0.0666667,0.408996
1532,0.103722,0.113725,0.409096
1533,0.292754,0.290196,0.409103
1534,0.591722,0.603922,0.409252
1535,0.445245,0.443137,0.409256
1536,0.160461,0.164706,0.409274
1537,0.0804419,0.0745098,0.409309
1538,0.0591633,0.0588235,0.40931
1539,0.0761805,0.0823529,0.409348
1540,0.194757,0.2,0.409375
1541,0.521511,0.513725,0.409436
1542,0.559945,0.572549,0.409595
1543,0.23046,0.235294,0.409618
1544,0.0900857,0.0941176,0.409634
1545,0.0619866,0.0588235,0.409644
1546,0.0605239,0.0666667,0.409682
1547,0.130653,0.129412,0.409683
1548,0.36367,0.380392,0.409963
1549,0.646274,0.643137,0.409973
1550,0.349499,0.34902,0.409973
1551,0.11635,0.121569,0.41
1552,0.0577417,0.0627451,0.410025
1553,0.0574965,0.0588235,0.410027
1554,0.0927016,0.0901961,0.410033
1555,0.239661,0.243137,0.410046
1556,0.599454,0.596078,0.410057
1557,0.509448,0.513725,0.410075
1558,0.181921,0.184314,0.410081
1559,0.0793469,0.0784314,0.410082
1560,0.0572369,0.054902,0.410087
1561,0.0619058,0.0705882,0.410163
1562,0.156871,0.152941,0.410178
1563,0.436895,0.443137,0.410217
1564,0.635236,0.65098,0.410465
1565,0.30053,0.298039,0.410471
1566,0.10362,0.101961,0.410474
1567,0.0573913,0.0588235,0.410476
1568,0.0563619,0.0509804,0.410505
1569,0.0818976,0.0941176,0.410654
1570,0.279172,0.270588,0.410728
1571,0.644438,0.647059,0.410735
1572,0.485722,0.486275,0.410735
1573,0.151838,0.160784,0.410815
1574,0.0700193,0.0666667,0.410826
1575,0.0518961,0.0470588,0.41085
1576,0.0560476,0.0627451,0.410895
1577,0.150201,0.14902,0.410896
1578,0.462912,0.462745,0.410896
1579,0.668362,0.67451,0.410934
1580,0.285205,0.286275,0.410935
1581,0.0896695,0.0980392,0.411005
1582,0.0543342,0.054902,0.411005
1583,0.0503391,0.0509804,0.411006
1584,0.0847539,0.0862745,0.411008
1585,0.25189,0.254902,0.411017
1586,0.652487,0.658824,0.411057
1587,0.51543,0.513725,0.41106
1588,0.160623,0.160784,0.41106
1589,0.0686473,0.0666667,0.411064
1590,0.0494982,0.0470588,0.41107
1591,0.0510302,0.0588235,0.411131
1592,0.137007,0.12549,0.411263
1593,0.406884,0.419608,0.411425
1594,0.714869,0.721569,0.41147
1595,0.333341,0.333333,0.41147
1596,0.0997098,0.101961,0.411475
1597,0.0523059,0.0509804,0.411477
1598,0.045435,0.0470588,0.41148
1599,0.0698668,0.0666667,0.41149
1600,0.186621,0.192157,0.411521
1601,0.60276,0.6,0.411528
1602,0.623224,0.627451,0.411546
1603,0.206825,0.203922,0.411555
1604,0.0726701,0.0705882,0.411559
1605,0.0440724,0.0431373,0.41156
1606,0.0416642,0.0470588,0.411589
1607,0.0931843,0.0901961,0.411598
1608,0.297717,0.286275,0.411729
1609,0.724889,0.737255,0.411882
1610,0.487881,0.482353,0.411912
1611,0.133967,0.137255,0.411923
1612,0.0718754,0.054902,0.412211
1613,0.0419999,0.0431373,0.412212
1614,0.047378,0.0470588,0.412212
1615,0.103676,0.105882,0.412217
1616,0.389653,0.384314,0.412246
1617,0.784549,0.788235,0.412259
1618,0.380527,0.360784,0.412649
1619,0.101073,0.0980392,0.412658
1620,0.0443346,0.0431373,0.41266
1621,0.0309645,0.0352941,0.412679
1622,0.0508334,0.0431373,0.412738
1623,0.117074,0.117647,0.412738
1624,0.467024,0.470588,0.412751
1625,0.800285,0.8,0.412751
1626,0.291741,0.294118,0.412757
1627,0.0704095,0.0862745,0.413008
1628,0.0460565,0.0392157,0.413055
1629,0.0282621,0.0313725,0.413065
1630,0.0470684,0.0392157,0.413126
1631,0.101292,0.113725,0.413281
1632,0.476464,0.482353,0.413316
1633,0.833965,0.835294,0.413317
1634,0.28327,0.286275,0.413326
1635,0.0611431,0.0705882,0.413416
1636,0.0265899,0.0352941,0.413491
1637,0.0292212,0.0313725,0.413496
1638,0.0457812,0.0352941,0.413606
1639,0.090252,0.0784314,0.413746
1640,0.348815,0.368627,0.414138
1641,0.912067,0.92549,0.414318
1642,0.381503,0.388235,0.414364
1643,0.0835349,0.0784314,0.41439
1644,0.0220004,0.0352941,0.414567
1645,0.0181319,0.0235294,0.414596
1646,0.0180471,0.0235294,0.414626
1647,0.0503273,0.0313725,0.414985
1648,0.113649,0.117647,0.415001
1649,0.613804,0.639216,0.415647
1650,0.887941,0.898039,0.415749
1651,0.206263,0.203922,0.415754
1652,0.0358721,0.0470588,0.415879
1653,0.0270559,0.027451,0.41588
1654,0.0275834,0.0196078,0.415943
1655,0.0109455,0.0156863,0.415966
1656,-0.00696743,0.0117647,0.416316
1657,0.00615715,0.0117647,0.416348
1658,0.0821606,0.027451,0.419341
1659,0.102342,0.164706,0.42323
1660,0.403781,0.207843,0.461622
1661,0.13676,0.0980392,0.463121
1662,0.0477828,0.0823529,0.464316
1663,0.0850973,0.0941176,0.464398
1664,0.0591318,0.152941,0.473198
1665,0.17992,0.27451,0.482145
1666,0.222228,0.34902,0.498221
1667,0.184735,0.282353,0.507751
1668,0.190393,0.184314,0.507788
1669,0.194553,0.145098,0.510233
1670,0.197283,0.14902,0.512563
1671,0.222852,0.203922,0.512921
1672,0.299692,0.286275,0.513101
1673,0.332769,0.32549,0.513154
1674,0.278945,0.258824,0.513559
1675,0.204773,0.184314,0.513978
1676,0.16976,0.145098,0.514586
1677,0.170374,0.156863,0.514768
1678,0.227999,0.211765,0.515032
1679,0.309649,0.301961,0.515091
1680,0.343554,0.329412,0.515291
1681,0.266789,0.258824,0.515354
1682,0.189376,0.180392,0.515435
1683,0.155081,0.14902,0.515472
1684,0.169867,0.156863,0.515641
1685,0.224738,0.223529,0.515643
1686,0.324515,0.313725,0.515759
1687,0.34034,0.337255,0.515768
1688,0.262663,0.254902,0.515829
1689,0.178801,0.172549,0.515868
1690,0.147731,0.145098,0.515875
1691,0.16661,0.160784,0.515909
1692,0.2326,0.227451,0.515935
1693,0.33276,0.321569,0.51606
1694,0.343946,0.341176,0.516068
1695,0.255318,0.247059,0.516136
1696,0.174947,0.168627,0.516176
1697,0.145315,0.141176,0.516193
1698,0.162473,0.160784,0.516196
1699,0.239639,0.231373,0.516265
1700,0.339607,0.337255,0.51627
1701,0.349205,0.345098,0.516287
1702,0.248092,0.247059,0.516288
1703,0.16776,0.164706,0.516297
1704,0.137365,0.141176,0.516312
1705,0.163377,0.160784,0.516319
1706,0.237763,0.239216,0.516321
1707,0.347887,0.34902,0.516322
1708,0.348343,0.345098,0.516333
1709,0.242207,0.235294,0.51638
1710,0.159523,0.156863,0.516387
1711,0.132892,0.129412,0.5164
1712,0.158439,0.156863,0.516402
1713,0.251796,0.247059,0.516424
1714,0.367608,0.356863,0.51654
1715,0.3549,0.34902,0.516574
1716,0.234512,0.231373,0.516584
1717,0.150397,0.14902,0.516586
1718,0.130632,0.129412,0.516588
1719,0.160756,0.160784,0.516588
1720,0.254756,0.25098,0.516602
1721,0.371598,0.368627,0.516611
1722,0.352466,0.34902,0.516623
1723,0.2269,0.227451,0.516623
1724,0.148936,0.141176,0.516683
1725,0.124705,0.12549,0.516684
1726,0.1613,0.152941,0.516754
1727,0.251842,0.254902,0.516763
1728,0.392812,0.380392,0.516917
1729,0.359189,0.352941,0.516956
1730,0.224974,0.219608,0.516985
1731,0.139612,0.141176,0.516988
1732,0.122509,0.121569,0.516988
1733,0.156227,0.156863,0.516989
1734,0.26314,0.262745,0.516989
1735,0.39133,0.392157,0.51699
1736,0.356488,0.360784,0.517008
1737,0.217119,0.219608,0.517014
1738,0.136099,0.137255,0.517016
1739,0.118678,0.117647,0.517017
1740,0.149751,0.152941,0.517027
1741,0.260587,0.258824,0.51703
1742,0.401097,0.4,0.517031
1743,0.370317,0.360784,0.517122
1744,0.218115,0.215686,0.517128
1745,0.132079,0.133333,0.51713
1746,0.113101,0.113725,0.51713
1747,0.148852,0.152941,0.517147
1748,0.266197,0.262745,0.517159
1749,0.405627,0.407843,0.517164
1750,0.369371,0.372549,0.517174
1751,0.21305,0.211765,0.517175
1752,0.12964,0.129412,0.517175
1753,0.111988,0.113725,0.517178
1754,0.144968,0.141176,0.517193
1755,0.253218,0.258824,0.517224
1756,0.423587,0.415686,0.517287
1757,0.379887,0.380392,0.517287
1758,0.220352,0.211765,0.517361
1759,0.124006,0.12549,0.517363
1760,0.105101,0.105882,0.517363
1761,0.137697,0.141176,0.517375
1762,0.259504,0.258824,0.517376
1763,0.426012,0.423529,0.517382
1764,0.386111,0.392157,0.517419
1765,0.214228,0.219608,0.517448
1766,0.123487,0.129412,0.517483
1767,0.105968,0.105882,0.517483
1768,0.131016,0.137255,0.517522
1769,0.24486,0.25098,0.517559
1770,0.420303,0.431373,0.517682
1771,0.402712,0.411765,0.517764
1772,0.223039,0.223529,0.517764
1773,0.122187,0.12549,0.517775
1774,0.0972245,0.0980392,0.517775
1775,0.118477,0.129412,0.517895
1776,0.239555,0.239216,0.517895
1777,0.427028,0.431373,0.517914
1778,0.425018,0.423529,0.517916
1779,0.227729,0.235294,0.517973
1780,0.120593,0.12549,0.517997
1781,0.0933138,0.0980392,0.51802
1782,0.117822,0.121569,0.518034
1783,0.217464,0.223529,0.518071
1784,0.4179,0.427451,0.518162
1785,0.444194,0.443137,0.518163
1786,0.242853,0.243137,0.518163
1787,0.122896,0.12549,0.51817
1788,0.0882389,0.0941176,0.518204
1789,0.110083,0.113725,0.518218
1790,0.206503,0.211765,0.518245
1791,0.413752,0.411765,0.518249
1792,0.456983,0.466667,0.518343
1793,0.258842,0.262745,0.518358
1794,0.127869,0.129412,0.518361
1795,0.0901262,0.0941176,0.518376
1796,0.103608,0.105882,0.518382
1797,0.183152,0.192157,0.518463
1798,0.393858,0.396078,0.518468
1799,0.480025,0.490196,0.518571
1800,0.283613,0.282353,0.518573
1801,0.133275,0.137255,0.518589
1802,0.0873953,0.0901961,0.518596
1803,0.0925877,0.0980392,0.518626
1804,0.16835,0.172549,0.518644
1805,0.366289,0.372549,0.518683
1806,0.503303,0.509804,0.518725
1807,0.312321,0.313725,0.518727
1808,0.139776,0.141176,0.518729
1809,0.0840582,0.0901961,0.518767
1810,0.0902255,0.0901961,0.518767
1811,0.144369,0.152941,0.51884
1812,0.338698,0.341176,0.518846
1813,0.518434,0.521569,0.518856
1814,0.34694,0.34902,0.518861
1815,0.151075,0.156863,0.518894
1816,0.0864989,0.0901961,0.518908
1817,0.0836992,0.0862745,0.518914
1818,0.130322,0.133333,0.518923
1819,0.29202,0.301961,0.519022
1820,0.52302,0.52549,0.519028
1821,0.39224,0.388235,0.519044
1822,0.170663,0.172549,0.519048
1823,0.0878355,0.0901961,0.519054
1824,0.0760713,0.0784314,0.519059
1825,0.114039,0.113725,0.519059
1826,0.252423,0.254902,0.519065
1827,0.513401,0.517647,0.519083
1828,0.45126,0.443137,0.519149
1829,0.195986,0.196078,0.519149
1830,0.0917997,0.0980392,0.519188
1831,0.0729035,0.0784314,0.519219
1832,0.101046,0.101961,0.51922
1833,0.213082,0.215686,0.519226
1834,0.469408,0.478431,0.519308
1835,0.493478,0.501961,0.51938
1836,0.234869,0.235294,0.51938
1837,0.106271,0.105882,0.51938
1838,0.071571,0.0784314,0.519427
1839,0.0889645,0.0862745,0.519434
1840,0.164232,0.176471,0.519584
1841,0.422654,0.419608,0.519594
1842,0.53866,0.545098,0.519635
1843,0.290049,0.286275,0.519649
1844,0.117439,0.121569,0.519666
1845,0.0709377,0.0745098,0.519679
1846,0.0763548,0.0784314,0.519683
1847,0.139319,0.141176,0.519687
1848,0.346683,0.352941,0.519726
1849,0.570812,0.580392,0.519818
1850,0.357911,0.356863,0.519819
1851,0.138211,0.141176,0.519828
1852,0.0745113,0.0784314,0.519843
1853,0.0716259,0.0745098,0.519851
1854,0.113266,0.113725,0.519852
1855,0.271834,0.282353,0.519962
1856,0.562186,0.564706,0.519969
1857,0.435015,0.439216,0.519986
1858,0.172953,0.176471,0.519999
1859,0.0834579,0.0862745,0.520006
1860,0.067882,0.0705882,0.520014
1861,0.090513,0.0941176,0.520027
1862,0.207651,0.215686,0.520091
1863,0.503563,0.509804,0.52013
1864,0.517551,0.537255,0.520519
1865,0.228094,0.235294,0.52057
1866,0.0997076,0.0980392,0.520573
1867,0.0663003,0.0705882,0.520592
1868,0.0766981,0.0823529,0.520624
1869,0.152887,0.160784,0.520686
1870,0.405769,0.415686,0.520784
1871,0.58215,0.596078,0.520978
1872,0.311109,0.309804,0.52098
1873,0.118229,0.121569,0.520991
1874,0.0682581,0.0666667,0.520994
1875,0.0618552,0.0666667,0.521017
1876,0.112112,0.113725,0.521019
1877,0.297491,0.309804,0.521171
1878,0.614824,0.611765,0.52118
1879,0.420104,0.419608,0.521181
1880,0.146224,0.14902,0.521188
1881,0.067214,0.0745098,0.521242
1882,0.0632647,0.0627451,0.521242
1883,0.0838357,0.0901961,0.521282
1884,0.219663,0.219608,0.521282
1885,0.537614,0.541176,0.521295
1886,0.527158,0.541176,0.521492
1887,0.210873,0.219608,0.521568
1888,0.0922343,0.0941176,0.521571
1889,0.0652342,0.0588235,0.521613
1890,0.0614292,0.0745098,0.521784
1891,0.15144,0.152941,0.521786
1892,0.406184,0.415686,0.521876
1893,0.615354,0.635294,0.522274
1894,0.320902,0.317647,0.522284
1895,0.111071,0.113725,0.522291
1896,0.0643111,0.0666667,0.522297
1897,0.0620452,0.0627451,0.522298
1898,0.0973913,0.105882,0.52237
1899,0.284305,0.278431,0.522404
1900,0.609034,0.623529,0.522614
1901,0.471143,0.466667,0.522634
1902,0.163109,0.164706,0.522637
1903,0.079268,0.0745098,0.522659
1904,0.0569688,0.0588235,0.522663
1905,0.0703389,0.0745098,0.52268
1906,0.170502,0.176471,0.522716
1907,0.493236,0.498039,0.522739
1908,0.604369,0.619608,0.522971
1909,0.258688,0.254902,0.522986
1910,0.0917497,0.0941176,0.522991
1911,0.055167,0.054902,0.522991
1912,0.0530421,0.0588235,0.523025
1913,0.110599,0.109804,0.523025
1914,0.319981,0.321569,0.523028
1915,0.664454,0.666667,0.523033
1916,0.421331,0.423529,0.523038
1917,0.132669,0.137255,0.523059
1918,0.0670293,0.0627451,0.523077
1919,0.0541098,0.0509804,0.523087
1920,0.0659141,0.0705882,0.523109
1921,0.179927,0.184314,0.523128
1922,0.540537,0.533333,0.52318
1923,0.608725,0.619608,0.523298
1924,0.232187,0.235294,0.523308
1925,0.0820499,0.0823529,0.523308
1926,0.0504407,0.0509804,0.523308
1927,0.0528271,0.054902,0.523312
1928,0.10405,0.105882,0.523316
1929,0.324952,0.32549,0.523316
1930,0.688365,0.698039,0.52341
1931,0.420825,0.423529,0.523417
1932,0.12543,0.133333,0.523479
1933,0.0670614,0.0588235,0.523547
1934,0.0489264,0.0470588,0.523551
1935,0.0605398,0.0666667,0.523588
1936,0.169765,0.164706,0.523614
1937,0.514653,0.517647,0.523623
1938,0.65811,0.662745,0.523644
1939,0.252726,0.247059,0.523677
1940,0.0833611,0.0823529,0.523678
1941,0.0471535,0.0509804,0.523692
1942,0.0485269,0.0470588,0.523694
1943,0.082731,0.0862745,0.523707
1944,0.27414,0.266667,0.523763
1945,0.685,0.694118,0.523846
1946,0.504678,0.505882,0.523847
1947,0.146917,0.152941,0.523884
1948,0.0713755,0.0588235,0.524041
1949,0.0446536,0.0431373,0.524043
1950,0.0490148,0.0509804,0.524047
1951,0.114703,0.117647,0.524056
1952,0.409278,0.407843,0.524058
1953,0.747399,0.74902,0.524061
1954,0.343457,0.341176,0.524066
1955,0.0937171,0.0980392,0.524085
1956,0.0456709,0.0470588,0.524086
1957,0.0404063,0.0392157,0.524088
1958,0.056374,0.054902,0.52409
1959,0.157702,0.160784,0.5241
1960,0.563361,0.560784,0.524106
1961,0.692362,0.698039,0.524138
1962,0.230369,0.231373,0.524139
1963,0.0679471,0.0705882,0.524146
1964,0.0390253,0.0431373,0.524163
1965,0.0424895,0.0392157,0.524174
1966,0.0648607,0.0666667,0.524177
1967,0.218614,0.207843,0.524293
1968,0.670913,0.682353,0.524424
1969,0.616745,0.619608,0.524432
1970,0.172605,0.172549,0.524432
1971,0.071526,0.054902,0.524709
1972,0.0380649,0.0392157,0.52471
1973,0.0395759,0.0352941,0.524728
1974,0.0593055,0.0627451,0.52474
1975,0.2293,0.231373,0.524745
1976,0.756577,0.752941,0.524758
1977,0.577246,0.580392,0.524768
1978,0.139659,0.145098,0.524797
1979,0.056309,0.0509804,0.524826
1980,0.0336532,0.0313725,0.524831
1981,0.0255141,0.0352941,0.524926
1982,0.0719956,0.054902,0.525219
1983,0.194506,0.203922,0.525307
1984,0.754396,0.74902,0.525336
1985,0.646563,0.643137,0.525348
1986,0.154042,0.152941,0.525349
1987,0.060456,0.0470588,0.525529
1988,0.030722,0.0313725,0.525529
1989,0.0262267,0.027451,0.525531
1990,0.0392798,0.0352941,0.525546
1991,0.110139,0.109804,0.525547
1992,0.529107,0.537255,0.525613
1993,0.885047,0.909804,0.526226
1994,0.257423,0.254902,0.526232
1995,0.0474565,0.0588235,0.526361
1996,0.0276346,0.027451,0.526361
1997,0.019441,0.0235294,0.526378
1998,0.0280572,0.0196078,0.52645
1999,0.0162106,0.0235294,0.526503
2000,0.0825922,0.0862745,0.526517
2001,0.505583,0.52549,0.526913
2002,0.932523,1,0.531466
2003,0.254061,0.262745,0.531542
2004,0.042768,0.054902,0.531689
2005,0.0260988,0.0313725,0.531717
2006,0.0233985,0.0235294,0.531717
2007,0.0201905,0.0156863,0.531737
2008,-0.0104114,0.0156863,0.532418
2009,0.0258374,0.0156863,0.532521
2010,0.106782,0.0313725,0.538208
2011,0.162461,0.113725,0.540583
2012,0.299997,0.129412,0.569682
2013,0.0509903,0.0901961,0.571219
2014,-0.0445778,0.0901961,0.589383
2015,-0.0163253,0.109804,0.605292
2016,0.0203957,0.14902,0.621836
2017,0.114114,0.211765,0.631371
2018,0.174421,0.278431,0.64219
2019,0.185736,0.298039,0.654801
2020,0.187213,0.247059,0.658383
2021,0.204572,0.184314,0.658793
2022,0.208059,0.160784,0.661028
2023,0.204266,0.172549,0.662034
2024,0.237416,0.219608,0.662351
2025,0.303598,0.282353,0.662803
2026,0.3192,0.290196,0.663644
2027,0.265128,0.243137,0.664128
2028,0.208024,0.184314,0.66469
2029,0.177864,0.160784,0.664981
2030,0.192116,0.184314,0.665042
2031,0.245859,0.239216,0.665086
2032,0.304998,0.301961,0.665096
2033,0.30496,0.294118,0.665213
2034,0.23612,0.235294,0.665214
2035,0.18614,0.180392,0.665247
2036,0.170171,0.160784,0.665335
2037,0.194087,0.188235,0.665369
2038,0.256524,0.247059,0.665459
2039,0.314194,0.305882,0.665528
2040,0.305314,0.294118,0.665653
2041,0.232979,0.227451,0.665684
2042,0.180987,0.172549,0.665755
2043,0.166966,0.156863,0.665857
2044,0.193331,0.192157,0.665859
2045,0.26773,0.254902,0.666023
2046,0.323223,0.317647,0.666054
2047,0.304346,0.298039,0.666094
2048,0.222817,0.223529,0.666094
2049,0.173919,0.168627,0.666122
2050,0.161642,0.156863,0.666145
2051,0.192427,0.192157,0.666145
2052,0.269757,0.266667,0.666155
2053,0.333028,0.32549,0.666212
2054,0.300202,0.290196,0.666312
2055,0.216356,0.211765,0.666333
2056,0.165272,0.160784,0.666353
2057,0.160165,0.156863,0.666364
2058,0.202623,0.196078,0.666407
2059,0.281331,0.27451,0.666453
2060,0.338916,0.333333,0.666484
2061,0.293985,0.286275,0.666544
2062,0.209155,0.207843,0.666546
2063,0.16211,0.152941,0.66663
2064,0.154428,0.152941,0.666632
2065,0.205507,0.2,0.666662
2066,0.290729,0.286275,0.666682
2067,0.349775,0.341176,0.666756
2068,0.290428,0.286275,0.666773
2069,0.198906,0.2,0.666774
2070,0.154443,0.14902,0.666804
2071,0.153337,0.152941,0.666804
2072,0.206634,0.203922,0.666811
2073,0.298942,0.294118,0.666835
2074,0.353608,0.345098,0.666907
2075,0.285267,0.286275,0.666908
2076,0.194178,0.192157,0.666912
2077,0.150358,0.145098,0.66694
2078,0.152561,0.14902,0.666952
2079,0.204046,0.207843,0.666967
2080,0.312317,0.309804,0.666973
2081,0.361923,0.356863,0.666999
2082,0.279712,0.282353,0.667006
2083,0.182524,0.184314,0.667009
2084,0.140813,0.141176,0.667009
2085,0.150069,0.14902,0.66701
2086,0.208199,0.211765,0.667023
2087,0.321289,0.321569,0.667023
2088,0.367044,0.364706,0.667028
2089,0.274146,0.27451,0.667029
2090,0.175757,0.180392,0.66705
2091,0.136327,0.137255,0.667051
2092,0.145833,0.14902,0.667061
2093,0.214328,0.219608,0.667089
2094,0.330167,0.333333,0.667099
2095,0.367923,0.368627,0.667099
2096,0.266505,0.270588,0.667116
2097,0.167592,0.172549,0.667141
2098,0.131804,0.137255,0.66717
2099,0.148092,0.145098,0.667179
2100,0.210442,0.219608,0.667263
2101,0.341424,0.345098,0.667277
2102,0.375115,0.376471,0.667279
2103,0.266583,0.270588,0.667295
2104,0.162934,0.164706,0.667298
2105,0.122802,0.129412,0.667342
2106,0.143141,0.145098,0.667345
2107,0.215299,0.223529,0.667413
2108,0.352246,0.352941,0.667414
2109,0.381381,0.380392,0.667415
2110,0.25856,0.266667,0.66748
2111,0.157413,0.160784,0.667492
2112,0.121798,0.12549,0.667505
2113,0.140604,0.145098,0.667526
2114,0.218482,0.227451,0.667606
2115,0.358406,0.368627,0.66771
2116,0.386796,0.392157,0.667739
2117,0.252133,0.262745,0.667852
2118,0.150454,0.160784,0.667959
2119,0.117862,0.12549,0.668017
2120,0.136277,0.141176,0.668041
2121,0.214504,0.227451,0.668208
2122,0.362222,0.372549,0.668315
2123,0.392063,0.4,0.668378
2124,0.257834,0.258824,0.668379
2125,0.147186,0.152941,0.668412
2126,0.111455,0.117647,0.66845
2127,0.129513,0.137255,0.66851
2128,0.219007,0.223529,0.668531
2129,0.372516,0.376471,0.668546
2130,0.404237,0.407843,0.668559
2131,0.256462,0.258824,0.668565
2132,0.145058,0.14902,0.668581
2133,0.10909,0.117647,0.668654
2134,0.12953,0.133333,0.668668
2135,0.212545,0.223529,0.668789
2136,0.378223,0.384314,0.668826
2137,0.406268,0.419608,0.669004
2138,0.257603,0.266667,0.669086
2139,0.143445,0.14902,0.669117
2140,0.106314,0.109804,0.66913
2141,0.119877,0.129412,0.66922
2142,0.207728,0.215686,0.669284
2143,0.376407,0.388235,0.669424
2144,0.428512,0.431373,0.669432
2145,0.261459,0.266667,0.669459
2146,0.139372,0.145098,0.669492
2147,0.100085,0.105882,0.669525
2148,0.115268,0.12549,0.66963
2149,0.205907,0.211765,0.669664
2150,0.378946,0.388235,0.66975
2151,0.43528,0.443137,0.669812
2152,0.264824,0.27451,0.669906
2153,0.139862,0.14902,0.66999
2154,0.101567,0.101961,0.66999
2155,0.107618,0.117647,0.670091
2156,0.193208,0.2,0.670137
2157,0.37092,0.376471,0.670168
2158,0.453229,0.454902,0.67017
2159,0.282666,0.282353,0.67017
2160,0.141586,0.145098,0.670183
2161,0.0965369,0.0980392,0.670185
2162,0.103396,0.109804,0.670226
2163,0.183535,0.192157,0.6703
2164,0.373653,0.372549,0.670302
2165,0.463194,0.470588,0.670356
2166,0.290374,0.298039,0.670415
2167,0.141102,0.145098,0.670431
2168,0.0955027,0.0980392,0.670438
2169,0.102923,0.101961,0.670438
2170,0.163389,0.172549,0.670522
2171,0.355896,0.356863,0.670523
2172,0.486574,0.486275,0.670523
2173,0.316054,0.317647,0.670526
2174,0.148448,0.14902,0.670526
2175,0.0899253,0.0941176,0.670544
2176,0.0951811,0.0941176,0.670545
2177,0.149717,0.156863,0.670596
2178,0.33593,0.337255,0.670598
2179,0.502526,0.501961,0.670598
2180,0.340759,0.341176,0.670598
2181,0.154367,0.160784,0.670639
2182,0.0907393,0.0941176,0.670651
2183,0.0889033,0.0941176,0.670678
2184,0.144209,0.145098,0.670679
2185,0.301955,0.313725,0.670817
2186,0.503001,0.505882,0.670826
2187,0.366512,0.372549,0.670862
2188,0.168094,0.172549,0.670882
2189,0.0943445,0.0941176,0.670882
2190,0.0838678,0.0901961,0.670922
2191,0.13046,0.129412,0.670923
2192,0.270191,0.282353,0.671071
2193,0.506127,0.501961,0.671088
2194,0.403595,0.411765,0.671155
2195,0.18582,0.188235,0.671161
2196,0.0970124,0.0980392,0.671162
2197,0.0812184,0.0862745,0.671188
2198,0.114364,0.113725,0.671188
2199,0.234789,0.243137,0.671258
2200,0.488197,0.490196,0.671262
2201,0.452664,0.454902,0.671267
2202,0.213527,0.215686,0.671271
2203,0.102606,0.105882,0.671282
2204,0.0759575,0.0823529,0.671323
2205,0.100434,0.101961,0.671325
2206,0.200679,0.211765,0.671448
2207,0.453733,0.458824,0.671474
2208,0.490523,0.501961,0.671605
2209,0.245954,0.247059,0.671606
2210,0.109716,0.113725,0.671622
2211,0.0753702,0.0784314,0.671632
2212,0.0863397,0.0941176,0.671692
2213,0.176818,0.176471,0.671692
2214,0.401626,0.411765,0.671795
2215,0.532779,0.541176,0.671866
2216,0.291726,0.294118,0.671871
2217,0.124294,0.129412,0.671898
2218,0.077257,0.0823529,0.671923
2219,0.0805898,0.0823529,0.671927
2220,0.137026,0.145098,0.671992
2221,0.341846,0.352941,0.672115
2222,0.554462,0.564706,0.67222
2223,0.357621,0.356863,0.67222
2224,0.141817,0.141176,0.672221
2225,0.073619,0.0784314,0.672244
2226,0.0732854,0.0784314,0.67227
2227,0.119595,0.12549,0.672305
2228,0.293859,0.294118,0.672305
2229,0.549926,0.560784,0.672423
2230,0.415306,0.431373,0.672681
2231,0.166645,0.176471,0.672778
2232,0.0926702,0.0901961,0.672784
2233,0.0748666,0.0745098,0.672784
2234,0.0913456,0.101961,0.672897
2235,0.219886,0.231373,0.673029
2236,0.508102,0.517647,0.67312
2237,0.496378,0.505882,0.67321
2238,0.215817,0.219608,0.673224
2239,0.0954541,0.101961,0.673267
2240,0.0693314,0.0745098,0.673294
2241,0.0802538,0.0862745,0.67333
2242,0.166886,0.176471,0.673422
2243,0.428006,0.443137,0.673651
2244,0.558631,0.572549,0.673844
2245,0.286673,0.282353,0.673863
2246,0.111277,0.113725,0.673869
2247,0.0643955,0.0705882,0.673907
2248,0.0697522,0.0745098,0.67393
2249,0.130304,0.133333,0.673939
2250,0.341394,0.345098,0.673953
2251,0.595039,0.603922,0.674032
2252,0.378079,0.376471,0.674034
2253,0.139018,0.141176,0.674039
2254,0.0730567,0.0745098,0.674041
2255,0.0655337,0.0666667,0.674042
2256,0.0956985,0.101961,0.674082
2257,0.251004,0.254902,0.674097
2258,0.566073,0.572549,0.674139
2259,0.481472,0.486275,0.674162
2260,0.182709,0.188235,0.674192
2261,0.0840317,0.0823529,0.674195
2262,0.0607727,0.0627451,0.674199
2263,0.0757169,0.0784314,0.674206
2264,0.170321,0.180392,0.674308
2265,0.476446,0.47451,0.674312
2266,0.578003,0.592157,0.674512
2267,0.262796,0.266667,0.674527
2268,0.0977046,0.101961,0.674545
2269,0.0611653,0.0627451,0.674548
2270,0.0642289,0.0666667,0.674554
2271,0.119389,0.12549,0.674591
2272,0.342499,0.34902,0.674633
2273,0.628702,0.635294,0.674677
2274,0.381256,0.384314,0.674686
2275,0.128663,0.137255,0.67476
2276,0.069337,0.0705882,0.674761
2277,0.062003,0.0588235,0.674772
2278,0.0805977,0.0901961,0.674864
2279,0.2284,0.223529,0.674887
2280,0.559528,0.568627,0.67497
2281,0.539504,0.533333,0.675008
2282,0.200589,0.196078,0.675029
2283,0.0809081,0.0823529,0.675031
2284,0.0555593,0.054902,0.675031
2285,0.059471,0.0666667,0.675083
2286,0.148112,0.141176,0.675131
2287,0.411123,0.419608,0.675203
2288,0.647716,0.647059,0.675203
2289,0.314665,0.313725,0.675204
2290,0.105381,0.109804,0.675224
2291,0.0562006,0.0588235,0.675231
2292,0.0556964,0.054902,0.675231
2293,0.0921293,0.0941176,0.675235
2294,0.264673,0.266667,0.675239
2295,0.630462,0.631373,0.67524
2296,0.482882,0.490196,0.675294
2297,0.158187,0.164706,0.675336
2298,0.072811,0.0745098,0.675339
2299,0.059059,0.0509804,0.675404
2300,0.0561879,0.0666667,0.675514
2301,0.157663,0.152941,0.675536
2302,0.454727,0.466667,0.675679
2303,0.652966,0.658824,0.675713
2304,0.284067,0.282353,0.675716
2305,0.0918277,0.0941176,0.675721
2306,0.0490655,0.054902,0.675756
2307,0.0538595,0.0509804,0.675764
2308,0.0861304,0.0941176,0.675828
2309,0.282543,0.266667,0.67608
2310,0.649787,0.658824,0.676161
2311,0.496436,0.490196,0.6762
2312,0.155339,0.156863,0.676203
2313,0.0722574,0.0666667,0.676234
2314,0.0513195,0.0470588,0.676252
2315,0.0534328,0.0588235,0.676281
2316,0.140406,0.141176,0.676282
2317,0.451624,0.45098,0.676282
2318,0.685718,0.698039,0.676434
2319,0.301132,0.298039,0.676443
2320,0.0903883,0.0980392,0.676502
2321,0.0529531,0.0509804,0.676506
2322,0.0453167,0.0470588,0.676509
2323,0.0779227,0.0784314,0.676509
2324,0.230478,0.223529,0.676557
2325,0.63423,0.643137,0.676637
2326,0.569689,0.568627,0.676638
2327,0.176728,0.180392,0.676651
2328,0.0756769,0.0705882,0.676677
2329,0.0495908,0.0470588,0.676684
2330,0.0460074,0.0509804,0.676708
2331,0.104064,0.105882,0.676712
2332,0.35022,0.352941,0.676719
2333,0.736253,0.745098,0.676797
2334,0.405304,0.396078,0.676882
2335,0.112092,0.113725,0.676885
2336,0.0539145,0.0509804,0.676894
2337,0.0408504,0.0431373,0.676899
2338,0.0572072,0.054902,0.676904
2339,0.144247,0.145098,0.676905
2340,0.508964,0.501961,0.676954
2341,0.715639,0.737255,0.677421
2342,0.279599,0.270588,0.677502
2343,0.0820608,0.0823529,0.677503
2344,0.0485362,0.0470588,0.677505
2345,0.0416619,0.0392157,0.677511
2346,0.0572167,0.0627451,0.677541
2347,0.194101,0.188235,0.677576
2348,0.627497,0.631373,0.677591
2349,0.653418,0.662745,0.677678
2350,0.199452,0.2,0.677678
2351,0.0749424,0.0666667,0.677747
2352,0.0458722,0.0392157,0.677791
2353,0.0342408,0.0352941,0.677792
2354,0.0562046,0.0627451,0.677835
2355,0.214107,0.215686,0.677837
2356,0.718768,0.713725,0.677863
2357,0.608756,0.619608,0.67798
2358,0.151891,0.164706,0.678145
2359,0.0669331,0.054902,0.678289
2360,0.0394855,0.0352941,0.678307
2361,0.0302054,0.0313725,0.678308
2362,0.047679,0.054902,0.67836
2363,0.197867,0.2,0.678365
2364,0.734106,0.729412,0.678387
2365,0.650529,0.662745,0.678536
2366,0.150327,0.164706,0.678743
2367,0.064665,0.054902,0.678838
2368,0.0405998,0.0313725,0.678923
2369,0.0214552,0.0313725,0.679022
2370,0.0471725,0.0352941,0.679163
2371,0.0937147,0.121569,0.679939
2372,0.572927,0.572549,0.679939
2373,0.854713,0.878431,0.680502
2374,0.236119,0.235294,0.680502
2375,0.0404918,0.0588235,0.680838
2376,0.0318692,0.0313725,0.680838
2377,0.0234074,0.027451,0.680855
2378,0.0321368,0.027451,0.680877
2379,0.0463772,0.0352941,0.681
2380,0.143915,0.141176,0.681007
2381,0.704736,0.745098,0.682636
2382,0.855652,0.843137,0.682793
2383,0.188043,0.164706,0.683337
2384,0.0551338,0.0431373,0.683481
2385,0.0433425,0.027451,0.683734
2386,0.0283434,0.0196078,0.68381
2387,0.00396765,0.0156863,0.683948
2388,-0.0138392,0.0156863,0.684819
2389,0.0433145,0.0117647,0.685815
2390,0.0832562,0.0196078,0.689866
2391,0.0482661,0.0627451,0.690075
2392,0.0303759,0.0431373,0.690238
2393,-0.302813,0.027451,0.799312
2394,-0.376527,0.0392157,0.972154
2395,-0.358377,0.0666667,1.15282
2396,-0.274504,0.109804,1.30051
2397,-0.128191,0.14902,1.37735
2398,-0.00863339,0.180392,1.41309
2399,0.093626,0.211765,1.42704
2400,0.151929,0.247059,1.43609
2401,0.171886,0.258824,1.44365
2402,0.187198,0.231373,1.4456
2403,0.207482,0.2,1.44566
2404,0.209726,0.180392,1.44652
2405,0.217434,0.196078,1.44697
2406,0.255384,0.223529,1.44799
2407,0.286232,0.254902,1.44897
2408,0.292625,0.258824,1.45011
2409,0.255237,0.231373,1.45068
2410,0.221314,0.203922,1.45098
2411,0.206312,0.184314,1.45147
2412,0.210596,0.2,1.45158
2413,0.246906,0.227451,1.45196
2414,0.27199,0.258824,1.45213
2415,0.280378,0.262745,1.45244
2416,0.246743,0.227451,1.45282
2417,0.214121,0.203922,1.45292
2418,0.205207,0.188235,1.45321
2419,0.212258,0.203922,1.45328
2420,0.252329,0.239216,1.45345
2421,0.275675,0.266667,1.45353
2422,0.272526,0.262745,1.45363
2423,0.238679,0.231373,1.45368
2424,0.206441,0.2,1.45372
2425,0.198635,0.188235,1.45383
2426,0.214087,0.203922,1.45393
2427,0.249626,0.247059,1.45394
2428,0.284485,0.27451,1.45404
2429,0.27339,0.266667,1.45408
2430,0.234614,0.227451,1.45414
2431,0.197212,0.196078,1.45414
2432,0.193823,0.188235,1.45417
2433,0.214488,0.211765,1.45418
2434,0.257236,0.254902,1.45418
2435,0.285323,0.278431,1.45423
2436,0.26749,0.262745,1.45425
2437,0.225165,0.219608,1.45428
2438,0.193452,0.188235,1.45431
2439,0.193502,0.184314,1.45439
2440,0.2192,0.215686,1.45441
2441,0.268839,0.262745,1.45444
2442,0.293493,0.290196,1.45445
2443,0.267651,0.266667,1.45445
2444,0.216035,0.215686,1.45445
2445,0.184874,0.188235,1.45447
2446,0.188149,0.192157,1.45448
2447,0.220917,0.223529,1.45449
2448,0.269924,0.270588,1.45449
2449,0.288901,0.286275,1.4545
2450,0.255414,0.262745,1.45455
2451,0.213692,0.211765,1.45455
2452,0.185061,0.184314,1.45455
2453,0.19108,0.188235,1.45456
2454,0.222001,0.231373,1.45465
2455,0.280899,0.278431,1.45466
2456,0.292963,0.290196,1.45466
2457,0.253099,0.258824,1.4547
2458,0.202249,0.207843,1.45473
2459,0.180336,0.184314,1.45474
2460,0.192125,0.192157,1.45474
2461,0.226488,0.235294,1.45482
2462,0.28204,0.282353,1.45482
2463,0.290678,0.301961,1.45495
2464,0.252142,0.254902,1.45496
2465,0.197765,0.203922,1.45499
2466,0.176677,0.180392,1.45501
2467,0.183947,0.196078,1.45516
2468,0.235334,0.243137,1.45522
2469,0.288585,0.294118,1.45525
2470,0.291381,0.301961,1.45536
2471,0.241056,0.247059,1.45539
2472,0.189496,0.2,1.4555
2473,0.173767,0.176471,1.45551
2474,0.185112,0.196078,1.45563
2475,0.24259,0.25098,1.4557
2476,0.295858,0.305882,1.4558
2477,0.294336,0.305882,1.45594
2478,0.235656,0.247059,1.45607
2479,0.18166,0.192157,1.45618
2480,0.165255,0.172549,1.45623
2481,0.18431,0.196078,1.45637
2482,0.244817,0.258824,1.45656
2483,0.307708,0.309804,1.45657
2484,0.2945,0.298039,1.45658
2485,0.228412,0.239216,1.4567
2486,0.176567,0.184314,1.45676
2487,0.165556,0.172549,1.45681
2488,0.193476,0.203922,1.45692
2489,0.254331,0.266667,1.45707
2490,0.309891,0.321569,1.4572
2491,0.289165,0.298039,1.45728
2492,0.217153,0.235294,1.45761
2493,0.172876,0.180392,1.45767
2494,0.160773,0.168627,1.45773
2495,0.19224,0.207843,1.45797
2496,0.263073,0.270588,1.45803
2497,0.314694,0.329412,1.45825
2498,0.292932,0.301961,1.45833
2499,0.212378,0.223529,1.45845
2500,0.166339,0.176471,1.45856
2501,0.158358,0.168627,1.45866
2502,0.191766,0.211765,1.45906
2503,0.275016,0.286275,1.45919
2504,0.321302,0.341176,1.45958
2505,0.284033,0.298039,1.45978
2506,0.20227,0.219608,1.46008
2507,0.158922,0.168627,1.46017
2508,0.152995,0.164706,1.46031
2509,0.195225,0.215686,1.46073
2510,0.283774,0.298039,1.46093
2511,0.332709,0.345098,1.46109
2512,0.280865,0.294118,1.46126
2513,0.193098,0.211765,1.46161
2514,0.152405,0.164706,1.46176
2515,0.153929,0.164706,1.46188
2516,0.198313,0.215686,1.46218
2517,0.288067,0.305882,1.4625
2518,0.339031,0.352941,1.46269
2519,0.278961,0.286275,1.46274
2520,0.188567,0.2,1.46288
2521,0.14529,0.156863,1.46301
2522,0.150287,0.160784,1.46312
2523,0.205633,0.219608,1.46331
2524,0.305095,0.313725,1.46339
2525,0.345206,0.360784,1.46363
2526,0.275092,0.286275,1.46376
2527,0.182116,0.196078,1.46395
2528,0.14279,0.152941,1.46406
2529,0.147053,0.160784,1.46424
2530,0.206049,0.227451,1.4647
2531,0.312981,0.329412,1.46497
2532,0.348792,0.364706,1.46522
2533,0.265461,0.278431,1.46539
2534,0.171824,0.184314,1.46555
2535,0.135703,0.14902,1.46573
2536,0.149659,0.160784,1.46585
2537,0.212524,0.227451,1.46607
2538,0.32335,0.337255,1.46627
2539,0.355314,0.368627,1.46644
2540,0.261782,0.270588,1.46652
2541,0.168927,0.180392,1.46665
2542,0.132407,0.145098,1.46681
2543,0.146369,0.156863,1.46692
2544,0.215433,0.231373,1.46718
2545,0.332966,0.34902,1.46744
2546,0.360242,0.372549,1.46759
2547,0.258246,0.266667,1.46766
2548,0.161612,0.172549,1.46778
2549,0.126441,0.137255,1.46789
2550,0.144015,0.152941,1.46797
2551,0.218877,0.235294,1.46824
2552,0.347898,0.356863,1.46832
2553,0.367582,0.376471,1.4684
2554,0.25339,0.262745,1.46849
2555,0.154601,0.164706,1.46859
2556,0.123084,0.133333,1.4687
2557,0.143859,0.14902,1.46872
2558,0.218182,0.235294,1.46902
2559,0.358696,0.368627,1.46912
2560,0.375618,0.388235,1.46927
2561,0.25214,0.258824,1.46932
2562,0.149559,0.160784,1.46945
2563,0.118001,0.129412,1.46958
2564,0.138522,0.14902,1.46969
2565,0.222621,0.239216,1.46996
2566,0.364422,0.376471,1.47011
2567,0.377381,0.392157,1.47032
2568,0.247343,0.258824,1.47046
2569,0.146649,0.156863,1.47056
2570,0.115843,0.121569,1.47059
2571,0.132172,0.145098,1.47076
2572,0.222725,0.239216,1.47103
2573,0.37428,0.384314,1.47113
2574,0.389814,0.4,1.47124
2575,0.24494,0.254902,1.47134
2576,0.140094,0.14902,1.47142
2577,0.110632,0.121569,1.47154
2578,0.133937,0.145098,1.47166
2579,0.223679,0.239216,1.4719
2580,0.379954,0.392157,1.47205
2581,0.39014,0.407843,1.47236
2582,0.242938,0.254902,1.47251
2583,0.140931,0.145098,1.47252
2584,0.107451,0.117647,1.47263
2585,0.129188,0.141176,1.47277
2586,0.221102,0.235294,1.47297
2587,0.386267,0.4,1.47316
2588,0.402803,0.419608,1.47344
2589,0.244801,0.254902,1.47355
2590,0.138014,0.145098,1.4736
2591,0.104085,0.113725,1.47369
2592,0.121945,0.141176,1.47406
2593,0.223339,0.231373,1.47412
2594,0.381455,0.403922,1.47463
2595,0.411908,0.431373,1.47501
2596,0.247287,0.262745,1.47525
2597,0.140271,0.145098,1.47527
2598,0.102343,0.109804,1.47533
2599,0.114864,0.12549,1.47544
2600,0.200167,0.223529,1.47598
2601,0.394019,0.4,1.47602
2602,0.42999,0.447059,1.47631
2603,0.262338,0.270588,1.47638
2604,0.133091,0.145098,1.47652
2605,0.0982827,0.105882,1.47658
2606,0.109426,0.12549,1.47684
2607,0.198671,0.211765,1.47701
2608,0.377723,0.4,1.47751
2609,0.444671,0.462745,1.47783
2610,0.268522,0.278431,1.47793
2611,0.137583,0.145098,1.47799
2612,0.0953514,0.105882,1.4781
2613,0.106257,0.113725,1.47816
2614,0.178795,0.2,1.4786
2615,0.378227,0.388235,1.47871
2616,0.45804,0.478431,1.47912
2617,0.28924,0.298039,1.4792
2618,0.139169,0.14902,1.4793
2619,0.0935565,0.101961,1.47937
2620,0.0997763,0.109804,1.47947
2621,0.166976,0.184314,1.47977
2622,0.356403,0.372549,1.48003
2623,0.476151,0.494118,1.48035
2624,0.308428,0.309804,1.48035
2625,0.144271,0.152941,1.48043
2626,0.0914633,0.0980392,1.48047
2627,0.0914262,0.105882,1.48068
2628,0.163538,0.168627,1.48071
2629,0.334555,0.352941,1.48104
2630,0.490853,0.509804,1.4814
2631,0.331333,0.345098,1.48159
2632,0.155041,0.160784,1.48163
2633,0.0945398,0.0980392,1.48164
2634,0.0884934,0.0980392,1.48173
2635,0.138317,0.152941,1.48194
2636,0.310033,0.317647,1.482
2637,0.497392,0.517647,1.48241
2638,0.373164,0.372549,1.48241
2639,0.167489,0.172549,1.48244
2640,0.0953176,0.101961,1.48248
2641,0.0836964,0.0941176,1.48259
2642,0.126152,0.133333,1.48264
2643,0.271577,0.290196,1.48299
2644,0.498542,0.513725,1.48322
2645,0.403762,0.415686,1.48336
2646,0.186537,0.196078,1.48345
2647,0.0997154,0.105882,1.48349
2648,0.081848,0.0823529,1.48349
2649,0.101137,0.117647,1.48376
2650,0.238214,0.25098,1.48393
2651,0.483419,0.498039,1.48414
2652,0.4576,0.458824,1.48414
2653,0.207393,0.215686,1.48421
2654,0.0975021,0.105882,1.48428
2655,0.0751485,0.0784314,1.48429
2656,0.0926816,0.105882,1.48446
2657,0.20976,0.215686,1.4845
2658,0.454597,0.462745,1.48457
2659,0.493216,0.505882,1.48473
2660,0.241233,0.25098,1.48482
2661,0.11009,0.113725,1.48484
2662,0.0770476,0.0823529,1.48486
2663,0.0888022,0.0941176,1.48489
2664,0.16703,0.180392,1.48507
2665,0.406742,0.411765,1.4851
2666,0.525758,0.54902,1.48564
2667,0.298202,0.298039,1.48564
2668,0.125588,0.12549,1.48564
2669,0.0762282,0.0784314,1.48564
2670,0.0764834,0.0823529,1.48568
2671,0.137097,0.145098,1.48574
2672,0.346534,0.352941,1.48578
2673,0.562104,0.572549,1.48589
2674,0.358261,0.356863,1.48589
2675,0.139595,0.14902,1.48598
2676,0.0788543,0.0823529,1.48599
2677,0.0717259,0.0784314,1.48604
2678,0.116514,0.121569,1.48606
2679,0.276552,0.290196,1.48625
2680,0.548414,0.560784,1.4864
2681,0.42645,0.435294,1.48648
2682,0.171321,0.180392,1.48656
2683,0.0893395,0.0862745,1.48657
2684,0.0685446,0.0745098,1.48661
2685,0.0954692,0.0980392,1.48661
2686,0.208607,0.223529,1.48684
2687,0.509587,0.517647,1.4869
2688,0.508413,0.513725,1.48693
2689,0.219382,0.223529,1.48695
2690,0.0942578,0.101961,1.48701
2691,0.0665524,0.0705882,1.48702
2692,0.0762664,0.0862745,1.48712
2693,0.169176,0.168627,1.48712
2694,0.412567,0.435294,1.48764
2695,0.573176,0.584314,1.48776
2696,0.293744,0.290196,1.48778
2697,0.113869,0.117647,1.48779
2698,0.0662991,0.0745098,1.48786
2699,0.0705084,0.0745098,1.48787
2700,0.124405,0.129412,1.4879
2701,0.326597,0.341176,1.48811
2702,0.592957,0.607843,1.48833
2703,0.386647,0.388235,1.48834
2704,0.141519,0.145098,1.48835
2705,0.0731262,0.0784314,1.48838
2706,0.0675859,0.0666667,1.48838
2707,0.0893267,0.0980392,1.48845
2708,0.237765,0.243137,1.48848
2709,0.555908,0.564706,1.48856
2710,0.500973,0.505882,1.48858
2711,0.19458,0.2,1.48861
2712,0.0866274,0.0901961,1.48863
2713,0.0629733,0.0627451,1.48863
2714,0.0687732,0.0784314,1.48872
2715,0.164126,0.172549,1.48879
2716,0.449104,0.458824,1.48889
2717,0.589296,0.611765,1.48939
2718,0.283002,0.278431,1.48941
2719,0.101478,0.109804,1.48948
2720,0.0654349,0.0666667,1.48948
2721,0.0614409,0.0666667,1.48951
2722,0.11426,0.117647,1.48952
2723,0.314513,0.32549,1.48964
2724,0.625396,0.635294,1.48974
2725,0.414748,0.411765,1.48975
2726,0.1414,0.141176,1.48975
2727,0.0678172,0.0705882,1.48976
2728,0.0600085,0.0588235,1.48976
2729,0.076594,0.0862745,1.48985
2730,0.216606,0.211765,1.48987
2731,0.545959,0.54902,1.48988
2732,0.551893,0.564706,1.49005
2733,0.214523,0.215686,1.49005
2734,0.0890579,0.0901961,1.49005
2735,0.0621511,0.0588235,1.49006
2736,0.057787,0.0666667,1.49014
2737,0.133542,0.133333,1.49014
2738,0.379157,0.392157,1.49031
2739,0.650592,0.662745,1.49046
2740,0.350475,0.345098,1.49049
2741,0.114171,0.117647,1.4905
2742,0.0597181,0.0627451,1.49051
2743,0.0557735,0.054902,1.49051
2744,0.081476,0.0862745,1.49053
2745,0.235416,0.243137,1.49059
2746,0.613112,0.607843,1.49062
2747,0.518296,0.529412,1.49074
2748,0.17713,0.188235,1.49087
2749,0.0784783,0.0745098,1.49088
2750,0.0543299,0.054902,1.49088
2751,0.0620467,0.0627451,1.49088
2752,0.128426,0.137255,1.49096
2753,0.418166,0.423529,1.49099
2754,0.670879,0.686275,1.49123
2755,0.326336,0.321569,1.49125
2756,0.10115,0.105882,1.49127
2757,0.0547196,0.0588235,1.49129
2758,0.0527201,0.054902,1.49129
2759,0.0837488,0.0823529,1.49129
2760,0.228204,0.239216,1.49142
2761,0.629652,0.631373,1.49142
2762,0.534625,0.545098,1.49153
2763,0.177773,0.176471,1.49153
2764,0.0745764,0.0705882,1.49155
2765,0.0516225,0.0470588,1.49157
2766,0.0475233,0.0588235,1.49169
2767,0.131733,0.121569,1.4918
2768,0.387621,0.388235,1.4918
2769,0.710701,0.717647,1.49185
2770,0.364594,0.352941,1.49198
2771,0.110754,0.109804,1.49198
2772,0.057558,0.0509804,1.49203
2773,0.0421898,0.0470588,1.49205
2774,0.0721771,0.0666667,1.49208
2775,0.183612,0.184314,1.49208
2776,0.581082,0.580392,1.49208
2777,0.632358,0.635294,1.49209
2778,0.215374,0.215686,1.49209
2779,0.0758018,0.0745098,1.49209
2780,0.0454383,0.0431373,1.4921
2781,0.0418895,0.0470588,1.49212
2782,0.0920183,0.0862745,1.49216
2783,0.280056,0.286275,1.4922
2784,0.728477,0.72549,1.4922
2785,0.476618,0.482353,1.49224
2786,0.131036,0.137255,1.49228
2787,0.0632427,0.054902,1.49235
2788,0.0428074,0.0392157,1.49236
2789,0.0428511,0.0470588,1.49238
2790,0.11185,0.109804,1.49238
2791,0.400595,0.4,1.49238
2792,0.77848,0.776471,1.49238
2793,0.351619,0.34902,1.49239
2794,0.092053,0.0941176,1.4924
2795,0.0406771,0.0470588,1.49244
2796,0.0395016,0.0392157,1.49244
2797,0.0533074,0.0470588,1.49248
2798,0.128961,0.137255,1.49254
2799,0.517245,0.505882,1.49267
2800,0.748741,0.772549,1.49324
2801,0.280873,0.266667,1.49344
2802,0.0743497,0.0784314,1.49346
2803,0.046244,0.0392157,1.49351
2804,0.0318213,0.0352941,1.49352
2805,0.0568447,0.0470588,1.49362
2806,0.135032,0.141176,1.49365
2807,0.556539,0.556863,1.49365
2808,0.765663,0.776471,1.49377
2809,0.24943,0.239216,1.49387
2810,0.0650723,0.0705882,1.49391
2811,0.0429097,0.0392157,1.49392
2812,0.0314571,0.0352941,1.49393
2813,0.0533554,0.0392157,1.49413
2814,0.100454,0.117647,1.49443
2815,0.507454,0.509804,1.49443
2816,0.836301,0.866667,1.49536
2817,0.287524,0.27451,1.49553
2818,0.0620742,0.0705882,1.4956
2819,0.0405861,0.0352941,1.49563
2820,0.02569,0.0313725,1.49566
2821,0.0396592,0.0313725,1.49573
2822,0.0627014,0.054902,1.49579
2823,0.245966,0.270588,1.49639
2824,0.918544,0.933333,1.49661
2825,0.522439,0.533333,1.49673
2826,0.0844349,0.101961,1.49704
2827,0.047723,0.0392157,1.49711
2828,0.0168635,0.027451,1.49722
2829,0.00870268,0.0235294,1.49744
2830,0.0263681,0.0196078,1.49749
2831,0.0310358,0.0313725,1.49749
2832,0.194237,0.145098,1.4999
2833,0.719753,0.819608,1.50988
2834,0.839159,0.784314,1.51288
2835,0.154682,0.152941,1.51289
2836,0.0712731,0.0431373,1.51368
2837,0.0330802,0.0313725,1.51368
2838,0.0377606,0.0196078,1.51401
2839,-0.00562222,0.0235294,1.51486
2840,0.0297123,0.0431373,1.51504
2841,0.213909,0.203922,1.51514
2842,0.882795,0.709804,1.54507
2843,0.695365,0.584314,1.5574
2844,0.225216,0.164706,1.56106
2845,0.0726603,0.0627451,1.56116
2846,0.0426233,0.0431373,1.56116
2847,0.0537575,0.0588235,1.56118
2848,0.129339,0.137255,1.56125
2849,0.414685,0.435294,1.56167
2850,0.684601,0.682353,1.56168
2851,0.295438,0.298039,1.56168
2852,0.0939718,0.0980392,1.5617
2853,0.049388,0.0509804,1.5617
2854,0.04422,0.0509804,1.56175
2855,0.0881152,0.0941176,1.56178
2856,0.269793,0.266667,1.56179
2857,0.639919,0.643137,1.5618
2858,0.484328,0.486275,1.56181
2859,0.154535,0.160784,1.56185
2860,0.0742086,0.0666667,1.5619
2861,0.0538741,0.0509804,1.56191
2862,0.0618956,0.0666667,1.56194
2863,0.155022,0.152941,1.56194
2864,0.462436,0.470588,1.56201
2865,0.653739,0.654902,1.56201
2866,0.277498,0.278431,1.56201
2867,0.0928228,0.0941176,1.56201
2868,0.0502411,0.0509804,1.56201
2869,0.0498311,0.0509804,1.56201
2870,0.0914569,0.0862745,1.56204
2871,0.258556,0.270588,1.56218
2872,0.675264,0.662745,1.56234
2873,0.48206,0.486275,1.56236
2874,0.149199,0.152941,1.56237
2875,0.0621666,0.0627451,1.56237
2876,0.0485583,0.0470588,1.56237
2877,0.057884,0.054902,1.56238
2878,0.129713,0.141176,1.56251
2879,0.46278,0.45098,1.56265
2880,0.684632,0.698039,1.56283
2881,0.298072,0.290196,1.5629
2882,0.0883952,0.0941176,1.56293
2883,0.0494707,0.0470588,1.56293
2884,0.0421895,0.0392157,1.56294
2885,0.069325,0.0745098,1.56297
2886,0.235009,0.223529,1.5631
2887,0.646529,0.643137,1.56311
2888,0.563382,0.564706,1.56312
2889,0.165908,0.176471,1.56323
2890,0.0669829,0.0666667,1.56323
2891,0.0483515,0.0431373,1.56325
2892,0.0453843,0.0470588,1.56326
2893,0.099774,0.101961,1.56326
2894,0.347554,0.352941,1.56329
2895,0.747855,0.74902,1.56329
2896,0.391263,0.396078,1.56332
2897,0.105302,0.113725,1.56339
2898,0.0520602,0.0470588,1.56341
2899,0.0384565,0.0431373,1.56343
2900,0.0621794,0.054902,1.56349
2901,0.141068,0.137255,1.5635
2902,0.4908,0.494118,1.56351
2903,0.733649,0.741176,1.56357
2904,0.281921,0.27451,1.56362
2905,0.0829539,0.0784314,1.56364
2906,0.0396535,0.0431373,1.56366
2907,0.0401417,0.0352941,1.56368
2908,0.0531983,0.0627451,1.56377
2909,0.203961,0.180392,1.56433
2910,0.612964,0.619608,1.56437
2911,0.66716,0.682353,1.5646
2912,0.202982,0.207843,1.56462
2913,0.0796628,0.0666667,1.56479
2914,0.0486619,0.0392157,1.56488
2915,0.0352928,0.0352941,1.56488
2916,0.0532805,0.0588235,1.56491
2917,0.195608,0.2,1.56493
2918,0.697204,0.694118,1.56494
2919,0.641243,0.647059,1.56498
2920,0.165195,0.172549,1.56503
2921,0.0628056,0.054902,1.56509
2922,0.0365621,0.0352941,1.56509
2923,0.0312562,0.0352941,1.56511
2924,0.0594802,0.0509804,1.56518
2925,0.169676,0.176471,1.56523
2926,0.686748,0.686275,1.56523
2927,0.70591,0.713725,1.56529
2928,0.185096,0.176471,1.56536
2929,0.0597365,0.0509804,1.56544
2930,0.0350661,0.0313725,1.56545
2931,0.0264153,0.027451,1.56546
2932,0.0391379,0.0352941,1.56547
2933,0.103681,0.0980392,1.5655
2934,0.467753,0.470588,1.56551
2935,0.908028,0.937255,1.56636
2936,0.306735,0.301961,1.56639
2937,0.0628658,0.0705882,1.56645
2938,0.0411325,0.0352941,1.56648
2939,0.0195955,0.027451,1.56654
2940,0.0253955,0.0235294,1.56655
2941,0.0289646,0.0235294,1.56658
2942,0.0719198,0.0823529,1.56668
2943,0.492638,0.482353,1.56679
2944,0.944736,1,1.56984
2945,0.295039,0.290196,1.56987
2946,0.0508386,0.0588235,1.56993
2947,0.0209788,0.0313725,1.57004
2948,0.0191754,0.0235294,1.57006
2949,0.023204,0.0196078,1.57007
2950,0.0164592,0.0196078,1.57008
2951,0.0453844,0.0156863,1.57096
2952,0.10124,0.0196078,1.57763
2953,0.0963508,0.0627451,1.57876
2954,0.11928,0.0745098,1.58076
2955,-0.106623,0.0431373,1.60319
2956,-0.284678,0.0509804,1.71586
2957,-0.234663,0.0745098,1.81144
2958,-0.190744,0.121569,1.90898
2959,-0.0470238,0.180392,1.9607
2960,0.0650194,0.258824,1.99826
2961,0.131972,0.298039,2.02584
2962,0.145839,0.262745,2.03951
2963,0.184558,0.2,2.03974
2964,0.208101,0.168627,2.0413
2965,0.206913,0.176471,2.04223
2966,0.227169,0.219608,2.04229
2967,0.282015,0.27451,2.04234
2968,0.305439,0.286275,2.04271
2969,0.266719,0.25098,2.04296
2970,0.216477,0.196078,2.04337
2971,0.188229,0.172549,2.04362
2972,0.197401,0.184314,2.04379
2973,0.233332,0.231373,2.0438
2974,0.290718,0.290196,2.0438
2975,0.299348,0.298039,2.0438
2976,0.247171,0.239216,2.04386
2977,0.192864,0.192157,2.04386
2978,0.17484,0.164706,2.04396
2979,0.187354,0.188235,2.04396
2980,0.25315,0.243137,2.04406
2981,0.303326,0.294118,2.04415
2982,0.301828,0.294118,2.04421
2983,0.239652,0.239216,2.04421
2984,0.187312,0.184314,2.04422
2985,0.173409,0.164706,2.04429
2986,0.191366,0.192157,2.04429
2987,0.252508,0.247059,2.04432
2988,0.308837,0.305882,2.04433
2989,0.302615,0.294118,2.04441
2990,0.23129,0.231373,2.04441
2991,0.182219,0.176471,2.04444
2992,0.166672,0.164706,2.04444
2993,0.196139,0.192157,2.04446
2994,0.25912,0.258824,2.04446
2995,0.321198,0.313725,2.04451
2996,0.296419,0.294118,2.04452
2997,0.224749,0.223529,2.04452
2998,0.173323,0.172549,2.04452
2999,0.165085,0.160784,2.04454
