t,unit,output
500,1,-0.00220925
500,2,-0.00138159
500,3,-0.000820077
500,4,0.016685
500,5,0.00717428
500,6,-0.00578478
500,7,-0.0107616
500,8,-0.00946583
500,9,-0.00172893
500,10,-0.00090151
500,11,-0.0170745
500,12,-0.0208644
500,13,-0.00832015
500,14,0.00951475
500,15,0.016757
500,16,0.207477
500,17,0.085038
500,18,0.0204892
500,19,0.00609445
500,20,0.00037579
501,1,-0.00160101
501,2,-0.00143321
501,3,-0.000359037
501,4,0.000657261
501,5,0.00564087
501,6,-0.0030964
501,7,-0.00895804
501,8,-0.00934635
501,9,-0.00217723
501,10,-0.000534096
501,11,-0.000866556
501,12,-0.000936529
501,13,-0.00658283
501,14,0.00572709
501,15,0.0141618
501,16,0.160945
501,17,0.102898
501,18,0.0242325
501,19,0.0103622
501,20,0.00272554
502,1,-0.000582995
502,2,-0.00123316
502,3,-0.111937
502,4,0.167258
502,5,0.0436685
502,6,0.00790712
502,7,-0.00498977
502,8,-0.00832127
502,9,0.110814
502,10,-0.0854951
502,11,-0.213759
502,12,-0.243954
502,13,-0.0624348
502,14,-0.010311
502,15,0.00840346
502,16,0.117787
502,17,0.106402
502,18,0.126369
502,19,0.037658
502,20,0.0109449
503,1,0.00212946
503,2,-0.000441958
503,3,-0.000105481
503,4,1.87647e-05
503,5,0.033398
503,6,0.013905
503,7,-0.000543947
503,8,-0.00649131
503,9,-0.00152587
503,10,-0.000360569
503,11,-0.000124623
503,12,-6.68405e-05
503,13,-0.04776
503,14,-0.0191225
503,15,0.00192675
503,16,0.057141
503,17,0.0948108
503,18,0.0223099
503,19,0.0340466
503,20,0.0163806
504,1,0.00548267
504,2,0.000952073
504,3,0.000239467
504,4,-0.000495087
504,5,0.0254232
504,6,0.0166151
504,7,0.00349348
504,8,-0.00414195
504,9,-0.000989983
504,10,-0.000217481
504,11,0.000500426
504,12,0.000669255
504,13,-0.0363649
504,14,-0.0231796
504,15,-0.00398061
504,16,-0.210362
504,17,0.0230055
504,18,0.005397
504,19,0.0273056
504,20,0.0189512
505,1,0.00865174
505,2,0.00276376
505,3,-0.0124785
505,4,0.176971
505,5,0.0610815
505,6,0.0270778
505,7,0.00904274
505,8,-0.00103967
505,9,0.012927
505,10,-0.0100611
505,11,-0.182277
505,12,-0.222862
505,13,-0.0802466
505,14,-0.0366071
505,15,-0.0116574
505,16,0.0284663
505,17,0.0242904
505,18,0.0185272
505,19,0.0252401
505,20,0.0204309
506,1,0.0114233
506,2,0.0048013
506,3,0.000938098
506,4,0.00374639
506,5,0.0475909
506,6,0.0319044
506,7,0.014422
506,8,0.00259836
506,9,0.000802789
506,10,-3.86245e-06
506,11,-0.00345854
506,12,-0.00379764
506,13,-0.0622586
506,14,-0.0426427
506,15,-0.0189481
506,16,0.175925
506,17,0.0599692
506,18,0.0142992
506,19,0.0226658
506,20,0.0209568
507,1,0.0136665
507,2,0.00688723
507,3,0.00143866
507,4,0.00664883
507,5,0.0379575
507,6,0.0333287
507,7,0.0188706
507,8,0.00642712
507,9,0.00169337
507,10,0.000216986
507,11,-0.00626649
507,12,-0.0077835
507,13,-0.0494409
507,14,-0.0442423
507,15,-0.0248997
507,16,0.202962
507,17,0.0936147
507,18,0.0222023
507,19,0.0225567
507,20,0.0213332
508,1,0.0154704
508,2,0.0089068
508,3,0.00201023
508,4,0.00343054
508,5,0.0298335
508,6,0.0325063
508,7,0.022079
508,8,0.0101099
508,9,0.00246372
508,10,0.000494432
508,11,-0.00284527
508,12,-0.003615
508,13,-0.0386584
508,14,-0.0429284
508,15,-0.0291417
508,16,0.197977
508,17,0.11817
508,18,0.027886
508,19,0.0238107
508,20,0.0219162
509,1,0.0169871
509,2,0.010808
509,3,0.00220195
509,4,0.0121756
509,5,0.0256787
509,6,0.0308998
509,7,0.0241545
509,8,0.0134145
509,9,0.00349346
509,10,0.000482239
509,11,-0.0115733
509,12,-0.0143715
509,13,-0.0329438
509,14,-0.0405791
509,15,-0.0318329
509,16,0.198741
509,17,0.137128
509,18,0.0325808
509,19,0.0258742
509,20,0.0228475
510,1,0.018366
510,2,0.0125864
510,3,0.00293084
510,4,0.0017383
510,5,0.0200457
510,6,0.0283459
510,7,0.0251407
510,8,0.0161736
510,9,0.0038359
510,10,0.000871997
510,11,-0.000845482
510,12,-0.0012405
510,13,-0.0254842
510,14,-0.0370274
510,15,-0.0330551
510,16,0.169135
510,17,0.144659
510,18,0.0340662
510,19,0.0278017
510,20,0.0240132
511,1,0.0196947
511,2,0.0142589
511,3,-0.0113687
511,4,0.181613
511,5,0.0580616
511,6,0.0353378
511,7,0.02754
511,8,0.0188481
511,9,0.0187278
511,10,-0.0101846
511,11,-0.187002
511,12,-0.228466
511,13,-0.0732446
511,14,-0.0455491
511,15,-0.0359949
511,16,0.136992
511,17,0.142855
511,18,0.0461445
511,19,0.0321177
511,20,0.0259201
512,1,0.0211595
512,2,0.0158826
512,3,0.00373426
512,4,0.000947654
512,5,0.044623
512,6,0.0375226
512,7,0.0298889
512,8,0.0214459
512,9,0.00504889
512,10,0.00118515
512,11,0.000210633
512,12,-1.29942e-05
512,13,-0.0560137
512,14,-0.0480113
512,15,-0.0388223
512,16,0.0658133
512,17,0.124728
512,18,0.0293504
512,19,0.0314665
512,20,0.0272252
513,1,0.0225867
513,2,0.01746
513,3,0.00438961
513,4,-0.00895558
513,5,0.0320163
513,6,0.036227
513,7,0.0313802
513,8,0.0237834
513,9,0.00530827
513,10,0.00153222
513,11,0.0103004
513,12,0.0123729
513,13,-0.0399227
513,14,-0.0461081
513,15,-0.0405366
513,16,-0.154874
513,17,0.0589391
513,18,0.0135614
513,19,0.0272536
513,20,0.0272318
514,1,0.0236797
514,2,0.0189235
514,3,0.00443976
514,4,0.00151062
514,5,0.0248385
514,6,0.0335473
514,7,0.0318901
514,8,0.0256908
514,9,0.00605752
514,10,0.00141253
514,11,-0.000135347
514,12,-0.000502249
514,13,-0.0306473
514,14,-0.0424703
514,15,-0.0409916
514,16,0.191114
514,17,0.0900392
514,18,0.0211981
514,19,0.0258288
514,20,0.0269017
515,1,0.0244378
515,2,0.020221
515,3,0.0668613
515,4,-0.190901
515,5,-0.0259238
515,6,0.0195541
515,7,0.0289875
515,8,0.0264665
515,9,-0.0589649
515,10,0.0491064
515,11,0.218343
515,12,0.258122
515,13,0.0372984
515,14,-0.0237012
515,15,-0.0369233
515,16,-0.0248174
515,17,0.0630141
515,18,-0.0550584
515,19,0.00679649
515,20,0.0221711
516,1,0.0239045
516,2,0.0210877
516,3,0.00495996
516,4,0.00125815
516,5,-0.019528
516,6,0.0103583
516,7,0.0246042
516,8,0.0260283
516,9,0.00612614
516,10,0.00143964
516,11,0.000241956
516,12,-4.88196e-05
516,13,0.0285108
516,14,-0.011416
516,15,-0.0309215
516,16,0.0989119
516,17,0.0714606
516,18,0.0168161
516,19,0.00915404
516,20,0.0191082
517,1,0.0227759
517,2,0.0214849
517,3,0.00506028
517,4,0.00101025
517,5,-0.0146955
517,6,0.00446331
517,7,0.0198652
517,8,0.0245782
517,9,0.00577802
517,10,0.00136456
517,11,0.000500825
517,12,0.00029772
517,13,0.0218725
517,14,-0.00358342
517,15,-0.024489
517,16,-0.207048
517,17,0.0059292
517,18,0.00138995
517,19,0.0073272
517,20,0.0163362
518,1,0.0212607
518,2,0.0214322
518,3,0.0969862
518,4,-0.0311116
518,5,-0.0185581
518,6,-0.000953493
518,7,0.0149666
518,8,0.0223166
518,9,-0.0833788
518,10,0.071195
518,11,0.0711459
518,12,0.0710722
518,13,0.0334489
518,14,0.00513006
518,15,-0.0175198
518,16,-0.0855329
518,17,-0.0155913
518,18,-0.0936399
518,19,-0.0164298
518,20,0.00862658
519,1,0.018288
519,2,0.0206924
519,3,0.0047855
519,4,0.00381424
519,5,-0.013294
519,6,-0.00385715
519,7,0.0105375
519,8,0.0195451
519,9,0.00467972
519,10,0.00102233
519,11,-0.00286176
519,12,-0.00377484
519,13,0.0246903
519,14,0.00973248
519,15,-0.0111075
519,16,0.172546
519,17,0.0286763
519,18,0.00683007
519,19,-0.0109569
519,20,0.00401871
520,1,0.0149305
520,2,0.0193366
520,3,-0.0145422
520,4,0.191085
520,5,0.0347951
520,6,0.0052375
520,7,0.00929045
520,8,0.0171322
520,9,0.0223268
520,10,-0.0135176
520,11,-0.197956
520,12,-0.241096
520,13,-0.0378475
520,14,-0.00146282
520,15,-0.00883819
520,16,0.141024
520,17,0.055111
520,18,0.0310872
520,19,-0.00106415
520,20,0.00282274
521,1,0.0120816
521,2,0.0176296
521,3,0.00414504
521,4,0.00104928
521,5,0.0268549
521,6,0.0103239
521,7,0.00953363
521,8,0.0153443
521,9,0.00361348
521,10,0.000847139
521,11,0.000126421
521,12,-3.68106e-05
521,13,-0.0289509
521,14,-0.0079306
521,15,-0.00862464
521,16,0.0763924
521,17,0.0601184
521,18,0.0141485
521,19,0.0025153
521,20,0.0027504
522,1,0.00988604
522,2,0.0158076
522,3,0.00419507
522,4,-0.0156715
522,5,0.0168487
522,6,0.0118592
522,7,0.0100808
522,8,0.0141058
522,9,0.002833
522,10,0.00114662
522,11,0.0168415
522,12,0.0205464
522,13,-0.0173045
522,14,-0.0101362
522,15,-0.0089803
522,16,-0.132423
522,17,0.0148145
522,18,0.00298524
522,19,0.00262587
522,20,0.0027211
523,1,0.00820017
523,2,0.0140176
523,3,0.00329006
523,4,0.00107699
523,5,0.0131377
523,6,0.01216
523,7,0.01057
523,8,0.0132739
523,9,0.00313138
523,10,0.000728637
523,11,-0.000132337
523,12,-0.000337869
523,13,-0.0133123
523,14,-0.0108835
523,15,-0.00942812
523,16,0.207346
523,17,0.0601161
523,18,0.0141531
523,19,0.00533816
523,20,0.00333688
524,1,0.00705587
524,2,0.0123795
524,3,0.00667385
524,4,-0.0967369
524,5,-0.0127152
524,6,0.00630703
524,7,0.00956698
524,8,0.0124017
524,9,-0.000933794
524,10,0.00357723
524,11,0.0987595
524,12,0.12124
524,13,0.018347
524,14,-0.00400575
524,15,-0.00815227
524,16,-0.0528626
524,17,0.0335329
524,18,0.00387652
524,19,0.00499424
524,20,0.00372685
525,1,0.00627257
525,2,0.0109426
525,3,0.00257144
525,4,0.000750814
525,5,-0.00954669
525,6,0.00257674
525,7,0.00792222
525,8,0.0113477
525,9,0.00267331
525,10,0.000625735
525,11,7.67943e-07
525,12,-0.000154254
525,13,0.0139938
525,14,0.000229436
525,15,-0.0061801
525,16,0.163381
525,17,0.0640855
525,18,0.0150822
525,19,0.00736787
525,20,0.00458356
526,1,0.00587515
526,2,0.00975026
526,3,0.00234739
526,4,-0.00135748
526,5,-0.00761982
526,6,0.00017755
526,7,0.00609994
526,8,0.0101129
526,9,0.00232573
526,10,0.000600649
526,11,0.00204629
526,12,0.00238743
526,13,0.0112629
526,14,0.00282554
526,15,-0.00406113
526,16,-0.160603
526,17,0.0112176
526,18,0.00258429
526,19,0.00624232
526,20,0.00497386
527,1,0.00566308
527,2,0.00878857
527,3,0.00188295
527,4,0.00696833
527,5,-0.00418731
527,6,-0.000849476
527,7,0.00446478
527,8,0.00878395
527,9,0.00224967
527,10,0.000345171
527,11,-0.00646203
527,12,-0.00807264
527,13,0.00671335
527,14,0.00374032
527,15,-0.00222549
527,16,0.126722
527,17,0.0383952
527,18,0.00921692
527,19,0.00694223
527,20,0.005437
528,1,0.00560989
528,2,0.00804065
528,3,-0.0343753
528,4,0.200874
528,5,0.0440623
528,6,0.009718
528,7,0.00570083
528,8,0.00805851
528,9,0.0374658
528,10,-0.0271906
528,11,-0.215393
528,12,-0.259567
528,13,-0.0559408
528,14,-0.0103023
528,15,-0.00412592
528,16,0.119705
528,17,0.0575268
528,18,0.0479605
528,19,0.0165936
528,20,0.00806208
529,1,0.00618687
529,2,0.00760446
529,3,0.00178621
529,4,0.000494242
529,5,0.033811
529,6,0.0153869
529,7,0.00797992
529,8,0.00804002
529,9,0.00189483
529,10,0.000442739
529,11,3.24647e-05
529,12,-5.76982e-05
529,13,-0.0427918
529,14,-0.0179469
529,15,-0.00737791
529,16,0.0856739
529,17,0.0641497
529,18,0.0150971
529,19,0.0162415
529,20,0.00998664
530,1,0.00708094
530,2,0.00748128
530,3,0.00224679
530,4,-0.0163459
530,5,0.0220094
530,6,0.0169452
530,7,0.0100894
530,8,0.00852222
530,9,0.00151372
530,10,0.000844487
530,11,0.0170337
530,12,0.0208497
530,13,-0.0278173
530,14,-0.0202693
530,15,-0.0104112
530,16,-0.129598
530,17,0.0185621
530,18,0.00385754
530,19,0.0133276
530,20,0.0107727
531,1,0.0079496
531,2,0.00759147
531,3,0.0017781
531,4,0.000720067
531,5,0.0170001
531,6,0.0169581
531,7,0.0117056
531,8,0.00927124
531,9,0.00218955
531,10,0.000507079
531,11,-0.000182918
531,12,-0.000348291
531,13,-0.021354
531,14,-0.0205246
531,15,-0.0127908
531,16,0.206671
531,17,0.062823
531,18,0.0147899
531,19,0.0136717
531,20,0.0114548
532,1,0.00877436
532,2,0.0078698
532,3,0.0055272
532,4,-0.0949601
532,5,-0.00934346
532,6,0.0107695
532,7,0.0114853
532,8,0.0097922
532,9,-0.00142582
532,10,0.00335732
532,11,0.0968319
532,12,0.118893
532,13,0.0116453
532,14,-0.0129552
532,15,-0.0128295
532,16,-0.0546422
532,17,0.0351841
532,18,0.00436988
532,19,0.011483
532,20,0.0114615
533,1,0.00940662
533,2,0.00823141
533,3,0.00193348
533,4,0.000601613
533,5,-0.00700345
533,6,0.00658762
533,7,0.0103329
533,8,0.00991942
533,9,0.00233728
533,10,0.000546637
533,11,-1.87022e-05
533,12,-0.000159594
533,13,0.0088677
533,14,-0.00782038
533,15,-0.0116509
533,16,0.163504
533,17,0.065377
533,18,0.0153861
533,19,0.0124014
533,20,0.0116826
534,1,0.00994216
534,2,0.00863394
534,3,0.00208697
534,4,-0.0014958
534,5,-0.00570753
534,6,0.00369464
534,7,0.00877096
534,8,0.0096492
534,9,0.00221445
534,10,0.000576664
534,11,0.00211861
534,12,0.00248237
534,13,0.00736527
534,14,-0.00424729
534,15,-0.00990885
534,16,-0.160798
534,17,0.0121593
534,18,0.00280356
534,19,0.0101431
534,20,0.0113204
535,1,0.0102664
535,2,0.00901806
535,3,0.00195294
535,4,0.00643461
535,5,-0.00285056
535,6,0.0021546
535,7,0.00721417
535,8,0.00907625
535,9,0.00230281
535,10,0.000373494
535,11,-0.00590191
535,12,-0.00738709
535,13,0.00389413
535,14,-0.00233166
535,15,-0.00812598
535,16,0.127533
535,17,0.0393061
535,18,0.00941547
535,19,0.00997187
535,20,0.0110031
536,1,0.0104398
536,2,0.00935258
536,3,-0.0452837
536,4,0.19913
536,5,0.0446742
536,6,0.0121592
536,7,0.00837771
536,8,0.00891189
536,9,0.0486392
536,10,-0.035688
536,11,-0.218172
536,12,-0.261136
536,13,-0.0584659
536,14,-0.0155397
536,15,-0.00987039
536,16,0.11512
536,17,0.0571446
536,18,0.0584545
536,19,0.0213796
536,20,0.0134446
537,1,0.0111468
537,2,0.00977475
537,3,0.00229713
537,4,0.000609725
537,5,0.0343061
537,6,0.0173702
537,7,0.0104936
537,8,0.00928405
537,9,0.00218728
537,10,0.000511806
537,11,5.39195e-05
537,12,-4.81206e-05
537,13,-0.0447205
537,14,-0.0224058
537,15,-0.0128199
537,16,0.0819797
537,17,0.0629882
537,18,0.0148235
537,19,0.019837
537,20,0.0149487
538,1,0.0120414
538,2,0.0103081
538,3,0.00272265
538,4,-0.00984529
538,5,0.0239175
538,6,0.0189108
538,7,0.0124741
538,8,0.0100347
538,9,0.00206038
538,10,0.000783406
538,11,0.0106408
538,12,0.0129648
538,13,-0.0311475
538,14,-0.0244627
538,15,-0.0155594
538,16,-0.142966
538,17,0.0145283
538,18,0.00310763
538,19,0.0159006
538,20,0.0151727
539,1,0.0127781
539,2,0.0108893
539,3,0.00254984
539,4,0.00105063
539,5,0.0185371
539,6,0.0188229
539,7,0.0139679
539,8,0.0109601
539,9,0.0025911
539,10,0.000597369
539,11,-0.000311096
539,12,-0.000527757
539,13,-0.0239429
539,14,-0.0243404
539,15,-0.0176255
539,16,0.199301
539,17,0.0580041
539,18,0.0136602
539,19,0.0153735
539,20,0.0152199
540,1,0.0133527
540,2,0.0114689
540,3,0.0528772
540,4,-0.19669
540,5,-0.0321045
540,6,0.00683995
540,7,0.0122908
540,8,0.0112732
540,9,-0.0487528
540,10,0.0391699
540,11,0.218389
540,12,0.260546
540,13,0.0429958
540,14,-0.00849655
540,15,-0.0154775
540,16,-0.0201741
540,17,0.0396092
540,18,-0.044825
540,19,0.00120915
540,20,0.0119233
541,1,0.0130163
541,2,0.011833
541,3,0.00278236
541,4,0.000750417
541,5,-0.0243739
541,6,-0.000504486
541,7,0.00928012
541,8,0.0108043
541,9,0.00254405
541,10,0.000596753
541,11,3.99474e-05
541,12,-0.000101017
541,13,0.0328554
541,14,0.00123331
541,15,-0.0115455
541,16,0.103881
541,17,0.054732
541,18,0.01288
541,19,0.00395523
541,20,0.0100484
542,1,0.012318
542,2,0.0119471
542,3,0.0028167
542,4,0.000460961
542,5,-0.0185304
542,6,-0.00474588
542,7,0.00597988
542,8,0.00966911
542,9,0.00226942
542,10,0.000539617
542,11,0.00032837
542,12,0.000278734
542,13,0.0251903
542,14,0.00687024
542,15,-0.00721242
542,16,-0.206794
542,17,-0.00680345
542,18,-0.00160656
542,19,0.00264658
542,20,0.00830683
543,1,0.0113742
543,2,0.0118123
543,3,0.0305168
543,4,-0.00880409
543,5,-0.0162419
543,6,-0.00745082
543,7,0.00281972
543,8,0.00805749
543,9,-0.0242858
543,10,0.0213266
543,11,0.021244
543,12,0.0212094
543,13,0.0242536
543,14,0.0109604
543,15,-0.00293645
543,16,-0.0693202
543,17,-0.0215133
543,18,-0.0324292
543,19,-0.00560655
543,20,0.00503309
544,1,0.00988218
544,2,0.0113582
544,3,0.00260702
544,4,0.00286861
544,5,-0.0117453
544,6,-0.00846128
544,7,0.000165364
544,8,0.00620052
544,9,0.00152359
544,10,0.000294247
544,11,-0.0022854
544,12,-0.0028921
544,13,0.0178664
544,14,0.0125854
544,15,0.000715742
544,16,0.182085
544,17,0.0263923
544,18,0.0062757
544,19,-0.00281073
544,20,0.00318749
545,1,0.00830696
545,2,0.0106402
545,3,-0.0190069
545,4,0.194744
545,5,0.0368403
545,6,0.00219792
545,7,0.000643613
545,8,0.00489301
545,9,0.0222609
545,10,-0.0160472
545,11,-0.20313
545,12,-0.247006
545,13,-0.0444564
545,14,-0.000836234
545,15,0.000350571
545,16,0.144336
545,17,0.0541437
545,18,0.0333982
545,19,0.00570901
545,20,0.00378079
546,1,0.00724198
546,2,0.00984065
546,3,0.00231253
546,4,0.000614037
546,5,0.0283165
546,6,0.00834347
546,7,0.00245534
546,8,0.00431944
546,9,0.00101924
546,10,0.000236894
546,11,-1.29461e-05
546,12,-6.57027e-05
546,13,-0.0340116
546,14,-0.00864219
546,15,-0.00176537
546,16,0.0742271
546,17,0.0588692
546,18,0.0138544
546,19,0.00762558
546,20,0.00468544
547,1,0.00664044
547,2,0.00908766
547,3,0.00247951
547,4,-0.0114151
547,5,0.0189679
547,6,0.0108433
547,7,0.00442899
547,8,0.00434522
547,9,0.000678137
547,10,0.000502684
547,11,0.0120858
547,12,0.014814
547,13,-0.0225232
547,14,-0.0119083
547,15,-0.00415195
547,16,-0.139446
547,17,0.0122067
547,18,0.00251594
547,19,0.00642331
547,20,0.00509435
548,1,0.00627665
548,2,0.00842624
548,3,0.00197185
548,4,0.000859854
548,5,0.0147072
548,6,0.0117525
548,7,0.00615216
548,8,0.00477038
548,9,0.00113318
548,10,0.000255871
548,11,-0.000336403
548,12,-0.000478703
548,13,-0.0173363
548,14,-0.0131855
548,15,-0.00627748
548,16,0.204704
548,17,0.0575002
548,18,0.0135402
548,19,0.00809786
548,20,0.00580106
549,1,0.00616475
549,2,0.00789413
549,3,0.0227489
549,4,-0.194479
549,5,-0.0345131
549,6,0.000866451
549,7,0.00490847
549,8,0.00480287
549,9,-0.0200586
549,10,0.0163355
549,11,0.203554
549,12,0.247639
549,13,0.0450108
549,14,0.000507764
549,15,-0.00468095
549,16,-0.0275148
549,17,0.0374967
549,18,-0.0135999
549,19,0.0029925
549,20,0.00514022
550,1,0.00592369
550,2,0.00743049
550,3,0.00174623
550,4,0.000523571
550,5,-0.0262692
550,6,-0.00551841
550,7,0.00245508
550,8,0.00425045
550,9,0.00100222
550,10,0.000233714
550,11,-6.00427e-05
550,12,-0.000141354
550,13,0.0343868
550,14,0.00847929
550,15,-0.00158443
550,16,0.120661
550,17,0.0570648
550,18,0.0134291
550,19,0.00544817
550,20,0.00521268
551,1,0.00575639
551,2,0.00703659
551,3,0.00166525
551,4,4.80569e-05
551,5,-0.0200769
551,6,-0.00894394
551,7,-0.000227039
551,8,0.00319692
551,9,0.000742588
551,10,0.000184337
551,11,0.000386719
551,12,0.000434412
551,13,0.026398
551,14,0.0126955
551,15,0.00177555
551,16,-0.208708
551,17,-0.00546999
551,18,-0.00129688
551,19,0.0038611
551,20,0.00489466
552,1,0.00555363
552,2,0.00668766
552,3,-0.207913
552,4,0.0980764
552,5,0.00772387
552,6,-0.0050221
552,7,-0.00135529
552,8,0.00212582
552,9,0.209876
552,10,-0.160037
552,11,-0.184523
552,12,-0.190271
552,13,-0.0245829
552,14,0.00392408
552,15,0.00228108
552,16,-0.0141666
552,17,-0.00751625
552,18,0.207702
552,19,0.0518236
552,20,0.0159368
553,1,0.00799672
553,2,0.00699567
553,3,0.00159854
553,4,0.00222645
553,5,0.00643036
553,6,-0.0023274
553,7,-0.00158402
553,8,0.00125291
553,9,0.000342118
553,10,2.81906e-05
553,11,-0.0013847
553,12,-0.00169157
553,13,-0.0191967
553,14,-0.0015161
553,15,0.00138763
553,16,0.19173
553,17,0.0393653
553,18,0.00930994
553,19,0.0418204
553,20,0.022027
554,1,0.011298
554,2,0.00800798
554,3,-0.00181093
554,4,0.0941711
554,5,0.0270752
554,6,0.00459087
554,7,-0.000131106
554,8,0.000927261
554,9,0.00388691
554,10,-0.00275919
554,11,-0.0955858
554,12,-0.117304
554,13,-0.0422807
554,14,-0.0111078
554,15,-0.00155246
554,16,0.171391
554,17,0.0704302
554,18,0.0201212
554,19,0.0367147
554,20,0.025483
555,1,0.0146356
555,2,0.00956742
555,3,0.00224563
555,4,0.000686105
555,5,0.020866
555,6,0.00842032
555,7,0.00188099
555,8,0.00115167
555,9,0.000276492
555,10,5.9537e-05
555,11,-0.000143183
555,12,-0.000183017
555,13,-0.0323753
555,14,-0.0161119
555,15,-0.00497821
555,16,0.0961698
555,17,0.0764866
555,18,0.0180022
555,19,0.0323118
555,20,0.0270897
556,1,0.017566
556,2,0.0114494
556,3,0.0599988
556,4,-0.193797
556,5,-0.029643
556,6,-0.000535749
556,7,0.00131235
556,8,0.00118948
556,9,-0.0577033
556,10,0.0443151
556,11,0.218391
556,12,0.259346
556,13,0.0362649
556,14,-0.00378793
556,15,-0.00469815
556,16,-0.0474686
556,17,0.0473207
556,18,-0.0518276
556,19,0.0125143
556,20,0.0236602
557,1,0.0189999
557,2,0.013226
557,3,0.00311048
557,4,0.000807715
557,5,-0.0224781
557,6,-0.00569866
557,7,-0.0003373
557,8,0.000830234
557,9,0.000196872
557,10,4.48247e-05
557,11,-6.94003e-05
557,12,-0.000103699
557,13,0.0277076
557,14,0.00362279
557,15,-0.00274028
557,16,0.102741
557,17,0.0603607
557,18,0.014204
557,19,0.0129119
557,20,0.0211312
558,1,0.0195014
558,2,0.0147026
558,3,0.00346197
558,4,0.000723247
558,5,-0.017019
558,6,-0.00836226
558,7,-0.00222552
558,8,0.000111232
558,9,2.36191e-05
558,10,8.10979e-06
558,11,9.30954e-05
558,12,0.000113099
558,13,0.0212148
558,14,0.00776208
558,15,-0.000269135
558,16,-0.170533
558,17,0.00603283
558,18,0.00141689
558,19,0.0102072
558,20,0.0185608
559,1,0.0192801
559,2,0.0157796
559,3,0.010793
559,4,-0.139852
559,5,-0.0459208
559,6,-0.0171996
559,7,-0.00574883
559,8,-0.00126761
559,9,-0.00747867
559,10,0.00541981
559,11,0.143285
559,12,0.175714
559,13,0.0575676
559,14,0.019481
559,15,0.00437796
559,16,-0.154753
559,17,-0.0317992
559,18,-0.0147031
559,19,0.00434592
559,20,0.0152162
560,1,0.0183239
560,2,0.0163783
560,3,0.00307255
560,4,0.0497469
560,5,-0.0234107
560,6,-0.018661
560,7,-0.00878699
560,8,-0.00303687
560,9,5.89347e-05
560,10,-0.000754903
560,11,-0.0499995
560,12,-0.0697611
560,13,0.0276079
560,14,0.0213932
560,15,0.00838155
560,16,0.0988084
560,17,-0.00106801
560,18,0.000539032
560,19,0.00345018
560,20,0.0124477
561,1,0.0169412
561,2,0.0165108
561,3,0.00356471
561,4,0.00983705
561,5,-0.0155877
561,6,-0.0179379
561,7,-0.0109401
561,8,-0.00489646
561,9,-0.000834552
561,10,-0.000513344
561,11,-0.00910964
561,12,-0.0104273
561,13,0.0186584
561,14,0.0207497
561,15,0.0112917
561,16,0.191282
561,17,0.0441908
561,18,0.010715
561,19,0.00515955
561,20,0.0107328
562,1,0.0154804
562,2,0.0162683
562,3,0.00377275
562,4,0.00277173
562,5,-0.0112678
562,6,-0.0163685
562,7,-0.0122174
562,8,-0.00661903
562,9,-0.00150264
562,10,-0.000408195
562,11,-0.0019847
562,12,-0.00234727
562,13,0.0137159
562,14,0.0190947
562,15,0.0131277
562,16,0.201708
562,17,0.0812537
562,18,0.019172
562,19,0.0084566
562,20,0.0101972
563,1,0.0142373
563,2,0.0157904
563,3,0.00234176
563,4,0.0432796
563,5,0.00156683
563,6,-0.0121484
563,7,-0.0122012
563,8,-0.00793248
563,9,-0.000502844
563,10,-0.00147357
563,11,-0.043234
563,12,-0.0529868
563,13,-0.00197886
563,14,0.0141362
563,15,0.013365
563,16,0.192439
563,17,0.107415
563,18,0.0265502
563,19,0.0127139
563,20,0.0107894
564,1,0.0134261
564,2,0.0152341
564,3,0.00357573
564,4,0.00112007
564,5,0.00146171
564,6,-0.00894601
564,7,-0.0114352
564,8,-0.00875666
564,9,-0.00205165
564,10,-0.000491454
564,11,-0.000394391
564,12,-0.000364655
564,13,-0.00159904
564,14,0.0104338
564,15,0.0126753
564,16,0.116993
564,17,0.109669
564,18,0.0258127
564,19,0.015796
564,20,0.0119674
565,1,0.0130829
565,2,0.0147279
565,3,0.110903
565,4,-0.0373835
565,5,-0.00767835
565,6,-0.00864774
565,7,-0.0107794
565,8,-0.00923259
565,9,-0.109145
565,10,0.0805147
565,11,0.0826449
565,12,0.0831552
565,13,0.0183431
565,14,0.0122948
565,15,0.0125858
565,16,0.0174738
565,17,0.0879757
565,18,-0.0777614
565,19,-0.00621751
565,20,0.00768862
566,1,0.0118136
566,2,0.0140422
566,3,0.00330295
566,4,0.000814422
566,5,-0.00568005
566,6,-0.00794946
566,7,-0.0101135
566,8,-0.00943986
566,9,-0.00222004
566,10,-0.000523428
566,11,-0.000163844
566,12,-7.92764e-05
566,13,0.0140085
566,14,0.012698
566,15,0.0126122
566,16,0.0610848
566,17,0.0816484
566,18,0.0192125
566,19,-0.000233989
566,20,0.00582448
567,1,0.0104044
567,2,0.0131863
567,3,0.00310355
567,4,0.000697933
567,5,-0.00417935
567,6,-0.00706237
567,7,-0.00939559
567,8,-0.00942944
567,9,-0.00221959
567,10,-0.000521353
567,11,-9.03969e-05
567,12,1.09995e-05
567,13,0.0107149
567,14,0.0122314
567,15,0.0125226
567,16,-0.0756723
567,17,0.0446318
567,18,0.0105007
567,19,0.00229181
567,20,0.00499326
568,1,0.0091312
568,2,0.0122321
568,3,0.00288687
568,4,0.000365766
568,5,-0.00310991
568,6,-0.00613238
568,7,-0.00862777
568,8,-0.00924081
568,9,-0.00218304
568,10,-0.000504887
568,11,0.000194202
568,12,0.000358611
568,13,0.00827815
568,14,0.0113012
568,15,0.0122352
568,16,-0.164769
568,17,-0.00463891
568,18,-0.00110042
568,19,0.00149364
568,20,0.00416982
569,1,0.00796381
569,2,0.0112278
569,3,0.00284461
569,4,-0.0065375
569,5,-0.0039164
569,6,-0.00561097
569,7,-0.00791794
569,8,-0.00892955
569,9,-0.00230419
569,10,-0.000337692
569,11,0.00711107
569,12,0.00885895
569,13,0.00841481
569,14,0.0106221
569,15,0.0118557
569,16,-0.204193
569,17,-0.0515928
569,18,-0.0123431
569,19,-0.00176207
569,20,0.00277408
570,1,0.0067427
570,2,0.0101725
570,3,-0.102713
570,4,0.170238
570,5,0.037061
570,6,0.0044295
570,7,-0.00501266
570,8,-0.00800793
570,9,0.102991
570,10,-0.0795125
570,11,-0.212991
570,12,-0.244018
570,13,-0.0509812
570,14,-0.0038728
570,15,0.00815485
570,16,0.00720122
570,17,-0.0377589
570,18,0.100342
570,19,0.0222625
570,20,0.00735958
571,1,0.00688785
571,2,0.00939964
571,3,0.002179
571,4,0.00134688
571,5,0.0286577
571,6,0.0101302
571,7,-0.00144962
571,8,-0.0064648
571,9,-0.00148846
571,10,-0.000384383
571,11,-0.000824802
571,12,-0.000864509
571,13,-0.039189
571,14,-0.0121825
571,15,0.00336959
571,16,0.20685
571,17,0.0197961
571,18,0.00469073
571,19,0.0181279
571,20,0.00989332
572,1,0.00759502
572,2,0.00897502
572,3,-0.0289276
572,4,0.200905
572,5,0.0691864
572,6,0.0240258
572,7,0.0045446
572,8,-0.00387435
572,9,0.0300277
572,10,-0.0236045
572,11,-0.21332
572,12,-0.257955
572,13,-0.0906633
572,14,-0.0306486
572,15,-0.00463468
572,16,0.14579
572,17,0.0494417
572,18,0.0416929
572,19,0.0236726
572,20,0.0131355
573,1,0.00889866
573,2,0.00895706
573,3,0.00210512
573,4,0.000553934
573,5,0.0530376
573,6,0.0308521
573,7,0.0107346
573,8,-0.000436951
573,9,-0.000100395
573,10,-2.60599e-05
573,11,-6.32653e-05
573,12,-6.70476e-05
573,13,-0.0693465
573,14,-0.039754
573,15,-0.012898
573,16,0.0627797
573,17,0.05258
573,18,0.0123742
573,19,0.0210142
573,20,0.0149893
574,1,0.0103318
574,2,0.00928052
574,3,0.00230391
574,4,-0.00375107
574,5,0.0396756
574,6,0.0329282
574,7,0.0159566
574,8,0.00342036
574,9,0.000683983
574,10,0.00028178
574,11,0.00435152
574,12,0.00530917
574,13,-0.0517805
574,14,-0.0425837
574,15,-0.0198829
574,16,-0.171481
574,17,-0.00014031
574,18,-0.000157322
574,19,0.0160326
574,20,0.0152348
575,1,0.0114854
575,2,0.00979932
575,3,0.00227087
575,4,0.00178636
575,5,0.0307605
575,6,0.0324182
575,7,0.0198299
575,8,0.00728144
575,9,0.00174793
575,10,0.000376563
575,11,-0.00116583
575,12,-0.00153258
575,13,-0.0399575
575,14,-0.0419658
575,15,-0.0250789
575,16,0.163958
575,17,0.038471
575,18,0.0090867
575,19,0.0143983
575,20,0.015038
576,1,0.0123213
576,2,0.0103927
576,3,0.0118071
576,4,-0.00187574
576,5,0.0230813
576,6,0.0302213
576,7,0.022275
576,8,0.0108093
576,9,-0.00558915
576,10,0.00746727
576,11,0.00660071
576,12,0.00628463
576,13,-0.029077
576,14,-0.0389331
576,15,-0.0283387
576,16,0.0417504
576,17,0.0392426
576,18,0.00334583
576,19,0.0117977
576,20,0.0142756
577,1,0.0127811
577,2,0.0109547
577,3,0.00257633
577,4,0.000650363
577,5,0.0178035
577,6,0.0272994
577,7,0.0234572
577,8,0.0137853
577,9,0.00324484
577,10,0.000762248
577,11,0.000134769
577,12,-1.28452e-05
577,13,-0.0222383
577,14,-0.0350049
577,15,-0.0299072
577,16,0.0557319
577,17,0.0431224
577,18,0.0101477
577,19,0.0114095
577,20,0.0136012
578,1,0.0129741
578,2,0.0114299
578,3,0.00269179
578,4,0.000546698
578,5,0.0137431
578,6,0.0241097
578,7,0.0236107
578,8,0.0160972
578,9,0.00378513
578,10,0.00089304
578,11,0.000296644
578,12,0.000156344
578,13,-0.016969
578,14,-0.0307612
578,15,-0.0301082
578,16,-0.152975
578,17,-0.00301823
578,18,-0.000712626
578,19,0.00855722
578,20,0.0124144
579,1,0.0128424
579,2,0.0117622
579,3,0.00778397
579,4,-0.115938
579,5,-0.01677
579,6,0.0144909
579,7,0.0214649
579,8,0.0173601
579,9,-0.00105871
579,10,0.00480221
579,11,0.118517
579,12,0.145337
579,13,0.0212207
579,14,-0.0185302
579,15,-0.0273839
579,16,-0.162248
579,17,-0.0404842
579,18,-0.0145805
579,19,0.00311304
579,20,0.0102258
580,1,0.0122267
580,2,0.0118715
580,3,0.00173774
580,4,0.0587762
580,5,0.00100557
580,6,0.0113179
580,7,0.0190774
580,8,0.0177642
580,9,0.00521355
580,10,0.000180898
580,11,-0.0590305
580,12,-0.0807712
580,13,-0.0027774
580,14,-0.0148236
580,15,-0.0244286
580,16,0.082567
580,17,-0.011531
580,18,-0.00163503
580,19,0.00199585
580,20,0.00828936
581,1,0.0113003
581,2,0.0117371
581,3,0.0025216
581,4,0.00721084
581,5,0.00246563
581,6,0.00923502
581,7,0.0167615
581,8,0.0175283
581,9,0.00436021
581,10,0.000786801
581,11,-0.00642567
581,12,-0.00757546
581,13,-0.00390635
581,14,-0.0122549
581,15,-0.0215642
581,16,0.184941
581,17,0.0346978
581,18,0.00840419
581,19,0.0035037
581,20,0.00716332
582,1,0.0103269
582,2,0.0114053
582,3,0.00259871
582,4,0.00353551
582,5,0.00271737
582,6,0.00770145
582,7,0.0146297
582,8,0.0168463
582,9,0.00404745
582,10,0.000867775
582,11,-0.00272811
582,12,-0.00356213
582,13,-0.00382536
582,14,-0.0102714
582,15,-0.0189071
582,16,0.202786
582,17,0.0742481
582,18,0.017553
582,19,0.00680942
582,20,0.00708005
583,1,0.00956293
583,2,0.0109718
583,3,0.00219973
583,4,0.0134954
583,5,0.00525338
583,6,0.00712544
583,7,0.012864
583,8,0.0159093
583,9,0.00411846
583,10,0.000588958
583,11,-0.0128848
583,12,-0.0160081
583,13,-0.00669188
583,14,-0.0094292
583,15,-0.016677
583,16,0.201873
583,17,0.104277
583,18,0.0248977
583,19,0.0110655
583,20,0.0080178
584,1,0.00919937
584,2,0.0105548
584,3,0.0024563
584,4,0.00150412
584,5,0.0043712
584,6,0.00647738
584,7,0.0113613
584,8,0.0148392
584,9,0.00351842
584,10,0.000800776
584,11,-0.000739481
584,12,-0.00109309
584,13,-0.00537452
584,14,-0.00847515
584,15,-0.0147471
584,16,0.16688
584,17,0.119007
584,18,0.0280276
584,19,0.0150566
584,20,0.00967398
585,1,0.00931104
585,2,0.0102621
585,3,-0.0273044
585,4,0.200616
585,5,0.0505465
585,6,0.0168466
585,7,0.0126519
585,8,0.0143245
585,9,0.0322737
585,10,-0.0218968
585,11,-0.212285
585,12,-0.25704
585,13,-0.0645899
585,14,-0.0216786
585,15,-0.0163781
585,16,0.13161
585,17,0.121973
585,18,0.0544967
585,19,0.0243366
585,20,0.013124
586,1,0.0102082
586,2,0.0102494
586,3,0.00240937
586,4,0.000621826
586,5,0.0387995
586,6,0.022012
586,7,0.0148543
586,8,0.0144492
586,9,0.00340205
586,10,0.000798204
586,11,0.000134187
586,12,-1.74136e-05
586,13,-0.0493964
586,14,-0.0282004
586,15,-0.0191598
586,16,0.0623753
586,17,0.10795
586,18,0.0254021
586,19,0.0245873
586,20,0.0158213
587,1,0.0115289
587,2,0.0105505
587,3,0.00256594
587,4,-0.00238539
587,5,0.0291089
587,6,0.0236819
587,7,0.0169314
587,8,0.0150332
587,9,0.0034527
587,10,0.00089616
587,11,0.00319189
587,12,0.00373368
587,13,-0.0368952
587,14,-0.0302463
587,15,-0.0217684
587,16,-0.181117
587,17,0.039934
587,18,0.00930755
587,19,0.0209921
587,20,0.0170379
588,1,0.0128252
588,2,0.0110857
588,3,0.00254694
588,4,0.00279367
588,5,0.0229171
588,6,0.0235019
588,7,0.0184774
588,8,0.0158436
588,9,0.00378861
588,10,0.000830186
588,11,-0.00200516
588,12,-0.00267641
588,13,-0.0288437
588,14,-0.0299162
588,15,-0.0236855
588,16,0.14505
588,17,0.0646672
588,18,0.0152758
588,19,0.0196471
588,20,0.0176518
589,1,0.0139608
589,2,0.0117622
589,3,-0.150814
589,4,0.0583627
589,5,0.0312572
589,6,0.0253267
589,7,0.020089
589,8,0.0168425
589,9,0.159406
589,10,-0.116579
589,11,-0.121038
589,12,-0.122292
589,13,-0.0508315
589,14,-0.0348375
589,15,-0.0263095
589,16,0.0691771
589,17,0.0657283
589,18,0.174264
589,19,0.0560276
589,20,0.0266814
590,1,0.0169539
590,2,0.0129838
590,3,0.00305376
590,4,0.00076596
590,5,0.0240828
590,6,0.025034
590,7,0.0212525
590,8,0.0178802
590,9,0.00420833
590,10,0.000988898
590,11,0.000190794
590,12,3.10747e-06
590,13,-0.0388704
590,14,-0.0357864
590,15,-0.0285394
590,16,0.0573986
590,17,0.0637684
590,18,0.0150055
590,19,0.0463754
590,20,0.0313153
591,1,0.0203331
591,2,0.014713
591,3,0.00346836
591,4,0.00058365
591,5,0.0185536
591,6,0.0235092
591,7,0.0217835
591,8,0.0187986
591,9,0.00441666
591,10,0.0010457
591,11,0.000477924
591,12,0.000344439
591,13,-0.0296434
591,14,-0.034341
591,15,-0.0299045
591,16,-0.206747
591,17,0.000117615
591,18,2.10295e-05
591,19,0.0354685
591,20,0.0322925
592,1,0.0231471
592,2,0.0166975
592,3,-0.0597876
592,4,0.0249774
592,5,0.0200651
592,6,0.0226988
592,7,0.0219989
592,8,0.0195516
592,9,0.0707286
592,10,-0.0478154
592,11,-0.0499711
592,12,-0.0505191
592,13,-0.0345553
592,14,-0.0343914
592,15,-0.0309602
592,16,-0.0575696
592,17,-0.0134558
592,18,0.0616177
592,19,0.0416212
592,20,0.0344875
593,1,0.0258154
593,2,0.0188429
593,3,0.00438119
593,4,0.00296844
593,5,0.0160423
593,6,0.0211326
593,7,0.0217951
593,8,0.0200795
593,9,0.00477587
593,10,0.00107001
593,11,-0.00152945
593,12,-0.00213782
593,13,-0.0269277
593,14,-0.0326352
593,15,-0.0313543
593,16,0.178402
593,17,0.0316872
593,18,0.00750806
593,19,0.0335946
593,20,0.0342774
594,1,0.0278065
594,2,0.020952
594,3,-0.0119832
594,4,0.187117
594,5,0.0562952
594,6,0.0294062
594,7,0.0235859
594,8,0.0209045
594,9,0.0211565
594,10,-0.0116874
594,11,-0.193145
594,12,-0.235647
594,13,-0.0760382
594,14,-0.0428477
594,15,-0.0340587
594,16,0.13843
594,17,0.0568033
594,18,0.0294076
594,19,0.0326094
594,20,0.0338849
595,1,0.0292367
595,2,0.0229013
595,3,0.00538543
595,4,0.00134215
595,5,0.0433651
595,6,0.0326906
595,7,0.0257282
595,8,0.0220395
595,9,0.00518884
595,10,0.00121779
595,11,0.000212505
595,12,-1.76616e-05
595,13,-0.058151
595,14,-0.0464485
595,15,-0.0369739
595,16,0.0709204
595,17,0.060125
595,18,0.0141501
595,19,0.028266
595,20,0.0325628
596,1,0.0300193
596,2,0.0245761
596,3,0.00628381
596,4,-0.0161197
596,5,0.0293687
596,6,0.031909
596,7,0.0271825
596,8,0.0232496
596,9,0.00495423
596,10,0.00167277
596,11,0.0178699
596,12,0.021699
596,13,-0.0393628
596,14,-0.0447813
596,15,-0.0388109
596,16,-0.139888
596,17,0.0130632
596,18,0.00254423
596,19,0.0222139
596,20,0.0301278
597,1,0.0300448
597,2,0.0258629
597,3,0.00607751
597,4,0.00172026
597,5,0.0228631
597,6,0.0297805
597,7,0.0277938
597,8,0.0243188
597,9,0.00572982
597,10,0.00134037
597,11,2.38068e-05
597,12,-0.000288883
597,13,-0.0301689
597,14,-0.0413431
597,15,-0.0394067
597,16,0.200221
597,17,0.0571002
597,18,0.0134431
597,19,0.0201501
597,20,0.0277801
598,1,0.029512
598,2,0.0267215
598,3,0.00919478
598,4,-0.0805247
598,5,-0.00146341
598,6,0.022429
598,7,0.0265315
598,8,0.0248395
598,9,0.00281124
598,10,0.00361865
598,11,0.0829033
598,12,0.101672
598,13,0.000852554
598,14,-0.0314147
598,15,-0.0375262
598,16,-0.0661038
598,17,0.028111
598,18,0.00349538
598,19,0.0162314
598,20,0.0250628
599,1,0.0284651
599,2,0.0271318
599,3,0.00638032
599,4,0.00165548
599,5,-0.000729557
599,6,0.0169799
599,7,0.0242841
599,8,0.0247088
599,9,0.00581739
599,10,0.0013652
599,11,0.000166126
599,12,-0.000123081
599,13,0.000622993
599,14,-0.0238764
599,15,-0.0343145
599,16,0.167882
599,17,0.0609983
599,18,0.0143561
599,19,0.0157901
599,20,0.022881
600,1,0.0271512
600,2,0.0271363
600,3,0.00646164
600,4,-0.00125805
600,5,-0.000853909
600,6,0.0127837
600,7,0.0215781
600,8,0.0239722
600,9,0.00556186
600,10,0.00138612
600,11,0.00308663
600,12,0.00348959
600,13,0.00129749
600,14,-0.0179531
600,15,-0.0304648
600,16,-0.15498
600,17,0.01018
600,18,0.00231518
600,19,0.0126196
600,20,0.0204665
601,1,0.0255783
601,2,0.0267697
601,3,0.00621123
601,4,0.00454281
601,5,0.000415908
601,6,0.00987367
601,7,0.0188241
601,8,0.0227609
601,9,0.00544076
601,10,0.00119361
601,11,-0.00282092
601,12,-0.00377003
601,13,0.00010513
601,14,-0.0137041
601,15,-0.0265211
601,16,0.142507
601,17,0.0413158
601,18,0.00980724
601,19,0.0119578
601,20,0.0184645
602,1,0.0239045
602,2,0.0260956
602,3,-0.203336
602,4,0.101344
602,5,0.0241638
602,6,0.0132361
602,7,0.0175093
602,8,0.0215252
602,9,0.213859
602,10,-0.158905
602,11,-0.186066
602,12,-0.192739
602,13,-0.04527
602,14,-0.0211314
602,15,-0.0252529
602,16,0.0870715
602,17,0.0520818
602,18,0.220702
602,19,0.0610742
602,20,0.0284903
603,1,0.0249835
603,2,0.0258339
603,3,0.00607714
603,4,0.00148296
603,5,0.0188271
603,6,0.0145516
603,7,0.0168134
603,8,0.0204165
603,9,0.00480529
603,10,0.00112915
603,11,0.000220933
603,12,7.82127e-06
603,13,-0.0346164
603,14,-0.0243043
603,15,-0.0250297
603,16,0.062789
603,17,0.0546012
603,18,0.0128487
603,19,0.049727
603,20,0.0334872
604,1,0.0269844
604,2,0.0261046
604,3,0.00616013
604,4,0.000802055
604,5,0.0145859
604,6,0.0145597
604,7,0.0162831
604,8,0.0194439
604,9,0.00455683
604,10,0.00109022
604,11,0.000900718
604,12,0.000856527
604,13,-0.0262698
604,14,-0.0247668
604,15,-0.0249679
604,16,-0.213649
604,17,-0.00851644
604,18,-0.00202234
604,19,0.0375507
604,20,0.0344433
605,1,0.0287394
605,2,0.0267245
605,3,0.000386346
605,4,0.126276
605,5,0.0408661
605,6,0.0207494
605,7,0.017334
605,8,0.0189475
605,9,0.0101167
605,10,-0.00340484
605,11,-0.127775
605,12,-0.157019
605,13,-0.0570342
605,14,-0.0323591
605,15,-0.026707
605,16,0.0361002
605,17,0.00198159
605,18,0.00627273
605,19,0.0301912
605,20,0.0334428
606,1,0.0298461
606,2,0.027459
606,3,0.00616044
606,4,0.00770641
606,5,0.0330638
606,6,0.0236469
606,7,0.0188194
606,8,0.0189173
606,9,0.00474356
606,10,0.000818573
606,11,-0.00602719
606,12,-0.00696171
606,13,-0.0452525
606,14,-0.0353929
606,15,-0.0287507
606,16,0.16678
606,17,0.0407577
606,18,0.0098854
606,19,0.0254133
606,20,0.0315535
607,1,0.0302478
607,2,0.0281152
607,3,0.00652864
607,4,0.00449371
607,5,0.0263414
607,6,0.0242809
607,7,0.0201044
607,8,0.0191967
607,9,0.00460154
607,10,0.000997009
607,11,-0.00274086
607,12,-0.00361039
607,13,-0.0354543
607,14,-0.0354073
607,15,-0.030317
607,16,0.20187
607,17,0.0786665
607,18,0.0185935
607,19,0.0238087
607,20,0.0297312
608,1,0.0301263
608,2,0.0285884
608,3,0.00632454
608,4,0.0149349
608,5,0.0236575
608,6,0.0241342
608,7,0.0210526
608,8,0.0196334
608,9,0.00500982
608,10,0.000782624
608,11,-0.0133657
608,12,-0.0166435
608,13,-0.0310282
608,14,-0.034377
608,15,-0.0312723
608,16,0.197925
608,17,0.106727
608,18,0.0254881
608,19,0.0242038
608,20,0.0284306
609,1,0.0297273
609,2,0.0288564
609,3,0.00676341
609,4,0.00247852
609,5,0.0186742
609,6,0.0228495
609,7,0.0214754
609,8,0.0200668
609,9,0.00474738
609,10,0.00109097
609,11,-0.000634669
609,12,-0.00103188
609,13,-0.0239703
609,14,-0.0319283
609,15,-0.0314266
609,16,0.162834
609,17,0.119929
609,18,0.0282434
609,19,0.0251543
609,20,0.0276597
610,1,0.0292408
610,2,0.0289468
610,3,-0.0318096
610,4,0.202005
610,5,0.0618108
610,6,0.0320169
610,7,0.0239558
610,8,0.0209818
610,9,0.0415214
610,10,-0.0278334
610,11,-0.216113
610,12,-0.260399
610,13,-0.0796005
610,14,-0.0431453
610,15,-0.034184
610,16,0.123079
610,17,0.12067
610,18,0.0611573
610,19,0.0336256
610,20,0.0290635
611,1,0.0291991
611,2,0.0290062
611,3,0.00682287
611,4,0.00165708
611,5,0.047657
611,6,0.0356969
611,7,0.0267184
611,8,0.0223316
611,9,0.00525659
611,10,0.00123472
611,11,0.000240276
611,12,1.05545e-05
611,13,-0.0608685
611,14,-0.0473155
611,15,-0.0372737
611,16,0.0578344
611,17,0.105885
611,18,0.0249162
611,19,0.0315763
611,20,0.0296547
612,1,0.0293063
612,2,0.0290768
612,3,0.00690005
612,4,-0.000499017
612,5,0.0363262
612,6,0.035845
612,7,0.0288658
612,8,0.0238691
612,9,0.00555633
612,10,0.0013665
612,11,0.00243033
612,12,0.0026823
612,13,-0.0459154
612,14,-0.046986
612,15,-0.039559
612,16,-0.195012
612,17,0.035086
612,18,0.00819311
612,19,0.0260744
612,20,0.0288123
613,1,0.0291901
613,2,0.0291035
613,3,0.00672797
613,4,0.00577643
613,5,0.029138
613,6,0.0342669
613,7,0.0301367
613,8,0.0253438
613,9,0.00607979
613,10,0.00131214
613,11,-0.00391526
613,12,-0.00514924
613,13,-0.0363233
613,14,-0.0444772
613,15,-0.0407162
613,16,0.118676
613,17,0.0547543
613,18,0.0129992
613,19,0.0229979
613,20,0.0274442
614,1,0.0287793
614,2,0.0290272
614,3,-0.136599
614,4,0.153979
614,5,0.0585123
614,6,0.0399717
614,7,0.0324508
614,8,0.027016
614,9,0.143791
614,10,-0.107063
614,11,-0.210851
614,12,-0.235577
614,13,-0.0832065
614,14,-0.0535899
614,15,-0.0437453
614,16,0.088839
614,17,0.0627742
614,18,0.148965
614,19,0.0526373
614,20,0.033372
615,1,0.0298599
615,2,0.0292231
615,3,0.00687414
615,4,0.00167537
615,5,0.0451389
615,6,0.0411875
615,7,0.0345065
615,8,0.0287785
615,9,0.00677328
615,10,0.00159176
615,11,0.000322949
615,12,2.6914e-05
615,13,-0.0636222
615,14,-0.0559505
615,15,-0.0466171
615,16,0.0677585
615,17,0.063947
615,18,0.0150482
615,19,0.0437928
615,20,0.0358239
616,1,0.0312632
616,2,0.0297031
616,3,0.00704168
616,4,-0.000257516
616,5,0.0344574
616,6,0.0396039
616,7,0.0357059
616,8,0.0304085
616,9,0.00710075
616,10,0.00172404
616,11,0.00230715
616,12,0.00244626
616,13,-0.0480767
616,14,-0.0540978
616,15,-0.0483773
616,16,-0.197133
616,17,0.00251634
616,18,0.00053697
616,19,0.033615
616,20,0.0353042
617,1,0.032214
617,2,0.0302939
617,3,0.00697506
617,4,0.0069678
617,5,0.0279893
617,6,0.0368711
617,7,0.03598
617,8,0.0317194
617,9,0.00761131
617,10,0.00163988
617,11,-0.00498338
617,12,-0.0065447
617,13,-0.0383044
617,14,-0.0503817
617,15,-0.0488489
617,16,0.109762
617,17,0.0277506
617,18,0.00667977
617,19,0.0272773
617,20,0.0334155
618,1,0.0324967
618,2,0.0308122
618,3,-0.0654026
618,4,0.190631
618,5,0.0662579
618,6,0.0437856
618,7,0.0378167
618,8,0.0331541
618,9,0.075773
618,10,-0.0530809
618,11,-0.218262
618,12,-0.257323
618,13,-0.0898383
618,14,-0.0596656
618,15,-0.051394
618,16,0.0946545
618,17,0.0434927
618,18,0.0784967
618,19,0.0393289
618,20,0.0348069
619,1,0.0330403
619,2,0.0313365
619,3,0.00737082
619,4,0.0017983
619,5,0.051091
619,6,0.0455045
619,7,0.0396256
619,8,0.0346768
619,9,0.00816168
619,10,0.00191788
619,11,0.000390846
619,12,3.621e-05
619,13,-0.0686914
619,14,-0.0617893
619,15,-0.05384
619,16,0.0742662
619,17,0.0507335
619,18,0.0119397
619,19,0.0328844
619,20,0.0343545
620,1,0.0333495
620,2,0.0318101
620,3,0.0076389
620,4,-0.00378909
620,5,0.038178
620,6,0.0437806
620,7,0.0406032
620,8,0.0360712
620,9,0.00832741
620,10,0.00211555
620,11,0.00603666
620,12,0.00696696
620,13,-0.0508894
620,14,-0.0592246
620,15,-0.055107
620,16,-0.170002
620,17,-0.00120421
620,18,-0.000444728
620,19,0.0250422
620,20,0.0321634
621,1,0.0330704
621,2,0.0321067
621,3,0.0075294
621,4,0.00266545
621,5,0.0298221
621,6,0.0404963
621,7,0.0405781
621,8,0.0371317
621,9,0.00876126
621,10,0.00203661
621,11,-0.000420752
621,12,-0.0010015
621,13,-0.0391511
621,14,-0.0545014
621,15,-0.0549645
621,16,0.167132
621,17,0.0384043
621,18,0.0090611
621,19,0.021282
621,20,0.0296031
622,1,0.0322546
622,2,0.0321415
622,3,0.129093
622,4,-0.0403912
622,5,0.0133013
622,6,0.0340975
622,7,0.0390532
622,8,0.0375838
622,9,-0.107728
622,10,0.0945116
622,11,0.0936908
622,12,0.09332
622,13,-0.00798141
622,14,-0.0435556
622,15,-0.05228
622,16,0.0149609
622,17,0.0328882
622,18,-0.108742
622,19,-0.00931184
622,20,0.0204466
623,1,0.0294762
623,2,0.0315144
623,3,0.00741372
623,4,0.00179152
623,5,0.0105931
623,6,0.028567
623,7,0.0365859
623,8,0.037349
623,9,0.00878938
623,10,0.00206673
623,11,0.000433839
623,12,4.96696e-05
623,13,-0.00609175
623,14,-0.0347405
623,15,-0.0481531
623,16,0.0590161
623,17,0.039036
623,18,0.00918632
623,19,-0.00495933
623,20,0.0144687
624,1,0.0259451
624,2,0.0302039
624,3,0.00710881
624,4,0.00160044
624,5,0.0084772
624,6,0.02384
624,7,0.0335869
624,8,0.0364638
624,9,0.00857768
624,10,0.00202029
624,11,0.000547246
624,12,0.000200706
624,13,-0.00461117
624,14,-0.0276513
624,15,-0.0433291
624,16,-0.14423
624,17,-0.00408547
624,18,-0.000963326
624,19,-0.00401909
624,20,0.0101187
625,1,0.0222212
625,2,0.0283257
625,3,0.00770731
625,4,-0.033349
625,5,-0.00136426
625,6,0.0179096
625,7,0.0298981
625,8,0.0349189
625,9,0.00712156
625,10,0.00273473
625,11,0.0354531
625,12,0.0432083
625,13,0.00664046
625,14,-0.0195826
625,15,-0.0377417
625,16,-0.187547
625,17,-0.047253
625,18,-0.0121809
625,19,-0.00593952
625,20,0.00634027
626,1,0.0184845
626,2,0.0260101
626,3,-0.00204663
626,4,0.163356
626,5,0.0373934
626,6,0.022494
626,7,0.028156
626,8,0.0333276
626,9,0.0155279
626,10,-0.00434822
626,11,-0.16578
626,12,-0.207106
626,13,-0.0436527
626,14,-0.0252462
626,15,-0.0348016
626,16,0.037333
626,17,-0.0273504
626,18,0.0018828
626,19,-0.00409897
626,20,0.00388398
627,1,0.0150491
627,2,0.023431
627,3,0.005442
627,4,0.00274402
627,5,0.0292406
627,6,0.0240814
627,7,0.0271972
627,8,0.0318852
627,9,0.00757158
627,10,0.00171071
627,11,-0.00104954
627,12,-0.00151798
627,13,-0.0337387
627,14,-0.0272444
627,15,-0.0330234
627,16,0.194296
627,17,0.0248017
627,18,0.00590691
627,19,-0.00174465
627,20,0.00255959
628,1,0.0121104
628,2,0.0207674
628,3,0.00329805
628,4,0.0490168
628,5,0.0338938
628,6,0.0263902
628,7,0.0270074
628,8,0.0307375
628,9,0.00875429
628,10,0.000490828
628,11,-0.0485115
628,12,-0.0599344
628,13,-0.0399024
628,14,-0.0302227
628,15,-0.0323644
628,16,0.177798
628,17,0.0608009
628,18,0.0158364
628,19,0.00239206
628,20,0.00252017
629,1,0.00985387
629,2,0.0181995
629,3,0.00427366
629,4,0.00127393
629,5,0.0262186
629,6,0.0263498
629,7,0.0268527
629,8,0.0298234
629,9,0.00702568
629,10,0.00164457
629,11,0.00011825
629,12,-0.000233153
629,13,-0.0305684
629,14,-0.0303041
629,15,-0.0318797
629,16,0.111757
629,17,0.0727905
629,18,0.0171355
629,19,0.0058611
629,20,0.00330628
630,1,0.00831326
630,2,0.0158733
630,3,0.127243
630,4,-0.043043
630,5,0.00992171
630,6,0.0224844
630,7,0.0258248
630,8,0.0288826
630,9,-0.113275
630,10,0.0960554
630,11,0.0960095
630,12,0.0958912
630,13,-0.000813213
630,14,-0.0233651
630,15,-0.0298762
630,16,0.00269711
630,17,0.056298
630,18,-0.103746
630,19,-0.0199289
630,20,-0.00216082
631,1,0.00584877
631,2,0.0135146
631,3,0.00317877
631,4,0.000785914
631,5,0.00777211
631,6,0.0190227
631,7,0.0242243
631,8,0.0277865
631,9,0.00653912
631,10,0.00153752
631,11,0.000319668
631,12,3.31242e-05
631,13,-0.000614075
631,14,-0.0180119
631,15,-0.0270846
631,16,0.056273
631,17,0.0562921
631,18,0.0132463
631,19,-0.012123
631,20,-0.00450485
632,1,0.00341262
632,2,0.0111377
632,3,0.00262153
632,4,0.000584198
632,5,0.00608084
632,6,0.0159775
632,7,0.0222839
632,8,0.0264918
632,9,0.00623244
632,10,0.00146737
632,11,0.000377828
632,12,0.000121484
632,13,-0.000441002
632,14,-0.0138776
632,15,-0.0239771
632,16,-0.0831858
632,17,0.0234738
632,18,0.00552231
632,19,-0.00797113
632,20,-0.00532045
633,1,0.00135778
633,2,0.00883651
633,3,0.00208832
633,4,0.000163189
633,5,0.00468845
633,6,0.0133213
633,7,0.0201751
633,8,0.0250055
633,9,0.00587438
633,10,0.00139136
633,11,0.000654728
633,12,0.000481624
633,13,-0.000223914
633,14,-0.0106649
633,15,-0.0208448
633,16,-0.171838
633,17,-0.022482
633,18,-0.00529915
633,19,-0.00734243
633,20,-0.00579621
634,1,-0.000325508
634,2,0.00668074
634,3,0.00181899
634,4,-0.00829981
634,5,0.00163239
634,6,0.010571
634,7,0.0179153
634,8,0.0233372
634,9,0.00523902
634,10,0.00148019
634,11,0.00904659
634,12,0.0108332
634,13,0.00237775
634,14,-0.00759607
634,15,-0.0177275
634,16,-0.210155
634,17,-0.0666403
634,18,-0.0159251
634,19,-0.00936189
634,20,-0.00663519
635,1,-0.00181014
635,2,0.00468289
635,3,-0.0558181
635,4,0.194373
635,5,0.0469831
635,6,0.0191385
635,7,0.0182031
635,8,0.0221292
635,9,0.0602794
635,10,-0.0426466
635,11,-0.217467
635,12,-0.258419
635,13,-0.0589862
635,14,-0.0196879
635,15,-0.0181887
635,16,0.00755437
635,17,-0.0491828
635,18,0.0492132
635,19,0.00442049
635,20,-0.00403385
636,1,-0.00233337
636,2,0.003032
636,3,0.000672446
636,4,0.00103924
636,5,0.0361728
636,6,0.0231466
636,7,0.0193663
636,8,0.0214791
636,9,0.00509451
636,10,0.00115667
636,11,-0.000549581
636,12,-0.000856775
636,13,-0.0453087
636,14,-0.0257163
636,15,-0.0199599
636,16,0.199517
636,17,0.00933478
636,18,0.00223792
636,19,0.00390695
636,20,-0.00216543
637,1,-0.00229385
637,2,0.00177886
637,3,-0.0128103
637,4,0.17661
637,5,0.0692168
637,6,0.0339866
637,7,0.0228064
637,8,0.0217914
637,9,0.0180294
637,10,-0.00901456
637,11,-0.181931
637,12,-0.222501
637,13,-0.087001
637,14,-0.0401362
637,15,-0.0247073
637,16,0.149958
637,17,0.0424227
637,18,0.0230446
637,19,0.00840992
637,20,0.000322888
638,1,-0.00167815
638,2,0.000965448
638,3,0.000224016
638,4,0.000130226
638,5,0.0529611
638,6,0.0384512
638,7,0.0264875
638,8,0.0228964
638,9,0.0053905
638,10,0.00126519
638,11,0.000221054
638,12,-1.82864e-05
638,13,-0.0665345
638,14,-0.0463476
638,15,-0.0297991
638,16,0.0691619
638,17,0.0487143
638,18,0.0114653
638,19,0.00912883
638,20,0.00239487
639,1,-0.00071979
639,2,0.000568921
639,3,0.000704105
639,4,-0.0193608
639,5,0.0359442
639,6,0.0378613
639,7,0.0291637
639,8,0.024371
639,9,0.00515491
639,10,0.00178147
639,11,0.0199147
639,12,0.0242024
639,13,-0.0451846
639,14,-0.0460739
639,15,-0.0336285
639,16,-0.136744
639,17,0.005077
639,18,0.000604984
639,19,0.00712322
639,20,0.00350743
640,1,0.000274849
640,2,0.000499728
640,3,0.000110421
640,4,0.000294403
640,5,0.027556
640,6,0.0354366
640,7,0.0306397
640,8,0.025846
640,9,0.00608851
640,10,0.00142542
640,11,6.65898e-05
640,12,-0.000256104
640,13,-0.0346132
640,14,-0.0433773
640,15,-0.0359223
640,16,0.201392
640,17,0.0512688
640,18,0.0120704
640,19,0.00828726
640,20,0.00463209
641,1,0.00130008
641,2,0.000688047
641,3,0.00200779
641,4,-0.0559672
641,5,0.00790351
641,6,0.0289582
641,7,0.030244
641,8,0.0268808
641,9,0.00444005
641,10,0.00288248
641,11,0.0570227
641,12,0.0698466
641,13,-0.0100344
641,14,-0.0355319
641,15,-0.0358305
641,16,-0.0737188
641,17,0.02186
641,18,0.0032202
641,19,0.00709501
641,20,0.0052116
642,1,0.00222044
642,2,0.00104861
642,3,0.000242345
642,4,0.000235649
642,5,0.00609931
642,6,0.0235796
642,7,0.0286759
642,8,0.0273032
642,9,0.00642863
642,10,0.00150823
642,11,0.000175794
642,12,-0.000143369
642,13,-0.00770712
642,14,-0.0289849
642,15,-0.0342197
642,16,0.181088
642,17,0.0593253
642,18,0.0139632
642,19,0.00871107
642,20,0.00603501
643,1,0.00311799
643,2,0.00153552
643,3,0.000544347
643,4,-0.00634224
643,5,0.00317188
643,6,0.0187778
643,7,0.026347
643,8,0.0270782
643,9,0.00618531
643,10,0.00163785
643,11,0.0068451
643,12,0.00807856
643,13,-0.00399284
643,14,-0.0231044
643,15,-0.0316044
643,16,-0.12856
643,17,0.015117
643,18,0.00336748
643,19,0.00745375
643,20,0.00636883
644,1,0.00388289
644,2,0.00208784
644,3,0.000466669
644,4,0.00100325
644,5,0.00266162
644,6,0.0149858
644,7,0.0236737
644,8,0.0262772
644,9,0.00620715
644,10,0.00143587
644,11,-0.000556961
644,12,-0.00102922
644,13,-0.00329552
644,14,-0.0184435
644,15,-0.0285077
644,16,0.183857
644,17,0.0548205
644,18,0.0129233
644,19,0.00874071
644,20,0.00692692
645,1,0.00459913
645,2,0.00267874
645,3,0.117175
645,4,-0.0419944
645,5,-0.00784569
645,6,0.00961366
645,7,0.0203655
645,8,0.0248862
645,9,-0.108656
645,10,0.0912741
645,11,0.0911778
645,12,0.0910107
645,13,0.0188942
645,14,-0.00965816
645,15,-0.0240725
645,16,0.0272835
645,17,0.0483412
645,18,-0.101089
645,19,-0.0171016
645,20,0.00127316
646,1,0.00381655
646,2,0.00294646
646,3,0.000691889
646,4,0.000209868
646,5,-0.00595027
646,6,0.00595156
646,7,0.016974
646,8,0.0230245
646,9,0.00541891
646,10,0.00127368
646,11,0.000247725
646,12,6.34065e-06
646,13,0.01445
646,14,-0.00398565
646,15,-0.0193462
646,16,0.0617211
646,17,0.0514894
646,18,0.0121165
646,19,-0.0102267
646,20,-0.0014327
647,1,0.00258143
647,2,0.00286057
647,3,0.000675064
647,4,8.76818e-05
647,5,-0.00452957
647,6,0.00348541
647,7,0.0138002
647,8,0.0208541
647,9,0.00490483
647,10,0.00115607
647,11,0.000343103
647,12,0.000151854
647,13,0.0110857
647,14,-0.000439448
647,15,-0.0148975
647,16,-0.137957
647,17,0.00691369
647,18,0.00162473
647,19,-0.00743815
647,20,-0.00284575
648,1,0.00130445
648,2,0.00249442
648,3,0.00156196
648,4,-0.0318948
648,5,-0.0109685
648,6,8.45001e-05
648,7,0.010573
648,8,0.018435
648,9,0.00334571
648,10,0.00176082
648,11,0.0326117
648,12,0.0398995
648,13,0.0178654
648,14,0.00386759
648,15,-0.0104822
648,16,-0.180959
648,17,-0.0372916
648,18,-0.00975646
648,19,-0.00798363
648,20,-0.00405466
649,1,4.34827e-05
649,2,0.00191773
649,3,-0.00893256
649,4,0.171217
649,5,0.0318987
649,6,0.0075702
649,7,0.00986644
649,8,0.0164189
649,9,0.0130569
649,10,-0.00631936
649,11,-0.175098
649,12,-0.217734
649,13,-0.0375698
649,14,-0.00588239
649,15,-0.00939991
649,16,0.0428965
649,17,-0.0184238
649,18,0.0053761
649,19,-0.00484017
649,20,-0.00423949
650,1,-0.000964274
650,2,0.00123961
650,3,0.000225818
650,4,0.00139899
650,5,0.0247223
650,6,0.011606
650,7,0.0102757
650,8,0.0149734
650,9,0.00358845
650,10,0.000778123
650,11,-0.00114608
650,12,-0.00143022
650,13,-0.0290664
650,14,-0.0113374
650,15,-0.0098558
650,16,0.201575
650,17,0.0333406
650,18,0.00791119
650,19,-0.00183985
650,20,-0.00367486
651,1,-0.00160206
651,2,0.000570983
651,3,-0.00183877
651,4,0.0586852
651,5,0.0327136
651,6,0.0165725
651,7,0.0117573
651,8,0.0142167
651,9,0.00529286
651,10,-0.000731442
651,11,-0.0593596
651,12,-0.0730762
651,13,-0.0394216
651,14,-0.0179455
651,15,-0.0117593
651,16,0.180955
651,17,0.0680734
651,18,0.0179367
651,19,0.00281347
651,20,-0.0021482
652,1,-0.00173056
652,2,2.94429e-05
652,3,-4.20522e-07
652,4,0.0002268
652,5,0.0250696
652,6,0.0185718
652,7,0.0133607
652,8,0.0140153
652,9,0.00330502
652,10,0.000770292
652,11,-4.52714e-05
652,12,-0.000229554
652,13,-0.0302
652,14,-0.0208289
652,15,-0.0138933
652,16,0.106131
652,17,0.0770281
652,18,0.0181314
652,19,0.00641769
652,20,-0.000132695
653,1,-0.00135459
653,2,-0.000296213
653,3,0.196855
653,4,-0.0764762
653,5,0.00117649
653,6,0.0144788
653,7,0.0136238
653,8,0.0139232
653,9,-0.192974
653,10,0.151675
653,11,0.158539
653,12,0.160097
653,13,0.0145759
653,14,-0.0124984
653,15,-0.0135651
653,16,-0.0117109
653,17,0.0561483
653,18,-0.179867
653,19,-0.0374141
653,20,-0.00890479
654,1,-0.00313111
654,2,-0.000963248
654,3,-0.000227963
654,4,-1.03571e-05
654,5,0.000897235
654,6,0.0112831
654,7,0.0130731
654,8,0.0137231
654,9,0.00323029
654,10,0.00075882
654,11,0.00012756
654,12,-2.11328e-05
654,13,0.0111413
654,14,-0.00693609
654,15,-0.0120053
654,16,0.0676484
654,17,0.0588542
654,18,0.0138493
654,19,-0.0253521
654,20,-0.0127747
655,1,-0.0054002
655,2,-0.00200724
655,3,-0.000471247
655,4,-0.000148148
655,5,0.000651263
655,6,0.00878151
655,7,0.0120633
655,8,0.0133326
655,9,0.00313603
655,10,0.000738932
655,11,0.000211124
655,12,8.69447e-05
655,13,0.00854027
655,14,-0.00329459
655,15,-0.00995573
655,16,-0.092733
655,17,0.0231866
655,18,0.00545462
655,19,-0.0181035
655,20,-0.0140286
656,1,-0.0074304
656,2,-0.00328328
656,3,-0.000754738
656,4,-0.00081202
656,5,0.000306961
656,6,0.0067875
656,7,0.0108219
656,8,0.0127418
656,9,0.0029802
656,10,0.000718984
656,11,0.000803492
656,12,0.000823604
656,13,0.00672459
656,14,-0.000937137
656,15,-0.00783371
656,16,-0.194798
656,17,-0.0281039
656,18,-0.00663063
656,19,-0.015404
656,20,-0.0143522
657,1,-0.00905906
657,2,-0.00464228
657,3,0.00508932
657,4,-0.129761
657,5,-0.0302972
657,6,-0.00193832
657,7,0.00781951
657,8,0.0115836
657,9,-0.00351085
657,10,0.00531957
657,11,0.132214
657,12,0.162062
657,13,0.0432746
657,14,0.00946563
657,15,-0.00376328
657,16,-0.1659
657,17,-0.0605266
657,18,-0.0202452
657,19,-0.0165431
657,20,-0.0148677
658,1,-0.0104258
658,2,-0.00600311
658,3,-0.00170519
658,4,0.0173778
658,5,-0.0190796
658,6,-0.00597156
658,7,0.00457456
658,8,0.00993445
658,9,0.00262902
658,10,0.00032572
658,11,-0.017899
658,12,-0.024779
658,13,0.027262
658,14,0.013653
658,15,0.000334672
658,16,0.114745
658,17,-0.0192862
658,18,-0.00423347
658,19,-0.0136467
658,20,-0.0145804
659,1,-0.0114034
659,2,-0.00727375
659,3,-0.00317207
659,4,0.041991
659,5,-0.00471003
659,6,-0.00567473
659,7,0.00216296
659,8,0.00810586
659,9,0.00336348
659,10,-0.000678885
659,11,-0.0427923
659,12,-0.0513413
659,13,0.0087671
659,14,0.0125034
659,15,0.0031979
659,16,0.165719
659,17,0.0242443
659,18,0.00719369
659,19,-0.00874309
659,20,-0.0132069
660,1,-0.0118277
660,2,-0.00834528
660,3,-0.00197532
660,4,-8.90895e-05
660,5,-0.00362275
660,6,-0.00519191
660,7,0.000432402
660,8,0.00630034
660,9,0.00149416
660,10,0.00033979
660,11,-0.000294934
660,12,-0.000435788
660,13,0.00660172
660,14,0.0111148
660,15,0.00506069
660,16,0.144852
660,17,0.0526227
660,18,0.0123935
660,19,-0.00376978
660,20,-0.0109864
661,1,-0.0116298
661,2,-0.0091181
661,3,-0.0398746
661,4,0.0128655
661,5,0.000256834
661,6,-0.00390985
661,7,-0.000589305
661,8,0.00467925
661,9,0.038683
661,10,-0.0279192
661,11,-0.0289344
661,12,-0.0292164
661,13,-0.00182607
661,14,0.00806985
661,15,0.00576873
661,16,0.0530901
661,17,0.0527326
661,18,0.0533236
661,19,0.00966396
661,20,-0.0061275
662,1,-0.0103351
662,2,-0.00940445
662,3,-0.00221377
662,4,-0.000486063
662,5,8.20348e-05
662,6,-0.00297058
662,7,-0.00114961
662,8,0.00330775
662,9,0.000779251
662,10,0.000182386
662,11,9.14241e-06
662,12,-3.16025e-05
662,13,-0.00140385
662,14,0.00584075
662,15,0.00578567
662,16,0.0517226
662,17,0.052495
662,18,0.0123527
662,19,0.0102966
662,20,-0.00226301
663,1,-0.0084358
663,2,-0.00917653
663,3,-0.002158
663,4,-0.000549832
663,5,-6.66398e-05
663,6,-0.0022873
663,7,-0.0014173
663,8,0.00219598
663,9,0.000515521
663,10,0.000122478
663,11,7.09246e-05
663,12,5.87979e-05
663,13,-0.00105969
663,14,0.00421711
663,15,0.0054166
663,16,-0.0910692
663,17,0.0187152
663,18,0.00440238
663,19,0.00890973
663,20,0.00036587
664,1,-0.00636482
664,2,-0.00851495
664,3,-0.00196805
664,4,-0.00172019
664,5,-0.00045571
664,6,-0.00185634
664,7,-0.0015206
664,8,0.00132149
664,9,0.000275585
664,10,0.000100153
664,11,0.0012826
664,12,0.00156087
664,13,-0.00044309
664,14,0.0031206
664,15,0.00487636
664,16,-0.206974
664,17,-0.0343881
664,18,-0.00812694
664,19,0.0049011
664,20,0.00143298
665,1,-0.00453004
665,2,-0.00757733
665,3,0.19898
665,4,-0.112503
665,5,-0.0268197
665,6,-0.00773007
665,7,-0.00298165
665,8,0.000308984
665,9,-0.200313
665,10,0.153169
665,11,0.195234
665,12,0.205213
665,13,0.0479465
665,14,0.0136679
665,15,0.00694495
665,16,-0.114857
665,17,-0.0533218
665,18,-0.210952
665,19,-0.0458879
665,20,-0.00970134
666,1,-0.00574682
666,2,-0.00714662
666,3,-0.00175571
666,4,0.00216098
666,5,-0.0200007
666,6,-0.0106173
666,7,-0.00477827
666,8,-0.000888018
666,9,-0.000134586
666,10,-9.8965e-05
666,11,-0.00348891
666,12,-0.0044161
666,13,0.0356259
666,14,0.0188345
666,15,0.00974248
666,16,0.177967
666,17,0.0010991
666,18,0.00033468
666,19,-0.035012
666,20,-0.0156568
667,1,-0.00807857
667,2,-0.0073659
667,3,-0.154146
667,4,0.144697
667,5,0.0187516
667,6,-0.00370696
667,7,-0.0045262
667,8,-0.00174406
667,9,0.15287
667,10,-0.117204
667,11,-0.208888
667,12,-0.230701
667,13,-0.0270394
667,14,0.00804061
667,15,0.00934204
667,16,0.117727
667,17,0.0285409
667,18,0.159781
667,19,0.0108215
667,20,-0.00942659
668,1,-0.00839575
668,2,-0.00760822
668,3,-0.00179172
668,4,-0.000371792
668,5,0.014252
668,6,0.000518674
668,7,-0.00333917
668,8,-0.00211938
668,9,-0.000497126
668,10,-0.000118592
668,11,-7.17092e-05
668,12,-5.88348e-05
668,13,-0.020691
668,14,0.00128023
668,15,0.00744515
668,16,0.0624836
668,17,0.0365274
668,18,0.00859622
668,19,0.0102979
668,20,-0.00478553
669,1,-0.00754629
669,2,-0.00759365
669,3,-0.00176424
669,4,-0.00121464
669,5,0.0106128
669,6,0.00289376
669,7,-0.0018726
669,8,-0.00206131
669,9,-0.000507426
669,10,-9.69585e-05
669,11,0.000777773
669,12,0.000983561
669,13,-0.0155911
669,14,-0.00268949
669,15,0.00506052
669,16,-0.203782
669,17,-0.020016
669,18,-0.00473243
669,19,0.00676138
669,20,-0.00206861
670,1,-0.00625742
670,2,-0.00727924
670,3,-0.00378844
670,4,0.0618276
670,5,0.0226633
670,6,0.00754542
670,7,0.000343405
670,8,-0.0014955
670,9,0.00173999
670,10,-0.00167814
670,11,-0.062987
670,12,-0.0774723
670,13,-0.0301514
670,14,-0.00915112
670,15,0.00171661
670,16,0.0627434
670,17,-0.000543208
670,18,0.00199456
670,19,0.00563977
670,20,-0.00025487
671,1,-0.00484506
671,2,-0.00670649
671,3,-0.00220039
671,4,0.0156953
671,5,0.0210238
671,6,0.0107168
671,7,0.0027842
671,8,-0.00048851
671,9,0.000511143
671,10,-0.000505929
671,11,-0.0162489
671,12,-0.0189522
671,13,-0.0275163
671,14,-0.0134723
671,15,-0.00185726
671,16,0.165462
671,17,0.0385168
671,18,0.00968841
671,19,0.00659239
671,20,0.00135625
672,1,-0.00338593
672,2,-0.00592518
672,3,-0.00142603
672,4,0.000750905
672,5,0.0162537
672,6,0.0120196
672,7,0.00495724
672,8,0.000792843
672,9,0.000218519
672,10,1.94478e-05
672,11,-0.00107999
672,12,-0.00132957
672,13,-0.0213547
672,14,-0.015327
672,15,-0.00502661
672,16,0.189359
672,17,0.0740092
672,18,0.0174453
672,19,0.00914603
672,20,0.00318914
673,1,-0.00183885
673,2,-0.00496369
673,3,-0.0164813
673,4,0.183516
673,5,0.0556094
673,6,0.022276
673,7,0.00903225
673,8,0.00273153
673,9,0.0160379
673,10,-0.0116378
673,11,-0.190021
673,12,-0.231909
673,13,-0.0708968
673,14,-0.0284023
673,15,-0.0105268
673,16,0.148209
673,17,0.0914681
673,18,0.0357937
673,19,0.0154161
673,20,0.00606606
674,1,2.11287e-05
674,2,-0.00379079
674,3,-0.000894737
674,4,-0.000142181
674,5,0.0424914
674,6,0.0270326
674,7,0.0132676
674,8,0.00521061
674,9,0.00122881
674,10,0.000286329
674,11,-4.47063e-08
674,12,-6.1778e-05
674,13,-0.0542297
674,14,-0.0344793
674,15,-0.0161627
674,16,0.0671391
674,17,0.0857436
674,18,0.0201777
674,19,0.0165364
674,20,0.00852968
675,1,0.00202314
675,2,-0.00242281
675,3,-0.000297851
675,4,-0.00958519
675,5,0.0302381
675,6,0.0277868
675,7,0.0166839
675,8,0.00791021
675,9,0.00158877
675,10,0.000645226
675,11,0.00967258
675,12,0.0117991
675,13,-0.0386935
675,14,-0.0354709
675,15,-0.0207058
675,16,-0.150855
675,17,0.0300734
675,18,0.00679002
675,19,0.0142432
675,20,0.00987403
676,1,0.00387041
676,2,-0.000942052
676,3,-0.000234956
676,4,0.000432497
676,5,0.023225
676,6,0.0267134
676,7,0.0190438
676,8,0.0105299
676,9,0.00249089
676,10,0.000572773
676,11,-0.00035313
676,12,-0.000573891
676,13,-0.0297242
676,14,-0.0341187
676,15,-0.0238618
676,16,0.194921
676,17,0.0688611
676,18,0.0162158
676,19,0.0147073
676,20,0.0110113
677,1,0.00555061
677,2,0.000585634
677,3,0.083294
677,4,-0.182073
677,5,-0.0250805
677,6,0.0145266
677,7,0.0179809
677,8,0.0122831
677,9,-0.0810983
677,10,0.0637778
677,11,0.216692
677,12,0.252634
677,13,0.0367131
677,14,-0.0174524
677,15,-0.0223537
677,16,-0.0165788
677,17,0.0487576
677,18,-0.0777127
677,19,-0.00703858
677,20,0.00676425
678,1,0.00583617
678,2,0.00182106
678,3,0.000426677
678,4,0.000185925
678,5,-0.0191355
678,6,0.00660614
678,7,0.0153045
678,8,0.012994
678,9,0.00305921
678,10,0.000718051
678,11,7.66966e-05
678,12,-8.18409e-05
678,13,0.0280555
678,14,-0.00674469
678,15,-0.018681
678,16,0.0954581
678,17,0.0597459
678,18,0.0140597
678,19,-0.00207429
678,20,0.00468459
679,1,0.00556521
679,2,0.00270203
679,3,0.00064018
679,4,-6.946e-06
679,5,-0.0146346
679,6,0.00160832
679,7,0.0120819
679,8,0.0127794
679,9,0.00300248
679,10,0.000710872
679,11,0.000324742
679,12,0.000233948
679,13,0.0215092
679,14,-9.67097e-05
679,15,-0.0143082
679,16,-0.199337
679,17,-0.00121487
679,18,-0.000290351
679,19,-0.00165454
679,20,0.00319303
680,1,0.00500705
680,2,0.00324439
680,3,0.167153
680,4,-0.0611914
680,5,-0.0255892
680,6,-0.00479109
680,7,0.00811177
680,8,0.0116811
680,9,-0.162605
680,10,0.128149
680,11,0.130771
680,12,0.131361
680,13,0.0473566
680,14,0.0110688
680,15,-0.00833715
680,16,-0.0964387
680,17,-0.0236205
680,18,-0.171848
680,19,-0.0417
680,20,-0.00737004
681,1,0.0020948
681,2,0.0029739
681,3,0.00058091
681,4,0.00377854
681,5,-0.0186791
681,6,-0.00805886
681,7,0.00430691
681,8,0.00994601
681,9,0.00245784
681,10,0.000469533
681,11,-0.00462011
681,12,-0.00582836
681,13,0.0348425
681,14,0.0166626
681,15,-0.00245486
681,16,0.166576
681,17,0.0211316
681,18,0.00509225
681,19,-0.0306901
681,20,-0.0128571
682,1,-0.0014233
682,2,0.00193926
682,3,-0.0118057
682,4,0.171659
682,5,0.0261063
682,6,-1.99969e-05
682,7,0.00328882
682,8,0.00837961
682,9,0.0140743
682,10,-0.00894454
682,11,-0.176201
682,12,-0.215065
682,13,-0.0239592
682,14,0.00710452
682,15,-0.000205596
682,16,0.147017
682,17,0.0507516
682,18,0.0239079
682,19,-0.0178435
682,20,-0.0140304
683,1,-0.00438967
683,2,0.000450102
683,3,0.000102289
683,4,0.000113349
683,5,0.0199903
683,6,0.00468831
683,7,0.00361811
683,8,0.00725926
683,9,0.00171167
683,10,0.000399113
683,11,5.51043e-06
683,12,-7.99464e-05
683,13,-0.0183405
683,14,0.00111744
683,15,0.000105708
683,16,0.0844315
683,17,0.0586763
683,18,0.0138097
683,19,-0.0103957
683,20,-0.0131752
684,1,-0.00645684
684,2,-0.00117506
684,3,0.00116039
684,4,-0.045273
684,5,0.00463425
684,6,0.00467559
684,7,0.00386693
684,8,0.00646106
684,9,7.48816e-05
684,10,0.00145311
684,11,0.0458624
684,12,0.05633
684,13,-0.000771006
684,14,0.000673103
684,15,0.000239213
684,16,-0.105624
684,17,0.0200173
684,18,0.00320646
684,19,-0.00719517
684,20,-0.0117681
685,1,-0.00770655
685,2,-0.00271188
685,3,-0.000642208
685,4,1.23328e-05
685,5,0.00354674
685,6,0.00440998
685,7,0.00399471
685,8,0.00588074
685,9,0.00138782
685,10,0.000322425
685,11,-8.78057e-05
685,12,-0.000188477
685,13,-0.000633941
685,14,0.000365564
685,15,0.000268942
685,16,0.196103
685,17,0.0614493
685,18,0.0144628
685,19,-0.00209919
685,20,-0.00949306
686,1,-0.00812691
686,2,-0.00398601
686,3,-0.000808981
686,4,-0.00475147
686,5,0.00159422
686,6,0.00374745
686,7,0.00393653
686,8,0.00542328
686,9,0.00114694
686,10,0.000398485
686,11,0.00465619
686,12,0.00565975
686,13,0.000846928
686,14,0.000478826
686,15,0.000318327
686,16,-0.125555
686,17,0.0174482
686,18,0.00397238
686,19,-0.000670584
686,20,-0.00741718
687,1,-0.00795991
687,2,-0.00492104
687,3,-0.00119674
687,4,0.00112695
687,5,0.00148428
687,6,0.00321494
687,7,0.00376674
687,8,0.00503351
687,9,0.00122318
687,10,0.000248867
687,11,-0.00134954
687,12,-0.00173022
687,13,0.000240539
687,14,0.000422758
687,15,0.000342899
687,16,0.179205
687,17,0.0555087
687,18,0.0130995
687,19,0.00256943
687,20,-0.00506739
688,1,-0.00727932
688,2,-0.00547593
688,3,-0.0340329
688,4,0.011764
688,5,0.00390304
688,6,0.00337684
688,7,0.003675
688,8,0.00471386
688,9,0.0338617
688,10,-0.0243348
688,11,-0.0255657
688,12,-0.0259718
688,13,-0.00592706
688,14,-0.00107132
688,15,1.01422e-05
688,16,0.0612936
688,17,0.0568699
688,18,0.0497665
688,19,0.0136746
688,20,-0.000657508
689,1,-0.00572125
689,2,-0.00553365
689,3,-0.00130325
689,4,-0.000262576
689,5,0.00292289
689,6,0.00327003
689,7,0.00357971
689,8,0.004447
689,9,0.00104757
689,10,0.000245259
689,11,1.48222e-05
689,12,-3.9364e-05
689,13,-0.00454172
689,14,-0.00188788
689,15,-0.000436452
689,16,0.05834
689,17,0.0572158
689,18,0.0134637
689,19,0.013625
689,20,0.00270308
690,1,-0.00373905
690,2,-0.00511139
690,3,-0.00119987
690,4,-0.000382596
690,5,0.00214513
690,6,0.00300535
690,7,0.00344457
690,8,0.00421114
690,9,0.000988042
690,10,0.000235289
690,11,0.000155691
690,12,0.000136975
690,13,-0.00344085
690,14,-0.00225329
690,15,-0.000863942
690,16,-0.157589
690,17,0.00667342
690,18,0.00156736
690,19,0.0107879
690,20,0.00460539
691,1,-0.00177565
691,2,-0.00432651
691,3,0.020281
691,4,-0.194921
691,5,-0.0442234
691,6,-0.00810731
691,7,0.000726481
691,8,0.00339122
691,9,-0.0204806
691,10,0.0163414
691,11,0.203591
691,12,0.247654
691,13,0.0556403
691,14,0.0113687
691,15,0.00201434
691,16,-0.136469
691,17,-0.0270071
691,18,-0.0276893
691,19,0.00173444
691,20,0.00392987
692,1,-0.000433176
692,2,-0.00341043
692,3,-0.00119345
692,4,0.0307829
692,5,-0.0265749
692,6,-0.0124526
692,7,-0.00237448
692,8,0.00203458
692,9,0.000869935
692,10,-0.000182173
692,11,-0.0323921
692,12,-0.0474116
692,13,0.0313928
692,14,0.0160803
692,15,0.00532397
692,16,0.119143
692,17,0.0073811
692,18,0.00213564
692,19,0.00182884
692,20,0.00343551
693,1,0.000477103
693,2,-0.00249572
693,3,-0.00129879
693,4,0.0206476
693,5,-0.0154637
693,6,-0.0131611
693,7,-0.00491251
693,8,0.000399971
693,9,0.00080635
693,10,-0.000523952
693,11,-0.0209238
693,12,-0.0243552
693,13,0.0182756
693,14,0.0165968
693,15,0.00797641
693,16,0.180908
693,17,0.0482109
693,18,0.0120533
693,19,0.0042346
693,20,0.00362353
694,1,0.00121744
694,2,-0.00162203
694,3,-0.000402507
694,4,0.00060708
694,5,-0.0116824
694,6,-0.0128132
694,7,-0.00677149
694,8,-0.00128743
694,9,-0.000282056
694,10,-8.72462e-05
694,11,-0.000721747
694,12,-0.00086402
694,13,0.0137722
694,14,0.0159322
694,15,0.00984836
694,16,0.169468
694,17,0.0767419
694,18,0.0180774
694,19,0.00749172
694,20,0.0045337
695,1,0.00199774
695,2,-0.000770324
695,3,-0.155537
695,4,0.143166
695,5,0.0247526
695,6,-0.00397415
695,7,-0.00611329
695,8,-0.00242293
695,9,0.155097
695,10,-0.119006
695,11,-0.207795
695,12,-0.228724
695,13,-0.0432857
695,14,0.00199858
695,15,0.00800135
695,16,0.11451
695,17,0.0856286
695,18,0.167363
695,19,0.0451084
695,20,0.0140807
696,1,0.00484078
696,2,0.000549936
696,3,0.000128089
696,4,7.24593e-05
696,5,0.0189455
696,6,0.00141872
696,7,-0.00434106
696,8,-0.00287425
696,9,-0.000674987
696,10,-0.000160187
696,11,-7.50022e-05
696,12,-5.34845e-05
696,13,-0.0331134
696,14,-0.00626307
696,15,0.00464502
696,16,0.0552588
696,17,0.0784827
696,18,0.0184678
696,19,0.0388401
696,20,0.0199064
697,1,0.00838564
697,2,0.00239363
697,3,0.000573536
697,4,-0.000233988
697,5,0.0144327
697,6,0.00448083
697,7,-0.00226532
697,8,-0.00273097
697,9,-0.000652902
697,10,-0.000143291
697,11,0.000335224
697,12,0.000447795
697,13,-0.0252167
697,14,-0.0107227
697,15,0.00102908
697,16,-0.208408
697,17,0.010979
697,18,0.00257264
697,19,0.0303065
697,20,0.0223535
698,1,0.0116722
698,2,0.00457682
698,3,-0.160526
698,4,0.139716
698,5,0.0439111
698,6,0.0137585
698,7,0.001505
698,8,-0.00173427
698,9,0.16123
698,10,-0.123348
698,11,-0.206483
698,12,-0.226014
698,13,-0.072463
698,14,-0.0252499
698,15,-0.0051542
698,16,-0.00492265
698,17,0.00723741
698,18,0.161906
698,19,0.0612711
698,20,0.0315106
699,1,0.0163401
699,2,0.00734464
699,3,0.00166667
699,4,0.00227979
699,5,0.0341155
699,6,0.0185484
699,7,0.00551522
699,8,-2.85105e-05
699,9,5.46826e-05
699,10,-5.35725e-05
699,11,-0.00152475
699,12,-0.00177773
699,13,-0.0558312
699,14,-0.0324455
699,15,-0.0115757
699,16,0.18715
699,17,0.0495698
699,18,0.0117248
699,19,0.0496131
699,20,0.03577
