t,unit,output
500,1,0.0287561
500,2,0.0414702
500,3,0.0352069
500,4,0.0100546
500,5,0.0104597
500,6,0.0284316
500,7,0.0339326
500,8,0.0449634
500,9,0.0375452
500,10,0.0474783
500,11,0.0545162
500,12,0.0480271
500,13,0.039955
500,14,0.036357
500,15,0.0398187
500,16,0.0492997
500,17,0.0315384
500,18,0.0290687
500,19,0.0417223
500,20,0.0260362
501,1,0.0348879
501,2,0.0495697
501,3,0.0424735
501,4,0.0114022
501,5,0.011088
501,6,0.0325712
501,7,0.0397629
501,8,0.0531189
501,9,0.0451083
501,10,0.0568969
501,11,0.0653514
501,12,0.0595766
501,13,0.0496891
501,14,0.0452451
501,15,0.0487959
501,16,0.0595101
501,17,0.0384167
501,18,0.0353007
501,19,0.0498665
501,20,0.031236
502,1,0.0353542
502,2,0.0453514
502,3,0.0391445
502,4,0.0151273
502,5,0.0137809
502,6,0.0293599
502,7,0.0346172
502,8,0.0451904
502,9,0.0393423
502,10,0.0486898
502,11,0.0556955
502,12,0.0569892
502,13,0.0477352
502,14,0.0469052
502,15,0.0472545
502,16,0.054205
502,17,0.0373624
502,18,0.0366751
502,19,0.0462597
502,20,0.0311189
503,1,0.0313438
503,2,0.0362705
503,3,0.031268
503,4,0.0158854
503,5,0.0151839
503,6,0.0238045
503,7,0.0263842
503,8,0.0329473
503,9,0.0290762
503,10,0.0351062
503,11,0.0398485
503,12,0.0455621
503,13,0.038481
503,14,0.0412891
503,15,0.0394538
503,16,0.042594
503,17,0.0310571
503,18,0.0329298
503,19,0.0374226
503,20,0.026805
504,1,0.0263322
504,2,0.0293419
504,3,0.0251084
504,4,0.0139431
504,5,0.0143567
504,6,0.0199611
504,7,0.0211869
504,8,0.0255424
504,9,0.0223064
504,10,0.0265289
504,11,0.0298682
504,12,0.0350995
504,13,0.0298241
504,14,0.0336457
504,15,0.031834
504,16,0.0337064
504,17,0.0249462
504,18,0.0276074
504,19,0.0303196
504,20,0.02214
505,1,0.0229193
505,2,0.0267465
505,3,0.0227195
505,4,0.0117403
505,5,0.0126125
505,6,0.0188214
505,7,0.0200993
505,8,0.0244419
505,9,0.0208354
505,10,0.0250431
505,11,0.028221
505,12,0.0305138
505,13,0.0258119
505,14,0.0284232
505,15,0.0277513
505,16,0.0304521
505,17,0.0218819
505,18,0.0237904
505,19,0.027436
505,20,0.0195048
506,1,0.0232928
506,2,0.0306505
506,3,0.0259251
506,4,0.0104185
506,5,0.0111498
506,6,0.0217187
506,7,0.0244476
506,8,0.0311784
506,9,0.0260456
506,10,0.0323069
506,11,0.0368142
506,12,0.0347141
506,13,0.0290121
506,14,0.0288158
506,15,0.0300463
506,16,0.0355399
506,17,0.0239125
506,18,0.0238718
506,19,0.0311087
506,20,0.0206417
507,1,0.0288604
507,2,0.0418936
507,3,0.0355628
507,4,0.00987552
507,5,0.0103003
507,6,0.0286934
507,7,0.0343492
507,8,0.0456013
507,9,0.0380488
507,10,0.0481712
507,11,0.0553309
507,12,0.0484586
507,13,0.0403042
507,14,0.0364747
507,15,0.0401196
507,16,0.0498472
507,17,0.0317631
507,18,0.0291327
507,19,0.0421172
507,20,0.0261626
508,1,0.0352264
508,2,0.050178
508,3,0.0430131
508,4,0.0113192
508,5,0.0109795
508,6,0.0328756
508,7,0.0402487
508,8,0.0538415
508,9,0.0457404
508,10,0.0577201
508,11,0.0663076
508,12,0.060358
508,13,0.0503421
508,14,0.0457197
508,15,0.049381
508,16,0.0602884
508,17,0.0388562
508,18,0.035615
508,19,0.0504561
508,20,0.0315352
509,1,0.0357177
509,2,0.0458388
509,3,0.039579
509,4,0.0152141
509,5,0.0138026
509,6,0.0295975
509,7,0.0349537
509,8,0.0456689
509,9,0.039781
509,10,0.0492441
509,11,0.0563353
509,12,0.0576762
509,13,0.0483142
509,14,0.0474494
509,15,0.0478028
509,16,0.0548272
509,17,0.0377817
509,18,0.0370594
509,19,0.0467592
509,20,0.0314378
510,1,0.0315974
510,2,0.0364905
510,3,0.0314666
510,4,0.0160302
510,5,0.0152877
510,6,0.0238992
510,7,0.0264854
510,8,0.0330647
510,9,0.0292069
510,10,0.0352508
510,11,0.0400104
510,12,0.045899
510,13,0.0387737
510,14,0.0416656
510,15,0.0397654
510,16,0.0428656
510,17,0.0312919
510,18,0.0332144
510,19,0.0376643
510,20,0.0270075
511,1,0.0263548
511,2,0.0291568
511,3,0.0249597
511,4,0.0140326
511,5,0.0144509
511,6,0.0198049
511,7,0.0209512
511,8,0.0251724
511,9,0.022026
511,10,0.026133
511,11,0.029399
511,12,0.034899
511,13,0.0296769
511,14,0.0336731
511,15,0.0317482
511,16,0.033457
511,17,0.024862
511,18,0.0276462
511,19,0.0301481
511,20,0.0221042
512,1,0.0226121
512,2,0.0260685
512,3,0.0221488
512,4,0.0117121
512,5,0.012625
512,6,0.0183516
512,7,0.0194693
512,8,0.0235244
512,9,0.020088
512,10,0.0240454
512,11,0.0270512
512,12,0.0296671
512,13,0.02513
512,14,0.0279777
512,15,0.0271613
512,16,0.0295821
512,17,0.0213962
512,18,0.0234795
512,19,0.0267579
512,20,0.0191539
513,1,0.0228859
513,2,0.0300954
513,3,0.0254353
513,4,0.0102666
513,5,0.0110527
513,6,0.0213884
513,7,0.0240166
513,8,0.0305807
513,9,0.0255053
513,10,0.0316282
513,11,0.036027
513,12,0.0339071
513,13,0.0283415
513,14,0.0282203
513,15,0.0294459
513,16,0.0348376
513,17,0.0234335
513,18,0.0234488
513,19,0.0305433
513,20,0.0202719
514,1,0.0286985
514,2,0.0419204
514,3,0.0355706
514,4,0.00965849
514,5,0.0101232
514,6,0.0287331
514,7,0.0344575
514,8,0.0458042
514,9,0.0381681
514,10,0.0483738
514,11,0.0555782
514,12,0.0483545
514,13,0.0402035
514,14,0.0362091
514,15,0.0400061
514,16,0.0498917
514,17,0.0316723
514,18,0.0289312
514,19,0.0421165
514,20,0.0260558
515,1,0.0353817
515,2,0.0506278
515,3,0.0434068
515,4,0.0111298
515,5,0.0107943
515,6,0.0331069
515,7,0.040654
515,8,0.0544708
515,9,0.0462661
515,10,0.0584281
515,11,0.067137
515,12,0.0608762
515,13,0.0507683
515,14,0.0459152
515,15,0.0497382
515,16,0.06087
515,17,0.0391213
515,18,0.0357246
515,19,0.0508731
515,20,0.031687
516,1,0.0358353
516,2,0.045959
516,3,0.0397047
516,4,0.0152683
516,5,0.0137769
516,6,0.0296025
516,7,0.0349995
516,8,0.0457575
516,9,0.0399006
516,10,0.0493888
516,11,0.0565067
516,12,0.0579632
516,13,0.0485543
516,14,0.0476746
516,15,0.0479897
516,16,0.0550049
516,17,0.0379349
516,18,0.0371981
516,19,0.0468903
516,20,0.0315454
517,1,0.0315452
517,2,0.0362569
517,3,0.0312776
517,4,0.0160858
517,5,0.0153162
517,6,0.0237012
517,7,0.0262211
517,8,0.0326864
517,9,0.0289206
517,10,0.0348649
517,11,0.0395633
517,12,0.0456966
517,13,0.0386194
517,14,0.0416378
517,15,0.0396334
517,16,0.0425878
517,17,0.031178
517,18,0.0331847
517,19,0.0374472
517,20,0.0269291
518,1,0.026154
518,2,0.0287715
518,3,0.0246301
518,4,0.0139886
518,5,0.0144311
518,6,0.0195384
518,7,0.0205985
518,8,0.024668
518,9,0.0216046
518,10,0.025583
518,11,0.0287588
518,12,0.0344047
518,13,0.0292798
518,14,0.0333991
518,15,0.03141
518,16,0.0329781
518,17,0.0245801
518,18,0.0274483
518,19,0.0297671
518,20,0.0218924
519,1,0.0224473
519,2,0.0259153
519,3,0.0220058
519,4,0.0116106
519,5,0.0125508
519,6,0.0182716
519,7,0.0193739
519,8,0.0234037
519,9,0.019955
519,10,0.0238946
519,11,0.0268788
519,12,0.0293875
519,13,0.0248948
519,14,0.0277296
519,15,0.0269563
519,16,0.0293921
519,17,0.0212329
519,18,0.0233047
519,19,0.0265987
519,20,0.0190201
520,1,0.0227778
520,2,0.0300072
520,3,0.025359
520,4,0.0102008
520,5,0.0109841
520,6,0.0213341
520,7,0.0239695
520,8,0.0305365
520,9,0.0254594
520,10,0.0315817
520,11,0.0359779
520,12,0.0337811
520,13,0.0282288
520,14,0.0280624
520,15,0.0293175
520,16,0.0347321
520,17,0.0233415
520,18,0.0233292
520,19,0.0304467
520,20,0.0201897
521,1,0.0287593
521,2,0.0421381
521,3,0.0357546
521,4,0.00957235
521,5,0.0100429
521,6,0.0288624
521,7,0.0346655
521,8,0.0461238
521,9,0.0384237
521,10,0.0487246
521,11,0.055991
521,12,0.0485877
521,13,0.0403934
521,14,0.036283
521,15,0.0401676
521,16,0.0501736
521,17,0.0317924
521,18,0.0289713
521,19,0.0423195
521,20,0.0261242
522,1,0.0359156
522,2,0.0516835
522,3,0.0443171
522,4,0.0108851
522,5,0.0106044
522,6,0.0336873
522,7,0.0415389
522,8,0.0557646
522,9,0.0473422
522,10,0.0598492
522,11,0.0687851
522,12,0.0620526
522,13,0.0517579
522,14,0.0465996
522,15,0.0506833
522,16,0.0621963
522,17,0.039801
522,18,0.0361911
522,19,0.0518823
522,20,0.0321458
523,1,0.0363254
523,2,0.0465709
523,3,0.0402648
523,4,0.0154127
523,5,0.0138099
523,6,0.0298729
523,7,0.0353988
523,8,0.0463289
523,9,0.040452
523,10,0.0500712
523,11,0.0572923
523,12,0.0588791
523,13,0.049324
523,14,0.0484159
523,15,0.0487057
523,16,0.0557871
523,17,0.0384923
523,18,0.0377252
523,19,0.0475225
523,20,0.031974
524,1,0.031749
524,2,0.0362449
524,3,0.0312881
524,4,0.0162869
524,5,0.0154612
524,6,0.0236087
524,7,0.0260671
524,8,0.0324316
524,9,0.0287683
524,10,0.0346237
524,11,0.0392752
524,12,0.0458098
524,13,0.0387378
524,14,0.0419638
524,15,0.0397956
524,16,0.042568
524,17,0.0312877
524,18,0.0334335
524,19,0.0374676
524,20,0.0270505
525,1,0.0262588
525,2,0.02884
525,3,0.024677
525,4,0.0140477
525,5,0.0145189
525,6,0.0195864
525,7,0.0206122
525,8,0.0246484
525,9,0.0215728
525,10,0.0255348
525,11,0.0286947
525,12,0.0343998
525,13,0.0292908
525,14,0.0335151
525,15,0.0315061
525,16,0.03304
525,17,0.0246354
525,18,0.0275681
525,19,0.0298492
525,20,0.0219629
526,1,0.0223631
526,2,0.0256392
526,3,0.0217774
526,4,0.0116357
526,5,0.0125967
526,6,0.0180761
526,7,0.0191001
526,8,0.0229895
526,9,0.0196244
526,10,0.0234397
526,11,0.0263406
526,12,0.029027
526,13,0.024606
526,14,0.0275757
526,15,0.0267229
526,16,0.0290174
526,17,0.0210429
526,18,0.023218
526,19,0.0263228
526,20,0.0188983
527,1,0.0222707
527,2,0.0289968
527,3,0.0245079
527,4,0.0101708
527,5,0.0109794
527,6,0.0206581
527,7,0.0230685
527,8,0.0292457
527,9,0.0244082
527,10,0.030187
527,11,0.034349
527,12,0.032575
527,13,0.0272409
527,14,0.0273525
527,15,0.0284049
527,16,0.0334451
527,17,0.0226195
527,18,0.022819
527,19,0.0294351
527,20,0.019661
528,1,0.0283539
528,2,0.0417753
528,3,0.0354119
528,4,0.00933897
528,5,0.00988579
528,6,0.0286949
528,7,0.0344599
528,8,0.0458688
528,9,0.038129
528,10,0.0484009
528,11,0.0556277
528,12,0.0479435
528,13,0.0398474
528,14,0.0356824
528,15,0.0396729
528,16,0.0497269
528,17,0.0313959
528,18,0.0285369
528,19,0.0419375
528,20,0.0257967
529,1,0.0361359
529,2,0.0524729
529,3,0.0449891
529,4,0.010446
529,5,0.0102593
529,6,0.03413
529,7,0.0422876
529,8,0.0569111
529,9,0.0482571
529,10,0.0610982
529,11,0.0702465
529,12,0.0628121
529,13,0.0523858
529,14,0.046818
529,15,0.0512503
529,16,0.063202
529,17,0.0401954
529,18,0.0363092
529,19,0.0526019
529,20,0.0323559
530,1,0.0367434
530,2,0.0472946
530,3,0.0409181
530,4,0.0153962
530,5,0.0136839
530,6,0.0302148
530,7,0.0359567
530,8,0.0471753
530,9,0.041214
530,10,0.0510597
530,11,0.0584438
530,12,0.0598999
530,13,0.0501681
530,14,0.0490514
530,15,0.0494355
530,16,0.0567305
530,17,0.0390669
530,18,0.0381477
530,19,0.0482426
530,20,0.0323745
531,1,0.0322006
531,2,0.0368334
531,3,0.0318067
531,4,0.0164569
531,5,0.0155326
531,6,0.0239113
531,7,0.0264696
531,8,0.0330003
531,9,0.0292866
531,10,0.0352823
531,11,0.0400402
531,12,0.0466601
531,13,0.0394511
531,14,0.0426512
531,15,0.0404687
531,16,0.0433221
531,17,0.0318121
531,18,0.033924
531,19,0.0380811
531,20,0.0274589
532,1,0.0265841
532,2,0.0291226
532,3,0.024929
532,4,0.0142391
532,5,0.0146703
532,6,0.0197219
532,7,0.0207502
532,8,0.0248044
532,9,0.0217406
532,10,0.0257204
532,11,0.0289033
532,12,0.0348222
532,13,0.0296586
532,14,0.0339895
532,15,0.0319001
532,16,0.0333859
532,17,0.0249331
532,18,0.0279301
532,19,0.0301589
532,20,0.0222221
533,1,0.0225744
533,2,0.0258119
533,3,0.0219238
533,4,0.0117599
533,5,0.01273
533,6,0.0181805
533,7,0.0191862
533,8,0.0230647
533,9,0.0196955
533,10,0.0235081
533,11,0.0264097
533,12,0.0292139
533,13,0.0247759
533,14,0.0278471
533,15,0.0269499
533,16,0.0292075
533,17,0.0212083
533,18,0.0234489
533,19,0.0265116
533,20,0.019058
534,1,0.0224014
534,2,0.0291023
534,3,0.0245963
534,4,0.0102478
534,5,0.0110752
534,6,0.0207332
534,7,0.0231286
534,8,0.0292938
534,9,0.024449
534,10,0.0302215
534,11,0.0343794
534,12,0.0326575
534,13,0.0273167
534,14,0.0274935
534,15,0.0285247
534,16,0.0335451
534,17,0.0227081
534,18,0.022955
534,19,0.0295459
534,20,0.0197561
535,1,0.0284309
535,2,0.0418364
535,3,0.0354631
535,4,0.00938568
535,5,0.00994886
535,6,0.0287439
535,7,0.0344988
535,8,0.0458992
535,9,0.0381541
535,10,0.0484208
535,11,0.0556437
535,12,0.0479816
535,13,0.0398818
535,14,0.0357523
535,15,0.0397319
535,16,0.0497754
535,17,0.0314403
535,18,0.0286119
535,19,0.0419976
535,20,0.0258499
536,1,0.0364167
536,2,0.0529984
536,3,0.0454375
536,4,0.0103264
536,5,0.0102005
536,6,0.0344352
536,7,0.0427301
536,8,0.0575398
536,9,0.0487708
536,10,0.0617721
536,11,0.0710232
536,12,0.0633427
536,13,0.0528349
536,14,0.0471407
536,15,0.0517044
536,16,0.0638378
536,17,0.0405142
536,18,0.0365467
536,19,0.0530983
536,20,0.0325818
537,1,0.0373034
537,2,0.048269
537,3,0.041759
537,4,0.0153593
537,5,0.0136397
537,6,0.0307845
537,7,0.0367582
537,8,0.0483156
537,9,0.0421718
537,10,0.0523041
537,11,0.0598794
537,12,0.0610338
537,13,0.0511128
537,14,0.0497887
537,15,0.0503433
537,16,0.0579361
537,17,0.0397534
537,18,0.0386845
537,19,0.0491988
537,20,0.0328805
538,1,0.032738
538,2,0.0375037
538,3,0.0324019
538,4,0.0166746
538,5,0.015663
538,6,0.0242767
538,7,0.0269407
538,8,0.0336437
538,9,0.0298777
538,10,0.0360143
538,11,0.040881
538,12,0.0475986
538,13,0.0402347
538,14,0.0434194
538,15,0.0412145
538,16,0.0441499
538,17,0.0323998
538,18,0.0344947
538,19,0.0387713
538,20,0.0279321
539,1,0.0268202
539,2,0.0291289
539,3,0.0249565
539,4,0.014455
539,5,0.0148576
539,6,0.0196571
539,7,0.0206189
539,8,0.0245617
539,9,0.0216018
539,10,0.0254832
539,11,0.0286139
539,12,0.0349422
539,13,0.0297843
539,14,0.0343293
539,15,0.0320726
539,16,0.0333689
539,17,0.0250488
539,18,0.0281974
539,19,0.0301886
539,20,0.0223552
540,1,0.0225473
540,2,0.0255661
540,3,0.0217131
540,4,0.0118181
540,5,0.0128313
540,6,0.0180082
540,7,0.0189102
540,8,0.0226227
540,9,0.019333
540,10,0.0230096
540,11,0.0258161
540,12,0.0288581
540,13,0.0245044
540,14,0.0277794
540,15,0.0267827
540,16,0.0288674
540,17,0.0210491
540,18,0.0234319
540,19,0.0262756
540,20,0.0189708
541,1,0.0220612
541,2,0.0284166
541,3,0.0240134
541,4,0.0102211
541,5,0.0110911
541,6,0.0202865
541,7,0.022518
541,8,0.0284044
541,9,0.0237109
541,10,0.0292414
541,11,0.0332302
541,12,0.0317728
541,13,0.0265944
541,14,0.0269894
541,15,0.0278928
541,16,0.0326575
541,17,0.0222026
541,18,0.0226124
541,19,0.0288601
541,20,0.0193951
542,1,0.0280275
542,2,0.041319
542,3,0.0350009
542,4,0.00927129
542,5,0.0098779
542,6,0.028467
542,7,0.0341233
542,8,0.0453818
542,9,0.0376734
542,10,0.0478254
542,11,0.0549582
542,12,0.0472297
542,13,0.0392473
542,14,0.0351614
542,15,0.0391467
542,16,0.0491202
542,17,0.0309897
542,18,0.0281972
542,19,0.0414729
542,20,0.0255061
543,1,0.036621
543,2,0.0537528
543,3,0.046072
543,4,0.00986824
543,5,0.00987146
543,6,0.0348668
543,7,0.0434496
543,8,0.0586337
543,9,0.0496289
543,10,0.0629499
543,11,0.0724001
543,12,0.0640099
543,13,0.0533908
543,14,0.0473143
543,15,0.0522281
543,16,0.0647865
543,17,0.0408616
543,18,0.0366402
543,19,0.0537781
543,20,0.0327615
544,1,0.0379472
544,2,0.0494944
544,3,0.0428343
544,4,0.0152237
544,5,0.0134396
544,6,0.0314425
544,7,0.0377674
544,8,0.0498089
544,9,0.0434494
544,10,0.053978
544,11,0.0618224
544,12,0.0625516
544,13,0.0523705
544,14,0.0506851
544,15,0.051483
544,16,0.0594952
544,17,0.0406259
544,18,0.0392973
544,19,0.0503968
544,20,0.0334872
545,1,0.0332149
545,2,0.0379487
545,3,0.0328264
545,4,0.0169381
545,5,0.015772
545,6,0.0244197
545,7,0.0271497
545,8,0.0339378
545,9,0.0302254
545,10,0.0364184
545,11,0.0413478
545,12,0.0484157
545,13,0.0409263
545,14,0.0441792
545,15,0.0418462
545,16,0.0447299
545,17,0.0328977
545,18,0.0350309
545,19,0.0392528
545,20,0.0283315
546,1,0.0271424
546,2,0.0293934
546,3,0.0251848
546,4,0.0146435
546,5,0.0150196
546,6,0.0197815
546,7,0.0207266
546,8,0.0246666
546,9,0.0217145
546,10,0.0256037
546,11,0.0287461
546,12,0.0353026
546,13,0.030108
546,14,0.0347984
546,15,0.0324583
546,16,0.0336901
546,17,0.0253265
546,18,0.0285613
546,19,0.0304848
546,20,0.0226041
547,1,0.0226075
547,2,0.025407
547,3,0.0215851
547,4,0.011927
547,5,0.0129579
547,6,0.0178736
547,7,0.0186878
547,8,0.0222552
547,9,0.0190514
547,10,0.0226048
547,11,0.0253317
547,12,0.0286554
547,13,0.0243593
547,14,0.027839
547,15,0.0267252
547,16,0.0286377
547,17,0.0209845
547,18,0.0235101
547,19,0.0261325
547,20,0.0189606
548,1,0.021781
548,2,0.0277767
548,3,0.023471
548,4,0.0102268
548,5,0.0111372
548,6,0.0198605
548,7,0.0219259
548,8,0.0275314
548,9,0.0229936
548,10,0.0282812
548,11,0.032102
548,12,0.0309531
548,13,0.0259307
548,14,0.0265668
548,15,0.0273263
548,16,0.0318219
548,17,0.0217441
548,18,0.0223327
548,19,0.0282229
548,20,0.0190765
549,1,0.0275305
549,2,0.0405552
549,3,0.0343308
549,4,0.00922011
549,5,0.00985913
549,6,0.0280362
549,7,0.0335189
549,8,0.0445247
549,9,0.0369203
549,10,0.0468618
549,11,0.0538419
549,12,0.0462123
549,13,0.0383946
549,14,0.034452
549,15,0.0383622
549,16,0.0481498
549,17,0.0303907
549,18,0.0277047
549,19,0.0407127
549,20,0.0250669
550,1,0.0367494
550,2,0.0544296
550,3,0.046631
550,4,0.0093609
550,5,0.00952697
550,6,0.0352676
550,7,0.0441235
550,8,0.059663
550,9,0.0504129
550,10,0.0640419
550,11,0.0736793
550,12,0.0645236
550,13,0.0538196
550,14,0.0473637
550,15,0.0526472
550,16,0.0656336
550,17,0.0411196
550,18,0.036648
550,19,0.0543746
550,20,0.0328713
551,1,0.0387795
551,2,0.0511825
551,3,0.0443003
551,4,0.0149332
551,5,0.0131311
551,6,0.0323807
551,7,0.0391978
551,8,0.0519172
551,9,0.0452189
551,10,0.0563099
551,11,0.0645276
551,12,0.0645263
551,13,0.0540085
551,14,0.0517936
551,15,0.0529896
551,16,0.0616272
551,17,0.0417615
551,18,0.040057
551,19,0.0520293
551,20,0.0342652
552,1,0.0342347
552,2,0.0394269
552,3,0.0341292
552,4,0.0172403
552,5,0.0158706
552,6,0.0252306
552,7,0.0282582
552,8,0.0355176
552,9,0.0316314
552,10,0.038213
552,11,0.0434271
552,12,0.0504602
552,13,0.0426209
552,14,0.0456785
552,15,0.0434079
552,16,0.0466001
552,17,0.0341345
552,18,0.0361086
552,19,0.0407627
552,20,0.0292817
553,1,0.0280374
553,2,0.03038
553,3,0.0260512
553,4,0.0150954
553,5,0.0153538
553,6,0.020328
553,7,0.021366
553,8,0.0254969
553,9,0.0224904
553,10,0.0265471
553,11,0.0298287
553,12,0.0367059
553,13,0.031296
553,14,0.0360902
553,15,0.0336391
553,16,0.0349053
553,17,0.0262428
553,18,0.0295314
553,19,0.031524
553,20,0.0233671
554,1,0.0230783
554,2,0.0256031
554,3,0.0217732
554,4,0.0122824
554,5,0.0133062
554,6,0.017935
554,7,0.0186596
554,8,0.0220997
554,9,0.0189942
554,10,0.0224431
554,11,0.025117
554,12,0.0289799
554,13,0.0246719
554,14,0.028478
554,15,0.0271473
554,16,0.0288281
554,17,0.0212823
554,18,0.024032
554,19,0.0263689
554,20,0.0192702
555,1,0.0216194
555,2,0.0270303
555,3,0.0228465
555,4,0.0103853
555,5,0.0113589
555,6,0.019346
555,7,0.0211537
555,8,0.0263357
555,9,0.0220383
555,10,0.0269632
555,11,0.0305396
555,12,0.0300197
555,13,0.0251975
555,14,0.026291
555,15,0.0267717
555,16,0.0308166
555,17,0.0212735
555,18,0.022193
555,19,0.0274963
555,20,0.0187941
556,1,0.026682
556,2,0.038974
556,3,0.0329604
556,4,0.00930917
556,5,0.00999243
556,6,0.0271181
556,7,0.0321817
556,8,0.0425749
556,9,0.0352642
556,10,0.0446892
556,11,0.0513089
556,12,0.0442125
556,13,0.0367336
556,14,0.0332527
556,15,0.0368674
556,16,0.0461203
556,17,0.0292499
556,18,0.0268976
556,19,0.0391617
556,20,0.0242719
557,1,0.0363713
557,2,0.0543749
557,3,0.0465308
557,4,0.00887118
557,5,0.00924493
557,6,0.0353348
557,7,0.0442721
557,8,0.059929
557,9,0.0504946
557,10,0.064245
557,11,0.0739335
557,12,0.0640265
557,13,0.0533922
557,14,0.046679
557,15,0.0522789
557,16,0.0655478
557,17,0.0407914
557,18,0.0361601
557,19,0.0542491
557,20,0.0325624
558,1,0.0391498
558,2,0.0523026
558,3,0.0452655
558,4,0.0144919
558,5,0.0127429
558,6,0.0330336
558,7,0.0402544
558,8,0.0535149
558,9,0.0465214
558,10,0.0580599
558,11,0.0665668
558,12,0.06572
558,13,0.0549833
558,14,0.0522152
558,15,0.0538322
558,16,0.063044
558,17,0.0423949
558,18,0.0403166
558,19,0.0530696
558,20,0.0346451
559,1,0.0347992
559,2,0.0403289
559,3,0.0349398
559,4,0.0173646
559,5,0.015824
559,6,0.025694
559,7,0.0289543
559,8,0.0365549
559,9,0.0325714
559,10,0.0394239
559,11,0.0448389
559,12,0.0517993
559,13,0.0437202
559,14,0.0465519
559,15,0.0443447
559,16,0.0477703
559,17,0.0348922
559,18,0.0367003
559,19,0.041674
559,20,0.0298338
560,1,0.0284714
560,2,0.0307693
560,3,0.0264095
560,4,0.0153514
560,5,0.015509
560,6,0.0204842
560,7,0.0215524
560,8,0.025737
560,9,0.0227656
560,10,0.0268651
560,11,0.0301961
560,12,0.0373971
560,13,0.0318887
560,14,0.0367764
560,15,0.0342041
560,16,0.03541
560,17,0.0266758
560,18,0.0300173
560,19,0.0319487
560,20,0.0237213
561,1,0.0233659
561,2,0.0258391
561,3,0.0219749
561,4,0.0124522
561,5,0.0134711
561,6,0.018063
561,7,0.0187674
561,8,0.0221991
561,9,0.0190948
561,10,0.0225466
561,11,0.0252277
561,12,0.0292842
561,13,0.0249475
561,14,0.0288905
561,15,0.0274886
561,16,0.0291125
561,17,0.0215279
561,18,0.0243577
561,19,0.0266341
561,20,0.019493
562,1,0.0215184
562,2,0.026545
562,3,0.0224477
562,4,0.0104905
562,5,0.011484
562,6,0.0189935
562,7,0.0206458
562,8,0.0255613
562,9,0.0214338
562,10,0.0261251
562,11,0.0295488
562,12,0.0294606
562,13,0.0247589
562,14,0.0261361
562,15,0.026427
562,16,0.0301765
562,17,0.0209858
562,18,0.0221098
562,19,0.0270267
562,20,0.0186176
563,1,0.0259032
563,2,0.0374457
563,3,0.0316508
563,4,0.00941673
563,5,0.0101058
563,6,0.0261842
563,7,0.0308536
563,8,0.0406514
563,9,0.0336658
563,10,0.0425805
563,11,0.0488516
563,12,0.0423879
563,13,0.035223
563,14,0.0321941
563,15,0.0354806
563,16,0.0441783
563,17,0.0281914
563,18,0.0261642
563,19,0.0376659
563,20,0.0235273
564,1,0.0359167
564,2,0.0541114
564,3,0.0462523
564,4,0.00848459
564,5,0.00902501
564,6,0.0352768
564,7,0.0442226
564,8,0.0599039
564,9,0.0503428
564,10,0.064137
564,11,0.0738275
564,12,0.0633476
564,13,0.0528148
564,14,0.0459412
564,15,0.0517707
564,16,0.0652154
564,17,0.0403658
564,18,0.0356319
564,19,0.0539391
564,20,0.0321939
565,1,0.0397088
565,2,0.0538586
565,3,0.0465917
565,4,0.0138814
565,5,0.0122626
565,6,0.0339514
565,7,0.0416997
565,8,0.0556713
565,9,0.0482599
565,10,0.0603967
565,11,0.0692848
565,12,0.0673057
565,13,0.0562924
565,14,0.052842
565,15,0.0550278
565,16,0.0649979
565,17,0.043264
565,18,0.04072
565,19,0.0545182
565,20,0.0351778
566,1,0.0356188
566,2,0.0416426
566,3,0.0361138
566,4,0.0175259
566,5,0.0157715
566,6,0.0263866
566,7,0.0299768
566,8,0.0380621
566,9,0.033922
566,10,0.0411611
566,11,0.0468589
566,12,0.0536745
566,13,0.0452613
566,14,0.0477882
566,15,0.0456893
566,16,0.0494589
566,17,0.035974
566,18,0.037556
566,19,0.0429999
566,20,0.0306296
567,1,0.0290975
567,2,0.0313321
567,3,0.0269276
567,4,0.015719
567,5,0.0157365
567,6,0.0207147
567,7,0.0218266
567,8,0.0260877
567,9,0.0231644
567,10,0.0273235
567,11,0.0307232
567,12,0.0383737
567,13,0.032724
567,14,0.0377454
567,15,0.0350041
567,16,0.0361277
567,17,0.0272917
567,18,0.0307131
567,19,0.032559
567,20,0.0242304
568,1,0.0236355
568,2,0.0258527
568,3,0.021998
568,4,0.0126852
568,5,0.0137023
568,6,0.0180092
568,7,0.0186184
568,8,0.0219076
568,9,0.0188998
568,10,0.0222372
568,11,0.0248511
568,12,0.0293586
568,13,0.02505
568,14,0.0292818
568,15,0.0277009
568,16,0.0291067
568,17,0.0216557
568,18,0.0246749
568,19,0.0266852
568,20,0.0196456
569,1,0.0213674
569,2,0.0259988
569,3,0.021986
569,4,0.0105607
569,5,0.0116079
569,6,0.0186166
569,7,0.0200901
569,8,0.0247083
569,9,0.0207397
569,10,0.0251782
569,11,0.0284282
569,12,0.0287383
569,13,0.0241902
569,14,0.0258874
569,15,0.0260037
569,16,0.0294493
569,17,0.0206243
569,18,0.0219745
569,19,0.0264957
569,20,0.0183906
570,1,0.0250779
570,2,0.0358621
570,3,0.0302954
570,4,0.00947527
570,5,0.0101861
570,6,0.0252077
570,7,0.0294834
570,8,0.0386727
570,9,0.0320183
570,10,0.0404087
570,11,0.0463197
570,12,0.0404592
570,13,0.033626
570,14,0.0310465
570,15,0.0340181
570,16,0.0421586
570,17,0.0270704
570,18,0.0253718
570,19,0.0361066
570,20,0.0227326
571,1,0.0351909
571,2,0.0533388
571,3,0.0455366
571,4,0.0082385
571,5,0.00888771
571,6,0.0349409
571,7,0.0437523
571,8,0.0592715
571,9,0.0496881
571,10,0.0633673
571,11,0.0729557
571,12,0.0621236
571,13,0.0517721
571,14,0.0448636
571,15,0.0507991
571,16,0.0642472
571,17,0.0396203
571,18,0.0348708
571,19,0.053145
571,20,0.0316095
572,1,0.0403237
572,2,0.0557166
572,3,0.0481597
572,4,0.0130041
572,5,0.0116319
572,6,0.0350599
572,7,0.0434536
572,8,0.0582869
572,9,0.0503373
572,10,0.0632073
572,11,0.0725546
572,12,0.0690776
572,13,0.0577627
572,14,0.053463
572,15,0.0563962
572,16,0.0673174
572,17,0.0442221
572,18,0.041105
572,19,0.0562216
572,20,0.0357375
573,1,0.0365913
573,2,0.0432771
573,3,0.0375757
573,4,0.017654
573,5,0.0156466
573,6,0.027248
573,7,0.0312719
573,8,0.0399828
573,9,0.0356326
573,10,0.0433691
573,11,0.0494262
573,12,0.0559767
573,13,0.0471505
573,14,0.0492547
573,15,0.04733
573,16,0.0515646
573,17,0.0372936
573,18,0.038564
573,19,0.0446418
573,20,0.031587
574,1,0.0299901
574,2,0.0323301
574,3,0.0278194
574,4,0.0161637
574,5,0.0159914
574,6,0.0212116
574,7,0.0224527
574,8,0.0269424
574,9,0.0239918
574,10,0.0283414
574,11,0.0319025
574,12,0.0399272
574,13,0.0340331
574,14,0.039107
574,15,0.0362375
574,16,0.0373982
574,17,0.0282549
574,18,0.0316913
574,19,0.0336139
574,20,0.0250045
575,1,0.0242575
575,2,0.0263809
575,3,0.0224607
575,4,0.0130547
575,5,0.0140336
575,6,0.0182877
575,7,0.0188794
575,8,0.0221799
575,9,0.0191845
575,10,0.0225437
575,11,0.0251898
575,12,0.0301022
575,13,0.025706
575,14,0.030173
575,15,0.0284397
575,16,0.0297426
575,17,0.0222036
575,18,0.0253662
575,19,0.0272658
575,20,0.020133
576,1,0.0213371
576,2,0.025361
576,3,0.0214674
576,4,0.0107809
576,5,0.0118651
576,6,0.0181332
576,7,0.0193662
576,8,0.0235748
576,9,0.0198678
576,10,0.0239502
576,11,0.0269696
576,12,0.0280138
576,13,0.0236382
576,14,0.0258165
576,15,0.0256175
576,16,0.02859
576,17,0.0202824
576,18,0.021977
576,19,0.0258866
576,20,0.0182086
577,1,0.0238858
577,2,0.0333978
577,3,0.0281969
577,4,0.00960583
577,5,0.0103589
577,6,0.0236476
577,7,0.0272929
577,8,0.0354891
577,9,0.0293961
577,10,0.0369291
577,11,0.042255
577,12,0.0375079
577,13,0.0312007
577,14,0.029406
577,15,0.0318235
577,16,0.0390137
577,17,0.0253648
577,18,0.0242355
577,19,0.0336838
577,20,0.0215318
578,1,0.033923
578,2,0.0518038
578,3,0.0441341
578,4,0.00798431
578,5,0.00877585
578,6,0.0342398
578,7,0.0427248
578,8,0.0578415
578,9,0.0482968
578,10,0.0616729
578,11,0.0710193
578,12,0.0598488
578,13,0.0498414
578,14,0.0430296
578,15,0.0490202
578,16,0.0623235
578,17,0.038269
578,18,0.0335912
578,19,0.0516059
578,20,0.0305853
579,1,0.0406925
579,2,0.0574719
579,3,0.0496259
579,4,0.0117903
579,5,0.0107855
579,6,0.0361175
579,7,0.0452178
579,8,0.0609668
579,9,0.0524189
579,10,0.0660687
579,11,0.0758957
579,12,0.0705467
579,13,0.0589765
579,14,0.0536609
579,15,0.0575045
579,16,0.0695101
579,17,0.044953
579,18,0.0411657
579,19,0.0577717
579,20,0.0360733
580,1,0.0377743
580,2,0.0456087
580,3,0.0396288
580,4,0.017565
580,5,0.0153052
580,6,0.0285499
580,7,0.0332423
580,8,0.0429205
580,9,0.0381585
580,10,0.0466808
580,11,0.0532808
580,12,0.0590361
580,13,0.0496513
580,14,0.0509878
580,15,0.0494944
580,16,0.0545614
580,17,0.0390227
580,18,0.0397371
580,19,0.0469458
580,20,0.0327983
581,1,0.0313552
581,2,0.0341558
581,3,0.0294309
581,4,0.0167206
581,5,0.0162488
581,6,0.0222113
581,7,0.0237736
581,8,0.02881
581,9,0.0256899
581,10,0.0304947
581,11,0.0344062
581,12,0.0426161
581,13,0.0362659
581,14,0.0411732
581,15,0.0382721
581,16,0.0397275
581,17,0.029873
581,18,0.033161
581,19,0.0355041
581,20,0.0262643
582,1,0.0251153
582,2,0.0269303
582,3,0.0229761
582,4,0.0136408
582,5,0.0145101
582,6,0.0184865
582,7,0.0190248
582,8,0.0222589
582,9,0.0193982
582,10,0.0227011
582,11,0.0253493
582,12,0.0311049
582,13,0.0265976
582,14,0.0314562
582,15,0.0293913
582,16,0.0304114
582,17,0.0229092
582,18,0.0263264
582,19,0.0278909
582,20,0.0207648
583,1,0.0214289
583,2,0.0248007
583,3,0.0210069
583,4,0.0110654
583,5,0.0122136
583,6,0.0176945
583,7,0.0186555
583,8,0.0224211
583,9,0.0189733
583,10,0.0226834
583,11,0.0254579
583,12,0.0273403
583,13,0.0231494
583,14,0.0259183
583,15,0.0253696
583,16,0.0278205
583,17,0.0200202
583,18,0.0221223
583,19,0.0253716
583,20,0.0181074
584,1,0.0230156
584,2,0.0315246
584,3,0.0265955
584,4,0.00968217
584,5,0.010526
584,6,0.0224622
584,7,0.0256064
584,8,0.0330064
584,9,0.0273339
584,10,0.0341852
584,11,0.0390386
584,12,0.0351392
584,13,0.0292669
584,14,0.0281507
584,15,0.0301522
584,16,0.0365924
584,17,0.0240416
584,18,0.0234018
584,19,0.0318408
584,20,0.020617
585,1,0.0323964
585,2,0.0494649
585,3,0.0420636
585,4,0.00812934
585,5,0.00892822
585,6,0.033058
585,7,0.0409454
585,8,0.0552877
585,9,0.0460309
585,10,0.0587761
585,11,0.0676745
585,12,0.0568294
585,13,0.0472818
585,14,0.0409047
585,15,0.0466212
585,16,0.0593692
585,17,0.0365105
585,18,0.0321409
585,19,0.049321
585,20,0.0293321
586,1,0.0407507
586,2,0.0587581
586,3,0.0506587
586,4,0.0105209
586,5,0.00998998
586,6,0.0369611
586,7,0.0466372
586,8,0.0631325
586,9,0.0540151
586,10,0.0683188
586,11,0.0785313
586,12,0.0712973
586,13,0.0595964
586,14,0.0533658
586,15,0.0580989
586,16,0.0710868
586,17,0.0452649
586,18,0.0408903
586,19,0.05884
586,20,0.0361053
587,1,0.0385783
587,2,0.047414
587,3,0.0412309
587,4,0.0173241
587,5,0.0148794
587,6,0.0295395
587,7,0.0348212
587,8,0.0453167
587,9,0.0402168
587,10,0.0493929
587,11,0.0564419
587,12,0.0613937
587,13,0.0515682
587,14,0.0521674
587,15,0.0510955
587,16,0.0568995
587,17,0.0403098
587,18,0.0405033
587,19,0.048705
587,20,0.033658
588,1,0.0320207
588,2,0.0347944
588,3,0.0300492
588,4,0.0170993
588,5,0.0163593
588,6,0.0223952
588,7,0.0240792
588,8,0.0292735
588,9,0.0262468
588,10,0.0311581
588,11,0.0351846
588,12,0.043921
588,13,0.0373618
588,14,0.042297
588,15,0.0392012
588,16,0.0405953
588,17,0.0306143
588,18,0.0339106
588,19,0.0361933
588,20,0.0268339
589,1,0.0254299
589,2,0.0269823
589,3,0.0230372
589,4,0.0138989
589,5,0.0147191
589,6,0.0184115
589,7,0.0188654
589,8,0.0219732
589,9,0.0192267
589,10,0.0224308
589,11,0.0250274
589,12,0.0313252
589,13,0.0268287
589,14,0.0319848
589,15,0.0297103
589,16,0.0304939
589,17,0.0231108
589,18,0.0267107
589,19,0.0279955
589,20,0.0209602
590,1,0.0211632
590,2,0.023939
590,3,0.0202886
590,4,0.0111276
590,5,0.0123248
590,6,0.0170583
590,7,0.0177737
590,8,0.0211035
590,9,0.017921
590,10,0.0212545
590,11,0.0237758
590,12,0.0262923
590,13,0.022329
590,14,0.0255476
590,15,0.0247303
590,16,0.0267174
590,17,0.0194692
590,18,0.021883
590,19,0.0245346
590,20,0.0177337
591,1,0.0216351
591,2,0.0288226
591,3,0.024308
591,4,0.0096076
591,5,0.0105133
591,6,0.0206736
591,7,0.0232059
591,8,0.0295682
591,9,0.0245124
591,10,0.0304553
591,11,0.0346854
591,12,0.0318877
591,13,0.0266026
591,14,0.0262509
591,15,0.0277201
591,16,0.0331732
591,17,0.0221213
591,18,0.0220419
591,19,0.0291569
591,20,0.0192119
592,1,0.0299875
592,2,0.0457347
592,3,0.0387916
592,4,0.00825204
592,5,0.0090058
592,6,0.0310348
592,7,0.0380281
592,8,0.0511599
592,9,0.0424323
592,10,0.0541728
592,11,0.0623649
592,12,0.0522058
592,13,0.0433741
592,14,0.0376664
592,15,0.0429029
592,16,0.0547214
592,17,0.0337643
592,18,0.0298568
592,19,0.0456766
592,20,0.0273293
593,1,0.0401001
593,2,0.0592825
593,3,0.0510044
593,4,0.00896772
593,5,0.00898042
593,6,0.0374036
593,7,0.0475604
593,8,0.0646676
593,9,0.0549986
593,10,0.0698536
593,11,0.0803693
593,12,0.0709815
593,13,0.0593119
593,14,0.0520967
593,15,0.0578021
593,16,0.0717639
593,17,0.0448878
593,18,0.0398775
593,19,0.0591296
593,20,0.0355626
594,1,0.0395469
594,2,0.0501495
594,3,0.0436028
594,4,0.0165655
594,5,0.0140371
594,6,0.0311377
594,7,0.0373643
594,8,0.049177
594,9,0.0434072
594,10,0.0536663
594,11,0.0614281
594,12,0.0646126
594,13,0.0541828
594,14,0.0534874
594,15,0.0533014
594,16,0.0604312
594,17,0.0420402
594,18,0.0413193
594,19,0.0513173
594,20,0.0347422
595,1,0.033409
595,2,0.036876
595,3,0.0319139
595,4,0.0175559
595,5,0.016383
595,6,0.0234807
595,7,0.0256528
595,8,0.0316024
595,9,0.0283748
595,10,0.0338906
595,11,0.0383777
595,12,0.0471226
595,13,0.0399924
595,14,0.0444907
595,15,0.0414513
595,16,0.0433147
595,17,0.0324413
595,18,0.0354007
595,19,0.0383272
595,20,0.028188
596,1,0.0264972
596,2,0.0279307
596,3,0.0238992
596,4,0.0145358
596,5,0.0151515
596,6,0.0188263
596,7,0.0193313
596,8,0.0225515
596,9,0.0198763
596,10,0.0231767
596,11,0.0258874
596,12,0.0329658
596,13,0.0282418
596,14,0.0336581
596,15,0.0310888
596,16,0.0317188
596,17,0.0241606
596,18,0.0279073
596,19,0.0290354
596,20,0.0218276
597,1,0.021724
597,2,0.0241897
597,3,0.0205128
597,4,0.0115324
597,5,0.0127388
597,6,0.017147
597,7,0.0177424
597,8,0.0209156
597,9,0.0178264
597,10,0.021044
597,11,0.0235017
597,12,0.0266564
597,13,0.0226966
597,14,0.0263504
597,15,0.025285
597,16,0.0269963
597,17,0.019844
597,18,0.0225318
597,19,0.0248547
597,20,0.018113
598,1,0.0209729
598,2,0.0268864
598,3,0.0226947
598,4,0.00982747
598,5,0.0107979
598,6,0.0193321
598,7,0.0213215
598,8,0.0267616
598,9,0.0222776
598,10,0.0274131
598,11,0.031105
598,12,0.0296221
598,13,0.0247886
598,14,0.0253092
598,15,0.0261825
598,16,0.030664
598,17,0.0208747
598,18,0.0214271
598,19,0.0272615
598,20,0.0183767
599,1,0.0279947
599,2,0.0422639
599,3,0.0357625
599,4,0.00851721
599,5,0.00927744
599,6,0.0290992
599,7,0.0351792
599,8,0.0470422
599,9,0.0388986
599,10,0.0495806
599,11,0.0570341
599,12,0.0478968
599,13,0.0397656
599,14,0.0349468
599,15,0.0395793
599,16,0.050327
599,17,0.0312782
599,18,0.0279945
599,19,0.0422975
599,20,0.0255798
600,1,0.0393124
600,2,0.0592612
600,3,0.0508781
600,4,0.00778391
600,5,0.00828176
600,6,0.0375713
600,7,0.0479675
600,8,0.0653904
600,9,0.0553131
600,10,0.0704772
600,11,0.0811395
600,12,0.0700586
600,13,0.0585213
600,14,0.0506632
600,15,0.0570963
600,16,0.0717216
600,17,0.0442285
600,18,0.0388171
600,19,0.0589336
600,20,0.0348972
601,1,0.0405131
601,2,0.0529346
601,3,0.0459953
601,4,0.0156036
601,5,0.013163
601,6,0.0327912
601,7,0.0399773
601,8,0.0531051
601,9,0.0466072
601,10,0.0579591
601,11,0.0664254
601,12,0.0676365
601,13,0.0566526
601,14,0.0546561
601,15,0.0554557
601,16,0.0639637
601,17,0.0436751
601,18,0.0420558
601,19,0.0539347
601,20,0.0357527
602,1,0.0344671
602,2,0.0382994
602,3,0.033243
602,4,0.0179627
602,5,0.0163628
602,6,0.0240877
602,7,0.0266299
602,8,0.0330924
602,9,0.029844
602,10,0.0357399
602,11,0.0405404
602,12,0.0495724
602,13,0.0420072
602,14,0.0462235
602,15,0.0431121
602,16,0.0452036
602,17,0.0338047
602,18,0.0365551
602,19,0.0397958
602,20,0.0291928
603,1,0.0274355
603,2,0.0289466
603,3,0.0247893
603,4,0.0150192
603,5,0.0154671
603,6,0.0193422
603,7,0.0199379
603,8,0.0233576
603,9,0.0206453
603,10,0.0241302
603,11,0.0269955
603,12,0.0345211
603,13,0.029571
603,14,0.0351218
603,15,0.0323989
603,16,0.0330299
603,17,0.0251566
603,18,0.0289561
603,19,0.030129
603,20,0.0226337
604,1,0.0219378
604,2,0.02375
604,3,0.0201793
604,4,0.0118756
604,5,0.0130727
604,6,0.0167187
604,7,0.0170884
604,8,0.0198671
604,9,0.0170715
604,10,0.0199461
604,11,0.0221961
604,12,0.0263044
604,13,0.0224762
604,14,0.0266914
604,15,0.0252357
604,16,0.0264193
604,17,0.0197453
604,18,0.0228156
604,19,0.0244719
604,20,0.0181205
605,1,0.0201512
605,2,0.0249544
605,3,0.0210635
605,4,0.00983088
605,5,0.0109115
605,6,0.0180071
605,7,0.0195023
605,8,0.0240882
605,9,0.0200975
605,10,0.0244938
605,11,0.0276763
605,12,0.027219
605,13,0.0228588
605,14,0.0241363
605,15,0.0245487
605,16,0.0281824
605,17,0.0195282
605,18,0.020624
605,19,0.0253499
605,20,0.0174253
606,1,0.0253529
606,2,0.0375074
606,3,0.0316715
606,4,0.00874882
606,5,0.00946972
606,6,0.0262526
606,7,0.0311681
606,8,0.0413016
606,9,0.0340846
606,10,0.0432846
606,11,0.0497207
606,12,0.0422202
606,13,0.035029
606,14,0.0313981
606,15,0.035138
606,16,0.0443376
606,17,0.0279337
606,18,0.0254971
606,19,0.0376412
606,20,0.0231816
607,1,0.0374686
607,2,0.057672
607,3,0.0493605
607,4,0.00681634
607,5,0.0077008
607,6,0.0369645
607,7,0.047195
607,8,0.0644437
607,9,0.0541456
607,10,0.0692269
607,11,0.0797635
607,12,0.067249
607,13,0.0561215
607,14,0.0478803
607,15,0.0548365
607,16,0.0697667
607,17,0.0424534
607,18,0.0368013
607,19,0.0572373
607,20,0.0334243
608,1,0.0410428
608,2,0.0555526
608,3,0.0482067
608,4,0.0140503
608,5,0.0119338
608,6,0.0344012
608,7,0.0426437
608,8,0.0571783
608,9,0.0498238
608,10,0.062356
608,11,0.0715617
608,12,0.0701241
608,13,0.0586732
608,14,0.0550756
608,15,0.0571617
608,16,0.0672919
608,17,0.0449098
608,18,0.0422069
608,19,0.0562926
608,20,0.036363
609,1,0.0358851
609,2,0.040972
609,3,0.0356189
609,4,0.0181057
609,5,0.0160484
609,6,0.0255622
609,7,0.0288621
609,8,0.0364547
609,9,0.0327967
609,10,0.039599
609,11,0.0450492
609,12,0.0534075
609,13,0.0451244
609,14,0.0484415
609,15,0.0457017
609,16,0.0486949
609,17,0.0359305
609,18,0.0380226
609,19,0.0424721
609,20,0.0306917
610,1,0.0286017
610,2,0.030025
610,3,0.0257988
610,4,0.0157117
610,5,0.0158239
610,6,0.0197508
610,7,0.0204767
610,8,0.0240988
610,9,0.0215027
610,10,0.0251379
610,11,0.028172
610,12,0.0365838
610,13,0.0313208
610,14,0.0370277
610,15,0.033969
610,16,0.0344645
610,17,0.0263827
610,18,0.0302627
610,19,0.0313005
610,20,0.0236067
611,1,0.0224349
611,2,0.023737
611,3,0.0201956
611,4,0.0123111
611,5,0.013482
611,6,0.0165615
611,7,0.0167532
611,8,0.0192559
611,9,0.01667
611,10,0.0193226
611,11,0.0214462
611,12,0.0264921
611,13,0.0227174
611,14,0.0274875
611,15,0.0256643
611,16,0.0264044
611,17,0.0199976
611,18,0.0234193
611,19,0.0245415
611,20,0.0183978
612,1,0.0193873
612,2,0.0228466
612,3,0.0193063
612,4,0.00991553
612,5,0.0111044
612,6,0.0164996
612,7,0.0174394
612,8,0.021034
612,9,0.0176545
612,10,0.0211852
612,11,0.023783
612,12,0.024686
612,13,0.0208477
612,14,0.023061
612,15,0.0228808
612,16,0.0254796
612,17,0.0181319
612,18,0.0198944
612,19,0.0232765
612,20,0.0164532
613,1,0.0226339
613,2,0.0325138
613,3,0.0273934
613,4,0.00875264
613,5,0.00953655
613,6,0.0231391
613,7,0.0268745
613,8,0.0351579
613,9,0.0289541
613,10,0.0365595
613,11,0.0418917
613,12,0.0361565
613,13,0.0300099
613,14,0.0276936
613,15,0.0305142
613,16,0.0380319
613,17,0.0243654
613,18,0.022875
613,19,0.0327178
613,20,0.0205951
614,1,0.0344614
614,2,0.053873
614,3,0.0459311
614,4,0.0065868
614,5,0.00757005
614,6,0.0352023
614,7,0.0446013
614,8,0.0608406
614,9,0.0507539
614,10,0.065052
614,11,0.0749995
614,12,0.0620518
614,13,0.0516813
614,14,0.0436854
614,15,0.0505994
614,16,0.065064
614,17,0.0393287
614,18,0.0338442
614,19,0.0534775
614,20,0.0310686
615,1,0.0415293
615,2,0.058832
615,3,0.0509129
615,4,0.0115186
615,5,0.0102024
615,6,0.036464
615,7,0.0460808
615,8,0.0624091
615,9,0.0538305
615,10,0.0679009
615,11,0.0780413
615,12,0.0727114
615,13,0.0608007
615,14,0.0550956
615,15,0.059059
615,16,0.0713875
615,17,0.0461284
615,18,0.0420337
615,19,0.0591373
615,20,0.0368265
616,1,0.0374487
616,2,0.0441539
616,3,0.0384801
616,4,0.0180359
616,5,0.0154247
616,6,0.0272428
616,7,0.0315526
616,8,0.0405717
616,9,0.0364291
616,10,0.0443535
616,11,0.0506038
616,12,0.057973
616,13,0.048828
616,14,0.0509172
616,15,0.0487197
616,16,0.0528818
616,17,0.0384144
616,18,0.0396208
616,19,0.0456318
616,20,0.0323881
617,1,0.0300582
617,2,0.0315779
617,3,0.0272313
617,4,0.0164915
617,5,0.0161359
617,6,0.0203854
617,7,0.0213631
617,8,0.0253813
617,9,0.0228511
617,10,0.0267953
617,11,0.030116
617,12,0.0394017
617,13,0.0336897
617,14,0.0394322
617,15,0.0360586
617,16,0.0365414
617,17,0.02803
617,18,0.0318936
617,19,0.0329657
617,20,0.0248818
618,1,0.0234599
618,2,0.0246008
618,3,0.0209499
618,4,0.0129196
618,5,0.0139917
618,6,0.0169765
618,7,0.017138
618,8,0.0196631
618,9,0.0171109
618,10,0.0198108
618,11,0.0219982
618,12,0.0277994
618,13,0.0238806
618,14,0.0290645
618,15,0.0269639
618,16,0.02751
618,17,0.0209462
618,18,0.0245953
618,19,0.0255185
618,20,0.0192137
619,1,0.0194719
619,2,0.0220715
619,3,0.0186811
619,4,0.0102559
619,5,0.0115011
619,6,0.0158687
619,7,0.0164765
619,8,0.0195003
619,9,0.0164833
619,10,0.0195221
619,11,0.021803
619,12,0.0238018
619,13,0.0202014
619,14,0.0231558
619,15,0.0225202
619,16,0.0244397
619,17,0.0177742
619,18,0.0200479
619,19,0.0225617
619,20,0.016296
620,1,0.0207609
620,2,0.0284705
620,3,0.0239748
620,4,0.00889917
620,5,0.00976649
620,6,0.0204818
620,7,0.0232081
620,8,0.0298297
620,9,0.0246089
620,10,0.0307659
620,11,0.0351121
620,12,0.031342
620,13,0.0260767
620,14,0.0251031
620,15,0.0269796
620,16,0.0328661
620,17,0.0215818
620,18,0.0210705
620,19,0.0287287
620,20,0.0186252
621,1,0.0313246
621,2,0.0491692
621,3,0.0417503
621,4,0.00692072
621,5,0.00786931
621,6,0.032867
621,7,0.0410589
621,8,0.0557711
621,9,0.0462251
621,10,0.0592925
621,11,0.0683612
621,12,0.0560215
621,13,0.0465619
621,14,0.0394089
621,15,0.0457878
621,16,0.0591739
621,17,0.0358087
621,18,0.030896
621,19,0.0489048
621,20,0.0285454
622,1,0.0413728
622,2,0.0608499
622,3,0.0525123
622,4,0.00903181
622,5,0.00864431
622,6,0.0377915
622,7,0.048429
622,8,0.0660474
622,9,0.0564698
622,10,0.0716691
622,11,0.0824682
622,12,0.0736527
622,13,0.0615768
622,14,0.0541875
622,15,0.059788
622,16,0.0738724
622,17,0.0464091
622,18,0.041238
622,19,0.0607402
622,20,0.0366366
623,1,0.0389984
623,2,0.0478893
623,3,0.0417601
623,4,0.0174466
623,5,0.0145125
623,6,0.0293753
623,7,0.0348993
623,8,0.0456386
623,9,0.0407107
623,10,0.0500296
623,11,0.0572213
623,12,0.0626984
623,13,0.0526612
623,14,0.05317
623,15,0.0519371
623,16,0.057715
623,17,0.0410005
623,18,0.0410797
623,19,0.0492666
623,20,0.0341019
624,1,0.0320856
624,2,0.0344514
624,3,0.0297869
624,4,0.0172787
624,5,0.0163566
624,6,0.0219227
624,7,0.0234917
624,8,0.0284775
624,9,0.0256782
624,10,0.0304115
624,11,0.0343393
624,12,0.0437924
624,13,0.0373094
624,14,0.0425962
624,15,0.0392224
624,16,0.0402659
624,17,0.0305839
624,18,0.0340825
624,19,0.0359319
624,20,0.0268198
625,1,0.0249945
625,2,0.0259563
625,3,0.0221707
625,4,0.0138401
625,5,0.0146789
625,6,0.0176165
625,7,0.0178238
625,8,0.0204826
625,9,0.0180109
625,10,0.0208327
625,11,0.0231688
625,12,0.0300433
625,13,0.0258198
625,14,0.0314119
625,15,0.028903
625,16,0.0292293
625,17,0.0224189
625,18,0.0263068
625,19,0.0270018
625,20,0.020452
626,1,0.0200433
626,2,0.0219042
626,3,0.0185704
626,4,0.0108077
626,5,0.0120981
626,6,0.0156257
626,7,0.0159533
626,8,0.018535
626,9,0.0158
626,10,0.0184741
626,11,0.0205316
626,12,0.0237022
626,13,0.0202255
626,14,0.0239543
626,15,0.0228486
626,16,0.0241555
626,17,0.0179342
626,18,0.0207251
626,19,0.0224807
626,20,0.0165621
627,1,0.0193176
627,2,0.0248671
627,3,0.020956
627,4,0.00908764
627,5,0.0100911
627,6,0.0180187
627,7,0.0198072
627,8,0.0248202
627,9,0.0205783
627,10,0.0253275
627,11,0.0287219
627,12,0.0270487
627,13,0.0226165
627,14,0.0230624
627,15,0.0239794
627,16,0.028223
627,17,0.0191552
627,18,0.0196785
627,19,0.0251713
627,20,0.0169384
628,1,0.027492
628,2,0.0426552
628,3,0.0360572
628,4,0.00757624
628,5,0.00841454
628,6,0.0293232
628,7,0.0357988
628,8,0.0481889
628,9,0.0397015
628,10,0.0508359
628,11,0.0585603
628,12,0.0480564
628,13,0.0398545
628,14,0.0342571
628,15,0.0395155
628,16,0.0509692
628,17,0.0311881
628,18,0.0273515
628,19,0.0425887
628,20,0.0252923
629,1,0.040077
629,2,0.0611546
629,3,0.0525781
629,4,0.00662108
629,5,0.0072189
629,6,0.0382615
629,7,0.0494735
629,8,0.0678232
629,9,0.0574261
629,10,0.0733172
629,11,0.0844679
629,12,0.0723307
629,13,0.0604479
629,14,0.0517177
629,15,0.0587766
629,16,0.0742272
629,17,0.0453721
629,18,0.0393652
629,19,0.0606752
629,20,0.035497
630,1,0.0404979
630,2,0.0523853
630,3,0.0456383
630,4,0.0159731
630,5,0.013055
630,6,0.0320516
630,7,0.0391496
630,8,0.0520661
630,9,0.0459697
630,10,0.0570858
630,11,0.0654435
630,12,0.0677393
630,13,0.0567553
630,14,0.0550761
630,15,0.0554235
630,16,0.0634662
630,17,0.043705
630,18,0.0422584
630,19,0.0535171
630,20,0.0357703
631,1,0.0339263
631,2,0.0370291
631,3,0.0321618
631,4,0.0179793
631,5,0.0163379
631,6,0.0231069
631,7,0.0253302
631,8,0.0312645
631,9,0.0283581
631,10,0.0338135
631,11,0.038323
631,12,0.0481284
631,13,0.0408683
631,14,0.0456043
631,15,0.0421597
631,16,0.0436819
631,17,0.0329978
631,18,0.0360847
631,19,0.038588
631,20,0.0285968
632,1,0.0263988
632,2,0.0271892
632,3,0.0232859
632,4,0.0146782
632,5,0.0152314
632,6,0.0181246
632,7,0.0183854
632,8,0.0211814
632,9,0.0188103
632,10,0.0217599
632,11,0.0242451
632,12,0.0322062
632,13,0.0276944
632,14,0.0336643
632,15,0.0307499
632,16,0.0308493
632,17,0.023806
632,18,0.0278989
632,19,0.0283681
632,20,0.0215908
633,1,0.0206786
633,2,0.0219982
633,3,0.0186714
633,4,0.0113195
633,5,0.0126235
633,6,0.0155547
633,7,0.0156769
633,8,0.0179543
633,9,0.0154116
633,10,0.0178461
633,11,0.0197633
633,12,0.0239109
633,13,0.0204972
633,14,0.0248863
633,15,0.0234001
633,16,0.0242408
633,17,0.0182754
633,18,0.0214832
633,19,0.0226729
633,20,0.0169434
634,1,0.0186426
634,2,0.022843
634,3,0.019265
634,4,0.00923939
634,5,0.0103674
634,6,0.0165917
634,7,0.0178099
634,8,0.0218279
634,9,0.0181782
634,10,0.0220611
634,11,0.0248683
634,12,0.0245491
634,13,0.0206309
634,14,0.0220494
634,15,0.0223698
634,16,0.0255814
634,17,0.0178138
634,18,0.019037
634,19,0.0231823
634,20,0.0160386
635,1,0.0240046
635,2,0.0360186
635,3,0.0303643
635,4,0.00816922
635,5,0.00890195
635,6,0.0253448
635,7,0.0301187
635,8,0.0399968
635,9,0.0328849
635,10,0.0418634
635,11,0.0481191
635,12,0.0402625
635,13,0.0333586
635,14,0.0295888
635,15,0.0334394
635,16,0.0425715
635,17,0.0266325
635,18,0.0241007
635,19,0.0361153
635,20,0.022085
636,1,0.0376207
636,2,0.0590279
636,3,0.0505264
636,4,0.00536959
636,5,0.00654704
636,6,0.037515
636,7,0.0484639
636,8,0.0665505
636,9,0.0558229
636,10,0.0715938
636,11,0.082565
636,12,0.0684642
636,13,0.0571514
636,14,0.0479639
636,15,0.0557296
636,16,0.0715836
636,17,0.0429612
636,18,0.0366743
636,19,0.0584041
636,20,0.0335214
637,1,0.0419529
637,2,0.0574306
637,3,0.0499047
637,4,0.0134525
637,5,0.0111507
637,6,0.0351253
637,7,0.0440644
637,8,0.0594435
637,9,0.0518323
637,10,0.0650238
637,11,0.0746816
637,12,0.0726091
637,13,0.0607554
637,14,0.0564915
637,15,0.0589963
637,16,0.069799
637,17,0.0462707
637,18,0.0430719
637,19,0.0581261
637,20,0.0372131
638,1,0.036283
638,2,0.0410169
638,3,0.0357529
638,4,0.0184597
638,5,0.0160234
638,6,0.0251947
638,7,0.0285054
638,8,0.0360364
638,9,0.0326578
638,10,0.0393681
638,11,0.0448037
638,12,0.0540722
638,13,0.0457137
638,14,0.0493063
638,15,0.0462142
638,16,0.0488834
638,17,0.03633
638,18,0.0385773
638,19,0.0426172
638,20,0.0310016
639,1,0.0284257
639,2,0.0292271
639,3,0.0251349
639,4,0.0158117
639,5,0.0158823
639,6,0.0190412
639,7,0.0195255
639,8,0.0227253
639,9,0.0204208
639,10,0.0237029
639,11,0.0265071
639,12,0.0356955
639,13,0.0306536
639,14,0.0368712
639,15,0.0335024
639,16,0.0334985
639,17,0.0259427
639,18,0.0301542
639,19,0.0305609
639,20,0.0233083
640,1,0.0219219
640,2,0.0228287
640,3,0.019406
640,4,0.0121268
640,5,0.0133786
640,6,0.0159258
640,7,0.0159152
640,8,0.0180562
640,9,0.015632
640,10,0.0179835
640,11,0.019883
640,12,0.0251538
640,13,0.0216428
640,14,0.0267189
640,15,0.0248063
640,16,0.0252512
640,17,0.0192763
640,18,0.0229023
640,19,0.0236387
640,20,0.0178619
641,1,0.0183853
641,2,0.0211417
641,3,0.0178671
641,4,0.0096039
641,5,0.0108621
641,6,0.0153192
641,7,0.015961
641,8,0.0189687
641,9,0.0159416
641,10,0.0189472
641,11,0.0211731
641,12,0.0225
641,13,0.0190537
641,14,0.0216087
641,15,0.0212304
641,16,0.0233191
641,17,0.0168091
641,18,0.0188402
641,19,0.0215389
641,20,0.015437
642,1,0.0208925
642,2,0.0297314
642,3,0.0250145
642,4,0.00840872
642,5,0.00922653
642,6,0.0213477
642,7,0.0245584
642,8,0.0319498
642,9,0.0262559
642,10,0.0330792
642,11,0.0378591
642,12,0.0327394
642,13,0.0271658
642,14,0.0253135
642,15,0.0277973
642,16,0.0345597
642,17,0.0222546
642,18,0.0211165
642,19,0.0299218
642,20,0.0189774
643,1,0.0333327
643,2,0.0530608
643,3,0.045164
643,4,0.00578553
643,5,0.00693253
643,6,0.0347958
643,7,0.0442262
643,8,0.0604976
643,9,0.0502639
643,10,0.0646113
643,11,0.0745495
643,12,0.0606128
643,13,0.0504445
643,14,0.0420675
643,15,0.0493795
643,16,0.0641377
643,17,0.0383541
643,18,0.0326083
643,19,0.0525928
643,20,0.0301897
644,1,0.0423178
644,2,0.061316
644,3,0.0530656
644,4,0.00987651
644,5,0.00889518
644,6,0.0376389
644,7,0.0482841
644,8,0.0658508
644,9,0.0566475
644,10,0.0717319
644,11,0.0825187
644,12,0.0752168
644,13,0.0629112
644,14,0.0559633
644,15,0.0609673
644,16,0.0745767
644,17,0.0473994
644,18,0.042469
644,19,0.0613815
644,20,0.0374664
645,1,0.0383554
645,2,0.0455882
645,3,0.0398252
645,4,0.0181408
645,5,0.0150589
645,6,0.0277302
645,7,0.032505
645,8,0.042123
645,9,0.0379261
645,10,0.0462963
645,11,0.0528879
645,12,0.0603309
645,13,0.0507769
645,14,0.0525057
645,15,0.050361
645,16,0.0548548
645,17,0.0397369
645,18,0.0406476
645,19,0.0471227
645,20,0.0333076
646,1,0.0306353
646,2,0.031897
646,3,0.027558
646,4,0.0168893
646,5,0.0162792
646,6,0.0203043
646,7,0.0212782
646,8,0.0252717
646,9,0.0229109
646,10,0.0268262
646,11,0.0301652
646,12,0.0402204
646,13,0.0344189
646,14,0.0404478
646,15,0.0367845
646,16,0.0370199
646,17,0.0285664
646,18,0.0325935
646,19,0.0333731
646,20,0.0253222
647,1,0.0233847
647,2,0.0238798
647,3,0.0203587
647,4,0.0130705
647,5,0.0141401
647,6,0.0163423
647,7,0.0162591
647,8,0.0183476
647,9,0.0160889
647,10,0.0184185
647,11,0.0203656
647,12,0.0269838
647,13,0.0232774
647,14,0.0290008
647,15,0.0265747
647,16,0.0266043
647,17,0.0205664
647,18,0.0245754
647,19,0.0248465
647,20,0.0189787
648,1,0.0188663
648,2,0.0208765
648,3,0.0176574
648,4,0.010094
648,5,0.0114427
648,6,0.0150374
648,7,0.0153692
648,8,0.0178931
648,9,0.0151284
648,10,0.017741
648,11,0.0197129
648,12,0.0221366
648,13,0.0188641
648,14,0.022243
648,15,0.0214278
648,16,0.0229029
648,17,0.0168584
648,18,0.0194308
648,19,0.0213661
648,20,0.0156269
649,1,0.0188408
649,2,0.0248817
649,3,0.0209528
649,4,0.00863388
649,5,0.00957015
649,6,0.0180566
649,7,0.02005
649,8,0.0253593
649,9,0.0209549
649,10,0.0259458
649,11,0.0294904
649,12,0.0270391
649,13,0.0225415
649,14,0.022442
649,15,0.0236832
649,16,0.0283321
649,17,0.0189774
649,18,0.0191285
649,19,0.0251273
649,20,0.0166766
650,1,0.028383
650,2,0.0448497
650,3,0.03795
650,4,0.00689806
650,5,0.00778875
650,6,0.0305264
650,7,0.0377383
650,8,0.0511278
650,9,0.0421357
650,10,0.0541101
650,11,0.0623983
650,12,0.0506119
650,13,0.0419783
650,14,0.0354662
650,15,0.0413966
650,16,0.0538231
650,17,0.0325577
650,18,0.0280813
650,19,0.0446698
650,20,0.0261325
651,1,0.0413757
651,2,0.0630609
651,3,0.0543257
651,4,0.00620812
651,5,0.006735
651,6,0.0389275
651,7,0.0507387
651,8,0.0697518
651,9,0.0592445
651,10,0.0756341
651,11,0.0871442
651,12,0.0749667
651,13,0.062704
651,14,0.0536247
651,15,0.0608592
651,16,0.0766902
651,17,0.0468639
651,18,0.040603
651,19,0.0625329
651,20,0.0365073
652,1,0.0406836
652,2,0.0517867
652,3,0.0452081
652,4,0.0166073
652,5,0.0133165
652,6,0.0313616
652,7,0.0382065
652,8,0.0507246
652,9,0.0450525
652,10,0.0558015
652,11,0.0639572
652,12,0.0676271
652,13,0.0567064
652,14,0.0556791
652,15,0.0554312
652,16,0.0628122
652,17,0.0437264
652,18,0.0426853
652,19,0.0530744
652,20,0.0358779
653,1,0.0336029
653,2,0.0361019
653,3,0.031348
653,4,0.0180344
653,5,0.0164618
653,6,0.0224411
653,7,0.0243604
653,8,0.0298261
653,9,0.0271456
653,10,0.0322264
653,11,0.0364765
653,12,0.04686
653,13,0.0398756
653,14,0.0451435
653,15,0.0414482
653,16,0.042504
653,17,0.0323677
653,18,0.0358069
653,19,0.0377093
653,20,0.0281795
654,1,0.0257921
654,2,0.0262109
654,3,0.0224334
654,4,0.0144443
654,5,0.0151168
654,6,0.0174902
654,7,0.0175498
654,8,0.0199843
654,9,0.0177608
654,10,0.0204059
654,11,0.0226635
654,12,0.030729
654,13,0.0264908
654,14,0.0327084
654,15,0.0297434
654,16,0.0295828
654,17,0.0229844
654,18,0.0272586
654,19,0.0273746
654,20,0.0209787
655,1,0.019902
655,2,0.0208876
655,3,0.0177222
655,4,0.0109836
655,5,0.0123613
655,6,0.0148183
655,7,0.0147835
655,8,0.0167329
655,9,0.0143617
655,10,0.0165022
655,11,0.0181992
655,12,0.0223758
655,13,0.019223
655,14,0.0237181
655,15,0.0222076
655,16,0.0228231
655,17,0.0173286
655,18,0.0206386
655,19,0.0215165
655,20,0.016198
656,1,0.017763
656,2,0.0216694
656,3,0.0182617
656,4,0.00886416
656,5,0.0100299
656,6,0.0158157
656,7,0.0168921
656,8,0.0206116
656,9,0.0171323
656,10,0.0207452
656,11,0.0233492
656,12,0.0230247
656,13,0.0193538
656,14,0.0208085
656,15,0.0211123
656,16,0.0241232
656,17,0.0168236
656,18,0.0180953
656,19,0.0219628
656,20,0.0152341
657,1,0.0235044
657,2,0.0357669
657,3,0.0301241
657,4,0.0077566
657,5,0.00851436
657,6,0.0252078
657,7,0.0300594
657,8,0.0400351
657,9,0.0328327
657,10,0.0418968
657,11,0.0481898
657,12,0.0398014
657,13,0.0329459
657,14,0.0289001
657,15,0.0329756
657,16,0.0423165
657,17,0.0262714
657,18,0.023546
657,19,0.0358228
657,20,0.0217237
658,1,0.0381067
658,2,0.060372
658,3,0.051712
658,4,0.00439446
658,5,0.00576776
658,6,0.0380404
658,7,0.049573
658,8,0.068325
658,9,0.0573149
658,10,0.0736203
658,11,0.0849411
658,12,0.0698945
658,13,0.0583738
658,14,0.0485492
658,15,0.0568387
658,16,0.073333
658,17,0.0436691
658,18,0.0369614
658,19,0.0596125
658,20,0.0338642
659,1,0.0424635
659,2,0.0582054
659,3,0.0506425
659,4,0.0133433
659,5,0.0108181
659,6,0.035285
659,7,0.0445067
659,8,0.0602019
659,9,0.0525906
659,10,0.0660091
659,11,0.0758372
659,12,0.0738563
659,13,0.0618095
659,14,0.0573894
659,15,0.0599266
659,16,0.0708772
659,17,0.0469759
659,18,0.0436377
659,19,0.0589273
659,20,0.0376835
660,1,0.0363826
660,2,0.0407493
660,3,0.0355661
660,4,0.018669
660,5,0.016052
660,6,0.0248007
660,7,0.0280221
660,8,0.0353796
660,9,0.032214
660,10,0.0387637
660,11,0.0441145
660,12,0.0540284
660,13,0.0457126
660,14,0.0496048
660,15,0.0462512
660,16,0.0486115
660,17,0.0363393
660,18,0.0387721
660,19,0.0424161
660,20,0.0310314
661,1,0.0283136
661,2,0.0288916
661,3,0.0248389
661,4,0.0158066
661,5,0.0158884
661,6,0.0187619
661,7,0.0191352
661,8,0.0221571
661,9,0.0199376
661,10,0.0230807
661,11,0.0257856
661,12,0.0351999
661,13,0.0302745
661,14,0.0367179
661,15,0.0332635
661,16,0.0330817
661,17,0.0257171
661,18,0.0300687
661,19,0.0302515
661,20,0.0231574
662,1,0.0216608
662,2,0.0223771
662,3,0.0190172
662,4,0.0120306
662,5,0.0133165
662,6,0.0156081
662,7,0.0155059
662,8,0.0174746
662,9,0.015132
662,10,0.0173355
662,11,0.0191262
662,12,0.0244841
662,13,0.0210992
662,14,0.0263054
662,15,0.0243565
662,16,0.0246664
662,17,0.0189095
662,18,0.0226292
662,19,0.0231829
662,20,0.0175908
663,1,0.0180263
663,2,0.0206141
663,3,0.0174155
663,4,0.00945686
663,5,0.0107434
663,6,0.014964
663,7,0.0155257
663,8,0.0183724
663,9,0.0154292
663,10,0.0182917
663,11,0.0204106
663,12,0.0217684
663,13,0.0184469
663,14,0.0210664
663,15,0.0206688
663,16,0.0226424
663,17,0.0163629
663,18,0.0184517
663,19,0.0209917
663,20,0.0150898
664,1,0.0202072
664,2,0.028587
664,3,0.0240461
664,4,0.0082868
664,5,0.00910567
664,6,0.0205907
664,7,0.0235893
664,8,0.0306062
664,9,0.0251464
664,10,0.0316358
664,11,0.0361847
664,12,0.0313792
664,13,0.0260349
664,14,0.0243788
664,15,0.0266999
664,16,0.0331276
664,17,0.0214034
664,18,0.0204195
664,19,0.028768
664,20,0.0183253
665,1,0.0329484
665,2,0.0528737
665,3,0.0449748
665,4,0.00540991
665,5,0.00664183
665,6,0.034703
665,7,0.0441875
665,8,0.0605251
665,9,0.0502017
665,10,0.0646153
665,11,0.0745794
665,12,0.0601793
665,13,0.0500727
665,14,0.041508
665,15,0.0490175
665,16,0.0639426
665,17,0.0380451
665,18,0.0321699
665,19,0.052369
665,20,0.0298889
666,1,0.0434161
666,2,0.0638314
666,3,0.0552541
666,4,0.00845645
666,5,0.00785158
666,6,0.0387829
666,7,0.0503532
666,8,0.0690091
666,9,0.0592737
666,10,0.0752492
666,11,0.0866062
666,12,0.0777973
666,13,0.0651185
666,14,0.0572483
666,15,0.0630909
666,16,0.0777459
666,17,0.0487956
666,18,0.0432537
666,19,0.0636864
666,20,0.0382754
667,1,0.0395339
667,2,0.0473865
667,3,0.0414608
667,4,0.0182791
667,5,0.0148033
667,6,0.028479
667,7,0.0337391
667,8,0.0440109
667,9,0.0396683
667,10,0.0485458
667,11,0.0555081
667,12,0.0629378
667,13,0.0529459
667,14,0.0543801
667,15,0.0523347
667,16,0.0572213
667,17,0.0412863
667,18,0.0419421
667,19,0.0489783
667,20,0.0344397
668,1,0.0316693
668,2,0.0330105
668,3,0.0285468
668,4,0.0174017
668,5,0.0165356
668,6,0.0207935
668,7,0.0218932
668,8,0.0261186
668,9,0.0237357
668,10,0.0278495
668,11,0.0313556
668,12,0.041883
668,13,0.0358317
668,14,0.0420145
668,15,0.0381927
668,16,0.0384375
668,17,0.0296552
668,18,0.0337508
668,19,0.034574
668,20,0.0262153
669,1,0.0242507
669,2,0.024824
669,3,0.0211616
669,4,0.0135114
669,5,0.0145195
669,6,0.0168957
669,7,0.0168523
669,8,0.019083
669,9,0.0167336
669,10,0.0192079
669,11,0.0212689
669,12,0.0281403
669,13,0.0242714
669,14,0.0301858
669,15,0.0276766
669,16,0.0277373
669,17,0.021409
669,18,0.025523
669,19,0.0258541
669,20,0.0197132
670,1,0.0191663
670,2,0.0207117
670,3,0.0175467
670,4,0.0104113
670,5,0.0117807
670,6,0.0148458
670,7,0.0150156
670,8,0.0172638
670,9,0.014688
670,10,0.0170603
670,11,0.018887
670,12,0.0219714
670,13,0.0187771
670,14,0.02258
670,15,0.0214925
670,16,0.0226051
670,17,0.0168746
670,18,0.0197574
670,19,0.0212271
670,20,0.0157355
671,1,0.0183777
671,2,0.0236591
671,3,0.0199216
671,4,0.00868856
671,5,0.00971926
671,6,0.0172292
671,7,0.0188817
671,8,0.0236094
671,9,0.0195297
671,10,0.0240186
671,11,0.0272158
671,12,0.0254677
671,13,0.0212812
671,14,0.0217141
671,15,0.0226374
671,16,0.0267096
671,17,0.018113
671,18,0.0186612
671,19,0.0239055
671,20,0.0160923
672,1,0.0268311
672,2,0.0421069
672,3,0.0355689
672,4,0.00718352
672,5,0.00802876
672,6,0.0289948
672,7,0.0354847
672,8,0.0478715
672,9,0.0393654
672,10,0.0504952
672,11,0.0581996
672,12,0.0472889
672,13,0.0391849
672,14,0.0333613
672,15,0.0387812
672,16,0.0503453
672,17,0.0306272
672,18,0.0266385
672,19,0.0420005
672,20,0.0247819
673,1,0.041631
673,2,0.064754
673,3,0.0557258
673,4,0.00423235
673,5,0.00549782
673,6,0.0397439
673,7,0.0523605
673,8,0.0723066
673,9,0.0611748
673,10,0.0783635
673,11,0.0903496
673,12,0.075996
673,13,0.0636148
673,14,0.0535303
673,15,0.0618362
673,16,0.0787942
673,17,0.047296
673,18,0.0404102
673,19,0.0639327
673,20,0.0365415
674,1,0.0420871
674,2,0.0548031
674,3,0.0478757
674,4,0.015863
674,5,0.0124079
674,6,0.0328424
674,7,0.0406866
674,8,0.0545091
674,9,0.0482849
674,10,0.0600821
674,11,0.0689369
674,12,0.07129
674,13,0.0597412
674,14,0.0576709
674,15,0.0581638
674,16,0.0667039
674,17,0.0457976
674,18,0.0440018
674,19,0.0560095
674,20,0.0372474
675,1,0.0349538
675,2,0.0377559
675,3,0.0328637
675,4,0.018602
675,5,0.0165373
675,6,0.0231041
675,7,0.0253652
675,8,0.0313323
675,9,0.0286297
675,10,0.0340968
675,11,0.038664
675,12,0.0495393
675,13,0.0421085
675,14,0.047296
675,15,0.0434565
675,16,0.0446725
675,17,0.0339714
675,18,0.0373149
675,19,0.0394577
675,20,0.0294164
676,1,0.026923
676,2,0.0273896
676,3,0.0234561
676,4,0.0150392
676,5,0.0155386
676,6,0.01809
676,7,0.0182195
676,8,0.0208434
676,9,0.0185684
676,10,0.0213972
676,11,0.0238102
676,12,0.0323866
676,13,0.0279158
676,14,0.0343759
676,15,0.031234
676,16,0.0310548
676,17,0.0241177
676,18,0.0285168
676,19,0.0286477
676,20,0.0219338
677,1,0.0206763
677,2,0.0215434
677,3,0.018288
677,4,0.011441
677,5,0.0128069
677,6,0.0151875
677,7,0.0151125
677,8,0.0170552
677,9,0.014679
677,10,0.0168325
677,11,0.0185561
677,12,0.0231663
677,13,0.0199276
677,14,0.0247437
677,15,0.0230712
677,16,0.023572
677,17,0.0179741
677,18,0.0214883
677,19,0.0222333
677,20,0.0167996
678,1,0.0176733
678,2,0.0207527
678,3,0.0175179
678,4,0.00910843
678,5,0.0103412
678,6,0.015123
678,7,0.0158804
678,8,0.0190346
678,9,0.015916
678,10,0.0190323
678,11,0.0213112
678,12,0.0219296
678,13,0.0185089
678,14,0.0205872
678,15,0.0204867
678,16,0.0228632
678,17,0.0162815
678,18,0.0180171
678,19,0.0210619
678,20,0.0149263
679,1,0.0214254
679,2,0.0314967
679,3,0.0264965
679,4,0.00803112
679,5,0.00880116
679,6,0.0225084
679,7,0.0262802
679,8,0.0345592
679,9,0.0283415
679,10,0.0359332
679,11,0.041225
679,12,0.0347932
679,13,0.0288155
679,14,0.0260727
679,15,0.0291689
679,16,0.0368721
679,17,0.0233413
679,18,0.0215666
679,19,0.0316221
679,20,0.0196569
680,1,0.0362099
680,2,0.0583513
680,3,0.0498231
680,4,0.00391595
680,5,0.00554435
680,6,0.0372408
680,7,0.0483731
680,8,0.0666852
680,9,0.0555861
680,10,0.0715946
680,11,0.0826528
680,12,0.0666996
680,13,0.0556487
680,14,0.04579
680,15,0.0543331
680,16,0.070828
680,17,0.0417516
680,18,0.0350232
680,19,0.0575694
680,20,0.0323781
681,1,0.0440427
681,2,0.062863
681,3,0.0546076
681,4,0.0105499
681,5,0.00888141
681,6,0.0378188
681,7,0.04878
681,8,0.0666403
681,9,0.0577515
681,10,0.0729824
681,11,0.0839401
681,12,0.0781933
681,13,0.0654603
681,14,0.0589035
681,15,0.0633725
681,16,0.0766735
681,17,0.0492645
681,18,0.0445174
681,19,0.063121
681,20,0.0389325
682,1,0.0387297
682,2,0.0448083
682,3,0.039203
682,4,0.0189151
682,5,0.0155706
682,6,0.0268591
682,7,0.031195
682,8,0.0401543
682,9,0.0364619
682,10,0.0442802
682,11,0.0505387
682,12,0.0597569
682,13,0.0504079
682,14,0.0532398
682,15,0.0503388
682,16,0.0538861
682,17,0.0396344
682,18,0.0412621
682,19,0.0465218
682,20,0.0334097
683,1,0.0304626
683,2,0.0312419
683,3,0.0269477
683,4,0.0169176
683,5,0.0164686
683,6,0.0198619
683,7,0.0205394
683,8,0.0241012
683,9,0.0218537
683,10,0.0254433
683,11,0.0285362
683,12,0.0389431
683,13,0.0334275
683,14,0.0400316
683,15,0.036226
683,16,0.0360957
683,17,0.0280391
683,18,0.0324468
683,19,0.0327569
683,20,0.0250273
684,1,0.0230206
684,2,0.0233221
684,3,0.0198604
684,4,0.012905
684,5,0.0140928
684,6,0.0160146
684,7,0.0158003
684,8,0.0176613
684,9,0.0154474
684,10,0.0175862
684,11,0.0193795
684,12,0.0259007
684,13,0.0223833
684,14,0.0282661
684,15,0.0258731
684,16,0.0257933
684,17,0.02001
684,18,0.0241556
684,19,0.0242571
684,20,0.0186
685,1,0.0182744
685,2,0.0199397
685,3,0.016868
685,4,0.00987628
685,5,0.0112818
685,6,0.0144077
685,7,0.0145937
685,8,0.0168128
685,9,0.0142237
685,10,0.0165571
685,11,0.0183268
685,12,0.0208514
685,13,0.0177936
685,14,0.0212844
685,15,0.0204107
685,16,0.0216555
685,17,0.0160597
685,18,0.0187584
685,19,0.0203728
685,20,0.0150209
686,1,0.0182251
686,2,0.0241452
686,3,0.0203127
686,4,0.00835069
686,5,0.00932773
686,6,0.0175997
686,7,0.0195106
686,8,0.024656
686,9,0.0203217
686,10,0.0251683
686,11,0.0285957
686,12,0.0260143
686,13,0.0216744
686,14,0.0215444
686,15,0.0228244
686,16,0.0274006
686,17,0.0183039
686,18,0.0184554
686,19,0.0243466
686,20,0.0161293
687,1,0.028445
687,2,0.0455239
687,3,0.0385146
687,4,0.0063817
687,5,0.00736371
687,6,0.030907
687,7,0.0384257
687,8,0.0522212
687,9,0.0429806
687,10,0.0553016
687,11,0.0638074
687,12,0.0512097
687,13,0.0424649
687,14,0.0354914
687,15,0.0418126
687,16,0.0547132
687,17,0.0328293
687,18,0.028038
687,19,0.0452697
687,20,0.0262269
688,1,0.0431597
688,2,0.0665677
688,3,0.0574323
688,4,0.00418871
688,5,0.00524704
688,6,0.0402814
688,7,0.05339
688,8,0.0738443
688,9,0.0627659
688,10,0.0803032
688,11,0.0925655
688,12,0.0787803
688,13,0.0660011
688,14,0.0558312
688,15,0.0640455
688,16,0.0811166
688,17,0.0489282
688,18,0.0419648
688,19,0.0657537
688,20,0.0377302
689,1,0.0418058
689,2,0.0530224
689,3,0.0464268
689,4,0.0168948
689,5,0.0130122
689,6,0.0314691
689,7,0.0386672
689,8,0.0515649
689,9,0.0460501
689,10,0.0570443
689,11,0.0654162
689,12,0.0698709
689,13,0.0586121
689,14,0.0576852
689,15,0.0572035
689,16,0.0645497
689,17,0.0450996
689,18,0.0440546
689,19,0.0544501
689,20,0.0369033
690,1,0.034276
690,2,0.036466
690,3,0.0316877
690,4,0.0184694
690,5,0.0166503
690,6,0.022353
690,7,0.0242148
690,8,0.0296016
690,9,0.0270666
690,10,0.0320905
690,11,0.0363266
690,12,0.047508
690,13,0.0404824
690,14,0.0462167
690,15,0.042226
690,16,0.0429924
690,17,0.0329158
690,18,0.0366288
690,19,0.0381878
690,20,0.0286803
691,1,0.0262065
691,2,0.0265293
691,3,0.0226876
691,4,0.0146723
691,5,0.0153316
691,6,0.0176229
691,7,0.0176206
691,8,0.0200052
691,9,0.0177649
691,10,0.0203927
691,11,0.0226373
691,12,0.0309275
691,13,0.026697
691,14,0.0332035
691,15,0.0301652
691,16,0.0299198
691,17,0.0232786
691,18,0.0277287
691,19,0.0277433
691,20,0.0212885
692,1,0.020159
692,2,0.0210967
692,3,0.0178936
692,4,0.0111286
692,5,0.0125296
692,6,0.0149464
692,7,0.0148777
692,8,0.0167982
692,9,0.0144058
692,10,0.01653
692,11,0.0182146
692,12,0.0224523
692,13,0.0192997
692,14,0.0239343
692,15,0.0224027
692,16,0.0229928
692,17,0.0174798
692,18,0.0208961
692,19,0.0217317
692,20,0.0163816
693,1,0.0173322
693,2,0.0204735
693,3,0.017282
693,4,0.00890787
693,5,0.0101151
693,6,0.0149439
693,7,0.0157324
693,8,0.0189059
693,9,0.0157955
693,10,0.0189165
693,11,0.0211942
693,12,0.0216136
693,13,0.0182193
693,14,0.0201243
693,15,0.0200978
693,16,0.0225369
693,17,0.015999
693,18,0.0176314
693,19,0.0207466
693,20,0.0146611
694,1,0.0217494
694,2,0.0324977
694,3,0.0273331
694,4,0.0078094
694,5,0.00857797
694,6,0.0231624
694,7,0.02724
694,8,0.0360015
694,9,0.029487
694,10,0.0375005
694,11,0.0430703
694,12,0.035918
694,13,0.0297278
694,14,0.0265266
694,15,0.0299645
694,16,0.0381799
694,17,0.0239544
694,18,0.0218468
694,19,0.0325898
694,20,0.020045
695,1,0.0374845
695,2,0.0605968
695,3,0.0518214
695,4,0.00300608
695,5,0.00486338
695,6,0.0381761
695,7,0.0500608
695,8,0.0692314
695,9,0.0578174
695,10,0.0745091
695,11,0.0860314
695,12,0.0693269
695,13,0.0579078
695,14,0.0474474
695,15,0.0564827
695,16,0.0736676
695,17,0.0432056
695,18,0.036086
695,19,0.0596711
695,20,0.0333038
696,1,0.044441
696,2,0.0628418
696,3,0.054679
696,4,0.0111152
696,5,0.00903126
696,6,0.0375208
696,7,0.0484045
696,8,0.066129
696,9,0.0575205
696,10,0.0725965
696,11,0.0834884
696,12,0.0787679
696,13,0.0659561
696,14,0.0597866
696,15,0.0638274
696,16,0.0767391
696,17,0.049673
696,18,0.045144
696,19,0.0632408
696,20,0.0393106
697,1,0.0383603
697,2,0.043559
697,3,0.0381447
697,4,0.0191859
697,5,0.015801
697,6,0.0259362
697,7,0.029879
697,8,0.0382319
697,9,0.0349213
697,10,0.0422316
697,11,0.0481641
697,12,0.0583654
697,13,0.0493073
697,14,0.0528004
697,15,0.0494516
697,16,0.0523236
697,17,0.0388985
697,18,0.0409804
697,19,0.0453455
697,20,0.0329336
698,1,0.0301018
698,2,0.0308608
698,3,0.0265651
698,4,0.0166992
698,5,0.0163998
698,6,0.0197088
698,7,0.0202803
698,8,0.0237103
698,9,0.0214048
698,10,0.0249132
698,11,0.0279182
698,12,0.0380672
698,13,0.0327126
698,14,0.0394086
698,15,0.0357086
698,16,0.0355779
698,17,0.0276015
698,18,0.0320611
698,19,0.0323679
698,20,0.0247074
699,1,0.0226165
699,2,0.0227687
699,3,0.0193931
699,4,0.0127267
699,5,0.0139511
699,6,0.0156574
699,7,0.0153803
699,8,0.0170922
699,9,0.0149603
699,10,0.0169564
699,11,0.0186459
699,12,0.0251197
699,13,0.0217245
699,14,0.0276192
699,15,0.0252344
699,16,0.0250699
699,17,0.0195236
699,18,0.0237027
699,19,0.023671
699,20,0.0182201
