t,unit,output
500,1,-0.0102264
500,2,-0.00878182
500,3,0.0148698
500,4,-0.0427812
500,5,-0.0334607
500,6,-0.028233
500,7,-0.0260329
500,8,-0.0258183
500,9,-0.0266906
500,10,-0.0279718
500,11,-0.0497024
500,12,-0.0447955
500,13,-0.0422225
500,14,-0.0412827
500,15,-0.0413518
500,16,-0.0419277
500,17,-0.0426528
500,18,0.00316643
500,19,-0.00270284
500,20,-0.00620996
501,1,-0.00786378
501,2,-0.00824179
501,3,0.0191756
501,4,-0.0601886
501,5,-0.049183
501,6,-0.0405565
501,7,-0.0345762
501,8,-0.03097
501,9,-0.0292079
501,10,-0.0286989
501,11,-0.0595092
501,12,-0.0534506
501,13,-0.0488273
501,14,-0.0457207
501,15,-0.0439218
501,16,-0.0431007
501,17,-0.0429163
501,18,0.00905193
501,19,0.00421173
501,20,-7.9551e-05
502,1,-0.00328482
502,2,-0.00532593
502,3,0.0158555
502,4,-0.04424
502,5,-0.0462753
502,6,-0.0439205
502,7,-0.0400729
502,8,-0.0363246
502,9,-0.0333942
502,10,-0.0314609
502,11,-0.0523953
502,12,-0.0528298
502,13,-0.0511817
502,14,-0.0489331
502,15,-0.0468696
502,16,-0.0453177
502,17,-0.0443289
502,18,0.000717276
502,19,0.00215617
502,20,0.00123558
503,1,-0.000625762
503,2,-0.00256112
503,3,0.0107904
503,4,-0.0232412
503,5,-0.0327259
503,6,-0.0373354
503,7,-0.0384626
503,8,-0.0375823
503,9,-0.0358578
503,10,-0.0340473
503,11,-0.041899
503,12,-0.0463999
503,13,-0.0483689
503,14,-0.0486012
503,15,-0.0478882
503,16,-0.0468297
503,17,-0.0458
503,18,-0.0107843
503,19,-0.00545588
503,20,-0.00270057
504,1,-0.00184624
504,2,-0.0021406
504,3,0.00763697
504,4,-0.0138933
504,5,-0.0216479
504,6,-0.0281075
504,7,-0.0323714
504,8,-0.034517
504,9,-0.0350691
504,10,-0.0346484
504,11,-0.0363146
504,12,-0.0404674
504,13,-0.043721
504,14,-0.0457305
504,15,-0.0466189
504,16,-0.0467057
504,17,-0.0463328
504,18,-0.0170002
504,19,-0.0122467
504,20,-0.00831592
505,1,-0.00565193
505,2,-0.00420609
505,3,0.0064122
505,4,-0.0137623
505,5,-0.0170093
505,6,-0.0215791
505,7,-0.026023
505,8,-0.0295205
505,9,-0.0318052
505,10,-0.0329759
505,11,-0.0348375
505,12,-0.0371557
505,13,-0.039859
505,14,-0.0422767
505,15,-0.0440647
505,16,-0.0451522
505,17,-0.0456383
505,18,-0.0167469
505,19,-0.0148939
505,20,-0.0121853
506,1,-0.0094951
506,2,-0.00731727
506,3,0.00840123
506,4,-0.0224044
506,5,-0.0201829
506,6,-0.0207578
506,7,-0.0229258
506,8,-0.0256413
506,9,-0.0281794
506,10,-0.0301544
506,11,-0.0385145
506,12,-0.037955
506,13,-0.038739
506,14,-0.0401957
506,15,-0.0417888
506,16,-0.0431737
506,17,-0.0441886
506,18,-0.0094201
506,19,-0.011674
506,20,-0.0118845
507,1,-0.0109007
507,2,-0.00942514
507,3,0.0148278
507,4,-0.0443342
507,5,-0.0343895
507,6,-0.0287765
507,7,-0.0263674
507,8,-0.0260684
507,9,-0.0269376
507,10,-0.0282622
507,11,-0.050661
507,12,-0.0454291
507,13,-0.0426744
507,14,-0.0416537
507,15,-0.0417094
507,16,-0.0423123
507,17,-0.0430849
507,18,0.0034456
507,19,-0.00278012
507,20,-0.006529
508,1,-0.00832909
508,2,-0.00878041
508,3,0.0192238
508,4,-0.0624506
508,5,-0.050896
508,6,-0.041788
508,7,-0.0354383
508,8,-0.0315801
508,9,-0.0296685
508,10,-0.0290894
508,11,-0.0608002
508,12,-0.054471
508,13,-0.0496135
508,14,-0.046336
508,15,-0.0444309
508,16,-0.0435585
508,17,-0.0433635
508,18,0.00934652
508,19,0.0043532
508,20,-0.000127708
509,1,-0.00350475
509,2,-0.00567708
509,3,0.0158539
509,4,-0.0456484
509,5,-0.0478092
509,6,-0.0453299
509,7,-0.0412569
509,8,-0.0372723
509,9,-0.0341413
509,10,-0.0320611
509,11,-0.0534294
509,12,-0.0538583
509,13,-0.0521105
509,14,-0.0497327
509,15,-0.0475496
509,16,-0.0459062
509,17,-0.0448592
509,18,0.000735588
509,19,0.00222519
509,20,0.00125635
510,1,-0.000704102
510,2,-0.0027518
510,3,0.010678
510,4,-0.0236307
510,5,-0.0335866
510,6,-0.038422
510,7,-0.0395893
510,8,-0.0386353
510,9,-0.0367848
510,10,-0.0348398
510,11,-0.042584
510,12,-0.0472264
510,13,-0.0492375
510,14,-0.0494414
510,15,-0.0486624
510,16,-0.0475275
510,17,-0.0464288
510,18,-0.0111518
510,19,-0.00564361
510,20,-0.00280245
511,1,-0.00193843
511,2,-0.00227334
511,3,0.00731444
511,4,-0.0136398
511,5,-0.0218532
511,6,-0.0286756
511,7,-0.0331695
511,8,-0.0354201
511,9,-0.0359821
511,10,-0.0355117
511,11,-0.0366526
511,12,-0.0410065
511,13,-0.0443957
511,14,-0.0464734
511,15,-0.0473747
511,16,-0.0474377
511,17,-0.0470223
511,18,-0.0178328
511,19,-0.0128137
511,20,-0.00869143
512,1,-0.00591078
512,2,-0.00441301
512,3,0.00578624
512,4,-0.0130484
512,5,-0.0166739
512,6,-0.0216158
512,7,-0.0263732
512,8,-0.0300984
512,9,-0.0325211
512,10,-0.0337525
512,11,-0.0347542
512,12,-0.0373287
512,13,-0.0402386
512,14,-0.0428059
512,15,-0.0446872
512,16,-0.0458197
512,17,-0.0463149
512,18,-0.0180173
512,19,-0.0158747
512,20,-0.0129169
513,1,-0.010032
513,2,-0.0077183
513,3,0.0078604
513,4,-0.0219893
513,5,-0.0198006
513,6,-0.020548
513,7,-0.0229466
513,8,-0.0258915
513,9,-0.0286213
513,10,-0.0307342
513,11,-0.0385164
513,12,-0.0380273
513,13,-0.0389379
513,14,-0.0405306
513,15,-0.0422421
513,16,-0.0437153
513,17,-0.0447857
513,18,-0.0102851
513,19,-0.0125867
513,20,-0.0127226
514,1,-0.0116147
514,2,-0.0100103
514,3,0.0146103
514,4,-0.0450851
514,5,-0.0346738
514,6,-0.0288573
514,7,-0.0264235
514,8,-0.0262044
514,9,-0.0271996
514,10,-0.028655
514,11,-0.0512634
514,12,-0.0458132
514,13,-0.0429822
514,14,-0.0419727
514,15,-0.0420836
514,16,-0.0427555
514,17,-0.0435914
514,18,0.00333887
514,19,-0.00321872
514,20,-0.0071321
515,1,-0.00897789
515,2,-0.00940301
515,3,0.0191997
515,4,-0.0645179
515,5,-0.0522292
515,6,-0.0426055
515,7,-0.0359423
515,8,-0.0319326
515,9,-0.0299837
515,10,-0.0294366
515,11,-0.0619818
515,12,-0.0553242
515,13,-0.0502422
515,14,-0.0468371
515,15,-0.0448798
515,16,-0.0440051
515,17,-0.0438348
515,18,0.00958307
515,19,0.00431175
515,20,-0.000400425
516,1,-0.00393232
516,2,-0.00618496
516,3,0.015552
516,4,-0.0464334
516,5,-0.0488199
516,6,-0.046261
516,7,-0.0420121
516,8,-0.0378617
516,9,-0.0346178
516,10,-0.0324844
516,11,-0.0539637
516,12,-0.0545239
516,13,-0.0527608
516,14,-0.0503217
516,15,-0.0480809
516,16,-0.0464026
516,17,-0.0453453
516,18,0.00047687
516,19,0.00205594
516,20,0.00104449
517,1,-0.00100478
517,2,-0.0031378
517,3,0.0101902
517,4,-0.0235074
517,5,-0.0339302
517,6,-0.0390076
517,7,-0.0402447
517,8,-0.0392635
517,9,-0.0373506
517,10,-0.0353469
517,11,-0.0426688
517,12,-0.0475503
517,13,-0.0496958
517,14,-0.0499535
517,15,-0.0491824
517,16,-0.0480378
517,17,-0.0469291
517,18,-0.0118263
517,19,-0.00611011
517,20,-0.0031641
518,1,-0.00227497
518,2,-0.00263025
518,3,0.00680357
518,4,-0.0133959
518,5,-0.0218512
518,6,-0.0289156
518,7,-0.0335805
518,8,-0.0359206
518,9,-0.0365094
518,10,-0.0360307
518,11,-0.0366699
518,12,-0.04115
518,13,-0.0446689
518,14,-0.0468449
518,15,-0.0478074
518,16,-0.0479023
518,17,-0.0475016
518,18,-0.0185891
518,19,-0.0134507
518,20,-0.00921503
519,1,-0.00635736
519,2,-0.00482267
519,3,0.00546943
519,4,-0.0131862
519,5,-0.0167541
519,6,-0.0217618
519,7,-0.0266283
519,8,-0.0304545
519,9,-0.0329477
519,10,-0.0342172
519,11,-0.035031
519,12,-0.0375506
519,13,-0.0404816
519,14,-0.0431018
519,15,-0.0450394
519,16,-0.0462182
519,17,-0.0467467
519,18,-0.0183824
519,19,-0.0163517
519,20,-0.0134131
520,1,-0.0105078
520,2,-0.00816685
520,3,0.00755191
520,4,-0.0222014
520,5,-0.0199584
520,6,-0.020701
520,7,-0.0231417
520,8,-0.0261528
520,9,-0.0289507
520,10,-0.0311193
520,11,-0.0388005
520,12,-0.0382858
520,13,-0.03919
520,14,-0.0408007
520,15,-0.0425461
520,16,-0.0440581
520,17,-0.0451652
520,18,-0.0105573
520,19,-0.0129433
520,20,-0.0131367
521,1,-0.0120542
521,2,-0.0104535
521,3,0.0145053
521,4,-0.0459561
521,5,-0.0352512
521,6,-0.0292599
521,7,-0.0267406
521,8,-0.0264986
521,9,-0.0275083
521,10,-0.0289952
521,11,-0.0519044
521,12,-0.0462967
521,13,-0.0433704
521,14,-0.0423123
521,15,-0.0424086
521,16,-0.0430878
521,17,-0.0439432
521,18,0.00338875
521,19,-0.00333619
521,20,-0.0073717
522,1,-0.00929979
522,2,-0.00977486
522,3,0.0196993
522,4,-0.0682091
522,5,-0.0546382
522,6,-0.0441883
522,7,-0.037004
522,8,-0.0326782
522,9,-0.0305494
522,10,-0.0299094
522,11,-0.0640897
522,12,-0.0567632
522,13,-0.0512485
522,14,-0.0475689
522,15,-0.0454441
522,16,-0.0444738
522,17,-0.0442553
522,18,0.0103774
522,19,0.00473062
522,20,-0.000252685
523,1,-0.00397796
523,2,-0.00636492
523,3,0.0157083
523,4,-0.0482025
523,5,-0.0508525
523,6,-0.0481084
523,7,-0.043536
523,8,-0.0390651
523,9,-0.0355587
523,10,-0.0332325
523,11,-0.0552906
523,12,-0.0558969
523,13,-0.0539829
523,14,-0.0513418
523,15,-0.0489133
523,16,-0.0470853
523,17,-0.04592
523,18,0.000524477
523,19,0.00225642
523,20,0.00122326
524,1,-0.000918421
524,2,-0.0031611
524,3,0.00997996
524,4,-0.0234473
524,5,-0.0347318
524,6,-0.0402398
524,7,-0.041597
524,8,-0.0405545
524,9,-0.0384974
524,10,-0.0363295
524,11,-0.043201
524,12,-0.0484287
524,13,-0.0507157
524,14,-0.0509735
524,15,-0.0501252
524,16,-0.0488735
524,17,-0.0476574
524,18,-0.0125955
524,19,-0.00648001
524,20,-0.00330808
525,1,-0.0023241
525,2,-0.00266875
525,3,0.00674971
525,4,-0.0134155
525,5,-0.0221928
525,6,-0.0296239
525,7,-0.034554
525,8,-0.0370248
525,9,-0.0376312
525,10,-0.0370952
525,11,-0.037401
525,12,-0.0419418
525,13,-0.0455546
525,14,-0.0477859
525,15,-0.0487492
525,16,-0.0488004
525,17,-0.0483297
525,18,-0.019189
525,19,-0.0139559
525,20,-0.0095715
526,1,-0.00658728
526,2,-0.00497376
526,3,0.00514296
526,4,-0.0128712
526,5,-0.0167095
526,6,-0.0220272
526,7,-0.0271853
526,8,-0.0312369
526,9,-0.0338698
526,10,-0.0351979
526,11,-0.0354489
526,12,-0.0381224
526,13,-0.0411828
526,14,-0.0439017
526,15,-0.0458977
526,16,-0.0470929
526,17,-0.0476022
526,18,-0.0193534
526,19,-0.0171309
526,20,-0.0140182
527,1,-0.0109584
527,2,-0.00849414
527,3,0.00665762
527,4,-0.0209583
527,5,-0.0192088
527,6,-0.0203693
527,7,-0.0231759
527,8,-0.0264951
527,9,-0.0295318
527,10,-0.0318649
527,11,-0.038366
527,12,-0.0382657
527,13,-0.0394668
527,14,-0.041293
527,15,-0.043189
527,16,-0.0447965
527,17,-0.0459518
527,18,-0.0121956
527,19,-0.0142278
527,20,-0.0141415
528,1,-0.0128308
528,2,-0.0110451
528,3,0.0140446
528,4,-0.0458651
528,5,-0.034889
528,6,-0.0289103
528,7,-0.0265491
528,8,-0.0265269
528,9,-0.0277642
528,10,-0.0294527
528,11,-0.0520685
528,12,-0.046385
528,13,-0.0435363
528,14,-0.0426126
528,15,-0.04285
528,16,-0.0436515
528,17,-0.0445987
528,18,0.00282039
528,19,-0.00419945
528,20,-0.00829323
529,1,-0.0101616
529,2,-0.0105254
529,3,0.0199272
529,4,-0.0718338
529,5,-0.0566212
529,6,-0.0452108
529,7,-0.0375266
529,8,-0.0329973
529,9,-0.0308425
529,10,-0.0302702
529,11,-0.0660325
529,12,-0.0579423
529,13,-0.0520105
529,14,-0.0481407
529,15,-0.0459622
529,16,-0.0450107
529,17,-0.0448411
529,18,0.0109971
529,19,0.0047397
529,20,-0.000626801
530,1,-0.00455291
530,2,-0.00701218
530,3,0.015751
530,4,-0.0508365
530,5,-0.0532184
530,6,-0.0499212
530,7,-0.0448175
530,8,-0.0399504
530,9,-0.0362001
530,10,-0.0337584
530,11,-0.0568345
530,12,-0.0572907
530,13,-0.0551165
530,14,-0.0522441
530,15,-0.0496574
530,16,-0.0477441
530,17,-0.0465487
530,18,0.000810068
530,19,0.00242815
530,20,0.00117023
531,1,-0.00118636
531,2,-0.00358523
531,3,0.00995519
531,4,-0.0246592
531,5,-0.0364189
531,6,-0.0419787
531,7,-0.0431476
531,8,-0.0418311
531,9,-0.0395124
531,10,-0.0371431
531,11,-0.0443341
531,12,-0.0496692
531,13,-0.0519122
531,14,-0.0520488
531,15,-0.0510641
531,16,-0.0496971
531,17,-0.0484007
531,18,-0.0126471
531,19,-0.00643966
531,20,-0.00330618
532,1,-0.00243331
532,2,-0.00290763
532,3,0.00660551
532,4,-0.0137446
532,5,-0.0230811
532,6,-0.0308624
532,7,-0.035921
532,8,-0.0383546
532,9,-0.0388313
532,10,-0.0381362
532,11,-0.0382372
532,12,-0.0429445
532,13,-0.0466371
532,14,-0.0488655
532,15,-0.0497708
532,16,-0.0497404
532,17,-0.0491888
532,18,-0.0197019
532,19,-0.014241
532,20,-0.00973842
533,1,-0.00673043
533,2,-0.00515634
533,3,0.00501408
533,4,-0.0130123
533,5,-0.0171582
533,6,-0.0228011
533,7,-0.0282034
533,8,-0.0323833
533,9,-0.0350384
533,10,-0.036314
533,11,-0.036269
533,12,-0.0390178
533,13,-0.0421551
533,14,-0.0449182
533,15,-0.0469163
533,16,-0.0480792
533,17,-0.0485361
533,18,-0.0199786
533,19,-0.017616
533,20,-0.0143723
534,1,-0.0112257
534,2,-0.00872652
534,3,0.00650259
534,4,-0.0210803
534,5,-0.0194653
534,6,-0.0208389
534,7,-0.0238714
534,8,-0.0273763
534,9,-0.0305313
534,10,-0.0329124
534,11,-0.0391515
534,12,-0.0390964
534,13,-0.0403559
534,14,-0.0422345
534,15,-0.0441623
534,16,-0.0457751
534,17,-0.046912
534,18,-0.0128458
534,19,-0.01481
534,20,-0.0146298
535,1,-0.0132281
535,2,-0.0113745
535,3,0.0138313
535,4,-0.046026
535,5,-0.0350893
535,6,-0.0292215
535,7,-0.0270185
535,8,-0.0271658
535,9,-0.0285516
535,10,-0.0303472
535,11,-0.0527846
535,12,-0.0471483
535,13,-0.0443514
535,14,-0.0434797
535,15,-0.0437608
535,16,-0.0445902
535,17,-0.0455463
535,18,0.00219032
535,19,-0.00480982
535,20,-0.00885333
536,1,-0.0106547
536,2,-0.0109511
536,3,0.0200111
536,4,-0.073786
536,5,-0.0578521
536,6,-0.046063
536,7,-0.0382211
536,8,-0.0336689
536,9,-0.0315618
536,10,-0.0310617
536,11,-0.0675502
536,12,-0.0591494
536,13,-0.0530561
536,14,-0.0491129
536,15,-0.0469091
536,16,-0.0459543
536,17,-0.0457863
536,18,0.010884
536,19,0.00442185
536,20,-0.0010444
537,1,-0.00500158
537,2,-0.00745138
537,3,0.0160906
537,4,-0.0536435
537,5,-0.0553764
537,6,-0.0515415
537,7,-0.0460566
537,8,-0.0409558
537,9,-0.0370877
537,10,-0.0346064
537,11,-0.0588632
537,12,-0.058981
537,13,-0.0565414
537,14,-0.0534826
537,15,-0.0507758
537,16,-0.0487905
537,17,-0.0475535
537,18,0.0010741
537,19,0.00245258
537,20,0.00101265
538,1,-0.0014638
538,2,-0.00392927
538,3,0.0100187
538,4,-0.0258746
538,5,-0.0380224
538,6,-0.0435891
538,7,-0.0446051
538,8,-0.0431025
538,9,-0.0406258
538,10,-0.0381472
538,11,-0.0456879
538,12,-0.0511615
538,13,-0.0533768
538,14,-0.0534203
538,15,-0.0523314
538,16,-0.0508734
538,17,-0.0495064
538,18,-0.0129168
538,19,-0.00658821
538,20,-0.00345844
539,1,-0.00263712
539,2,-0.00316918
539,3,0.00623158
539,4,-0.013691
539,5,-0.0237098
539,6,-0.0318954
539,7,-0.0371288
539,8,-0.0395886
539,9,-0.0400157
539,10,-0.0392463
539,11,-0.0388527
539,12,-0.0439211
539,13,-0.0478146
539,14,-0.0501228
539,15,-0.0510322
539,16,-0.0509668
539,17,-0.0503655
539,18,-0.0208123
539,19,-0.0149553
539,20,-0.0102213
540,1,-0.00709841
540,2,-0.00548049
540,3,0.00453717
540,4,-0.0127738
540,5,-0.0172769
540,6,-0.0232963
540,7,-0.028992
540,8,-0.0333553
540,9,-0.0360978
540,10,-0.0373943
540,11,-0.0367229
540,12,-0.0396868
540,13,-0.0430336
540,14,-0.0459527
540,15,-0.0480443
540,16,-0.0492477
540,17,-0.0497079
540,18,-0.0212149
540,19,-0.0186374
540,20,-0.015172
541,1,-0.0118476
541,2,-0.00922583
541,3,0.0057002
541,4,-0.0203844
541,5,-0.0191048
541,6,-0.0208307
541,7,-0.0241913
541,8,-0.0279647
541,9,-0.0313136
541,10,-0.0338174
541,11,-0.0391413
541,12,-0.0393659
541,13,-0.0408761
541,14,-0.0429665
541,15,-0.0450573
541,16,-0.0467828
541,17,-0.0479872
541,18,-0.0143546
541,19,-0.0161181
541,20,-0.0157285
542,1,-0.0141305
542,2,-0.0121109
542,3,0.0131013
542,4,-0.0455089
542,5,-0.0346366
542,6,-0.0289519
542,7,-0.0269916
542,8,-0.0273923
542,9,-0.029007
542,10,-0.0309877
542,11,-0.0527861
542,12,-0.0472601
542,13,-0.0446314
542,14,-0.0439458
542,15,-0.0444035
542,16,-0.0453832
542,17,-0.0464555
542,18,0.00119748
542,19,-0.00593248
542,20,-0.00996615
543,1,-0.0116809
543,2,-0.011858
543,3,0.0201066
543,4,-0.0775022
543,5,-0.0598517
543,6,-0.0471282
543,7,-0.0388367
543,8,-0.0341243
543,9,-0.0320172
543,10,-0.0315933
543,11,-0.0695936
543,12,-0.0603975
543,13,-0.0539056
543,14,-0.0498045
543,15,-0.0475806
543,16,-0.0466758
543,17,-0.0465851
543,18,0.0113165
543,19,0.004214
543,20,-0.00162489
544,1,-0.00576559
544,2,-0.00827421
544,3,0.0163941
544,4,-0.0579656
544,5,-0.0587422
544,6,-0.05396
544,7,-0.0477328
544,8,-0.0421293
544,9,-0.0379655
544,10,-0.0353416
544,11,-0.0613771
544,12,-0.0609737
544,13,-0.0580633
544,14,-0.0546626
544,15,-0.0517465
544,16,-0.0496585
544,17,-0.048393
544,18,0.00176786
544,19,0.00277509
544,20,0.000963337
545,1,-0.0018074
545,2,-0.0044702
545,3,0.00974331
545,4,-0.0270548
545,5,-0.0401026
545,6,-0.0458086
545,7,-0.0466009
545,8,-0.0447596
545,9,-0.041962
545,10,-0.039236
545,11,-0.0468691
545,12,-0.0526769
545,13,-0.0548948
545,14,-0.0547992
545,15,-0.0535422
545,16,-0.0519431
545,17,-0.0504813
545,18,-0.0133974
545,19,-0.00673814
545,20,-0.00356694
546,1,-0.00284242
546,2,-0.00351269
546,3,0.0059885
546,4,-0.0140718
546,5,-0.0247904
546,6,-0.0334449
546,7,-0.0388621
546,8,-0.0412905
546,9,-0.041567
546,10,-0.0406072
546,11,-0.0398871
546,12,-0.0451535
546,13,-0.0491646
546,14,-0.0514847
546,15,-0.0523319
546,16,-0.0521718
546,17,-0.0514757
546,18,-0.0215363
546,19,-0.015443
546,20,-0.0105528
547,1,-0.00737796
547,2,-0.00578638
547,3,0.00408959
547,4,-0.0126063
547,5,-0.0176233
547,6,-0.0241381
547,7,-0.0302009
547,8,-0.0347672
547,9,-0.0375671
547,10,-0.0388189
547,11,-0.0374615
547,12,-0.0406288
547,13,-0.0441435
547,14,-0.0471664
547,15,-0.0492934
547,16,-0.0504786
547,17,-0.0508892
547,18,-0.0224027
547,19,-0.0195369
547,20,-0.0158376
548,1,-0.0123542
548,2,-0.00964981
548,3,0.00494295
548,4,-0.0196913
548,5,-0.0188398
548,6,-0.0210214
548,7,-0.0248012
548,8,-0.0289049
548,9,-0.0324717
548,10,-0.0350852
548,11,-0.0394058
548,12,-0.0399094
548,13,-0.0416528
548,14,-0.0439231
548,15,-0.0461344
548,16,-0.0479232
548,17,-0.0491445
548,18,-0.0159152
548,19,-0.0174065
548,20,-0.0167605
549,1,-0.0149461
549,2,-0.0127653
549,3,0.0122276
549,4,-0.0443525
549,5,-0.0338473
549,6,-0.028566
549,7,-0.0270158
549,8,-0.0277937
549,9,-0.0297199
549,10,-0.0319292
549,11,-0.0526617
549,12,-0.0474108
549,13,-0.0450399
549,14,-0.04458
549,15,-0.0452201
549,16,-0.0463331
549,17,-0.0474907
549,18,-0.000170755
549,19,-0.00726782
549,20,-0.0111766
550,1,-0.0127287
550,2,-0.0127438
550,3,0.0201923
550,4,-0.0810816
550,5,-0.0616322
550,6,-0.0480167
550,7,-0.0393693
550,8,-0.0346028
550,9,-0.0325922
550,10,-0.0323192
550,11,-0.0717435
550,12,-0.0617241
550,13,-0.0548541
550,14,-0.0506236
550,15,-0.0483986
550,16,-0.0475481
550,17,-0.0475245
550,18,0.0116179
550,19,0.00384142
550,20,-0.00234245
551,1,-0.00661915
551,2,-0.00914106
551,3,0.0170425
551,4,-0.0639866
551,5,-0.0630172
551,6,-0.0568405
551,7,-0.0496465
551,8,-0.043452
551,9,-0.0389804
551,10,-0.0362375
551,11,-0.0648661
551,12,-0.0635724
551,13,-0.0599825
551,14,-0.0561288
551,15,-0.0529458
551,16,-0.0507232
551,17,-0.0494061
551,18,0.00287768
551,19,0.00327452
551,20,0.000961647
552,1,-0.00215986
552,2,-0.00503447
552,3,0.0101515
552,4,-0.0301226
552,5,-0.0436674
552,6,-0.0490916
552,7,-0.0493201
552,8,-0.0469038
552,9,-0.0436412
552,10,-0.0405926
552,11,-0.0494351
552,12,-0.0552563
552,13,-0.0572024
552,14,-0.0567603
552,15,-0.0551897
552,16,-0.0533505
552,17,-0.0517264
552,18,-0.0129587
552,19,-0.00627443
552,20,-0.00329487
553,1,-0.00282751
553,2,-0.00373626
553,3,0.00614723
553,4,-0.0151237
553,5,-0.026877
553,6,-0.0360242
553,7,-0.041499
553,8,-0.0437245
553,9,-0.0436902
553,10,-0.0424147
553,11,-0.0417688
553,12,-0.0473225
553,13,-0.0513907
553,14,-0.0536017
553,15,-0.0542556
553,16,-0.0538829
553,17,-0.0529949
553,18,-0.0219866
553,19,-0.0155169
553,20,-0.0104843
554,1,-0.00733149
554,2,-0.0058511
554,3,0.00384344
554,4,-0.0124534
554,5,-0.0183925
554,6,-0.0256526
554,7,-0.0321776
554,8,-0.0369322
554,9,-0.0397149
554,10,-0.0408266
554,11,-0.0387085
554,12,-0.0422555
554,13,-0.046017
554,14,-0.0491401
554,15,-0.0512465
554,16,-0.0523321
554,17,-0.052605
554,18,-0.0238667
554,19,-0.0204285
554,20,-0.0163338
555,1,-0.012627
555,2,-0.00983691
555,3,0.00412668
555,4,-0.0185099
555,5,-0.0184616
555,6,-0.0214226
555,7,-0.0258511
555,8,-0.0304139
555,9,-0.0342437
555,10,-0.0369543
555,11,-0.0398163
555,12,-0.0408207
555,13,-0.0429604
555,14,-0.045505
555,15,-0.0478691
555,16,-0.0497068
555,17,-0.0509002
555,18,-0.018242
555,19,-0.0191423
555,20,-0.0179859
556,1,-0.0157793
556,2,-0.0133324
556,3,0.0107968
556,4,-0.0412788
556,5,-0.0318835
556,6,-0.027576
556,7,-0.0268658
556,8,-0.0283268
556,9,-0.0307632
556,10,-0.0333125
556,11,-0.0517412
556,12,-0.0472445
556,13,-0.0454804
556,14,-0.0454905
556,15,-0.04647
556,16,-0.0478028
556,17,-0.0490782
556,18,-0.0028561
556,19,-0.00956219
556,20,-0.0130308
557,1,-0.0141625
557,2,-0.0138207
557,3,0.0197474
557,4,-0.0821811
557,5,-0.0614703
557,6,-0.0475138
557,7,-0.0390117
557,8,-0.034612
557,9,-0.0330272
557,10,-0.0331447
557,11,-0.0728527
557,12,-0.0623082
557,13,-0.0553791
557,14,-0.0513073
557,15,-0.0493155
557,16,-0.0486926
557,17,-0.0488514
557,18,0.0110708
557,19,0.00257485
557,20,-0.00385099
558,1,-0.00809691
558,2,-0.0104538
558,3,0.0171586
558,4,-0.0688488
558,5,-0.0658106
558,6,-0.0582766
558,7,-0.050344
558,8,-0.0438661
558,9,-0.039403
558,10,-0.0368261
558,11,-0.0675629
558,12,-0.0653992
558,13,-0.0612733
558,14,-0.0571696
558,15,-0.0539356
558,16,-0.0517767
558,17,-0.0505722
558,18,0.00349683
558,19,0.00311719
558,20,0.000247939
559,1,-0.00318817
559,2,-0.00617989
559,3,0.00992337
559,4,-0.0327369
559,5,-0.0463554
559,6,-0.0512642
559,7,-0.0508853
559,8,-0.047995
559,9,-0.0444572
559,10,-0.0413149
559,11,-0.0511397
559,12,-0.0570113
559,13,-0.0587662
559,14,-0.0581088
559,15,-0.0563904
559,16,-0.0544906
559,17,-0.0528771
559,18,-0.0128808
559,19,-0.0062934
559,20,-0.00359991
560,1,-0.00343037
560,2,-0.00456252
560,3,0.00562732
560,4,-0.0159652
560,5,-0.0284788
560,6,-0.037861
560,7,-0.043224
560,8,-0.0451885
560,9,-0.0448874
560,10,-0.0434164
560,11,-0.0426997
560,12,-0.0485927
560,13,-0.0527818
560,14,-0.0549753
560,15,-0.055558
560,16,-0.0551185
560,17,-0.0541956
560,18,-0.0226814
560,19,-0.0159334
560,20,-0.0108549
561,1,-0.00779774
561,2,-0.00646559
561,3,0.00340371
561,4,-0.0128767
561,5,-0.0193011
561,6,-0.0269434
561,7,-0.0336472
561,8,-0.0383995
561,9,-0.041071
561,10,-0.0420367
561,11,-0.0396024
561,12,-0.0433043
561,13,-0.0472068
561,14,-0.0504056
561,15,-0.0525271
561,16,-0.0535942
561,17,-0.0538418
561,18,-0.0246991
561,19,-0.0210897
561,20,-0.0168754
562,1,-0.0131375
562,2,-0.0103903
562,3,0.00328641
562,4,-0.0180214
562,5,-0.0185483
562,6,-0.0220051
562,7,-0.0267989
562,8,-0.0315756
562,9,-0.0354855
562,10,-0.038183
562,11,-0.0400953
562,12,-0.0414167
562,13,-0.0438008
562,14,-0.0465204
562,15,-0.0489938
562,16,-0.0508881
562,17,-0.0521043
562,18,-0.0198047
562,19,-0.0203338
562,20,-0.0189097
563,1,-0.0165329
563,2,-0.0140036
563,3,0.00928495
563,4,-0.0385752
563,5,-0.0303288
563,6,-0.0269014
563,7,-0.0268592
563,8,-0.0288013
563,9,-0.0315536
563,10,-0.0342834
563,11,-0.0505776
563,12,-0.0468054
563,13,-0.0455683
563,14,-0.0459603
563,15,-0.0472094
563,16,-0.0487241
563,17,-0.050116
563,18,-0.00517199
563,19,-0.0114151
563,20,-0.0145011
564,1,-0.0153377
564,2,-0.0147884
564,3,0.0191817
564,4,-0.0824606
564,5,-0.0609946
564,6,-0.0469562
564,7,-0.038681
564,8,-0.0346129
564,9,-0.0333532
564,10,-0.0337362
564,11,-0.0733104
564,12,-0.0623966
564,13,-0.0554673
564,14,-0.0515527
564,15,-0.0497643
564,16,-0.049336
564,17,-0.0496572
564,18,0.0106211
564,19,0.00154737
564,20,-0.00506083
565,1,-0.0092925
565,2,-0.0115555
565,3,0.0177426
565,4,-0.0752798
565,5,-0.0693977
565,6,-0.0601571
565,7,-0.051314
565,8,-0.0444371
565,9,-0.0398731
565,10,-0.0373461
565,11,-0.0709461
565,12,-0.0674257
565,13,-0.0625017
565,14,-0.0579932
565,15,-0.0546048
565,16,-0.0524353
565,17,-0.0512914
565,18,0.00489061
565,19,0.00351398
565,20,-1.682e-05
566,1,-0.00383622
566,2,-0.00701475
566,3,0.0101521
566,4,-0.0362151
566,5,-0.0498785
566,6,-0.0541109
566,7,-0.0529592
566,8,-0.0494501
566,9,-0.0455066
566,10,-0.0421464
566,11,-0.0534307
566,12,-0.0591934
566,13,-0.0605556
566,14,-0.0595005
566,15,-0.0574846
566,16,-0.0554055
566,17,-0.0537114
566,18,-0.0121941
566,19,-0.00572608
566,20,-0.00337521
567,1,-0.00356503
567,2,-0.00498551
567,3,0.00541247
567,4,-0.0168092
567,5,-0.030426
567,6,-0.0401786
567,7,-0.0454412
567,8,-0.0470919
567,9,-0.0464391
567,10,-0.0446715
567,11,-0.0438993
567,12,-0.0501968
567,13,-0.0544622
567,14,-0.0565368
567,15,-0.0569271
567,16,-0.0563006
567,17,-0.0552345
567,18,-0.0231917
567,19,-0.016
567,20,-0.0108016
568,1,-0.00782181
568,2,-0.00665392
568,3,0.00302766
568,4,-0.0127601
568,5,-0.0200343
568,6,-0.028329
568,7,-0.0353752
568,8,-0.0401997
568,9,-0.0427689
568,10,-0.0435523
568,11,-0.0404266
568,12,-0.0444497
568,13,-0.0485725
568,14,-0.0518519
568,15,-0.0539417
568,16,-0.054913
568,17,-0.0550454
568,18,-0.0258741
568,19,-0.0218083
568,20,-0.0172761
569,1,-0.0133832
569,2,-0.0106123
569,3,0.00264698
569,4,-0.0173146
569,5,-0.0184345
569,6,-0.0225087
569,7,-0.0278066
569,8,-0.0329097
569,9,-0.0369694
569,10,-0.03968
569,11,-0.0405202
569,12,-0.0421382
569,13,-0.0447876
569,14,-0.0476964
569,15,-0.050268
569,16,-0.0521807
569,17,-0.0533602
569,18,-0.0214572
569,19,-0.0216018
569,20,-0.0198206
570,1,-0.0171699
570,2,-0.0144697
570,3,0.00790333
570,4,-0.0358587
570,5,-0.028684
570,6,-0.0261412
570,7,-0.026827
570,8,-0.0293316
570,9,-0.0324766
570,10,-0.0354427
570,11,-0.0495883
570,12,-0.0465206
570,13,-0.045807
570,14,-0.046585
570,15,-0.0481016
570,16,-0.0497812
570,17,-0.0512549
570,18,-0.00760087
570,19,-0.013366
570,20,-0.0160238
571,1,-0.0164957
571,2,-0.0156615
571,3,0.0183349
571,4,-0.0808315
571,5,-0.059359
571,6,-0.0456811
571,7,-0.0379176
571,8,-0.0343822
571,9,-0.0335975
571,10,-0.0343573
571,11,-0.0729463
571,12,-0.0620651
571,13,-0.0553706
571,14,-0.051753
571,15,-0.0502495
571,16,-0.0500567
571,17,-0.0505501
571,18,0.00962054
571,19,0.000155513
571,20,-0.00650654
572,1,-0.0106197
572,2,-0.0126957
572,3,0.0186109
572,4,-0.0832415
572,5,-0.0734075
572,6,-0.0619908
572,7,-0.0520783
572,8,-0.0447917
572,9,-0.0401823
572,10,-0.0377838
572,11,-0.0750207
572,12,-0.0696861
572,13,-0.0637915
572,14,-0.0588345
572,15,-0.0552995
572,16,-0.0531407
572,17,-0.0520739
572,18,0.00665208
572,19,0.00397703
572,20,-0.000339737
573,1,-0.00457267
573,2,-0.00791746
573,3,0.0105824
573,4,-0.0408167
573,5,-0.0542364
573,6,-0.0574294
573,7,-0.055226
573,8,-0.0509295
573,9,-0.0465042
573,10,-0.0429134
573,11,-0.0562363
573,12,-0.0617744
573,13,-0.062605
573,14,-0.0610524
573,15,-0.0586836
573,16,-0.0564012
573,17,-0.0546194
573,18,-0.0111996
573,19,-0.00495038
573,20,-0.00305188
574,1,-0.00367809
574,2,-0.00542371
574,3,0.00544715
574,4,-0.0182867
574,5,-0.0330896
574,6,-0.0431118
574,7,-0.0481
574,8,-0.0492651
574,9,-0.0481283
574,10,-0.045981
574,11,-0.0455516
574,12,-0.0522316
574,13,-0.056503
574,14,-0.0583763
574,15,-0.0585028
574,16,-0.0576374
574,17,-0.0563947
574,18,-0.0233529
574,19,-0.0157754
574,20,-0.0105363
575,1,-0.00771234
575,2,-0.00676996
575,3,0.00296464
575,4,-0.0130858
575,5,-0.0213227
575,6,-0.0302947
575,7,-0.0376263
575,8,-0.0424187
575,9,-0.0447697
575,10,-0.0452685
575,11,-0.04176
575,12,-0.0460718
575,13,-0.050367
575,14,-0.0536649
575,15,-0.055657
575,16,-0.0564725
575,17,-0.0564405
575,18,-0.0267193
575,19,-0.022213
575,20,-0.0174049
576,1,-0.0134139
576,2,-0.0106781
576,3,0.0019133
576,4,-0.0162461
576,5,-0.0183364
576,6,-0.0232604
576,7,-0.0291758
576,8,-0.0346288
576,9,-0.0388045
576,10,-0.0414661
576,11,-0.040911
576,12,-0.0430361
576,13,-0.0460547
576,14,-0.0491883
576,15,-0.0518519
576,16,-0.0537545
576,17,-0.0548605
576,18,-0.0235952
576,19,-0.0230261
576,20,-0.0207115
577,1,-0.0177066
577,2,-0.0148125
577,3,0.00593427
577,4,-0.0316271
577,5,-0.0261545
577,6,-0.0249628
577,7,-0.0266975
577,8,-0.0299633
577,9,-0.0336038
577,10,-0.0368412
577,11,-0.0477319
577,12,-0.0457983
577,13,-0.0459039
577,14,-0.0472563
577,15,-0.0491486
577,16,-0.0510451
577,17,-0.0526162
577,18,-0.0112448
577,19,-0.0160959
577,20,-0.0179964
578,1,-0.0178771
578,2,-0.0166152
578,3,0.0170159
578,4,-0.0769278
578,5,-0.0560211
578,6,-0.0432324
578,7,-0.0364239
578,8,-0.0337637
578,9,-0.0336979
578,10,-0.0349922
578,11,-0.0714734
578,12,-0.0609013
578,13,-0.0547259
578,14,-0.0516502
578,15,-0.0506201
578,16,-0.0507951
578,17,-0.051545
578,18,0.00794197
578,19,-0.00195597
578,20,-0.00856087
579,1,-0.012397
579,2,-0.0141339
579,3,0.0193926
579,4,-0.0919774
579,5,-0.0771719
579,6,-0.0631968
579,7,-0.0521727
579,8,-0.0445925
579,9,-0.0401065
579,10,-0.0380006
579,11,-0.0792338
579,12,-0.0716851
579,13,-0.0647019
579,14,-0.0593277
579,15,-0.0557422
579,16,-0.0537052
579,17,-0.0528157
579,18,0.00854298
579,19,0.00421988
579,20,-0.00104278
580,1,-0.00571803
580,2,-0.00918338
580,3,0.011393
580,4,-0.0478794
580,5,-0.059941
580,6,-0.0612816
580,7,-0.0575309
580,8,-0.0522033
580,9,-0.0472223
580,10,-0.0434251
580,11,-0.0600927
580,12,-0.0648661
580,13,-0.0647985
580,14,-0.0625458
580,15,-0.0597443
580,16,-0.0572576
580,17,-0.0554286
580,18,-0.00922077
580,19,-0.00368639
580,20,-0.00259784
581,1,-0.00388263
581,2,-0.00606529
581,3,0.00587028
581,4,-0.0212019
581,5,-0.0371533
581,6,-0.0470885
581,7,-0.0513883
581,8,-0.0517239
581,9,-0.0498703
581,10,-0.0472164
581,11,-0.0480244
581,12,-0.0549592
581,13,-0.0590107
581,14,-0.0604663
581,15,-0.060169
581,16,-0.0589702
581,17,-0.0575119
581,18,-0.0226106
581,19,-0.0148183
581,20,-0.00978633
582,1,-0.00735539
582,2,-0.00682417
582,3,0.00276328
582,4,-0.0132713
582,5,-0.0231051
582,6,-0.0329806
582,7,-0.0405602
582,8,-0.045157
582,9,-0.0470978
582,10,-0.0471466
582,11,-0.0430474
582,12,-0.0479523
582,13,-0.0525057
582,14,-0.0557836
582,15,-0.0575894
582,16,-0.0581579
582,17,-0.0578919
582,18,-0.0278517
582,19,-0.022485
582,20,-0.0172561
583,1,-0.0131794
583,2,-0.0105625
583,3,0.00125936
583,4,-0.0151272
583,5,-0.0184122
583,6,-0.0244109
583,7,-0.0310607
583,8,-0.036865
583,9,-0.0410785
583,10,-0.0435772
583,11,-0.0414886
583,12,-0.0441501
583,13,-0.0475907
583,14,-0.0509642
583,15,-0.0536922
583,16,-0.0555311
583,17,-0.0565032
583,18,-0.0258807
583,19,-0.0244825
583,20,-0.0215069
584,1,-0.0180779
584,2,-0.0149834
584,3,0.00446589
584,4,-0.0285566
584,5,-0.0243795
584,6,-0.0243925
584,7,-0.0271382
584,8,-0.0311434
584,9,-0.0352343
584,10,-0.0386696
584,11,-0.0469079
584,12,-0.0457723
584,13,-0.0465211
584,14,-0.0483506
584,15,-0.0505501
584,16,-0.0526011
584,17,-0.0542078
584,18,-0.014479
584,19,-0.0185981
584,20,-0.0197958
585,1,-0.0190885
585,2,-0.0173981
585,3,0.0151233
585,4,-0.07019
585,5,-0.0513269
585,6,-0.0402362
585,7,-0.0348429
585,8,-0.0333196
585,9,-0.034108
585,10,-0.0359863
585,11,-0.0688256
585,12,-0.0593331
585,13,-0.0540575
585,14,-0.0517076
585,15,-0.051231
585,16,-0.0517951
585,17,-0.0527886
585,18,0.00511428
585,19,-0.00464963
585,20,-0.0108863
586,1,-0.0142637
586,2,-0.0155543
586,3,0.0199109
586,4,-0.0990322
586,5,-0.0793888
586,6,-0.0632672
586,7,-0.0515631
586,8,-0.044051
586,9,-0.0399568
586,10,-0.0383219
586,11,-0.0828263
586,12,-0.0731526
586,13,-0.0652899
586,14,-0.0596972
586,15,-0.0562111
586,16,-0.0543928
586,17,-0.0537322
586,18,0.00990557
586,19,0.00391225
586,20,-0.00218127
587,1,-0.00715638
587,2,-0.0106144
587,3,0.0118389
587,4,-0.0543859
587,5,-0.0646812
587,6,-0.064099
587,7,-0.0589371
587,8,-0.0528076
587,9,-0.0475161
587,10,-0.0437303
587,11,-0.0634195
587,12,-0.0674273
587,13,-0.0665472
587,14,-0.0637266
587,15,-0.060632
587,16,-0.0580629
587,17,-0.0562797
587,18,-0.00771351
587,19,-0.00292643
587,20,-0.0026196
588,1,-0.00448768
588,2,-0.00701043
588,3,0.00537956
588,4,-0.0229177
588,5,-0.0401145
588,6,-0.0499904
588,7,-0.0536744
588,8,-0.0533174
588,9,-0.0509287
588,10,-0.0479646
588,11,-0.049158
588,12,-0.0566807
588,13,-0.0607434
588,14,-0.0619718
588,15,-0.0614201
588,16,-0.0600377
588,17,-0.0584903
588,18,-0.0229708
588,19,-0.0147173
588,20,-0.00973587
589,1,-0.00757485
589,2,-0.00734244
589,3,0.00214976
589,4,-0.0134646
589,5,-0.0244381
589,6,-0.0349596
589,7,-0.0426657
589,8,-0.0470517
589,9,-0.0486481
589,10,-0.0483667
589,11,-0.0436845
589,12,-0.0490359
589,13,-0.0538566
589,14,-0.0571981
589,15,-0.0589366
589,16,-0.05939
589,17,-0.0590195
589,18,-0.0289637
589,19,-0.0230975
589,20,-0.0175956
590,1,-0.0134694
590,2,-0.0109466
590,3,0.00024236
590,4,-0.014248
590,5,-0.0184439
590,6,-0.0252445
590,7,-0.0324179
590,8,-0.0384436
590,9,-0.0426455
590,10,-0.0450012
590,11,-0.0415393
590,12,-0.0446261
590,13,-0.0484269
590,14,-0.0520386
590,15,-0.0548789
590,16,-0.0567364
590,17,-0.0576765
590,18,-0.0279095
590,19,-0.0259281
590,20,-0.0224971
591,1,-0.0187798
591,2,-0.0155544
591,3,0.00224619
591,4,-0.0249872
591,5,-0.0222929
591,6,-0.0235083
591,7,-0.0271769
591,8,-0.0318162
591,9,-0.0362753
591,10,-0.0398683
591,11,-0.0449867
591,12,-0.0448382
591,13,-0.0463159
591,14,-0.0486723
591,15,-0.051228
591,16,-0.0534962
591,17,-0.0552175
591,18,-0.0181127
591,19,-0.0213308
591,20,-0.021811
592,1,-0.0205629
592,2,-0.0185005
592,3,0.012174
592,4,-0.0609434
592,5,-0.0450285
592,6,-0.0361672
592,7,-0.0324653
592,8,-0.032198
592,9,-0.0338769
592,10,-0.036344
592,11,-0.0639841
592,12,-0.0561005
592,13,-0.0520716
592,14,-0.0506719
592,15,-0.0509009
592,16,-0.0519695
592,17,-0.0533069
592,18,0.00152431
592,19,-0.00788662
592,20,-0.0136202
593,1,-0.016479
593,2,-0.0173114
593,3,0.0199192
593,4,-0.104349
593,5,-0.079923
593,6,-0.0619059
593,7,-0.0497833
593,8,-0.0425423
593,9,-0.0389742
593,10,-0.0378912
593,11,-0.0849039
593,12,-0.0730437
593,13,-0.0644081
593,14,-0.058752
593,15,-0.0555192
593,16,-0.0540576
593,17,-0.0537485
593,18,0.0114419
593,19,0.00348311
593,20,-0.00355943
594,1,-0.00887923
594,2,-0.0123513
594,3,0.0130014
594,4,-0.0646358
594,5,-0.0709305
594,6,-0.0672145
594,7,-0.060037
594,8,-0.0528333
594,9,-0.0471266
594,10,-0.0433238
594,11,-0.0680339
594,12,-0.0700968
594,13,-0.0677544
594,14,-0.0640475
594,15,-0.0605359
594,16,-0.0578683
594,17,-0.0561719
594,18,-0.00422107
594,19,-0.00104876
594,20,-0.00208256
595,1,-0.00488119
595,2,-0.00795711
595,3,0.00588828
595,4,-0.0272685
595,5,-0.045247
595,6,-0.0542924
595,7,-0.0566578
595,8,-0.055083
595,9,-0.0518068
595,10,-0.0483138
595,11,-0.0516488
595,12,-0.059245
595,13,-0.0627489
595,14,-0.0632836
595,15,-0.0621522
595,16,-0.0603882
595,17,-0.0586521
595,18,-0.0211251
595,19,-0.0128584
595,20,-0.00842127
596,1,-0.00696359
596,2,-0.00737269
596,3,0.00220927
596,4,-0.0142841
596,5,-0.0270335
596,6,-0.0382578
596,7,-0.0458343
596,8,-0.0496426
596,9,-0.0505337
596,10,-0.0496197
596,11,-0.0449125
596,12,-0.0508142
596,13,-0.0557285
596,14,-0.0588394
596,15,-0.0602035
596,16,-0.0602796
596,17,-0.0596094
596,18,-0.029028
596,19,-0.0223699
596,20,-0.0166264
597,1,-0.0126476
597,2,-0.0104756
597,3,0.000294097
597,4,-0.0138768
597,5,-0.0192943
597,6,-0.0271028
597,7,-0.0348158
597,8,-0.0409209
597,9,-0.0448791
597,10,-0.0468311
597,11,-0.0425538
597,12,-0.0459551
597,13,-0.0499794
597,14,-0.0536277
597,15,-0.0563354
597,16,-0.0579594
597,17,-0.0586388
597,18,-0.0288798
597,19,-0.0261992
597,20,-0.0222575
598,1,-0.0183005
598,2,-0.0150784
598,3,0.000976147
598,4,-0.0217478
598,5,-0.0207375
598,6,-0.0233585
598,7,-0.0280762
598,8,-0.0333652
598,9,-0.0381062
598,10,-0.0416988
598,11,-0.0440243
598,12,-0.0448194
598,13,-0.0469441
598,14,-0.0496962
598,15,-0.0524299
598,16,-0.0547068
598,17,-0.0563259
598,18,-0.0214148
598,19,-0.0233849
598,20,-0.0229206
599,1,-0.0210182
599,2,-0.0185724
599,3,0.00987322
599,4,-0.0523615
599,5,-0.0393399
599,6,-0.0327593
599,7,-0.030831
599,8,-0.0318745
599,9,-0.0344405
599,10,-0.0374292
599,11,-0.0600444
599,12,-0.0537752
599,13,-0.0509624
599,14,-0.050441
599,15,-0.05126
599,16,-0.0526793
599,17,-0.0541808
599,18,-0.00241031
599,19,-0.0110469
599,20,-0.0159361
600,1,-0.0180287
600,2,-0.0182526
600,3,0.0199588
600,4,-0.10639
600,5,-0.0787811
600,6,-0.0598309
600,7,-0.0478898
600,8,-0.0412952
600,9,-0.0384727
600,10,-0.038043
600,11,-0.0861847
600,12,-0.0728397
600,13,-0.0638314
600,14,-0.0583177
600,15,-0.0554116
600,16,-0.0542865
600,17,-0.054243
600,18,0.0119479
600,19,0.00247947
600,20,-0.0051034
601,1,-0.0104256
601,2,-0.0136485
601,3,0.0145519
601,4,-0.0755043
601,5,-0.0768535
601,6,-0.0698442
601,7,-0.0608042
601,8,-0.0527711
601,9,-0.0468835
601,10,-0.0432433
601,11,-0.0732832
601,12,-0.0731005
601,13,-0.0692838
601,14,-0.0647684
601,15,-0.0609156
601,16,-0.058186
601,17,-0.0565624
601,18,-0.00102198
601,19,0.000419793
601,20,-0.00185446
602,1,-0.00538375
602,2,-0.00878688
602,3,0.00606624
602,4,-0.0309493
602,5,-0.0498511
602,6,-0.0580835
602,7,-0.0592038
602,8,-0.056555
602,9,-0.0525726
602,10,-0.0487312
602,11,-0.0536991
602,12,-0.0616879
602,13,-0.0648157
602,14,-0.0647962
602,15,-0.0631983
602,16,-0.0611344
602,17,-0.0592518
602,18,-0.0203265
602,19,-0.0117839
602,20,-0.00769532
603,1,-0.0067435
603,2,-0.00758489
603,3,0.00234546
603,4,-0.0154466
603,5,-0.0296132
603,6,-0.0413363
603,7,-0.0486935
603,8,-0.0519306
603,9,-0.052195
603,10,-0.0507687
603,11,-0.0463016
603,12,-0.0526371
603,13,-0.0576518
603,14,-0.0605936
603,15,-0.0616661
603,16,-0.0614472
603,17,-0.0605432
603,18,-0.0290637
603,19,-0.0219485
603,20,-0.0160795
604,1,-0.0122353
604,2,-0.0103204
604,3,-0.000300959
604,4,-0.0129641
604,5,-0.0198196
604,6,-0.0286794
604,7,-0.0369205
604,8,-0.0431011
604,9,-0.0468456
604,10,-0.048461
604,11,-0.0428792
604,12,-0.0468972
604,13,-0.0513256
604,14,-0.0551418
604,15,-0.0578283
604,16,-0.0593184
604,17,-0.0598227
604,18,-0.0307766
604,19,-0.0271415
604,20,-0.0225866
605,1,-0.0183243
605,2,-0.0150286
605,3,-0.000443034
605,4,-0.019174
605,5,-0.0194398
605,6,-0.0232444
605,7,-0.0288757
605,8,-0.0347332
605,9,-0.0397207
605,10,-0.0433197
605,11,-0.0431552
605,12,-0.044696
605,13,-0.0474258
605,14,-0.050603
605,15,-0.0535781
605,16,-0.0559418
605,17,-0.0575398
605,18,-0.0246321
605,19,-0.0256654
605,20,-0.0243976
606,1,-0.0218968
606,2,-0.0190687
606,3,0.00642389
606,4,-0.0426315
606,5,-0.033082
606,6,-0.0290312
606,7,-0.0289672
606,8,-0.0313414
606,9,-0.0347917
606,10,-0.0383032
606,11,-0.0547361
606,12,-0.050602
606,13,-0.0492941
606,14,-0.0498331
606,15,-0.0513752
606,16,-0.0532555
606,17,-0.0550196
606,18,-0.00771146
606,19,-0.0151043
606,20,-0.018931
607,1,-0.0201522
607,2,-0.0197061
607,3,0.0187267
607,4,-0.102467
607,5,-0.0738964
607,6,-0.0554225
607,7,-0.0445291
607,8,-0.0390989
607,9,-0.0373254
607,10,-0.037728
607,11,-0.0843288
607,12,-0.0704413
607,13,-0.0617336
607,14,-0.0568334
607,15,-0.0545859
607,16,-0.0540381
607,17,-0.0544423
607,18,0.0113588
607,19,0.00046225
607,20,-0.00752319
608,1,-0.0127234
608,2,-0.0155986
608,3,0.0158606
608,4,-0.0874071
608,5,-0.0818439
608,6,-0.0709645
608,7,-0.0600793
608,8,-0.0514403
608,9,-0.0456283
608,10,-0.0423752
608,11,-0.0783326
608,12,-0.0750832
608,13,-0.0695863
608,14,-0.0643351
608,15,-0.0603207
608,16,-0.0577338
608,17,-0.0563784
608,18,0.00275534
608,19,0.00181113
608,20,-0.00203241
609,1,-0.00643457
609,2,-0.010208
609,3,0.00694321
609,4,-0.0379117
609,5,-0.0560014
609,6,-0.0621627
609,7,-0.0613048
609,8,-0.057243
609,9,-0.0524605
609,10,-0.0483077
609,11,-0.0569799
609,12,-0.0644342
609,13,-0.0665557
609,14,-0.0656413
609,15,-0.0634505
609,16,-0.0610966
609,17,-0.0591538
609,18,-0.0173439
609,19,-0.00945652
609,20,-0.00639954
610,1,-0.00641396
610,2,-0.00797621
610,3,0.00224791
610,4,-0.0169078
610,5,-0.0330052
610,6,-0.0450112
610,7,-0.0517204
610,8,-0.0539944
610,9,-0.0533628
610,10,-0.0512813
610,11,-0.0472591
610,12,-0.0543312
610,13,-0.0593648
610,14,-0.0619493
610,15,-0.0625674
610,16,-0.0619618
610,17,-0.0608055
610,18,-0.0287663
610,19,-0.0208152
610,20,-0.0148794
611,1,-0.0113936
611,2,-0.00998644
611,3,-0.000594431
611,4,-0.0124349
611,5,-0.020905
611,6,-0.0308311
611,7,-0.0394326
611,8,-0.0454286
611,9,-0.0486956
611,10,-0.0497603
611,11,-0.0432298
611,12,-0.047801
611,13,-0.0525625
611,14,-0.0564277
611,15,-0.0589558
611,16,-0.0601935
611,17,-0.0604455
611,18,-0.0319028
611,19,-0.0273373
611,20,-0.0222076
612,1,-0.0177548
612,2,-0.014556
612,3,-0.0018289
612,4,-0.0162714
612,5,-0.0181794
612,6,-0.0233889
612,7,-0.0299951
612,8,-0.0363501
612,9,-0.0414335
612,10,-0.0448622
612,11,-0.0419755
612,12,-0.0443742
612,13,-0.0477459
612,14,-0.0513207
612,15,-0.0544646
612,16,-0.0568236
612,17,-0.058315
612,18,-0.0279485
612,19,-0.0276968
612,20,-0.0254366
613,1,-0.0222735
613,2,-0.0190957
613,3,0.00311356
613,4,-0.0339181
613,5,-0.0274375
613,6,-0.0257704
613,7,-0.02751
613,8,-0.03115
613,9,-0.0353844
613,10,-0.039287
613,11,-0.0497486
613,12,-0.0475356
613,13,-0.0476222
613,14,-0.0491451
613,15,-0.0513355
613,16,-0.0535953
613,17,-0.0555387
613,18,-0.0131916
613,19,-0.0191643
613,20,-0.021747
614,1,-0.0219638
614,2,-0.0207828
614,3,0.0161802
614,4,-0.0897565
614,5,-0.0640957
614,6,-0.0483147
614,7,-0.0397481
614,8,-0.0362077
614,9,-0.0358687
614,10,-0.0372762
614,11,-0.0783143
614,12,-0.0656407
614,13,-0.0582213
614,14,-0.0544841
614,15,-0.0531876
614,16,-0.0533555
614,17,-0.0542544
614,18,0.00885535
614,19,-0.00268217
614,20,-0.0105324
615,1,-0.0152394
615,2,-0.017522
615,3,0.0180052
615,4,-0.103276
615,5,-0.0871431
615,6,-0.071155
615,7,-0.0582227
615,8,-0.0491577
615,9,-0.0436858
615,10,-0.0410465
615,11,-0.0849747
615,12,-0.0770136
615,13,-0.0692756
615,14,-0.063185
615,15,-0.0590684
615,16,-0.056716
615,17,-0.0557024
615,18,0.00790035
615,19,0.00354284
615,20,-0.00225284
616,1,-0.00760027
616,2,-0.0116857
616,3,0.00828366
616,4,-0.0477671
616,5,-0.0639807
616,6,-0.0669348
616,7,-0.0633475
616,8,-0.0575046
616,9,-0.0518145
616,10,-0.0473806
616,11,-0.0612063
616,12,-0.0677152
616,13,-0.0683577
616,14,-0.0662278
616,15,-0.0632798
616,16,-0.0605771
616,17,-0.0585699
616,18,-0.0133669
616,19,-0.00640405
616,20,-0.00469473
617,1,-0.00589113
617,2,-0.00827712
617,3,0.00250553
617,4,-0.0193168
617,5,-0.0377078
617,6,-0.0497425
617,7,-0.0553445
617,8,-0.056234
617,9,-0.0544142
617,10,-0.051518
617,11,-0.0485636
617,12,-0.0564496
617,13,-0.0613529
617,14,-0.0633602
617,15,-0.0633271
617,16,-0.0621947
617,17,-0.0607021
617,18,-0.0277227
617,19,-0.0189444
617,20,-0.0130769
618,1,-0.0101181
618,2,-0.00936002
618,3,-0.000186204
618,4,-0.0126531
618,5,-0.0229697
618,6,-0.0339938
618,7,-0.0427853
618,8,-0.048323
618,9,-0.0508311
618,10,-0.051114
618,11,-0.0442793
618,12,-0.0492906
618,13,-0.0542574
618,14,-0.0580056
618,15,-0.0601968
618,16,-0.0610195
618,17,-0.0608888
618,18,-0.0319993
618,19,-0.0266238
618,20,-0.0210457
619,1,-0.0165461
619,2,-0.0135871
619,3,-0.00213741
619,4,-0.0144953
619,5,-0.0179848
619,6,-0.0245767
619,7,-0.0320744
619,8,-0.038765
619,9,-0.0437334
619,10,-0.0467725
619,11,-0.0420935
619,12,-0.045057
619,13,-0.0488454
619,14,-0.0526173
619,15,-0.0557383
619,16,-0.0579129
619,17,-0.0591383
619,18,-0.03003
619,19,-0.0286275
619,20,-0.0255055
620,1,-0.0218163
620,2,-0.0184278
620,3,0.000656773
620,4,-0.0271242
620,5,-0.0233609
620,6,-0.0238615
620,7,-0.0272433
620,8,-0.0319875
620,9,-0.036824
620,10,-0.0409205
620,11,-0.0463756
620,12,-0.0458326
620,13,-0.0470732
620,14,-0.049356
620,15,-0.051984
620,16,-0.0544253
620,17,-0.0563659
620,18,-0.0183743
620,19,-0.0225962
620,20,-0.0237942
621,1,-0.0229798
621,2,-0.0211054
621,3,0.0132208
621,4,-0.0745479
621,5,-0.0534709
621,6,-0.0412788
621,7,-0.0354995
621,8,-0.0340534
621,9,-0.0351942
621,10,-0.0375521
621,11,-0.0713028
621,12,-0.0608151
621,13,-0.0551566
621,14,-0.0527682
621,15,-0.0524453
621,16,-0.0532606
621,17,-0.0545393
621,18,0.0047228
621,19,-0.00652621
621,20,-0.0136365
622,1,-0.0174838
622,2,-0.018975
622,3,0.0195622
622,4,-0.11515
622,5,-0.0897524
622,6,-0.0697927
622,7,-0.055672
622,8,-0.0467702
622,9,-0.0420036
622,10,-0.0401706
622,11,-0.0900566
622,12,-0.078016
622,13,-0.0686033
622,14,-0.062083
622,15,-0.0581145
622,16,-0.0561158
622,17,-0.0554667
622,18,0.0114042
622,19,0.00402106
622,20,-0.00324972
623,1,-0.0091108
623,2,-0.0131725
623,3,0.0102886
623,4,-0.0604115
623,5,-0.0724931
623,6,-0.0713812
623,7,-0.0649127
623,8,-0.0574422
623,9,-0.0510852
623,10,-0.046591
623,11,-0.0669168
623,12,-0.071487
623,13,-0.0702996
623,14,-0.0669163
623,15,-0.063292
623,16,-0.0603371
623,17,-0.0583316
623,18,-0.00874416
623,19,-0.00348789
623,20,-0.00338982
624,1,-0.00574552
624,2,-0.0088037
624,3,0.00364351
624,4,-0.0241337
624,5,-0.0440464
624,6,-0.0553019
624,7,-0.0592593
624,8,-0.0585111
624,9,-0.0554534
624,10,-0.0518041
624,11,-0.0515025
624,12,-0.0597314
624,13,-0.064083
624,14,-0.0652497
624,15,-0.0644436
624,16,-0.0627527
624,17,-0.0609322
624,18,-0.0252932
624,19,-0.0163145
624,20,-0.0109926
625,1,-0.00883204
625,2,-0.00882037
625,3,0.000306565
625,4,-0.0132868
625,5,-0.0259525
625,6,-0.0380376
625,7,-0.0467759
625,8,-0.051608
625,9,-0.0531914
625,10,-0.0526202
625,11,-0.0457383
625,12,-0.0515002
625,13,-0.0566813
625,14,-0.0602095
625,15,-0.0619529
625,16,-0.0622822
625,17,-0.0617264
625,18,-0.0321111
625,19,-0.0256066
625,20,-0.0195891
626,1,-0.0151597
626,2,-0.0125494
626,3,-0.00216347
626,4,-0.0131591
626,5,-0.018427
626,6,-0.0265019
626,7,-0.03485
626,8,-0.0417504
626,9,-0.0464614
626,10,-0.0489974
626,11,-0.0427854
626,12,-0.0463738
626,13,-0.0506181
626,14,-0.0545675
626,15,-0.0576086
626,16,-0.059533
626,17,-0.0604362
626,18,-0.032019
626,19,-0.0293786
626,20,-0.0253476
627,1,-0.0211526
627,2,-0.0176101
627,3,-0.00155205
627,4,-0.0214605
627,5,-0.0202114
627,6,-0.0228016
627,7,-0.0277627
627,8,-0.0335224
627,9,-0.0388502
627,10,-0.0430284
627,11,-0.0439047
627,12,-0.0449214
627,13,-0.0472671
627,14,-0.0502731
627,15,-0.0532936
627,16,-0.0558628
627,17,-0.0577459
627,18,-0.0238086
627,19,-0.0261022
627,20,-0.0257915
628,1,-0.0238813
628,2,-0.0212991
628,3,0.00891886
628,4,-0.0567812
628,5,-0.041723
628,6,-0.0339319
628,7,-0.0313916
628,8,-0.032269
628,9,-0.0349789
628,10,-0.0382934
628,11,-0.0624666
628,12,-0.0552421
628,13,-0.0519583
628,14,-0.0512644
628,15,-0.0521
628,16,-0.0536493
628,17,-0.0553362
628,18,-0.00193723
628,19,-0.0118875
628,20,-0.0176127
629,1,-0.0201939
629,2,-0.020649
629,3,0.0199451
629,4,-0.120455
629,5,-0.0880361
629,6,-0.0657579
629,7,-0.0516071
629,8,-0.0436443
629,9,-0.0400762
629,10,-0.0393421
629,11,-0.0922408
629,12,-0.0770061
629,13,-0.0666923
629,14,-0.0603396
629,15,-0.0569468
629,16,-0.055589
629,17,-0.0554849
629,18,0.0132767
629,19,0.00291494
629,20,-0.0055376
630,1,-0.0115725
630,2,-0.0153099
630,3,0.0128116
630,4,-0.0779546
630,5,-0.0821058
630,6,-0.0753743
630,7,-0.0655878
630,8,-0.0565523
630,9,-0.049768
630,10,-0.045475
630,11,-0.0745636
630,12,-0.0755693
630,13,-0.0719141
630,14,-0.0671481
630,15,-0.0629476
630,16,-0.0599176
630,17,-0.0580924
630,18,-0.00288349
630,19,-0.000495898
630,20,-0.00257189
631,1,-0.00627804
631,2,-0.00999704
631,3,0.0042142
631,4,-0.0301673
631,5,-0.0515538
631,6,-0.0613622
631,7,-0.0631022
631,8,-0.0604052
631,9,-0.0560252
631,10,-0.051681
631,11,-0.0543706
631,12,-0.0630995
631,13,-0.066729
631,14,-0.0669016
631,15,-0.0652735
631,16,-0.0630681
631,17,-0.0610193
631,18,-0.0230488
631,19,-0.0137623
631,20,-0.00915449
632,1,-0.00797007
632,2,-0.0088047
632,3,0.000403562
632,4,-0.0144003
632,5,-0.0296988
632,6,-0.0427367
632,7,-0.0511225
632,8,-0.0549448
632,9,-0.0553896
632,10,-0.0538625
632,11,-0.0470319
632,12,-0.0536479
632,13,-0.0590343
632,14,-0.0622738
632,15,-0.0635089
632,16,-0.0633274
632,17,-0.062377
632,18,-0.0321435
632,19,-0.0245748
632,20,-0.0182253
633,1,-0.0140025
633,2,-0.0118623
633,3,-0.00222237
633,4,-0.0124337
633,5,-0.0195429
633,6,-0.0290933
633,7,-0.0381641
633,8,-0.0450738
633,9,-0.0493215
633,10,-0.0511913
633,11,-0.0437291
633,12,-0.0478133
633,13,-0.0524337
633,14,-0.0564855
633,15,-0.0593775
633,16,-0.0610039
633,17,-0.0615693
633,18,-0.0335063
633,19,-0.0298286
633,20,-0.0250508
634,1,-0.0205015
634,2,-0.0169442
634,3,-0.00278004
634,4,-0.0183601
634,5,-0.0188471
634,6,-0.0230661
634,7,-0.0292829
634,8,-0.0357851
634,9,-0.0413589
634,10,-0.0454075
634,11,-0.0433144
634,12,-0.0451669
634,13,-0.0481591
634,14,-0.0515876
634,15,-0.0547952
634,16,-0.0573517
634,17,-0.0590884
634,18,-0.0274781
634,19,-0.0284459
634,20,-0.0270479
635,1,-0.0243523
635,2,-0.0213019
635,3,0.00439454
635,4,-0.0422249
635,5,-0.0325988
635,6,-0.0286736
635,7,-0.0289245
635,8,-0.0317494
635,9,-0.0357063
635,10,-0.0397009
635,11,-0.0548715
635,12,-0.0508755
635,13,-0.049757
635,14,-0.0505108
635,15,-0.0522749
635,16,-0.0543654
635,17,-0.0563102
635,18,-0.00942874
635,19,-0.0172594
635,20,-0.0212899
636,1,-0.0225509
636,2,-0.0220366
636,3,0.018644
636,4,-0.11363
636,5,-0.0802641
636,6,-0.0590209
636,7,-0.0466283
636,8,-0.0405017
636,9,-0.0385271
636,10,-0.0390104
636,11,-0.0895519
636,12,-0.0736263
636,13,-0.0637977
636,14,-0.0583266
636,15,-0.0558348
636,16,-0.0552297
636,17,-0.0556746
636,18,0.0125197
636,19,0.00025776
636,20,-0.00861482
637,1,-0.0143532
637,2,-0.017517
637,3,0.0159907
637,4,-0.100024
637,5,-0.0918877
637,6,-0.0783543
637,7,-0.0652907
637,8,-0.0550834
637,9,-0.0482661
637,10,-0.044455
637,11,-0.0842857
637,12,-0.0798965
637,13,-0.0732676
637,14,-0.0671154
637,15,-0.0624705
637,16,-0.059489
637,17,-0.0579184
637,18,0.00375131
637,19,0.00231279
637,20,-0.00218681
638,1,-0.00719651
638,2,-0.0114461
638,3,0.0058003
638,4,-0.0405407
638,5,-0.0616836
638,6,-0.068548
638,7,-0.0672067
638,8,-0.0622148
638,9,-0.0564712
638,10,-0.0515233
638,11,-0.0595236
638,12,-0.0679124
638,13,-0.0701175
638,14,-0.0688814
638,15,-0.0662416
638,16,-0.0634611
638,17,-0.0611788
638,18,-0.0190833
638,19,-0.0102732
638,20,-0.00694348
639,1,-0.00704767
639,2,-0.00885879
639,3,0.00085141
639,4,-0.0167011
639,5,-0.0352233
639,6,-0.0489453
639,7,-0.0564647
639,8,-0.0588324
639,9,-0.0578601
639,10,-0.0552509
639,11,-0.0491763
639,12,-0.0568912
639,13,-0.0623373
639,14,-0.0650319
639,15,-0.06553
639,16,-0.0646781
639,17,-0.0632372
639,18,-0.0316378
639,19,-0.0228406
639,20,-0.0162947
640,1,-0.0124871
640,2,-0.0109931
640,3,-0.00188148
640,4,-0.0121822
640,5,-0.0216697
640,6,-0.0329008
640,7,-0.0426036
640,8,-0.049286
640,9,-0.0528165
640,10,-0.0538189
640,11,-0.0453908
640,12,-0.0501263
640,13,-0.0551543
640,14,-0.0592216
640,15,-0.0618192
640,16,-0.0629964
640,17,-0.0630956
640,18,-0.034734
640,19,-0.0298367
640,20,-0.0242606
641,1,-0.0194127
641,2,-0.0159458
641,3,-0.00378503
641,4,-0.015374
641,5,-0.0179664
641,6,-0.0241159
641,7,-0.0317285
641,8,-0.038958
641,9,-0.0446645
641,10,-0.048434
641,11,-0.043288
641,12,-0.0461038
641,13,-0.0498305
641,14,-0.0536974
641,15,-0.0570417
641,16,-0.0594936
641,17,-0.0609768
641,18,-0.0315374
641,19,-0.0308371
641,20,-0.0281292
642,1,-0.02454
642,2,-0.0210012
642,3,0.000220426
642,4,-0.0311115
642,5,-0.0256988
642,6,-0.025047
642,7,-0.0277982
642,8,-0.0323934
642,9,-0.0374462
642,10,-0.0419706
642,11,-0.0492401
642,12,-0.0479487
642,13,-0.0487235
642,14,-0.0507716
642,15,-0.0533534
642,16,-0.0558817
642,17,-0.0579797
642,18,-0.0174467
642,19,-0.0229604
642,20,-0.0250887
643,1,-0.0248628
643,2,-0.0232727
643,3,0.0145632
643,4,-0.0906087
643,5,-0.0638811
643,6,-0.0478906
643,7,-0.0396172
643,8,-0.0366427
643,9,-0.0369736
643,10,-0.0390312
643,11,-0.0796542
643,12,-0.066599
643,13,-0.0592385
643,14,-0.0557521
643,15,-0.0547644
643,16,-0.0552245
643,17,-0.056359
643,18,0.00746028
643,19,-0.00506588
643,20,-0.0133106
644,1,-0.0180674
644,2,-0.0202108
644,3,0.018476
644,4,-0.120153
644,5,-0.0969822
644,6,-0.076768
644,7,-0.0614706
644,8,-0.0512474
644,9,-0.0453699
644,10,-0.0427599
644,11,-0.0927929
644,12,-0.0820072
644,13,-0.0726318
644,14,-0.0656814
644,15,-0.0611862
644,16,-0.0587313
644,17,-0.0577545
644,18,0.00961644
644,19,0.00357078
644,20,-0.00338037
645,1,-0.00942796
645,2,-0.0138679
645,3,0.00768948
645,4,-0.0554071
645,5,-0.0725263
645,6,-0.0742729
645,7,-0.0690014
645,8,-0.0616909
645,9,-0.0549705
645,10,-0.0499426
645,11,-0.0657227
645,12,-0.0724281
645,13,-0.072512
645,14,-0.0696994
645,15,-0.0661939
645,16,-0.0631211
645,17,-0.0609113
645,18,-0.0135724
645,19,-0.00651346
645,20,-0.00522336
646,1,-0.00695467
646,2,-0.0098013
646,3,0.00128702
646,4,-0.0210983
646,5,-0.0422745
646,6,-0.0554503
646,7,-0.0610302
646,8,-0.0613022
646,9,-0.058695
646,10,-0.0550911
646,11,-0.0512716
646,12,-0.0599831
646,13,-0.0651421
646,14,-0.0670186
646,15,-0.066679
646,16,-0.065214
646,17,-0.0634423
646,18,-0.0297499
646,19,-0.020182
646,20,-0.0140225
647,1,-0.0111122
647,2,-0.0105724
647,3,-0.00180668
647,4,-0.0124812
647,5,-0.024749
647,6,-0.0373907
647,7,-0.0471246
647,8,-0.0529625
647,9,-0.0553229
647,10,-0.0552275
647,11,-0.0463261
647,12,-0.0519496
647,13,-0.0573818
647,14,-0.0613499
647,15,-0.0635442
647,16,-0.0642318
647,17,-0.0639067
647,18,-0.0353208
647,19,-0.0290872
647,20,-0.0228841
648,1,-0.0180369
648,2,-0.0149633
648,3,-0.00391042
648,4,-0.0140343
648,5,-0.0184463
648,6,-0.0262469
648,7,-0.0348436
648,8,-0.0423043
648,9,-0.0476649
648,10,-0.0507789
648,11,-0.0439474
648,12,-0.0472424
648,13,-0.0514174
648,14,-0.0555073
648,15,-0.0588166
648,16,-0.0610464
648,17,-0.0622242
648,18,-0.0335786
648,19,-0.0317292
648,20,-0.0280871
649,1,-0.0239487
649,2,-0.0202488
649,3,-0.00290675
649,4,-0.0235204
649,5,-0.021431
649,6,-0.0234141
649,7,-0.0281203
649,8,-0.0339608
649,9,-0.0396037
649,10,-0.0442052
649,11,-0.0454678
649,12,-0.0461985
649,13,-0.0483475
649,14,-0.0512956
649,15,-0.0543925
649,16,-0.0571323
649,17,-0.059229
649,18,-0.0241628
649,19,-0.0272784
649,20,-0.0276114
650,1,-0.0261032
650,2,-0.0236926
650,3,0.00905621
650,4,-0.0648527
650,5,-0.0469732
650,6,-0.0372724
650,7,-0.0335039
650,8,-0.033692
650,9,-0.0361262
650,10,-0.0394529
650,11,-0.0671554
650,12,-0.0585261
650,13,-0.0543349
650,14,-0.0530834
650,15,-0.0536225
650,16,-0.0550677
650,17,-0.0567812
650,18,-0.000343668
650,19,-0.0114344
650,20,-0.0180955
651,1,-0.0213928
651,2,-0.0223398
651,3,0.0199465
651,4,-0.133591
651,5,-0.0979251
651,6,-0.0729504
651,7,-0.0567077
651,8,-0.0472307
651,9,-0.0426583
651,10,-0.0413384
651,11,-0.0981385
651,12,-0.0818275
651,13,-0.070507
651,14,-0.0633326
651,15,-0.0593343
651,16,-0.0575775
651,17,-0.0572496
651,18,0.0136799
651,19,0.00333869
651,20,-0.00548716
652,1,-0.0120365
652,2,-0.0162791
652,3,0.0112786
652,4,-0.0789603
652,5,-0.0867693
652,6,-0.0810792
652,7,-0.0710439
652,8,-0.0612384
652,9,-0.0535878
652,10,-0.0485439
652,11,-0.0758709
652,12,-0.0783236
652,13,-0.075105
652,14,-0.0702576
652,15,-0.0657597
652,16,-0.0623906
652,17,-0.0602737
652,18,-0.00552688
652,19,-0.00187635
652,20,-0.00336316
653,1,-0.00693455
653,2,-0.0107823
653,3,0.00285252
653,4,-0.0293938
653,5,-0.053019
653,6,-0.0645732
653,7,-0.0672376
653,8,-0.0647674
653,9,-0.060164
653,10,-0.0553793
653,11,-0.0558306
653,12,-0.0650924
653,13,-0.0692152
653,14,-0.0696444
653,15,-0.0680449
653,16,-0.0657166
653,17,-0.0634754
653,18,-0.0259583
653,19,-0.0160422
653,20,-0.0108214
654,1,-0.00922095
654,2,-0.00986385
654,3,-0.000906321
654,4,-0.0140224
654,5,-0.0300799
654,6,-0.044283
654,7,-0.0537349
654,8,-0.0582777
654,9,-0.0590544
654,10,-0.0575411
654,11,-0.048876
654,12,-0.0555534
654,13,-0.0611788
654,14,-0.0646647
654,15,-0.0660565
654,16,-0.0659166
654,17,-0.0649114
654,18,-0.0348986
654,19,-0.0271342
654,20,-0.0204172
655,1,-0.015807
655,2,-0.0133598
655,3,-0.0037892
655,4,-0.0123247
655,5,-0.0196357
655,6,-0.0297846
655,7,-0.0396465
655,8,-0.0473181
655,9,-0.0521507
655,10,-0.0543703
655,11,-0.0453594
655,12,-0.0495569
655,13,-0.0543424
655,14,-0.0585928
655,15,-0.0616661
655,16,-0.0634163
655,17,-0.0640319
655,18,-0.0362234
655,19,-0.0324808
655,20,-0.0275134
656,1,-0.0226931
656,2,-0.01885
656,3,-0.00460534
656,4,-0.0183898
656,5,-0.0189028
656,6,-0.0233835
656,7,-0.03008
656,8,-0.0371781
656,9,-0.0433433
656,10,-0.0478838
656,11,-0.0444808
656,12,-0.0465709
656,13,-0.049771
656,14,-0.0534035
656,15,-0.0568057
656,16,-0.0595277
656,17,-0.0613824
656,18,-0.0300194
656,19,-0.031033
656,20,-0.0295837
657,1,-0.0267464
657,2,-0.023495
657,3,0.00306713
657,4,-0.0437016
657,5,-0.0334903
657,6,-0.0293287
657,7,-0.0296381
657,8,-0.0327428
657,9,-0.0371077
657,10,-0.0415449
657,11,-0.0565917
657,12,-0.0524655
657,13,-0.051356
657,14,-0.0521991
657,15,-0.0540959
657,16,-0.0563325
657,17,-0.0584119
657,18,-0.0106613
657,19,-0.0190496
657,20,-0.0233872
658,1,-0.0247704
658,2,-0.0242452
658,3,0.0183564
658,4,-0.124051
658,5,-0.0867613
658,6,-0.0631126
658,7,-0.049329
658,8,-0.0424994
658,9,-0.0402793
658,10,-0.0408004
658,11,-0.0947464
658,12,-0.0773366
658,13,-0.0666387
658,14,-0.060693
658,15,-0.0579765
658,16,-0.0572996
658,17,-0.0577576
658,18,0.0127299
658,19,-0.000355794
658,20,-0.00983931
659,1,-0.0159874
659,2,-0.0193877
659,3,0.0152151
659,4,-0.107772
659,5,-0.0991204
659,6,-0.0842937
659,7,-0.0698964
659,8,-0.0586153
659,9,-0.0510652
659,10,-0.0468385
659,11,-0.0882129
659,12,-0.0837345
659,13,-0.076695
659,14,-0.0701059
659,15,-0.0651115
659,16,-0.0618948
659,17,-0.0601913
659,18,0.00293563
659,19,0.00158034
659,20,-0.00312187
660,1,-0.00841945
660,2,-0.0129358
660,3,0.00437901
660,4,-0.042067
660,5,-0.0655596
660,6,-0.0732736
660,7,-0.071883
660,8,-0.0664198
660,9,-0.0600973
660,10,-0.0546378
660,11,-0.0615476
660,12,-0.0706834
660,13,-0.0731588
660,14,-0.0719017
660,15,-0.0691057
660,16,-0.0661365
660,17,-0.0636885
660,18,-0.0213544
660,19,-0.0119107
660,20,-0.00829178
661,1,-0.00834435
661,2,-0.0102349
661,3,-0.00041242
661,4,-0.0172346
661,5,-0.0371331
661,6,-0.0520145
661,7,-0.0601957
661,8,-0.0627585
661,9,-0.0616627
661,10,-0.0587701
661,11,-0.0513425
661,12,-0.0593064
661,13,-0.0650103
661,14,-0.067848
661,15,-0.0683659
661,16,-0.0674479
661,17,-0.0658999
661,18,-0.0339524
661,19,-0.0248764
661,20,-0.0180474
662,1,-0.0140521
662,2,-0.0124803
662,3,-0.0031945
662,4,-0.0125729
662,5,-0.0226859
662,6,-0.0347624
662,7,-0.0452349
662,8,-0.0524505
662,9,-0.0562438
662,10,-0.057284
662,11,-0.0475496
662,12,-0.0523906
662,13,-0.057587
662,14,-0.0618121
662,15,-0.0645107
662,16,-0.0657201
662,17,-0.0657942
662,18,-0.0371071
662,19,-0.0320709
662,20,-0.0262966
663,1,-0.0212547
663,2,-0.0176417
663,3,-0.00522291
663,4,-0.0158018
663,5,-0.0186364
663,6,-0.0252765
663,7,-0.0334947
663,8,-0.0413
663,9,-0.0474533
663,10,-0.0515013
663,11,-0.0452128
663,12,-0.0481683
663,13,-0.0520466
663,14,-0.0560677
663,15,-0.0595442
663,16,-0.0620872
663,17,-0.0636136
663,18,-0.0338645
663,19,-0.033126
663,20,-0.0303139
664,1,-0.0265836
664,2,-0.0229017
664,3,-0.00175501
664,4,-0.0305888
664,5,-0.0256672
664,6,-0.0255063
664,7,-0.0287957
664,8,-0.0339445
664,9,-0.039507
664,10,-0.0444458
664,11,-0.0501095
664,12,-0.0493102
664,13,-0.050437
664,14,-0.0527555
664,15,-0.0555508
664,16,-0.0582423
664,17,-0.060454
664,18,-0.020251
664,19,-0.0255525
664,20,-0.0275131
665,1,-0.0271303
665,2,-0.0253891
665,3,0.0132694
665,4,-0.0922392
665,5,-0.0648272
665,6,-0.0486363
665,7,-0.0404666
665,8,-0.037781
665,9,-0.0384917
665,10,-0.0409434
665,11,-0.0814995
665,12,-0.0682451
665,13,-0.0609123
665,14,-0.0575536
665,15,-0.056729
665,16,-0.0573521
665,17,-0.0586294
665,18,0.00610307
665,19,-0.00693157
665,20,-0.0154063
666,1,-0.0202338
666,2,-0.0223566
666,3,0.0190754
666,4,-0.138127
666,5,-0.107945
666,6,-0.0835237
666,7,-0.0657943
666,8,-0.0542594
666,9,-0.0477668
666,10,-0.0449572
666,11,-0.100959
666,12,-0.0874884
666,13,-0.0765453
666,14,-0.0687252
666,15,-0.0637856
666,16,-0.0611365
666,17,-0.0601041
666,18,0.010807
666,19,0.00350288
666,20,-0.00428326
667,1,-0.0108511
667,2,-0.0155887
667,3,0.00758301
667,4,-0.0644763
667,5,-0.0823751
667,6,-0.0828481
667,7,-0.0758259
667,8,-0.0669456
667,9,-0.0590485
667,10,-0.0532462
667,11,-0.0712479
667,12,-0.0779352
667,13,-0.0773629
667,14,-0.0738062
667,15,-0.0696801
667,16,-0.0661621
667,17,-0.0636677
667,18,-0.0137933
667,19,-0.00667135
667,20,-0.00568801
668,1,-0.00781401
668,2,-0.0110153
668,3,0.000789437
668,4,-0.0238839
668,5,-0.0479685
668,6,-0.0623307
668,7,-0.0678876
668,8,-0.0674997
668,9,-0.0640198
668,10,-0.0595836
668,11,-0.055372
668,12,-0.0646627
668,13,-0.0698922
668,14,-0.0715039
668,15,-0.0707529
668,16,-0.0688626
668,17,-0.0667235
668,18,-0.0313283
668,19,-0.0211754
668,20,-0.0147983
669,1,-0.0119224
669,2,-0.0115489
669,3,-0.00221807
669,4,-0.0137381
669,5,-0.027833
669,6,-0.0420379
669,7,-0.0526819
669,8,-0.0587833
669,9,-0.0609395
669,10,-0.0603812
669,11,-0.0504568
669,12,-0.0563063
669,13,-0.0619005
669,14,-0.0658548
669,15,-0.0678717
669,16,-0.0682797
669,17,-0.0676389
669,18,-0.0373571
669,19,-0.030694
669,20,-0.0241487
670,1,-0.0191143
670,2,-0.0159992
670,3,-0.00506411
670,4,-0.0139811
670,5,-0.0196848
670,6,-0.0288891
670,7,-0.0386861
670,8,-0.0469614
670,9,-0.0527171
670,10,-0.0558729
670,11,-0.0471466
670,12,-0.0509182
670,13,-0.0554403
670,14,-0.0597287
670,15,-0.0630817
670,16,-0.065222
670,17,-0.0662172
670,18,-0.0370753
670,19,-0.0344477
670,20,-0.030207
671,1,-0.0256394
671,2,-0.0216699
671,3,-0.00482876
671,4,-0.0224916
671,5,-0.0213359
671,6,-0.024446
671,7,-0.0303096
671,8,-0.0371662
671,9,-0.0435695
671,10,-0.0486356
671,11,-0.0474633
671,12,-0.0488859
671,13,-0.0515848
671,14,-0.0549382
671,15,-0.0582914
671,16,-0.0611452
671,17,-0.0632337
671,18,-0.0285304
671,19,-0.0309669
671,20,-0.030654
672,1,-0.0285892
672,2,-0.0257401
672,3,0.00589707
672,4,-0.0588809
672,5,-0.0434212
672,6,-0.0356079
672,7,-0.0334262
672,8,-0.0349662
672,9,-0.0385088
672,10,-0.0426786
672,11,-0.065955
672,12,-0.0589266
672,13,-0.0559035
672,14,-0.055506
672,15,-0.0566529
672,16,-0.0585027
672,17,-0.0604507
672,18,-0.00546324
672,19,-0.0159648
672,20,-0.0220133
673,1,-0.024721
673,2,-0.0251406
673,3,0.0198953
673,4,-0.148866
673,5,-0.105448
673,6,-0.0766902
673,7,-0.0588756
673,8,-0.0490306
673,9,-0.0446981
673,10,-0.0438665
673,11,-0.105763
673,12,-0.0864776
673,13,-0.0738883
673,14,-0.0663191
673,15,-0.0623389
673,16,-0.0607593
673,17,-0.0606322
673,18,0.0138043
673,19,0.00154647
673,20,-0.0081546
674,1,-0.0149761
674,2,-0.0191615
674,3,0.0116788
674,4,-0.0964744
674,5,-0.100169
674,6,-0.0905015
674,7,-0.0774791
674,8,-0.065765
674,9,-0.0570904
674,10,-0.0516453
674,11,-0.0846299
674,12,-0.0853907
674,13,-0.0806544
674,14,-0.0747516
674,15,-0.0696405
674,16,-0.0659835
674,17,-0.06378
674,18,-0.00452604
674,19,-0.0020256
674,20,-0.0045493
675,1,-0.00884267
675,2,-0.0130916
675,3,0.00200447
675,4,-0.0353116
675,5,-0.0620178
675,6,-0.0737463
675,7,-0.0752833
675,8,-0.071364
675,9,-0.0654866
675,10,-0.0597872
675,11,-0.0609993
675,12,-0.0710428
675,13,-0.0750005
675,14,-0.074898
675,15,-0.0727332
675,16,-0.0699539
675,17,-0.0674117
675,18,-0.0274016
675,19,-0.0169526
675,20,-0.0118454
676,1,-0.010609
676,2,-0.0116312
676,3,-0.00183818
676,4,-0.0162226
676,5,-0.0350795
676,6,-0.0510011
676,7,-0.0609997
676,8,-0.0652673
676,9,-0.0653576
676,10,-0.0630639
676,11,-0.053451
676,12,-0.0606947
676,13,-0.0665853
676,14,-0.0700082
676,15,-0.0711302
676,16,-0.0706459
676,17,-0.0693142
676,18,-0.03731
676,19,-0.0289276
676,20,-0.0218937
677,1,-0.0172471
677,2,-0.0149347
677,3,-0.00486171
677,4,-0.0133648
677,5,-0.0223061
677,6,-0.0341217
677,7,-0.0451891
677,8,-0.0534566
677,9,-0.058357
677,10,-0.0602952
677,11,-0.0497299
677,12,-0.0542448
677,13,-0.0593262
677,14,-0.0637247
677,15,-0.066774
677,16,-0.0683683
677,17,-0.0687578
677,18,-0.0393946
677,19,-0.0350846
677,20,-0.0296531
678,1,-0.0245447
678,2,-0.0205876
678,3,-0.00673666
678,4,-0.0178344
678,5,-0.0196757
678,6,-0.025624
678,7,-0.0336802
678,8,-0.0418235
678,9,-0.0486314
678,10,-0.0534341
678,11,-0.0473875
678,12,-0.0502111
678,13,-0.0539644
678,14,-0.0579833
678,15,-0.061603
678,16,-0.0643887
678,17,-0.0661878
678,18,-0.0349294
678,19,-0.0349933
678,20,-0.0327944
679,1,-0.0293975
679,2,-0.0257699
679,3,-0.00148912
679,4,-0.0370076
679,5,-0.0298709
679,6,-0.0281222
679,7,-0.0304108
679,8,-0.0351101
679,9,-0.0406777
679,10,-0.0459304
679,11,-0.0548671
679,12,-0.0529499
679,13,-0.0533676
679,14,-0.0552682
679,15,-0.0578767
679,16,-0.0605581
679,17,-0.0628762
679,18,-0.0184072
679,19,-0.0252368
679,20,-0.0283488
680,1,-0.0287806
680,2,-0.0275409
680,3,0.0154374
680,4,-0.118117
680,5,-0.0817804
680,6,-0.0596858
680,7,-0.0476314
680,8,-0.0424756
680,9,-0.0417353
680,10,-0.0434627
680,11,-0.0941926
680,12,-0.0772103
680,13,-0.0673927
680,14,-0.0624003
680,15,-0.0605376
680,16,-0.060546
680,17,-0.0615055
680,18,0.00920329
680,19,-0.00497792
680,20,-0.0146012
681,1,-0.0204398
681,2,-0.0233638
681,3,0.016717
681,4,-0.136553
681,5,-0.113999
681,6,-0.091635
681,7,-0.0735159
681,8,-0.0607346
681,9,-0.0529114
681,10,-0.0490207
681,11,-0.101341
681,12,-0.0914046
681,13,-0.0815174
681,14,-0.0736456
681,15,-0.0682482
681,16,-0.0650767
681,17,-0.0636062
681,18,0.00632927
681,19,0.00167337
681,20,-0.00502793
682,1,-0.011374
682,2,-0.0163109
682,3,0.00475489
682,4,-0.0574292
682,5,-0.0807229
682,6,-0.0852161
682,7,-0.0803984
682,8,-0.0723015
682,9,-0.0643173
682,10,-0.0580187
682,11,-0.0702985
682,12,-0.0789892
682,13,-0.0800302
682,14,-0.0774013
682,15,-0.0736324
682,16,-0.0701095
682,17,-0.0674317
682,18,-0.0197525
682,19,-0.0109301
682,20,-0.00849977
683,1,-0.00968327
683,2,-0.0124123
683,3,-0.00116282
683,4,-0.0218817
683,5,-0.0461104
683,6,-0.0622128
683,7,-0.069701
683,8,-0.0707718
683,9,-0.0681141
683,10,-0.0639572
683,11,-0.0567921
683,12,-0.0659321
683,13,-0.0717372
683,14,-0.0740695
683,15,-0.0738895
683,16,-0.072333
683,17,-0.0703148
683,18,-0.0355089
683,19,-0.0253882
683,20,-0.0184341
684,1,-0.0148308
684,2,-0.013835
684,3,-0.00435121
684,4,-0.0136417
684,5,-0.0270111
684,6,-0.0415059
684,7,-0.0531157
684,8,-0.0603858
684,9,-0.063568
684,10,-0.0637283
684,11,-0.0520996
684,12,-0.0577953
684,13,-0.0635361
684,14,-0.0678734
684,15,-0.0703506
684,16,-0.0711669
684,17,-0.070816
684,18,-0.0407308
684,19,-0.0344133
684,20,-0.0278336
685,1,-0.0224795
685,2,-0.01892
685,3,-0.00711599
685,4,-0.01517
685,5,-0.0200458
685,6,-0.0288823
685,7,-0.0388607
685,8,-0.047724
685,9,-0.054248
685,10,-0.0581517
685,11,-0.0488072
685,12,-0.0525082
685,13,-0.0570491
685,14,-0.0615061
685,15,-0.065148
685,16,-0.0676264
685,17,-0.0689397
685,18,-0.0392217
685,19,-0.0372418
685,20,-0.0333678
686,1,-0.0288844
686,2,-0.0247814
686,3,-0.00627514
686,4,-0.0251988
686,5,-0.023077
686,6,-0.0254674
686,7,-0.0309823
686,8,-0.037876
686,9,-0.0446174
686,10,-0.0501903
686,11,-0.0496739
686,12,-0.050841
686,13,-0.0533973
686,14,-0.0567362
686,15,-0.0601999
686,16,-0.0632578
686,17,-0.0655974
686,18,-0.0291015
686,19,-0.0324534
686,20,-0.0328299
687,1,-0.0312053
687,2,-0.0285602
687,3,0.00653421
687,4,-0.070415
687,5,-0.0509229
687,6,-0.0404412
687,7,-0.0365464
687,8,-0.0370938
687,9,-0.0401918
687,10,-0.0443088
687,11,-0.0727921
687,12,-0.0637534
687,13,-0.0594891
687,14,-0.0583556
687,15,-0.059115
687,16,-0.0608209
687,17,-0.0627877
687,18,-0.0033162
687,19,-0.0153139
687,20,-0.0225264
688,1,-0.0261
688,2,-0.027113
688,3,0.0194304
688,4,-0.163791
688,5,-0.117316
688,6,-0.0856616
688,7,-0.0654377
688,8,-0.0537667
688,9,-0.048177
688,10,-0.0465842
688,11,-0.112184
688,12,-0.092242
688,13,-0.0787555
688,14,-0.0703555
688,15,-0.0657271
688,16,-0.0637069
688,17,-0.0633284
688,18,0.0132124
688,19,0.00146631
688,20,-0.00841303
689,1,-0.0156959
689,2,-0.0203971
689,3,0.00898516
689,4,-0.0934285
689,5,-0.103264
689,6,-0.0960162
689,7,-0.083425
689,8,-0.0712128
689,9,-0.0617275
689,10,-0.055492
689,11,-0.0842998
689,12,-0.0875701
689,13,-0.0839406
689,14,-0.0783467
689,15,-0.0731504
689,16,-0.0692619
689,17,-0.0668187
689,18,-0.00914511
689,19,-0.0047757
689,20,-0.00627342
690,1,-0.0101533
690,2,-0.0143713
690,3,0.000175906
690,4,-0.0337762
690,5,-0.062389
690,6,-0.0762355
690,7,-0.0791959
690,8,-0.0759087
690,9,-0.0700694
690,10,-0.0640669
690,11,-0.0624296
690,12,-0.0727816
690,13,-0.0773764
690,14,-0.077776
690,15,-0.0758713
690,16,-0.0731498
690,17,-0.0705429
690,18,-0.0310044
690,19,-0.0202043
690,20,-0.0144681
691,1,-0.0126914
691,2,-0.0133831
691,3,-0.0033926
691,4,-0.0163339
691,5,-0.0352978
691,6,-0.0521545
691,7,-0.0632892
691,8,-0.0684855
691,9,-0.0691377
691,10,-0.0670497
691,11,-0.055773
691,12,-0.0627765
691,13,-0.0687883
691,14,-0.0724891
691,15,-0.0738818
691,16,-0.0735804
691,17,-0.0723296
691,18,-0.0400646
691,19,-0.0318868
691,20,-0.0247144
692,1,-0.0197638
692,2,-0.0171364
692,3,-0.00640121
692,4,-0.0142911
692,5,-0.0229409
692,6,-0.03497
692,7,-0.0466308
692,8,-0.0556298
692,9,-0.0611919
692,10,-0.0636039
692,11,-0.0521289
692,12,-0.0565132
692,13,-0.0615676
692,14,-0.0660647
692,15,-0.0692835
692,16,-0.0710528
692,17,-0.0715786
692,18,-0.041503
692,19,-0.0375434
692,20,-0.0322609
693,1,-0.027115
693,2,-0.0230062
693,3,-0.00839697
693,4,-0.0189906
693,5,-0.0206172
693,6,-0.0265272
693,7,-0.0348051
693,8,-0.04338
693,9,-0.0507143
693,10,-0.0560218
693,11,-0.0493863
693,12,-0.0523209
693,13,-0.0561284
693,14,-0.0602198
693,15,-0.0639519
693,16,-0.0668758
693,17,-0.0688122
693,18,-0.0368045
693,19,-0.0371088
693,20,-0.0351126
694,1,-0.0318194
694,2,-0.0281905
694,3,-0.00229039
694,4,-0.0403218
694,5,-0.0322081
694,6,-0.0298689
694,7,-0.0319015
694,8,-0.0366279
694,9,-0.0424282
694,10,-0.0480256
694,11,-0.0579571
694,12,-0.0556363
694,13,-0.055839
694,14,-0.0576428
694,15,-0.0602407
694,16,-0.0629728
694,17,-0.0653773
694,18,-0.0187956
694,19,-0.0263363
694,20,-0.02995
695,1,-0.0307198
695,2,-0.0296783
695,3,0.0155727
695,4,-0.132404
695,5,-0.0911466
695,6,-0.0659146
695,7,-0.0519092
695,8,-0.0456169
695,9,-0.0443039
695,10,-0.0458364
695,11,-0.101341
695,12,-0.0825212
695,13,-0.0715344
695,14,-0.0658143
695,15,-0.0635193
695,16,-0.0632943
695,17,-0.064152
695,18,0.0095825
695,19,-0.00520759
695,20,-0.0153957
696,1,-0.0217056
696,2,-0.0249885
696,3,0.0152676
696,4,-0.141314
696,5,-0.120657
696,6,-0.0981159
696,7,-0.0790896
696,8,-0.0653067
696,9,-0.0566585
696,10,-0.0522023
696,11,-0.104075
696,12,-0.0952001
696,13,-0.0854554
696,14,-0.0773679
696,15,-0.0716655
696,16,-0.0682186
696,17,-0.0665441
696,18,0.00394568
696,19,0.000176688
696,20,-0.00623546
697,1,-0.0126055
697,2,-0.0177044
697,3,0.00266636
697,4,-0.0561963
697,5,-0.0827388
697,6,-0.0890705
697,7,-0.0849607
697,8,-0.0768679
697,9,-0.0685464
697,10,-0.0618165
697,11,-0.0713191
697,12,-0.0811524
697,13,-0.0829242
697,14,-0.0806363
697,15,-0.0769425
697,16,-0.0733503
697,17,-0.0705477
697,18,-0.0235525
697,19,-0.0137816
697,20,-0.0106744
698,1,-0.0114696
698,2,-0.0140368
698,3,-0.00243789
698,4,-0.0223734
698,5,-0.0472298
698,6,-0.0644583
698,7,-0.0729005
698,8,-0.0745341
698,9,-0.0720686
698,10,-0.0678471
698,11,-0.05929
698,12,-0.0682922
698,13,-0.0743172
698,14,-0.0769192
698,15,-0.0769288
698,16,-0.0754553
698,17,-0.0734345
698,18,-0.0379284
698,19,-0.0279856
698,20,-0.0208575
699,1,-0.0169919
699,2,-0.0157751
699,3,-0.00593681
699,4,-0.0141848
699,5,-0.0277916
699,6,-0.0428896
699,7,-0.055247
699,8,-0.0631888
699,9,-0.0668452
699,10,-0.0672577
699,11,-0.0543623
699,12,-0.0600981
699,13,-0.065953
699,14,-0.0704685
699,15,-0.0731286
699,16,-0.0740867
699,17,-0.0738181
699,18,-0.0433138
699,19,-0.0370022
699,20,-0.0303544
