t,unit,output
500,1,-0.0616061
500,2,-0.190609
500,3,-0.0574281
500,4,-0.0813405
500,5,-0.103709
500,6,-0.0640917
500,7,0.037475
500,8,-0.143997
500,9,-0.0888287
500,10,-0.0598359
500,11,-0.1049
500,12,-0.000639336
500,13,-0.193374
500,14,-0.113874
500,15,-0.00330032
500,16,-0.201474
500,17,-0.214532
500,18,-0.0194353
500,19,-0.0783909
500,20,0.00958554
501,1,-0.0907545
501,2,-0.299495
501,3,-0.0857094
501,4,-0.128534
501,5,-0.153971
501,6,-0.0875132
501,7,0.0533282
501,8,-0.211622
501,9,-0.114774
501,10,-0.0747532
501,11,-0.139776
501,12,0.00639751
501,13,-0.275599
501,14,-0.144609
501,15,0.00435587
501,16,-0.2854
501,17,-0.278713
501,18,-0.0122134
501,19,-0.106391
501,20,0.0183276
502,1,-0.0753172
502,2,-0.318655
502,3,-0.107995
502,4,-0.131254
502,5,-0.152937
502,6,-0.0897644
502,7,0.0366127
502,8,-0.197085
502,9,-0.114622
502,10,-0.0734906
502,11,-0.128272
502,12,-0.00299692
502,13,-0.271159
502,14,-0.149938
502,15,-0.0095972
502,16,-0.283947
502,17,-0.287972
502,18,-0.0346901
502,19,-0.0984329
502,20,0.00864912
503,1,-0.104344
503,2,-0.518679
503,3,-0.164108
503,4,-0.188122
503,5,-0.210234
503,6,-0.116307
503,7,0.0484012
503,8,-0.286578
503,9,-0.149601
503,10,-0.091924
503,11,-0.166021
503,12,0.000953773
503,13,-0.403446
503,14,-0.200535
503,15,-0.0103521
503,16,-0.427949
503,17,-0.400322
503,18,-0.0458822
503,19,-0.133627
503,20,0.0129375
504,1,-0.108233
504,2,-1.07716
504,3,-0.345408
504,4,-0.264907
504,5,-0.26008
504,6,-0.139669
504,7,0.0372467
504,8,-0.363965
504,9,-0.185676
504,10,-0.107282
504,11,-0.18235
504,12,-0.00794355
504,13,-0.608027
504,14,-0.282643
504,15,-0.0388461
504,16,-0.685362
504,17,-0.597135
504,18,-0.111328
504,19,-0.161223
504,20,0.00108541
505,1,-0.0647494
505,2,2.49391
505,3,0.522918
505,4,-0.0139195
505,5,-0.159503
505,6,-0.108508
505,7,0.00705433
505,8,-0.278154
505,9,-0.165162
505,10,-0.0948916
505,11,-0.131149
505,12,-0.0225138
505,13,-0.781377
505,14,-0.365078
505,15,-0.0976657
505,16,-1.17669
505,17,-0.961975
505,18,-0.277343
505,19,-0.169742
505,20,-0.0303751
506,1,-0.0436543
506,2,0.234003
506,3,0.185395
506,4,0.0365309
506,5,-0.0695758
506,6,-0.0655565
506,7,-0.000812673
506,8,-0.166331
506,9,-0.119392
506,10,-0.0734232
506,11,-0.0857494
506,12,-0.0221098
506,13,-1.66518
506,14,-0.66987
506,15,-0.212247
506,16,1.84597
506,17,-31.9832
506,18,-8.9887
506,19,-2.58202
506,20,-0.718239
507,1,-0.283307
507,2,-0.0849367
507,3,0.0425376
507,4,-0.0330012
507,5,-0.10728
507,6,-0.0752429
507,7,0.048626
507,8,-0.23549
507,9,-0.136282
507,10,-0.0868193
507,11,-0.131654
507,12,0.00301284
507,13,0.725605
507,14,-0.690787
507,15,-0.214498
507,16,0.153457
507,17,0.400428
507,18,0.502703
507,19,0.686341
507,20,-0.263719
508,1,-0.320595
508,2,-0.242444
508,3,-0.0396289
508,4,-0.0800517
508,5,-0.131929
508,6,-0.0837427
508,7,0.0505322
508,8,-0.278076
508,9,-0.153673
508,10,-0.0950292
508,11,-0.151218
508,12,-0.000476496
508,13,0.116007
508,14,-0.93002
508,15,-0.289064
508,16,-0.105729
508,17,0.0437595
508,18,0.157799
508,19,0.167313
508,20,-0.00561586
509,1,-0.179494
509,2,-0.180314
509,3,-0.0620785
509,4,-0.0551804
509,5,-0.0767516
509,6,-0.0555797
509,7,0.010688
509,8,-0.152091
509,9,-0.108214
509,10,-0.0691029
509,11,-0.0901008
509,12,-0.0188617
509,13,0.0219277
509,14,-5.08218
509,15,-1.54025
509,16,-0.482742
509,17,-0.125582
509,18,0.0201661
509,19,0.0504849
509,20,0.0184623
510,1,-0.114365
510,2,-0.186343
510,3,-0.0648814
510,4,-0.0707517
510,5,-0.0825612
510,6,-0.0535681
510,7,0.0273613
510,8,-0.127322
510,9,-0.0889291
510,10,-0.0609731
510,11,-0.0864081
510,12,-0.00500401
510,13,-0.0425552
510,14,0.419238
510,15,1.21121
510,16,-0.207629
510,17,-0.145658
510,18,0.0042935
510,19,-0.00819174
510,20,0.0278885
511,1,-0.0995018
511,2,-0.248836
511,3,-0.077735
511,4,-0.10432
511,5,-0.11808
511,6,-0.0688539
511,7,0.0458222
511,8,-0.158407
511,9,-0.0956039
511,10,-0.0657652
511,11,-0.109487
511,12,0.00587206
511,13,-0.111312
511,14,0.0642841
511,15,0.215938
511,16,-0.18173
511,17,-0.177123
511,18,0.0103656
511,19,-0.0489677
511,20,0.0315622
512,1,-0.0665264
512,2,-0.23131
512,3,-0.0830459
512,4,-0.100851
512,5,-0.11307
512,6,-0.0678691
512,7,0.0333756
512,8,-0.132303
512,9,-0.084883
512,10,-0.0587359
512,11,-0.0968009
512,12,0.000212526
512,13,-0.111145
512,14,-0.0181915
512,15,0.0738912
512,16,-0.13763
512,17,-0.15755
512,18,-0.000678182
512,19,-0.0510313
512,20,0.0203191
513,1,-0.0431331
513,2,-0.179667
513,3,-0.0736529
513,4,-0.0853509
513,5,-0.0946583
513,6,-0.0592488
513,7,0.0229015
513,8,-0.0954443
513,9,-0.0666742
513,10,-0.0477163
513,11,-0.0761767
513,12,-0.00245512
513,13,-0.0905396
513,14,-0.0385187
513,15,0.0293758
513,16,-0.0967582
513,17,-0.121471
513,18,-0.00394814
513,19,-0.0430058
513,20,0.0128809
514,1,-0.0820851
514,2,-0.292998
514,3,-0.0891803
514,4,-0.134463
514,5,-0.152702
514,6,-0.0856662
514,7,0.0523017
514,8,-0.17527
514,9,-0.0952189
514,10,-0.0647057
514,11,-0.122218
514,12,0.011936
514,13,-0.182441
514,14,-0.0850429
514,15,0.0303462
514,16,-0.182462
514,17,-0.183157
514,18,0.0194296
514,19,-0.0801974
514,20,0.0275582
515,1,-0.0865008
515,2,-0.387999
515,3,-0.124244
515,4,-0.160123
515,5,-0.182124
515,6,-0.102163
515,7,0.0456397
515,8,-0.213135
515,9,-0.115196
515,10,-0.0742078
515,11,-0.138476
515,12,0.00502307
515,13,-0.231279
515,14,-0.115532
515,15,0.0162004
515,16,-0.228193
515,17,-0.222554
515,18,0.00496162
515,19,-0.0917221
515,20,0.0220965
516,1,-0.0383972
516,2,-0.276017
516,3,-0.121776
516,4,-0.113808
516,5,-0.123468
516,6,-0.0777026
516,7,0.00739193
516,8,-0.118929
516,9,-0.0822472
516,10,-0.0543567
516,11,-0.0840086
516,12,-0.0124679
516,13,-0.136179
516,14,-0.0871908
516,15,-0.00975509
516,16,-0.133389
516,17,-0.152544
516,18,-0.0256987
516,19,-0.0539923
516,20,0.00133315
517,1,-0.0262052
517,2,-0.178559
517,3,-0.0928147
517,4,-0.0853394
517,5,-0.0879141
517,6,-0.0581368
517,7,0.00410977
517,8,-0.0716836
517,9,-0.0555346
517,10,-0.0396417
517,11,-0.0568629
517,12,-0.00888572
517,13,-0.0842363
517,14,-0.061117
517,15,-0.00916649
517,16,-0.0828421
517,17,-0.101885
517,18,-0.0185393
517,19,-0.0380993
517,20,0.000860595
518,1,-0.0628328
518,2,-0.240435
518,3,-0.0851251
518,4,-0.117508
518,5,-0.127949
518,6,-0.074365
518,7,0.0411534
518,8,-0.126453
518,9,-0.0728373
518,10,-0.0512879
518,11,-0.0927238
518,12,0.0110656
518,13,-0.143465
518,14,-0.0799567
518,15,0.0145343
518,16,-0.141525
518,17,-0.142635
518,18,0.0167876
518,19,-0.0642509
518,20,0.0216505
519,1,-0.0718629
519,2,-0.293941
519,3,-0.0979564
519,4,-0.135553
519,5,-0.152319
519,6,-0.0871661
519,7,0.0433702
519,8,-0.156745
519,9,-0.0877211
519,10,-0.0592771
519,11,-0.110474
519,12,0.00964739
519,13,-0.179489
519,14,-0.0972014
519,15,0.0142703
519,16,-0.176644
519,17,-0.172929
519,18,0.0139631
519,19,-0.0747369
519,20,0.0224131
520,1,-0.0552912
520,2,-0.271959
520,3,-0.10231
520,4,-0.123029
520,5,-0.138407
520,6,-0.0828078
520,7,0.028574
520,8,-0.132394
520,9,-0.0813824
520,10,-0.0550419
520,11,-0.0962475
520,12,0.00144831
520,13,-0.156002
520,14,-0.0921722
520,15,0.00392722
520,16,-0.153245
520,17,-0.159221
520,18,-0.000228171
520,19,-0.0629664
520,20,0.0143849
521,1,-0.0546834
521,2,-0.267339
521,3,-0.101353
521,4,-0.121699
521,5,-0.136118
521,6,-0.0818123
521,7,0.0295805
521,8,-0.127613
521,9,-0.0788231
521,10,-0.0540438
521,11,-0.0940793
521,12,0.00275906
521,13,-0.151456
521,14,-0.0902394
521,15,0.00454614
521,16,-0.148988
521,17,-0.156137
521,18,0.00155536
521,19,-0.0619178
521,20,0.0154169
522,1,-0.095663
522,2,-0.448869
522,3,-0.141016
522,4,-0.181319
522,5,-0.202659
522,6,-0.111877
522,7,0.0512448
522,8,-0.226122
522,9,-0.117004
522,10,-0.0755277
522,11,-0.144805
522,12,0.0106175
522,13,-0.262105
522,14,-0.132362
522,15,0.0145243
522,16,-0.258368
522,17,-0.238864
522,18,0.010198
522,19,-0.101314
522,20,0.0258594
523,1,-0.122279
523,2,-1.03414
523,3,-0.318338
523,4,-0.281372
523,5,-0.289644
523,6,-0.151775
523,7,0.046759
523,8,-0.362357
523,9,-0.174573
523,10,-0.102261
523,11,-0.19233
523,12,0.00115461
523,13,-0.433519
523,14,-0.202326
523,15,-0.00066374
523,16,-0.427511
523,17,-0.364788
523,18,-0.020525
523,19,-0.138888
523,20,0.019703
524,1,-0.104612
524,2,1.8116
524,3,0.369237
524,4,-0.128651
524,5,-0.275033
524,6,-0.158432
524,7,0.0241336
524,8,-0.434964
524,9,-0.215294
524,10,-0.117103
524,11,-0.189056
524,12,-0.0154024
524,13,-0.598147
524,14,-0.276772
524,15,-0.0402714
524,16,-0.589971
524,17,-0.488432
524,18,-0.0834501
524,19,-0.143485
524,20,0.00229984
525,1,-0.0740955
525,2,0.19723
525,3,0.152676
525,4,-0.045009
525,5,-0.197345
525,6,-0.1323
525,7,0.00724591
525,8,-0.432434
525,9,-0.229318
525,10,-0.120766
525,11,-0.156485
525,12,-0.0246703
525,13,-0.895515
525,14,-0.398046
525,15,-0.0996681
525,16,-0.881374
525,17,-0.688135
525,18,-0.17853
525,19,-0.145226
525,20,-0.0161439
526,1,-0.0945251
526,2,-0.034386
526,3,0.0474305
526,4,-0.0614297
526,5,-0.18737
526,6,-0.12626
526,7,0.0291518
526,8,-0.643057
526,9,-0.309033
526,10,-0.154243
526,11,-0.18346
526,12,-0.0173359
526,13,3.33922
526,14,0.652877
526,15,0.19224
526,16,3.81497
526,17,-0.521904
526,18,-0.131124
526,19,-0.169447
526,20,-0.0110514
527,1,-0.0805268
527,2,-0.0990985
527,3,-0.00280278
527,4,-0.061731
527,5,-0.148954
527,6,-0.105271
527,7,0.0226377
527,8,-1.29702
527,9,-0.537599
527,10,-0.227301
527,11,-0.192378
527,12,-0.0305269
527,13,0.255497
527,14,0.204109
527,15,0.132603
527,16,0.309238
527,17,-0.456339
527,18,-0.121397
527,19,-0.153977
527,20,-0.0179711
528,1,-0.100419
528,2,-0.194534
528,3,-0.0399666
528,4,-0.0961797
528,5,-0.16441
528,6,-0.107028
528,7,0.0391988
528,8,1.02096
528,9,-0.200487
528,10,-0.185482
528,11,-0.220501
528,12,-0.0283664
528,13,0.00220297
528,14,0.0481703
528,15,0.0866353
528,16,0.0508393
528,17,-0.488186
528,18,-0.102909
528,19,-0.169703
528,20,-0.0107298
529,1,-0.0541557
529,2,-0.125453
529,3,-0.0457769
529,4,-0.061965
529,5,-0.0999201
529,6,-0.0734378
529,7,0.00711804
529,8,0.173022
529,9,-0.0440299
529,10,-0.0961451
529,11,-0.141472
529,12,-0.0393507
529,13,-0.0271972
529,14,0.00538252
529,15,0.0372078
529,16,0.0116537
529,17,-0.366941
529,18,-0.122449
529,19,-0.119554
529,20,-0.0272527
530,1,-0.0481456
530,2,-0.10543
530,3,-0.0396037
530,4,-0.0549842
530,5,-0.0767115
530,6,-0.0557254
530,7,0.0135795
530,8,0.0320006
530,9,-0.0135939
530,10,-0.0479488
530,11,-0.0957465
530,12,-0.0227315
530,13,-0.0498499
530,14,-0.0178776
530,15,0.0230242
530,16,-0.0207914
530,17,-0.254311
530,18,-0.0843635
530,19,-0.0945286
530,20,-0.0183407
531,1,-0.0389435
531,2,-0.0835631
531,3,-0.0324661
531,4,-0.0457451
531,5,-0.0588732
531,6,-0.042178
531,7,0.0144365
531,8,-0.00894173
531,9,-0.0121758
531,10,-0.0261197
531,11,-0.0620819
531,12,-0.0110891
531,13,-0.0494001
531,14,-0.0249903
531,15,0.0138595
531,16,-0.0299373
531,17,-0.15346
531,18,-0.0483889
531,19,-0.0677022
531,20,-0.0111881
532,1,-0.0978416
532,2,-0.236387
532,3,-0.0568474
532,4,-0.114381
532,5,-0.137999
532,6,-0.0771672
532,7,0.06004
532,8,-0.133126
532,9,-0.0633674
532,10,-0.0496731
532,11,-0.121931
532,12,0.0151238
532,13,-0.176138
532,14,-0.0805316
532,15,0.0328668
532,16,-0.156065
532,17,-0.213432
532,18,0.00880014
532,19,-0.109067
532,20,0.0186719
533,1,-0.0896582
533,2,-0.287867
533,3,-0.0862655
533,4,-0.128308
533,5,-0.154284
533,6,-0.0884175
533,7,0.0458782
533,8,-0.15653
533,9,-0.0830115
533,10,-0.0567866
533,11,-0.124593
533,12,0.00584207
533,13,-0.202937
533,14,-0.103431
533,15,0.0164456
533,16,-0.182942
533,17,-0.221879
533,18,-0.00295264
533,19,-0.102068
533,20,0.0130556
534,1,-0.0479562
534,2,-0.203548
534,3,-0.0838313
534,4,-0.0933733
534,5,-0.109457
534,6,-0.0696549
534,7,0.0156574
534,8,-0.0951285
534,9,-0.0633661
534,10,-0.043725
534,11,-0.0803799
534,12,-0.00717501
534,13,-0.129809
534,14,-0.0818678
534,15,-0.00426052
534,16,-0.11636
534,17,-0.155231
534,18,-0.0224239
534,19,-0.0635716
534,20,-0.000234833
535,1,-0.0348756
535,2,-0.141649
535,3,-0.0651995
535,4,-0.0729896
535,5,-0.0827765
535,6,-0.0548197
535,7,0.0127577
535,8,-0.0660996
535,9,-0.0476061
535,10,-0.0346298
535,11,-0.0585443
535,12,-0.00417711
535,13,-0.0888956
535,14,-0.0616345
535,15,-0.00409701
535,16,-0.0816738
535,17,-0.108557
535,18,-0.0137302
535,19,-0.045294
535,20,0.00172972
536,1,-0.0577242
536,2,-0.181525
536,3,-0.0607419
536,4,-0.0939391
536,5,-0.108291
536,6,-0.0648338
536,7,0.0383734
536,8,-0.103407
536,9,-0.0604736
536,10,-0.0432625
536,11,-0.0817318
536,12,0.010155
536,13,-0.12564
536,14,-0.0725344
536,15,0.0127326
536,16,-0.120267
536,17,-0.129733
536,18,0.0137614
536,19,-0.059369
536,20,0.0180359
537,1,-0.0897624
537,2,-0.300799
537,3,-0.0864989
537,4,-0.140141
537,5,-0.164081
537,6,-0.0915817
537,7,0.0545571
537,8,-0.184124
537,9,-0.0952193
537,10,-0.0630877
537,11,-0.126218
537,12,0.0145789
537,13,-0.215038
537,14,-0.109192
537,15,0.0199629
537,16,-0.208625
537,17,-0.197288
537,18,0.0200481
537,19,-0.09013
537,20,0.0265954
538,1,-0.0354062
538,2,-0.183945
538,3,-0.081156
538,4,-0.0887021
538,5,-0.102913
538,6,-0.0663738
538,7,0.00962715
538,8,-0.09377
538,9,-0.0653914
538,10,-0.0441747
538,11,-0.0716961
538,12,-0.00829093
538,13,-0.116977
538,14,-0.0779383
538,15,-0.0082905
538,16,-0.113073
538,17,-0.127713
538,18,-0.0178471
538,19,-0.0479122
538,20,0.00216208
539,1,-0.0846357
539,2,-0.311592
539,3,-0.096237
539,4,-0.142687
539,5,-0.164532
539,6,-0.0931352
539,7,0.0498639
539,8,-0.184279
539,9,-0.0981808
539,10,-0.0650034
539,11,-0.123745
539,12,0.0117984
539,13,-0.215474
539,14,-0.112536
539,15,0.0149122
539,16,-0.211031
539,17,-0.199981
539,18,0.0142395
539,19,-0.0881168
539,20,0.0243934
540,1,-0.0582001
540,2,-0.281562
540,3,-0.105041
540,4,-0.12463
540,5,-0.142742
540,6,-0.0858245
540,7,0.0270057
540,8,-0.145565
540,9,-0.0888676
540,10,-0.058723
540,11,-0.101336
540,12,-0.00098803
540,13,-0.176871
540,14,-0.104135
540,15,-0.000851465
540,16,-0.173348
540,17,-0.178456
540,18,-0.00799994
540,19,-0.0689069
540,20,0.0116862
541,1,-0.0302188
541,2,-0.180137
541,3,-0.0864691
541,4,-0.0873495
541,5,-0.0965688
541,6,-0.0635411
541,7,0.00705419
541,8,-0.0821708
541,9,-0.0608362
541,10,-0.042459
541,11,-0.0641319
541,12,-0.00809445
541,13,-0.103817
541,14,-0.0734785
541,15,-0.010646
541,16,-0.102493
541,17,-0.119675
541,18,-0.0193576
541,19,-0.043358
541,20,0.00177637
542,1,-0.0355072
542,2,-0.149111
542,3,-0.065592
542,4,-0.0799773
542,5,-0.0884581
542,6,-0.0567043
542,7,0.019581
542,8,-0.0751409
542,9,-0.0518888
542,10,-0.0380166
542,11,-0.061443
542,12,0.00124324
542,13,-0.091945
542,14,-0.0618312
542,15,0.00033991
542,16,-0.0914612
542,17,-0.103334
542,18,-0.000935777
542,19,-0.0418924
542,20,0.00971549
543,1,-0.018602
543,2,-0.0845965
543,3,-0.0448952
543,4,-0.0520011
543,5,-0.0576585
543,6,-0.039785
543,7,0.00760628
543,8,-0.041805
543,9,-0.0334849
543,10,-0.0258177
543,11,-0.038889
543,12,-0.002802
543,13,-0.0522338
543,14,-0.0403188
543,15,-0.00349828
543,16,-0.0522062
543,17,-0.064349
543,18,-0.00571062
543,19,-0.0253979
543,20,0.00372557
544,1,-0.0239294
544,2,-0.0754243
544,3,-0.0311961
544,4,-0.0474299
544,5,-0.054379
544,6,-0.0356609
544,7,0.0182976
544,8,-0.0434294
544,9,-0.0301849
544,10,-0.0235863
544,11,-0.0397779
544,12,0.00412335
544,13,-0.0521212
544,14,-0.0352415
544,15,0.00516261
544,16,-0.0518197
544,17,-0.0585238
544,18,0.00800265
544,19,-0.0254686
544,20,0.0101545
545,1,-0.0547932
545,2,-0.145437
545,3,-0.0375351
545,4,-0.0794323
545,5,-0.094563
545,6,-0.0544517
545,7,0.0464374
545,8,-0.0972134
545,9,-0.0529814
545,10,-0.0380701
545,11,-0.0758017
545,12,0.0168322
545,13,-0.110729
545,14,-0.0587723
545,15,0.0218482
545,16,-0.10915
545,17,-0.104929
545,18,0.0299813
545,19,-0.0500127
545,20,0.0256457
546,1,-0.05105
546,2,-0.158271
546,3,-0.0467249
546,4,-0.0831469
546,5,-0.100988
546,6,-0.0598781
546,7,0.0398411
546,8,-0.101661
546,9,-0.0594585
546,10,-0.0416915
546,11,-0.0799369
546,12,0.0109449
546,13,-0.118066
546,14,-0.0664159
546,15,0.0161166
546,16,-0.115635
546,17,-0.115472
546,18,0.020345
546,19,-0.0502749
546,20,0.0216636
547,1,-0.067066
547,2,-0.2165
547,3,-0.0621278
547,4,-0.107314
547,5,-0.129907
547,6,-0.0749889
547,7,0.0473769
547,8,-0.140244
547,9,-0.0776804
547,10,-0.052837
547,11,-0.102974
547,12,0.0123621
547,13,-0.162091
547,14,-0.086753
547,15,0.0182558
547,16,-0.158621
547,17,-0.152657
547,18,0.0213724
547,19,-0.0667533
547,20,0.0252859
548,1,-0.0254944
548,2,-0.121196
548,3,-0.0541905
548,4,-0.0650329
548,5,-0.0785702
548,6,-0.0524702
548,7,0.0106667
548,8,-0.0687456
548,9,-0.0508497
548,10,-0.0358872
548,11,-0.0579888
548,12,-0.00566673
548,13,-0.0846122
548,14,-0.0590423
548,15,-0.00404836
548,16,-0.0823222
548,17,-0.0945513
548,18,-0.00896387
548,19,-0.0348786
548,20,0.00491505
549,1,-0.0803717
549,2,-0.250273
549,3,-0.0692051
549,4,-0.122968
549,5,-0.145966
549,6,-0.0823321
549,7,0.0542618
549,8,-0.166914
549,9,-0.0874468
549,10,-0.0589902
549,11,-0.116046
549,12,0.0154866
549,13,-0.190793
549,14,-0.0976659
549,15,0.0210088
549,16,-0.187327
549,17,-0.173743
549,18,0.0246923
549,19,-0.0799044
549,20,0.0282291
550,1,-0.0547252
550,2,-0.21979
550,3,-0.0774005
550,4,-0.105734
550,5,-0.126285
550,6,-0.0764016
550,7,0.030439
550,8,-0.131615
550,9,-0.0801158
550,10,-0.0536989
550,11,-0.0954746
550,12,0.0015192
550,13,-0.156533
550,14,-0.0915786
550,15,0.00421044
550,16,-0.153263
550,17,-0.155834
550,18,0.000759601
550,19,-0.06213
550,20,0.0144701
551,1,-0.0637252
551,2,-0.249811
551,3,-0.08427
551,4,-0.118064
551,5,-0.139307
551,6,-0.0827063
551,7,0.0375895
551,8,-0.147398
551,9,-0.0865959
551,10,-0.0583183
551,11,-0.105165
551,12,0.00521672
551,13,-0.175374
551,14,-0.0995234
551,15,0.00753885
551,16,-0.172157
551,17,-0.172541
551,18,0.00545141
551,19,-0.0699315
551,20,0.0186039
552,1,-0.0189703
552,2,-0.12212
552,3,-0.0656355
552,4,-0.0652519
552,5,-0.0748777
552,6,-0.0522444
552,7,-0.00121915
552,8,-0.0613632
552,9,-0.0501013
552,10,-0.0355649
552,11,-0.0512155
552,12,-0.0119577
552,13,-0.0782159
552,14,-0.0602368
552,15,-0.0136709
552,16,-0.0770487
552,17,-0.0943846
552,18,-0.0235565
552,19,-0.0331595
552,20,-0.00242189
553,1,-0.0421838
553,2,-0.139115
553,3,-0.0517058
553,4,-0.0770901
553,5,-0.0888486
553,6,-0.055468
553,7,0.0285975
553,8,-0.0830871
553,9,-0.0529889
553,10,-0.0387744
553,11,-0.0668224
553,12,0.00592708
553,13,-0.0989003
553,14,-0.0615737
553,15,0.00687127
553,16,-0.0979657
553,17,-0.104527
553,18,0.0089502
553,19,-0.045292
553,20,0.0147379
554,1,-0.0892314
554,2,-0.278221
554,3,-0.0755812
554,4,-0.134717
554,5,-0.158447
554,6,-0.0877846
554,7,0.0580146
554,8,-0.184263
554,9,-0.0938687
554,10,-0.062641
554,11,-0.124929
554,12,0.017142
554,13,-0.209617
554,14,-0.104702
554,15,0.0229972
554,16,-0.207143
554,17,-0.188671
554,18,0.0259724
554,19,-0.0878533
554,20,0.0296335
555,1,-0.0644049
555,2,-0.267097
555,3,-0.0915125
555,4,-0.122468
555,5,-0.144966
555,6,-0.0856629
555,7,0.0335037
555,8,-0.157047
555,9,-0.0917351
555,10,-0.0600362
555,11,-0.108234
555,12,0.00177685
555,13,-0.185859
555,14,-0.104669
555,15,0.0044323
555,16,-0.183101
555,17,-0.180825
555,18,-0.000882234
555,19,-0.0721838
555,20,0.0153223
556,1,-0.0292638
556,2,-0.161487
556,3,-0.0764792
556,4,-0.0806198
556,5,-0.0927593
556,6,-0.0615583
556,7,0.00651778
556,8,-0.0830494
556,9,-0.0614406
556,10,-0.0423429
556,11,-0.0644793
556,12,-0.00927784
556,13,-0.103489
556,14,-0.0727304
556,15,-0.0106968
556,16,-0.102296
556,17,-0.117581
556,18,-0.0197383
556,19,-0.0422741
556,20,0.00129684
557,1,-0.0325297
557,2,-0.129032
557,3,-0.0569328
557,4,-0.071318
557,5,-0.0810586
557,6,-0.0529433
557,7,0.0174284
557,8,-0.0705867
557,9,-0.0499861
557,10,-0.0365915
557,11,-0.0582755
557,12,-0.000274449
557,13,-0.086277
557,14,-0.0590319
557,15,-0.000932958
557,16,-0.0858157
557,17,-0.0973582
557,18,-0.00258476
557,19,-0.0390927
557,20,0.00835783
558,1,-0.0187351
558,2,-0.0763355
558,3,-0.0389469
558,4,-0.0476542
558,5,-0.0542504
558,6,-0.0376637
558,7,0.00874326
558,8,-0.0412105
558,9,-0.032882
558,10,-0.0254065
558,11,-0.0384384
558,12,-0.00240094
558,13,-0.051325
558,14,-0.0392615
558,15,-0.00284725
558,16,-0.0512391
558,17,-0.062444
558,18,-0.00444991
558,19,-0.0248707
558,20,0.00419539
559,1,-0.05501
559,2,-0.148445
559,3,-0.0407878
559,4,-0.0815137
559,5,-0.0961591
559,6,-0.0559981
559,7,0.0445939
559,8,-0.0985303
559,9,-0.0547173
559,10,-0.0395546
559,11,-0.0766024
559,12,0.0153971
559,13,-0.112832
559,14,-0.0612822
559,15,0.019529
559,16,-0.111631
559,17,-0.10874
559,18,0.0267847
559,19,-0.051628
559,20,0.0241522
560,1,-0.0847209
560,2,-0.2591
560,3,-0.0683899
560,4,-0.125609
560,5,-0.150353
560,6,-0.0834015
560,7,0.0569848
560,8,-0.174703
560,9,-0.0896091
560,10,-0.0595056
560,11,-0.120249
560,12,0.016736
560,13,-0.198059
560,14,-0.098965
560,15,0.0236925
560,16,-0.195083
560,17,-0.177534
560,18,0.0271373
560,19,-0.0820273
560,20,0.0295573
561,1,-0.0273141
561,2,-0.137644
561,3,-0.0625911
561,4,-0.0709526
561,5,-0.0850449
561,6,-0.056302
561,7,0.00725116
561,8,-0.0784679
561,9,-0.0570695
561,10,-0.0388645
561,11,-0.0619004
561,12,-0.00875098
561,13,-0.0955696
561,14,-0.065798
561,15,-0.00755357
561,16,-0.0935827
561,17,-0.105084
561,18,-0.0155841
561,19,-0.0387217
561,20,0.00186609
562,1,-0.0106469
562,2,-0.0613344
562,3,-0.0396737
562,4,-0.0390642
562,5,-0.0446909
562,6,-0.0336019
562,7,-0.00463792
562,8,-0.0334711
562,9,-0.0307851
562,10,-0.0230563
562,11,-0.0308174
562,12,-0.0102543
562,13,-0.0422465
562,14,-0.0366672
562,15,-0.0114606
562,16,-0.0417292
562,17,-0.0539889
562,18,-0.0181817
562,19,-0.0204795
562,20,-0.00370523
563,1,-0.0198254
563,2,-0.0569912
563,3,-0.0251137
563,4,-0.0370589
563,5,-0.042695
563,6,-0.0290317
563,7,0.0125842
563,8,-0.0356422
563,9,-0.0260001
563,10,-0.0204113
563,11,-0.0324061
563,12,0.00126846
563,13,-0.0425905
563,14,-0.030177
563,15,0.00149344
563,16,-0.0423016
563,17,-0.0480449
563,18,0.0030967
563,19,-0.0217639
563,20,0.00634894
564,1,-0.0191078
564,2,-0.0519519
564,3,-0.0189235
564,4,-0.0329682
564,5,-0.0391621
564,6,-0.0258322
564,7,0.0167663
564,8,-0.0326856
564,9,-0.0228932
564,10,-0.0180902
564,11,-0.030865
564,12,0.00419146
564,13,-0.0391572
564,14,-0.0262633
564,15,0.00554203
564,16,-0.0386573
564,17,-0.0429448
564,18,0.00913701
564,19,-0.0190902
564,20,0.00908817
565,1,-0.00450471
565,2,-0.0207412
565,3,-0.0123562
565,4,-0.015535
565,5,-0.0187326
565,6,-0.0144894
565,7,0.00211912
565,8,-0.0115988
565,9,-0.0114368
565,10,-0.00965553
565,11,-0.0140056
565,12,-0.00218039
565,13,-0.0152133
565,14,-0.0136695
565,15,-0.00162405
565,16,-0.0148706
565,17,-0.0199764
565,18,-0.00197622
565,19,-0.00757183
565,20,0.00127944
566,1,-0.0242242
566,2,-0.0556111
566,3,-0.012624
566,4,-0.032524
566,5,-0.0393581
566,6,-0.0235275
566,7,0.0263939
566,8,-0.0374669
566,9,-0.0218693
566,10,-0.0168788
566,11,-0.0330842
566,12,0.0102854
566,13,-0.0435458
566,14,-0.0243858
566,15,0.0128734
566,16,-0.0426743
566,17,-0.0426882
566,18,0.0199044
566,19,-0.020274
566,20,0.0149088
567,1,-0.0153796
567,2,-0.044547
567,3,-0.0133926
567,4,-0.0264799
567,5,-0.0328255
567,6,-0.021031
567,7,0.0183045
567,8,-0.0275094
567,9,-0.0189404
567,10,-0.0147249
567,11,-0.0270707
567,12,0.0056116
567,13,-0.0335744
567,14,-0.0215577
567,15,0.00797141
567,16,-0.0325528
567,17,-0.0358475
567,18,0.0122298
567,19,-0.0146022
567,20,0.0105521
568,1,-0.0636523
568,2,-0.15753
568,3,-0.0319745
568,4,-0.0810069
568,5,-0.0978621
568,6,-0.0531215
568,7,0.0570418
568,8,-0.112643
568,9,-0.0563918
568,10,-0.0390935
568,11,-0.0832835
568,12,0.0224375
568,13,-0.126238
568,14,-0.0612147
568,15,0.0291835
568,16,-0.123689
568,17,-0.111276
568,18,0.0395573
568,19,-0.0552127
568,20,0.0315214
569,1,-0.0475418
569,2,-0.150908
569,3,-0.0442298
569,4,-0.0768801
569,5,-0.094341
569,6,-0.0557267
569,7,0.0383455
569,8,-0.0984646
569,9,-0.0582119
569,10,-0.0400501
569,11,-0.0768328
569,12,0.00974067
569,13,-0.114706
569,14,-0.0647166
569,15,0.0150325
569,16,-0.111657
569,17,-0.110928
569,18,0.0186217
569,19,-0.0472103
569,20,0.0205574
570,1,-0.0286513
570,2,-0.106864
570,3,-0.0404122
570,4,-0.0582835
570,5,-0.0712137
570,6,-0.0458507
570,7,0.0214524
570,8,-0.064809
570,9,-0.0450703
570,10,-0.0324102
570,11,-0.0560396
570,12,0.00168818
570,13,-0.0786255
570,14,-0.0515475
570,15,0.00458411
570,16,-0.0762329
570,17,-0.0840715
570,18,0.00517957
570,19,-0.0327842
570,20,0.0114994
571,1,-0.080704
571,2,-0.238405
571,3,-0.061104
571,4,-0.117323
571,5,-0.140519
571,6,-0.0780884
571,7,0.0579926
571,8,-0.163927
571,9,-0.0842559
571,10,-0.0567763
571,11,-0.114832
571,12,0.0179382
571,13,-0.186347
571,14,-0.0932788
571,15,0.0246593
571,16,-0.18249
571,17,-0.166418
571,18,0.0300684
571,19,-0.0777675
571,20,0.0307066
572,1,-0.0446616
572,2,-0.179782
572,3,-0.0657673
572,4,-0.089094
572,5,-0.107572
572,6,-0.0664954
572,7,0.0254816
572,8,-0.109174
572,9,-0.0695721
572,10,-0.0471166
572,11,-0.0826642
572,12,-0.000204569
572,13,-0.130596
572,14,-0.0794381
572,15,0.00271296
572,16,-0.127265
572,17,-0.132412
572,18,-0.00039433
572,19,-0.051951
572,20,0.0121456
573,1,-0.0944385
573,2,-0.336273
573,3,-0.0959589
573,4,-0.151319
573,5,-0.178843
573,6,-0.099185
573,7,0.0560532
573,8,-0.216995
573,9,-0.111181
573,10,-0.0718064
573,11,-0.140525
573,12,0.0126453
573,13,-0.250554
573,14,-0.125053
573,15,0.0176737
573,16,-0.24571
573,17,-0.222413
573,18,0.0165545
573,19,-0.0974072
573,20,0.0276903
574,1,-0.0392003
574,2,-0.221078
574,3,-0.0947451
574,4,-0.100378
574,5,-0.116482
574,6,-0.0740775
574,7,0.0101444
574,8,-0.117834
574,9,-0.0797436
574,10,-0.0523136
574,11,-0.0831516
574,12,-0.0106141
574,13,-0.145743
574,14,-0.0937972
574,15,-0.0119591
574,16,-0.142791
574,17,-0.153453
574,18,-0.0237026
574,19,-0.0548069
574,20,0.00203687
575,1,-0.0793493
575,2,-0.326973
575,3,-0.1073
575,4,-0.144448
575,5,-0.16487
575,6,-0.0946235
575,7,0.0446025
575,8,-0.186644
575,9,-0.103245
575,10,-0.0679236
575,11,-0.123173
575,12,0.00769653
575,13,-0.221971
575,14,-0.119587
575,15,0.00833174
575,16,-0.219034
575,17,-0.210543
575,18,0.00477155
575,19,-0.0869423
575,20,0.0211126
576,1,-0.091852
576,2,-0.468903
576,3,-0.152556
576,4,-0.180553
576,5,-0.202585
576,6,-0.113398
576,7,0.0440884
576,8,-0.239699
576,9,-0.127804
576,10,-0.080447
576,11,-0.146513
576,12,0.00405736
576,13,-0.289707
576,14,-0.149692
576,15,0.00334113
576,16,-0.286482
576,17,-0.267138
576,18,-0.00733142
576,19,-0.104121
576,20,0.0193196
577,1,-0.0837985
577,2,-0.68669
577,3,-0.235785
577,4,-0.209363
577,5,-0.217808
577,6,-0.122148
577,7,0.0313465
577,8,-0.250251
577,9,-0.138207
577,10,-0.0847815
577,11,-0.144876
577,12,-0.00398969
577,13,-0.318042
577,14,-0.168224
577,15,-0.0106746
577,16,-0.315827
577,17,-0.300087
577,18,-0.0303372
577,19,-0.10442
577,20,0.011433
578,1,-0.0661751
578,2,-1.65112
578,3,-0.54977
578,4,-0.295874
578,5,-0.231262
578,6,-0.125312
578,7,0.0154397
578,8,-0.215885
578,9,-0.12889
578,10,-0.0797095
578,11,-0.124397
578,12,-0.00919875
578,13,-0.293395
578,14,-0.165934
578,15,-0.0227401
578,16,-0.29457
578,17,-0.297008
578,18,-0.0487582
578,19,-0.0934512
578,20,0.00392546
579,1,-0.054513
579,2,0.781041
579,3,-0.167362
579,4,-0.248279
579,5,-0.219892
579,6,-0.121935
579,7,0.00750284
579,8,-0.173312
579,9,-0.110718
579,10,-0.0708747
579,11,-0.104437
579,12,-0.00851066
579,13,-0.246751
579,14,-0.149832
579,15,-0.0253296
579,16,-0.252609
579,17,-0.272945
579,18,-0.0527387
579,19,-0.0834015
579,20,0.00131103
580,1,-0.102114
580,2,0.0858931
580,3,-0.0187595
580,4,-0.258239
580,5,-0.296691
580,6,-0.158418
580,7,0.0353613
580,8,-0.288745
580,9,-0.150508
580,10,-0.0930404
580,11,-0.159383
580,12,0.004861
580,13,-0.399377
580,14,-0.201825
580,15,-0.0112861
580,16,-0.413424
580,17,-0.394597
580,18,-0.0432649
580,19,-0.13196
580,20,0.0149656
581,1,-0.0919683
581,2,-0.0665346
581,3,-0.0118292
581,4,-0.209706
581,5,-0.30082
581,6,-0.168471
581,7,0.0173344
581,8,-0.315661
581,9,-0.168385
581,10,-0.0992008
581,11,-0.158628
581,12,-0.0069655
581,13,-0.502871
581,14,-0.24925
581,15,-0.0366674
581,16,-0.541266
581,17,-0.510552
581,18,-0.0970328
581,19,-0.140628
581,20,0.000802635
582,1,-0.119242
582,2,-0.21203
582,3,-0.0446228
582,4,-0.219534
582,5,-0.362461
582,6,-0.200318
582,7,0.0225394
582,8,-0.491633
582,9,-0.23615
582,10,-0.12869
582,11,-0.201105
582,12,-0.00872912
582,13,-1.20851
582,14,-0.487131
582,15,-0.0960703
582,16,-1.55527
582,17,-1.1516
582,18,-0.267798
582,19,-0.226487
582,20,-0.0137826
583,1,-0.0998929
583,2,-0.235686
583,3,-0.069694
583,4,-0.180461
583,5,-0.345676
583,6,-0.201272
583,7,-0.00167956
583,8,-0.65727
583,9,-0.309969
583,10,-0.152759
583,11,-0.190188
583,12,-0.0244952
583,13,1.27325
583,14,-0.0214392
583,15,-0.00537763
583,16,0.827884
583,17,1.96695
583,18,0.505749
583,19,-0.0258397
583,20,0.0196731
584,1,-0.0680024
584,2,-0.214433
584,3,-0.0757868
584,4,-0.139981
584,5,-0.290588
584,6,-0.182094
584,7,-0.0125361
584,8,-1.24867
584,9,-0.521459
584,10,-0.21979
584,11,-0.186145
584,12,-0.0350488
584,13,0.175563
584,14,0.0318879
584,15,0.0314144
584,16,0.151822
584,17,0.268968
584,18,0.208793
584,19,0.0191312
584,20,0.0352881
585,1,-0.0316605
585,2,-0.143035
585,3,-0.0629793
585,4,-0.0929768
585,5,-0.19612
585,6,-0.138472
585,7,-0.021275
585,8,1.44698
585,9,0.00404506
585,10,-0.104029
585,11,-0.129525
585,12,-0.0346751
585,13,0.0249628
585,14,0.0133801
585,15,0.0264682
585,16,0.0351319
585,17,0.0746155
585,18,0.0951776
585,19,0.0194741
585,20,0.0293291
586,1,-0.0364807
586,2,-0.145185
586,3,-0.0530946
586,4,-0.0884713
586,5,-0.158396
586,6,-0.112968
586,7,0.00466563
586,8,0.197868
586,9,0.0466503
586,10,-0.0395273
586,11,-0.104198
586,12,-0.0131558
586,13,-0.0475345
586,14,-0.0181561
586,15,0.0289897
586,16,-0.0314039
586,17,-0.0114399
586,18,0.0622169
586,19,-0.00599319
586,20,0.0331728
587,1,-0.0810918
587,2,-0.282793
587,3,-0.0772987
587,4,-0.142423
587,5,-0.209213
587,6,-0.128966
587,7,0.0417552
587,8,-0.0209244
587,9,-0.0093414
587,10,-0.0395172
587,11,-0.142064
587,12,0.00758611
587,13,-0.169546
587,14,-0.0751572
587,15,0.0367015
587,16,-0.149252
587,17,-0.118395
587,18,0.0561982
587,19,-0.0585246
587,20,0.0423265
588,1,-0.0618503
588,2,-0.289057
588,3,-0.0969896
588,4,-0.134308
588,5,-0.188199
588,6,-0.118464
588,7,0.0245108
588,8,-0.0680935
588,9,-0.0336196
588,10,-0.0357799
588,11,-0.117092
588,12,-0.000542293
588,13,-0.168053
588,14,-0.0880051
588,15,0.0156401
588,16,-0.14851
588,17,-0.134767
588,18,0.0234264
588,19,-0.0559083
588,20,0.0260734
589,1,-0.0641922
589,2,-0.326157
589,3,-0.112984
589,4,-0.142855
589,5,-0.186283
589,6,-0.115238
589,7,0.0272488
589,8,-0.107844
589,9,-0.0560316
589,10,-0.0425071
589,11,-0.113087
589,12,0.00250824
589,13,-0.185746
589,14,-0.100821
589,15,0.0104153
589,16,-0.167996
589,17,-0.158415
589,18,0.0149966
589,19,-0.0642942
589,20,0.0233951
590,1,-0.0723071
590,2,-0.407678
590,3,-0.140399
590,4,-0.163272
590,5,-0.199151
590,6,-0.119191
590,7,0.0314768
590,8,-0.146682
590,9,-0.0777179
590,10,-0.052904
590,11,-0.120664
590,12,0.00459916
590,13,-0.218004
590,14,-0.117537
590,15,0.00762397
590,16,-0.201225
590,17,-0.190338
590,18,0.00887338
590,19,-0.0763942
590,20,0.0225276
591,1,-0.0877094
591,2,-0.647639
591,3,-0.215621
591,4,-0.21147
591,5,-0.237406
591,6,-0.135034
591,7,0.0354131
591,8,-0.204077
591,9,-0.106076
591,10,-0.0679355
591,11,-0.141695
591,12,0.00468577
591,13,-0.285694
591,14,-0.147624
591,15,0.00383583
591,16,-0.267075
591,17,-0.245928
591,18,-0.000365697
591,19,-0.0963696
591,20,0.0219393
592,1,-0.0965986
592,2,-2.62657
592,3,-0.799945
592,4,-0.410761
592,5,-0.32498
592,6,-0.16739
592,7,0.0272286
592,8,-0.263473
592,9,-0.135816
592,10,-0.0827191
592,11,-0.159481
592,12,-0.000265112
592,13,-0.376228
592,14,-0.18825
592,15,-0.00848113
592,16,-0.351498
592,17,-0.316266
592,18,-0.0220373
592,19,-0.113916
592,20,0.0168825
593,1,-0.0689804
593,2,0.524735
593,3,-1.03962
593,4,-0.621091
593,5,-0.407168
593,6,-0.196336
593,7,-0.00715054
593,8,-0.227927
593,9,-0.130349
593,10,-0.0785914
593,11,-0.130195
593,12,-0.0109624
593,13,-0.360039
593,14,-0.194661
593,15,-0.0313375
593,16,-0.332064
593,17,-0.318512
593,18,-0.0543824
593,19,-0.0977915
593,20,0.0030702
594,1,-0.0670441
594,2,0.0743978
594,3,43.6074
594,4,11.2397
594,5,2.77272
594,6,0.667855
594,7,0.230955
594,8,-0.153714
594,9,-0.10969
594,10,-0.0733994
594,11,-0.12103
594,12,-0.00680438
594,13,-0.374503
594,14,-0.205403
594,15,-0.0363692
594,16,-0.343258
594,17,-0.339569
594,18,-0.061777
594,19,-0.0998502
594,20,0.00316727
595,1,-0.0593922
595,2,-0.0389055
595,3,0.328093
595,4,0.409291
595,5,0.366453
595,6,0.237184
595,7,0.158781
595,8,-0.0966839
595,9,-0.0817553
595,10,-0.0614089
595,11,-0.104864
595,12,-0.0051642
595,13,-0.361695
595,14,-0.205443
595,15,-0.0422353
595,16,-0.329647
595,17,-0.343258
595,18,-0.0716641
595,19,-0.0964775
595,20,0.000133163
596,1,-0.0919123
596,2,-0.166654
596,3,0.0488334
596,4,0.0848913
596,5,0.0852092
596,6,0.0783085
596,7,0.122414
596,8,-0.150285
596,9,-0.0943893
596,10,-0.0697188
596,11,-0.138091
596,12,0.00556333
596,13,-0.545488
596,14,-0.27051
596,15,-0.0413488
596,16,-0.490318
596,17,-0.47397
596,18,-0.0790909
596,19,-0.135513
596,20,0.00767349
597,1,-0.120016
597,2,-0.314361
597,3,-0.0543686
597,4,-0.0467864
597,5,-0.044549
597,6,-0.00487997
597,7,0.0983044
597,8,-0.235648
597,9,-0.126923
597,10,-0.0852017
597,11,-0.177042
597,12,0.00225111
597,13,-1.6513
597,14,-0.62692
597,15,-0.135001
597,16,-1.20714
597,17,-0.95863
597,18,-0.208036
597,19,-0.20931
597,20,-0.00618267
598,1,-0.100402
598,2,-0.352597
598,3,-0.105203
598,4,-0.089613
598,5,-0.0842158
598,6,-0.0373633
598,7,0.062803
598,8,-0.218456
598,9,-0.127097
598,10,-0.0821566
598,11,-0.156711
598,12,-0.0109243
598,13,0.766096
598,14,-0.462472
598,15,-0.140454
598,16,1.22859
598,17,6.44643
598,18,1.7767
598,19,0.337136
598,20,0.123837
599,1,-0.0211208
599,2,-0.252134
599,3,-0.105438
599,4,-0.0798366
599,5,-0.0702839
599,6,-0.0377348
599,7,0.0281853
599,8,-0.127786
599,9,-0.0917641
599,10,-0.0617555
599,11,-0.100784
599,12,-0.0189739
599,13,0.137876
599,14,-0.275377
599,15,-0.116219
599,16,0.154324
599,17,0.342743
599,18,0.319783
599,19,0.168725
599,20,0.0950652
600,1,0.0133037
600,2,-0.129543
600,3,-0.0746472
600,4,-0.0571838
600,5,-0.0483306
600,6,-0.0289392
600,7,0.00962432
600,8,-0.0600865
600,9,-0.0538719
600,10,-0.0398015
600,11,-0.0565839
600,12,-0.0169959
600,13,0.0303002
600,14,-0.126717
600,15,-0.074111
600,16,0.0189756
600,17,0.0907839
600,18,0.114194
600,19,0.0778328
600,20,0.0560775
601,1,-0.0412349
601,2,-0.229751
601,3,-0.0720816
601,4,-0.112894
601,5,-0.119352
601,6,-0.0634247
601,7,0.0553226
601,8,-0.145482
601,9,-0.0811867
601,10,-0.0573285
601,11,-0.108462
601,12,0.0116728
601,13,-0.098298
601,14,-0.102419
601,15,-0.00277119
601,16,-0.10897
601,17,-0.0537064
601,18,0.0788993
601,19,-0.00670942
601,20,0.0583457
602,1,-0.0486069
602,2,-0.268217
602,3,-0.0864545
602,4,-0.127082
602,5,-0.142167
602,6,-0.0789465
602,7,0.0472087
602,8,-0.164901
602,9,-0.0930545
602,10,-0.0627001
602,11,-0.117912
602,12,0.00657157
602,13,-0.141217
602,14,-0.0962141
602,15,0.00861214
602,16,-0.148146
602,17,-0.112148
602,18,0.0431271
602,19,-0.0366354
602,20,0.0413605
603,1,-0.0779637
603,2,-0.411102
603,3,-0.126503
603,4,-0.172364
603,5,-0.195512
603,6,-0.106621
603,7,0.0520239
603,8,-0.242558
603,9,-0.126274
603,10,-0.0800648
603,11,-0.15335
603,12,0.00600915
603,13,-0.231429
603,14,-0.124688
603,15,0.0144929
603,16,-0.23587
603,17,-0.192863
603,18,0.0272381
603,19,-0.0754159
603,20,0.0363139
604,1,-0.106
604,2,-0.835505
604,3,-0.257726
604,4,-0.254398
604,5,-0.272878
604,6,-0.143931
604,7,0.0480152
604,8,-0.378717
604,9,-0.18332
604,10,-0.10628
604,11,-0.197386
604,12,-0.00222071
604,13,-0.375559
604,14,-0.181619
604,15,0.00426019
604,16,-0.38049
604,17,-0.305612
604,18,-0.00177008
604,19,-0.11501
604,20,0.0280312
605,1,-0.0875149
605,2,19.348
605,3,5.27598
605,4,1.26712
605,5,0.137234
605,6,-0.0382218
605,7,0.0543742
605,8,-0.428683
605,9,-0.216779
605,10,-0.117978
605,11,-0.186357
605,12,-0.0181423
605,13,-0.443175
605,14,-0.219837
605,15,-0.0256208
605,16,-0.454113
605,17,-0.372313
605,18,-0.0503036
605,19,-0.114411
605,20,0.0101671
606,1,-0.0926991
606,2,0.303699
606,3,0.376165
606,4,0.289058
606,5,0.0832927
606,6,-0.00744186
606,7,0.0713226
606,8,-0.604205
606,9,-0.289393
606,10,-0.146819
606,11,-0.2001
606,12,-0.021126
606,13,-0.670939
606,14,-0.309872
606,15,-0.0537354
606,16,-0.713361
606,17,-0.545964
606,18,-0.102845
606,19,-0.1398
606,20,0.00338593
607,1,-0.0543126
607,2,0.049525
607,3,0.111218
607,4,0.0989534
607,5,0.040345
607,6,0.00327582
607,7,0.0450609
607,8,-0.720199
607,9,-0.3517
607,10,-0.164585
607,11,-0.158136
607,12,-0.035918
607,13,-1.02579
607,14,-0.451702
607,15,-0.128607
607,16,-1.32416
607,17,-0.868208
607,18,-0.251237
607,19,-0.148257
607,20,-0.0252542
608,1,-0.0646313
608,2,-0.0553955
608,3,0.0273505
608,4,0.0112848
608,5,-0.0142897
608,6,-0.0132689
608,7,0.0521688
608,8,-2.24933
608,9,-0.838282
608,10,-0.316289
608,11,-0.201168
608,12,-0.0386553
608,13,2.34214
608,14,0.329179
608,15,0.0768416
608,16,1.10378
608,17,-7.2996
608,18,-2.06801
608,19,-0.681804
608,20,-0.16886
609,1,-0.149259
609,2,-0.210353
609,3,-0.0322214
609,4,-0.0711042
609,5,-0.0946183
609,6,-0.0514596
609,7,0.0706114
609,8,0.594123
609,9,-2.71974
609,10,-0.959717
609,11,-0.46541
609,12,-0.0908549
609,13,0.208507
609,14,0.132634
609,15,0.103975
609,16,0.186277
609,17,0.45205
609,18,0.907851
609,19,-1.63946
609,20,-0.457339
610,1,-0.231624
610,2,-0.249261
610,3,-0.0708828
610,4,-0.0826065
610,5,-0.0975672
610,6,-0.0568223
610,7,0.0439364
610,8,0.120876
610,9,0.578651
610,10,-26.6183
610,11,-7.81411
610,12,-2.17351
610,13,-0.580772
610,14,-0.128347
610,15,0.0188347
610,16,0.0213509
610,17,0.0994715
610,18,0.204809
610,19,0.883725
610,20,0.037629
611,1,-0.152563
611,2,-0.269933
611,3,-0.0899827
611,4,-0.0964122
611,5,-0.10588
611,6,-0.0621238
611,7,0.0383281
611,8,0.00133912
611,9,0.123274
611,10,0.394426
611,11,0.506454
611,12,0.806771
611,13,-0.702776
611,14,-0.260146
611,15,-0.0387411
611,16,-0.0605895
611,17,-0.0129711
611,18,0.0866213
611,19,0.177654
611,20,0.0880975
612,1,-0.0675506
612,2,-0.218263
612,3,-0.0870889
612,4,-0.0871102
612,5,-0.0917498
612,6,-0.0561197
612,7,0.0252857
612,8,-0.028944
612,9,0.0246756
612,10,0.101465
612,11,0.135647
612,12,0.198364
612,13,-1.31539
612,14,-0.499675
612,15,-0.132514
612,16,-0.100851
612,17,-0.0541774
612,18,0.0383195
612,19,0.0479116
612,20,0.0572894
613,1,-0.0806517
613,2,-0.328334
613,3,-0.104517
613,4,-0.136967
613,5,-0.148763
613,6,-0.0825244
613,7,0.0520209
613,8,-0.120011
613,9,-0.042382
613,10,0.00516229
613,11,-0.00372682
613,12,0.08859
613,13,0.983852
613,14,-0.150036
613,15,-0.0356133
613,16,-0.197692
613,17,-0.144029
613,18,0.0376842
613,19,-0.0290824
613,20,0.0515187
614,1,-0.0757047
614,2,-0.423868
614,3,-0.140927
614,4,-0.162504
614,5,-0.176138
614,6,-0.0981578
614,7,0.0445213
614,8,-0.157723
614,9,-0.0756891
614,10,-0.0342192
614,11,-0.0609446
614,12,0.0441974
614,13,0.163607
614,14,-0.0368573
614,15,0.0183478
614,16,-0.232668
614,17,-0.192532
614,18,0.0151456
614,19,-0.0591719
614,20,0.0356964
615,1,-0.0753629
615,2,-0.603028
615,3,-0.206177
615,4,-0.194931
615,5,-0.201211
615,6,-0.111733
615,7,0.0377173
615,8,-0.185029
615,9,-0.0970042
615,10,-0.0549703
615,11,-0.0927477
615,12,0.0235708
615,13,-0.0076215
615,14,-0.0312132
615,15,0.033922
615,16,-0.258069
615,17,-0.230553
615,18,-0.00199081
615,19,-0.0771132
615,20,0.0257298
616,1,-0.0777849
616,2,-1.45635
616,3,-0.473394
616,4,-0.291916
616,5,-0.246207
616,6,-0.130629
616,7,0.0308306
616,8,-0.210662
616,9,-0.113773
616,10,-0.0681821
616,11,-0.11342
616,12,0.0123936
616,13,-0.0887044
616,14,-0.0514108
616,15,0.0323309
616,16,-0.28685
616,17,-0.267972
616,18,-0.0165678
616,19,-0.0904768
616,20,0.0193365
617,1,-0.0289466
617,2,1.06564
617,3,-0.0105433
617,4,-0.154495
617,5,-0.163768
617,6,-0.0994685
617,7,-0.0107086
617,8,-0.107197
617,9,-0.0760985
617,10,-0.0481475
617,11,-0.0632206
617,12,-0.0092098
617,13,-0.045051
617,14,-0.0328879
617,15,0.00567294
617,16,-0.152241
617,17,-0.177281
617,18,-0.0478915
617,19,-0.0530103
617,20,-0.00409674
618,1,-0.067997
618,2,0.139824
618,3,0.0501423
618,4,-0.12577
618,5,-0.181045
618,6,-0.108472
618,7,0.0301559
618,8,-0.161152
618,9,-0.092191
618,10,-0.0608984
618,11,-0.101403
618,12,0.00994633
618,13,-0.123045
618,14,-0.0631532
618,15,0.024605
618,16,-0.199805
618,17,-0.211261
618,18,-0.00747191
618,19,-0.0811555
618,20,0.0169684
619,1,-0.0904157
619,2,-0.066098
619,3,0.0129399
619,4,-0.126648
619,5,-0.204672
619,6,-0.1217
619,7,0.0411149
619,8,-0.226212
619,9,-0.119881
619,10,-0.0761499
619,11,-0.135927
619,12,0.00935454
619,13,-0.19977
619,14,-0.0993307
619,15,0.0232669
619,16,-0.271889
619,17,-0.269332
619,18,-0.00815291
619,19,-0.104929
619,20,0.0197717
620,1,-0.113339
620,2,-0.210761
620,3,-0.0365045
620,4,-0.152777
620,5,-0.245629
620,6,-0.14261
620,7,0.0436053
620,8,-0.335919
620,9,-0.166762
620,10,-0.0986299
620,11,-0.176527
620,12,0.00239904
620,13,-0.312407
620,14,-0.150023
620,15,0.0132185
620,16,-0.414356
620,17,-0.381128
620,18,-0.032897
620,19,-0.137221
620,20,0.0159135
621,1,-0.0461347
621,2,-0.118705
621,3,-0.0443821
621,4,-0.081683
621,5,-0.144214
621,6,-0.0999228
621,7,-0.00604109
621,8,-0.195951
621,9,-0.126144
621,10,-0.0749648
621,11,-0.102384
621,12,-0.0228693
621,13,-0.181482
621,14,-0.11384
621,15,-0.0224586
621,16,-0.275952
621,17,-0.303046
621,18,-0.0875668
621,19,-0.086055
621,20,-0.0138574
622,1,-0.0592433
622,2,-0.145614
622,3,-0.0453118
622,4,-0.0852698
622,5,-0.130685
622,6,-0.0883175
622,7,0.0198154
622,8,-0.180086
622,9,-0.114436
622,10,-0.0726798
622,11,-0.103643
622,12,-0.00648293
622,13,-0.175824
622,14,-0.107341
622,15,-0.00738557
622,16,-0.262173
622,17,-0.298866
622,18,-0.061809
622,19,-0.0920819
622,20,-0.000559532
623,1,-0.0324982
623,2,-0.0898692
623,3,-0.0381391
623,4,-0.0540374
623,5,-0.0794648
623,6,-0.0593186
623,7,0.00416074
623,8,-0.0986668
623,9,-0.0760879
623,10,-0.0518453
623,11,-0.0660806
623,12,-0.0116887
623,13,-0.100632
623,14,-0.0734602
623,15,-0.0140399
623,16,-0.156508
623,17,-0.210356
623,18,-0.0649026
623,19,-0.0644853
623,20,-0.0092818
624,1,-0.0302322
624,2,-0.0738581
624,3,-0.0291667
624,4,-0.0446689
624,5,-0.0600591
624,6,-0.0440277
624,7,0.0113932
624,8,-0.0666514
624,9,-0.0527502
624,10,-0.039006
624,11,-0.052573
624,12,-0.00460759
624,13,-0.0720815
624,14,-0.053162
624,15,-0.0055417
624,16,-0.102458
624,17,-0.145088
624,18,-0.0388993
624,19,-0.0518504
624,20,-0.00362173
625,1,-0.0180598
625,2,-0.0442281
625,3,-0.0206701
625,4,-0.0283894
625,5,-0.0366898
625,6,-0.0282757
625,7,0.00520673
625,8,-0.0346943
625,9,-0.0310999
625,10,-0.0248059
625,11,-0.0326745
625,12,-0.00494957
625,13,-0.0398248
625,14,-0.0326861
625,15,-0.00526925
625,16,-0.0533636
625,17,-0.0817131
625,18,-0.0266039
625,19,-0.032885
625,20,-0.00467469
626,1,-0.0462477
626,2,-0.102472
626,3,-0.0244997
626,4,-0.0563783
626,5,-0.0690287
626,6,-0.0415046
626,7,0.037928
626,8,-0.0739175
626,9,-0.0439752
626,10,-0.0331875
626,11,-0.0607418
626,12,0.0122665
626,13,-0.0838141
626,14,-0.047352
626,15,0.0158929
626,16,-0.0902857
626,17,-0.10037
626,18,0.0132437
626,19,-0.0479406
626,20,0.0159023
627,1,-0.0860818
627,2,-0.227872
627,3,-0.0534988
627,4,-0.111017
627,5,-0.134268
627,6,-0.0737264
627,7,0.0607193
627,8,-0.163204
627,9,-0.0828131
627,10,-0.0559445
627,11,-0.114179
627,12,0.01942
627,13,-0.182718
627,14,-0.0896764
627,15,0.027137
627,16,-0.185967
627,17,-0.174179
627,18,0.027701
627,19,-0.0837397
627,20,0.0287884
628,1,-0.0364341
628,2,-0.140789
628,3,-0.0551864
628,4,-0.071081
628,5,-0.0866586
628,6,-0.0554087
628,7,0.0180013
628,8,-0.0866395
628,9,-0.0591862
628,10,-0.0405877
628,11,-0.068508
628,12,-0.00348582
628,13,-0.103696
628,14,-0.0668317
628,15,-0.00059736
628,16,-0.104794
628,17,-0.116701
628,18,-0.00865909
628,19,-0.0458056
628,20,0.00575713
629,1,-0.0487607
629,2,-0.156154
629,3,-0.0522833
629,4,-0.081288
629,5,-0.0971709
629,6,-0.0594217
629,7,0.0335303
629,8,-0.0985572
629,9,-0.0613793
629,10,-0.0434333
629,11,-0.077565
629,12,0.00617761
629,13,-0.116553
629,14,-0.0696009
629,15,0.00923517
629,16,-0.116389
629,17,-0.122882
629,18,0.00897748
629,19,-0.0521736
629,20,0.0159201
630,1,-0.0619809
630,2,-0.19805
630,3,-0.0602758
630,4,-0.0998016
630,5,-0.119411
630,6,-0.0703038
630,7,0.0430286
630,8,-0.126375
630,9,-0.0730717
630,10,-0.0507562
630,11,-0.0951832
630,12,0.0101971
630,13,-0.148021
630,14,-0.0826253
630,15,0.0145308
630,16,-0.1467
630,17,-0.14717
630,18,0.0158427
630,19,-0.0636891
630,20,0.0216234
631,1,-0.0992554
631,2,-0.351366
631,3,-0.0987485
631,4,-0.15613
631,5,-0.185205
631,6,-0.102006
631,7,0.0572723
631,8,-0.226261
631,9,-0.114674
631,10,-0.0737116
631,11,-0.146184
631,12,0.0125567
631,13,-0.261158
631,14,-0.128792
631,15,0.0184605
631,16,-0.258098
631,17,-0.233415
631,18,0.0153135
631,19,-0.102017
631,20,0.0276374
632,1,-0.0851412
632,2,-0.427242
632,3,-0.14137
632,4,-0.166238
632,5,-0.192738
632,6,-0.109654
632,7,0.0375011
632,8,-0.233321
632,9,-0.126944
632,10,-0.0785581
632,11,-0.14244
632,12,-0.00118543
632,13,-0.281373
632,14,-0.147213
632,15,-0.000901199
632,16,-0.277836
632,17,-0.260061
632,18,-0.0140085
632,19,-0.0982534
632,20,0.0151684
633,1,-0.0793391
633,2,-0.562037
633,3,-0.196798
633,4,-0.186362
633,5,-0.20162
633,6,-0.115277
633,7,0.0303249
633,8,-0.237605
633,9,-0.133661
633,10,-0.0821371
633,11,-0.139303
633,12,-0.00493774
633,13,-0.300451
633,14,-0.161404
633,15,-0.0109968
633,16,-0.297907
633,17,-0.28559
633,18,-0.0295256
633,19,-0.0988706
633,20,0.0108452
634,1,-0.0384815
634,2,-0.548309
634,3,-0.232366
634,4,-0.158888
634,5,-0.147206
634,6,-0.0901715
634,7,-0.000484623
634,8,-0.137327
634,9,-0.0959196
634,10,-0.061485
634,11,-0.0865104
634,12,-0.0163618
634,13,-0.188261
634,14,-0.123597
634,15,-0.028684
634,16,-0.189628
634,17,-0.210727
634,18,-0.0529391
634,19,-0.064878
634,20,-0.00520028
635,1,-0.0433978
635,2,-0.697435
635,3,-0.285445
635,4,-0.181883
635,5,-0.146417
635,6,-0.0849803
635,7,0.0122339
635,8,-0.114085
635,9,-0.0785505
635,10,-0.0538757
635,11,-0.0790333
635,12,-0.00447034
635,13,-0.152695
635,14,-0.10204
635,15,-0.0147585
635,16,-0.156533
635,17,-0.17843
635,18,-0.0290645
635,19,-0.0618771
635,20,0.00374757
636,1,-0.0470229
636,2,-1.68243
636,3,-0.588715
636,4,-0.285492
636,5,-0.179823
636,6,-0.0932804
636,7,0.0174186
636,8,-0.107471
636,9,-0.0703817
636,10,-0.0496945
636,11,-0.078562
636,12,0.00203168
636,13,-0.136471
636,14,-0.0888695
636,15,-0.00395404
636,16,-0.140738
636,17,-0.158876
636,18,-0.0121749
636,19,-0.05993
636,20,0.00965876
637,1,-0.0473506
637,2,0.759256
637,3,-0.234534
637,4,-0.264064
637,5,-0.194473
637,6,-0.101135
637,7,0.0169287
637,8,-0.104355
637,9,-0.0661197
637,10,-0.0469053
637,11,-0.0779162
637,12,0.00437204
637,13,-0.125906
637,14,-0.0801256
637,15,0.00197312
637,16,-0.129351
637,17,-0.144194
637,18,-0.00300476
637,19,-0.0568153
637,20,0.0124797
638,1,-0.0526526
638,2,0.116178
638,3,-0.0565043
638,4,-0.207366
638,5,-0.196769
638,6,-0.107282
638,7,0.0206264
638,8,-0.11459
638,9,-0.0689752
638,10,-0.0483097
638,11,-0.0843697
638,12,0.00702965
638,13,-0.132328
638,14,-0.079948
638,15,0.0075645
638,16,-0.13449
638,17,-0.144545
638,18,0.00514202
638,19,-0.0591695
638,20,0.0163509
639,1,-0.0420554
639,2,-0.00945975
639,3,-0.015037
639,4,-0.134488
639,5,-0.160814
639,6,-0.0961179
639,7,0.0132784
639,8,-0.0965624
639,9,-0.0614943
639,10,-0.0432772
639,11,-0.0732966
639,12,0.00318433
639,13,-0.109826
639,14,-0.0698377
639,15,0.00430614
639,16,-0.110822
639,17,-0.123148
639,18,0.00151054
639,19,-0.0491067
639,20,0.0126869
640,1,-0.0669555
640,2,-0.116925
640,3,-0.0232788
640,4,-0.129149
640,5,-0.175905
640,6,-0.104557
640,7,0.0345793
640,8,-0.144738
640,9,-0.0803545
640,10,-0.054764
640,11,-0.101986
640,12,0.0115758
640,13,-0.160919
640,14,-0.0884843
640,15,0.0156305
640,16,-0.160544
640,17,-0.160181
640,18,0.0163821
640,19,-0.0694988
640,20,0.023158
641,1,-0.0854161
641,2,-0.214047
641,3,-0.0512596
641,4,-0.143532
641,5,-0.201813
641,6,-0.118225
641,7,0.0413062
641,8,-0.203023
641,9,-0.107216
641,10,-0.0692718
641,11,-0.131423
641,12,0.0097751
641,13,-0.226875
641,14,-0.117581
641,15,0.0146718
641,16,-0.225156
641,17,-0.213018
641,18,0.0110198
641,19,-0.0902031
641,20,0.0242099
642,1,-0.0432389
642,2,-0.147924
642,3,-0.0546868
642,4,-0.093406
642,5,-0.136845
642,6,-0.0906133
642,7,0.00887343
642,8,-0.126154
642,9,-0.0826442
642,10,-0.0542479
642,11,-0.0870707
642,12,-0.00757471
642,13,-0.146791
642,14,-0.0930803
642,15,-0.00771246
642,16,-0.145635
642,17,-0.158222
642,18,-0.018685
642,19,-0.0573384
642,20,0.00515874
643,1,-0.0304714
643,2,-0.104154
643,3,-0.0437557
643,4,-0.0660004
643,5,-0.093342
643,6,-0.0662927
643,7,0.00645042
643,8,-0.0819421
643,9,-0.059713
643,10,-0.041851
643,11,-0.0625612
643,12,-0.00615348
643,13,-0.0967609
643,14,-0.0683113
643,15,-0.00779546
643,16,-0.0965672
643,17,-0.11309
643,18,-0.0149972
643,19,-0.0419903
643,20,0.00364338
644,1,-0.0892839
644,2,-0.253779
644,3,-0.0653815
644,4,-0.128944
644,5,-0.163722
644,6,-0.0950098
644,7,0.0536233
644,8,-0.193606
644,9,-0.100354
644,10,-0.066641
644,11,-0.127227
644,12,0.0150346
644,13,-0.21782
644,14,-0.110953
644,15,0.0191386
644,16,-0.216499
644,17,-0.201229
644,18,0.0196452
644,19,-0.0912768
644,20,0.027481
645,1,-0.0284056
645,2,-0.130912
645,3,-0.0599704
645,4,-0.0702208
645,5,-0.0898102
645,6,-0.0620324
645,7,0.00293539
645,8,-0.0868005
645,9,-0.0634801
645,10,-0.0430343
645,11,-0.0647246
645,12,-0.0112082
645,13,-0.104315
645,14,-0.0729561
645,15,-0.0121326
645,16,-0.103809
645,17,-0.11884
645,18,-0.0236384
645,19,-0.0434493
645,20,-0.00120059
646,1,-0.049486
646,2,-0.15571
646,3,-0.053256
646,4,-0.0837913
646,5,-0.102272
646,6,-0.0643582
646,7,0.0305964
646,8,-0.104863
646,9,-0.0656903
646,10,-0.0463387
646,11,-0.0791485
646,12,0.00504448
646,13,-0.122907
646,14,-0.0747595
646,15,0.00599102
646,16,-0.12232
646,17,-0.128707
646,18,0.00574607
646,19,-0.0544741
646,20,0.0148209
647,1,-0.0184275
647,2,-0.0786552
647,3,-0.039863
647,4,-0.0476186
647,5,-0.0577646
647,6,-0.0414254
647,7,0.0049657
647,8,-0.047762
647,9,-0.0391796
647,10,-0.0292045
647,11,-0.0427013
647,12,-0.00619421
647,13,-0.0591879
647,14,-0.0460208
647,15,-0.00679909
647,16,-0.0590797
647,17,-0.0729776
647,18,-0.0118038
647,19,-0.0277952
647,20,0.0011944
648,1,-0.0132503
648,2,-0.0468685
648,3,-0.0250119
648,4,-0.0317998
648,5,-0.0377694
648,6,-0.0279132
648,7,0.00464431
648,8,-0.0288082
648,9,-0.0245672
648,10,-0.0196321
648,11,-0.0283578
648,12,-0.00340121
648,13,-0.0357805
648,14,-0.0291265
648,15,-0.00381917
648,16,-0.0358513
648,17,-0.0451895
648,18,-0.00564854
648,19,-0.0186925
648,20,0.00176119
649,1,-0.0472873
649,2,-0.11474
649,3,-0.0281186
649,4,-0.0640919
649,5,-0.0768999
649,6,-0.0450138
649,7,0.0414773
649,8,-0.0798529
649,9,-0.0445152
649,10,-0.0327709
649,11,-0.0637785
649,12,0.0150751
649,13,-0.0910803
649,14,-0.0494334
649,15,0.018941
649,16,-0.0900463
649,17,-0.0876644
649,18,0.0270641
649,19,-0.0427164
649,20,0.0223859
650,1,-0.0249875
650,2,-0.0797469
650,3,-0.0279153
650,4,-0.0460108
650,5,-0.0565904
650,6,-0.0365878
650,7,0.0214387
650,8,-0.0498606
650,9,-0.0345242
650,10,-0.0257489
650,11,-0.0452751
650,12,0.00404802
650,13,-0.060007
650,14,-0.0392671
650,15,0.00692717
650,16,-0.0587118
650,17,-0.0649111
650,18,0.00938922
650,19,-0.0267243
650,20,0.0114823
651,1,-0.0529501
651,2,-0.143179
651,3,-0.0362674
651,4,-0.0763
651,5,-0.0926893
651,6,-0.05374
651,7,0.0457288
651,8,-0.0970717
651,9,-0.0541236
651,10,-0.0386893
651,11,-0.0766113
651,12,0.015428
651,13,-0.111669
651,14,-0.0601002
651,15,0.0208103
651,16,-0.109376
651,17,-0.106116
651,18,0.0283079
651,19,-0.0490909
651,20,0.0251192
652,1,-0.0594428
652,2,-0.181842
652,3,-0.050623
652,4,-0.0923049
652,5,-0.112594
652,6,-0.0654307
652,7,0.0456051
652,8,-0.12002
652,9,-0.067654
652,10,-0.0467535
652,11,-0.0913922
652,12,0.0126567
652,13,-0.139047
652,14,-0.0754582
652,15,0.0185546
652,16,-0.13583
652,17,-0.132091
652,18,0.0230088
652,19,-0.0581381
652,20,0.0245339
653,1,-0.0984652
653,2,-0.336031
653,3,-0.0908597
653,4,-0.150748
653,5,-0.180803
653,6,-0.0989631
653,7,0.0594588
653,8,-0.223587
653,9,-0.111853
653,10,-0.0715627
653,11,-0.144801
653,12,0.0141849
653,13,-0.255689
653,14,-0.12434
653,15,0.0213147
653,16,-0.250317
653,17,-0.222095
653,18,0.0207829
653,19,-0.0987397
653,20,0.0298773
654,1,-0.0975212
654,2,-0.47135
654,3,-0.147542
654,4,-0.179945
654,5,-0.21029
654,6,-0.116777
654,7,0.044475
654,8,-0.270426
654,9,-0.139675
654,10,-0.0845975
654,11,-0.158448
654,12,0.00109489
654,13,-0.321436
654,14,-0.160027
654,15,0.00251514
654,16,-0.31419
654,17,-0.280162
654,18,-0.00927996
654,19,-0.10856
654,20,0.0190135
655,1,-0.103249
655,2,-0.861919
655,3,-0.278186
655,4,-0.241049
655,5,-0.254607
655,6,-0.138604
655,7,0.0371874
655,8,-0.343718
655,9,-0.175028
655,10,-0.101138
655,11,-0.176208
655,12,-0.00584106
655,13,-0.436225
655,14,-0.211663
655,15,-0.0153126
655,16,-0.426301
655,17,-0.370553
655,18,-0.0391284
655,19,-0.126095
655,20,0.0127686
656,1,-0.043719
656,2,-2.81158
656,3,-0.910916
656,4,-0.373435
656,5,-0.232826
656,6,-0.123078
656,7,-0.013006
656,8,-0.208621
656,9,-0.134361
656,10,-0.078737
656,11,-0.104749
656,12,-0.025361
656,13,-0.307285
656,14,-0.181568
656,15,-0.0499431
656,16,-0.302352
656,17,-0.303111
656,18,-0.088137
656,19,-0.0822476
656,20,-0.0129117
657,1,-0.0609563
657,2,0.505229
657,3,-2.35822
657,4,-0.964598
657,5,-0.43954
657,6,-0.18609
657,7,-0.0062696
657,8,-0.207451
657,9,-0.127184
657,10,-0.0788305
657,11,-0.110207
657,12,-0.00705471
657,13,-0.310708
657,14,-0.180876
657,15,-0.0342615
657,16,-0.312208
657,17,-0.319171
657,18,-0.0642775
657,19,-0.0942207
657,20,0.00109199
658,1,-0.0505546
658,2,0.0838667
658,3,0.629464
658,4,11.4996
658,5,2.83851
658,6,0.6972
658,7,0.226711
658,8,-0.0994767
658,9,-0.0885743
658,10,-0.0636184
658,11,-0.0923241
658,12,-0.0060459
658,13,-0.255137
658,14,-0.15928
658,15,-0.0332612
658,16,-0.264259
658,17,-0.291481
658,18,-0.0652925
658,19,-0.0847595
658,20,-0.00144993
659,1,-0.0493517
659,2,-0.0274362
659,3,0.129434
659,4,0.354723
659,5,0.353133
659,6,0.237523
659,7,0.155601
659,8,-0.0553734
659,9,-0.0595302
659,10,-0.0499905
659,11,-0.0826371
659,12,-0.00114753
659,13,-0.210183
659,14,-0.136383
659,15,-0.0245787
659,16,-0.224963
659,17,-0.261459
659,18,-0.0540373
659,19,-0.0800293
659,20,0.000969975
660,1,-0.0979537
660,2,-0.185263
660,3,0.00304779
660,4,0.0545458
660,5,0.0684565
660,6,0.0719916
660,7,0.126144
660,8,-0.144414
660,9,-0.085904
660,10,-0.0654582
660,11,-0.136258
660,12,0.0125922
660,13,-0.337527
660,14,-0.176945
660,15,-0.00476199
660,16,-0.36312
660,17,-0.365484
660,18,-0.0363156
660,19,-0.126544
660,20,0.0158256
661,1,-0.042299
661,2,-0.109444
661,3,-0.0269803
661,4,0.00383711
661,5,0.0168499
661,6,0.0258611
661,7,0.0551885
661,8,-0.0602542
661,9,-0.052208
661,10,-0.0415503
661,11,-0.0761106
661,12,-0.00995492
661,13,-0.208218
661,14,-0.135937
661,15,-0.0323038
661,16,-0.237887
661,17,-0.284236
661,18,-0.0795538
661,19,-0.0819822
661,20,-0.0105395
662,1,-0.0685385
662,2,-0.170587
662,3,-0.0432856
662,4,-0.0561905
662,5,-0.0541243
662,6,-0.0196314
662,7,0.0638641
662,8,-0.100914
662,9,-0.0628018
662,10,-0.047794
662,11,-0.0961596
662,12,0.00676548
662,13,-0.232094
662,14,-0.137947
662,15,-0.011296
662,16,-0.267474
662,17,-0.306451
662,18,-0.0493186
662,19,-0.0997311
662,20,0.0056079
663,1,-0.0983808
663,2,-0.288116
663,3,-0.0771242
663,4,-0.114369
663,5,-0.123566
663,6,-0.0609695
663,7,0.0676187
663,8,-0.175912
663,9,-0.093711
663,10,-0.0643522
663,11,-0.134292
663,12,0.0110272
663,13,-0.331102
663,14,-0.173127
663,15,-0.00447063
663,16,-0.386247
663,17,-0.40461
663,18,-0.0523669
663,19,-0.133183
663,20,0.0110379
664,1,-0.043534
664,2,-0.176462
664,3,-0.0752787
664,4,-0.0747753
664,5,-0.0789372
664,6,-0.0470903
664,7,0.0187614
664,8,-0.0866269
664,9,-0.0627596
664,10,-0.0439505
664,11,-0.0755103
664,12,-0.0105055
664,13,-0.201862
664,14,-0.132084
664,15,-0.0313504
664,16,-0.259507
664,17,-0.328028
664,18,-0.0977767
664,19,-0.0899249
664,20,-0.0145061
665,1,-0.0754935
665,2,-0.241457
665,3,-0.0788348
665,4,-0.109735
665,5,-0.120597
665,6,-0.0675966
665,7,0.0462896
665,8,-0.134954
665,9,-0.0782525
665,10,-0.0545256
665,11,-0.103383
665,12,0.00755881
665,13,-0.242977
665,14,-0.140796
665,15,-0.00873689
665,16,-0.312083
665,17,-0.376584
665,18,-0.0689853
665,19,-0.115409
665,20,0.00310245
666,1,-0.0442219
666,2,-0.166175
666,3,-0.0705129
666,4,-0.0804395
666,5,-0.0884677
666,6,-0.0550444
666,7,0.0197021
666,8,-0.0817015
666,9,-0.0575881
666,10,-0.0411791
666,11,-0.0692709
666,12,-0.00363319
666,13,-0.156001
666,14,-0.106435
666,15,-0.0191899
666,16,-0.216064
666,17,-0.307135
666,18,-0.0863595
666,19,-0.0875778
666,20,-0.0101334
667,1,-0.0419572
667,2,-0.134449
667,3,-0.0561446
667,4,-0.070942
667,5,-0.0788302
667,6,-0.0496501
667,7,0.0219885
667,8,-0.0684948
667,9,-0.0478106
667,10,-0.0355092
667,11,-0.0600697
667,12,0.000950042
667,13,-0.11615
667,14,-0.08202
667,15,-0.0100783
667,16,-0.159609
667,17,-0.243058
667,18,-0.064414
667,19,-0.0765947
667,20,-0.00568276
668,1,-0.0845442
668,2,-0.24176
668,3,-0.0691641
668,4,-0.118186
668,5,-0.136368
668,6,-0.0764131
668,7,0.0533122
668,8,-0.148639
668,9,-0.0790358
668,10,-0.0545285
668,11,-0.107978
668,12,0.0157733
668,13,-0.197535
668,14,-0.107776
668,15,0.0129214
668,16,-0.23884
668,17,-0.291933
668,18,-0.0263544
668,19,-0.109556
668,20,0.0135925
669,1,-0.0313585
669,2,-0.126884
669,3,-0.0600093
669,4,-0.066494
669,5,-0.0767157
669,6,-0.0510072
669,7,0.00722629
669,8,-0.0645667
669,9,-0.0487072
669,10,-0.0344924
669,11,-0.0548303
669,12,-0.00735331
669,13,-0.0941935
669,14,-0.0691287
669,15,-0.012272
669,16,-0.119769
669,17,-0.181424
669,18,-0.055279
669,19,-0.0613049
669,20,-0.00987539
670,1,-0.0761755
670,2,-0.221242
670,3,-0.0657364
670,4,-0.110375
670,5,-0.128526
670,6,-0.0737159
670,7,0.0480315
670,8,-0.137812
670,9,-0.0753162
670,10,-0.0520128
670,11,-0.100179
670,12,0.0136978
670,13,-0.16947
670,14,-0.0929835
670,15,0.0143698
670,16,-0.190024
670,17,-0.219594
670,18,-0.00717732
670,19,-0.0912454
670,20,0.0155006
671,1,-0.0959488
671,2,-0.331803
671,3,-0.0979313
671,4,-0.148071
671,5,-0.173731
671,6,-0.0969232
671,7,0.0520356
671,8,-0.202312
671,9,-0.105585
671,10,-0.0684457
671,11,-0.133539
671,12,0.0111964
671,13,-0.244219
671,14,-0.125385
671,15,0.013634
671,16,-0.265225
671,17,-0.275305
671,18,-0.00943685
671,19,-0.111731
671,20,0.0177166
672,1,-0.0607273
672,2,-0.286229
672,3,-0.108364
672,4,-0.122999
672,5,-0.141848
672,6,-0.0857875
672,7,0.0233373
672,8,-0.147643
672,9,-0.0912957
672,10,-0.0594514
672,11,-0.10146
672,12,-0.00415718
672,13,-0.187551
672,14,-0.11159
672,15,-0.00624071
672,16,-0.205922
672,17,-0.234656
672,18,-0.0348131
672,19,-0.0832063
672,20,0.00285928
673,1,-0.0715799
673,2,-0.330871
673,3,-0.118417
673,4,-0.139378
673,5,-0.156647
673,6,-0.0921857
673,7,0.0345538
673,8,-0.16448
673,9,-0.0968606
673,10,-0.0640512
673,11,-0.111867
673,12,0.00266837
673,13,-0.206545
673,14,-0.118032
673,15,0.000366148
673,16,-0.223939
673,17,-0.246131
673,18,-0.0226731
673,19,-0.0903764
673,20,0.0106073
674,1,-0.0645448
674,2,-0.342019
674,3,-0.128438
674,4,-0.139671
674,5,-0.15314
674,6,-0.0909997
674,7,0.0293003
674,8,-0.152596
674,9,-0.0929651
674,10,-0.0620073
674,11,-0.105657
674,12,0.000451698
674,13,-0.1939
674,14,-0.114315
674,15,-0.00262159
674,16,-0.20983
674,17,-0.234899
674,18,-0.0254688
674,19,-0.0840799
674,20,0.00872805
675,1,-0.040835
675,2,-0.261708
675,3,-0.116848
675,4,-0.111707
675,5,-0.117446
675,6,-0.0739297
675,7,0.0128673
675,8,-0.099932
675,9,-0.0699199
675,10,-0.0485351
675,11,-0.0756467
675,12,-0.00549864
675,13,-0.130548
675,14,-0.0879638
675,15,-0.00989509
675,16,-0.1424
675,17,-0.175239
675,18,-0.0315854
675,19,-0.0607934
675,20,0.00122481
676,1,-0.0766724
676,2,-0.363283
676,3,-0.126953
676,4,-0.152455
676,5,-0.163129
676,6,-0.0929933
676,7,0.0430041
676,8,-0.162554
676,9,-0.0910431
676,10,-0.0618978
676,11,-0.113033
676,12,0.0099531
676,13,-0.19688
676,14,-0.108766
676,15,0.00995152
676,16,-0.207278
676,17,-0.217863
676,18,-0.00194551
676,19,-0.0881459
676,20,0.0186634
677,1,-0.0249332
677,2,-0.209406
677,3,-0.108085
677,4,-0.093961
677,5,-0.0952951
677,6,-0.0624724
677,7,-0.00133722
677,8,-0.0703657
677,9,-0.0547255
677,10,-0.0385039
677,11,-0.056316
677,12,-0.0111223
677,13,-0.0910133
677,14,-0.0680636
677,15,-0.0143861
677,16,-0.0976599
677,17,-0.125547
677,18,-0.0336688
677,19,-0.0442279
677,20,-0.00484823
678,1,-0.049405
678,2,-0.217994
678,3,-0.0889913
678,4,-0.106449
678,5,-0.112006
678,6,-0.0673952
678,7,0.029102
678,8,-0.0964793
678,9,-0.059833
678,10,-0.043025
678,11,-0.0746372
678,12,0.00663044
678,13,-0.115183
678,14,-0.0706579
678,15,0.00677305
678,16,-0.119303
678,17,-0.132269
678,18,0.0025135
678,19,-0.0562268
678,20,0.0135791
679,1,-0.0953603
679,2,-0.381959
679,3,-0.117314
679,4,-0.16701
679,5,-0.184553
679,6,-0.100811
679,7,0.0555143
679,8,-0.201373
679,9,-0.102088
679,10,-0.0671676
679,11,-0.13274
679,12,0.0159083
679,13,-0.230041
679,14,-0.11493
679,15,0.0208911
679,16,-0.232698
679,17,-0.216941
679,18,0.0178356
679,19,-0.0981233
679,20,0.0272451
680,1,-0.0802811
680,2,-0.46349
680,3,-0.159593
680,4,-0.175054
680,5,-0.191167
680,6,-0.107863
680,7,0.0356712
680,8,-0.202025
680,9,-0.111474
680,10,-0.0706742
680,11,-0.12884
680,12,0.00210538
680,13,-0.238403
680,14,-0.127657
680,15,0.00379832
680,16,-0.240574
680,17,-0.232796
680,18,-0.00788695
680,19,-0.0915501
680,20,0.0155503
681,1,-0.0511259
681,2,-0.454514
681,3,-0.182872
681,4,-0.155907
681,5,-0.158107
681,6,-0.0943796
681,7,0.0141205
681,8,-0.143261
681,9,-0.0919051
681,10,-0.0597629
681,11,-0.096047
681,12,-0.00714666
681,13,-0.17616
681,14,-0.108608
681,15,-0.010114
681,16,-0.178688
681,17,-0.191507
681,18,-0.025122
681,19,-0.0677495
681,20,0.00481222
682,1,-0.0319248
682,2,-0.377297
682,3,-0.176177
682,4,-0.131489
682,5,-0.120247
682,6,-0.0747313
682,7,0.003374
682,8,-0.0878865
682,9,-0.0646707
682,10,-0.0448217
682,11,-0.0653848
682,12,-0.00830265
682,13,-0.109904
682,14,-0.0781369
682,15,-0.0128187
682,16,-0.112669
682,17,-0.133639
682,18,-0.0252113
682,19,-0.0473149
682,20,0.000585108
683,1,-0.0895281
683,2,-0.718187
683,3,-0.246011
683,4,-0.220548
683,5,-0.205533
683,6,-0.11009
683,7,0.0479218
683,8,-0.196694
683,9,-0.103052
683,10,-0.0683008
683,11,-0.127849
683,12,0.0136659
683,13,-0.226612
683,14,-0.11752
683,15,0.0153776
683,16,-0.228805
683,17,-0.217317
683,18,0.0120727
683,19,-0.0949571
683,20,0.0250543
684,1,-0.0756632
684,2,-2.81864
684,3,-0.876053
684,4,-0.409111
684,5,-0.268278
684,6,-0.13303
684,7,0.0254402
684,8,-0.19501
684,9,-0.109372
684,10,-0.070021
684,11,-0.12346
684,12,0.00190654
684,13,-0.228827
684,14,-0.125621
684,15,0.00178148
684,16,-0.230967
684,17,-0.227484
684,18,-0.00940716
684,19,-0.0881415
684,20,0.0148516
685,1,-0.0249299
685,2,0.530069
685,3,-2.2905
685,4,-0.877931
685,5,-0.372054
685,6,-0.156798
685,7,-0.0340402
685,8,-0.0949293
685,9,-0.0691842
685,10,-0.0455426
685,11,-0.0622326
685,12,-0.0160518
685,13,-0.108951
685,14,-0.0803214
685,15,-0.0211195
685,16,-0.111619
685,17,-0.13406
685,18,-0.0395513
685,19,-0.0451928
685,20,-0.00691955
686,1,-0.0227004
686,2,0.10571
686,3,0.646873
686,4,-3.3063
686,5,-1.15309
686,6,-0.38997
686,7,-0.101976
686,8,-0.0883673
686,9,-0.0545782
686,10,-0.0357575
686,11,-0.0458373
686,12,-0.00741893
686,13,-0.0689037
686,14,-0.0537863
686,15,-0.0113389
686,16,-0.0713128
686,17,-0.0886498
686,18,-0.0201269
686,19,-0.0344341
686,20,-0.0012092
687,1,-0.0350085
687,2,-0.0125184
687,3,0.135556
687,4,0.530316
687,5,2.06042
687,6,0.328722
687,7,0.0953306
687,8,-0.0613113
687,9,-0.046081
687,10,-0.0343398
687,11,-0.0541704
687,12,0.00482318
687,13,-0.076107
687,14,-0.0498688
687,15,0.00480598
687,16,-0.0773654
687,17,-0.0859914
687,18,0.00577792
687,19,-0.0380541
687,20,0.0112018
688,1,-0.0423454
688,2,-0.0716856
688,3,0.0285535
688,4,0.115419
688,5,0.262377
688,6,0.153241
688,7,0.107435
688,8,-0.0547602
688,9,-0.0425322
688,10,-0.0344576
688,11,-0.0637159
688,12,0.00967706
688,13,-0.0900022
688,14,-0.0538561
688,15,0.0124108
688,16,-0.0899447
688,17,-0.0944385
688,18,0.0165105
688,19,-0.0422262
688,20,0.0175113
689,1,-0.0367672
689,2,-0.0862084
689,3,-0.0073833
689,4,0.0146295
689,5,0.0612402
689,6,0.0573317
689,7,0.0773991
689,8,-0.04595
689,9,-0.0365291
689,10,-0.0307434
689,11,-0.0596938
689,12,0.0074684
689,13,-0.0835753
689,14,-0.0515178
689,15,0.0105582
689,16,-0.082686
689,17,-0.0886604
689,18,0.0137883
689,19,-0.0377495
689,20,0.0158991
690,1,-0.0837695
690,2,-0.220753
690,3,-0.0454553
690,4,-0.074475
690,5,-0.061266
690,6,-0.0163301
690,7,0.0861202
690,8,-0.141219
690,9,-0.0742985
690,10,-0.0532927
690,11,-0.115866
690,12,0.0190682
690,13,-0.189947
690,14,-0.0942403
690,15,0.025851
690,16,-0.187311
690,17,-0.170494
690,18,0.0306778
690,19,-0.0802008
690,20,0.0310823
691,1,-0.0477401
691,2,-0.172129
691,3,-0.0573435
691,4,-0.0679941
691,5,-0.0649854
691,6,-0.0306364
691,7,0.0442776
691,8,-0.0940292
691,9,-0.0616647
691,10,-0.044023
691,11,-0.0842253
691,12,0.000841307
691,13,-0.1369
691,14,-0.0821657
691,15,0.00343472
691,16,-0.134406
691,17,-0.138903
691,18,-0.000290064
691,19,-0.0547893
691,20,0.012581
692,1,-0.0806309
692,2,-0.27141
692,3,-0.0782447
692,4,-0.116983
692,5,-0.126055
692,6,-0.0650852
692,7,0.059891
692,8,-0.161895
692,9,-0.0881874
692,10,-0.060128
692,11,-0.121287
692,12,0.0111019
692,13,-0.211928
692,14,-0.111287
692,15,0.0145599
692,16,-0.208707
692,17,-0.197137
692,18,0.0135959
692,19,-0.084156
692,20,0.0244709
693,1,-0.102391
693,2,-0.429276
693,3,-0.128234
693,4,-0.167694
693,5,-0.184729
693,6,-0.0977151
693,7,0.0578318
693,8,-0.241973
693,9,-0.12419
693,10,-0.0787017
693,11,-0.156797
693,12,0.00681441
693,13,-0.313967
693,14,-0.155344
693,15,0.0080912
693,16,-0.309559
693,17,-0.27765
693,18,-0.00162673
693,19,-0.111763
693,20,0.0226713
694,1,-0.0688918
694,2,-0.452692
694,3,-0.165534
694,4,-0.157588
694,5,-0.165939
694,6,-0.0947128
694,7,0.0276236
694,8,-0.194513
694,9,-0.114954
694,10,-0.0721624
694,11,-0.125144
694,12,-0.00829524
694,13,-0.275098
694,14,-0.152836
694,15,-0.0156103
694,16,-0.272289
694,17,-0.265185
694,18,-0.0352043
694,19,-0.0898352
694,20,0.00613491
695,1,-0.0243958
695,2,-0.295691
695,3,-0.150718
695,4,-0.107267
695,5,-0.0993281
695,6,-0.0640187
695,7,-0.0078498
695,8,-0.0868995
695,9,-0.0693316
695,10,-0.0463718
695,11,-0.0629805
695,12,-0.0199982
695,13,-0.138354
695,14,-0.101155
695,15,-0.0331939
695,16,-0.140164
695,17,-0.164765
695,18,-0.0577205
695,19,-0.0507216
695,20,-0.0115907
696,1,-0.0354659
696,2,-0.237962
696,3,-0.118123
696,4,-0.102798
696,5,-0.0946037
696,6,-0.0581742
696,7,0.0134322
696,8,-0.0765718
696,9,-0.0553745
696,10,-0.04012
696,11,-0.0600745
696,12,-0.00312726
696,13,-0.110061
696,14,-0.0784686
696,15,-0.0125146
696,16,-0.113756
696,17,-0.132516
696,18,-0.0223725
696,19,-0.0496869
696,20,0.00242766
697,1,-0.0875368
697,2,-0.395268
697,3,-0.132841
697,4,-0.165233
697,5,-0.168956
697,6,-0.0915222
697,7,0.0530072
697,8,-0.176519
697,9,-0.0923907
697,10,-0.0624408
697,11,-0.119408
697,12,0.0157376
697,13,-0.216356
697,14,-0.113861
697,15,0.0148582
697,16,-0.220053
697,17,-0.209621
697,18,0.0125591
697,19,-0.0926215
697,20,0.0245923
698,1,-0.102358
698,2,-0.66825
698,3,-0.216664
698,4,-0.221247
698,5,-0.225305
698,6,-0.120046
698,7,0.0479447
698,8,-0.248026
698,9,-0.126767
698,10,-0.0794226
698,11,-0.151192
698,12,0.00779581
698,13,-0.304851
698,14,-0.152947
698,15,0.00708454
698,16,-0.309637
698,17,-0.282376
698,18,-0.00562663
698,19,-0.113821
698,20,0.0204109
699,1,-0.0826801
699,2,-1.79199
699,3,-0.575469
699,4,-0.324482
699,5,-0.257841
699,6,-0.134546
699,7,0.0241676
699,8,-0.240147
699,9,-0.132909
699,10,-0.0810838
699,11,-0.139271
699,12,-0.00474531
699,13,-0.312146
699,14,-0.166196
699,15,-0.0124255
699,16,-0.320302
699,17,-0.304268
699,18,-0.0361194
699,19,-0.104731
699,20,0.00836768
