t,unit,input,output
500,1,2.92763,2.92763
500,2,-0.0558456,-0.0558456
500,3,-2.00115,-2.00115
500,4,2.71319,2.71319
500,5,2.46749,2.46749
500,6,-3.01038,-3.01038
500,7,-1.90526,-1.90526
500,8,0.377462,0.377462
500,9,-0.609254,-0.609254
500,10,3.14119,3.14119
500,11,-0.167035,-0.167035
500,12,1.53838,1.53838
500,13,0.312958,0.312958
500,14,-3.511,-3.511
500,15,-2.4008,-2.4008
500,16,-0.756468,-0.756468
500,17,-0.100554,-0.100554
500,18,-1.01323,-1.01323
500,19,-3.33444,-3.33444
500,20,1.28972,1.28972
501,1,2.73928,2.73928
501,2,-0.333432,-0.333432
501,3,-2.24446,-2.24446
501,4,2.9205,2.9205
501,5,2.26764,2.26764
501,6,-2.83499,-2.83499
501,7,-2.11053,-2.11053
501,8,0.66151,0.66151
501,9,-0.801315,-0.801315
501,10,2.95123,2.95123
501,11,0.0164835,0.0164835
501,12,1.72456,1.72456
501,13,0.561271,0.561271
501,14,-3.34855,-3.34855
501,15,-2.21864,-2.21864
501,16,-0.942648,-0.942648
501,17,0.149324,0.149324
501,18,-0.799,-0.799
501,19,-3.15718,-3.15718
501,20,1.47848,1.47848
502,1,2.61466,2.61466
502,2,-0.34516,-0.34516
502,3,-2.29071,-2.29071
502,4,2.95991,2.95991
502,5,2.06464,2.06464
502,6,-2.73351,-2.73351
502,7,-2.39423,-2.39423
502,8,0.858118,0.858118
502,9,-1.00182,-1.00182
502,10,2.75662,2.75662
502,11,0.0660484,0.0660484
502,12,1.78135,1.78135
502,13,0.685386,0.685386
502,14,-3.33502,-3.33502
502,15,-2.22252,-2.22252
502,16,-0.999442,-0.999442
502,17,0.348229,0.348229
502,18,-0.747694,-0.747694
502,19,-2.75468,-2.75468
502,20,1.49101,1.49101
503,1,2.53809,2.53809
503,2,-0.251301,-0.251301
503,3,-2.269,-2.269
503,4,2.97697,2.97697
503,5,2.00849,2.00849
503,6,-2.67126,-2.67126
503,7,-2.50021,-2.50021
503,8,0.843734,0.843734
503,9,-1.08015,-1.08015
503,10,2.67043,2.67043
503,11,0.128544,0.128544
503,12,1.8334,1.8334
503,13,0.684701,0.684701
503,14,-3.28948,-3.28948
503,15,-2.21291,-2.21291
503,16,-1.05149,-1.05149
503,17,0.368082,0.368082
503,18,-0.732961,-0.732961
503,19,-2.59102,-2.59102
503,20,1.52486,1.52486
504,1,2.5661,2.5661
504,2,-0.208042,-0.208042
504,3,-2.19227,-2.19227
504,4,2.93066,2.93066
504,5,2.04015,2.04015
504,6,-2.67569,-2.67569
504,7,-2.50864,-2.50864
504,8,0.807207,0.807207
504,9,-1.07925,-1.07925
504,10,2.6648,2.6648
504,11,0.0843093,0.0843093
504,12,1.77835,1.77835
504,13,0.634486,0.634486
504,14,-3.30116,-3.30116
504,15,-2.21706,-2.21706
504,16,-0.996441,-0.996441
504,17,0.352698,0.352698
504,18,-0.795104,-0.795104
504,19,-2.6067,-2.6067
504,20,1.52462,1.52462
505,1,2.68882,2.68882
505,2,-0.110223,-0.110223
505,3,-2.08583,-2.08583
505,4,2.83608,2.83608
505,5,2.14138,2.14138
505,6,-2.76596,-2.76596
505,7,-2.36246,-2.36246
505,8,0.657448,0.657448
505,9,-0.972242,-0.972242
505,10,2.78674,2.78674
505,11,-0.0179884,-0.0179884
505,12,1.68383,1.68383
505,13,0.509274,0.509274
505,14,-3.37178,-3.37178
505,15,-2.28602,-2.28602
505,16,-0.901926,-0.901926
505,17,0.219949,0.219949
505,18,-0.89269,-0.89269
505,19,-2.74678,-2.74678
505,20,1.42203,1.42203
506,1,2.89094,2.89094
506,2,0.0344922,0.0344922
506,3,-1.93532,-1.93532
506,4,2.67014,2.67014
506,5,2.37618,2.37618
506,6,-2.96645,-2.96645
506,7,-2.07672,-2.07672
506,8,0.433721,0.433721
506,9,-0.717806,-0.717806
506,10,3.03567,3.03567
506,11,-0.190975,-0.190975
506,12,1.50825,1.50825
506,13,0.315363,0.315363
506,14,-3.53214,-3.53214
506,15,-2.43339,-2.43339
506,16,-0.72634,-0.72634
506,17,-0.0228508,-0.0228508
506,18,-1.05994,-1.05994
506,19,-3.08522,-3.08522
506,20,1.25619,1.25619
507,1,2.93658,2.93658
507,2,-0.0544947,-0.0544947
507,3,-1.99832,-1.99832
507,4,2.71015,2.71015
507,5,2.48021,2.48021
507,6,-3.01859,-3.01859
507,7,-1.88622,-1.88622
507,8,0.364458,0.364458
507,9,-0.595817,-0.595817
507,10,3.15465,3.15465
507,11,-0.171062,-0.171062
507,12,1.53478,1.53478
507,13,0.304972,0.304972
507,14,-3.51388,-3.51388
507,15,-2.40326,-2.40326
507,16,-0.75287,-0.75287
507,17,-0.113725,-0.113725
507,18,-1.01639,-1.01639
507,19,-3.35866,-3.35866
507,20,1.28664,1.28664
508,1,2.74479,2.74479
508,2,-0.337458,-0.337458
508,3,-2.24506,-2.24506
508,4,2.9185,2.9185
508,5,2.27398,2.27398
508,6,-2.84061,-2.84061
508,7,-2.10218,-2.10218
508,8,0.661239,0.661239
508,9,-0.794176,-0.794176
508,10,2.95848,2.95848
508,11,0.0124146,0.0124146
508,12,1.72048,1.72048
508,13,0.56016,0.56016
508,14,-3.35288,-3.35288
508,15,-2.22088,-2.22088
508,16,-0.938573,-0.938573
508,17,0.146371,0.146371
508,18,-0.800813,-0.800813
508,19,-3.17056,-3.17056
508,20,1.47572,1.47572
509,1,2.61348,2.61348
509,2,-0.349131,-0.349131
509,3,-2.29551,-2.29551
509,4,2.96306,2.96306
509,5,2.06386,2.06386
509,6,-2.73377,-2.73377
509,7,-2.3925,-2.3925
509,8,0.859931,0.859931
509,9,-1.00144,-1.00144
509,10,2.7575,2.7575
509,11,0.068722,0.068722
509,12,1.78492,1.78492
509,13,0.688459,0.688459
509,14,-3.33443,-3.33443
509,15,-2.2223,-2.2223
509,16,-1.00301,-1.00301
509,17,0.349191,0.349191
509,18,-0.74358,-0.74358
509,19,-2.75574,-2.75574
509,20,1.49169,1.49169
510,1,2.53155,2.53155
510,2,-0.25689,-0.25689
510,3,-2.27506,-2.27506
510,4,2.98216,2.98216
510,5,2.00309,2.00309
510,6,-2.66647,-2.66647
510,7,-2.50854,-2.50854
510,8,0.852804,0.852804
510,9,-1.08626,-1.08626
510,10,2.66381,2.66381
510,11,0.134141,0.134141
510,12,1.83846,1.83846
510,13,0.691897,0.691897
510,14,-3.28603,-3.28603
510,15,-2.20943,-2.20943
510,16,-1.05655,-1.05655
510,17,0.376088,0.376088
510,18,-0.727543,-0.727543
510,19,-2.58334,-2.58334
510,20,1.53011,1.53011
511,1,2.55468,2.55468
511,2,-0.216058,-0.216058
511,3,-2.20074,-2.20074
511,4,2.93998,2.93998
511,5,2.02717,2.02717
511,6,-2.66462,-2.66462
511,7,-2.52443,-2.52443
511,8,0.819462,0.819462
511,9,-1.09341,-1.09341
511,10,2.65098,2.65098
511,11,0.0941039,0.0941039
511,12,1.78839,1.78839
511,13,0.645325,0.645325
511,14,-3.29228,-3.29228
511,15,-2.20904,-2.20904
511,16,-1.00648,-1.00648
511,17,0.366198,0.366198
511,18,-0.785634,-0.785634
511,19,-2.58773,-2.58773
511,20,1.53387,1.53387
512,1,2.68592,2.68592
512,2,-0.105596,-0.105596
512,3,-2.08263,-2.08263
512,4,2.83419,2.83419
512,5,2.13541,2.13541
512,6,-2.76273,-2.76273
512,7,-2.37354,-2.37354
512,8,0.66183,0.66183
512,9,-0.979423,-0.979423
512,10,2.77972,2.77972
512,11,-0.0187239,-0.0187239
512,12,1.68263,1.68263
512,13,0.510234,0.510234
512,14,-3.3725,-3.3725
512,15,-2.28739,-2.28739
512,16,-0.900725,-0.900725
512,17,0.225525,0.225525
512,18,-0.894824,-0.894824
512,19,-2.73135,-2.73135
512,20,1.42076,1.42076
513,1,2.89722,2.89722
513,2,0.0458978,0.0458978
513,3,-1.92582,-1.92582
513,4,2.66285,2.66285
513,5,2.38308,2.38308
513,6,-2.97191,-2.97191
513,7,-2.06938,-2.06938
513,8,0.421686,0.421686
513,9,-0.711431,-0.711431
513,10,3.042,3.042
513,11,-0.196907,-0.196907
513,12,1.50224,1.50224
513,13,0.305559,0.305559
513,14,-3.5368,-3.5368
513,15,-2.43926,-2.43926
513,16,-0.720332,-0.720332
513,17,-0.0327159,-0.0327159
513,18,-1.06763,-1.06763
513,19,-3.09077,-3.09077
513,20,1.24995,1.24995
514,1,2.94758,2.94758
514,2,-0.0480387,-0.0480387
514,3,-1.98987,-1.98987
514,4,2.70209,2.70209
514,5,2.4938,2.4938
514,6,-3.02821,-3.02821
514,7,-1.87002,-1.87002
514,8,0.351373,0.351373
514,9,-0.582408,-0.582408
514,10,3.16772,3.16772
514,11,-0.1797,-0.1797
514,12,1.52566,1.52566
514,13,0.294012,0.294012
514,14,-3.5204,-3.5204
514,15,-2.40872,-2.40872
514,16,-0.743751,-0.743751
514,17,-0.126997,-0.126997
514,18,-1.02516,-1.02516
514,19,-3.37991,-3.37991
514,20,1.28015,1.28015
515,1,2.74204,2.74204
515,2,-0.34921,-0.34921
515,3,-2.25427,-2.25427
515,4,2.92631,2.92631
515,5,2.27243,2.27243
515,6,-2.83703,-2.83703
515,7,-2.09831,-2.09831
515,8,0.664242,0.664242
515,9,-0.794396,-0.794396
515,10,2.95872,2.95872
515,11,0.0183959,0.0183959
515,12,1.72712,1.72712
515,13,0.565705,0.565705
515,14,-3.34587,-3.34587
515,15,-2.21265,-2.21265
515,16,-0.945211,-0.945211
515,17,0.148268,0.148268
515,18,-0.792863,-0.792863
515,19,-3.17843,-3.17843
515,20,1.48254,1.48254
516,1,2.60955,2.60955
516,2,-0.354307,-0.354307
516,3,-2.2999,-2.2999
516,4,2.96499,2.96499
516,5,2.05636,2.05636
516,6,-2.73085,-2.73085
516,7,-2.40214,-2.40214
516,8,0.871212,0.871212
516,9,-1.0075,-1.0075
516,10,2.75145,2.75145
516,11,0.0695151,0.0695151
516,12,1.78595,1.78595
516,13,0.695385,0.695385
516,14,-3.33482,-3.33482
516,15,-2.22173,-2.22173
516,16,-1.00404,-1.00404
516,17,0.358172,0.358172
516,18,-0.741092,-0.741092
516,19,-2.74415,-2.74415
516,20,1.492,1.492
517,1,2.52486,2.52486
517,2,-0.256601,-0.256601
517,3,-2.27898,-2.27898
517,4,2.98669,2.98669
517,5,1.99647,1.99647
517,6,-2.66151,-2.66151
517,7,-2.51581,-2.51581
517,8,0.855977,0.855977
517,9,-1.09247,-1.09247
517,10,2.65747,2.65747
517,11,0.140389,0.140389
517,12,1.84501,1.84501
517,13,0.696154,0.696154
517,14,-3.28189,-3.28189
517,15,-2.20741,-2.20741
517,16,-1.0631,-1.0631
517,17,0.380168,0.380168
517,18,-0.722396,-0.722396
517,19,-2.57149,-2.57149
517,20,1.5335,1.5335
518,1,2.55611,2.55611
518,2,-0.211154,-0.211154
518,3,-2.19539,-2.19539
518,4,2.93569,2.93569
518,5,2.02909,2.02909
518,6,-2.66628,-2.66628
518,7,-2.52721,-2.52721
518,8,0.819161,0.819161
518,9,-1.09329,-1.09329
518,10,2.65025,2.65025
518,11,0.0905947,0.0905947
518,12,1.78385,1.78385
518,13,0.642635,0.642635
518,14,-3.29587,-3.29587
518,15,-2.21251,-2.21251
518,16,-1.00194,-1.00194
518,17,0.366168,0.366168
518,18,-0.790519,-0.790519
518,19,-2.58552,-2.58552
518,20,1.53188,1.53188
519,1,2.68508,2.68508
519,2,-0.106742,-0.106742
519,3,-2.08381,-2.08381
519,4,2.83697,2.83697
519,5,2.13496,2.13496
519,6,-2.76046,-2.76046
519,7,-2.37162,-2.37162
519,8,0.658726,0.658726
519,9,-0.980547,-0.980547
519,10,2.77939,2.77939
519,11,-0.0157632,-0.0157632
519,12,1.68608,1.68608
519,13,0.509925,0.509925
519,14,-3.36841,-3.36841
519,15,-2.28398,-2.28398
519,16,-0.904171,-0.904171
519,17,0.224415,0.224415
519,18,-0.892194,-0.892194
519,19,-2.73295,-2.73295
519,20,1.42354,1.42354
520,1,2.90523,2.90523
520,2,0.0525285,0.0525285
520,3,-1.9176,-1.9176
520,4,2.65395,2.65395
520,5,2.38992,2.38992
520,6,-2.97924,-2.97924
520,7,-2.06402,-2.06402
520,8,0.417141,0.417141
520,9,-0.704556,-0.704556
520,10,3.04874,3.04874
520,11,-0.206432,-0.206432
520,12,1.49222,1.49222
520,13,0.298595,0.298595
520,14,-3.5453,-3.5453
520,15,-2.44646,-2.44646
520,16,-0.710313,-0.710313
520,17,-0.0382695,-0.0382695
520,18,-1.07687,-1.07687
520,19,-3.09746,-3.09746
520,20,1.24168,1.24168
521,1,2.97137,2.97137
521,2,-0.0263982,-0.0263982
521,3,-1.96948,-1.96948
521,4,2.68182,2.68182
521,5,2.5199,2.5199
521,6,-3.05202,-3.05202
521,7,-1.83848,-1.83848
521,8,0.322102,0.322102
521,9,-0.555154,-0.555154
521,10,3.19528,3.19528
521,11,-0.199901,-0.199901
521,12,1.50622,1.50622
521,13,0.26958,0.26958
521,14,-3.54043,-3.54043
521,15,-2.42958,-2.42958
521,16,-0.724315,-0.724315
521,17,-0.15564,-0.15564
521,18,-1.0451,-1.0451
521,19,-3.41218,-3.41218
521,20,1.25878,1.25878
522,1,2.7398,2.7398
522,2,-0.365261,-0.365261
522,3,-2.26771,-2.26771
522,4,2.93804,2.93804
522,5,2.27985,2.27985
522,6,-2.8352,-2.8352
522,7,-2.08324,-2.08324
522,8,0.662556,0.662556
522,9,-0.786951,-0.786951
522,10,2.96552,2.96552
522,11,0.0289898,0.0289898
522,12,1.73704,1.73704
522,13,0.570574,0.570574
522,14,-3.33545,-3.33545
522,15,-2.20045,-2.20045
522,16,-0.955131,-0.955131
522,17,0.14427,0.14427
522,18,-0.78134,-0.78134
522,19,-3.20652,-3.20652
522,20,1.495,1.495
523,1,2.60801,2.60801
523,2,-0.366238,-0.366238
523,3,-2.30511,-2.30511
523,4,2.96615,2.96615
523,5,2.04857,2.04857
523,6,-2.72973,-2.72973
523,7,-2.41317,-2.41317
523,8,0.888638,0.888638
523,9,-1.01459,-1.01459
523,10,2.74511,2.74511
523,11,0.0666709,0.0666709
523,12,1.78414,1.78414
523,13,0.705092,0.705092
523,14,-3.33868,-3.33868
523,15,-2.22268,-2.22268
523,16,-1.00224,-1.00224
523,17,0.372355,0.372355
523,18,-0.739253,-0.739253
523,19,-2.73287,-2.73287
523,20,1.49124,1.49124
524,1,2.52454,2.52454
524,2,-0.246753,-0.246753
524,3,-2.2775,-2.2775
524,4,2.98543,2.98543
524,5,1.9961,1.9961
524,6,-2.66372,-2.66372
524,7,-2.51504,-2.51504
524,8,0.850529,0.850529
524,9,-1.09186,-1.09186
524,10,2.65917,2.65917
524,11,0.141996,0.141996
524,12,1.84741,1.84741
524,13,0.693465,0.693465
524,14,-3.28459,-3.28459
524,15,-2.21374,-2.21374
524,16,-1.0655,-1.0655
524,17,0.376097,0.376097
524,18,-0.722105,-0.722105
524,19,-2.5645,-2.5645
524,20,1.52796,1.52796
525,1,2.54694,2.54694
525,2,-0.219189,-0.219189
525,3,-2.20226,-2.20226
525,4,2.94333,2.94333
525,5,2.02598,2.02598
525,6,-2.65883,-2.65883
525,7,-2.53506,-2.53506
525,8,0.82733,0.82733
525,9,-1.09924,-1.09924
525,10,2.64221,2.64221
525,11,0.099422,0.099422
525,12,1.7908,1.7908
525,13,0.650179,0.650179
525,14,-3.28788,-3.28788
525,15,-2.20391,-2.20391
525,16,-1.00889,-1.00889
525,17,0.373856,0.373856
525,18,-0.783777,-0.783777
525,19,-2.5837,-2.5837
525,20,1.54382,1.54382
526,1,2.66967,2.66967
526,2,-0.123028,-0.123028
526,3,-2.09713,-2.09713
526,4,2.85142,2.85142
526,5,2.11379,2.11379
526,6,-2.7429,-2.7429
526,7,-2.39504,-2.39504
526,8,0.678818,0.678818
526,9,-1.00311,-1.00311
526,10,2.75841,2.75841
526,11,-0.00268369,-0.00268369
526,12,1.70021,1.70021
526,13,0.526985,0.526985
526,14,-3.35409,-3.35409
526,15,-2.26962,-2.26962
526,16,-0.918305,-0.918305
526,17,0.246511,0.246511
526,18,-0.877834,-0.877834
526,19,-2.70537,-2.70537
526,20,1.43744,1.43744
527,1,2.91113,2.91113
527,2,0.0711406,0.0711406
527,3,-1.90316,-1.90316
527,4,2.6404,2.6404
527,5,2.38982,2.38982
527,6,-2.98489,-2.98489
527,7,-2.07002,-2.07002
527,8,0.413201,0.413201
527,9,-0.704474,-0.704474
527,10,3.04933,3.04933
527,11,-0.218073,-0.218073
527,12,1.48015,1.48015
527,13,0.289696,0.289696
527,14,-3.55708,-3.55708
527,15,-2.45934,-2.45934
527,16,-0.698241,-0.698241
527,17,-0.0412538,-0.0412538
527,18,-1.09032,-1.09032
527,19,-3.08285,-3.08285
527,20,1.22732,1.22732
528,1,2.99257,2.99257
528,2,-0.000799434,-0.000799434
528,3,-1.94737,-1.94737
528,4,2.66263,2.66263
528,5,2.54754,2.54754
528,6,-3.07318,-3.07318
528,7,-1.80606,-1.80606
528,8,0.287143,0.287143
528,9,-0.527573,-0.527573
528,10,3.22177,3.22177
528,11,-0.216789,-0.216789
528,12,1.48905,1.48905
528,13,0.242532,0.242532
528,14,-3.55585,-3.55585
528,15,-2.44696,-2.44696
528,16,-0.70714,-0.70714
528,17,-0.188096,-0.188096
528,18,-1.06488,-1.06488
528,19,-3.44662,-3.44662
528,20,1.24178,1.24178
529,1,2.74623,2.74623
529,2,-0.377083,-0.377083
529,3,-2.27246,-2.27246
529,4,2.94177,2.94177
529,5,2.29359,2.29359
529,6,-2.83947,-2.83947
529,7,-2.06231,-2.06231
529,8,0.655375,0.655375
529,9,-0.773794,-0.773794
529,10,2.97819,2.97819
529,11,0.029885,0.029885
529,12,1.73722,1.73722
529,13,0.568165,0.568165
529,14,-3.33157,-3.33157
529,15,-2.19324,-2.19324
529,16,-0.955313,-0.955313
529,17,0.135063,0.135063
529,18,-0.778721,-0.778721
529,19,-3.24238,-3.24238
529,20,1.50119,1.50119
530,1,2.61747,2.61747
530,2,-0.369611,-0.369611
530,3,-2.30329,-2.30329
530,4,2.96003,2.96003
530,5,2.05241,2.05241
530,6,-2.73857,-2.73857
530,7,-2.40642,-2.40642
530,8,0.890773,0.890773
530,9,-1.00822,-1.00822
530,10,2.75313,2.75313
530,11,0.0564093,0.0564093
530,12,1.7756,1.7756
530,13,0.703644,0.703644
530,14,-3.3491,-3.3491
530,15,-2.2305,-2.2305
530,16,-0.993691,-0.993691
530,17,0.371436,0.371436
530,18,-0.744343,-0.744343
530,19,-2.73968,-2.73968
530,20,1.48121,1.48121
531,1,2.52028,2.52028
531,2,-0.248211,-0.248211
531,3,-2.28526,-2.28526
531,4,2.99134,2.99134
531,5,1.99579,1.99579
531,6,-2.66294,-2.66294
531,7,-2.51141,-2.51141
531,8,0.849766,0.849766
531,9,-1.09008,-1.09008
531,10,2.66092,2.66092
531,11,0.149667,0.149667
531,12,1.85546,1.85546
531,13,0.696869,0.696869
531,14,-3.28122,-3.28122
531,15,-2.21235,-2.21235
531,16,-1.07355,-1.07355
531,17,0.374102,0.374102
531,18,-0.714728,-0.714728
531,19,-2.56691,-2.56691
531,20,1.53028,1.53028
532,1,2.54793,2.54793
532,2,-0.219593,-0.219593
532,3,-2.19975,-2.19975
532,4,2.93987,2.93987
532,5,2.0288,2.0288
532,6,-2.66212,-2.66212
532,7,-2.53847,-2.53847
532,8,0.832281,0.832281
532,9,-1.09836,-1.09836
532,10,2.64147,2.64147
532,11,0.0955777,0.0955777
532,12,1.78595,1.78595
532,13,0.650923,0.650923
532,14,-3.29368,-3.29368
532,15,-2.20865,-2.20865
532,16,-1.00405,-1.00405
532,17,0.377139,0.377139
532,18,-0.78752,-0.78752
532,19,-2.58343,-2.58343
532,20,1.54288,1.54288
533,1,2.66927,2.66927
533,2,-0.122744,-0.122744
533,3,-2.09844,-2.09844
533,4,2.8544,2.8544
533,5,2.11374,2.11374
533,6,-2.74184,-2.74184
533,7,-2.39298,-2.39298
533,8,0.675314,0.675314
533,9,-1.00462,-1.00462
533,10,2.75858,2.75858
533,11,0.000956358,0.000956358
533,12,1.70473,1.70473
533,13,0.526668,0.526668
533,14,-3.35156,-3.35156
533,15,-2.26888,-2.26888
533,16,-0.922821,-0.922821
533,17,0.245654,0.245654
533,18,-0.874382,-0.874382
533,19,-2.70528,-2.70528
533,20,1.43867,1.43867
534,1,2.91165,2.91165
534,2,0.0710589,0.0710589
534,3,-1.90168,-1.90168
534,4,2.63849,2.63849
534,5,2.39142,2.39142
534,6,-2.98545,-2.98545
534,7,-2.07193,-2.07193
534,8,0.41599,0.41599
534,9,-0.704385,-0.704385
534,10,3.04905,3.04905
534,11,-0.219935,-0.219935
534,12,1.47716,1.47716
534,13,0.289765,0.289765
534,14,-3.55891,-3.55891
534,15,-2.45977,-2.45977
534,16,-0.695251,-0.695251
534,17,-0.0393576,-0.0393576
534,18,-1.09269,-1.09269
534,19,-3.08401,-3.08401
534,20,1.22699,1.22699
535,1,3.00608,3.00608
535,2,0.0123864,0.0123864
535,3,-1.9344,-1.9344
535,4,2.65022,2.65022
535,5,2.56009,2.56009
535,6,-3.0862,-3.0862
535,7,-1.79115,-1.79115
535,8,0.271414,0.271414
535,9,-0.514722,-0.514722
535,10,3.23539,3.23539
535,11,-0.229466,-0.229466
535,12,1.47744,1.47744
535,13,0.228767,0.228767
535,14,-3.56806,-3.56806
535,15,-2.46001,-2.46001
535,16,-0.695535,-0.695535
535,17,-0.202333,-0.202333
535,18,-1.07702,-1.07702
535,19,-3.45926,-3.45926
535,20,1.22833,1.22833
536,1,2.761,2.761
536,2,-0.367571,-0.367571
536,3,-2.26315,-2.26315
536,4,2.93197,2.93197
536,5,2.31467,2.31467
536,6,-2.85444,-2.85444
536,7,-2.03692,-2.03692
536,8,0.636309,0.636309
536,9,-0.752871,-0.752871
536,10,2.99877,2.99877
536,11,0.02033,0.02033
536,12,1.72685,1.72685
536,13,0.553474,0.553474
536,14,-3.34127,-3.34127
536,15,-2.20237,-2.20237
536,16,-0.944945,-0.944945
536,17,0.114997,0.114997
536,18,-0.788744,-0.788744
536,19,-3.27506,-3.27506
536,20,1.49184,1.49184
537,1,2.62032,2.62032
537,2,-0.380688,-0.380688
537,3,-2.30925,-2.30925
537,4,2.96381,2.96381
537,5,2.05871,2.05871
537,6,-2.74144,-2.74144
537,7,-2.3952,-2.3952
537,8,0.890325,0.890325
537,9,-1.00161,-1.00161
537,10,2.75986,2.75986
537,11,0.0575113,0.0575113
537,12,1.77729,1.77729
537,13,0.705554,0.705554
537,14,-3.34782,-3.34782
537,15,-2.22714,-2.22714
537,16,-0.995383,-0.995383
537,17,0.369159,0.369159
537,18,-0.740419,-0.740419
537,19,-2.75846,-2.75846
537,20,1.48477,1.48477
538,1,2.51497,2.51497
538,2,-0.258305,-0.258305
538,3,-2.29447,-2.29447
538,4,2.99772,2.99772
538,5,1.98826,1.98826
538,6,-2.65865,-2.65865
538,7,-2.51895,-2.51895
538,8,0.862069,0.862069
538,9,-1.09673,-1.09673
538,10,2.65524,2.65524
538,11,0.154598,0.154598
538,12,1.86102,1.86102
538,13,0.706544,0.706544
538,14,-3.27853,-3.27853
538,15,-2.20887,-2.20887
538,16,-1.07911,-1.07911
538,17,0.384315,0.384315
538,18,-0.707404,-0.707404
538,19,-2.55885,-2.55885
538,20,1.53362,1.53362
539,1,2.54252,2.54252
539,2,-0.218715,-0.218715
539,3,-2.20207,-2.20207
539,4,2.94176,2.94176
539,5,2.02286,2.02286
539,6,-2.6592,-2.6592
539,7,-2.54765,-2.54765
539,8,0.838265,0.838265
539,9,-1.1044,-1.1044
539,10,2.63526,2.63526
539,11,0.0988318,0.0988318
539,12,1.78928,1.78928
539,13,0.655334,0.655334
539,14,-3.29347,-3.29347
539,15,-2.20984,-2.20984
539,16,-1.00737,-1.00737
539,17,0.383127,0.383127
539,18,-0.784877,-0.784877
539,19,-2.56991,-2.56991
539,20,1.5436,1.5436
540,1,2.65593,2.65593
540,2,-0.131027,-0.131027
540,3,-2.10807,-2.10807
540,4,2.86569,2.86569
540,5,2.10201,2.10201
540,6,-2.72917,-2.72917
540,7,-2.40804,-2.40804
540,8,0.686474,0.686474
540,9,-1.01838,-1.01838
540,10,2.74435,2.74435
540,11,0.0137268,0.0137268
540,12,1.71688,1.71688
540,13,0.537681,0.537681
540,14,-3.3397,-3.3397
540,15,-2.25808,-2.25808
540,16,-0.934969,-0.934969
540,17,0.25819,0.25819
540,18,-0.863382,-0.863382
540,19,-2.6896,-2.6896
540,20,1.45145,1.45145
541,1,2.91025,2.91025
541,2,0.0744028,0.0744028
541,3,-1.89705,-1.89705
541,4,2.63527,2.63527
541,5,2.38517,2.38517
541,6,-2.98271,-2.98271
541,7,-2.08391,-2.08391
541,8,0.421579,0.421579
541,9,-0.712265,-0.712265
541,10,3.04159,3.04159
541,11,-0.223108,-0.223108
541,12,1.4738,1.4738
541,13,0.290554,0.290554
541,14,-3.56096,-3.56096
541,15,-2.4617,-2.4617
541,16,-0.691889,-0.691889
541,17,-0.0323583,-0.0323583
541,18,-1.09639,-1.09639
541,19,-3.06788,-3.06788
541,20,1.22493,1.22493
542,1,3.03249,3.03249
542,2,0.0451083,0.0451083
542,3,-1.90529,-1.90529
542,4,2.62334,2.62334
542,5,2.58678,2.58678
542,6,-3.11153,-3.11153
542,7,-1.76243,-1.76243
542,8,0.237612,0.237612
542,9,-0.487939,-0.487939
542,10,3.26267,3.26267
542,11,-0.254593,-0.254593
542,12,1.45245,1.45245
542,13,0.198311,0.198311
542,14,-3.59203,-3.59203
542,15,-2.48568,-2.48568
542,16,-0.670538,-0.670538
542,17,-0.233705,-0.233705
542,18,-1.10405,-1.10405
542,19,-3.485,-3.485
542,20,1.2013,1.2013
543,1,2.77682,2.77682
543,2,-0.365082,-0.365082
543,3,-2.25809,-2.25809
543,4,2.92689,2.92689
543,5,2.34225,2.34225
543,6,-2.86938,-2.86938
543,7,-1.99902,-1.99902
543,8,0.610595,0.610595
543,9,-0.725327,-0.725327
543,10,3.02532,3.02532
543,11,0.0145849,0.0145849
543,12,1.72033,1.72033
543,13,0.537753,0.537753
543,14,-3.34481,-3.34481
543,15,-2.20439,-2.20439
543,16,-0.938424,-0.938424
543,17,0.0884201,0.0884201
543,18,-0.794686,-0.794686
543,19,-3.32758,-3.32758
543,20,1.48917,1.48917
544,1,2.61919,2.61919
544,2,-0.404028,-0.404028
544,3,-2.32295,-2.32295
544,4,2.97267,2.97267
544,5,2.0568,2.0568
544,6,-2.7393,-2.7393
544,7,-2.39244,-2.39244
544,8,0.903638,0.903638
544,9,-1.00205,-1.00205
544,10,2.76014,2.76014
544,11,0.0608069,0.0608069
544,12,1.78156,1.78156
544,13,0.716818,0.716818
544,14,-3.34351,-3.34351
544,15,-2.21832,-2.21832
544,16,-0.99965,-0.99965
544,17,0.378093,0.378093
544,18,-0.731312,-0.731312
544,19,-2.77023,-2.77023
544,20,1.49217,1.49217
545,1,2.51811,2.51811
545,2,-0.253395,-0.253395
545,3,-2.29319,-2.29319
545,4,2.99294,2.99294
545,5,1.98633,1.98633
545,6,-2.66446,-2.66446
545,7,-2.52077,-2.52077
545,8,0.865053,0.865053
545,9,-1.0958,-1.0958
545,10,2.6576,2.6576
545,11,0.149459,0.149459
545,12,1.85738,1.85738
545,13,0.706664,0.706664
545,14,-3.2881,-3.2881
545,15,-2.21946,-2.21946
545,16,-1.07548,-1.07548
545,17,0.385316,0.385316
545,18,-0.710125,-0.710125
545,19,-2.54946,-2.54946
545,20,1.52281,1.52281
546,1,2.53111,2.53111
546,2,-0.223638,-0.223638
546,3,-2.21207,-2.21207
546,4,2.95221,2.95221
546,5,2.01899,2.01899
546,6,-2.65183,-2.65183
546,7,-2.55294,-2.55294
546,8,0.842778,0.842778
546,9,-1.10941,-1.10941
546,10,2.62859,2.62859
546,11,0.112329,0.112329
546,12,1.8017,1.8017
546,13,0.663159,0.663159
546,14,-3.28408,-3.28408
546,15,-2.20252,-2.20252
546,16,-1.0198,-1.0198
546,17,0.387589,0.387589
546,18,-0.774045,-0.774045
546,19,-2.56631,-2.56631
546,20,1.55497,1.55497
547,1,2.64711,2.64711
547,2,-0.14106,-0.14106
547,3,-2.11316,-2.11316
547,4,2.87161,2.87161
547,5,2.09053,2.09053
547,6,-2.71977,-2.71977
547,7,-2.42696,-2.42696
547,8,0.703153,0.703153
547,9,-1.03321,-1.03321
547,10,2.72941,2.72941
547,11,0.0185438,0.0185438
547,12,1.72127,1.72127
547,13,0.548498,0.548498
547,14,-3.33473,-3.33473
547,15,-2.252,-2.252
547,16,-0.939359,-0.939359
547,17,0.275466,0.275466
547,18,-0.858132,-0.858132
547,19,-2.67093,-2.67093
547,20,1.45988,1.45988
548,1,2.90018,2.90018
548,2,0.0729313,0.0729313
548,3,-1.90232,-1.90232
548,4,2.6427,2.6427
548,5,2.37081,2.37081
548,6,-2.97122,-2.97122
548,7,-2.09942,-2.09942
548,8,0.429062,0.429062
548,9,-0.727382,-0.727382
548,10,3.02842,3.02842
548,11,-0.214085,-0.214085
548,12,1.48347,1.48347
548,13,0.297862,0.297862
548,14,-3.55199,-3.55199
548,15,-2.4548,-2.4548
548,16,-0.701565,-0.701565
548,17,-0.0217185,-0.0217185
548,18,-1.08859,-1.08859
548,19,-3.04457,-3.04457
548,20,1.23033,1.23033
549,1,3.06208,3.06208
549,2,0.0829137,0.0829137
549,3,-1.86858,-1.86858
549,4,2.58787,2.58787
549,5,2.61526,2.61526
549,6,-3.14106,-3.14106
549,7,-1.73924,-1.73924
549,8,0.207843,0.207843
549,9,-0.46014,-0.46014
549,10,3.28929,3.28929
549,11,-0.288642,-0.288642
549,12,1.41724,1.41724
549,13,0.165427,0.165427
549,14,-3.62471,-3.62471
549,15,-2.51831,-2.51831
549,16,-0.635332,-0.635332
549,17,-0.262988,-0.262988
549,18,-1.14032,-1.14032
549,19,-3.5062,-3.5062
549,20,1.16851,1.16851
550,1,2.80385,2.80385
550,2,-0.349172,-0.349172
550,3,-2.24289,-2.24289
550,4,2.91387,2.91387
550,5,2.3821,2.3821
550,6,-2.89475,-2.89475
550,7,-1.94314,-1.94314
550,8,0.564555,0.564555
550,9,-0.685173,-0.685173
550,10,3.06566,3.06566
550,11,0.00193215,0.00193215
550,12,1.70819,1.70819
550,13,0.508105,0.508105
550,14,-3.35513,-3.35513
550,15,-2.21581,-2.21581
550,16,-0.926285,-0.926285
550,17,0.0446223,0.0446223
550,18,-0.808163,-0.808163
550,19,-3.39499,-3.39499
550,20,1.4768,1.4768
551,1,2.63441,2.63441
551,2,-0.418909,-0.418909
551,3,-2.32496,-2.32496
551,4,2.96868,2.96868
551,5,2.07696,2.07696
551,6,-2.75332,-2.75332
551,7,-2.36682,-2.36682
551,8,0.901724,0.901724
551,9,-0.981367,-0.981367
551,10,2.78045,2.78045
551,11,0.0505469,0.0505469
551,12,1.77061,1.77061
551,13,0.71346,0.71346
551,14,-3.35201,-3.35201
551,15,-2.21976,-2.21976
551,16,-0.988706,-0.988706
551,17,0.369378,0.369378
551,18,-0.73587,-0.73587
551,19,-2.81508,-2.81508
551,20,1.48921,1.48921
552,1,2.52368,2.52368
552,2,-0.259285,-0.259285
552,3,-2.29934,-2.29934
552,4,2.994,2.994
552,5,1.98912,1.98912
552,6,-2.67214,-2.67214
552,7,-2.5093,-2.5093
552,8,0.864456,0.864456
552,9,-1.08891,-1.08891
552,10,2.66708,2.66708
552,11,0.1476,0.1476
552,12,1.85881,1.85881
552,13,0.708458,0.708458
552,14,-3.29408,-3.29408
552,15,-2.22571,-2.22571
552,16,-1.0769,-1.0769
552,17,0.382403,0.382403
552,18,-0.706357,-0.706357
552,19,-2.55771,-2.55771
552,20,1.51562,1.51562
553,1,2.52124,2.52124
553,2,-0.231462,-0.231462
553,3,-2.22371,-2.22371
553,4,2.96069,2.96069
553,5,2.01542,2.01542
553,6,-2.64762,-2.64762
553,7,-2.56036,-2.56036
553,8,0.85507,0.85507
553,9,-1.11339,-1.11339
553,10,2.623,2.623
553,11,0.122594,0.122594
553,12,1.81046,1.81046
553,13,0.674006,0.674006
553,14,-3.28031,-3.28031
553,15,-2.19907,-2.19907
553,16,-1.02855,-1.02855
553,17,0.396201,0.396201
553,18,-0.764569,-0.764569
553,19,-2.5624,-2.5624
553,20,1.56255,1.56255
554,1,2.62985,2.62985
554,2,-0.156549,-0.156549
554,3,-2.12691,-2.12691
554,4,2.88628,2.88628
554,5,2.07231,2.07231
554,6,-2.70424,-2.70424
554,7,-2.45115,-2.45115
554,8,0.724188,0.724188
554,9,-1.05454,-1.05454
554,10,2.70818,2.70818
554,11,0.033194,0.033194
554,12,1.73642,1.73642
554,13,0.566599,0.566599
554,14,-3.32279,-3.32279
554,15,-2.24107,-2.24107
554,16,-0.954516,-0.954516
554,17,0.298139,0.298139
554,18,-0.843166,-0.843166
554,19,-2.64378,-2.64378
554,20,1.47525,1.47525
555,1,2.87258,2.87258
555,2,0.0569043,0.0569043
555,3,-1.92121,-1.92121
555,4,2.66388,2.66388
555,5,2.33848,2.33848
555,6,-2.94294,-2.94294
555,7,-2.13997,-2.13997
555,8,0.459349,0.459349
555,9,-0.762775,-0.762775
555,10,2.99431,2.99431
555,11,-0.190821,-0.190821
555,12,1.5061,1.5061
555,13,0.322974,0.322974
555,14,-3.52992,-3.52992
555,15,-2.4342,-2.4342
555,16,-0.724188,-0.724188
555,17,0.0110996,0.0110996
555,18,-1.0675,-1.0675
555,19,-2.99689,-2.99689
555,20,1.25129,1.25129
556,1,3.08462,3.08462
556,2,0.123589,0.123589
556,3,-1.83059,-1.83059
556,4,2.55327,2.55327
556,5,2.62976,2.62976
556,6,-3.16272,-3.16272
556,7,-1.73519,-1.73519
556,8,0.186591,0.186591
556,9,-0.447252,-0.447252
556,10,3.30205,3.30205
556,11,-0.320901,-0.320901
556,12,1.38463,1.38463
556,13,0.137307,0.137307
556,14,-3.65536,-3.65536
556,15,-2.55063,-2.55063
556,16,-0.602725,-0.602725
556,17,-0.280752,-0.280752
556,18,-1.17557,-1.17557
556,19,-3.49825,-3.49825
556,20,1.13606,1.13606
557,1,2.8242,2.8242
557,2,-0.32894,-0.32894
557,3,-2.22787,-2.22787
557,4,2.90389,2.90389
557,5,2.41609,2.41609
557,6,-2.91275,-2.91275
557,7,-1.89519,-1.89519
557,8,0.518321,0.518321
557,9,-0.651794,-0.651794
557,10,3.09878,3.09878
557,11,-0.00478751,-0.00478751
557,12,1.70091,1.70091
557,13,0.479401,0.479401
557,14,-3.35845,-3.35845
557,15,-2.22188,-2.22188
557,16,-0.919004,-0.919004
557,17,0.00282375,0.00282375
557,18,-0.819255,-0.819255
557,19,-3.45184,-3.45184
557,20,1.46913,1.46913
558,1,2.6448,2.6448
558,2,-0.437963,-0.437963
558,3,-2.32822,-2.32822
558,4,2.96737,2.96737
558,5,2.0901,2.0901
558,6,-2.76059,-2.76059
558,7,-2.35008,-2.35008
558,8,0.905332,0.905332
558,9,-0.968089,-0.968089
558,10,2.79272,2.79272
558,11,0.0423258,0.0423258
558,12,1.76146,1.76146
558,13,0.713867,0.713867
558,14,-3.35505,-3.35505
558,15,-2.21486,-2.21486
558,16,-0.979557,-0.979557
558,17,0.367065,0.367065
558,18,-0.738792,-0.738792
558,19,-2.85092,-2.85092
558,20,1.49179,1.49179
559,1,2.52477,2.52477
559,2,-0.266405,-0.266405
559,3,-2.30803,-2.30803
559,4,2.99833,2.99833
559,5,1.98316,1.98316
559,6,-2.67352,-2.67352
559,7,-2.50542,-2.50542
559,8,0.867675,0.867675
559,9,-1.08928,-1.08928
559,10,2.67001,2.67001
559,11,0.149008,0.149008
559,12,1.86398,1.86398
559,13,0.713663,0.713663
559,14,-3.29491,-3.29491
559,15,-2.22726,-2.22726
559,16,-1.08207,-1.08207
559,17,0.384093,0.384093
559,18,-0.699388,-0.699388
559,19,-2.5541,-2.5541
559,20,1.51062,1.51062
560,1,2.51912,2.51912
560,2,-0.226909,-0.226909
560,3,-2.22435,-2.22435
560,4,2.95832,2.95832
560,5,2.01827,2.01827
560,6,-2.65131,-2.65131
560,7,-2.56256,-2.56256
560,8,0.858912,0.858912
560,9,-1.10962,-1.10962
560,10,2.62424,2.62424
560,11,0.122656,0.122656
560,12,1.80862,1.80862
560,13,0.675251,0.675251
560,14,-3.28583,-3.28583
560,15,-2.20496,-2.20496
560,16,-1.02671,-1.02671
560,17,0.395867,0.395867
560,18,-0.766177,-0.766177
560,19,-2.56169,-2.56169
560,20,1.56012,1.56012
561,1,2.61517,2.61517
561,2,-0.171828,-0.171828
561,3,-2.14105,-2.14105
561,4,2.90217,2.90217
561,5,2.06038,2.06038
561,6,-2.69087,-2.69087
561,7,-2.46401,-2.46401
561,8,0.736122,0.736122
561,9,-1.06887,-1.06887
561,10,2.6935,2.6935
561,11,0.0493161,0.0493161
561,12,1.7532,1.7532
561,13,0.580771,0.580771
561,14,-3.30842,-3.30842
561,15,-2.22823,-2.22823
561,16,-0.971288,-0.971288
561,17,0.312215,0.312215
561,18,-0.827172,-0.827172
561,19,-2.631,-2.631
561,20,1.49239,1.49239
562,1,2.84573,2.84573
562,2,0.0346893,0.0346893
562,3,-1.94226,-1.94226
562,4,2.68554,2.68554
562,5,2.30603,2.30603
562,6,-2.91482,-2.91482
562,7,-2.1812,-2.1812
562,8,0.495124,0.495124
562,9,-0.79806,-0.79806
562,10,2.96009,2.96009
562,11,-0.168993,-0.168993
562,12,1.527,1.527
562,13,0.350863,0.350863
562,14,-3.50855,-3.50855
562,15,-2.41209,-2.41209
562,16,-0.74509,-0.74509
562,17,0.0472727,0.0472727
562,18,-1.04617,-1.04617
562,19,-2.95226,-2.95226
562,20,1.27325,1.27325
563,1,3.10076,3.10076
563,2,0.158773,0.158773
563,3,-1.79999,-1.79999
563,4,2.52547,2.52547
563,5,2.63607,2.63607
563,6,-3.17848,-3.17848
563,7,-1.73723,-1.73723
563,8,0.171141,0.171141
563,9,-0.441176,-0.441176
563,10,3.3088,3.3088
563,11,-0.346363,-0.346363
563,12,1.35987,1.35987
563,13,0.115967,0.115967
563,14,-3.6803,-3.6803
563,15,-2.57821,-2.57821
563,16,-0.577966,-0.577966
563,17,-0.292475,-0.292475
563,18,-1.20319,-1.20319
563,19,-3.48052,-3.48052
563,20,1.10788,1.10788
564,1,2.86001,2.86001
564,2,-0.28858,-0.28858
564,3,-2.19377,-2.19377
564,4,2.87453,2.87453
564,5,2.46506,2.46506
564,6,-2.94753,-2.94753
564,7,-1.83692,-1.83692
564,8,0.459185,0.459185
564,9,-0.603843,-0.603843
564,10,3.14555,3.14555
564,11,-0.0300454,-0.0300454
564,12,1.67423,1.67423
564,13,0.434501,0.434501
564,14,-3.38144,-3.38144
564,15,-2.2476,-2.2476
564,16,-0.892326,-0.892326
564,17,-0.0527666,-0.0527666
564,18,-0.849832,-0.849832
564,19,-3.51786,-3.51786
564,20,1.44297,1.44297
565,1,2.65418,2.65418
565,2,-0.462628,-0.462628
565,3,-2.33831,-2.33831
565,4,2.97463,2.97463
565,5,2.11016,2.11016
565,6,-2.7666,-2.7666
565,7,-2.31829,-2.31829
565,8,0.898264,0.898264
565,9,-0.948549,-0.948549
565,10,2.81145,2.81145
565,11,0.0434869,0.0434869
565,12,1.76207,1.76207
565,13,0.71324,0.71324
565,14,-3.3486,-3.3486
565,15,-2.20182,-2.20182
565,16,-0.980158,-0.980158
565,17,0.35605,0.35605
565,18,-0.733187,-0.733187
565,19,-2.90739,-2.90739
565,20,1.5032,1.5032
566,1,2.52961,2.52961
566,2,-0.279902,-0.279902
566,3,-2.31548,-2.31548
566,4,2.9985,2.9985
566,5,1.97788,1.97788
566,6,-2.6778,-2.6778
566,7,-2.50567,-2.50567
566,8,0.881417,0.881417
566,9,-1.08985,-1.08985
566,10,2.6726,2.6726
566,11,0.142981,0.142981
566,12,1.86099,1.86099
566,13,0.721609,0.721609
566,14,-3.30227,-3.30227
566,15,-2.23128,-2.23128
566,16,-1.07908,-1.07908
566,17,0.392862,0.392862
566,18,-0.697096,-0.697096
566,19,-2.55156,-2.55156
566,20,1.50271,1.50271
567,1,2.50893,2.50893
567,2,-0.226931,-0.226931
567,3,-2.23483,-2.23483
567,4,2.96599,2.96599
567,5,2.01188,2.01188
567,6,-2.64765,-2.64765
567,7,-2.56811,-2.56811
567,8,0.864358,0.864358
567,9,-1.1131,-1.1131
567,10,2.62004,2.62004
567,11,0.13374,0.13374
567,12,1.81983,1.81983
567,13,0.683172,0.683172
567,14,-3.28224,-3.28224
567,15,-2.20467,-2.20467
567,16,-1.03793,-1.03793
567,17,0.399181,0.399181
567,18,-0.756268,-0.756268
567,19,-2.55074,-2.55074
567,20,1.56303,1.56303
568,1,2.60276,2.60276
568,2,-0.18082,-0.18082
568,3,-2.14822,-2.14822
568,4,2.91006,2.91006
568,5,2.05137,2.05137
568,6,-2.68166,-2.68166
568,7,-2.48242,-2.48242
568,8,0.752171,0.752171
568,9,-1.08159,-1.08159
568,10,2.67841,2.67841
568,11,0.0581376,0.0581376
568,12,1.76056,1.76056
568,13,0.592639,0.592639
568,14,-3.30247,-3.30247
568,15,-2.22238,-2.22238
568,16,-0.978654,-0.978654
568,17,0.32791,0.32791
568,18,-0.819837,-0.819837
568,19,-2.61492,-2.61492
568,20,1.50447,1.50447
569,1,2.81674,2.81674
569,2,0.0112091,0.0112091
569,3,-1.96623,-1.96623
569,4,2.71264,2.71264
569,5,2.27256,2.27256
569,6,-2.88374,-2.88374
569,7,-2.21845,-2.21845
569,8,0.524558,0.524558
569,9,-0.834759,-0.834759
569,10,2.92558,2.92558
569,11,-0.141096,-0.141096
569,12,1.55547,1.55547
569,13,0.378576,0.378576
569,14,-3.48082,-3.48082
569,15,-2.38605,-2.38605
569,16,-0.773558,-0.773558
569,17,0.080692,0.080692
569,18,-1.01908,-1.01908
569,19,-2.90886,-2.90886
569,20,1.29965,1.29965
570,1,3.10514,3.10514
570,2,0.180326,0.180326
570,3,-1.78033,-1.78033
570,4,2.50761,2.50761
570,5,2.63028,2.63028
570,6,-3.18182,-3.18182
570,7,-1.75614,-1.75614
570,8,0.174242,0.174242
570,9,-0.448442,-0.448442
570,10,3.30164,3.30164
570,11,-0.362424,-0.362424
570,12,1.34285,1.34285
570,13,0.108148,0.108148
570,14,-3.69514,-3.69514
570,15,-2.59332,-2.59332
570,16,-0.560946,-0.560946
570,17,-0.287774,-0.287774
570,18,-1.22163,-1.22163
570,19,-3.45016,-3.45016
570,20,1.09156,1.09156
571,1,2.9145,2.9145
571,2,-0.223431,-0.223431
571,3,-2.13614,-2.13614
571,4,2.82236,2.82236
571,5,2.52566,2.52566
571,6,-3.0006,-3.0006
571,7,-1.76829,-1.76829
571,8,0.382533,0.382533
571,9,-0.543011,-0.543011
571,10,3.2062,3.2062
571,11,-0.0782351,-0.0782351
571,12,1.62634,1.62634
571,13,0.370051,0.370051
571,14,-3.42693,-3.42693
571,15,-2.29736,-2.29736
571,16,-0.844433,-0.844433
571,17,-0.123858,-0.123858
571,18,-0.902603,-0.902603
571,19,-3.58437,-3.58437
571,20,1.39213,1.39213
572,1,2.6599,2.6599
572,2,-0.491189,-0.491189
572,3,-2.35719,-2.35719
572,4,2.99224,2.99224
572,5,2.13825,2.13825
572,6,-2.76944,-2.76944
572,7,-2.27068,-2.27068
572,8,0.879769,0.879769
572,9,-0.921232,-0.921232
572,10,2.83705,2.83705
572,11,0.0577475,0.0577475
572,12,1.77439,1.77439
572,13,0.711678,0.711678
572,14,-3.32931,-3.32931
572,15,-2.17731,-2.17731
572,16,-0.992486,-0.992486
572,17,0.334146,0.334146
572,18,-0.717645,-0.717645
572,19,-2.98832,-2.98832
572,20,1.52606,1.52606
573,1,2.54613,2.54613
573,2,-0.295294,-0.295294
573,3,-2.31347,-2.31347
573,4,2.98629,2.98629
573,5,1.97954,1.97954
573,6,-2.69264,-2.69264
573,7,-2.50408,-2.50408
573,8,0.900024,0.900024
573,9,-1.08407,-1.08407
573,10,2.68085,2.68085
573,11,0.119712,0.119712
573,12,1.84075,1.84075
573,13,0.725649,0.725649
573,14,-3.32458,-3.32458
573,15,-2.24545,-2.24545
573,16,-1.05884,-1.05884
573,17,0.403184,0.403184
573,18,-0.707944,-0.707944
573,19,-2.55584,-2.55584
573,20,1.48497,1.48497
574,1,2.50141,2.50141
574,2,-0.222214,-0.222214
574,3,-2.2482,-2.2482
574,4,2.97688,2.97688
574,5,2.00931,2.00931
574,6,-2.64679,-2.64679
574,7,-2.55953,-2.55953
574,8,0.856447,0.856447
574,9,-1.11031,-1.11031
574,10,2.62474,2.62474
574,11,0.149625,0.149625
574,12,1.83789,1.83789
574,13,0.68667,0.68667
574,14,-3.27621,-3.27621
574,15,-2.20553,-2.20553
574,16,-1.05598,-1.05598
574,17,0.391298,0.391298
574,18,-0.741387,-0.741387
574,19,-2.54886,-2.54886
574,20,1.56279,1.56279
575,1,2.58219,2.58219
575,2,-0.202493,-0.202493
575,3,-2.16394,-2.16394
575,4,2.92386,2.92386
575,5,2.03892,2.03892
575,6,-2.66687,-2.66687
575,7,-2.51055,-2.51055
575,8,0.783943,0.783943
575,9,-1.09898,-1.09898
575,10,2.65582,2.65582
575,11,0.0722342,0.0722342
575,12,1.77081,1.77081
575,13,0.6151,0.6151
575,14,-3.29229,-3.29229
575,15,-2.20907,-2.20907
575,16,-0.988906,-0.988906
575,17,0.354947,0.354947
575,18,-0.807387,-0.807387
575,19,-2.59817,-2.59817
575,20,1.52658,1.52658
576,1,2.77153,2.77153
576,2,-0.0270779,-0.0270779
576,3,-2.00526,-2.00526
576,4,2.75567,2.75567
576,5,2.21667,2.21667
576,6,-2.83582,-2.83582
576,7,-2.27738,-2.27738
576,8,0.571562,0.571562
576,9,-0.893649,-0.893649
576,10,2.87086,2.87086
576,11,-0.098137,-0.098137
576,12,1.60139,1.60139
576,13,0.423581,0.423581
576,14,-3.43875,-3.43875
576,15,-2.34766,-2.34766
576,16,-0.81948,-0.81948
576,17,0.134349,0.134349
576,18,-0.97512,-0.97512
576,19,-2.83514,-2.83514
576,20,1.33876,1.33876
577,1,3.10126,3.10126
577,2,0.207375,0.207375
577,3,-1.75936,-1.75936
577,4,2.4891,2.4891
577,5,2.613,2.613
577,6,-3.17791,-3.17791
577,7,-1.79609,-1.79609
577,8,0.189191,0.189191
577,9,-0.468416,-0.468416
577,10,3.2812,3.2812
577,11,-0.376467,-0.376467
577,12,1.326,1.326
577,13,0.105405,0.105405
577,14,-3.70948,-3.70948
577,15,-2.6085,-2.6085
577,16,-0.544087,-0.544087
577,17,-0.271531,-0.271531
577,18,-1.24097,-1.24097
577,19,-3.39346,-3.39346
577,20,1.07545,1.07545
578,1,2.9759,2.9759
578,2,-0.142616,-0.142616
578,3,-2.06519,-2.06519
578,4,2.76067,2.76067
578,5,2.59318,2.59318
578,6,-3.05994,-3.05994
578,7,-1.6929,-1.6929
578,8,0.290194,0.290194
578,9,-0.47612,-0.47612
578,10,3.27254,3.27254
578,11,-0.134072,-0.134072
578,12,1.57134,1.57134
578,13,0.293143,0.293143
578,14,-3.47842,-3.47842
578,15,-2.35553,-2.35553
578,16,-0.789435,-0.789435
578,17,-0.206575,-0.206575
578,18,-0.965346,-0.965346
578,19,-3.6527,-3.6527
578,20,1.33371,1.33371
579,1,2.68288,2.68288
579,2,-0.506703,-0.506703
579,3,-2.36126,-2.36126
579,4,2.99627,2.99627
579,5,2.18736,2.18736
579,6,-2.7871,-2.7871
579,7,-2.19958,-2.19958
579,8,0.840655,0.840655
579,9,-0.87397,-0.87397
579,10,2.88233,2.88233
579,11,0.0583539,0.0583539
579,12,1.77181,1.77181
579,13,0.692059,0.692059
579,14,-3.3208,-3.3208
579,15,-2.16235,-2.16235
579,16,-0.989898,-0.989898
579,17,0.291695,0.291695
579,18,-0.716901,-0.716901
579,19,-3.09994,-3.09994
579,20,1.53776,1.53776
580,1,2.57157,2.57157
580,2,-0.315599,-0.315599
580,3,-2.31195,-2.31195
580,4,2.973,2.973
580,5,1.99257,1.99257
580,6,-2.71483,-2.71483
580,7,-2.48251,-2.48251
580,8,0.908621,0.908621
580,9,-1.06523,-1.06523
580,10,2.70277,2.70277
580,11,0.0926343,0.0926343
580,12,1.81777,1.81777
580,13,0.72439,0.72439
580,14,-3.34849,-3.34849
580,15,-2.25932,-2.25932
580,16,-1.03586,-1.03586
580,17,0.402453,0.402453
580,18,-0.719823,-0.719823
580,19,-2.58655,-2.58655
580,20,1.46541,1.46541
581,1,2.48629,2.48629
581,2,-0.233454,-0.233454
581,3,-2.27582,-2.27582
581,4,2.99816,2.99816
581,5,1.99862,1.99862
581,6,-2.63933,-2.63933
581,7,-2.5566,-2.5566
581,8,0.862671,0.862671
581,9,-1.11336,-1.11336
581,10,2.62376,2.62376
581,11,0.173823,0.173823
581,12,1.8646,1.8646
581,13,0.702795,0.702795
581,14,-3.2631,-3.2631
581,15,-2.19753,-2.19753
581,16,-1.0827,-1.0827
581,17,0.393896,0.393896
581,18,-0.715395,-0.715395
581,19,-2.54427,-2.54427
581,20,1.57042,1.57042
582,1,2.56496,2.56496
582,2,-0.21625,-0.21625
582,3,-2.17373,-2.17373
582,4,2.93013,2.93013
582,5,2.02639,2.02639
582,6,-2.65811,-2.65811
582,7,-2.54235,-2.54235
582,8,0.816991,0.816991
582,9,-1.11533,-1.11533
582,10,2.63411,2.63411
582,11,0.0790439,0.0790439
582,12,1.77439,1.77439
582,13,0.635157,0.635157
582,14,-3.29257,-3.29257
582,15,-2.20716,-2.20716
582,16,-0.992481,-0.992481
582,17,0.382218,0.382218
582,18,-0.801419,-0.801419
582,19,-2.57167,-2.57167
582,20,1.53912,1.53912
583,1,2.73591,2.73591
583,2,-0.0509373,-0.0509373
583,3,-2.0341,-2.0341
583,4,2.79036,2.79036
583,5,2.17644,2.17644
583,6,-2.79904,-2.79904
583,7,-2.31984,-2.31984
583,8,0.600525,0.600525
583,9,-0.938485,-0.938485
583,10,2.82969,2.82969
583,11,-0.0608972,-0.0608972
583,12,1.64093,1.64093
583,13,0.455313,0.455313
583,14,-3.40463,-3.40463
583,15,-2.31938,-2.31938
583,16,-0.859021,-0.859021
583,17,0.171491,0.171491
583,18,-0.93941,-0.93941
583,19,-2.77937,-2.77937
583,20,1.37015,1.37015
584,1,3.06681,3.06681
584,2,0.193396,0.193396
584,3,-1.77386,-1.77386
584,4,2.50611,2.50611
584,5,2.57002,2.57002
584,6,-3.14238,-3.14238
584,7,-1.86063,-1.86063
584,8,0.235718,0.235718
584,9,-0.516576,-0.516576
584,10,3.23236,3.23236
584,11,-0.356499,-0.356499
584,12,1.34251,1.34251
584,13,0.135703,0.135703
584,14,-3.68868,-3.68868
584,15,-2.58643,-2.58643
584,16,-0.560598,-0.560598
584,17,-0.224062,-0.224062
584,18,-1.22559,-1.22559
584,19,-3.32141,-3.32141
584,20,1.09749,1.09749
585,1,3.04666,3.04666
585,2,-0.0447052,-0.0447052
585,3,-1.97458,-1.97458
585,4,2.67766,2.67766
585,5,2.65223,2.65223
585,6,-3.1275,-3.1275
585,7,-1.63849,-1.63849
585,8,0.208405,0.208405
585,9,-0.417193,-0.417193
585,10,3.3327,3.3327
585,11,-0.213317,-0.213317
585,12,1.4941,1.4941
585,13,0.211009,0.211009
585,14,-3.5532,-3.5532
585,15,-2.43595,-2.43595
585,16,-0.71219,-0.71219
585,17,-0.279219,-0.279219
585,18,-1.04884,-1.04884
585,19,-3.68501,-3.68501
585,20,1.25129,1.25129
586,1,2.68885,2.68885
586,2,-0.52101,-0.52101
586,3,-2.37946,-2.37946
586,4,3.01942,3.01942
586,5,2.22965,2.22965
586,6,-2.7896,-2.7896
586,7,-2.12586,-2.12586
586,8,0.790025,0.790025
586,9,-0.832562,-0.832562
586,10,2.92168,2.92168
586,11,0.085152,0.085152
586,12,1.79536,1.79536
586,13,0.67664,0.67664
586,14,-3.28808,-3.28808
586,15,-2.13,-2.13
586,16,-1.01346,-1.01346
586,17,0.243037,0.243037
586,18,-0.696405,-0.696405
586,19,-3.2097,-3.2097
586,20,1.56702,1.56702
587,1,2.58398,2.58398
587,2,-0.356096,-0.356096
587,3,-2.31728,-2.31728
587,4,2.96536,2.96536
587,5,1.98884,1.98884
587,6,-2.72256,-2.72256
587,7,-2.4925,-2.4925
587,8,0.949889,0.949889
587,9,-1.06648,-1.06648
587,10,2.70122,2.70122
587,11,0.0675414,0.0675414
587,12,1.79389,1.79389
587,13,0.741082,0.741082
587,14,-3.36603,-3.36603
587,15,-2.2605,-2.2605
587,16,-1.01198,-1.01198
587,17,0.430388,0.430388
587,18,-0.728757,-0.728757
587,19,-2.59431,-2.59431
587,20,1.4604,1.4604
588,1,2.47734,2.47734
588,2,-0.226388,-0.226388
588,3,-2.29263,-2.29263
588,4,3.01205,3.01205
588,5,1.98217,1.98217
588,6,-2.63476,-2.63476
588,7,-2.55329,-2.55329
588,8,0.855124,0.855124
588,9,-1.11925,-1.11925
588,10,2.62434,2.62434
588,11,0.191793,0.191793
588,12,1.889,1.889
588,13,0.708961,0.708961
588,14,-3.2553,-3.2553
588,15,-2.20005,-2.20005
588,16,-1.10709,-1.10709
588,17,0.389007,0.389007
588,18,-0.695166,-0.695166
588,19,-2.52044,-2.52044
588,20,1.56334,1.56334
589,1,2.54148,2.54148
589,2,-0.229608,-0.229608
589,3,-2.18683,-2.18683
589,4,2.94008,2.94008
589,5,2.01734,2.01734
589,6,-2.64477,-2.64477
589,7,-2.57317,-2.57317
589,8,0.849214,0.849214
589,9,-1.12857,-1.12857
589,10,2.61191,2.61191
589,11,0.092958,0.092958
589,12,1.7812,1.7812
589,13,0.655875,0.655875
589,14,-3.28512,-3.28512
589,15,-2.19643,-2.19643
589,16,-0.99929,-0.99929
589,17,0.406059,0.406059
589,18,-0.793236,-0.793236
589,19,-2.55547,-2.55547
589,20,1.56065,1.56065
590,1,2.69046,2.69046
590,2,-0.0929846,-0.0929846
590,3,-2.07336,-2.07336
590,4,2.83582,2.83582
590,5,2.12019,2.12019
590,6,-2.75,-2.75
590,7,-2.37732,-2.37732
590,8,0.644926,0.644926
590,9,-0.998651,-0.998651
590,10,2.77342,2.77342
590,11,-0.0167611,-0.0167611
590,12,1.68947,1.68947
590,13,0.500481,0.500481
590,14,-3.35982,-3.35982
590,15,-2.27914,-2.27914
590,16,-0.907561,-0.907561
590,17,0.225127,0.225127
590,18,-0.893369,-0.893369
590,19,-2.70656,-2.70656
590,20,1.41341,1.41341
591,1,3.01011,3.01011
591,2,0.167066,0.167066
591,3,-1.80632,-1.80632
591,4,2.54083,2.54083
591,5,2.49848,2.49848
591,6,-3.08398,-3.08398
591,7,-1.95628,-1.95628
591,8,0.306985,0.306985
591,9,-0.591643,-0.591643
591,10,3.15786,3.15786
591,11,-0.317239,-0.317239
591,12,1.37796,1.37796
591,13,0.186889,0.186889
591,14,-3.64956,-3.64956
591,15,-2.54719,-2.54719
591,16,-0.596051,-0.596051
591,17,-0.152273,-0.152273
591,18,-1.19192,-1.19192
591,19,-3.21044,-3.21044
591,20,1.13391,1.13391
592,1,3.1167,3.1167
592,2,0.0681344,0.0681344
592,3,-1.87173,-1.87173
592,4,2.58402,2.58402
592,5,2.70522,2.70522
592,6,-3.19586,-3.19586
592,7,-1.59894,-1.59894
592,8,0.128276,0.128276
592,9,-0.363861,-0.363861
592,10,3.38536,3.38536
592,11,-0.301209,-0.301209
592,12,1.40787,1.40787
592,13,0.124814,0.124814
592,14,-3.63629,-3.63629
592,15,-2.52603,-2.52603
592,16,-0.625966,-0.625966
592,17,-0.349117,-0.349117
592,18,-1.14324,-1.14324
592,19,-3.69272,-3.69272
592,20,1.16076,1.16076
593,1,2.7255,2.7255
593,2,-0.497094,-0.497094
593,3,-2.36404,-2.36404
593,4,3.01342,3.01342
593,5,2.30634,2.30634
593,6,-2.82102,-2.82102
593,7,-2.01422,-2.01422
593,8,0.695162,0.695162
593,9,-0.757639,-0.757639
593,10,2.9943,2.9943
593,11,0.0855984,0.0855984
593,12,1.79214,1.79214
593,13,0.623924,0.623924
593,14,-3.27977,-3.27977
593,15,-2.12485,-2.12485
593,16,-1.01023,-1.01023
593,17,0.153875,0.153875
593,18,-0.70588,-0.70588
593,19,-3.35697,-3.35697
593,20,1.56884,1.56884
594,1,2.61205,2.61205
594,2,-0.40143,-0.40143
594,3,-2.3206,-2.3206
594,4,2.95542,2.95542
594,5,2.01258,2.01258
594,6,-2.74331,-2.74331
594,7,-2.46384,-2.46384
594,8,0.968592,0.968592
594,9,-1.04091,-1.04091
594,10,2.72578,2.72578
594,11,0.0378742,0.0378742
594,12,1.76444,1.76444
594,13,0.744596,0.744596
594,14,-3.38423,-3.38423
594,15,-2.25889,-2.25889
594,16,-0.982532,-0.982532
594,17,0.434264,0.434264
594,18,-0.741352,-0.741352
594,19,-2.65967,-2.65967
594,20,1.45659,1.45659
595,1,2.47572,2.47572
595,2,-0.234883,-0.234883
595,3,-2.31563,-2.31563
595,4,3.0262,3.0262
595,5,1.96899,1.96899
595,6,-2.63617,-2.63617
595,7,-2.5408,-2.5408
595,8,0.854789,0.854789
595,9,-1.11891,-1.11891
595,10,2.63271,2.63271
595,11,0.203694,0.203694
595,12,1.90922,1.90922
595,13,0.71938,0.71938
595,14,-3.25249,-3.25249
595,15,-2.20295,-2.20295
595,16,-1.12731,-1.12731
595,17,0.386585,0.386585
595,18,-0.673868,-0.673868
595,19,-2.51182,-2.51182
595,20,1.55291,1.55291
596,1,2.53023,2.53023
596,2,-0.22917,-0.22917
596,3,-2.19215,-2.19215
596,4,2.93847,2.93847
596,5,2.02033,2.02033
596,6,-2.64771,-2.64771
596,7,-2.58857,-2.58857
596,8,0.869917,0.869917
596,9,-1.12625,-1.12625
596,10,2.60604,2.60604
596,11,0.0959635,0.0959635
596,12,1.77825,1.77825
596,13,0.666249,0.666249
596,14,-3.29406,-3.29406
596,15,-2.20379,-2.20379
596,16,-0.996345,-0.996345
596,17,0.415868,0.415868
596,18,-0.794391,-0.794391
596,19,-2.55002,-2.55002
596,20,1.56447,1.56447
597,1,2.64431,2.64431
597,2,-0.138623,-0.138623
597,3,-2.11736,-2.11736
597,4,2.88532,2.88532
597,5,2.0743,2.0743
597,6,-2.7045,-2.7045
597,7,-2.42383,-2.42383
597,8,0.684907,0.684907
597,9,-1.05017,-1.05017
597,10,2.7237,2.7237
597,11,0.03285,0.03285
597,12,1.74228,1.74228
597,13,0.545755,0.545755
597,14,-3.31363,-3.31363
597,15,-2.23804,-2.23804
597,16,-0.960368,-0.960368
597,17,0.272909,0.272909
597,18,-0.843109,-0.843109
597,19,-2.65313,-2.65313
597,20,1.46261,1.46261
598,1,2.95592,2.95592
598,2,0.134037,0.134037
598,3,-1.83924,-1.83924
598,4,2.57526,2.57526
598,5,2.42838,2.42838
598,6,-3.02759,-3.02759
598,7,-2.05375,-2.05375
598,8,0.384713,0.384713
598,9,-0.668328,-0.668328
598,10,3.08275,3.08275
598,11,-0.280668,-0.280668
598,12,1.41102,1.41102
598,13,0.240851,0.240851
598,14,-3.61417,-3.61417
598,15,-2.51001,-2.51001
598,16,-0.629109,-0.629109
598,17,-0.0742807,-0.0742807
598,18,-1.15858,-1.15858
598,19,-3.10098,-3.10098
598,20,1.1703,1.1703
599,1,3.16626,3.16626
599,2,0.162705,0.162705
599,3,-1.79023,-1.79023
599,4,2.51182,2.51182
599,5,2.73758,2.73758
599,6,-3.24394,-3.24394
599,7,-1.57885,-1.57885
599,8,0.0668339,0.0668339
599,9,-0.331869,-0.331869
599,10,3.41857,3.41857
599,11,-0.366618,-0.366618
599,12,1.34472,1.34472
599,13,0.0588313,0.0588313
599,14,-3.69898,-3.69898
599,15,-2.597,-2.597
599,16,-0.562808,-0.562808
599,17,-0.398948,-0.398948
599,18,-1.21531,-1.21531
599,19,-3.67808,-3.67808
599,20,1.0887,1.0887
600,1,2.77681,2.77681
600,2,-0.449125,-0.449125
600,3,-2.324,-2.324
600,4,2.98251,2.98251
600,5,2.39154,2.39154
600,6,-2.86833,-2.86833
600,7,-1.90555,-1.90555
600,8,0.595009,0.595009
600,9,-0.675399,-0.675399
600,10,3.0733,3.0733
600,11,0.0615795,0.0615795
600,12,1.76365,1.76365
600,13,0.556131,0.556131
600,14,-3.29645,-3.29645
600,15,-2.14416,-2.14416
600,16,-0.981741,-0.981741
600,17,0.0589293,0.0589293
600,18,-0.740567,-0.740567
600,19,-3.49503,-3.49503
600,20,1.54748,1.54748
601,1,2.61663,2.61663
601,2,-0.466709,-0.466709
601,3,-2.35066,-2.35066
601,4,2.97656,2.97656
601,5,2.02233,2.02233
601,6,-2.73996,-2.73996
601,7,-2.43811,-2.43811
601,8,0.988966,0.988966
601,9,-1.02989,-1.02989
601,10,2.7365,2.7365
601,11,0.0426107,0.0426107
601,12,1.76996,1.76996
601,13,0.764468,0.764468
601,14,-3.36778,-3.36778
601,15,-2.22679,-2.22679
601,16,-0.988048,-0.988048
601,17,0.444677,0.444677
601,18,-0.722841,-0.722841
601,19,-2.724,-2.724
601,20,1.48336,1.48336
602,1,2.4939,2.4939
602,2,-0.227657,-0.227657
602,3,-2.31135,-2.31135
602,4,3.0101,3.0101
602,5,1.96453,1.96453
602,6,-2.65575,-2.65575
602,7,-2.53631,-2.53631
602,8,0.861224,0.861224
602,9,-1.11167,-1.11167
602,10,2.6465,2.6465
602,11,0.181241,0.181241
602,12,1.89307,1.89307
602,13,0.717107,0.717107
602,14,-3.28104,-3.28104
602,15,-2.23096,-2.23096
602,16,-1.11116,-1.11116
602,17,0.38624,0.38624
602,18,-0.684449,-0.684449
602,19,-2.49638,-2.49638
602,20,1.51697,1.51697
603,1,2.49451,2.49451
603,2,-0.246155,-0.246155
603,3,-2.22799,-2.22799
603,4,2.97173,2.97173
603,5,2.00489,2.00489
603,6,-2.62542,-2.62542
603,7,-2.60219,-2.60219
603,8,0.88544,0.88544
603,9,-1.13898,-1.13898
603,10,2.58827,2.58827
603,11,0.137843,0.137843
603,12,1.81768,1.81768
603,13,0.692567,0.692567
603,14,-3.26494,-3.26494
603,15,-2.18054,-2.18054
603,16,-1.03578,-1.03578
603,17,0.427598,0.427598
603,18,-0.758765,-0.758765
603,19,-2.5387,-2.5387
603,20,1.59631,1.59631
604,1,2.61688,2.61688
604,2,-0.167556,-0.167556
604,3,-2.133,-2.133
604,4,2.90169,2.90169
604,5,2.04022,2.04022
604,6,-2.67876,-2.67876
604,7,-2.4815,-2.4815
604,8,0.736799,0.736799
604,9,-1.09211,-1.09211
604,10,2.6791,2.6791
604,11,0.0461579,0.0461579
604,12,1.75413,1.75413
604,13,0.579156,0.579156
604,14,-3.30201,-3.30201
604,15,-2.22347,-2.22347
604,16,-0.972227,-0.972227
604,17,0.32403,0.32403
604,18,-0.828353,-0.828353
604,19,-2.59574,-2.59574
604,20,1.48689,1.48689
605,1,2.86387,2.86387
605,2,0.0683087,0.0683087
605,3,-1.91702,-1.91702
605,4,2.66043,2.66043
605,5,2.32488,2.32488
605,6,-2.93187,-2.93187
605,7,-2.16113,-2.16113
605,8,0.46763,0.46763
605,9,-0.775144,-0.775144
605,10,2.9817,2.9817
605,11,-0.190141,-0.190141
605,12,1.50341,1.50341
605,13,0.324284,0.324284
605,14,-3.5254,-3.5254
605,15,-2.42846,-2.42846
605,16,-0.721501,-0.721501
605,17,0.018646,0.018646
605,18,-1.07217,-1.07217
605,19,-2.97043,-2.97043
605,20,1.24946,1.24946
606,1,3.19984,3.19984
606,2,0.245979,0.245979
606,3,-1.70895,-1.70895
606,4,2.43456,2.43456
606,5,2.74218,2.74218
606,6,-3.27695,-3.27695
606,7,-1.61805,-1.61805
606,8,0.0604731,0.0604731
606,9,-0.33083,-0.33083
606,10,3.4163,3.4163
606,11,-0.439624,-0.439624
606,12,1.26785,1.26785
606,13,0.0159578,0.0159578
606,14,-3.76812,-3.76812
606,15,-2.6654,-2.6654
606,16,-0.485946,-0.485946
606,17,-0.403661,-0.403661
606,18,-1.29512,-1.29512
606,19,-3.6083,-3.6083
606,20,1.0202,1.0202
607,1,2.84328,2.84328
607,2,-0.359322,-0.359322
607,3,-2.25848,-2.25848
607,4,2.93484,2.93484
607,5,2.48348,2.48348
607,6,-2.92938,-2.92938
607,7,-1.77741,-1.77741
607,8,0.450239,0.450239
607,9,-0.582785,-0.582785
607,10,3.16702,3.16702
607,11,0.0260432,0.0260432
607,12,1.73006,1.73006
607,13,0.459638,0.459638
607,14,-3.32471,-3.32471
607,15,-2.18702,-2.18702
607,16,-0.948155,-0.948155
607,17,-0.0672586,-0.0672586
607,18,-0.789485,-0.789485
607,19,-3.62228,-3.62228
607,20,1.50128,1.50128
608,1,2.6448,2.6448
608,2,-0.511032,-0.511032
608,3,-2.35774,-2.35774
608,4,2.97545,2.97545
608,5,2.07403,2.07403
608,6,-2.75993,-2.75993
608,7,-2.37609,-2.37609
608,8,0.981316,0.981316
608,9,-0.981374,-0.981374
608,10,2.77912,2.77912
608,11,0.0281048,0.0281048
608,12,1.74843,1.74843
608,13,0.756466,0.756466
608,14,-3.36752,-3.36752
608,15,-2.20581,-2.20581
608,16,-0.966524,-0.966524
608,17,0.421669,0.421669
608,18,-0.730457,-0.730457
608,19,-2.85137,-2.85137
608,20,1.4996,1.4996
609,1,2.50079,2.50079
609,2,-0.26289,-0.26289
609,3,-2.33559,-2.33559
609,4,3.02181,3.02181
609,5,1.9465,1.9465
609,6,-2.65875,-2.65875
609,7,-2.52718,-2.52718
609,8,0.878403,0.878403
609,9,-1.11553,-1.11553
609,10,2.65218,2.65218
609,11,0.178498,0.178498
609,12,1.90209,1.90209
609,13,0.735188,0.735188
609,14,-3.28357,-3.28357
609,15,-2.23057,-2.23057
609,16,-1.12019,-1.12019
609,17,0.399041,0.399041
609,18,-0.666846,-0.666846
609,19,-2.49073,-2.49073
609,20,1.50664,1.50664
610,1,2.47648,2.47648
610,2,-0.242456,-0.242456
610,3,-2.24522,-2.24522
610,4,2.97919,2.97919
610,5,1.9949,1.9949
610,6,-2.62206,-2.62206
610,7,-2.61967,-2.61967
610,8,0.90679,0.90679
610,9,-1.14257,-1.14257
610,10,2.58075,2.58075
610,11,0.152487,0.152487
610,12,1.82858,1.82858
610,13,0.708625,0.708625
610,14,-3.26654,-3.26654
610,15,-2.18485,-2.18485
610,16,-1.04667,-1.04667
610,17,0.437424,0.437424
610,18,-0.747673,-0.747673
610,19,-2.5176,-2.5176
610,20,1.59628,1.59628
611,1,2.5691,2.5691
611,2,-0.207937,-0.207937
611,3,-2.17136,-2.17136
611,4,2.94332,2.94332
611,5,1.9989,1.9989
611,6,-2.63831,-2.63831
611,7,-2.53389,-2.53389
611,8,0.781771,0.781771
611,9,-1.13882,-1.13882
611,10,2.62829,2.62829
611,11,0.0895369,0.0895369
611,12,1.79796,1.79796
611,13,0.623731,0.623731
611,14,-3.26471,-3.26471
611,15,-2.18982,-2.18982
611,16,-1.01605,-1.01605
611,17,0.372179,0.372179
611,18,-0.786637,-0.786637
611,19,-2.54075,-2.54075
611,20,1.5348,1.5348
612,1,2.78184,2.78184
612,2,0.00642061,0.00642061
612,3,-1.97941,-1.97941
612,4,2.72792,2.72792
612,5,2.22685,2.22685
612,6,-2.84579,-2.84579
612,7,-2.28208,-2.28208
612,8,0.56635,0.56635
612,9,-0.881527,-0.881527
612,10,2.8786,2.8786
612,11,-0.120467,-0.120467
612,12,1.57135,1.57135
612,13,0.405078,0.405078
612,14,-3.45698,-3.45698
612,15,-2.3613,-2.3613
612,16,-0.789438,-0.789438
612,17,0.122062,0.122062
612,18,-1.00558,-1.00558
612,19,-2.83472,-2.83472
612,20,1.31751,1.31751
613,1,3.1673,3.1673
613,2,0.2684,0.2684
613,3,-1.69706,-1.69706
613,4,2.43119,2.43119
613,5,2.6811,2.6811
613,6,-3.242,-3.242
613,7,-1.70829,-1.70829
613,8,0.0993954,0.0993954
613,9,-0.394389,-0.394389
613,10,3.35396,3.35396
613,11,-0.436268,-0.436268
613,12,1.27142,1.27142
613,13,0.0336303,0.0336303
613,14,-3.76181,-3.76181
613,15,-2.66474,-2.66474
613,16,-0.489508,-0.489508
613,17,-0.355019,-0.355019
613,18,-1.29905,-1.29905
613,19,-3.47651,-3.47651
613,20,1.01884,1.01884
614,1,2.97917,2.97917
614,2,-0.176449,-0.176449
614,3,-2.09413,-2.09413
614,4,2.78521,2.78521
614,5,2.62118,2.62118
614,6,-3.0608,-3.0608
614,7,-1.64245,-1.64245
614,8,0.276996,0.276996
614,9,-0.446846,-0.446846
614,10,3.30064,3.30064
614,11,-0.112133,-0.112133
614,12,1.5894,1.5894
614,13,0.296719,0.296719
614,14,-3.45471,-3.45471
614,15,-2.32594,-2.32594
614,16,-0.807496,-0.807496
614,17,-0.228134,-0.228134
614,18,-0.942291,-0.942291
614,19,-3.74195,-3.74195
614,20,1.3595,1.3595
615,1,2.64606,2.64606
615,2,-0.57798,-0.57798
615,3,-2.41164,-2.41164
615,4,3.03462,3.03462
615,5,2.1347,2.1347
615,6,-2.75162,-2.75162
615,7,-2.25501,-2.25501
615,8,0.917487,0.917487
615,9,-0.921693,-0.921693
615,10,2.83567,2.83567
615,11,0.084257,0.084257
615,12,1.80185,1.80185
615,13,0.751745,0.751745
615,14,-3.29573,-3.29573
615,15,-2.12838,-2.12838
615,16,-1.01994,-1.01994
615,17,0.359002,0.359002
615,18,-0.676433,-0.676433
615,19,-3.04522,-3.04522
615,20,1.57153,1.57153
616,1,2.53813,2.53813
616,2,-0.309908,-0.309908
616,3,-2.32893,-2.32893
616,4,2.98854,2.98854
616,5,1.94314,1.94314
616,6,-2.68844,-2.68844
616,7,-2.54302,-2.54302
616,8,0.945616,0.945616
616,9,-1.11045,-1.11045
616,10,2.66029,2.66029
616,11,0.114999,0.114999
616,12,1.84215,1.84215
616,13,0.752358,0.752358
616,14,-3.33837,-3.33837
616,15,-2.25826,-2.25826
616,16,-1.06024,-1.06024
616,17,0.440624,0.440624
616,18,-0.69986,-0.69986
616,19,-2.49178,-2.49178
616,20,1.46788,1.46788
617,1,2.46004,2.46004
617,2,-0.222955,-0.222955
617,3,-2.2756,-2.2756
617,4,3.00579,3.00579
617,5,1.98122,1.98122
617,6,-2.61923,-2.61923
617,7,-2.59424,-2.59424
617,8,0.874636,0.874636
617,9,-1.1377,-1.1377
617,10,2.59357,2.59357
617,11,0.191175,0.191175
617,12,1.87726,1.87726
617,13,0.712065,0.712065
617,14,-3.24961,-3.24961
617,15,-2.18931,-2.18931
617,16,-1.09535,-1.09535
617,17,0.410563,0.410563
617,18,-0.709642,-0.709642
617,19,-2.50083,-2.50083
617,20,1.58893,1.58893
618,1,2.53869,2.53869
618,2,-0.236391,-0.236391
618,3,-2.18768,-2.18768
618,4,2.95328,2.95328
618,5,1.99416,1.99416
618,6,-2.6239,-2.6239
618,7,-2.58184,-2.58184
618,8,0.84051,0.84051
618,9,-1.15487,-1.15487
618,10,2.59587,2.59587
618,11,0.10231,0.10231
618,12,1.79741,1.79741
618,13,0.656466,0.656466
618,14,-3.26159,-3.26159
618,15,-2.17688,-2.17688
618,16,-1.0155,-1.0155
618,17,0.414321,0.414321
618,18,-0.781195,-0.781195
618,19,-2.52899,-2.52899
618,20,1.56917,1.56917
619,1,2.70772,2.70772
619,2,-0.0652244,-0.0652244
619,3,-2.04894,-2.04894
619,4,2.80821,2.80821
619,5,2.13242,2.13242
619,6,-2.76401,-2.76401
619,7,-2.37055,-2.37055
619,8,0.634481,0.634481
619,9,-0.981974,-0.981974
619,10,2.7887,2.7887
619,11,-0.0426728,-0.0426728
619,12,1.65896,1.65896
619,13,0.480028,0.480028
619,14,-3.37943,-3.37943
619,15,-2.2934,-2.2934
619,16,-0.877053,-0.877053
619,17,0.208522,0.208522
619,18,-0.92275,-0.92275
619,19,-2.7156,-2.7156
619,20,1.38803,1.38803
620,1,3.10169,3.10169
620,2,0.253805,0.253805
620,3,-1.72145,-1.72145
620,4,2.45689,2.45689
620,5,2.59394,2.59394
620,6,-3.17598,-3.17598
620,7,-1.84099,-1.84099
620,8,0.19456,0.19456
620,9,-0.487996,-0.487996
620,10,3.25949,3.25949
620,11,-0.402549,-0.402549
620,12,1.29687,1.29687
620,13,0.0910189,0.0910189
620,14,-3.72984,-3.72984
620,15,-2.63051,-2.63051
620,16,-0.514962,-0.514962
620,17,-0.262381,-0.262381
620,18,-1.27539,-1.27539
620,19,-3.32327,-3.32327
620,20,1.04927,1.04927
621,1,3.10126,3.10126
621,2,0.00393325,0.00393325
621,3,-1.93057,-1.93057
621,4,2.63799,2.63799
621,5,2.72663,2.72663
621,6,-3.18032,-3.18032
621,7,-1.54407,-1.54407
621,8,0.122318,0.122318
621,9,-0.340771,-0.340771
621,10,3.40641,3.40641
621,11,-0.250138,-0.250138
621,12,1.45587,1.45587
621,13,0.147462,0.147462
621,14,-3.58513,-3.58513
621,15,-2.46981,-2.46981
621,16,-0.673958,-0.673958
621,17,-0.363491,-0.363491
621,18,-1.09028,-1.09028
621,19,-3.79623,-3.79623
621,20,1.21611,1.21611
622,1,2.67393,2.67393
622,2,-0.588832,-0.588832
622,3,-2.42636,-2.42636
622,4,3.05941,3.05941
622,5,2.22779,2.22779
622,6,-2.77093,-2.77093
622,7,-2.10964,-2.10964
622,8,0.813863,0.813863
622,9,-0.832852,-0.832852
622,10,2.92047,2.92047
622,11,0.11514,0.11514
622,12,1.82513,1.82513
622,13,0.707914,0.707914
622,14,-3.25258,-3.25258
622,15,-2.08437,-2.08437
622,16,-1.04323,-1.04323
622,17,0.25838,0.25838
622,18,-0.657775,-0.657775
622,19,-3.26059,-3.26059
622,20,1.61006,1.61006
623,1,2.5886,2.5886
623,2,-0.362559,-0.362559
623,3,-2.31769,-2.31769
623,4,2.9547,2.9547
623,5,1.96846,1.96846
623,6,-2.72881,-2.72881
623,7,-2.51878,-2.51878
623,8,0.983048,0.983048
623,9,-1.07985,-1.07985
623,10,2.69182,2.69182
623,11,0.0491052,0.0491052
623,12,1.77984,1.77984
623,13,0.754215,0.754215
623,14,-3.38925,-3.38925
623,15,-2.28002,-2.28002
623,16,-0.997936,-0.997936
623,17,0.455879,0.455879
623,18,-0.735662,-0.735662
623,19,-2.55119,-2.55119
623,20,1.43736,1.43736
624,1,2.44709,2.44709
624,2,-0.225821,-0.225821
624,3,-2.31693,-2.31693
624,4,3.0381,3.0381
624,5,1.96402,1.96402
624,6,-2.61446,-2.61446
624,7,-2.5678,-2.5678
624,8,0.858486,0.858486
624,9,-1.13507,-1.13507
624,10,2.60717,2.60717
624,11,0.228366,0.228366
624,12,1.92528,1.92528
624,13,0.725443,0.725443
624,14,-3.23048,-3.23048
624,15,-2.18532,-2.18532
624,16,-1.14337,-1.14337
624,17,0.394873,0.394873
624,18,-0.666084,-0.666084
624,19,-2.49418,-2.49418
624,20,1.58372,1.58372
625,1,2.51601,2.51601
625,2,-0.252825,-0.252825
625,3,-2.19814,-2.19814
625,4,2.95325,2.95325
625,5,1.99237,1.99237
625,6,-2.62097,-2.62097
625,7,-2.62268,-2.62268
625,8,0.892568,0.892568
625,9,-1.16227,-1.16227
625,10,2.57333,2.57333
625,11,0.105312,0.105312
625,12,1.78939,1.78939
625,13,0.682707,0.682707
625,14,-3.27237,-3.27237
625,15,-2.17962,-2.17962
625,16,-1.00748,-1.00748
625,17,0.447868,0.447868
625,18,-0.783122,-0.783122
625,19,-2.51368,-2.51368
625,20,1.5864,1.5864
626,1,2.63315,2.63315
626,2,-0.133639,-0.133639
626,3,-2.11999,-2.11999
626,4,2.88966,2.88966
626,5,2.0483,2.0483
626,6,-2.68657,-2.68657
626,7,-2.44903,-2.44903
626,8,0.695633,0.695633
626,9,-1.07266,-1.07266
626,10,2.70553,2.70553
626,11,0.0390993,0.0390993
626,12,1.74882,1.74882
626,13,0.552348,0.552348
626,14,-3.30197,-3.30197
626,15,-2.22709,-2.22709
626,16,-0.966909,-0.966909
626,17,0.286244,0.286244
626,18,-0.838711,-0.838711
626,19,-2.6128,-2.6128
626,20,1.4617,1.4617
627,1,2.98965,2.98965
627,2,0.183153,0.183153
627,3,-1.79476,-1.79476
627,4,2.53167,2.53167
627,5,2.46063,2.46063
627,6,-3.06282,-3.06282
627,7,-2.0224,-2.0224
627,8,0.342681,0.342681
627,9,-0.630886,-0.630886
627,10,3.11606,3.11606
627,11,-0.322081,-0.322081
627,12,1.36918,1.36918
627,13,0.199027,0.199027
627,14,-3.65125,-3.65125
627,15,-2.54804,-2.54804
627,16,-0.587271,-0.587271
627,17,-0.116654,-0.116654
627,18,-1.20308,-1.20308
627,19,-3.1259,-3.1259
627,20,1.13069,1.13069
628,1,3.21086,3.21086
628,2,0.192705,0.192705
628,3,-1.76052,-1.76052
628,4,2.48424,2.48424
628,5,2.79738,2.79738
628,6,-3.28649,-3.28649
628,7,-1.49969,-1.49969
628,8,0.000969046,0.000969046
628,9,-0.270008,-0.270008
628,10,3.47906,3.47906
628,11,-0.394325,-0.394325
628,12,1.31678,1.31678
628,13,0.0115513,0.0115513
628,14,-3.72303,-3.72303
628,15,-2.6218,-2.6218
628,16,-0.534877,-0.534877
628,17,-0.464428,-0.464428
628,18,-1.24402,-1.24402
628,19,-3.77346,-3.77346
628,20,1.06307,1.06307
629,1,2.73865,2.73865
629,2,-0.529613,-0.529613
629,3,-2.38871,-2.38871
629,4,3.04004,3.04004
629,5,2.36292,2.36292
629,6,-2.82843,-2.82843
629,7,-1.92099,-1.92099
629,8,0.644038,0.644038
629,9,-0.7024,-0.7024
629,10,3.04606,3.04606
629,11,0.11115,0.11115
629,12,1.813,1.813
629,13,0.609088,0.609088
629,14,-3.24485,-3.24485
629,15,-2.08421,-2.08421
629,16,-1.03109,-1.03109
629,17,0.099742,0.099742
629,18,-0.683373,-0.683373
629,19,-3.5062,-3.5062
629,20,1.60555,1.60555
630,1,2.61398,2.61398
630,2,-0.464595,-0.464595
630,3,-2.34537,-2.34537
630,4,2.96266,2.96266
630,5,1.99054,1.99054
630,6,-2.74012,-2.74012
630,7,-2.48634,-2.48634
630,8,1.03064,1.03064
630,9,-1.0566,-1.0566
630,10,2.71258,2.71258
630,11,0.023436,0.023436
630,12,1.75442,1.75442
630,13,0.780205,0.780205
630,14,-3.39235,-3.39235
630,15,-2.24941,-2.24941
630,16,-0.972513,-0.972513
630,17,0.480763,0.480763
630,18,-0.733411,-0.733411
630,19,-2.65046,-2.65046
630,20,1.45958,1.45958
631,1,2.45652,2.45652
631,2,-0.224651,-0.224651
631,3,-2.33663,-2.33663
631,4,3.04195,3.04195
631,5,1.94025,1.94025
631,6,-2.62621,-2.62621
631,7,-2.55702,-2.55702
631,8,0.861465,0.861465
631,9,-1.13563,-1.13563
631,10,2.62144,2.62144
631,11,0.226271,0.226271
631,12,1.93738,1.93738
631,13,0.734253,0.734253
631,14,-3.2456,-3.2456
631,15,-2.2081,-2.2081
631,16,-1.15547,-1.15547
631,17,0.393453,0.393453
631,18,-0.650496,-0.650496
631,19,-2.461,-2.461
631,20,1.54523,1.54523
632,1,2.48603,2.48603
632,2,-0.252892,-0.252892
632,3,-2.21873,-2.21873
632,4,2.96527,2.96527
632,5,1.99352,1.99352
632,6,-2.61568,-2.61568
632,7,-2.64146,-2.64146
632,8,0.915925,0.915925
632,9,-1.15978,-1.15978
632,10,2.5622,2.5622
632,11,0.129509,0.129509
632,12,1.80432,1.80432
632,13,0.702407,0.702407
632,14,-3.26871,-3.26871
632,15,-2.17807,-2.17807
632,16,-1.02241,-1.02241
632,17,0.456564,0.456564
632,18,-0.769625,-0.769625
632,19,-2.50843,-2.50843
632,20,1.60552,1.60552
633,1,2.5935,2.5935
633,2,-0.179148,-0.179148
633,3,-2.15277,-2.15277
633,4,2.92946,2.92946
633,5,2.00621,2.00621
633,6,-2.64754,-2.64754
633,7,-2.50313,-2.50313
633,8,0.741764,0.741764
633,9,-1.12563,-1.12563
633,10,2.6526,2.6526
633,11,0.07594,0.07594
633,12,1.7887,1.7887
633,13,0.595392,0.595392
633,14,-3.26804,-3.26804
633,15,-2.19642,-2.19642
633,16,-1.00679,-1.00679
633,17,0.34083,0.34083
633,18,-0.799524,-0.799524
633,19,-2.55446,-2.55446
633,20,1.50719,1.50719
634,1,2.85884,2.85884
634,2,0.0770915,0.0770915
634,3,-1.90679,-1.90679
634,4,2.6486,2.6486
634,5,2.31442,2.31442
634,6,-2.92661,-2.92661
634,7,-2.18944,-2.18944
634,8,0.486766,0.486766
634,9,-0.785605,-0.785605
634,10,2.9672,2.9672
634,11,-0.200606,-0.200606
634,12,1.48798,1.48798
634,13,0.326687,0.326687
634,14,-3.53192,-3.53192
634,15,-2.43009,-2.43009
634,16,-0.706073,-0.706073
634,17,0.0325264,0.0325264
634,18,-1.08644,-1.08644
634,19,-2.9432,-2.9432
634,20,1.24494,1.24494
635,1,3.25934,3.25934
635,2,0.315217,0.315217
635,3,-1.64583,-1.64583
635,4,2.37696,2.37696
635,5,2.79774,2.79774
635,6,-3.33402,-3.33402
635,7,-1.55009,-1.55009
635,8,-0.0194952,-0.0194952
635,9,-0.271133,-0.271133
635,10,3.47713,3.47713
635,11,-0.495904,-0.495904
635,12,1.21575,1.21575
635,13,-0.0516065,-0.0516065
635,14,-3.82017,-3.82017
635,15,-2.72349,-2.72349
635,16,-0.433847,-0.433847
635,17,-0.476056,-0.476056
635,18,-1.35222,-1.35222
635,19,-3.66229,-3.66229
635,20,0.960286,0.960286
636,1,2.86563,2.86563
636,2,-0.363836,-0.363836
636,3,-2.2604,-2.2604
636,4,2.93551,2.93551
636,5,2.53379,2.53379
636,6,-2.95036,-2.95036
636,7,-1.70754,-1.70754
636,8,0.409202,0.409202
636,9,-0.532783,-0.532783
636,10,3.21423,3.21423
636,11,0.0268019,0.0268019
636,12,1.72648,1.72648
636,13,0.437682,0.437682
636,14,-3.32126,-3.32126
636,15,-2.17934,-2.17934
636,16,-0.944577,-0.944577
636,17,-0.113556,-0.113556
636,18,-0.790933,-0.790933
636,19,-3.72862,-3.72862
636,20,1.5071,1.5071
637,1,2.63362,2.63362
637,2,-0.567879,-0.567879
637,3,-2.39109,-2.39109
637,4,2.99861,2.99861
637,5,2.0556,2.0556
637,6,-2.7471,-2.7471
637,7,-2.38822,-2.38822
637,8,1.02309,1.02309
637,9,-0.996335,-0.996335
637,10,2.76544,2.76544
637,11,0.0381708,0.0381708
637,12,1.76213,1.76213
637,13,0.790142,0.790142
637,14,-3.35498,-3.35498
637,15,-2.18367,-2.18367
637,16,-0.980225,-0.980225
637,17,0.455141,0.455141
637,18,-0.70639,-0.70639
637,19,-2.85187,-2.85187
637,20,1.52023,1.52023
638,1,2.48907,2.48907
638,2,-0.259456,-0.259456
638,3,-2.34598,-2.34598
638,4,3.02662,3.02662
638,5,1.92245,1.92245
638,6,-2.65243,-2.65243
638,7,-2.55346,-2.55346
638,8,0.89954,0.89954
638,9,-1.13398,-1.13398
638,10,2.63726,2.63726
638,11,0.185302,0.185302
638,12,1.91143,1.91143
638,13,0.749853,0.749853
638,14,-3.28708,-3.28708
638,15,-2.23853,-2.23853
638,16,-1.12952,-1.12952
638,17,0.417508,0.417508
638,18,-0.657632,-0.657632
638,19,-2.44314,-2.44314
638,20,1.49755,1.49755
639,1,2.45898,2.45898
639,2,-0.23737,-0.23737
639,3,-2.24965,-2.24965
639,4,2.98624,2.98624
639,5,1.9886,1.9886
639,6,-2.61282,-2.61282
639,7,-2.63728,-2.63728
639,8,0.913246,0.913246
639,9,-1.15234,-1.15234
639,10,2.56626,2.56626
639,11,0.166628,0.166628
639,12,1.83975,1.83975
639,13,0.715945,0.715945
639,14,-3.25935,-3.25935
639,15,-2.18183,-2.18183
639,16,-1.05784,-1.05784
639,17,0.444826,0.444826
639,18,-0.740667,-0.740667
639,19,-2.49836,-2.49836
639,20,1.6087,1.6087
640,1,2.54708,2.54708
640,2,-0.229229,-0.229229
640,3,-2.18651,-2.18651
640,4,2.96373,2.96373
640,5,1.97507,1.97507
640,6,-2.61289,-2.61289
640,7,-2.56593,-2.56593
640,8,0.806336,0.806336
640,9,-1.16959,-1.16959
640,10,2.59799,2.59799
640,11,0.109552,0.109552
640,12,1.81746,1.81746
640,13,0.644877,0.644877
640,14,-3.24229,-3.24229
640,15,-2.16752,-2.16752
640,16,-1.03555,-1.03555
640,17,0.401539,0.401539
640,18,-0.768003,-0.768003
640,19,-2.50943,-2.50943
640,20,1.56033,1.56033
641,1,2.74491,2.74491
641,2,-0.019026,-0.019026
641,3,-2.00583,-2.00583
641,4,2.757,2.757
641,5,2.17789,2.17789
641,6,-2.80446,-2.80446
641,7,-2.33811,-2.33811
641,8,0.608797,0.608797
641,9,-0.932035,-0.932035
641,10,2.831,2.831
641,11,-0.0906586,-0.0906586
641,12,1.60133,1.60133
641,13,0.439987,0.439987
641,14,-3.4243,-3.4243
641,15,-2.32893,-2.32893
641,16,-0.819417,-0.819417
641,17,0.167989,0.167989
641,18,-0.976867,-0.976867
641,19,-2.76707,-2.76707
641,20,1.34546,1.34546
642,1,3.18598,3.18598
642,2,0.314721,0.314721
642,3,-1.6574,-1.6574
642,4,2.39465,2.39465
642,5,2.68691,2.68691
642,6,-3.26004,-3.26004
642,7,-1.71418,-1.71418
642,8,0.081516,0.081516
642,9,-0.38699,-0.38699
642,10,3.36048,3.36048
642,11,-0.46947,-0.46947
642,12,1.23801,1.23801
642,13,0.00661172,0.00661172
642,14,-3.79218,-3.79218
642,15,-2.69758,-2.69758
642,16,-0.4561,-0.4561
642,17,-0.369894,-0.369894
642,18,-1.33613,-1.33613
642,19,-3.4516,-3.4516
642,20,0.98368,0.98368
643,1,3.05296,3.05296
643,2,-0.0968246,-0.0968246
643,3,-2.02228,-2.02228
643,4,2.71989,2.71989
643,5,2.70965,2.70965
643,6,-3.13268,-3.13268
643,7,-1.53957,-1.53957
643,8,0.171615,0.171615
643,9,-0.357842,-0.357842
643,10,3.38793,3.38793
643,11,-0.172818,-0.172818
643,12,1.52776,1.52776
643,13,0.210777,0.210777
643,14,-3.51109,-3.51109
643,15,-2.38636,-2.38636
643,16,-0.745848,-0.745848
643,17,-0.328548,-0.328548
643,18,-1.00917,-1.00917
643,19,-3.85218,-3.85218
643,20,1.29809,1.29809
644,1,2.64048,2.64048
644,2,-0.638056,-0.638056
644,3,-2.45395,-2.45395
644,4,3.07302,3.07302
644,5,2.15465,2.15465
644,6,-2.7416,-2.7416
644,7,-2.20838,-2.20838
644,8,0.914509,0.914509
644,9,-0.901722,-0.901722
644,10,2.85418,2.85418
644,11,0.115165,0.115165
644,12,1.83145,1.83145
644,13,0.768308,0.768308
644,14,-3.258,-3.258
644,15,-2.0819,-2.0819
644,16,-1.04954,-1.04954
644,17,0.349909,0.349909
644,18,-0.640254,-0.640254
644,19,-3.13603,-3.13603
644,20,1.61534,1.61534
645,1,2.5499,2.5499
645,2,-0.329771,-0.329771
645,3,-2.33049,-2.33049
645,4,2.97576,2.97576
645,5,1.92915,1.92915
645,6,-2.69957,-2.69957
645,7,-2.5624,-2.5624
645,8,0.98478,0.98478
645,9,-1.11789,-1.11789
645,10,2.65664,2.65664
645,11,0.0889904,0.0889904
645,12,1.8204,1.8204
645,13,0.767031,0.767031
645,14,-3.36579,-3.36579
645,15,-2.27641,-2.27641
645,16,-1.0385,-1.0385
645,17,0.46847,0.46847
645,18,-0.709844,-0.709844
645,19,-2.4665,-2.4665
645,20,1.44497,1.44497
646,1,2.42985,2.42985
646,2,-0.224273,-0.224273
646,3,-2.30556,-2.30556
646,4,3.03522,3.03522
646,5,1.95922,1.95922
646,6,-2.59943,-2.59943
646,7,-2.60548,-2.60548
646,8,0.877658,0.877658
646,9,-1.15379,-1.15379
646,10,2.57872,2.57872
646,11,0.230382,0.230382
646,12,1.91859,1.91859
646,13,0.730989,0.730989
646,14,-3.22438,-3.22438
646,15,-2.17573,-2.17573
646,16,-1.13668,-1.13668
646,17,0.415876,0.415876
646,18,-0.675226,-0.675226
646,19,-2.47144,-2.47144
646,20,1.6057,1.6057
647,1,2.52533,2.52533
647,2,-0.243835,-0.243835
647,3,-2.18521,-2.18521
647,4,2.95075,2.95075
647,5,1.98546,1.98546
647,6,-2.61614,-2.61614
647,7,-2.61984,-2.61984
647,8,0.873743,0.873743
647,9,-1.17231,-1.17231
647,10,2.57125,2.57125
647,11,0.100384,0.100384
647,12,1.78964,1.78964
647,13,0.670634,0.670634
647,14,-3.26632,-3.26632
647,15,-2.17715,-2.17715
647,16,-1.00774,-1.00774
647,17,0.442995,0.442995
647,18,-0.786662,-0.786662
647,19,-2.50147,-2.50147
647,20,1.58067,1.58067
648,1,2.64436,2.64436
648,2,-0.118627,-0.118627
648,3,-2.10755,-2.10755
648,4,2.87547,2.87547
648,5,2.061,2.061
648,6,-2.69473,-2.69473
648,7,-2.43549,-2.43549
648,8,0.683297,0.683297
648,9,-1.05696,-1.05696
648,10,2.72021,2.72021
648,11,0.0264938,0.0264938
648,12,1.7325,1.7325
648,13,0.537818,0.537818
648,14,-3.30907,-3.30907
648,15,-2.23013,-2.23013
648,16,-0.950588,-0.950588
648,17,0.269771,0.269771
648,18,-0.854512,-0.854512
648,19,-2.63338,-2.63338
648,20,1.44982,1.44982
649,1,3.04602,3.04602
649,2,0.229463,0.229463
649,3,-1.74492,-1.74492
649,4,2.48042,2.48042
649,5,2.51641,2.51641
649,6,-3.11896,-3.11896
649,7,-1.95407,-1.95407
649,8,0.280089,0.280089
649,9,-0.568638,-0.568638
649,10,3.1768,3.1768
649,11,-0.376855,-0.376855
649,12,1.3177,1.3177
649,13,0.143842,0.143842
649,14,-3.70136,-3.70136
649,15,-2.59801,-2.59801
649,16,-0.535796,-0.535796
649,17,-0.1796,-0.1796
649,18,-1.2541,-1.2541
649,19,-3.19384,-3.19384
649,20,1.07911,1.07911
650,1,3.22992,3.22992
650,2,0.185176,0.185176
650,3,-1.76859,-1.76859
650,4,2.48876,2.48876
650,5,2.83768,2.83768
650,6,-3.30628,-3.30628
650,7,-1.43691,-1.43691
650,8,-0.0328185,-0.0328185
650,9,-0.226962,-0.226962
650,10,3.5215,3.5215
650,11,-0.390827,-0.390827
650,12,1.31894,1.31894
650,13,-0.00362075,-0.00362075
650,14,-3.72108,-3.72108
650,15,-2.61819,-2.61819
650,16,-0.537035,-0.537035
650,17,-0.503544,-0.503544
650,18,-1.23931,-1.23931
650,19,-3.86216,-3.86216
650,20,1.0656,1.0656
651,1,2.7056,2.7056
651,2,-0.598167,-0.598167
651,3,-2.43935,-2.43935
651,4,3.08055,3.08055
651,5,2.32818,2.32818
651,6,-2.79774,-2.79774
651,7,-1.95602,-1.95602
651,8,0.705707,0.705707
651,9,-0.735611,-0.735611
651,10,3.01238,3.01238
651,11,0.142249,0.142249
651,12,1.84537,1.84537
651,13,0.661211,0.661211
651,14,-3.21607,-3.21607
651,15,-2.04707,-2.04707
651,16,-1.06347,-1.06347
651,17,0.151875,0.151875
651,18,-0.641772,-0.641772
651,19,-3.48488,-3.48488
651,20,1.64487,1.64487
652,1,2.61019,2.61019
652,2,-0.446936,-0.446936
652,3,-2.33836,-2.33836
652,4,2.95246,2.95246
652,5,1.96805,1.96805
652,6,-2.74114,-2.74114
652,7,-2.52055,-2.52055
652,8,1.04999,1.04999
652,9,-1.07663,-1.07663
652,10,2.69611,2.69611
652,11,0.0149582,0.0149582
652,12,1.74895,1.74895
652,13,0.786385,0.786385
652,14,-3.41055,-3.41055
652,15,-2.27254,-2.27254
652,16,-0.967039,-0.967039
652,17,0.500233,0.500233
652,18,-0.7397,-0.7397
652,19,-2.58808,-2.58808
652,20,1.43794,1.43794
653,1,2.43369,2.43369
653,2,-0.21932,-0.21932
653,3,-2.34689,-2.34689
653,4,3.0587,3.0587
653,5,1.93409,1.93409
653,6,-2.60959,-2.60959
653,7,-2.56834,-2.56834
653,8,0.858277,0.858277
653,9,-1.14672,-1.14672
653,10,2.60706,2.60706
653,11,0.253327,0.253327
653,12,1.96107,1.96107
653,13,0.74091,0.74091
653,14,-3.22465,-3.22465
653,15,-2.1941,-2.1941
653,16,-1.17916,-1.17916
653,17,0.395237,0.395237
653,18,-0.634096,-0.634096
653,19,-2.44896,-2.44896
653,20,1.5668,1.5668
654,1,2.48154,2.48154
654,2,-0.263692,-0.263692
654,3,-2.2148,-2.2148
654,4,2.9649,2.9649
654,5,1.98398,1.98398
654,6,-2.60638,-2.60638
654,7,-2.66516,-2.66516
654,8,0.93482,0.93482
654,9,-1.17692,-1.17692
654,10,2.54418,2.54418
654,11,0.125737,0.125737
654,12,1.79903,1.79903
654,13,0.709954,0.709954
654,14,-3.26652,-3.26652
654,15,-2.1716,-2.1716
654,16,-1.01712,-1.01712
654,17,0.47765,0.47765
654,18,-0.773083,-0.773083
654,19,-2.49019,-2.49019
654,20,1.61438,1.61438
655,1,2.58361,2.58361
655,2,-0.180477,-0.180477
655,3,-2.16037,-2.16037
655,4,2.94063,2.94063
655,5,1.98757,1.98757
655,6,-2.63222,-2.63222
655,7,-2.51453,-2.51453
655,8,0.74311,0.74311
655,9,-1.14288,-1.14288
655,10,2.6404,2.6404
655,11,0.0884414,0.0884414
655,12,1.80366,1.80366
655,13,0.601394,0.601394
655,14,-3.25257,-3.25257
655,15,-2.18431,-2.18431
655,16,-1.02175,-1.02175
655,17,0.348186,0.348186
655,18,-0.787575,-0.787575
655,19,-2.53006,-2.53006
655,20,1.51231,1.51231
656,1,2.86783,2.86783
656,2,0.0948349,0.0948349
656,3,-1.88949,-1.88949
656,4,2.63021,2.63021
656,5,2.32245,2.32245
656,6,-2.93666,-2.93666
656,7,-2.18897,-2.18897
656,8,0.481453,0.481453
656,9,-0.77605,-0.77605
656,10,2.97346,2.97346
656,11,-0.217873,-0.217873
656,12,1.46825,1.46825
656,13,0.314687,0.314687
656,14,-3.54671,-3.54671
656,15,-2.44269,-2.44269
656,16,-0.686338,-0.686338
656,17,0.0241433,0.0241433
656,18,-1.10611,-1.10611
656,19,-2.94431,-2.94431
656,20,1.23105,1.23105
657,1,3.30121,3.30121
657,2,0.354981,0.354981
657,3,-1.60804,-1.60804
657,4,2.34181,2.34181
657,5,2.84248,2.84248
657,6,-3.37444,-3.37444
657,7,-1.49396,-1.49396
657,8,-0.075431,-0.075431
657,9,-0.224121,-0.224121
657,10,3.52442,3.52442
657,11,-0.531,-0.531
657,12,1.18264,1.18264
657,13,-0.0967159,-0.0967159
657,14,-3.85279,-3.85279
657,15,-2.75883,-2.75883
657,16,-0.400728,-0.400728
657,17,-0.528786,-0.528786
657,18,-1.38735,-1.38735
657,19,-3.71765,-3.71765
657,20,0.924312,0.924312
658,1,2.86401,2.86401
658,2,-0.390548,-0.390548
658,3,-2.2817,-2.2817
658,4,2.95392,2.95392
658,5,2.54837,2.54837
658,6,-2.94798,-2.94798
658,7,-1.67984,-1.67984
658,8,0.405321,0.405321
658,9,-0.518053,-0.518053
658,10,3.22785,3.22785
658,11,0.0430348,0.0430348
658,12,1.74073,1.74073
658,13,0.444098,0.444098
658,14,-3.30396,-3.30396
658,15,-2.15782,-2.15782
658,16,-0.958821,-0.958821
658,17,-0.122274,-0.122274
658,18,-0.773379,-0.773379
658,19,-3.78099,-3.78099
658,20,1.52748,1.52748
659,1,2.62862,2.62862
659,2,-0.592411,-0.592411
659,3,-2.40363,-2.40363
659,4,3.0038,3.0038
659,5,2.03887,2.03887
659,6,-2.74249,-2.74249
659,7,-2.40791,-2.40791
659,8,1.05453,1.05453
659,9,-1.01039,-1.01039
659,10,2.75271,2.75271
659,11,0.0358,0.0358
659,12,1.7624,1.7624
659,13,0.809568,0.809568
659,14,-3.35818,-3.35818
659,15,-2.18178,-2.18178
659,16,-0.98049,-0.98049
659,17,0.48102,0.48102
659,18,-0.699797,-0.699797
659,19,-2.83074,-2.83074
659,20,1.52154,1.52154
660,1,2.4828,2.4828
660,2,-0.246906,-0.246906
660,3,-2.34841,-2.34841
660,4,3.02869,3.02869
660,5,1.91494,1.91494
660,6,-2.65093,-2.65093
660,7,-2.5604,-2.5604
660,8,0.898122,0.898122
660,9,-1.13911,-1.13911
660,10,2.63365,2.63365
660,11,0.192331,0.192331
660,12,1.9195,1.9195
660,13,0.751278,0.751278
660,14,-3.28777,-3.28777
660,15,-2.24527,-2.24527
660,16,-1.13759,-1.13759
660,17,0.417344,0.417344
660,18,-0.652876,-0.652876
660,19,-2.42218,-2.42218
660,20,1.49201,1.49201
661,1,2.44981,2.44981
661,2,-0.240624,-0.240624
661,3,-2.25196,-2.25196
661,4,2.99041,2.99041
661,5,1.98806,1.98806
661,6,-2.60703,-2.60703
661,7,-2.64752,-2.64752
661,8,0.92055,0.92055
661,9,-1.15751,-1.15751
661,10,2.55733,2.55733
661,11,0.173328,0.173328
661,12,1.84345,1.84345
661,13,0.721234,0.721234
661,14,-3.25444,-3.25444
661,15,-2.17664,-2.17664
661,16,-1.06154,-1.06154
661,17,0.451887,0.451887
661,18,-0.737905,-0.737905
661,19,-2.495,-2.495
661,20,1.62021,1.62021
662,1,2.54514,2.54514
662,2,-0.233245,-0.233245
662,3,-2.1867,-2.1867
662,4,2.96692,2.96692
662,5,1.96761,1.96761
662,6,-2.60705,-2.60705
662,7,-2.57432,-2.57432
662,8,0.81038,0.81038
662,9,-1.17997,-1.17997
662,10,2.59009,2.59009
662,11,0.111332,0.111332
662,12,1.82063,1.82063
662,13,0.647914,0.647914
662,14,-3.23821,-3.23821
662,15,-2.16392,-2.16392
662,16,-1.03872,-1.03872
662,17,0.409701,0.409701
662,18,-0.765205,-0.765205
662,19,-2.49731,-2.49731
662,20,1.56331,1.56331
663,1,2.72571,2.72571
663,2,-0.0326492,-0.0326492
663,3,-2.02219,-2.02219
663,4,2.7738,2.7738
663,5,2.15724,2.15724
663,6,-2.78407,-2.78407
663,7,-2.35993,-2.35993
663,8,0.627052,0.627052
663,9,-0.952693,-0.952693
663,10,2.81113,2.81113
663,11,-0.0724708,-0.0724708
663,12,1.61872,1.61872
663,13,0.457107,0.457107
663,14,-3.40527,-3.40527
663,15,-2.30983,-2.30983
663,16,-0.836813,-0.836813
663,17,0.186642,0.186642
663,18,-0.960222,-0.960222
663,19,-2.74336,-2.74336
663,20,1.36175,1.36175
664,1,3.19972,3.19972
664,2,0.337386,0.337386
664,3,-1.63443,-1.63443
664,4,2.37212,2.37212
664,5,2.69301,2.69301
664,6,-3.2738,-3.2738
664,7,-1.71474,-1.71474
664,8,0.0728172,0.0728172
664,9,-0.379835,-0.379835
664,10,3.36671,3.36671
664,11,-0.492114,-0.492114
664,12,1.21573,1.21573
664,13,-0.00864217,-0.00864217
664,14,-3.81307,-3.81307
664,15,-2.71861,-2.71861
664,16,-0.433821,-0.433821
664,17,-0.378099,-0.378099
664,18,-1.35899,-1.35899
664,19,-3.44257,-3.44257
664,20,0.962426,0.962426
665,1,3.12583,3.12583
665,2,-0.0207288,-0.0207288
665,3,-1.95265,-1.95265
665,4,2.65355,2.65355
665,5,2.791,2.791
665,6,-3.20482,-3.20482
665,7,-1.44823,-1.44823
665,8,0.0800442,0.0800442
665,9,-0.275902,-0.275902
665,10,3.46986,3.46986
665,11,-0.236172,-0.236172
665,12,1.46419,1.46419
665,13,0.13154,0.13154
665,14,-3.57366,-3.57366
665,15,-2.45202,-2.45202
665,16,-0.682283,-0.682283
665,17,-0.417295,-0.417295
665,18,-1.07576,-1.07576
665,19,-3.94667,-3.94667
665,20,1.23167,1.23167
666,1,2.63959,2.63959
666,2,-0.683137,-0.683137
666,3,-2.48829,-2.48829
666,4,3.10459,3.10459
666,5,2.18284,2.18284
666,6,-2.73936,-2.73936
666,7,-2.15412,-2.15412
666,8,0.898997,0.898997
666,9,-0.874183,-0.874183
666,10,2.8802,2.8802
666,11,0.142608,0.142608
666,12,1.85768,1.85768
666,13,0.775773,0.775773
666,14,-3.2276,-3.2276
666,15,-2.04604,-2.04604
666,16,-1.07577,-1.07577
666,17,0.330162,0.330162
666,18,-0.609974,-0.609974
666,19,-3.23003,-3.23003
666,20,1.65093,1.65093
667,1,2.57182,2.57182
667,2,-0.343704,-0.343704
667,3,-2.32307,-2.32307
667,4,2.95514,2.95514
667,5,1.93189,1.93189
667,6,-2.72096,-2.72096
667,7,-2.56671,-2.56671
667,8,1.0121,1.0121
667,9,-1.11198,-1.11198
667,10,2.66521,2.66521
667,11,0.0553075,0.0553075
667,12,1.78956,1.78956
667,13,0.771249,0.771249
667,14,-3.40057,-3.40057
667,15,-2.30097,-2.30097
667,16,-1.00765,-1.00765
667,17,0.48473,0.48473
667,18,-0.728747,-0.728747
667,19,-2.46469,-2.46469
667,20,1.41807,1.41807
668,1,2.42526,2.42526
668,2,-0.21077,-0.21077
668,3,-2.31666,-2.31666
668,4,3.04549,3.04549
668,5,1.96338,1.96338
668,6,-2.6031,-2.6031
668,7,-2.58557,-2.58557
668,8,0.855923,0.855923
668,9,-1.14449,-1.14449
668,10,2.59108,2.59108
668,11,0.24827,0.24827
668,12,1.93961,1.93961
668,13,0.727802,0.727802
668,14,-3.2193,-3.2193
668,15,-2.18119,-2.18119
668,16,-1.1577,-1.1577
668,17,0.397126,0.397126
668,18,-0.659886,-0.659886
668,19,-2.4771,-2.4771
668,20,1.60204,1.60204
669,1,2.51013,2.51013
669,2,-0.265609,-0.265609
669,3,-2.19652,-2.19652
669,4,2.95945,2.95945
669,5,1.98305,1.98305
669,6,-2.6072,-2.6072
669,7,-2.64241,-2.64241
669,8,0.904756,0.904756
669,9,-1.18248,-1.18248
669,10,2.55437,2.55437
669,11,0.108759,0.108759
669,12,1.79222,1.79222
669,13,0.689527,0.689527
669,14,-3.26174,-3.26174
669,15,-2.16686,-2.16686
669,16,-1.01031,-1.01031
669,17,0.467325,0.467325
669,18,-0.780375,-0.780375
669,19,-2.49936,-2.49936
669,20,1.60161,1.60161
670,1,2.62595,2.62595
670,2,-0.135789,-0.135789
670,3,-2.12413,-2.12413
670,4,2.89631,2.89631
670,5,2.03043,2.03043
670,6,-2.67223,-2.67223
670,7,-2.46388,-2.46388
670,8,0.70211,0.70211
670,9,-1.0904,-1.0904
670,10,2.69305,2.69305
670,11,0.0458693,0.0458693
670,12,1.75676,1.75676
670,13,0.557952,0.557952
670,14,-3.29026,-3.29026
670,15,-2.21565,-2.21565
670,16,-0.974848,-0.974848
670,17,0.297135,0.297135
670,18,-0.832102,-0.832102
670,19,-2.58856,-2.58856
670,20,1.46408,1.46408
671,1,2.99066,2.99066
671,2,0.194346,0.194346
671,3,-1.78659,-1.78659
671,4,2.52278,2.52278
671,5,2.45915,2.45915
671,6,-3.06458,-3.06458
671,7,-2.02577,-2.02577
671,8,0.33975,0.33975
671,9,-0.628603,-0.628603
671,10,3.11601,3.11601
671,11,-0.329808,-0.329808
671,12,1.36084,1.36084
671,13,0.193732,0.193732
671,14,-3.65582,-3.65582
671,15,-2.55217,-2.55217
671,16,-0.578936,-0.578936
671,17,-0.120864,-0.120864
671,18,-1.21253,-1.21253
671,19,-3.1183,-3.1183
671,20,1.12369,1.12369
672,1,3.33072,3.33072
672,2,0.314005,0.314005
672,3,-1.64095,-1.64095
672,4,2.36617,2.36617
672,5,2.91842,2.91842
672,6,-3.40585,-3.40585
672,7,-1.37333,-1.37333
672,8,-0.12682,-0.12682
672,9,-0.146576,-0.146576
672,10,3.60139,3.60139
672,11,-0.512116,-0.512116
672,12,1.19944,1.19944
672,13,-0.111295,-0.111295
672,14,-3.83861,-3.83861
672,15,-2.73891,-2.73891
672,16,-0.41753,-0.41753
672,17,-0.591419,-0.591419
672,18,-1.36257,-1.36257
672,19,-3.89928,-3.89928
672,20,0.945744,0.945744
673,1,2.72981,2.72981
673,2,-0.593517,-0.593517
673,3,-2.44964,-2.44964
673,4,3.10003,3.10003
673,5,2.40376,2.40376
673,6,-2.81864,-2.81864
673,7,-1.83026,-1.83026
673,8,0.606921,0.606921
673,9,-0.660911,-0.660911
673,10,3.08688,3.08688
673,11,0.169869,0.169869
673,12,1.87088,1.87088
673,13,0.620048,0.620048
673,14,-3.18497,-3.18497
673,15,-2.0223,-2.0223
673,16,-1.08897,-1.08897
673,17,0.0603687,0.0603687
673,18,-0.623889,-0.623889
673,19,-3.65105,-3.65105
673,20,1.66671,1.66671
674,1,2.6331,2.6331
674,2,-0.505758,-0.505758
674,3,-2.3446,-2.3446
674,4,2.94009,2.94009
674,5,1.98201,1.98201
674,6,-2.75915,-2.75915
674,7,-2.51772,-2.51772
674,8,1.10052,1.10052
674,9,-1.06343,-1.06343
674,10,2.7063,2.7063
674,11,-0.0209179,-0.0209179
674,12,1.71128,1.71128
674,13,0.804348,0.804348
674,14,-3.43683,-3.43683
674,15,-2.27309,-2.27309
674,16,-0.929374,-0.929374
674,17,0.529473,0.529473
674,18,-0.755298,-0.755298
674,19,-2.63312,-2.63312
674,20,1.43514,1.43514
675,1,2.43933,2.43933
675,2,-0.206653,-0.206653
675,3,-2.35961,-2.35961
675,4,3.06613,3.06613
675,5,1.92517,1.92517
675,6,-2.61906,-2.61906
675,7,-2.54554,-2.54554
675,8,0.836672,0.836672
675,9,-1.1415,-1.1415
675,10,2.62386,2.62386
675,11,0.261958,0.261958
675,12,1.98138,1.98138
675,13,0.73841,0.73841
675,14,-3.22888,-3.22888
675,15,-2.21119,-2.21119
675,16,-1.19947,-1.19947
675,17,0.378355,0.378355
675,18,-0.617296,-0.617296
675,19,-2.43458,-2.43458
675,20,1.54266,1.54266
676,1,2.4713,2.4713
676,2,-0.262965,-0.262965
676,3,-2.21826,-2.21826
676,4,2.96179,2.96179
676,5,1.99985,1.99985
676,6,-2.61178,-2.61178
676,7,-2.67378,-2.67378
676,8,0.953109,0.953109
676,9,-1.166,-1.166
676,10,2.54367,2.54367
676,11,0.129328,0.129328
676,12,1.79221,1.79221
676,13,0.717081,0.717081
676,14,-3.27507,-3.27507
676,15,-2.17593,-2.17593
676,16,-1.0103,-1.0103
676,17,0.482479,0.482479
676,18,-0.777678,-0.777678
676,19,-2.50661,-2.50661
676,20,1.62377,1.62377
677,1,2.5603,2.5603
677,2,-0.215045,-0.215045
677,3,-2.18593,-2.18593
677,4,2.97216,2.97216
677,5,1.95922,1.95922
677,6,-2.6064,-2.6064
677,7,-2.53893,-2.53893
677,8,0.763855,0.763855
677,9,-1.17712,-1.17712
677,10,2.61027,2.61027
677,11,0.116052,0.116052
677,12,1.83748,1.83748
677,13,0.628473,0.628473
677,14,-3.22543,-3.22543
677,15,-2.16151,-2.16151
677,16,-1.05557,-1.05557
677,17,0.379318,0.379318
677,18,-0.755097,-0.755097
677,19,-2.49684,-2.49684
677,20,1.5422,1.5422
678,1,2.78498,2.78498
678,2,0.028063,0.028063
678,3,-1.96052,-1.96052
678,4,2.70101,2.70101
678,5,2.2316,2.2316
678,6,-2.85197,-2.85197
678,7,-2.29884,-2.29884
678,8,0.580978,0.580978
678,9,-0.872338,-0.872338
678,10,2.87959,2.87959
678,11,-0.143731,-0.143731
678,12,1.53791,1.53791
678,13,0.397431,0.397431
678,14,-3.4754,-3.4754
678,15,-2.36949,-2.36949
678,16,-0.756005,-0.756005
678,17,0.121993,0.121993
678,18,-1.03588,-1.03588
678,19,-2.83031,-2.83031
678,20,1.30096,1.30096
679,1,3.3104,3.3104
679,2,0.411208,0.411208
679,3,-1.55723,-1.55723
679,4,2.29656,2.29656
679,5,2.82051,2.82051
679,6,-3.38411,-3.38411
679,7,-1.54398,-1.54398
679,8,-0.0720201,-0.0720201
679,9,-0.245869,-0.245869
679,10,3.50253,3.50253
679,11,-0.57304,-0.57304
679,12,1.1433,1.1433
679,13,-0.116069,-0.116069
679,14,-3.89249,-3.89249
679,15,-2.8036,-2.8036
679,16,-0.361388,-0.361388
679,17,-0.517305,-0.517305
679,18,-1.43236,-1.43236
679,19,-3.6239,-3.6239
679,20,0.880525,0.880525
680,1,3.0092,3.0092
680,2,-0.210863,-0.210863
680,3,-2.12649,-2.12649
680,4,2.81336,2.81336
680,5,2.71444,2.71444
680,6,-3.09018,-3.09018
680,7,-1.49939,-1.49939
680,8,0.203641,0.203641
680,9,-0.354255,-0.354255
680,10,3.39025,3.39025
680,11,-0.0838994,-0.0838994
680,12,1.6105,1.6105
680,13,0.271045,0.271045
680,14,-3.42697,-3.42697
680,15,-2.29181,-2.29181
680,16,-0.82859,-0.82859
680,17,-0.31205,-0.31205
680,18,-0.916352,-0.916352
680,19,-3.9623,-3.9623
680,20,1.39167,1.39167
681,1,2.63923,2.63923
681,2,-0.677334,-0.677334
681,3,-2.45815,-2.45815
681,4,3.05655,3.05655
681,5,2.1087,2.1087
681,6,-2.74487,-2.74487
681,7,-2.28443,-2.28443
681,8,1.0076,1.0076
681,9,-0.943712,-0.943712
681,10,2.81516,2.81516
681,11,0.0782687,0.0782687
681,12,1.8016,1.8016
681,13,0.810234,0.810234
681,14,-3.30092,-3.30092
681,15,-2.11074,-2.11074
681,16,-1.01969,-1.01969
681,17,0.427989,0.427989
681,18,-0.652446,-0.652446
681,19,-3.04139,-3.04139
681,20,1.58987,1.58987
682,1,2.52544,2.52544
682,2,-0.286601,-0.286601
682,3,-2.34324,-2.34324
682,4,2.99597,2.99597
682,5,1.91508,1.91508
682,6,-2.6877,-2.6877
682,7,-2.56339,-2.56339
682,8,0.9535,0.9535
682,9,-1.12859,-1.12859
682,10,2.65166,2.65166
682,11,0.130527,0.130527
682,12,1.86493,1.86493
682,13,0.764127,0.764127
682,14,-3.34693,-3.34693
682,15,-2.28233,-2.28233
682,16,-1.08302,-1.08302
682,17,0.449958,0.449958
682,18,-0.682145,-0.682145
682,19,-2.42559,-2.42559
682,20,1.44334,1.44334
683,1,2.42233,2.42233
683,2,-0.232056,-0.232056
683,3,-2.29264,-2.29264
683,4,3.02526,3.02526
683,5,1.9738,1.9738
683,6,-2.59801,-2.59801
683,7,-2.63119,-2.63119
683,8,0.902954,0.902954
683,9,-1.15675,-1.15675
683,10,2.56284,2.56284
683,11,0.222096,0.222096
683,12,1.89852,1.89852
683,13,0.735699,0.735699
683,14,-3.23154,-3.23154
683,15,-2.17308,-2.17308
683,16,-1.11662,-1.11662
683,17,0.435618,0.435618
683,18,-0.692326,-0.692326
683,19,-2.48041,-2.48041
683,20,1.6258,1.6258
684,1,2.52022,2.52022
684,2,-0.257982,-0.257982
684,3,-2.19564,-2.19564
684,4,2.97105,2.97105
684,5,1.96217,1.96217
684,6,-2.59702,-2.59702
684,7,-2.62498,-2.62498
684,8,0.867969,0.867969
684,9,-1.19888,-1.19888
684,10,2.55689,2.55689
684,11,0.116423,0.116423
684,12,1.81484,1.81484
684,13,0.677547,0.677547
684,14,-3.24297,-3.24297
684,15,-2.16002,-2.16002
684,16,-1.03293,-1.03293
684,17,0.454315,0.454315
684,18,-0.765103,-0.765103
684,19,-2.47597,-2.47597
684,20,1.59042,1.59042
685,1,2.64168,2.64168
685,2,-0.108629,-0.108629
685,3,-2.10148,-2.10148
685,4,2.86503,2.86503
685,5,2.0576,2.0576
685,6,-2.69233,-2.69233
685,7,-2.453,-2.453
685,8,0.698632,0.698632
685,9,-1.06,-1.06
685,10,2.7152,2.7152
685,11,0.019246,0.019246
685,12,1.71872,1.71872
685,13,0.53855,0.53855
685,14,-3.31528,-3.31528
685,15,-2.23066,-2.23066
685,16,-0.936814,-0.936814
685,17,0.277407,0.277407
685,18,-0.866493,-0.866493
685,19,-2.62174,-2.62174
685,20,1.44253,1.44253
686,1,3.07022,3.07022
686,2,0.257453,0.257453
686,3,-1.71858,-1.71858
686,4,2.4572,2.4572
686,5,2.53809,2.53809
686,6,-3.14368,-3.14368
686,7,-1.92093,-1.92093
686,8,0.239521,0.239521
686,9,-0.542029,-0.542029
686,10,3.20274,3.20274
686,11,-0.400847,-0.400847
686,12,1.29889,1.29889
686,13,0.11442,0.11442
686,14,-3.72165,-3.72165
686,15,-2.62304,-2.62304
686,16,-0.516982,-0.516982
686,17,-0.21418,-0.21418
686,18,-1.27657,-1.27657
686,19,-3.21485,-3.21485
686,20,1.05504,1.05504
687,1,3.32888,3.32888
687,2,0.273561,0.273561
687,3,-1.6806,-1.6806
687,4,2.39961,2.39961
687,5,2.9495,2.9495
687,6,-3.40428,-3.40428
687,7,-1.31975,-1.31975
687,8,-0.135918,-0.135918
687,9,-0.115976,-0.115976
687,10,3.631,3.631
687,11,-0.479206,-0.479206
687,12,1.22636,1.22636
687,13,-0.101791,-0.101791
687,14,-3.80923,-3.80923
687,15,-2.7037,-2.7037
687,16,-0.444449,-0.444449
687,17,-0.611506,-0.611506
687,18,-1.33002,-1.33002
687,19,-3.99916,-3.99916
687,20,0.978781,0.978781
688,1,2.67559,2.67559
688,2,-0.68697,-0.68697
688,3,-2.51648,-2.51648
688,4,3.15379,3.15379
688,5,2.332,2.332
688,6,-2.76723,-2.76723
688,7,-1.90992,-1.90992
688,8,0.709309,0.709309
688,9,-0.729769,-0.729769
688,10,3.01887,3.01887
688,11,0.209203,0.209203
688,12,1.91523,1.91523
688,13,0.700844,0.700844
688,14,-3.14774,-3.14774
688,15,-1.97492,-1.97492
688,16,-1.13332,-1.13332
688,17,0.153208,0.153208
688,18,-0.567737,-0.567737
688,19,-3.57173,-3.57173
688,20,1.71712,1.71712
689,1,2.63402,2.63402
689,2,-0.45293,-0.45293
689,3,-2.31953,-2.31953
689,4,2.91493,2.91493
689,5,1.96025,1.96025
689,6,-2.76704,-2.76704
689,7,-2.55701,-2.55701
689,8,1.10601,1.10601
689,9,-1.08232,-1.08232
689,10,2.69195,2.69195
689,11,-0.0372385,-0.0372385
689,12,1.69714,1.69714
689,13,0.795963,0.795963
689,14,-3.46752,-3.46752
689,15,-2.31526,-2.31526
689,16,-0.915234,-0.915234
689,17,0.538315,0.538315
689,18,-0.775456,-0.775456
689,19,-2.54911,-2.54911
689,20,1.39415,1.39415
690,1,2.41511,2.41511
690,2,-0.200246,-0.200246
690,3,-2.36727,-2.36727
690,4,3.08486,3.08486
690,5,1.93023,1.93023
690,6,-2.6016,-2.6016
690,7,-2.54636,-2.54636
690,8,0.820829,0.820829
690,9,-1.14518,-1.14518
690,10,2.61328,2.61328
690,11,0.293594,0.293594
690,12,2.00722,2.00722
690,13,0.739146,0.739146
690,14,-3.20074,-3.20074
690,15,-2.19017,-2.19017
690,16,-1.22531,-1.22531
690,17,0.369948,0.369948
690,18,-0.601129,-0.601129
690,19,-2.44332,-2.44332
690,20,1.57524,1.57524
691,1,2.48512,2.48512
691,2,-0.26939,-0.26939
691,3,-2.20035,-2.20035
691,4,2.94753,2.94753
691,5,2.0019,2.0019
691,6,-2.61503,-2.61503
691,7,-2.68474,-2.68474
691,8,0.963724,0.963724
691,9,-1.17264,-1.17264
691,10,2.53819,2.53819
691,11,0.106988,0.106988
691,12,1.7693,1.7693
691,13,0.712594,0.712594
691,14,-3.28626,-3.28626
691,15,-2.1795,-2.1795
691,16,-0.987396,-0.987396
691,17,0.495594,0.495594
691,18,-0.796052,-0.796052
691,19,-2.50442,-2.50442
691,20,1.61908,1.61908
692,1,2.55831,2.55831
692,2,-0.211388,-0.211388
692,3,-2.19308,-2.19308
692,4,2.98134,2.98134
692,5,1.95101,1.95101
692,6,-2.5988,-2.5988
692,7,-2.52921,-2.52921
692,8,0.749486,0.749486
692,9,-1.18031,-1.18031
692,10,2.61369,2.61369
692,11,0.127041,0.127041
692,12,1.85194,1.85194
692,13,0.626148,0.626148
692,14,-3.21177,-3.21177
692,15,-2.152,-2.152
692,16,-1.07003,-1.07003
692,17,0.37047,0.37047
692,18,-0.744002,-0.744002
692,19,-2.49385,-2.49385
692,20,1.54086,1.54086
693,1,2.81171,2.81171
693,2,0.055075,0.055075
693,3,-1.93001,-1.93001
693,4,2.66578,2.66578
693,5,2.261,2.261
693,6,-2.8823,-2.8823
693,7,-2.27769,-2.27769
693,8,0.563943,0.563943
693,9,-0.840109,-0.840109
693,10,2.90611,2.90611
693,11,-0.179719,-0.179719
693,12,1.49869,1.49869
693,13,0.37159,0.37159
693,14,-3.50962,-3.50962
693,15,-2.39883,-2.39883
693,16,-0.716782,-0.716782
693,17,0.0973545,0.0973545
693,18,-1.07253,-1.07253
693,19,-2.85967,-2.85967
693,20,1.27199,1.27199
694,1,3.35952,3.35952
694,2,0.448703,0.448703
694,3,-1.52234,-1.52234
694,4,2.26356,2.26356
694,5,2.87773,2.87773
694,6,-3.43258,-3.43258
694,7,-1.46593,-1.46593
694,8,-0.141097,-0.141097
694,9,-0.185677,-0.185677
694,10,3.56426,3.56426
694,11,-0.606735,-0.606735
694,12,1.11304,1.11304
694,13,-0.166227,-0.166227
694,14,-3.92601,-3.92601
694,15,-2.8411,-2.8411
694,16,-0.331136,-0.331136
694,17,-0.582885,-0.582885
694,18,-1.46427,-1.46427
694,19,-3.70499,-3.70499
694,20,0.84344,0.84344
695,1,2.97299,2.97299
695,2,-0.281644,-0.281644
695,3,-2.18745,-2.18745
695,4,2.86793,2.86793
695,5,2.69705,2.69705
695,6,-3.05491,-3.05491
695,7,-1.50702,-1.50702
695,8,0.244392,0.244392
695,9,-0.37281,-0.37281
695,10,3.37008,3.37008
695,11,-0.0332207,-0.0332207
695,12,1.65803,1.65803
695,13,0.317708,0.317708
695,14,-3.3777,-3.3777
695,15,-2.23526,-2.23526
695,16,-0.876119,-0.876119
695,17,-0.280138,-0.280138
695,18,-0.862483,-0.862483
695,19,-3.98705,-3.98705
695,20,1.44861,1.44861
696,1,2.62928,2.62928
696,2,-0.691922,-0.691922
696,3,-2.46221,-2.46221
696,4,3.05285,3.05285
696,5,2.07076,2.07076
696,6,-2.73662,-2.73662
696,7,-2.33871,-2.33871
696,8,1.05865,1.05865
696,9,-0.97901,-0.97901
696,10,2.7827,2.7827
696,11,0.0668915,0.0668915
696,12,1.79465,1.79465
696,13,0.835793,0.835793
696,14,-3.31582,-3.31582
696,15,-2.12229,-2.12229
696,16,-1.01274,-1.01274
696,17,0.474893,0.474893
696,18,-0.653459,-0.653459
696,19,-2.96599,-2.96599
696,20,1.57899,1.57899
697,1,2.52083,2.52083
697,2,-0.248423,-0.248423
697,3,-2.33429,-2.33429
697,4,2.9929,2.9929
697,5,1.91703,1.91703
697,6,-2.68943,-2.68943
697,7,-2.56044,-2.56044
697,8,0.927521,0.927521
697,9,-1.12627,-1.12627
697,10,2.65492,2.65492
697,11,0.140251,0.140251
697,12,1.8742,1.8742
697,13,0.750353,0.750353
697,14,-3.34708,-3.34708
697,15,-2.2949,-2.2949
697,16,-1.09229,-1.09229
697,17,0.430909,0.430909
697,18,-0.682699,-0.682699
697,19,-2.40883,-2.40883
697,20,1.43365,1.43365
698,1,2.4114,2.4114
698,2,-0.247967,-0.247967
698,3,-2.29672,-2.29672
698,4,3.03304,3.03304
698,5,1.97624,1.97624
698,6,-2.58739,-2.58739
698,7,-2.64195,-2.64195
698,8,0.914962,0.914962
698,9,-1.16302,-1.16302
698,10,2.55059,2.55059
698,11,0.230125,0.230125
698,12,1.90148,1.90148
698,13,0.743904,0.743904
698,14,-3.21961,-3.21961
698,15,-2.15661,-2.15661
698,16,-1.11957,-1.11957
698,17,0.4472,0.4472
698,18,-0.688704,-0.688704
698,19,-2.48993,-2.48993
698,20,1.64955,1.64955
699,1,2.53029,2.53029
699,2,-0.255274,-0.255274
699,3,-2.18704,-2.18704
699,4,2.96501,2.96501
699,5,1.95644,1.95644
699,6,-2.59875,-2.59875
699,7,-2.62623,-2.62623
699,8,0.864659,0.864659
699,9,-1.20511,-1.20511
699,10,2.55679,2.55679
699,11,0.106032,0.106032
699,12,1.80853,1.80853
699,13,0.672348,0.672348
699,14,-3.248,-3.248
699,15,-2.16523,-2.16523
699,16,-1.02662,-1.02662
699,17,0.456604,0.456604
699,18,-0.770862,-0.770862
699,19,-2.46389,-2.46389
699,20,1.57916,1.57916
