t,predict_test,teacher
501,0.0376062,-0.871504,0.826482
502,-0.0666703,-0.897167,1.51621
503,0.1219,-0.918112,2.59783
504,0.34174,0.966915,2.98868
505,0.327995,-0.323771,3.41348
506,0.0459148,0.700105,3.84144
507,-0.192319,-0.673516,4.07299
508,-0.122986,0.996646,5.32657
509,0.402193,-0.940362,7.12902
510,0.316564,0.944651,7.52352
511,-0.289582,0.102098,7.67693
512,0.134806,-0.748,8.45628
513,-0.0265225,-0.654848,8.85107
514,-0.099215,-0.935808,9.55096
515,-0.0165508,0.472826,9.79045
516,0.093736,-0.939102,10.8572
517,0.12563,0.819782,11.339
518,-0.0958255,0.998229,12.536
519,-0.214506,0.52925,13.0892
520,0.269284,0.296849,13.0899
521,-0.100197,-0.808604,13.5918
522,0.00431066,-0.930179,14.465
523,0.174161,-0.091996,14.5359
524,0.0246948,0.945656,15.3841
525,0.24085,0.6097,15.5201
526,-0.0506769,-0.954345,16.3367
527,0.00510793,-0.127988,16.3544
528,0.184441,0.87338,16.8291
529,-0.0867711,-0.325043,16.8858
530,0.129868,0.998391,17.6402
531,-0.084291,0.977658,18.7679
532,-0.162637,-0.555597,18.9223
533,-0.282089,-0.744279,19.136
534,0.125328,0.684879,19.449
535,0.0664668,-0.999992,20.5864
536,-0.16646,-0.624645,20.7963
537,-0.220102,-0.956066,21.338
538,0.138662,-0.153886,21.4235
539,0.194798,-0.7699,22.3542
540,0.0787085,0.361172,22.434
541,0.20336,-0.00972093,22.4794
542,-0.0287065,-0.209633,22.5121
543,-0.1682,0.880048,23.6109
544,0.0318189,0.988773,24.5267
545,-0.317196,0.692187,25.5455
546,-0.116976,-0.811792,26.0283
547,-0.140659,-0.962205,26.7033
548,0.25508,-0.190386,26.9017
549,0.10374,-0.490578,27.2549
550,0.0768708,0.120538,27.2568
551,0.0284712,0.544636,27.5232
552,-0.0655058,-0.0899016,27.5238
553,-0.194339,-0.129991,27.528
554,-0.152647,-0.237033,27.5351
555,0.0680517,-0.347248,27.7076
556,0.196796,0.982384,28.3247
557,-0.128279,-0.866033,28.869
558,-0.19061,0.844538,29.9405
559,-0.203209,0.557713,30.5195
560,-0.271352,0.922711,31.9453
561,0.0243843,-0.797319,32.6205
562,0.238851,-0.992799,34.1375
563,0.0881957,-0.990947,35.302
564,-0.186652,-0.627758,35.4966
565,-0.057231,-0.741297,35.9645
566,-0.291501,-0.167032,35.98
567,-0.200333,-0.133266,35.9845
568,-0.103453,0.97451,37.1465
569,0.0941214,0.934551,37.8529
570,0.126316,-0.299347,38.0341
571,0.0522803,-0.650331,38.5277
572,-0.0213188,-0.916344,39.3288
573,0.170212,0.669769,39.5783
574,-0.314837,-0.288803,39.579
575,0.049056,0.719462,40.0285
576,0.0526469,0.9212,40.7829
577,0.178247,-0.661053,41.4873
578,0.272379,0.567364,41.5743
579,-0.0638569,-0.735389,42.0252
580,-0.0183149,-0.945323,42.8846
581,-0.0681456,-0.0085615,42.8881
582,0.166195,0.894992,43.4193
583,-0.0473332,-0.938231,44.213
584,0.336805,0.3942,44.2163
585,0.0901254,0.975901,45.0009
586,-0.162954,-0.495951,45.1118
587,-0.116047,-0.473257,45.2394
588,-0.0735569,-0.970673,46.0442
589,0.292805,0.989849,46.5301
590,0.0191295,0.649464,46.9274
591,-0.0194846,-0.174509,46.9514
592,0.0327379,-0.762987,47.5846
593,0.392695,0.50795,47.5979
594,0.162922,0.526619,47.7301
595,0.0672678,-0.918144,48.7012
596,0.0311073,0.743009,49.208
597,0.0935579,-0.999932,50.4037
598,0.283997,-0.88644,51.7736
599,0.111394,0.915929,52.4209
600,0.111803,0.900991,53.0437
601,-0.168778,-0.283,53.0568
602,-0.175852,-0.453897,53.1341
603,0.0732893,-0.981326,54.2463
604,0.113001,-0.992098,55.4675
605,0.276468,-0.818769,56.6671
606,0.172135,0.945665,57.2654
607,0.0604021,-0.28063,57.3817
608,-0.0860938,0.423943,57.6419
609,-0.0930554,-0.999222,58.463
610,0.250856,-0.308669,58.7761
611,0.161712,0.227821,58.7804
612,0.0396621,-0.965582,59.791
613,-0.0727246,-0.306785,59.8457
614,-0.209721,0.53047,60.3936
615,0.0995777,-0.892263,61.3774
616,-0.0538422,-0.0900724,61.3787
617,-0.000925663,-0.678874,61.8383
618,0.0551715,-0.716676,62.434
619,-0.0912525,-0.83944,62.9938
620,0.119161,0.922798,63.6397
621,0.547365,-0.548558,64.8407
622,0.0447305,0.479037,65.0293
623,-0.137613,-0.651773,65.2937
624,0.0776724,0.282436,65.3356
625,-0.17913,0.987461,66.6966
626,-0.0466188,-0.806914,67.2746
627,-0.205099,-0.232616,67.2754
628,-0.115205,0.921784,68.3507
629,0.0620607,-0.213776,68.4268
630,-0.0450823,0.995822,69.5103
631,0.099572,0.0712521,69.5111
632,0.0236463,-0.642059,69.9542
633,0.246838,0.999938,70.5214
634,-0.12103,-0.635054,70.7856
635,0.0226822,-0.185337,70.8289
636,-0.140537,0.995228,72.1189
637,-0.0558207,0.426876,72.3519
638,-0.0998095,-0.896184,72.9861
639,-0.000963987,-0.945598,73.8784
640,0.0478924,0.338248,73.9627
641,0.132939,0.879983,74.5208
642,0.0812646,0.156661,74.5265
643,0.353262,0.259063,74.5353
644,-0.237287,-0.713815,74.7624
645,-0.247096,-0.770168,75.036
646,0.0137524,0.619333,75.4027
647,-0.228216,-0.753066,75.6782
648,0.0509721,0.845602,76.3097
649,-0.0580526,-0.900694,77.0197
650,-0.397041,0.220614,77.4012
651,-0.183477,0.0220394,77.4434
652,-0.0396016,0.12265,77.4698
653,-0.0961366,-0.897554,78.112
654,0.0416523,0.0278897,78.1122
655,0.345078,0.905919,78.4268
656,0.420498,0.997578,78.7598
657,0.126641,0.514345,78.9101
658,-0.1776,-0.218945,78.9118
659,0.0842568,0.991948,79.7357
660,0.0227096,0.768256,80.2915
661,-0.00248197,-0.203477,80.3319
662,0.0375617,0.997197,81.2528
663,-0.214974,0.46233,81.7116
664,0.0403264,-0.999627,82.7931
665,0.0463707,-0.924856,83.7364
666,-0.151529,0.36066,83.9987
667,-0.0437594,0.238372,84.0783
668,-0.186918,-0.586264,84.2378
669,-0.035644,0.534842,84.5632
670,0.244584,-0.948397,85.9864
671,-0.185622,-0.964929,86.5938
672,-0.0921259,0.0977164,86.6298
673,0.121269,-0.662235,87.2437
674,-0.0853748,0.998885,88.4193
675,-0.150247,-0.640987,88.6601
676,-0.0633765,0.238586,88.7513
677,-0.284968,-0.970388,89.2211
678,0.206212,0.509642,89.3132
679,-0.0614942,-0.538863,89.5411
680,0.179971,0.928367,90.1012
681,0.25198,0.941774,90.577
682,0.0302563,0.205012,90.6075
683,-0.104721,0.588404,91.0879
684,-0.117067,-0.0734158,91.0898
685,0.217633,0.897322,91.5518
686,0.00480384,0.773195,92.1422
687,-0.0574806,-0.287154,92.195
688,-0.203599,0.692368,92.9977
689,0.0131826,0.612508,93.3569
690,0.0452742,-0.999894,94.4493
691,-0.0854013,0.947228,95.5156
692,0.162559,0.646493,95.7498
693,-0.127481,0.358754,95.9863
694,0.293475,-0.579444,96.7482
695,0.374917,-0.515999,97.542
696,-0.241956,-0.621658,97.6861
697,-0.166465,-0.195095,97.687
698,-0.121011,0.920927,98.7726
699,0.248535,0.806484,99.0839
700,0.173602,-0.98448,100.425
701,-0.0184625,0.954398,101.372
702,-0.300383,-0.956564,101.802
703,0.180435,-0.942002,103.062
704,-0.0769783,0.920504,104.057
705,-0.140296,0.646248,104.676
706,-0.0192122,-0.880228,105.417
707,0.203158,0.504265,105.508
708,-0.189924,-0.493271,105.6
709,-0.227279,-0.662993,105.789
710,-0.220812,0.692586,106.624
711,0.0460486,-0.331766,106.767
712,0.00087075,0.970128,107.706
713,-0.0594138,0.91359,108.653
714,-0.0272881,-0.300173,108.727
715,-0.128547,-0.103891,108.728
716,-0.196563,0.995727,110.149
717,-0.114523,0.309655,110.329
718,-0.0239342,-0.759797,110.871
719,0.0155217,-0.997343,111.897
720,0.00447832,0.920983,112.737
721,-0.179844,-0.0312508,112.759
722,-0.146007,-0.873753,113.288
723,0.208807,-0.94084,114.61
724,-0.240691,0.686366,115.469
725,-0.176792,-0.788503,115.844
726,0.290227,0.866267,116.175
727,0.183217,-0.565137,116.735
728,-0.114224,-0.71747,117.099
729,0.0114809,-0.770537,117.711
730,-0.182735,0.435722,118.093
731,0.365649,0.843339,118.322
732,-0.171976,0.967942,119.621
733,-0.104961,-0.340521,119.677
734,0.178736,0.917671,120.223
735,0.234085,-0.116651,120.346
736,0.0167302,-0.930097,121.242
737,0.0917857,0.982471,122.035
738,0.308823,0.773683,122.251
739,0.258044,0.927361,122.699
740,-0.0423054,0.986447,123.758
741,0.235163,0.114516,123.772
742,-0.171645,0.943355,125.016
743,-0.230377,-0.64394,125.187
744,0.089202,-0.443113,125.47
745,0.289641,-0.997656,127.127
746,-0.19868,-0.192433,127.127
747,-0.42983,-0.999227,127.451
748,0.293326,0.14068,127.475
749,-0.129234,0.998976,128.747
750,-0.0890776,0.183066,128.822
751,0.0279642,0.2843,128.887
752,-0.191006,-0.158872,128.888
753,-0.17184,0.997242,130.255
754,-0.0385051,0.999016,131.332
755,0.0652549,0.451055,131.48
756,0.222334,0.347008,131.496
757,-0.104524,-0.28129,131.527
758,-0.00420072,0.936875,132.413
759,-0.209245,-0.855766,132.831
760,-0.156513,0.994308,134.155
761,0.213914,0.176689,134.157
762,0.0542331,0.959934,134.977
763,0.0866951,0.715901,135.373
764,0.230207,0.2397,135.373
765,0.148015,0.783394,135.777
766,0.322436,0.990421,136.223
767,0.30742,-0.705473,137.249
768,-0.0632428,-0.886268,137.926
769,0.133279,0.984607,138.651
770,-0.114888,-0.744167,139.047
771,-0.179766,0.966644,140.361
772,-0.0669275,-0.0858838,140.361
773,0.379242,-0.99466,142.249
774,0.162639,0.478987,142.349
775,0.0352669,-0.922747,143.267
776,-0.130168,0.87389,144.275
777,0.317287,-0.991915,145.989
778,0.0401576,0.426548,146.138
779,-0.213228,-0.974895,146.718
780,0.000350294,-0.189861,146.755
781,0.301458,0.999998,147.243
782,0.327238,0.992114,147.685
783,-0.0407867,-0.740165,148.174
784,0.157202,0.817242,148.609
785,-0.130338,0.509217,149.018
786,-0.0601988,-0.491285,149.204
787,0.149071,0.961927,149.865
788,-0.0508305,0.443488,150.109
789,0.0256739,0.948092,150.96
790,-0.0327495,0.587636,151.345
791,0.251904,-0.168828,151.522
792,0.0288062,0.501066,151.745
793,-0.138989,0.818581,152.662
794,0.0805208,-0.424786,152.917
795,-0.244679,0.745745,153.898
796,-0.0224604,-0.869869,154.616
797,0.161212,-0.315549,154.844
798,0.289141,0.976564,155.316
799,-0.210844,0.966092,156.702
800,-0.0599486,0.39435,156.908
801,0.089355,0.971291,157.686
802,-0.209615,0.443392,158.112
803,0.227995,0.915956,158.585
804,0.339127,-0.409521,159.146
805,0.0857025,-0.449191,159.432
806,-0.0879206,0.259286,159.553
807,0.113289,-0.178385,159.638
808,0.265156,-0.75022,160.669
809,-0.0496941,-0.54683,160.916
810,-0.159292,0.96844,162.188
811,-0.136394,0.999988,163.479
812,0.0815717,-0.344515,163.66
813,0.0275456,0.81712,164.284
814,0.0267832,-0.682687,164.787
815,0.199814,0.111813,164.795
816,0.253221,-0.0984069,164.919
817,-0.178738,0.208417,165.069
818,0.0850428,0.925757,165.775
819,0.0209323,-0.952775,166.723
820,0.025732,-0.255263,166.802
821,0.238962,0.853647,167.18
822,0.0163599,-0.867836,167.962
823,-0.0573089,0.366043,168.141
824,-0.00275375,-0.953672,169.045
825,0.167727,-0.941352,170.276
826,0.205623,0.859951,170.704
827,0.0138047,-0.945264,171.623
828,0.142196,-0.953443,172.824
829,0.234055,-0.425489,173.259
830,0.270794,0.455847,173.293
831,-0.0982789,0.181338,173.371
832,-0.048538,-0.933865,174.155
833,0.0659014,-0.150215,174.202
834,0.366115,-0.0233526,174.354
835,0.0299424,-0.300606,174.463
836,0.0758979,0.728808,174.889
837,-0.118152,-0.327885,174.933
838,0.0877176,0.985712,175.739
839,0.00778491,-0.941013,176.64
840,0.162412,0.107338,176.643
841,-0.0858238,-0.320369,176.698
842,-0.136734,-0.691213,177.005
843,-0.205902,-0.976133,177.598
844,-0.0913594,-0.32879,177.655
845,-0.269083,0.993641,179.249
846,0.247303,-0.0766992,179.354
847,0.401108,0.309657,179.363
848,-0.238032,-0.999732,179.943
849,-0.245381,-0.883144,180.35
850,0.00915482,0.279402,180.423
851,0.180913,-0.949853,181.701
852,-0.0938377,0.00840254,181.712
853,-0.110649,-0.287162,181.743
854,-0.0913415,0.199578,181.827
855,0.209344,0.893964,182.296
856,-0.0686457,-0.187372,182.31
857,-0.211446,-0.738179,182.588
858,0.199369,0.895384,183.072
859,0.369615,0.945583,183.404
860,-0.0111821,-0.295672,183.485
861,-0.0994721,-0.338876,183.542
862,0.218105,0.3952,183.574
863,0.462492,0.714513,183.637
864,-0.0399214,0.358983,183.796
865,-0.15973,0.48183,184.208
866,-0.189947,0.761462,185.113
867,-0.091585,-0.919242,185.798
868,-0.0346372,-0.615144,186.135
869,0.00658207,-0.0540734,186.139
870,-0.0457203,-0.984275,187.019
871,0.237441,0.330399,187.028
872,0.031023,0.984094,187.936
873,-0.116144,-0.258644,187.957
874,0.048389,0.141413,187.965
875,-0.155861,0.38219,188.255
876,-0.0136127,0.304925,188.356
877,-0.161367,0.54319,188.853
878,0.0300184,-0.985014,189.883
879,-0.00446818,0.0128028,189.883
880,-0.267798,0.999909,191.49
881,0.0597855,0.990779,192.357
882,-0.0849258,0.916742,193.361
883,-0.0873392,0.442774,193.642
884,-0.110851,-0.968058,194.376
885,0.00841652,-0.572782,194.714
886,-0.040714,0.958651,195.713
887,-0.164857,-0.136855,195.714
888,-0.167512,-0.472456,195.807
889,-0.0260598,0.915061,196.692
890,-0.0520995,-0.963465,197.523
891,-0.124785,-0.89468,198.116
892,-0.318258,-0.75409,198.306
893,0.00361566,-0.230135,198.36
894,-0.0281395,-0.144533,198.374
895,0.148905,0.452198,198.466
896,0.179602,-0.443086,198.854
897,0.00540351,-0.971202,199.807
898,-0.00363911,0.774178,200.412
899,0.0270199,-0.298936,200.519
900,-0.0130994,0.47802,200.76
901,0.192085,-0.571892,201.343
902,-0.147309,0.541714,201.818
903,-0.360093,-0.961707,202.18
904,0.414994,0.685119,202.253
905,-0.19857,-0.363902,202.28
906,-0.344208,-0.995521,202.705
907,0.096223,-0.96791,203.837
908,-0.156026,0.250655,204.002
909,0.40463,-0.823932,205.512
910,0.138337,-0.20368,205.629
911,-0.398793,-0.696727,205.718
912,-0.174185,-0.645606,205.94
913,0.134722,-0.809764,206.832
914,0.131429,0.929062,207.468
915,0.145139,0.124824,207.468
916,0.0419102,-0.411387,207.674
917,0.00599541,-0.929191,208.548
918,-0.431011,-0.384419,208.551
919,0.13927,0.418381,208.629
920,0.0953518,0.998533,209.444
921,0.198585,-0.356632,209.753
922,0.119083,0.86625,210.311
923,0.0842852,-0.179743,210.381
924,0.101543,0.990789,211.171
925,0.254778,0.695115,211.365
926,0.14851,-0.504426,211.792
927,-0.0379935,0.83646,212.556
928,-0.175331,-0.608208,212.744
929,0.238168,-0.51428,213.31
930,0.0922034,0.50433,213.48
931,0.112532,-0.971585,214.655
932,0.222356,-0.532375,215.225
933,0.0571033,0.718536,215.662
934,-0.120096,-0.964939,216.376
935,-0.0682115,0.962619,217.438
936,-0.223585,-0.56265,217.553
937,0.045031,-0.94462,218.533
938,-0.276422,-0.726767,218.736
939,0.0444699,-0.929293,219.684
940,-0.0585262,-0.60681,219.984
941,-0.535806,-0.684782,220.007
942,0.388974,0.566034,220.038
943,-0.187849,-0.372603,220.072
944,-0.365329,-0.727797,220.203
945,-0.102136,0.577048,220.665
946,0.390611,0.567823,220.696
947,-0.248748,-0.0124236,220.752
948,-0.13511,-0.467838,220.863
949,-0.210498,-0.941009,221.396
950,0.363581,0.9976,221.798
951,-0.146892,-0.733777,222.143
952,-0.0984666,0.516462,222.521
953,0.225651,-0.633109,223.258
954,0.143456,1,223.992
955,-0.109225,0.000868336,224.004
956,0.149599,0.0137921,224.023
957,0.0553281,-0.95984,225.053
958,0.000994863,-0.223367,225.104
959,0.196081,-0.75123,226.001
960,-0.442204,-0.866289,226.181
961,0.323325,0.780122,226.389
962,0.413818,0.590063,226.421
963,-0.110173,-0.642032,226.703
964,-0.196649,-0.915482,227.22
965,0.0307121,0.310085,227.298
966,0.0386852,0.966133,228.158
967,-0.0192546,-0.827348,228.811
968,-0.080594,0.933534,229.84
969,0.168056,0.719322,230.144
970,-0.0560811,0.927345,231.111
971,-0.0379163,0.527436,231.43
972,-0.08356,-0.997977,232.267
973,-0.0868517,0.120439,232.31
974,-0.00258676,-0.427789,232.49
975,0.078542,0.806048,233.02
976,0.245736,0.987452,233.57
977,0.106292,0.92864,234.246
978,-0.214643,-0.753848,234.537
979,-0.0223347,-0.436127,234.708
980,-0.0812173,0.958818,235.79
981,-0.130351,0.691792,236.466
982,0.144306,0.774976,236.863
983,-0.131207,0.999307,238.141
984,-0.185608,-0.438243,238.205
985,0.0546948,0.929176,238.97
986,-0.241929,0.849121,240.16
987,0.118832,0.790028,240.611
988,0.301154,-0.512405,241.273
989,-0.177759,0.883734,242.399
990,-0.0665226,0.321576,242.55
991,0.0506822,0.22505,242.58
992,0.153377,0.987681,243.277
993,-0.220062,-0.862409,243.689
994,-0.0293385,0.280065,243.785
995,-0.135651,0.0672147,243.826
996,0.369466,0.0718008,243.915
997,-0.237717,-0.893666,244.345
998,0.0343927,0.674671,244.755
999,-0.178532,-0.996482,245.424
1000,-0.30943,-0.720181,245.593
1001,0.104672,-0.999123,246.811
1002,0.143815,0.869181,247.337
1003,-0.145998,0.344108,247.577
1004,-0.173629,0.0744772,247.639
1005,0.189176,-0.981145,249.009
1006,0.342535,0.528825,249.043
1007,-0.118248,-0.888874,249.637
1008,-0.305081,-0.0537665,249.7
1009,0.217104,0.769677,250.006
1010,-0.193665,0.906384,251.216
1011,0.162941,0.255806,251.224
1012,-0.0669635,0.908361,252.176
1013,0.00915835,-0.941977,253.08
1014,-0.0906892,0.028366,253.094
1015,-0.153305,0.855812,254.113
1016,-0.0308823,0.774967,254.762
1017,0.168524,0.595662,254.945
1018,0.288175,0.999937,255.451
1019,0.11774,0.722372,255.817
1020,-0.0619537,-0.999865,256.696
1021,0.0315961,0.346667,256.796
1022,0.0820088,-0.601285,257.263
1023,0.145048,0.92071,257.864
1024,-0.113508,0.79395,258.688
1025,-0.322875,-0.35674,258.689
1026,0.0158608,0.599057,259.029
1027,-0.10967,0.991912,260.243
1028,-0.242766,0.569508,260.902
1029,0.060757,-0.599374,261.338
1030,0.120725,0.535162,261.51
1031,0.05253,0.839349,262.129
1032,0.181785,0.999429,262.797
1033,0.100367,-0.167377,262.869
1034,0.130651,-0.968789,264.078
1035,-0.0750616,-0.885687,264.735
1036,-0.0690723,0.0347544,264.746
1037,-0.229475,0.999304,266.256
1038,0.0119211,-0.313732,266.362
1039,0.134383,0.857685,266.885
1040,-0.237998,-0.680721,267.081
1041,-0.214383,-0.791338,267.414
1042,0.320522,0.792204,267.636
1043,0.303481,0.824748,267.908
1044,-0.25514,-0.98955,268.447
1045,-0.0611639,0.989054,269.55
1046,0.187938,0.579969,269.704
1047,-0.00487362,0.708981,270.214
1048,0.0537743,-0.0212029,270.219
1049,0.30451,-0.146255,270.422
1050,-0.0284721,0.497121,270.699
1051,-0.129814,-0.739664,271.071
1052,-0.188667,0.856629,272.163
1053,-0.239007,0.00578406,272.223
1054,-0.0516168,0.93253,273.192
1055,-0.222899,-0.947221,273.716
1056,0.14931,-0.317044,273.934
1057,0.432835,0.366935,273.938
1058,-0.443327,0.890698,275.718
1059,-0.237399,-0.977548,276.266
1060,0.170102,-0.654471,276.946
1061,-0.101334,-0.963385,277.689
1062,0.143882,0.763062,278.072
1063,-0.104448,-0.722743,278.454
1064,0.0292493,0.997961,279.393
1065,-0.132103,-0.931293,280.031
1066,-0.185314,-0.999999,280.695
1067,-0.0377604,-0.243373,280.737
1068,-0.164076,0.925403,281.924
1069,-0.237633,0.73286,282.866
1070,-0.193138,0.974991,284.231
1071,0.0204502,0.0817565,284.235
1072,-0.212558,0.309728,284.507
1073,-0.0738794,0.984852,285.628
1074,0.158502,0.657278,285.877
1075,0.242495,0.983257,286.426
1076,0.205668,0.894306,286.9
1077,0.193547,0.531874,287.014
1078,-0.0661593,-0.955807,287.806
1079,0.0132054,-0.549746,288.123
1080,-0.0311224,0.183719,288.169
1081,0.12479,-0.0965697,288.218
1082,0.072795,0.999855,289.077
1083,0.50617,-0.996444,291.335
1084,-0.0119121,0.663009,291.791
1085,-0.283079,-0.66742,291.938
1086,-0.00359902,-0.97312,292.878
1087,-0.181388,-0.68545,293.133
1088,0.242554,0.383011,293.152
1089,0.325848,-0.352218,293.612
1090,-0.0641057,-0.957088,294.409
1091,0.183078,0.561716,294.553
1092,0.0420418,-0.608995,294.977
1093,-0.0461304,-0.123216,294.983
1094,0.157451,0.269534,294.995
1095,0.0131414,-0.756278,295.587
1096,-0.0366138,0.946827,296.554
1097,0.0572845,-0.0292942,296.562
1098,0.0279629,-0.834905,297.306
1099,0.0311526,0.467529,297.497
1100,-0.0922916,-0.235818,297.517
1101,0.0955888,-0.412653,297.776
1102,-0.0642571,0.46724,298.058
1103,-0.255231,0.00899138,298.128
1104,0.182417,0.821679,298.537
1105,0.000791846,0.866161,299.286
1106,0.00229101,-0.861092,300.031
1107,-0.196117,0.905573,301.245
1108,0.0690737,0.5917,301.518
1109,0.190008,0.563007,301.657
1110,0.0165025,0.0122725,301.657
1111,0.314249,0.971894,302.089
1112,-0.110472,0.0544293,302.117
1113,-0.28275,-0.199672,302.124
1114,-0.230423,-0.542822,302.221
1115,0.320455,-0.972158,303.892
1116,0.171182,-0.916418,305.075
1117,-0.163401,-0.125824,305.076
1118,-0.310417,-0.971384,305.513
1119,0.0414568,-0.988168,306.573
1120,-0.295513,0.507633,307.218
1121,-0.0604856,-0.880185,307.89
1122,-0.0742361,-0.535858,308.103
1123,0.269568,0.505118,308.159
1124,0.414535,0.933168,308.428
1125,0.232451,0.779315,308.727
1126,-3.19447e-05,0.682879,309.193
1127,0.246547,0.652397,309.358
1128,-0.178897,0.410599,309.705
1129,0.222464,0.0294198,309.743
1130,-0.227715,0.97268,311.184
1131,-0.16735,-0.865772,311.671
1132,0.118751,-0.0920099,311.716
1133,-0.0948793,0.251688,311.836
1134,-0.103203,0.0677109,311.865
1135,0.35487,-0.982147,313.653
1136,-0.0204478,0.55009,313.978
1137,-0.27059,-0.978703,314.48
1138,0.00498886,-0.488687,314.723
1139,0.137764,-0.449953,315.069
1140,0.184608,0.999994,315.734
1141,0.121041,0.633523,315.996
1142,0.162924,-0.837706,316.998
1143,-0.00660434,-0.263568,317.064
1144,0.0451433,-0.23205,317.14
1145,-0.0940317,-0.519685,317.322
1146,0.0915133,0.379701,317.405
1147,-0.38777,-0.991318,317.769
1148,-0.0835106,-0.301088,317.816
1149,0.140682,0.917197,318.419
1150,0.0721953,0.745826,318.873
1151,-0.0210271,-0.985237,319.803
1152,-0.209012,-0.353654,319.824
1153,0.193716,0.99962,320.473
1154,0.147677,0.856237,320.975
1155,0.0218546,0.882511,321.716
1156,-0.00660052,0.925363,322.585
1157,0.185379,-0.57077,323.156
1158,0.0711763,0.434141,323.288
1159,-0.0689001,-0.394403,323.394
1160,0.103144,0.995972,324.191
1161,0.00903384,-0.918506,325.051
1162,0.0609874,0.90566,325.765
1163,0.233567,-0.572184,326.414
1164,-0.0465243,0.271026,326.515
1165,0.101419,0.891145,327.139
1166,-0.0842521,-0.0500877,327.14
1167,-0.245829,0.481706,327.669
1168,0.00104509,-0.975517,328.623
1169,0.23757,-0.0928744,328.732
1170,0.162,0.97199,329.388
1171,-0.0394702,-0.982089,330.277
1172,-0.313067,0.529836,330.987
1173,0.0867917,0.995401,331.813
1174,0.114613,-0.466517,332.15
1175,-0.0449955,0.528635,332.479
1176,0.0664397,0.751114,332.948
1177,0.230478,0.742096,333.21
1178,0.301067,-0.607324,334.035
1179,0.231628,0.46524,334.09
1180,0.0990482,0.551292,334.294
1181,-0.0986723,-0.899754,334.936
1182,-0.0566584,0.814156,335.694
1183,0.317833,0.892466,336.025
1184,-0.267421,-0.924632,336.456
1185,-0.29909,0.0866958,336.605
1186,0.0751583,-0.746548,337.28
1187,0.00865009,-0.345877,337.406
1188,0.0702359,0.608199,337.696
1189,0.138341,-0.786474,338.551
1190,0.078179,-0.807469,339.335
1191,0.0761387,0.160169,339.342
1192,0.291316,0.760765,339.563
1193,-0.429107,-0.330039,339.572
1194,-0.0408821,-0.535859,339.817
1195,-0.16538,0.996462,341.167
1196,0.0635246,-0.813064,341.936
1197,-0.0485302,0.140488,341.971
1198,0.0205066,0.999789,342.93
1199,0.212398,0.210078,342.93
1200,0.186228,0.434027,342.992
1201,0.0496494,0.287883,343.049
1202,-0.0156317,0.998287,344.077
1203,0.171004,-0.146663,344.178
1204,0.158239,0.98948,344.869
1205,-0.10556,-0.995399,345.66
1206,0.168901,0.171329,345.66
1207,-0.140889,-0.30014,345.686
1208,0.094311,0.770081,346.142
1209,0.0135649,0.666415,346.569
1210,-0.0984801,0.257494,346.695
1211,-0.179446,-0.0575001,346.71
1212,0.158516,-0.707382,347.46
1213,0.0656861,-0.675667,348.01
1214,0.0534071,-0.968547,349.054
1215,0.256001,0.757632,349.306
1216,0.0874421,0.511883,349.486
1217,-0.0492125,0.941981,350.468
1218,-0.24635,0.828416,351.623
1219,0.435513,0.82607,351.776
1220,0.158662,-0.942688,352.989
1221,0.0527984,-0.689183,353.539
1222,0.0092995,0.691958,354.005
1223,0.309114,0.831251,354.278
1224,0.265446,0.0447764,354.327
1225,-0.201218,-0.595813,354.482
1226,0.132443,0.426128,354.569
1227,-0.157485,0.937575,355.768
1228,-0.221451,0.568493,356.392
1229,-0.0319229,-0.420034,356.542
1230,0.160272,-0.244672,356.706
1231,0.23987,-0.767369,357.721
1232,-0.0841518,-0.885993,358.364
1233,-0.199743,0.716155,359.203
1234,-0.173307,-0.407456,359.258
1235,0.105027,-0.970208,360.414
1236,-0.00860875,-0.981026,361.359
1237,0.406836,-0.985342,363.298
1238,0.00620895,-0.928421,364.171
1239,-0.395391,-0.83285,364.362
1240,-0.0720976,0.920679,365.348
1241,-0.121541,0.598165,365.866
1242,0.0809303,-0.390094,366.088
1243,0.0365235,-0.0093165,366.09
1244,-0.363911,0.113744,366.318
1245,0.1585,0.0787655,366.324
1246,-0.261624,0.789035,367.428
1247,0.320699,0.174402,367.45
1248,0.234123,-0.0466143,367.529
1249,-0.370717,0.434283,368.177
1250,-0.230269,-0.99041,368.754
1251,-0.126482,0.679263,369.404
1252,0.0768665,0.800242,369.927
1253,-0.101371,0.250373,370.051
1254,-0.310885,-0.971219,370.487
1255,0.337765,-0.94832,372.141
1256,-0.160865,0.853216,373.169
1257,-0.264562,-0.997126,373.706
1258,0.0899571,0.156743,373.71
1259,0.101479,0.908278,374.361
1260,0.249608,0.921271,374.812
1261,0.116773,0.721706,375.178
1262,-0.267478,-0.996143,375.709
1263,0.287353,-0.775879,376.84
1264,0.165796,-0.887647,377.949
1265,-0.11837,-0.986968,378.704
1266,-0.296749,-0.812794,378.97
1267,0.385441,0.951935,379.291
1268,-0.266346,0.546162,379.951
1269,-0.145762,-0.700489,380.259
1270,0.149615,-0.798524,381.158
1271,-0.285102,-0.0314845,381.222
1272,-0.378506,-0.590042,381.267
1273,0.256337,0.747509,381.508
1274,-0.0456947,-0.118816,381.514
1275,-0.0353341,0.959265,382.503
1276,0.213907,0.993933,383.111
1277,0.303332,-0.33706,383.521
1278,0.1109,-0.116507,383.573
1279,-0.342402,-0.936487,383.926
1280,-0.120712,0.564914,384.396
1281,-0.425297,-0.976308,384.7
1282,0.42444,0.369036,384.703
1283,-0.0466833,-0.982501,385.578
1284,0.0328358,-0.874826,386.402
1285,-0.0169991,-0.992864,387.355
1286,-0.199773,-0.749226,387.657
1287,0.0545294,0.666336,388.031
1288,0.175562,-0.754398,388.896
1289,-0.383264,0.428271,389.554
1290,-0.0742732,-0.999573,390.41
1291,0.0702154,0.889623,391.082
1292,-0.255924,-0.301757,391.084
1293,-0.207621,-0.967834,391.662
1294,-0.158309,-0.89991,392.212
1295,-0.0724094,-0.311134,392.269
1296,0.0427655,-0.456217,392.518
1297,0.0149429,0.985578,393.46
1298,-0.145523,-0.644077,393.709
1299,-0.00388213,0.952902,394.624
1300,0.136302,-0.493301,395.02
1301,-0.019802,-0.956725,395.898
1302,0.128971,0.85295,396.422
1303,0.128669,-0.351646,396.653
1304,-0.304133,-0.983246,397.114
1305,-0.151602,0.461467,397.49
1306,0.0546865,0.189998,397.508
1307,-0.168092,0.954527,398.769
1308,0.154637,-0.93898,399.965
1309,0.0838272,0.979954,400.768
1310,-0.12843,-0.999649,401.527
1311,-0.281109,-0.91097,401.923
1312,-0.276466,0.951171,403.431
1313,0.407119,-0.350108,404.004
1314,-0.322427,-0.061502,404.072
1315,0.0108223,0.900529,404.864
1316,0.171159,-0.136758,404.958
1317,0.232741,0.9619,405.49
1318,-0.305654,-0.487681,405.523
1319,0.382239,0.706743,405.629
1320,0.200312,-0.939136,406.927
1321,0.313879,0.385408,406.932
1322,-0.0665938,0.987101,408.042
1323,0.094308,0.504661,408.211
1324,0.243255,-0.14815,408.364
1325,-0.203836,-0.515417,408.461
1326,0.0901205,0.397812,408.556
1327,0.0131576,-0.517377,408.837
1328,0.18417,-0.643227,409.522
1329,0.20671,0.175444,409.523
1330,-0.653953,-0.99992,409.642
1331,0.434128,0.441659,409.642
1332,0.06236,0.932913,410.4
1333,0.157817,-0.713332,411.159
1334,0.303579,0.192805,411.171
1335,-0.211201,-0.587241,411.313
1336,-0.230707,-0.869746,411.721
1337,-0.0647913,-0.772792,412.222
1338,-0.069838,-0.198713,412.239
1339,-0.0899538,0.962147,413.346
1340,0.311568,0.213196,413.356
1341,0.0327392,0.514111,413.587
1342,0.304704,0.763224,413.798
1343,-0.195005,-0.197045,413.798
1344,0.199521,0.728491,414.077
1345,0.0193824,-0.992038,415.1
1346,-0.231905,0.000953035,415.155
1347,-0.0141055,-0.0183061,415.155
1348,-0.0956103,-0.98988,415.954
1349,-0.178896,-0.910346,416.489
1350,0.13444,0.914135,417.097
1351,-0.340009,0.47344,417.759
1352,-0.123228,-0.444853,417.862
1353,0.0373242,-0.802616,418.568
1354,0.0950829,0.986624,419.363
1355,0.0414019,-0.904994,420.258
1356,0.146522,0.830527,420.726
1357,0.157099,-0.0653066,420.776
1358,-0.137315,0.494097,421.174
1359,-0.143401,-0.527308,421.322
1360,-0.219273,0.998612,422.805
1361,0.28763,-0.0994782,422.955
1362,0.159444,0.682381,423.228
1363,0.0231203,-0.98449,424.244
1364,-0.0559055,0.992045,425.342
1365,0.0291826,-0.593061,425.729
1366,0.13764,0.594267,425.938
1367,-0.0237776,0.72569,426.499
1368,-0.0157672,0.93082,427.395
1369,0.438694,0.445789,427.395
1370,0.229321,0.33037,427.406
1371,-0.188174,0.590191,428.011
1372,-0.0752103,-0.145837,428.016
1373,0.0403358,-0.991983,429.082
1374,-0.186841,-0.916101,429.614
1375,0.0711506,0.753403,430.079
1376,0.0639503,0.997401,430.951
1377,-0.151548,0.258858,431.119
1378,0.236912,-0.958104,432.547
1379,0.181972,-0.641868,433.226
1380,0.0627677,-0.0314467,433.235
1381,-0.132103,0.596724,433.766
1382,0.356433,0.8688,434.029
1383,0.172592,-0.703472,434.796
1384,-0.0571099,0.0591321,434.809
1385,-0.0531133,0.265463,434.911
1386,-0.0579559,-0.740948,435.377
1387,-0.0112492,0.952525,436.306
1388,0.121075,0.0883865,436.307
1389,0.10523,0.989355,437.089
1390,0.0780663,-0.371375,437.291
1391,-0.0172031,-0.38207,437.424
1392,-0.163587,-0.640037,437.651
1393,0.140925,-0.17833,437.753
1394,0.073458,0.829896,438.325
1395,-0.137498,0.0169193,438.349
1396,0.195293,0.654307,438.56
1397,-0.0338616,-0.638336,438.925
1398,-0.127643,-0.81371,439.396
1399,-0.163565,-0.767337,439.76
1400,0.234511,0.415352,439.793
1401,-0.0188508,-0.828487,440.449
1402,-0.286628,0.116804,440.611
1403,0.00399705,-0.691964,441.096
1404,-0.0169548,-0.888246,441.855
1405,0.320293,0.861608,442.148
1406,-0.290734,0.455055,442.704
1407,0.0515918,0.247774,442.743
1408,-0.086484,0.921979,443.76
1409,-0.242599,-0.885265,444.173
1410,0.0551871,-0.635683,444.65
1411,-0.137379,0.977369,445.893
1412,-0.173213,0.616141,446.516
1413,0.344607,0.207546,446.535
1414,0.115524,-0.765226,447.31
1415,0.0257698,-0.227166,447.374
1416,-0.400147,-0.704888,447.467
1417,0.466712,0.913591,447.667
1418,-0.245561,0.731897,448.622
1419,-0.218855,-0.998142,449.23
1420,-0.0959936,-0.810238,449.74
1421,0.153593,0.976984,450.418
1422,-0.235572,0.762225,451.413
1423,-0.26571,0.282221,451.713
1424,-0.181364,0.42913,452.086
1425,-0.196162,0.984796,453.481
1426,-0.0728104,0.765271,454.183
1427,-0.0272934,-0.591109,454.501
1428,0.439023,0.170375,454.573
1429,0.267295,-0.49401,455.153
1430,-0.160943,-0.657539,455.399
1431,-0.378926,-0.140539,455.456
1432,0.0832108,-0.700365,456.07
1433,-0.0517315,0.998743,457.174
1434,-0.0435867,-0.329359,457.255
1435,-0.215112,-0.185796,457.256
1436,0.163106,0.332484,457.285
1437,-0.114133,0.998427,458.523
1438,-0.251289,-0.81211,458.837
1439,0.0574519,-0.308356,458.971
1440,0.188012,-0.999943,460.382
1441,-0.257252,-0.970681,460.891
1442,-0.145512,0.720489,461.641
1443,-0.0517771,-0.609755,461.953
1444,-0.0883402,-0.999916,462.784
1445,0.0510868,0.100949,462.786
1446,-0.131757,-0.567939,462.976
1447,0.234603,0.449541,463.023
1448,0.242287,0.142791,463.032
1449,0.0801008,0.797546,463.547
1450,-0.0632977,-0.989893,464.406
1451,0.219402,-0.565702,465.022
1452,0.126337,0.0867252,465.024
1453,0.0328722,0.389454,465.151
1454,0.273677,0.990367,465.664
1455,-0.259108,-0.122333,465.683
1456,0.00664822,-0.338117,465.802
1457,0.25346,-0.998253,467.369
1458,-0.106519,-0.797518,467.846
1459,-0.0132508,0.418169,468.032
1460,-0.108642,-0.635583,468.31
1461,-0.0356287,0.999124,469.381
1462,0.0173677,-0.989791,470.395
1463,0.158659,0.952873,471.026
1464,-0.0127245,0.20993,471.076
1465,0.0609846,0.353855,471.161
1466,-0.148987,-0.754789,471.528
1467,-0.0769557,-0.421406,471.647
1468,-0.213397,-0.787324,471.976
1469,-0.283769,-0.543249,472.044
1470,-0.114261,-0.295935,472.077
1471,-0.0808729,-0.948659,472.83
1472,-0.230585,-0.295502,472.834
1473,-0.485377,-0.893882,473.001
1474,-0.265129,-0.937798,473.453
1475,0.0376865,-0.659157,473.939
1476,-0.218406,0.988348,475.395
1477,-0.207284,-0.0798135,475.411
1478,0.179403,-0.817864,476.406
1479,-0.0630332,0.995369,477.526
1480,-0.0522808,-0.390255,477.64
1481,-0.234807,-0.495635,477.708
1482,-0.0725893,0.896836,478.648
1483,-0.190609,0.99998,480.066
1484,-0.247036,-0.0558342,480.102
1485,0.193694,-0.931399,481.368
1486,-0.160689,-0.130829,481.369
1487,-0.324928,-0.933771,481.74
1488,-0.0518098,-0.525124,481.964
1489,0.120327,-0.226413,482.084
1490,-0.234004,-0.877309,482.498
1491,0.0637311,0.967029,483.314
1492,-0.00442605,0.515947,483.585
1493,0.0412109,-0.718777,484.162
1494,-0.261581,-0.696559,484.351
1495,-0.170498,0.150205,484.454
1496,-0.0842292,0.959863,485.544
1497,0.128983,0.809644,486.008
1498,0.139888,0.954937,486.672
1499,0.561591,0.996613,486.861
1500,0.0142412,-0.806164,487.534
1501,-0.374063,-0.996912,487.922
1502,-0.111354,-0.262203,487.945
1503,-0.0702207,0.947862,488.981
1504,0.12934,0.780724,489.406
1505,-0.281928,0.000917992,489.486
1506,0.339809,0.820702,489.717
1507,0.106122,-0.922061,490.774
1508,-0.0759876,-0.250457,490.805
1509,0.125843,-0.720751,491.521
1510,0.165385,-0.989752,492.856
1511,-0.13274,0.314099,493.055
1512,-0.0590195,0.644886,493.551
1513,0.0218379,0.998656,494.505
1514,0.0816319,-0.998329,495.671
1515,-0.252484,-0.928264,496.128
1516,-0.220654,0.451157,496.579
1517,0.0120673,-0.997151,497.598
1518,-0.0719719,-0.925631,498.327
1519,0.136616,0.137261,498.327
1520,-0.241992,0.141021,498.473
1521,-0.118514,-0.896348,499.078
1522,-0.0599623,-0.288638,499.131
1523,-0.13063,-0.297949,499.159
1524,-0.172156,0.346237,499.427
1525,-0.272652,0.986081,501.012
1526,0.243744,-0.879972,502.274
1527,-0.182243,0.999218,503.67
1528,-0.160194,-0.917781,504.244
1529,0.103799,-0.666848,504.838
1530,-0.253009,-0.684852,505.025
1531,0.250269,0.999366,505.586
1532,-0.169651,0.390339,505.899
1533,-0.0606551,0.989098,507.001
1534,-0.0419598,0.812266,507.731
1535,0.0653374,-0.040869,507.742
1536,-0.118367,0.0854366,507.784
1537,-0.0504562,0.965491,508.816
1538,0.114952,0.431683,508.916
1539,-0.0458341,-0.498455,509.121
1540,0.234752,-0.997726,510.64
1541,-0.0342661,0.0792007,510.653
1542,0.137759,0.189842,510.656
1543,-0.0426978,0.114702,510.68
1544,-0.333784,0.157964,510.922
1545,0.646128,0.688069,510.924
1546,-0.186079,-0.0727695,510.937
1547,-0.246092,-0.651453,511.101
1548,-0.0618932,0.621935,511.569
1549,-0.0180739,0.354345,511.708
1550,-0.249775,-0.113345,511.726
1551,0.0102212,0.973355,512.654
1552,0.250635,-0.136389,512.804
1553,-0.189121,-0.788479,513.163
1554,0.29715,0.728826,513.349
1555,-0.199343,-0.852367,513.776
1556,-0.213367,0.134494,513.897
1557,0.106247,0.539908,514.085
1558,-0.133267,-0.777378,514.5
1559,-0.0780828,-0.990214,515.332
1560,-0.0638732,-0.0894682,515.332
1561,0.0359947,-0.137649,515.362
1562,0.120316,0.998792,516.134
1563,0.0124182,0.89028,516.905
1564,-0.125843,0.484869,517.278
1565,-0.0583521,-0.922849,518.025
1566,-0.0461536,0.163787,518.069
1567,0.14239,0.227018,518.076
1568,-0.00591672,-0.734138,518.607
1569,0.0170995,0.793583,519.209
1570,0.0503072,-0.319653,519.346
1571,-0.103722,-0.0199703,519.353
1572,-0.074857,-0.218074,519.374
1573,0.190256,-0.0230579,519.419
1574,0.0820607,0.555835,519.644
1575,-0.0725954,-0.363916,519.729
1576,-0.156029,-0.775437,520.112
1577,-0.180211,-0.389794,520.156
1578,0.204628,0.172479,520.157
1579,0.00570135,-0.796548,520.801
1580,0.422847,0.793325,520.938
1581,0.214899,-0.958305,522.315
1582,0.0853213,-0.601705,522.787
1583,0.289093,0.989808,523.278
1584,-0.00297401,-0.637374,523.68
1585,-0.306143,0.611003,524.521
1586,0.0585122,0.430654,524.66
1587,0.142019,0.710873,524.983
1588,0.212405,-0.9622,526.363
1589,0.0689768,-0.880171,527.264
1590,-0.0203441,0.91246,528.134
1591,-0.232589,-0.791757,528.447
1592,0.171097,-0.998771,529.815
1593,0.1592,0.978776,530.487
1594,-0.16479,-0.28308,530.501
1595,-0.126959,0.431476,530.813
1596,0.139824,0.956794,531.48
1597,0.236364,-0.0939466,531.589
1598,0.186862,-0.925547,532.827
1599,0.00283483,0.44056,533.018
1600,-0.143592,-0.987445,533.731
1601,-0.0404618,-0.873656,534.425
1602,0.0921892,-0.773355,535.174
1603,-0.107368,-0.434245,535.281
1604,0.241671,0.910679,535.728
1605,0.0622349,-0.940625,536.734
1606,0.231985,0.918897,537.206
1607,0.343078,0.833363,537.446
1608,0.0579422,0.768098,537.951
1609,0.207639,-0.0652786,538.025
1610,-0.118255,-0.0493779,538.03
1611,0.264825,0.999554,538.57
1612,0.200409,0.828262,538.964
1613,0.0858921,0.328652,539.023
1614,0.169906,-0.091253,539.091
1615,-0.0186169,-0.544863,539.368
1616,-0.0541207,-0.96919,540.205
1617,0.0136053,-0.532137,540.503
1618,-0.215974,-0.870256,540.931
1619,-0.0974134,0.0801939,540.963
1620,-0.102051,-0.973587,541.722
1621,0.0767464,0.421286,541.841
1622,-0.132113,-0.903314,542.436
1623,-0.0349282,-0.964822,543.3
1624,0.147251,0.654882,543.558
1625,0.239873,0.999987,544.136
1626,-0.256818,0.287617,544.432
1627,0.133538,0.143932,544.432
1628,-0.0226243,-0.284547,544.501
1629,-0.29793,0.669346,545.437
1630,0.0288549,-0.983278,546.461
1631,-0.158242,0.635264,547.091
1632,0.0117133,0.609775,547.448
1633,-0.0537681,-0.719879,547.892
1634,0.272436,0.971505,548.381
1635,0.222778,0.779778,548.691
1636,0.28413,0.678471,548.847
1637,0.0763886,0.768752,549.326
1638,-0.0416919,-0.960052,550.169
1639,0.189361,0.995154,550.819
1640,0.0181408,0.968887,551.723
1641,0.303681,0.990375,552.194
1642,0.433654,-0.827403,553.784
1643,-0.22911,-0.944961,554.297
1644,-0.112619,0.560041,554.749
1645,-0.0389534,0.409261,554.95
1646,0.0853734,0.796999,555.457
1647,-0.139437,-0.961251,556.132
1648,-0.0932366,0.653267,556.689
1649,-0.282154,-0.943601,557.127
1650,0.00855279,-0.682396,557.604
1651,0.457745,0.601232,557.625
1652,-0.163925,-0.551955,557.775
1653,-0.155625,-0.777548,558.162
1654,-0.0262313,-0.838849,558.822
1655,0.378989,0.872662,559.066
1656,0.364431,0.958141,559.419
1657,-0.168743,-0.946506,560.024
1658,-0.350109,-0.305896,560.026
1659,0.437175,0.775811,560.14
1660,0.0481421,0.762479,560.65
1661,0.28249,0.995389,561.159
1662,0.415618,0.95698,561.452
1663,0.275517,0.402662,561.468
1664,-0.248876,-0.764417,561.734
1665,-0.0489489,0.799112,562.453
1666,0.0112713,0.790008,563.059
1667,-0.278275,-0.998572,563.578
1668,0.172587,-0.206499,563.722
1669,-0.0308194,-0.880813,564.444
1670,-0.0948655,-0.437305,564.562
1671,-0.107621,0.996171,565.78
1672,-0.142885,0.993797,567.072
1673,0.273133,-0.92506,568.508
1674,0.032703,0.857968,569.189
1675,0.107278,0.990429,569.969
1676,0.469879,0.903353,570.157
1677,-0.202694,-0.928431,570.683
1678,-0.223948,0.316829,570.976
1679,0.145476,0.341868,571.014
1680,0.150348,0.199499,571.017
1681,-0.351709,0.855315,572.474
1682,-0.138741,-0.871344,573.01
1683,-0.411035,-0.98401,573.339
1684,0.491475,0.591843,573.349
1685,-0.10737,-0.420972,573.447
1686,-0.340379,-0.126144,573.493
1687,0.0749735,-0.845793,574.341
1688,0.0244264,-0.700785,574.867
1689,0.162241,-0.299566,575.08
1690,0.0709817,0.209344,575.099
1691,-0.214512,-0.745727,575.381
1692,-0.0923125,-0.81263,575.9
1693,0.127807,-0.97751,577.122
1694,0.102196,0.148968,577.124
1695,0.071299,0.925906,577.854
1696,-0.203758,0.516017,578.373
1697,0.165295,0.691455,578.649
1698,0.160257,-0.18232,578.767
1699,0.0823702,0.909671,579.451
1700,0.121011,-0.638628,580.028
1701,-0.153103,0.463982,580.409
1702,-0.216226,-0.868739,580.835
1703,-0.0972539,0.967286,581.968
1704,0.0827099,0.777292,582.45
1705,0.281901,0.558316,582.527
1706,-0.116009,-0.661449,582.824
1707,-0.376302,-0.175864,582.865
1708,0.221872,-0.998045,584.353
1709,-0.224374,-0.678255,584.559
1710,-0.274057,-0.898736,584.949
1711,-0.219869,-0.561369,585.066
1712,0.000727549,-0.748442,585.627
1713,-0.0568022,0.997657,586.739
1714,0.038053,0.971823,587.611
1715,-0.18465,-0.259187,587.616
1716,0.447289,0.988285,587.909
1717,0.0703793,-0.413347,588.143
1718,-0.0392369,0.976713,589.175
1719,-0.166574,-0.912561,589.732
1720,0.141872,-0.361737,589.985
1721,0.213285,0.205628,589.985
1722,0.150512,-0.749607,590.795
1723,0.0607467,-0.929815,591.777
1724,-0.0595015,0.367457,591.959
1725,0.15016,0.809027,592.393
1726,-0.0144901,0.878143,593.19
1727,0.0496577,-0.190147,593.247
1728,0.147754,0.400349,593.311
1729,-0.306963,-0.904556,593.668
1730,-0.176181,-0.406328,593.721
1731,0.0539062,0.992073,594.601
1732,0.147608,0.462874,594.701
1733,0.0216242,0.933643,595.533
1734,0.0839756,0.391937,595.627
1735,-0.0284628,-0.0953847,595.632
1736,0.324914,-0.554105,596.405
1737,-0.0486607,0.837464,597.19
1738,-0.274384,-0.960103,597.66
1739,-0.0192149,0.910021,598.523
1740,-0.066624,-0.845273,599.13
1741,-0.0636718,0.234056,599.218
1742,-0.019273,0.565439,599.56
1743,0.44502,0.847679,599.722
1744,-0.314366,0.58785,600.536
1745,0.202454,0.994786,601.164
1746,0.16427,0.967742,601.81
1747,-0.147541,-0.582454,601.999
1748,-0.106581,0.953905,603.124
1749,-0.169989,0.933165,604.34
1750,-0.0368667,0.522983,604.654
1751,-0.249487,-0.312049,604.658
1752,0.0731671,-0.896292,605.598
1753,0.110771,0.982516,606.358
1754,0.247398,-0.964096,607.825
1755,-0.117204,-0.584798,608.044
1756,-0.361617,-0.968848,608.413
1757,0.212939,0.984132,609.007
1758,0.156799,0.801634,609.423
1759,0.137258,-0.779564,610.264
1760,0.161428,0.0557848,610.275
1761,0.165109,-0.397966,610.592
1762,0.168997,-0.908656,611.753
1763,0.150316,0.682429,612.037
1764,0.259063,-0.751464,613.058
1765,0.272019,0.978128,613.556
1766,-0.207797,-0.776015,613.879
1767,-0.350336,-0.259249,613.887
1768,0.285778,-0.971403,615.468
1769,-0.0241072,0.999861,616.516
1770,0.189956,0.855567,616.959
1771,-0.0533814,-0.867903,617.623
1772,-0.121857,-0.613284,617.864
1773,0.0564221,0.567329,618.125
1774,0.21015,0.195788,618.126
1775,-0.123865,0.998284,619.385
1776,0.0772698,-0.646892,619.909
1777,-0.0107731,-0.847018,620.609
1778,-0.0627124,-0.58292,620.879
1779,-0.220666,-0.74499,621.154
1780,-0.0703023,-0.805193,621.694
1781,0.06868,-0.786157,622.425
1782,-0.0142527,0.93265,623.322
1783,-0.242046,-0.482821,623.38
1784,-0.209843,-0.906855,623.865
1785,-0.0462652,0.175378,623.914
1786,0.133288,0.435893,624.006
1787,-0.13428,-0.998162,624.752
1788,0.0812154,0.942453,625.494
1789,0.0642891,0.998217,626.366
1790,0.2187,0.194337,626.367
1791,-0.320854,-0.544708,626.417
1792,-0.301405,0.0232303,626.522
1793,0.262926,0.965751,627.016
1794,-0.259504,0.441876,627.508
1795,-0.110817,-0.988185,628.278
1796,0.100877,-0.0629178,628.305
1797,0.00270468,-0.0712036,628.31
1798,0.0665347,0.96197,629.112
1799,0.200367,0.710359,629.372
1800,-0.0567301,-0.0262027,629.373
1801,-0.150898,-0.561869,629.542
1802,-0.111141,-0.677953,629.863
1803,0.128728,0.94984,630.538
1804,-0.0366254,0.751786,631.159
1805,-0.0505555,-0.130729,631.166
1806,-0.131159,-0.806937,631.622
1807,0.151401,-0.592873,632.176
1808,0.325507,0.998488,632.629
1809,-0.36877,-0.910852,632.923
1810,0.000444084,-0.713504,633.433
1811,0.0488256,-0.983952,634.499
1812,-0.148205,-0.975202,635.183
1813,-0.0877158,-0.830068,635.734
1814,0.449557,0.551519,635.745
1815,0.194435,-0.750862,636.638
1816,0.333467,0.837863,636.893
1817,-0.119836,-0.591206,637.115
1818,-0.28693,-0.0319614,637.18
1819,-0.0627077,-0.319453,637.246
1820,0.00870423,-0.258868,637.317
1821,0.119113,-0.837124,638.232
1822,0.134594,0.486859,638.356
1823,0.0402161,0.744119,638.851
1824,0.150185,0.756445,639.219
1825,0.305485,-0.0992954,639.383
1826,0.344898,0.821451,639.61
1827,0.255405,0.892471,640.016
1828,0.23839,0.999778,640.595
1829,0.377652,0.72142,640.714
1830,-0.328858,-0.999545,641.163
1831,-0.164304,-0.99355,641.851
1832,-0.150186,0.100167,641.914
1833,0.013688,-0.991881,642.925
1834,0.0802902,0.679142,643.284
1835,-0.0153009,0.772229,643.904
1836,0.0513991,-0.891961,644.794
1837,0.251535,0.93989,645.268
1838,0.414419,-0.941272,647.105
1839,-0.24264,-0.74289,647.356
1840,-0.205385,-0.922107,647.869
1841,0.137815,0.992867,648.601
1842,0.158995,-0.877899,649.676
1843,-0.177484,-0.635199,649.885
1844,0.0997965,0.531562,650.072
1845,-0.238661,0.740945,651.031
1846,-0.380709,-0.632794,651.095
1847,-0.0322457,-0.978574,651.99
1848,0.051614,-0.529304,652.328
1849,-0.384871,0.425899,652.985
1850,0.0257304,-0.473315,653.234
1851,-0.0349794,-0.705814,653.684
1852,-0.413109,-0.695485,653.764
1853,0.167587,-0.115812,653.844
1854,-0.0832278,0.777331,654.585
1855,-0.193646,0.913166,655.81
1856,0.0824617,0.262249,655.842
1857,0.143298,0.954298,656.5
1858,-0.0992278,-0.859178,657.077
1859,0.0830627,-0.468775,657.382
1860,0.360829,0.982311,657.768
1861,0.506986,0.666587,657.794
1862,-0.351211,-0.701843,657.917
1863,-0.214285,-0.967886,658.484
1864,-0.0368055,-0.945119,659.31
1865,0.156367,0.871976,659.822
1866,-0.131028,-0.601524,660.043
1867,-0.106792,0.508617,660.422
1868,0.194394,0.21588,660.422
1869,0.164914,0.747247,660.761
1870,-0.0534496,0.837802,661.556
1871,0.245843,0.206558,661.557
1872,0.0501186,0.888852,662.261
1873,-0.165724,-0.998347,662.954
1874,-0.0505002,-0.997241,663.85
1875,-0.0992788,-0.698402,664.209
1876,-0.0506957,0.865271,665.048
1877,-0.0182967,0.348289,665.183
1878,0.000121461,-0.806055,665.832
1879,-0.322667,-0.579628,665.898
1880,-0.23491,-0.999976,666.484
1881,0.0162379,0.421802,666.648
1882,-0.117125,0.996645,667.889
1883,0.084414,0.575031,668.129
1884,-0.214131,0.535369,668.691
1885,-0.193335,0.994752,670.103
1886,0.0810725,-0.233896,670.202
1887,-0.400451,0.146483,670.501
1888,0.157676,0.812054,670.929
1889,-0.0165082,0.992626,671.948
1890,-0.0386263,-0.287645,672.01
1891,0.157109,-0.946463,673.228
1892,-0.00833004,0.410164,673.403
1893,0.0691514,-0.490695,673.716
1894,0.0720849,-0.317651,673.868
1895,0.155142,-0.99136,675.182
1896,0.0461881,-0.288498,675.295
1897,0.0399333,0.8438,675.941
1898,0.247053,0.288276,675.942
1899,0.323032,0.856869,676.227
1900,-0.0355165,0.92611,677.152
1901,0.30739,0.877184,677.477
1902,-0.126858,0.30083,677.66
1903,0.296397,0.0185156,677.737
1904,0.317053,-0.118235,677.926
1905,0.3087,0.910998,678.289
1906,0.0856252,-0.834035,679.135
1907,0.13185,0.986394,679.865
1908,-0.355732,-0.276299,679.871
1909,0.033162,0.0785356,679.874
1910,-0.110149,-0.190119,679.88
1911,-0.125731,-0.115789,679.88
1912,0.1402,0.0429066,679.89
1913,0.220378,-0.77006,680.87
1914,0.199083,0.253029,680.873
1915,-0.257132,-0.0646937,680.91
1916,-0.603373,-0.786762,680.944
1917,0.489446,0.316167,680.974
1918,-0.271533,-0.0178382,681.038
1919,-0.403864,-0.129865,681.114
1920,0.216852,-0.99981,682.594
1921,-0.00841398,0.988091,683.587
1922,-0.218271,-0.490881,683.661
1923,0.431812,0.753093,683.764
1924,-0.114462,0.63631,684.328
1925,-0.200055,-0.909105,684.831
1926,-0.141373,-0.988454,685.548
1927,-0.0254229,-0.184848,685.574
1928,-0.0727321,0.141054,685.619
1929,-0.0348847,-0.984409,686.521
1930,-0.165017,-0.0225762,686.541
1931,-0.292669,0.0851442,686.684
1932,0.371373,0.762566,686.837
1933,-0.0749969,-0.546931,687.06
1934,-0.183267,0.0781785,687.128
1935,0.0453474,-0.975246,688.17
1936,0.14988,0.984664,688.867
1937,0.0413218,0.58675,689.164
1938,-0.039613,0.999881,690.245
1939,-0.178507,-0.713945,690.531
1940,0.0883074,0.624154,690.818
1941,-0.353111,-0.518903,690.846
1942,0.0484892,-0.187784,690.902
1943,-0.147636,0.975761,692.164
1944,-0.356206,-0.755868,692.324
1945,-0.188382,-0.138861,692.326
1946,0.0135285,-0.488258,692.578
1947,0.0855898,-0.146272,692.632
1948,-0.0232331,0.341329,692.764
1949,0.0429245,-0.645155,693.238
1950,-0.0804047,-0.564868,693.473
1951,-0.163162,-0.887639,693.997
1952,0.133851,-0.0031649,694.016
1953,0.0160336,0.416251,694.176
1954,-0.219345,-0.0770645,694.197
1955,-0.0409551,-0.10808,694.201
1956,0.104562,-0.711934,694.868
1957,0.187143,-0.999891,696.277
1958,-0.0530363,-0.712212,696.711
1959,0.284799,0.650983,696.845
1960,-0.407588,-0.984595,697.178
1961,0.0745098,0.855261,697.788
1962,0.0901639,-0.867646,698.705
1963,-0.0812092,-0.304037,698.755
1964,-0.103647,0.915443,699.794
1965,-0.0822444,0.695075,700.398
1966,-0.059311,0.170973,700.451
1967,-0.00933767,-0.764899,701.022
1968,-0.136499,-0.26861,701.039
1969,0.28269,0.999292,701.553
1970,0.0440391,-0.889819,702.425
1971,0.391505,0.865908,702.65
1972,0.00721788,0.889048,703.427
1973,-0.0696685,-0.968854,704.236
1974,0.129004,-0.720211,704.957
1975,-0.24364,0.0956709,705.072
1976,-0.00233842,0.206809,705.116
1977,0.129676,-0.0170186,705.138
1978,0.023687,0.770362,705.695
1979,0.281807,0.496084,705.741
1980,-0.260354,0.0376744,705.83
1981,-0.0510567,-0.923968,706.592
1982,-0.0331383,-0.891773,707.329
1983,-0.189827,-0.927619,707.873
1984,0.0119373,0.38641,708.014
1985,0.0951532,0.335532,708.071
1986,-0.182501,-0.42905,708.132
1987,-0.146784,-0.989998,708.843
1988,-0.0495528,-0.998412,709.744
1989,-0.00830695,0.999437,710.759
1990,0.420284,0.896873,710.986
1991,0.057393,-0.997173,712.098
1992,-0.0925715,-0.815529,712.621
1993,-0.0468132,-0.68603,713.03
1994,0.194877,0.784862,713.378
1995,0.350597,0.224902,713.393
1996,-0.353946,-0.843476,713.633
1997,-0.162997,-0.781257,714.015
1998,-0.0913651,-0.46091,714.152
1999,0.0281234,-0.637014,714.594
2000,-0.277149,-0.885742,714.965
2001,-0.291071,-0.696976,715.129
2002,0.567281,-0.947325,717.424
2003,-0.359176,-0.469169,717.436
2004,-0.212801,-0.994395,718.047
2005,0.0241353,-0.926335,718.95
2006,0.133292,-0.69354,719.634
2007,0.308333,-0.423631,720.169
2008,0.184394,-0.385492,720.494
2009,-0.170018,-0.744851,720.825
2010,-0.156256,0.378283,721.11
2011,0.158015,-0.522079,721.573
2012,0.0335603,-0.988976,722.618
2013,-0.279139,0.304612,722.959
2014,-0.216333,-0.3082,722.968
2015,-0.192908,0.194414,723.118
2016,-0.211609,0.81675,724.175
2017,-0.229179,-0.929474,724.666
2018,-0.137414,-0.833657,725.15
2019,0.146778,0.547603,725.311
2020,-0.281852,0.768429,726.414
2021,-0.0988656,-0.244542,726.435
2022,0.0516694,0.193382,726.455
2023,-0.184956,-0.994851,727.111
2024,0.0232177,-0.66588,727.586
2025,-0.1348,0.785572,728.433
2026,-0.270678,-0.962499,728.912
2027,0.213293,-0.998252,730.38
2028,-0.216857,0.339099,730.689
2029,-0.184199,-0.972702,731.31
2030,0.325337,0.848795,731.584
2031,0.0480296,0.275997,731.636
2032,-0.110357,0.962655,732.788
2033,0.122354,-0.238627,732.918
2034,0.325613,0.818421,733.161
2035,0.236877,-0.404348,733.572
2036,-0.223737,-0.248972,733.573
2037,0.146595,0.997366,734.297
2038,-0.017259,-0.885898,735.051
2039,-0.0120815,-0.36466,735.175
2040,0.323534,-0.432605,735.747
2041,-0.192923,0.6392,736.44
2042,0.206404,0.550984,736.558
2043,0.0226172,0.994267,737.502
2044,-0.0741026,0.728748,738.147
2045,0.0598319,0.743595,738.615
2046,-0.0492715,0.206467,738.68
2047,-0.10719,-0.498086,738.833
2048,0.080198,-0.853941,739.705
2049,-0.272565,-0.813955,739.998
2050,-0.0610533,-0.0480126,739.999
2051,-0.0974875,-0.733437,740.403
2052,0.164104,0.376901,740.448
2053,0.187485,-0.957224,741.759
2054,0.102282,-0.927149,742.818
2055,0.213384,0.817747,743.184
2056,-0.306729,-0.942434,743.588
2057,0.173141,0.811399,743.995
2058,-0.10519,0.972043,745.156
2059,-0.111203,0.964398,746.313
2060,-0.061313,-0.997908,747.19
2061,0.00510141,0.745559,747.738
2062,0.0240268,0.917064,748.536
2063,0.257334,0.0839651,748.566
2064,0.0344065,0.387143,748.69
2065,0.0811657,0.255015,748.72
2066,0.16138,0.73896,749.054
2067,-0.237377,-0.527634,749.138
2068,-0.226952,0.0325669,749.205
2069,0.179498,0.761106,749.544
2070,0.218797,0.5386,749.646
2071,0.231382,0.845652,750.023
2072,0.0253239,0.960458,750.898
2073,-0.241028,-0.667414,751.08
2074,-0.174195,-0.199832,751.08
2075,-0.273775,-0.0656513,751.124
2076,-0.230514,0.983966,752.599
2077,-0.209518,0.908108,753.848
2078,-0.219432,0.991015,755.313
2079,-0.093895,-0.776098,755.778
2080,0.0438928,0.471642,755.961
2081,-0.125341,-0.882748,756.535
2082,-0.146088,0.174837,756.638
2083,-0.011397,0.726496,757.182
2084,-0.310858,0.700133,758.204
2085,0.286952,0.574884,758.287
2086,0.123807,-0.17353,758.376
2087,0.280188,-0.251809,758.659
2088,0.301654,0.978977,759.118
2089,0.363806,-0.942671,760.824
2090,0.0852352,0.488684,760.987
2091,0.0166335,-0.883105,761.797
2092,0.178612,-0.823688,762.801
2093,-0.304997,-0.308773,762.801
2094,0.33031,0.874959,763.098
2095,0.245551,-0.985876,764.614
2096,-0.237744,-0.972131,765.154
2097,0.0397181,0.969633,766.018
2098,-0.120964,0.815457,766.895
2099,0.0588542,0.918855,767.635
2100,0.0692334,0.87856,768.29
2101,-0.00948624,-0.815977,768.94
2102,0.0745139,0.940838,769.691
2103,-0.160976,0.118032,769.769
2104,0.123169,-0.944044,770.908
2105,-0.0108276,0.0796797,770.916
2106,-0.195437,-0.287774,770.924
2107,-0.260459,-0.145535,770.938
2108,0.138194,0.391934,771.002
2109,-0.268975,0.845595,772.244
2110,0.246023,0.921574,772.701
2111,0.172429,-0.994406,774.062
2112,0.152691,-0.509784,774.501
2113,0.132877,-0.0564713,774.537
2114,-0.0835694,-0.0692573,774.537
2115,-0.121143,-0.134162,774.537
2116,0.141001,-0.519508,774.973
2117,0.286799,0.980976,775.455
2118,-0.0899423,-0.0648405,775.456
2119,0.294277,0.73924,775.654
2120,0.0175307,0.995061,776.61
2121,-0.0191592,0.0518783,776.615
2122,0.0894714,0.436415,776.735
2123,-0.00801459,-0.24125,776.789
2124,-0.180959,-0.814924,777.191
2125,-0.25445,-0.977201,777.714
2126,-0.104439,0.239575,777.832
2127,-0.224644,0.974981,779.271
2128,0.245914,-0.271723,779.539
2129,-0.172336,-0.548798,779.681
2130,-0.335053,0.928509,781.277
2131,-0.00246749,-0.26093,781.344
2132,-0.0321148,-0.609695,781.678
2133,-0.0639011,-0.823011,782.254
2134,-0.0227864,-0.358873,782.367
2135,0.263587,0.866677,782.731
2136,0.0933628,-0.928967,783.776
2137,-0.0567554,-0.811821,784.346
2138,0.186127,-0.706454,785.143
2139,-0.00781862,-0.962238,786.054
2140,0.171932,0.687534,786.319
2141,-0.00146337,0.19331,786.357
2142,0.0189795,-0.940823,787.279
2143,-0.197459,0.423811,787.665
2144,-0.15341,-0.15551,787.665
2145,-0.061202,-0.91899,788.4
2146,0.318549,0.703242,788.548
2147,0.075233,0.955296,789.323
2148,0.239656,0.959686,789.841
2149,-0.1058,0.910118,790.873
2150,-0.0330599,0.429409,791.087
2151,-0.09595,0.152771,791.149
2152,-0.115038,-0.532354,791.323
2153,-0.0407883,-0.791174,791.886
2154,0.0272556,-0.999949,792.942
2155,-0.0311446,-0.921658,793.735
2156,-0.11625,0.32424,793.929
2157,0.0296208,-0.591634,794.315
2158,-0.100142,0.533986,794.717
2159,-0.117196,0.192969,794.813
2160,0.188257,-0.995539,796.214
2161,0.0574828,-0.477991,796.501
2162,-0.189494,-0.904498,797.012
2163,0.248859,-0.612525,797.754
2164,0.125487,-0.968119,798.95
2165,-0.0226948,0.0302917,798.953
2166,-0.169484,-0.458497,799.036
2167,0.291127,0.945578,799.465
2168,0.12704,0.417531,799.549
2169,0.228158,0.0373939,799.586
2170,0.0730768,0.585031,799.848
2171,0.0146984,-0.97932,800.836
2172,-0.171908,-0.765548,801.188
2173,-0.0861248,-0.580529,801.433
2174,0.28816,0.635821,801.553
2175,0.0637315,-0.665503,802.085
2176,0.215146,0.996022,802.695
2177,-0.000421049,0.85161,803.421
2178,0.177853,-0.922362,804.631
2179,0.0168489,0.990102,805.579
2180,-0.105657,0.274361,805.723
2181,-0.0564946,-0.676337,806.107
2182,0.0767015,0.388179,806.204
2183,0.131553,0.111021,806.205
2184,0.0519478,0.345908,806.291
2185,0.117112,-0.938247,807.405
2186,-0.0583253,0.739237,808.041
2187,-0.0506641,0.629194,808.503
2188,-0.0164132,-0.999868,809.47
2189,-0.04396,0.391293,809.66
2190,0.192181,0.18655,809.66
2191,-0.457856,-0.925893,809.879
2192,0.04677,0.688018,810.29
2193,0.0421301,0.853644,810.949
2194,-0.285396,-0.954928,811.397
2195,-0.178022,-0.70302,811.673
2196,-0.213827,-0.980305,812.26
2197,-0.149732,-0.427716,812.337
2198,0.102219,-0.77642,813.109
2199,-0.149463,0.440159,813.457
2200,-0.0634106,-0.181033,813.471
2201,0.0543151,-0.750018,814.118
2202,-0.0697679,0.977968,815.216
2203,0.0138584,0.92624,816.048
2204,0.330574,0.147424,816.082
2205,0.156377,0.0352841,816.096
2206,0.243663,0.99793,816.665
2207,-0.246485,0.309952,816.975
2208,-0.203417,-0.381928,817.007
2209,-0.203793,-0.632841,817.191
2210,-0.222902,-0.90884,817.661
2211,-0.181038,-0.997932,818.328
2212,-0.211008,-0.971967,818.908
2213,0.206283,-0.772556,819.866
2214,0.174118,0.781479,820.235
2215,-0.141839,-0.160452,820.235
2216,0.251718,0.224697,820.236
2217,-0.209828,-0.89555,820.706
2218,-0.178303,-0.679814,820.957
2219,0.101155,-0.913593,821.987
2220,-0.0170847,-0.476168,822.198
2221,0.136974,-0.636909,822.797
2222,0.00995858,-0.899154,823.623
2223,0.0172421,-0.595189,823.998
2224,-0.145229,-0.51185,824.133
2225,-0.0594025,-0.9841,824.988
2226,-0.036241,0.898298,825.861
2227,0.290473,-0.122848,826.032
2228,-0.0900792,-0.99993,826.86
2229,-0.176918,-0.687816,827.121
2230,-0.16502,0.868916,828.19
2231,-0.092314,0.916611,829.208
2232,-0.132132,-0.938244,829.858
2233,0.0667764,-0.807393,830.622
2234,-0.00750268,0.210843,830.669
2235,0.0347833,0.0877447,830.672
2236,-0.0221068,0.222817,830.732
2237,-0.106793,-0.976377,831.488
2238,-0.0895782,0.472831,831.805
2239,-0.0428501,0.947042,832.785
2240,0.119999,-0.95339,833.937
2241,0.107369,0.326363,833.985
2242,-0.11274,-0.628982,834.251
2243,-0.0310637,0.324526,834.378
2244,0.205593,-0.520497,834.905
2245,-0.258594,0.0280371,834.987
2246,-0.0237705,-0.503776,835.217
2247,-0.0881785,-0.999882,836.049
2248,-0.312906,0.889302,837.494
2249,0.250818,0.536488,837.576
2250,0.194907,-0.818481,838.603
2251,-0.348406,-0.581531,838.657
2252,0.124984,0.751573,839.049
2253,-0.11211,0.972349,840.226
2254,-0.218555,-0.642076,840.405
2255,-0.201936,-0.0074481,840.443
2256,0.436534,-0.864512,842.135
2257,-0.204118,-0.271354,842.14
2258,-0.226185,-0.854761,842.535
2259,-0.136966,-0.120967,842.535
2260,-0.0296429,-0.996836,843.471
2261,-0.198268,0.367714,843.791
2262,0.32985,0.953187,844.18
2263,0.199266,0.997741,844.817
2264,0.100864,0.869839,845.409
2265,0.0310819,-0.992293,846.456
2266,0.0850582,-0.64868,846.994
2267,-0.0216616,-0.856813,847.692
2268,0.312244,0.665371,847.816
2269,0.185505,0.932374,848.374
2270,-0.0633799,-0.0347988,848.375
2271,-0.106145,-0.568363,848.589
2272,-0.265897,-0.5161,848.651
2273,0.156647,-0.953736,849.884
2274,-0.066509,0.729662,850.518
2275,0.208375,0.573095,850.651
2276,-0.0701432,0.278635,850.773
2277,0.409859,0.742226,850.883
2278,-0.101341,0.891777,851.87
2279,-0.10888,-0.346016,851.926
2280,0.0960135,0.992532,852.73
2281,0.0241295,-0.754317,853.335
2282,0.339973,0.985957,853.753
2283,0.222621,0.96734,854.307
2284,-0.0858762,0.579848,854.751
2285,-0.366893,-0.910425,855.046
2286,0.167025,-0.601735,855.637
2287,-0.0789519,0.836649,856.475
2288,-0.0515946,-0.776659,857.001
2289,-0.116448,0.631558,857.561
2290,0.0177649,-0.147901,857.588
2291,-0.283315,0.462138,858.144
2292,-0.216742,-0.352773,858.162
2293,-0.145623,-0.998897,858.89
2294,0.00317716,-0.939687,859.779
2295,0.113714,-0.982581,860.981
2296,0.114961,0.95585,861.688
2297,0.0704623,-0.88858,862.608
2298,-0.176153,-0.951227,863.209
2299,-0.179064,0.517267,863.694
2300,0.030924,0.392138,863.824
2301,0.334714,0.963231,864.219
2302,-0.119806,-0.997652,864.99
2303,0.358217,0.180193,865.021
2304,0.289888,-0.245615,865.308
2305,-0.101891,0.776547,866.08
2306,-0.0807025,-0.526313,866.278
2307,-0.0354319,0.890904,867.136
2308,-0.231551,0.124481,867.263
2309,0.119328,0.0258888,867.272
2310,0.274712,-0.376827,867.696
2311,0.251825,0.864623,868.072
2312,0.0955205,0.962625,868.824
2313,-0.0232518,-0.493324,869.045
2314,0.140444,-0.883032,870.092
2315,-0.441219,-0.815151,870.232
2316,0.0657223,0.827562,870.813
2317,0.0592998,0.740243,871.276
2318,-0.142596,0.77587,872.12
2319,0.0568575,0.629096,872.447
2320,0.216515,-0.988893,873.9
2321,0.0350294,-0.739123,874.5
2322,-0.00463687,-0.25684,874.563
2323,-0.185993,0.954728,875.864
2324,-0.024265,0.860408,876.647
2325,0.000145322,-0.819316,877.319
2326,-0.0672765,-0.781756,877.829
2327,-0.0475678,-0.301653,877.894
2328,0.0784939,0.395204,877.994
2329,-0.0478951,0.97331,879.037
2330,0.010761,-0.981968,880.022
2331,-0.0141504,-0.117868,880.033
2332,-0.201718,-0.819129,880.414
2333,-0.216609,0.453683,880.864
2334,-0.110535,-0.874752,881.448
2335,-0.090771,0.633939,881.973
2336,-0.0154245,0.580282,882.328
2337,0.183795,-0.159934,882.446
2338,0.186598,0.912438,882.973
2339,0.0489099,0.196574,882.994
2340,-0.0102842,0.898853,883.821
2341,0.145544,-0.994051,885.12
2342,-0.37128,-0.335427,885.121
2343,-0.145403,-0.958893,885.783
2344,-0.0441885,-0.320028,885.859
2345,-0.057298,-0.987858,886.725
2346,-0.112744,-0.892168,887.332
2347,-0.268726,0.439705,887.834
2348,-0.190876,0.908568,889.043
2349,-0.00806389,-0.960126,889.949
2350,-0.164546,-0.940773,890.552
2351,-0.0711607,-0.962504,891.346
2352,-0.0634704,-0.0428949,891.347
2353,0.0205804,-0.107993,891.363
2354,0.172946,-0.92273,892.564
2355,-0.0877031,-0.52718,892.757
2356,0.302472,0.965419,893.196
2357,0.367767,0.999082,893.595
2358,0.256618,0.950817,894.077
2359,-0.00201848,-0.492096,894.317
2360,-0.174667,0.316621,894.558
2361,-0.0468307,-0.744571,895.045
2362,-0.0735955,-0.287396,895.091
2363,0.0223017,-0.935589,896.009
2364,-0.0343559,0.63661,896.459
2365,0.293596,0.88278,896.806
2366,-0.181062,-0.363968,896.839
2367,0.0481257,-0.996751,897.931
2368,-0.339204,-0.947656,898.301
2369,0.127537,-0.209155,898.415
2370,-0.136687,0.617618,898.984
2371,-0.144696,-0.999676,899.715
2372,0.23456,0.697995,899.929
2373,0.186509,0.942014,900.5
2374,-0.085916,-0.149294,900.504
2375,-0.371915,0.64918,901.547
2376,0.0682954,0.384063,901.647
2377,-0.063466,0.793559,902.381
2378,0.097315,-0.759064,903.114
2379,0.124199,-0.167488,903.2
2380,0.0876166,0.983725,904.003
2381,-0.125336,-0.878483,904.57
2382,0.0162022,0.551748,904.857
2383,-0.223782,-0.920155,905.342
2384,-0.122986,-0.696988,905.671
2385,0.0706494,0.991671,906.519
2386,0.255039,0.911257,906.95
2387,-0.0137697,0.896795,907.779
2388,-0.226077,-0.638422,907.949
2389,0.0900709,-0.777031,908.701
2390,0.0750986,-0.297329,908.84
2391,0.246206,0.997606,909.404
2392,0.272547,-0.620857,910.202
2393,0.117671,-0.541607,910.637
2394,-0.0238741,0.788362,911.297
2395,0.150633,0.337533,911.332
2396,0.0989819,-0.450964,911.634
2397,0.22499,0.973686,912.195
2398,-0.00692968,-0.163059,912.219
2399,0.0493611,-0.590953,912.629
2400,0.165205,-0.992475,913.969
2401,-0.0736369,-0.946976,914.732
2402,0.0491381,0.989425,915.616
2403,0.0995107,0.985894,916.402
2404,-0.136947,-0.401068,916.472
2405,-0.273473,-0.369962,916.481
2406,0.291366,-0.0586639,916.603
2407,-0.217666,0.704474,917.454
2408,0.278453,0.894794,917.834
2409,0.0869792,-0.343354,918.019
2410,-0.265155,0.770368,919.091
2411,-0.103942,-0.883978,919.7
2412,-0.334867,-0.79567,919.912
2413,0.12903,0.134314,919.912
2414,-0.206411,0.982323,921.325
2415,-0.105149,-0.628253,921.599
2416,0.13883,0.00663258,921.616
2417,-0.101107,-0.938115,922.317
2418,-0.023746,-0.288476,922.387
2419,0.0426296,-0.49092,922.672
2420,-0.136174,-0.598239,922.885
2421,-0.0611079,0.961895,923.932
2422,-0.0338898,-0.0492716,923.932
2423,-0.159637,-0.0308448,923.948
2424,-0.0224122,0.586784,924.32
2425,-0.183321,-0.250744,924.324
2426,0.122324,0.436092,924.423
2427,0.0949903,0.315237,924.471
2428,-0.185024,-0.450136,924.541
2429,0.0961971,0.708681,924.916
2430,-0.128828,0.999282,926.189
2431,0.0103954,-0.861712,926.95
2432,-0.0186878,-0.278257,927.017
2433,-0.0793079,-0.0462126,927.018
2434,-0.0934327,-0.349246,927.084
2435,0.0896588,-0.934812,928.133
2436,0.085114,0.954942,928.89
2437,0.203914,-0.788834,929.875
2438,0.257294,0.990394,930.413
2439,-0.087158,-0.972837,931.197
2440,-0.032088,0.985855,932.233
2441,0.0205959,-0.902099,933.085
2442,-0.378716,0.988491,934.954
2443,0.305753,0.957834,935.379
2444,-0.154239,0.993759,936.697
2445,-0.141506,-0.133977,936.697
2446,-0.106266,0.555893,937.136
2447,0.142991,0.208222,937.14
2448,0.216555,0.999147,937.752
2449,-0.244046,-0.584575,937.868
2450,-0.0948835,-0.816669,938.389
2451,-0.169274,-0.989129,939.061
2452,0.308297,0.999909,939.54
2453,-0.123284,-0.861063,940.084
2454,-0.0658084,-0.335733,940.157
2455,0.178137,-0.285633,940.372
2456,0.10708,-0.8086,941.21
2457,-0.00564121,-0.987353,942.174
2458,-0.0865238,0.595399,942.639
2459,0.101333,0.788135,943.111
2460,-0.0743514,-0.9908,943.951
2461,0.0375522,-0.650745,944.425
2462,-0.096498,0.534031,944.822
2463,-0.123714,-0.496676,944.961
2464,-0.0653798,-0.224657,944.987
2465,0.208699,0.305838,944.996
2466,0.145164,0.993052,945.715
2467,-0.105915,0.916786,946.761
2468,0.26609,0.983928,947.276
2469,0.131536,0.921349,947.9
2470,-0.356239,-0.117018,947.957
2471,0.171238,0.989961,948.627
2472,0.159671,0.0622367,948.637
2473,-0.0263379,-0.808823,949.249
2474,-0.212241,0.136001,949.371
2475,-0.230762,0.915462,950.684
2476,-0.145905,-0.989301,951.396
2477,0.090526,0.399832,951.491
2478,-0.0879933,0.954477,952.578
2479,0.057306,0.969566,953.41
2480,-0.213873,-0.930408,953.924
2481,-0.188051,-0.600179,954.094
2482,0.0967655,0.344745,954.155
2483,0.0986163,0.993926,954.957
2484,0.107161,0.490616,955.104
2485,0.111605,0.360405,955.166
2486,0.0199654,0.191554,955.195
2487,-0.15924,0.408493,955.517
2488,0.100343,-0.866666,956.452
2489,-0.016989,0.503567,956.723
2490,-0.0514412,-0.739514,957.197
2491,0.289651,0.443314,957.22
2492,0.199004,0.571592,957.359
2493,-0.125544,-0.600719,957.585
2494,-0.234572,0.980765,959.062
2495,0.13455,-0.497117,959.461
2496,0.0327476,0.770714,960.006
2497,-0.126971,-0.931973,960.654
2498,0.0397165,0.992742,961.562
2499,0.0546248,0.764872,962.066
2500,-0.0642347,0.734767,962.705
2501,-0.00889688,0.7641,963.302
2502,-0.0746736,0.760244,963.999
2503,-0.147164,0.483378,964.397
2504,0.113767,-0.139884,964.461
2505,-0.125246,0.353584,964.691
2506,-0.0342401,-0.863324,965.378
2507,-0.0775992,-0.719388,965.79
2508,0.0919136,0.332006,965.848
2509,-0.213839,-0.841183,966.241
2510,-0.0762431,-0.267982,966.278
2511,-0.0215342,0.667482,966.753
2512,0.00345659,0.987424,967.721
2513,0.181511,0.856478,968.176
2514,0.152863,-0.316619,968.397
2515,0.0542807,0.996408,969.284
2516,0.253434,0.990804,969.828
2517,-0.143882,-0.821072,970.287
2518,-0.0243134,-0.791531,970.875
2519,-0.0827269,0.270145,971
2520,-0.0771647,-0.996917,971.846
2521,0.143477,-0.998043,973.149
2522,0.195747,0.727357,973.432
2523,0.0354894,-0.995183,974.494
2524,-0.0765867,-0.928846,975.22
2525,0.241853,0.874963,975.621
2526,0.359831,0.946241,975.965
2527,0.28661,0.642754,976.092
2528,-0.0751907,-0.771772,976.577
2529,0.0651373,0.99887,977.449
2530,0.172041,-0.999215,978.821
2531,3.05813e-05,0.985324,979.791
2532,0.0430324,-0.0807997,979.807
2533,0.289317,0.954582,980.249
2534,-0.185434,0.943873,981.525
2535,-0.00682037,-0.822295,982.19
2536,0.00954624,0.766182,982.762
2537,0.0366073,-0.0771395,982.775
2538,0.184053,0.71005,983.052
2539,0.0857519,0.000242812,983.059
2540,-0.115438,-0.989022,983.822
2541,-0.269412,-0.936724,984.268
2542,0.103689,0.641704,984.557
2543,-0.0244842,-0.0341049,984.557
2544,-0.0837883,-0.415082,984.667
2545,0.0993987,0.809672,985.171
2546,0.0716075,0.442043,985.309
2547,0.368237,-0.66296,986.372
2548,-0.249024,-0.760369,986.633
2549,-0.0836539,-0.882947,987.272
2550,-0.0780125,0.697972,987.874
2551,0.28734,-0.984391,989.492
2552,-0.218289,0.355047,989.82
2553,0.183587,0.971055,990.441
2554,-0.123727,0.799524,991.293
2555,0.241534,0.252822,991.293
2556,-0.0974189,0.71106,991.947
2557,0.120315,0.680628,992.261
2558,-0.0156181,-0.294347,992.338
2559,-0.00979313,-0.763604,992.907
2560,0.0693006,-0.9999,994.05
2561,0.113455,0.519624,994.215
2562,0.337088,0.934339,994.571
2563,0.249348,0.998034,995.132
2564,0.265369,0.995116,995.665
2565,0.14477,-0.170968,995.764
2566,-0.0305819,0.999717,996.826
2567,0.264303,0.40824,996.846
2568,-0.111381,0.463311,997.177
2569,-0.0770534,0.890723,998.113
2570,0.0700272,-0.576577,998.531
2571,0.195829,0.765213,998.856
2572,0.124867,-0.653061,999.461
2573,0.140926,-0.251047,999.614
2574,0.182891,0.429128,999.675
2575,-0.0922839,-0.984667,1000.47
2576,0.309724,0.802615,1000.71
2577,0.069723,0.992198,1001.57
2578,-0.162423,-0.957552,1002.2
2579,0.133643,0.578601,1002.4
2580,0.140604,-0.82102,1003.32
2581,-0.320598,-0.609485,1003.4
2582,0.125178,0.995184,1004.16
2583,-0.00922119,0.998844,1005.18
2584,0.200827,-0.79125,1006.16
2585,-0.123601,-0.104206,1006.16
2586,-0.106409,0.681146,1006.78
2587,-0.180839,-0.285656,1006.79
2588,-0.149447,-0.633127,1007.03
2589,-0.324408,0.993274,1008.76
2590,-0.0546823,0.092188,1008.78
2591,-0.074531,0.0112966,1008.79
2592,-0.0778002,-0.946234,1009.55
2593,-0.00861313,-0.0825992,1009.55
2594,0.362946,0.0511909,1009.65
2595,0.232828,0.24432,1009.65
2596,0.20618,-0.751657,1010.57
2597,0.464698,-0.8475,1012.29
2598,0.123466,-0.996107,1013.54
2599,-0.143177,-0.857399,1014.05
2600,-0.226627,-0.760422,1014.34
2601,0.395658,0.999736,1014.7
2602,0.132152,-0.184831,1014.8
2603,0.573842,0.926186,1014.93
2604,-0.273424,-0.834042,1015.24
2605,-0.169982,-0.599558,1015.42
2606,-0.164774,0.530172,1015.91
2607,-0.242188,-0.993819,1016.47
2608,-0.0237938,0.495347,1016.74
2609,-0.240012,-0.964154,1017.27
2610,0.0945911,0.884103,1017.89
2611,0.0637519,0.982687,1018.73
2612,-0.121242,-0.999515,1019.51
2613,0.165402,0.974465,1020.16
2614,-0.173491,0.99179,1021.52
2615,-0.212754,-0.692111,1021.75
2616,-0.0557717,0.850666,1022.57
2617,-0.134604,0.318614,1022.78
2618,0.189323,0.973968,1023.39
2619,-0.040336,-0.570624,1023.67
2620,0.159245,-0.345627,1023.93
2621,0.06898,-0.951183,1024.97
2622,-0.080813,-0.00279901,1024.97
2623,0.206719,0.917174,1025.48
2624,-0.05901,0.99489,1026.59
2625,-0.172148,-0.906531,1027.13
2626,-0.0681629,0.99978,1028.27
2627,-0.0579745,-0.187485,1028.29
2628,0.27989,-0.314488,1028.64
2629,0.278258,0.567884,1028.72
2630,0.259535,0.455772,1028.76
2631,0.107673,0.92643,1029.43
2632,0.199314,0.286158,1029.44
2633,-0.127109,-0.112977,1029.44
2634,-0.320834,-0.968092,1029.86
2635,0.00502034,0.724156,1030.38
2636,0.203497,-0.363306,1030.7
2637,0.164799,0.999837,1031.39
2638,-0.182801,-0.0195045,1031.42
2639,-0.150527,-0.639676,1031.66
2640,-0.0254028,0.797557,1032.34
2641,0.110351,-0.966301,1033.5
2642,-0.0623533,-0.358046,1033.58
2643,-0.161128,0.91757,1034.75
2644,-0.144925,0.159211,1034.84
2645,0.115291,0.993425,1035.61
2646,-0.145507,-0.972339,1036.29
2647,-0.150462,-0.0987491,1036.3
2648,-0.196863,0.74501,1037.18
2649,-0.20424,-0.655056,1037.39
2650,-0.251317,0.999206,1038.95
2651,-0.15381,-0.997533,1039.66
2652,0.128478,0.384168,1039.73
2653,0.186004,0.387994,1039.77
2654,0.0745591,0.270428,1039.81
2655,0.208386,0.331585,1039.82
2656,0.148557,0.9127,1040.41
2657,-0.307382,-0.9308,1040.8
2658,0.123941,0.523926,1040.96
2659,-0.0905642,0.75063,1041.66
2660,0.0177692,0.557483,1041.95
2661,-0.0119484,0.906594,1042.8
2662,0.0687859,0.999631,1043.66
2663,0.318884,0.518066,1043.7
2664,0.309165,-0.264499,1044.03
2665,-0.143721,-0.986223,1044.74
2666,-0.32919,-0.911935,1045.08
2667,0.261547,0.708724,1045.28
2668,0.00685318,0.999528,1046.27
2669,0.058308,0.314011,1046.33
2670,0.120401,-0.916372,1047.41
2671,-0.0226327,-0.391516,1047.54
2672,-0.0433063,-0.743262,1048.03
2673,0.108884,0.160086,1048.04
2674,0.0997194,0.608827,1048.3
2675,0.214054,0.569011,1048.42
2676,0.190519,-0.0521212,1048.48
2677,0.352298,-0.997633,1050.3
2678,0.160358,-0.478895,1050.71
2679,0.00580514,0.410601,1050.88
2680,-0.0638429,0.52612,1051.22
2681,0.174082,0.85925,1051.69
2682,0.0351287,0.728888,1052.18
2683,-0.0672886,-0.89037,1052.85
2684,-0.171419,-0.811962,1053.26
2685,-0.184406,-0.185772,1053.26
2686,-0.242602,-0.878396,1053.67
2687,-0.106323,-0.993697,1054.45
2688,-0.0575003,0.063368,1054.47
2689,-0.00842435,-0.392379,1054.62
2690,0.233864,-0.369258,1054.98
2691,-0.137286,-0.928173,1055.61
2692,-0.158694,0.798615,1056.52
2693,0.0352932,0.253155,1056.57
2694,0.189243,0.0765648,1056.58
2695,0.408994,-0.771513,1057.98
2696,0.0988871,-0.868268,1058.91
2697,-0.0652615,-0.939144,1059.68
2698,0.0188781,-0.689258,1060.18
2699,-0.221415,-0.966154,1060.73
2700,0.399227,-0.725255,1062
2701,0.135494,0.5612,1062.18
2702,0.287205,-0.948199,1063.7
2703,0.202457,-0.416328,1064.09
2704,0.0231357,-0.812892,1064.78
2705,-0.140915,0.677265,1065.45
2706,0.296768,-0.188649,1065.69
2707,-0.128395,0.512601,1066.1
2708,0.258946,0.755191,1066.35
2709,0.0224593,-0.400566,1066.53
2710,0.04337,0.293414,1066.59
2711,0.246492,-0.512276,1067.16
2712,0.404193,-0.229978,1067.57
2713,-0.043365,0.82267,1068.32
2714,0.0647198,-0.967086,1069.38
2715,0.0907968,-0.808033,1070.19
2716,-0.175,-0.712665,1070.48
2717,-0.10416,0.900047,1071.49
2718,0.018269,-0.960887,1072.45
2719,0.0225188,0.820696,1073.08
2720,0.139342,-0.485223,1073.47
2721,-0.143399,0.577666,1073.99
2722,0.192248,0.927334,1074.53
2723,0.0895002,-0.665973,1075.1
2724,-0.221242,0.699431,1075.95
2725,0.106445,0.960537,1076.68
2726,0.173061,-0.463662,1077.09
2727,0.244662,0.998559,1077.65
2728,-0.151898,-0.96545,1078.32
2729,-0.0694741,0.989772,1079.44
2730,-0.0533596,0.682049,1079.98
2731,0.218282,-0.0107245,1080.03
2732,-0.2558,0.608842,1080.78
2733,-0.145484,-0.751747,1081.15
2734,0.0529145,-0.701084,1081.72
2735,-0.195709,-0.993518,1082.35
2736,-0.0367163,-0.592158,1082.66
2737,0.179573,-0.8481,1083.72
2738,-0.140743,0.789771,1084.58
2739,-0.221136,0.954642,1085.96
2740,-0.146006,0.33745,1086.2
2741,-0.104097,-0.400854,1086.29
2742,0.197738,0.468017,1086.36
2743,-0.00575068,0.818704,1087.04
2744,0.225536,0.834987,1087.41
2745,0.322628,0.979003,1087.84
2746,0.12046,-0.580517,1088.33
2747,0.0349487,-0.964198,1089.33
2748,0.00936687,0.476665,1089.55
2749,-0.0915875,0.717725,1090.2
2750,-0.00875233,-0.0711268,1090.21
2751,0.340745,0.587606,1090.27
2752,0.109015,-0.858801,1091.21
2753,-0.140909,-0.857673,1091.72
2754,-0.049322,0.922992,1092.67
2755,-0.0652697,0.946204,1093.69
2756,-0.0886824,0.992472,1094.86
2757,-0.0780787,0.115848,1094.89
2758,-0.0915474,-0.627284,1095.18
2759,-0.134714,0.980351,1096.43
2760,0.0845657,0.688115,1096.79
2761,-0.0956551,-0.227106,1096.81
2762,-0.0444568,-0.539956,1097.05
2763,-0.0766118,0.94937,1098.1
2764,0.106045,-0.676089,1098.72
2765,0.241334,0.199612,1098.72
2766,0.285214,0.775183,1098.96
2767,-0.0145427,0.995592,1099.98
2768,-0.469194,-0.807682,1100.09
2769,0.025029,0.0666073,1100.09
2770,-0.0418177,-0.0826402,1100.1
2771,0.161485,-0.784702,1100.99
2772,-0.272215,-0.293559,1100.99
2773,0.131064,0.756013,1101.38
2774,0.329739,-0.806851,1102.67
2775,-0.291682,-0.8381,1102.97
2776,-0.0459199,-0.552192,1103.23
2777,0.130007,-0.923775,1104.34
2778,0.217283,0.105412,1104.35
2779,-0.0264277,0.786483,1105.01
2780,-0.204848,-0.972822,1105.6
2781,0.0192816,0.721924,1106.1
2782,-0.00318931,0.819127,1106.77
2783,0.0311374,-0.00536952,1106.77
2784,0.278836,-0.620923,1107.58
2785,0.170586,0.936613,1108.17
2786,0.179583,0.586903,1108.34
2787,0.31767,0.842266,1108.61
2788,0.280927,0.951896,1109.06
2789,-0.104067,-0.268633,1109.09
2790,-0.0787303,-0.677355,1109.45
2791,-0.109711,0.224147,1109.56
2792,-0.034522,-0.877451,1110.27
2793,-0.0987261,-0.905008,1110.92
2794,0.0388337,0.311586,1110.99
2795,-0.0839091,0.892149,1111.95
2796,0.0197569,0.8452,1112.63
2797,0.145671,-0.974364,1113.88
2798,-0.131464,-0.359816,1113.93
2799,-0.0284939,0.122074,1113.96
2800,0.0351666,0.0370169,1113.96
2801,0.140432,0.587451,1114.16
2802,0.0477169,0.50418,1114.37
2803,-0.155387,0.736338,1115.16
2804,-0.628874,-0.118901,1115.42
2805,0.264062,0.358655,1115.43
2806,-0.16069,0.984082,1116.74
2807,-0.381322,-0.603021,1116.79
2808,0.255809,0.183749,1116.79
2809,0.0127763,0.00832836,1116.79
2810,0.180247,0.900156,1117.31
2811,0.190779,-0.393881,1117.65
2812,0.0447546,0.320292,1117.73
2813,-0.156072,-0.989642,1118.43
2814,-0.0928581,0.199226,1118.51
2815,-0.245787,-0.920298,1118.97
2816,0.19185,0.170481,1118.97
2817,0.105671,0.999912,1119.77
2818,0.0301926,-0.441654,1119.99
2819,-0.147558,-0.292254,1120.01
2820,-0.0510097,-0.137582,1120.02
2821,0.110513,-0.302253,1120.19
2822,0.1516,0.089445,1120.19
2823,0.273249,0.982128,1120.69
2824,0.00776316,0.844197,1121.39
2825,0.281946,-0.102205,1121.54
2826,0.279975,-0.00920924,1121.62
2827,0.0857418,0.940497,1122.36
2828,-0.179699,-0.801137,1122.74
2829,-0.146241,0.391853,1123.03
2830,-0.158406,0.990085,1124.35
2831,0.129764,0.349074,1124.4
2832,-0.399438,-0.947029,1124.7
2833,0.149498,0.535858,1124.85
2834,-0.0527371,-0.529702,1125.07
2835,0.103269,0.408176,1125.17
2836,-0.137655,0.310148,1125.37
2837,0.158499,0.999117,1126.07
2838,-0.155488,0.786728,1126.96
2839,0.0836863,-0.507971,1127.31
2840,0.257646,0.992695,1127.85
2841,0.137536,0.679276,1128.15
2842,-0.262022,-0.978894,1128.66
2843,-0.254677,-0.721623,1128.88
2844,-0.00770487,-0.887839,1129.65
2845,0.206869,-0.872182,1130.82
2846,0.17358,0.906628,1131.35
2847,0.236447,-0.0340656,1131.43
2848,-0.176677,0.123678,1131.52
2849,-0.065599,0.357849,1131.7
2850,0.202246,-0.547115,1132.26
2851,0.149748,0.551554,1132.42
2852,-0.259339,0.568786,1133.11
2853,0.355956,0.382513,1133.11
2854,-0.0302848,0.140879,1133.14
2855,-0.471659,-0.866484,1133.29
2856,0.215159,0.932896,1133.81
2857,-0.0745458,0.969918,1134.9
2858,-0.0966819,-0.890732,1135.53
2859,-0.138936,-0.398312,1135.6
2860,0.250858,0.741676,1135.84
2861,-0.0266188,0.601975,1136.23
2862,-0.0310402,0.901716,1137.1
2863,-0.0117489,-0.951647,1137.99
2864,-0.0105832,0.996498,1139
2865,0.113015,0.625413,1139.26
2866,0.120864,-0.744768,1140.01
2867,-0.101823,0.42569,1140.29
2868,-0.0596985,-0.444937,1140.44
2869,0.0758885,0.995282,1141.28
2870,0.0683321,-0.462474,1141.57
2871,-0.281405,0.816533,1142.77
2872,-0.194825,0.376481,1143.1
2873,0.232766,-0.948734,1144.49
2874,-0.0765317,0.338304,1144.67
2875,-0.232386,-0.127301,1144.68
2876,0.406505,-0.786389,1146.1
2877,0.363652,-0.476998,1146.81
2878,-0.248629,-0.968544,1147.32
2879,0.181921,0.38979,1147.37
2880,-0.0838861,0.0926457,1147.4
2881,0.162622,0.982091,1148.07
2882,0.18734,0.612968,1148.25
2883,0.356878,-0.113951,1148.47
2884,0.128828,-0.562225,1148.95
2885,-0.126589,-0.718625,1149.3
2886,0.0783319,-0.0363974,1149.31
2887,0.214411,0.997462,1149.93
2888,-0.0440162,0.975314,1150.97
2889,0.328744,0.813881,1151.2
2890,0.0679203,0.777831,1151.71
2891,0.187507,0.663014,1151.93
2892,0.133719,-0.148908,1152.01
2893,0.0659052,-0.596393,1152.45
2894,0.162784,-0.0921081,1152.52
2895,0.0884696,0.53777,1152.72
2896,-0.176658,0.855529,1153.78
2897,0.177555,-0.389079,1154.1
2898,0.465219,-0.379391,1154.82
2899,-0.00996702,-0.991811,1155.78
2900,-0.409231,-0.978531,1156.1
2901,0.0809009,0.793618,1156.61
2902,-0.0957886,0.993561,1157.8
2903,0.369283,-0.969948,1159.59
2904,0.00947147,-0.753456,1160.18
2905,-0.194622,0.270252,1160.39
2906,-0.0458476,-0.992758,1161.29
2907,0.0109169,-0.926385,1162.17
2908,-0.174554,-0.178767,1162.17
2909,-0.158496,-0.918494,1162.74
2910,-0.0128115,0.868093,1163.52
2911,0.352354,0.46622,1163.53
2912,-0.206185,0.6547,1164.27
2913,-0.365695,-0.967495,1164.64
2914,0.145648,0.549656,1164.8
2915,-0.091874,-0.233328,1164.82
2916,0.0278413,-0.302116,1164.93
2917,0.110112,-0.975004,1166.11
2918,-0.191704,-0.384116,1166.14
2919,0.0583727,0.922517,1166.89
2920,0.116626,-0.571834,1167.36
2921,-0.223525,-0.356976,1167.38
2922,0.232723,0.994498,1167.96
2923,0.277664,0.806747,1168.24
2924,0.00527253,0.00407885,1168.24
2925,-0.193744,-0.403003,1168.29
2926,-0.0259758,-0.942113,1169.12
2927,-0.200998,-0.981316,1169.73
2928,-0.149898,-0.622836,1169.96
2929,-0.201297,0.0297286,1170.01
2930,-0.215999,0.99036,1171.47
2931,0.0172578,-0.221253,1171.52
2932,0.0705515,-0.241909,1171.62
2933,0.0454409,0.999992,1172.53
2934,-0.26302,-0.978254,1173.04
2935,-0.0979288,0.845987,1173.93
2936,-0.0769475,-0.927372,1174.66
2937,0.271928,0.934503,1175.1
2938,0.156046,0.93671,1175.71
2939,-0.133567,-0.890618,1176.28
2940,-0.122931,0.96527,1177.46
2941,0.04546,-0.998006,1178.55
2942,0.0370362,-0.997647,1179.62
2943,0.223199,-0.493252,1180.14
2944,-0.0958029,-0.490119,1180.29
2945,0.465826,0.891319,1180.47
2946,0.274742,-0.741965,1181.51
2947,-0.190655,-0.466549,1181.58
2948,0.39409,0.987947,1181.93
2949,0.31159,-0.922169,1183.46
2950,-0.231469,0.552841,1184.07
2951,0.208406,0.239234,1184.07
2952,0.519261,0.196933,1184.18
2953,-0.332787,-0.986316,1184.6
2954,-0.282349,-0.994868,1185.11
2955,-0.00672155,-0.376205,1185.25
2956,0.12645,0.277099,1185.27
2957,-0.123053,0.976369,1186.48
2958,-0.242611,-0.973847,1187.01
2959,-0.136336,0.488219,1187.4
2960,-0.148816,0.137589,1187.49
2961,-0.0814046,0.382983,1187.7
2962,-0.051688,0.00426416,1187.71
2963,-0.00701847,-0.121599,1187.72
2964,-0.0315565,-0.278109,1187.78
2965,-0.225028,0.24605,1188
2966,0.280872,-0.998384,1189.64
2967,-0.186147,0.793679,1190.6
2968,-0.016851,-0.119851,1190.61
2969,-0.058735,-0.654346,1190.96
2970,-0.0417922,-0.91235,1191.72
2971,-0.0689865,-0.527192,1191.93
2972,0.0369149,0.947586,1192.76
2973,0.00978796,-0.552458,1193.08
2974,0.0493861,0.994465,1193.97
2975,0.16517,-0.16772,1194.08
2976,0.149376,0.736947,1194.43
2977,-0.0462265,-0.900526,1195.16
2978,-0.0927225,-0.119467,1195.16
2979,-0.198541,-0.765989,1195.48
2980,-0.076737,-0.953842,1196.25
2981,0.0770873,0.425427,1196.37
2982,-0.00772361,-0.0328511,1196.37
2983,0.209823,0.699017,1196.61
2984,-0.205298,-0.626828,1196.79
2985,-0.00134231,-0.229615,1196.84
2986,0.183622,-0.0719812,1196.9
2987,0.347757,0.999921,1197.33
2988,0.180088,-0.702554,1198.11
2989,0.300693,0.982191,1198.57
2990,-0.104712,-0.750033,1198.99
2991,0.0799666,0.101883,1198.99
2992,0.284101,0.986482,1199.48
2993,0.0235559,0.713465,1199.96
2994,0.294965,0.858226,1200.28
2995,0.175849,0.641858,1200.49
2996,0.333657,0.672874,1200.61
2997,0.251182,-0.844623,1201.81
2998,-0.172572,-0.198302,1201.81
2999,0.0227187,0.651758,1202.21
