t,predict_test,teacher
501,-0.0272196,-0.00331926,0.000571225
502,-0.213324,-0.571624,0.12895
503,0.00478849,-0.0348205,0.130519
504,-0.0658521,0.38375,0.332661
505,-0.0447623,-0.50502,0.544498
506,0.28637,0.519976,0.59907
507,0.0342532,-0.859837,1.39847
508,0.219581,0.132115,1.40612
509,-0.0650957,-0.052924,1.40627
510,0.0447838,0.774345,1.93852
511,-0.00972164,0.562689,2.26618
512,-0.102702,-0.635738,2.55031
513,0.100048,0.995008,3.35126
514,0.0324567,-0.54745,3.68755
515,0.0325211,-0.986186,4.72531
516,0.00315975,-0.259319,4.79421
517,0.172239,0.823939,5.21892
518,-0.0478016,0.138772,5.25373
519,0.11528,-0.146317,5.32217
520,-0.165381,0.919269,6.49863
521,0.0575319,0.9995,7.38594
522,0.00885267,-0.551372,7.69979
523,-0.0897598,-0.0276344,7.70365
524,0.0607629,-0.841579,8.51787
525,-0.127649,-0.980716,9.24559
526,-0.0745288,0.997818,10.3955
527,-0.256257,-0.785792,10.6759
528,0.0273763,0.806381,11.2828
529,-0.1877,-0.0991539,11.2906
530,0.0760285,0.69497,11.6737
531,0.00182916,0.0934084,11.6821
532,0.142036,-0.881917,12.7306
533,0.191087,-0.536256,13.2596
534,-0.0336349,-0.974496,14.1448
535,0.17513,0.987498,14.8048
536,-0.0685861,-0.493894,14.9856
537,0.0803291,-0.641262,15.5063
538,-0.150697,0.835382,16.4787
539,-0.0178715,-0.356681,16.5935
540,0.10494,0.494675,16.7454
541,0.0825654,-0.585423,17.1916
542,-0.0901954,-0.770177,17.654
543,-0.0689992,0.00862943,17.66
544,-0.00390104,-0.979652,18.6121
545,-0.134237,0.388464,18.8853
546,0.019257,-0.826281,19.6002
547,-0.0100229,0.997238,20.6148
548,-0.152358,-0.0574349,20.6238
549,0.00408718,0.987174,21.5903
550,-0.0579453,0.558079,21.9698
551,-0.0768667,-0.718126,22.381
552,-0.0485053,-0.79285,22.935
553,-0.0135332,0.83138,23.6489
554,0.100003,0.997424,24.4543
555,-0.0956195,-0.10619,24.4544
556,0.10714,-0.864002,25.3975
557,-0.089166,-0.309022,25.4458
558,0.0173376,0.320832,25.5379
559,0.0114139,-0.990675,26.5421
560,0.194033,0.272319,26.5482
561,-0.169081,0.999304,27.9134
562,0.0113235,-0.191907,27.9547
563,-0.0664665,0.908615,28.9055
564,-0.159934,0.979345,30.2034
565,-0.00316386,-0.535128,30.4864
566,-0.0648856,-0.356487,30.5714
567,-0.0154607,0.999196,31.601
568,-0.0202725,-0.996024,32.5531
569,0.0016275,0.0479207,32.5552
570,0.149714,0.221114,32.5603
571,0.00564336,-0.666923,33.0126
572,-0.0833155,-0.614549,33.2948
573,-0.0185474,-0.750282,33.8303
574,-0.125539,-0.92026,34.4619
575,0.025202,-0.971122,35.4545
576,0.164437,0.273445,35.4664
577,-0.289747,0.0973385,35.6162
578,-0.025284,0.475163,35.8667
579,0.0251705,0.928499,36.6827
580,0.0828421,-0.363084,36.8815
581,-0.0919079,-0.807505,37.3936
582,-0.079549,-0.945221,38.143
583,-0.100761,0.965595,39.2801
584,0.0499544,-0.681549,39.8152
585,-0.0139109,0.394243,39.9818
586,-0.0207591,-0.708096,40.4542
587,-0.00538775,-0.445788,40.6482
588,-0.171986,-0.387949,40.6948
589,-0.100995,-0.870775,41.2874
590,-0.07806,0.210478,41.3707
591,-0.105051,0.838813,42.2615
592,-0.148348,0.998554,43.5769
593,-0.160599,0.456449,43.9577
594,0.0411117,0.462262,44.135
595,-0.0639456,-0.559238,44.3804
596,0.0674767,0.248631,44.4132
597,-0.098847,-0.45088,44.5371
598,0.0593279,-0.0127192,44.5423
599,0.0179629,-0.828074,45.2581
600,0.18856,0.569472,45.4032
601,-0.0110837,-0.389635,45.5465
602,0.202763,0.69589,45.7896
603,-0.11939,-0.213491,45.7985
604,-0.0676159,0.981083,46.8983
605,-0.11172,-0.333995,46.9477
606,-0.124547,-0.931642,47.5991
607,-0.232256,0.856171,48.7837
608,0.0587299,0.902396,49.4955
609,-0.0590319,-0.698687,49.9047
610,-0.186619,-0.0939989,49.9133
611,0.0968138,-0.642127,50.4593
612,-0.0539058,-0.382316,50.5671
613,0.0337141,-0.0934076,50.5833
614,-0.134138,-0.989301,51.3146
615,-0.23079,-0.0165398,51.3605
616,-0.0812761,0.959069,52.4428
617,-0.101858,0.995927,53.648
618,0.0100423,0.99723,54.6225
619,0.310524,0.799939,54.862
620,-0.155262,0.78584,55.7477
621,-0.0470947,0.139511,55.7825
622,-0.126066,-0.701988,56.1142
623,0.0560176,0.745507,56.5896
624,-0.076275,0.0857941,56.6159
625,-0.00420945,0.203212,56.6589
626,-0.00346921,-0.561198,56.9699
627,0.0836372,0.64326,57.2831
628,-0.232842,0.344586,57.6165
629,0.0178396,-0.534306,57.9214
630,0.185003,0.129285,57.9245
631,-0.094808,0.0213921,57.938
632,-0.0946214,0.913429,58.9542
633,-0.102341,-0.889485,59.5738
634,-0.165503,0.912315,60.7355
635,0.0286841,0.840607,61.3947
636,0.0830065,0.127412,61.3967
637,0.0391389,-0.879489,62.2405
638,-0.00575821,-0.57217,62.5614
639,-0.0513559,-0.540179,62.8003
640,-0.0362075,0.103332,62.8198
641,-0.0269449,-0.953676,63.6786
642,-0.055841,0.93542,64.6612
643,0.236347,0.382753,64.6826
644,-0.0796747,-0.524935,64.8809
645,0.00965956,-0.546258,65.1899
646,-0.172701,-0.979993,65.8417
647,0.121015,0.967458,66.5581
648,-0.0454862,0.297724,66.6759
649,-0.0981173,0.821894,67.5223
650,0.139598,0.532529,67.6767
651,-0.100154,0.805113,68.4962
652,0.111154,-0.273732,68.6444
653,-0.0681019,0.957075,69.6954
654,-0.0978865,0.80407,70.5089
655,-0.120857,-0.942733,71.1844
656,-0.131462,0.692188,71.8628
657,-0.0825381,0.458434,72.1554
658,0.17026,0.640031,72.3761
659,-0.0124361,0.419726,72.5629
660,-0.0562848,-0.933951,73.3332
661,-0.190966,-0.771379,73.6701
662,-0.0345418,-0.900981,74.4208
663,0.208936,0.46544,74.4866
664,-0.240643,0.986374,75.9921
665,-0.147278,-0.270702,76.0074
666,0.170312,0.494818,76.1127
667,0.0446006,0.926285,76.89
668,-0.0641655,-0.48126,77.064
669,-0.0376979,-0.989526,77.97
670,0.0123805,-0.0602469,77.9753
671,0.317943,0.924318,78.343
672,-0.296778,0.336805,78.7444
673,-0.0670797,0.0968679,78.7713
674,-0.0237957,-0.985373,79.6959
675,0.0129475,0.913259,80.5064
676,-0.0185257,0.0722099,80.5147
677,0.0141401,-0.75692,81.1092
678,-0.0163012,0.456974,81.3332
679,0.218804,0.985462,81.921
680,-0.0188345,0.349464,82.0566
681,0.0202689,-0.932919,82.9652
682,0.178834,0.77108,83.3159
683,0.047788,-0.992143,84.3974
684,0.0569646,-0.329906,84.5471
685,-0.0284232,-0.944706,85.3866
686,-0.069036,0.626706,85.8707
687,-0.0591471,0.996185,86.9844
688,0.101513,-0.0846282,87.0191
689,0.00191642,-0.908736,87.8484
690,0.0231671,-0.457876,88.0798
691,-0.263325,-0.967669,88.5759
692,0.0789143,-0.744117,89.2532
693,0.0197322,-0.979248,90.2512
694,-0.14132,0.12839,90.3239
695,0.0872712,-0.449018,90.6115
696,-0.0431167,-0.675189,91.0111
697,0.0914291,0.998266,91.8334
698,0.00766015,-0.999316,92.8474
699,-0.268653,-0.789364,93.1186
700,-0.0656695,-0.103969,93.12
701,-0.107163,0.533038,93.5299
702,-0.110774,0.997666,94.7585
703,0.201373,-0.256843,94.9685
704,-0.0881671,-0.961741,95.7316
705,-0.0182263,-0.994663,96.685
706,-0.0691394,0.953722,97.7313
707,-0.0694191,0.70606,98.3327
708,-0.0261594,0.70546,98.8679
709,-0.0545496,-0.663161,99.2383
710,0.132269,0.388311,99.3039
711,-0.0611431,-0.101279,99.3055
712,-0.0135921,0.387324,99.4662
713,0.0138616,-0.960303,100.415
714,-0.16135,-0.0913347,100.42
715,0.0688115,0.96024,101.215
716,-0.0173525,0.183773,101.255
717,0.029037,-0.975961,102.265
718,-0.0929648,-0.256017,102.292
719,-0.13307,0.98403,103.54
720,0.0395748,0.786708,104.098
721,-0.0708848,-0.948117,104.867
722,0.0111343,-0.313484,104.973
723,0.0342763,-0.776509,105.63
724,0.110131,0.390684,105.709
725,0.0829225,-0.553591,106.114
726,-0.185941,-0.951012,106.699
727,-0.0464349,0.133579,106.732
728,0.0896597,0.925566,107.431
729,0.0404225,-0.837522,108.201
730,-0.103864,0.434435,108.491
731,0.119527,-0.955029,109.646
732,-0.0324088,0.231138,109.715
733,-0.113642,0.668775,110.327
734,-0.0535245,0.0344876,110.335
735,-0.00844193,-0.559053,110.638
736,0.0904542,-0.782228,111.4
737,-0.12233,0.403176,111.676
738,-0.0803789,-0.96499,112.459
739,-0.00634602,-0.833,113.142
740,-0.112361,0.497476,113.514
741,0.12095,0.0344236,113.521
742,-0.127232,-0.998454,114.28
743,0.0563263,0.978054,115.13
744,0.0048376,-0.137285,115.15
745,-0.0131737,-0.721483,115.652
746,-0.0884383,0.998313,116.833
747,0.116538,0.896301,117.441
748,0.0865149,-0.621505,117.942
749,-0.0437,0.169831,117.988
750,0.150174,-0.256044,118.153
751,-0.170417,0.086375,118.219
752,0.0992695,0.836214,118.762
753,0.072511,0.178406,118.773
754,0.159423,-0.989683,120.094
755,-0.00815032,-0.990162,121.058
756,0.0178176,0.408192,121.21
757,0.0368141,-0.389143,121.392
758,0.0860491,-0.934454,122.433
759,0.0596605,0.952909,123.231
760,0.00305431,-0.992191,124.222
761,-0.0898025,-0.998581,125.047
762,-0.0452506,0.528173,125.376
763,-0.139515,0.646589,125.994
764,-0.185739,-0.644933,126.205
765,-0.0842815,0.834158,127.049
766,-0.174541,0.490616,127.491
767,-0.110553,-0.383323,127.565
768,0.146389,0.816363,128.014
769,-0.037518,0.668874,128.513
770,-0.0139867,-0.249134,128.569
771,0.041934,0.232631,128.605
772,-0.142986,-0.0257941,128.619
773,-0.119348,-0.12573,128.619
774,-0.0142515,0.894265,129.444
775,-0.216292,-0.556305,129.56
776,0.138173,0.806195,130.006
777,-0.120748,-0.679605,130.318
778,0.0173142,0.476014,130.529
779,0.120211,0.858426,131.074
780,0.145757,-0.362981,131.332
781,-0.218568,-0.89074,131.784
782,-0.0241932,0.733256,132.358
783,-0.0881785,0.0641205,132.381
784,-0.0518668,0.565585,132.762
785,0.0250387,-0.15327,132.794
786,-0.204159,0.889636,133.991
787,0.0391575,0.763326,134.515
788,-0.0431806,0.720575,135.098
789,-0.0679497,-0.998201,135.964
790,-0.273287,0.187327,136.176
791,0.0085821,0.260237,136.239
792,0.0383357,-0.987746,137.292
793,-0.141394,0.608998,137.855
794,0.15756,0.879159,138.376
795,-0.00954109,-0.0616244,138.379
796,0.173372,-0.589662,138.961
797,-0.0948082,0.21613,139.058
798,-0.0918985,0.659626,139.622
799,0.0723807,0.233258,139.648
800,0.105406,0.731739,140.04
801,-0.0349935,-0.973862,140.922
802,0.16482,-0.175433,141.038
803,-0.14792,0.789057,141.916
804,0.0998191,-0.480952,142.253
805,0.0690655,-0.139304,142.296
806,-0.0561379,-0.852716,142.931
807,-0.0517686,-0.359715,143.026
808,0.0869079,-0.365156,143.23
809,0.0672524,-0.695349,143.812
810,-0.133752,-0.973059,144.516
811,0.0776998,0.157899,144.523
812,-0.0619929,0.978313,145.605
813,0.00176245,0.609602,145.974
814,-0.0629705,-0.223526,146
815,-0.192454,0.0336079,146.051
816,0.158593,-0.563609,146.573
817,0.0745672,-0.844411,147.417
818,0.0193316,-0.937678,148.333
819,-0.0724967,0.99792,149.479
820,-0.0385436,-0.381663,149.597
821,0.102972,0.581884,149.826
822,0.0062954,-0.310053,149.926
823,-0.0125383,-0.869853,150.661
824,-0.0021537,-0.533653,150.943
825,-0.0970839,-0.359735,151.012
826,0.210573,-0.806891,152.048
827,0.107543,-0.363033,152.269
828,-0.0235604,-0.769016,152.825
829,-0.212306,-0.476323,152.895
830,-0.0579483,0.440501,153.143
831,0.0270045,0.775669,153.704
832,-0.109212,-0.353698,153.763
833,-0.137767,0.964057,154.977
834,-0.0295829,-0.582103,155.283
835,0.00638997,-0.394715,155.443
836,-0.135782,0.530451,155.887
837,0.0414123,0.863766,156.564
838,-0.090668,0.498626,156.911
839,0.057296,-0.257694,157.01
840,-0.011152,-0.99948,157.987
841,-0.0937555,0.862563,158.901
842,0.230902,0.973905,159.453
843,-0.163161,0.975293,160.75
844,-0.0318591,0.863911,161.552
845,-0.0454601,0.122917,161.58
846,0.0345229,0.287032,161.644
847,-0.105219,-0.860845,162.215
848,-0.0252078,0.887833,163.049
849,0.051035,-0.596326,163.468
850,0.0885547,-0.227206,163.567
851,-0.0435195,-0.0616309,163.568
852,0.0138968,0.807533,164.198
853,-0.0586088,-0.754636,164.682
854,-0.0190113,-0.967945,165.583
855,0.0441808,-0.999844,166.673
856,0.0989031,0.632568,166.957
857,0.282153,0.969132,167.429
858,-0.303324,0.602753,168.25
859,0.192496,0.773803,168.588
860,-0.0491835,-0.752882,169.083
861,0.403608,0.994626,169.433
862,-0.127108,0.906429,170.501
863,-0.0351183,-0.762454,171.03
864,0.0703387,-0.673159,171.583
865,-0.038374,0.459557,171.831
866,-0.0516394,-0.998516,172.727
867,-0.080553,-0.787531,173.227
868,0.010029,0.99335,174.194
869,-0.112862,-0.0162292,174.203
870,-0.0235233,0.977958,175.206
871,0.0976374,-0.666375,175.79
872,-0.0587262,0.405622,176.006
873,-0.103902,-0.382633,176.083
874,-0.000552528,0.937045,176.962
875,-0.202832,-0.872418,177.411
876,-0.00605591,0.918266,178.265
877,-0.0065189,-0.141414,178.283
878,-0.0117226,-0.407063,178.44
879,-0.0354458,-0.305362,178.512
880,-0.163439,0.457584,178.898
881,0.133711,-0.908771,179.985
882,-0.0525695,0.0337885,179.992
883,0.00286612,-0.984455,180.967
884,-0.0149994,-0.758773,181.52
885,-0.0608219,-0.688565,181.914
886,-0.0683886,0.52933,182.272
887,-0.194877,0.832532,183.327
888,-0.0095613,0.986165,184.319
889,-0.165965,-0.999471,185.013
890,0.115263,0.971712,185.747
891,-0.0954495,-0.573001,185.975
892,0.263326,0.96734,186.471
893,-0.243265,0.97026,187.943
894,0.0455018,0.963598,188.786
895,-0.230633,-0.985005,189.355
896,-0.0327346,0.175534,189.399
897,0.0497075,-0.756255,190.048
898,-0.0679512,0.626343,190.53
899,-0.0132879,-0.752207,191.076
900,-0.121983,0.712432,191.772
901,0.127539,0.90232,192.373
902,-0.157055,0.440878,192.73
903,0.240381,0.925687,193.2
904,0.106667,0.857405,193.764
905,-0.154863,-0.413136,193.83
906,0.152254,0.877754,194.357
907,-0.161174,-0.231175,194.361
908,0.0181534,-0.235907,194.426
909,0.0980474,-0.331435,194.61
910,0.0354514,-0.366918,194.772
911,0.152509,0.757559,195.138
912,0.321233,0.977917,195.57
913,-0.198074,0.0310292,195.622
914,0.0303079,0.782753,196.188
915,-0.0505934,-0.617738,196.51
916,0.251322,0.982573,197.045
917,-0.184593,-0.622415,197.236
918,0.233546,0.679215,197.435
919,-0.00958026,0.429246,197.628
920,0.176026,0.140365,197.629
921,0.0103443,-0.495943,197.885
922,0.00769661,0.587676,198.222
923,0.0224207,-0.932913,199.134
924,-0.0802487,0.677713,199.709
925,-0.132551,0.51819,200.132
926,-0.143558,-0.452622,200.228
927,0.126762,0.325066,200.267
928,-0.110712,0.908056,201.305
929,-0.238982,-0.703583,201.521
930,0.0997192,0.890324,202.146
931,-0.0944133,-0.389005,202.233
932,-0.0146656,-0.443856,202.417
933,0.0799605,-0.763572,203.128
934,-0.0879432,0.924313,204.153
935,0.113958,0.0747248,204.155
936,-0.0726844,0.900863,205.102
937,-0.0191835,-0.774362,205.673
938,-0.0351379,0.927084,206.599
939,0.080866,-0.551974,206.999
940,-0.152992,-0.679342,207.276
941,0.149507,0.974505,207.957
942,-0.0119109,-0.983753,208.901
943,-0.0824647,0.993447,210.059
944,-0.0842933,-0.84795,210.642
945,0.0184124,-0.129264,210.664
946,-0.0995134,0.180169,210.742
947,-0.0418807,0.999993,211.828
948,0.107413,-0.444138,212.132
949,-0.00377749,-0.543665,212.423
950,0.0511259,-0.881377,213.293
951,0.0066396,0.997756,214.275
952,0.133187,0.448874,214.375
953,-0.3316,0.108278,214.568
954,-0.0432214,0.707061,215.131
955,-0.13646,0.808864,216.025
956,-0.124311,0.94977,217.178
957,-0.0803923,-0.240023,217.204
958,0.0611375,0.846863,217.821
959,-0.192209,-0.252223,217.825
960,0.0510874,0.951008,218.635
961,0.0523772,-0.781319,219.33
962,-0.0976754,-0.99222,220.13
963,-0.014631,0.978209,221.116
964,-0.0764614,0.827887,221.934
965,-0.114915,-0.860914,222.49
966,0.22676,-0.923788,223.814
967,-0.0924324,-0.821665,224.346
968,0.0454495,0.26391,224.393
969,-0.0927689,0.238526,224.503
970,0.0399361,0.268795,224.555
971,-0.0711094,0.70029,225.151
972,0.000900537,-0.720472,225.671
973,-0.0447743,0.787202,226.363
974,-0.0366174,-0.132225,226.372
975,-0.0684042,0.6141,226.838
976,-0.267835,0.49585,227.421
977,-0.138225,-0.833569,227.905
978,0.029213,-0.539909,228.229
979,0.0411891,0.984063,229.118
980,-0.0724519,-0.970506,229.924
981,-0.0674212,-0.0848667,229.924
982,-0.0093913,-0.998841,230.903
983,-0.10525,0.145395,230.966
984,0.10285,-0.435193,231.256
985,0.133047,0.350077,231.303
986,0.128586,-0.00986327,231.322
987,-0.113692,-0.962897,232.043
988,0.204257,-0.450141,232.471
989,-0.0334874,-0.954391,233.32
990,-0.105962,-0.214267,233.331
991,-0.136033,-0.969879,234.027
992,-0.0309238,0.739641,234.62
993,-0.0283759,-0.586039,234.931
994,-0.0346982,0.921326,235.845
995,0.07758,-0.289763,235.98
996,-0.194807,0.329447,236.255
997,0.141795,0.945511,236.901
998,0.124818,0.659627,237.187
999,-0.185293,-0.724679,237.478
1000,0.134528,0.764031,237.874
1001,-0.213442,-0.144011,237.879
1002,0.171316,0.307206,237.898
1003,-0.0450265,0.913274,238.816
1004,0.200042,0.569547,238.952
1005,-0.14329,0.99513,240.248
1006,0.162013,-0.714202,241.016
1007,-0.0431872,0.817342,241.757
1008,0.121827,-0.324324,241.956
1009,-0.106284,0.546065,242.381
1010,-0.159798,0.333858,242.625
1011,0.147043,-0.99699,243.934
1012,0.00930694,-0.959235,244.872
1013,-0.114935,-0.542942,245.055
1014,0.0201347,0.00851085,245.055
1015,0.000201723,0.31474,245.154
1016,0.00475164,-0.998841,246.161
1017,0.0419825,0.19026,246.183
1018,-0.269769,-0.987156,246.698
1019,0.0260391,-0.764642,247.323
1020,0.0390459,-0.71058,247.885
1021,-0.153666,0.106005,247.953
1022,-0.0811797,0.120334,247.993
1023,-0.074982,0.786838,248.736
1024,-0.0446535,-0.938293,249.534
1025,-0.168573,0.868372,250.61
1026,0.156998,0.874275,251.124
1027,-0.081099,-0.99294,251.956
1028,0.15595,0.431853,252.032
1029,-0.0647351,-0.191623,252.048
1030,0.164455,0.168601,252.048
1031,-0.0367411,-0.999882,252.976
1032,-0.170315,-0.886357,253.488
1033,-0.158397,0.260663,253.664
1034,-0.117437,-0.0818384,253.665
1035,-0.0523435,0.999925,254.772
1036,-0.00195317,0.0104282,254.773
1037,-0.0811677,0.167478,254.834
1038,-0.0186016,-0.917162,255.642
1039,-0.0117534,-0.94952,256.521
1040,0.00569695,0.974878,257.461
1041,0.0621234,-0.83202,258.26
1042,0.0840943,-0.784966,259.015
1043,0.0593537,0.28684,259.067
1044,0.308408,0.870467,259.383
1045,-0.0761312,-0.869964,260.013
1046,0.24633,0.877694,260.412
1047,0.0776809,-0.0776651,260.436
1048,0.311248,0.59292,260.515
1049,-0.149718,-0.551602,260.677
1050,0.186135,0.453102,260.748
1051,-0.125779,-0.845161,261.265
1052,0.00788174,0.31429,261.359
1053,-0.0104139,-0.951591,262.245
1054,0.145308,0.0462312,262.255
1055,-0.175606,0.99825,263.633
1056,-0.0132643,0.215668,263.685
1057,0.0880021,0.910265,264.361
1058,-0.102813,0.294235,264.519
1059,0.0684334,0.860304,265.146
1060,-0.141479,-0.212414,265.151
1061,0.159916,0.851125,265.629
1062,-0.082231,0.630399,266.137
1063,0.211478,0.764746,266.443
1064,-0.141014,0.720526,267.185
1065,0.11194,0.964054,267.911
1066,-0.0497021,-0.707414,268.344
1067,-0.0928628,0.6458,268.889
1068,0.0936704,0.0404587,268.892
1069,-0.0875558,0.640941,269.423
1070,-0.0086157,0.222438,269.476
1071,-0.0355056,-0.958357,270.328
1072,0.0662254,0.508848,270.524
1073,-0.265037,0.499934,271.109
1074,-0.0361587,0.863151,271.918
1075,-0.190105,0.404346,272.271
1076,-0.197346,0.798364,273.263
1077,-0.135834,0.463909,273.622
1078,-0.0763155,0.969748,274.717
1079,-0.119742,0.898831,275.754
1080,-0.120176,0.361233,275.986
1081,0.0854993,0.281295,276.024
1082,-0.0141366,-0.986876,276.97
1083,-0.0473696,-0.131392,276.978
1084,-0.169025,-0.748481,277.313
1085,0.231339,0.749655,277.582
1086,-0.0762224,-0.0872534,277.582
1087,0.127386,0.974443,278.3
1088,-0.174778,0.117643,278.385
1089,0.166002,-0.497172,278.825
1090,0.0363487,-0.373736,278.993
1091,-0.132241,-0.900716,279.584
1092,0.0978471,0.993079,280.385
1093,0.0850817,0.617356,280.668
1094,-0.197454,-0.651979,280.875
1095,-0.267318,0.931952,282.313
1096,0.016459,0.773072,282.886
1097,-0.0110473,-0.948304,283.764
1098,-0.176078,0.999842,285.147
1099,0.0283427,0.444044,285.32
1100,-0.0800601,-0.926581,286.036
1101,0.122301,-0.127263,286.099
1102,-0.128549,-0.167516,286.1
1103,0.0110331,-0.30645,286.201
1104,-0.0710549,0.567499,286.609
1105,-0.229756,0.309094,286.899
1106,-0.000977064,0.999996,287.901
1107,0.0812456,0.0256568,287.904
1108,-0.208911,0.683486,288.7
1109,0.0873102,0.880649,289.33
1110,-0.11718,-0.952188,290.027
1111,0.148524,-0.856403,291.037
1112,0.0572644,0.574491,291.304
1113,0.28202,0.635476,291.429
1114,-0.215496,0.897742,292.669
1115,-0.158732,-0.086016,292.674
1116,-0.074211,-0.276939,292.715
1117,-0.189937,0.830679,293.757
1118,0.100863,0.973889,294.519
1119,-0.0416731,-0.6737,294.918
1120,0.0486064,0.451627,295.081
1121,0.139005,-0.803863,295.97
1122,-0.0505147,0.896646,296.867
1123,-0.00793249,-0.987409,297.826
1124,0.00327244,-0.935566,298.708
1125,-0.0815296,-0.781078,299.197
1126,0.0545894,-0.97468,300.256
1127,-0.138356,-0.977354,300.96
1128,0.155428,0.904286,301.521
1129,0.0282433,-0.953747,302.485
1130,-0.108226,0.225412,302.597
1131,0.189268,0.808928,302.981
1132,0.0283792,0.959234,303.847
1133,-0.0358048,-0.851482,304.513
1134,-0.0792999,-0.820798,305.062
1135,-0.00217785,-0.402702,305.223
1136,-0.0160182,0.438184,305.429
1137,0.104998,0.917434,306.089
1138,-0.0658266,-0.709862,306.504
1139,-0.0645206,0.173267,306.56
1140,0.0552859,0.706374,306.984
1141,-0.146692,-0.994138,307.703
1142,-0.15979,-0.324419,307.73
1143,-0.271291,0.85341,308.995
1144,0.0356322,0.241493,309.037
1145,-0.161857,-0.163211,309.037
1146,-0.0457397,0.734979,309.647
1147,-0.0173251,0.872354,310.438
1148,-0.0595436,0.659436,310.955
1149,0.0910484,0.276377,310.989
1150,-0.109283,0.843682,311.897
1151,-0.109573,-0.499352,312.049
1152,-0.144585,0.867881,313.074
1153,0.0551005,0.712933,313.507
1154,0.000456579,0.303518,313.599
1155,-0.0144659,-0.999948,314.57
1156,-0.0860151,0.620011,315.069
1157,0.201897,0.131544,315.074
1158,-0.097691,-0.983945,315.859
1159,0.187273,0.681598,316.103
1160,-0.0312392,0.42983,316.316
1161,0.0091168,-0.559011,316.639
1162,-0.276524,-0.958689,317.104
1163,0.0476468,-0.430971,317.333
1164,-0.0240586,-0.854618,318.023
1165,-0.0284347,0.324004,318.147
1166,-0.0372439,-0.015032,318.148
1167,0.191029,0.459594,318.22
1168,-0.274002,0.995902,319.833
1169,-0.0233307,-0.564986,320.126
1170,-0.135498,0.516203,320.551
1171,0.154693,0.994983,321.257
1172,0.243689,0.444662,321.297
1173,-0.0351287,-0.877573,322.007
1174,-0.0878974,0.985828,323.16
1175,0.0304956,-0.146532,323.191
1176,-0.100212,0.842395,324.08
1177,-0.119607,0.637786,324.653
1178,-0.187334,-0.419153,324.707
1179,-0.24318,0.443348,325.178
1180,-0.130534,0.470037,325.539
1181,-0.100041,0.95751,326.657
1182,-0.0497219,0.825594,327.424
1183,-0.0170277,0.601193,327.806
1184,-0.119049,0.937987,328.923
1185,0.0115495,0.56652,329.231
1186,-0.102257,-0.843507,329.781
1187,0.115193,0.670046,330.088
1188,0.0615008,0.488436,330.271
1189,0.106645,-0.833335,331.154
1190,-0.0834154,-0.33948,331.22
1191,-0.0805198,0.354536,331.409
1192,-0.270288,-0.775601,331.664
1193,0.201338,0.994914,332.294
1194,-0.128886,0.143999,332.369
1195,0.0539511,0.131454,332.375
1196,0.0602241,-0.280983,332.491
1197,0.190431,-0.268536,332.702
1198,-0.109516,0.711452,333.376
1199,0.0668068,-0.997985,334.51
1200,0.0223065,-0.990943,335.536
1201,0.0412964,0.754488,336.045
1202,-0.0248837,-0.990283,336.977
1203,-0.178579,-0.782281,337.341
1204,-0.0640334,-0.870394,337.992
1205,-0.0876992,-0.479449,338.145
1206,-0.125612,-0.628771,338.398
1207,0.182758,0.995821,339.059
1208,-0.0281007,0.260645,339.143
1209,0.0114648,-0.995458,340.156
1210,-0.0158599,-0.852425,340.856
1211,-0.142753,-0.798752,341.287
1212,-0.0271671,0.0783428,341.298
1213,-0.078495,0.995808,342.452
1214,-0.066399,-0.0815475,342.452
1215,0.201844,-0.774688,343.406
1216,-0.00778511,-0.988326,344.367
1217,0.102907,-0.998521,345.58
1218,-0.00533142,-0.944267,346.462
1219,-0.184081,-0.957777,347.061
1220,0.00637098,-0.256249,347.13
1221,0.0469233,-0.655141,347.622
1222,-0.128469,0.227256,347.749
1223,-0.136903,0.571691,348.251
1224,-0.0914042,-0.598603,348.508
1225,-0.142614,-0.190315,348.511
1226,0.176497,0.43156,348.576
1227,-0.125608,0.0504964,348.607
1228,0.123187,-0.132368,348.672
1229,-0.0519163,0.983099,349.743
1230,-0.0779706,-0.378628,349.834
1231,0.0580449,-0.35779,350.007
1232,0.0169339,-0.597796,350.384
1233,0.03289,-0.925351,351.303
1234,-0.00309948,-0.425993,351.482
1235,-0.124187,-0.0835691,351.483
1236,-0.189127,0.995148,352.886
1237,0.21073,-0.105454,352.986
1238,-0.122014,-0.621927,353.236
1239,0.187868,0.956723,353.827
1240,-0.0693393,0.557634,354.22
1241,-0.0674155,-0.121496,354.223
1242,0.157951,0.192726,354.224
1243,-0.0599637,-0.807371,354.783
1244,0.113258,0.559781,354.982
1245,-0.0200906,0.331425,355.105
1246,0.0709534,0.269401,355.145
1247,-0.0195245,-0.998617,356.103
1248,0.0431213,0.955286,356.936
1249,-0.108886,0.473751,357.275
1250,-0.0374493,-0.735889,357.763
1251,-0.0377288,0.393367,357.949
1252,-0.00667993,-0.999357,358.934
1253,-0.0187265,0.762105,359.544
1254,-0.260813,-0.388578,359.56
1255,0.192125,-0.0601741,359.624
1256,-0.073355,-0.999972,360.482
1257,0.172394,0.901104,361.013
1258,-0.0886743,0.0472002,361.032
1259,-0.106446,0.565247,361.483
1260,-0.020514,0.6175,361.89
1261,0.0280596,0.527826,362.14
1262,0.319192,0.878732,362.453
1263,-0.190532,0.0477088,362.51
1264,0.10944,-0.0135037,362.525
1265,0.0218948,-0.672004,363.006
1266,-0.188267,-0.611376,363.185
1267,0.143602,0.769967,363.578
1268,-0.103058,-0.140361,363.579
1269,0.0299708,0.973019,364.468
1270,-0.0298057,-0.273906,364.528
1271,-0.0532363,0.595402,364.949
1272,-0.0660343,-0.683936,365.331
1273,-0.0213829,-0.968093,366.227
1274,0.253893,0.999362,366.782
1275,-0.152884,0.375853,367.062
1276,-0.194881,-0.875512,367.525
1277,-0.119714,-0.50137,367.671
1278,-0.134988,0.961296,368.873
1279,0.0187602,0.965204,369.769
1280,0.232737,0.433362,369.809
1281,-0.0302178,0.995803,370.862
1282,-0.123625,-0.993578,371.618
1283,-0.127823,-0.211672,371.625
1284,0.0758975,-0.805853,372.403
1285,-0.0951873,0.992662,373.586
1286,0.139811,0.772257,373.986
1287,-0.0196316,-0.749366,374.519
1288,-0.104234,0.967304,375.667
1289,-0.0922588,-0.180393,375.675
1290,-0.0506905,0.894952,376.569
1291,-0.0243474,-0.999891,377.521
1292,0.146417,0.995775,378.242
1293,-0.142162,-0.520585,378.385
1294,0.101246,0.957541,379.119
1295,-0.0821915,-0.397761,379.218
1296,0.0130469,-0.897697,380.048
1297,0.0804869,0.498832,380.223
1298,-0.0992897,-0.668755,380.547
1299,0.0154344,0.0645954,380.549
1300,0.0873456,0.158721,380.554
1301,0.0462909,-0.373389,380.731
1302,-0.276822,-0.999971,381.253
1303,-0.0462247,0.204899,381.317
1304,0.000375556,-0.744903,381.872
1305,0.0517409,0.896915,382.586
1306,-0.0457154,-0.253998,382.63
1307,-0.0890435,0.245366,382.741
1308,-0.0730559,-0.777538,383.238
1309,-0.0586056,0.663306,383.759
1310,-0.233528,-0.461057,383.811
1311,0.0620361,0.999564,384.69
1312,-0.113784,-0.968611,385.42
1313,-0.0138616,0.205381,385.468
1314,0.234105,0.99983,386.055
1315,-0.278409,0.605548,386.836
1316,0.0534921,0.962966,387.663
1317,0.0610582,0.526363,387.88
1318,0.185905,0.704095,388.148
1319,-0.250574,-0.760306,388.408
1320,-0.170488,-0.25929,388.416
1321,-0.170722,0.419463,388.764
1322,-0.133283,0.74038,389.528
1323,-0.0411379,0.455431,389.774
1324,-0.138649,0.963891,390.99
1325,0.128267,0.986834,391.727
1326,-0.0901365,0.423131,391.99
1327,-0.0817272,-0.162412,391.997
1328,-0.0272817,0.99454,393.041
1329,-0.104443,-0.629746,393.317
1330,-0.00195543,0.892719,394.117
1331,0.188119,-0.990598,395.507
1332,-0.0664977,0.264411,395.616
1333,0.112837,0.762126,396.038
1334,-0.0445075,-0.633853,396.385
1335,0.151086,0.728831,396.719
1336,-0.155605,-0.585966,396.904
1337,0.0875389,0.934712,397.622
1338,-0.0531874,-0.365502,397.719
1339,-0.169519,-0.971365,398.362
1340,-0.0922815,-0.638673,398.661
1341,-0.188028,0.161284,398.783
1342,0.200798,0.543538,398.9
1343,0.114352,-0.365027,399.13
1344,-0.0293597,-0.766359,399.673
1345,0.133568,0.992904,400.412
1346,-0.163258,0.587554,400.976
1347,0.133468,0.59222,401.186
1348,0.0801938,-0.198468,401.264
1349,-0.109949,-0.611057,401.515
1350,-0.0253224,0.0318464,401.518
1351,-0.0186678,0.462099,401.749
1352,0.0947158,-0.437182,402.032
1353,-0.293418,0.999399,403.704
1354,-0.073845,0.740975,404.367
1355,-0.179001,0.958555,405.661
1356,-0.10769,0.820692,406.523
1357,-0.0184156,0.290312,406.619
1358,0.197321,0.708549,406.88
1359,-0.100919,-0.886631,407.497
1360,0.142499,0.140799,407.497
1361,-0.24189,0.959868,408.942
1362,0.0122631,0.857984,409.657
1363,-0.100318,-0.406237,409.75
1364,-0.0198987,0.487395,410.008
1365,-0.165464,0.90566,411.155
1366,0.00763617,0.875143,411.908
1367,0.179279,0.375288,411.946
1368,-0.154471,0.550934,412.444
1369,0.0302386,0.437463,412.609
1370,0.0725041,-0.666368,413.155
1371,-0.00932082,0.683896,413.636
1372,0.0439718,-0.350465,413.792
1373,-0.0852816,-0.193857,413.803
1374,0.182837,0.940236,414.377
1375,-0.0839293,0.253181,414.491
1376,-0.0188909,0.473159,414.733
1377,-0.105852,0.760398,415.483
1378,-0.0540463,-0.0698763,415.483
1379,0.191917,-0.407065,415.842
1380,0.0421876,-0.803435,416.557
1381,-0.0305325,-0.992526,417.483
1382,-0.130399,0.808033,418.363
1383,-0.0667084,-0.384104,418.464
1384,0.000526342,0.798457,419.101
1385,-0.152151,0.0805179,419.155
1386,0.085967,0.929414,419.866
1387,-0.11148,-0.997935,420.652
1388,-0.259155,-0.824336,420.972
1389,-0.0410907,0.737398,421.578
1390,-0.213014,-0.736804,421.852
1391,-0.015352,0.980746,422.844
1392,-0.343967,-0.206859,422.863
1393,0.135864,0.257441,422.878
1394,-0.0394461,-0.944528,423.697
1395,0.119565,0.313841,423.735
1396,-0.0645293,-0.977194,424.568
1397,0.200647,0.994339,425.198
1398,-0.110649,-0.564074,425.403
1399,0.0829647,-0.838342,426.252
1400,-0.0730522,0.903616,427.206
1401,0.105404,0.999774,428.006
1402,0.0374113,0.559015,428.278
1403,0.119177,-0.855945,429.229
1404,-0.11817,-0.0138943,429.24
1405,-0.170077,-0.807468,429.646
1406,-0.000225573,-0.171576,429.675
1407,-0.0652638,0.379517,429.873
1408,-0.128433,-0.962052,430.568
1409,0.0892059,0.999928,431.397
1410,-0.0598069,-0.497598,431.589
1411,0.0906578,0.219231,431.606
1412,-0.0333426,-0.909312,432.373
1413,-0.059924,0.36802,432.556
1414,0.208608,-0.358724,432.878
1415,0.00988364,-0.766727,433.481
1416,-0.105542,-0.853131,434.04
1417,0.107285,0.790135,434.506
1418,-0.0249847,-0.0677766,434.508
1419,0.0558057,0.89916,435.219
1420,-0.185777,-0.27959,435.228
1421,0.116955,0.660067,435.523
1422,-0.063794,-0.932942,436.278
1423,-0.0745931,-0.226348,436.301
1424,-0.0768883,0.47526,436.606
1425,-0.0553454,0.207931,436.676
1426,-0.0490502,-0.998611,437.577
1427,-0.0625176,0.992269,438.69
1428,-0.184764,0.0513406,438.746
1429,-0.000100153,-0.455835,438.953
1430,0.168523,0.74703,439.288
1431,-0.224199,0.83315,440.406
1432,0.187274,0.081297,440.417
1433,0.00619466,-0.98993,441.409
1434,-0.0711575,-0.915178,442.122
1435,-0.146234,-0.932246,442.74
1436,-0.142853,-0.666869,443.014
1437,0.143713,0.173031,443.015
1438,-0.0934954,0.941416,444.086
1439,0.0215108,-0.0939007,444.099
1440,-0.154,-0.451142,444.188
1441,0.121847,0.855612,444.726
1442,-0.0546627,0.645078,445.216
1443,0.079189,-0.488949,445.539
1444,-0.0412161,-0.450523,445.706
1445,-0.0951743,-0.826473,446.241
1446,-0.238305,0.901697,447.541
1447,-0.0527707,0.438595,447.782
1448,-0.221089,-0.833527,448.157
1449,0.0489297,0.830315,448.768
1450,-0.0796594,-0.415553,448.88
1451,-0.0284093,-0.433104,449.044
1452,-0.0412819,0.942685,450.012
1453,-0.105167,-0.981212,450.78
1454,0.0669382,0.416474,450.902
1455,-0.171434,0.617146,451.524
1456,0.0201104,-0.405599,451.705
1457,0.0578712,-0.138894,451.744
1458,0.0714732,-0.557283,452.139
1459,0.0149253,-0.878114,452.937
1460,-0.0254888,-0.671216,453.354
1461,-0.0643895,-0.989575,454.21
1462,-0.189116,-0.415356,454.261
1463,0.0542412,0.769378,454.772
1464,0.033237,-0.844659,455.543
1465,-0.0873976,-0.867913,456.152
1466,0.130671,0.773863,456.566
1467,-0.131535,0.878626,457.586
1468,-0.111113,0.937165,458.685
1469,-0.0459988,0.897809,459.576
1470,-0.074073,-0.393366,459.678
1471,0.096399,0.998169,460.491
1472,-0.154349,-0.752917,460.849
1473,0.22387,0.819248,461.204
1474,-0.123159,0.965498,462.389
1475,-0.0622007,0.976782,463.468
1476,-0.00406541,0.201531,463.511
1477,-0.193296,-0.794697,463.872
1478,-0.0973444,0.0268493,463.888
1479,0.108972,0.184891,463.894
1480,-0.0554333,0.873697,464.757
1481,-0.0421725,-0.891691,465.479
1482,0.0892029,-0.956933,466.573
1483,-0.173143,0.158309,466.683
1484,0.147199,0.60126,466.889
1485,0.0588524,-0.0452962,466.9
1486,-0.0282553,-0.346203,467.001
1487,-0.0590104,-0.780331,467.521
1488,-0.0316766,-0.886987,468.253
1489,-0.0826381,-0.0684645,468.253
1490,0.16212,0.813058,468.677
1491,-0.12651,0.383874,468.937
1492,-0.0273814,0.161918,468.973
1493,-0.0973338,0.925779,470.02
1494,0.0388911,0.996559,470.937
1495,0.0226449,0.550603,471.216
1496,-0.0115626,-0.997424,472.188
1497,0.0349268,0.279298,472.247
1498,-0.140965,-0.969532,472.934
1499,0.00790757,0.724355,473.447
1500,-0.0919853,0.789265,474.224
1501,-0.0850565,0.880053,475.155
1502,-0.0472432,-0.383655,475.268
1503,0.218563,0.251647,475.269
1504,-0.0749658,0.265524,475.385
1505,-0.0340619,0.808855,476.096
1506,-0.202283,-0.958589,476.668
1507,-0.0531126,-0.272805,476.716
1508,-0.0463099,-0.762088,477.228
1509,-0.0837494,0.997359,478.397
1510,0.0616141,-0.198733,478.465
1511,0.0543275,0.50766,478.671
1512,-0.0518995,-0.91388,479.414
1513,-0.0217896,0.467795,479.653
1514,0.0272981,-0.469377,479.9
1515,0.0516404,0.833401,480.511
1516,0.211971,-0.172868,480.659
1517,-0.0759217,-0.134023,480.663
1518,0.10601,0.999174,481.46
1519,0.0204438,-0.269478,481.544
1520,-0.105488,-0.268381,481.571
1521,0.205493,0.944922,482.118
1522,-0.0414,0.974499,483.15
1523,0.00429525,-0.919133,484.002
1524,-0.103022,-0.978427,484.769
1525,-0.0196554,0.205714,484.82
1526,0.0952317,-0.317167,484.99
1527,0.0058244,0.144707,485.009
1528,0.178207,0.828853,485.432
1529,-0.199872,0.0950245,485.519
1530,-0.207385,0.920281,486.791
1531,-0.0325791,0.71462,487.349
1532,0.0188768,-0.192647,487.394
1533,-0.0687717,0.493038,487.71
1534,-0.0331263,-0.029747,487.71
1535,-0.0557972,0.954775,488.731
1536,-0.0510226,-0.958673,489.555
1537,-0.123838,0.522927,489.973
1538,-0.0326579,0.901286,490.845
1539,-0.00578421,0.987604,491.832
1540,-0.0285032,-0.136417,491.844
1541,0.0698002,-0.60686,492.302
1542,0.133569,-0.998359,493.583
1543,0.0311819,0.0344797,493.583
1544,-0.0105021,-0.96468,494.493
1545,-0.0101325,0.515685,494.77
1546,-0.102563,0.999761,495.985
1547,-0.0483041,-0.50295,496.192
1548,0.114221,-0.112557,496.243
1549,-0.13212,0.10845,496.301
1550,-0.00941752,0.828573,497.003
1551,-0.0230965,-0.996159,497.95
1552,0.0380134,-0.041033,497.956
1553,0.225852,0.783835,498.268
1554,-0.0413786,-0.766453,498.793
1555,-0.0220302,0.94855,499.735
1556,0.130754,0.554571,499.915
1557,-0.179364,0.170265,500.037
1558,0.102357,0.998895,500.841
1559,-0.0186853,-0.676791,501.274
1560,0.0366705,-0.942409,502.233
1561,0.0133068,-0.78398,502.868
1562,-0.140639,-0.989888,503.59
1563,-0.0153166,0.600037,503.968
1564,0.114709,0.458631,504.086
1565,0.0113501,-0.345361,504.214
1566,-0.279831,-0.837032,504.524
1567,-0.0333473,-0.997641,505.454
1568,0.0104037,-0.846469,506.188
1569,0.0111748,0.271549,506.256
1570,-0.184214,-0.916415,506.792
1571,0.0185032,0.952891,507.665
1572,-0.00232973,-0.928623,508.523
1573,-0.177849,-0.00691791,508.553
1574,0.132463,0.881876,509.114
1575,-0.0200658,-0.910667,509.907
1576,0.0314095,-0.836254,510.66
1577,-0.110785,-0.732751,511.047
1578,0.0376926,-0.998648,512.121
1579,-0.010189,-0.272961,512.19
1580,-0.0152016,-0.785308,512.783
1581,0.0604703,-0.0700866,512.8
1582,-0.0418652,-0.873792,513.492
1583,0.134028,-0.909644,514.581
1584,0.0602908,-0.6707,515.116
1585,-0.207795,-0.908498,515.607
1586,-0.0139272,0.432915,515.806
1587,0.0704505,-0.0768617,515.828
1588,-0.255264,-0.0742623,515.861
1589,0.193781,0.814104,516.246
1590,-0.0393171,0.790644,516.935
1591,-0.0808817,-0.831906,517.499
1592,-0.0106571,-0.171107,517.524
1593,-0.0865094,0.397985,517.759
1594,-0.0831938,0.996296,518.924
1595,0.00198478,-0.179345,518.957
1596,-0.196722,-0.99765,519.599
1597,-0.0976704,-0.564719,519.817
1598,-0.219019,-0.34735,519.833
1599,0.0640488,0.435889,519.972
1600,-0.00299475,-0.672669,520.42
1601,0.0823967,-0.313427,520.577
1602,-0.148538,-0.626647,520.805
1603,-0.0874104,0.69115,521.412
1604,-0.0228864,-0.941589,522.256
1605,0.134501,-0.776629,523.086
1606,-0.113904,0.787692,523.899
1607,-0.0771049,-0.956642,524.672
1608,-0.105815,0.545444,525.096
1609,0.131015,0.290321,525.122
1610,0.00893056,-0.323077,525.232
1611,-0.146827,-0.895037,525.792
1612,-0.292666,0.288634,526.13
1613,-0.0998973,-0.665961,526.45
1614,-0.0139402,-0.942229,527.312
1615,0.032842,0.990035,528.228
1616,-0.0725835,-0.519189,528.427
1617,0.0584742,-0.699102,529.001
1618,-0.0825745,-0.807511,529.527
1619,0.0660944,-0.286024,529.651
1620,0.019831,-0.391383,529.82
1621,-0.130613,-0.983174,530.547
1622,0.218106,0.99971,531.158
1623,0.0324633,-0.76123,531.788
1624,-0.0463035,-0.977145,532.654
1625,-0.0473077,-0.891709,533.367
1626,0.0164794,-0.974427,534.349
1627,0.00742156,-0.622277,534.746
1628,-0.13979,0.996256,536.036
1629,-0.0603319,-0.0940218,536.037
1630,-0.0727068,-0.667211,536.391
1631,0.0479376,0.409416,536.521
1632,-0.0112409,-0.908304,537.326
1633,0.0152487,-0.84977,538.074
1634,-0.135883,0.51673,538.5
1635,-0.246197,-0.781216,538.787
1636,-0.131905,0.512302,539.202
1637,-0.0769672,0.83798,540.039
1638,0.175118,0.970822,540.672
1639,-0.0214289,-0.982636,541.596
1640,-0.0456537,-0.854468,542.25
1641,-0.0587877,-0.909139,542.973
1642,-0.176718,-0.329693,542.996
1643,0.175904,0.931877,543.568
1644,-0.0215546,0.691922,544.077
1645,-0.064534,-0.982442,544.92
1646,-0.116096,0.557069,545.373
1647,0.117397,0.925875,546.026
1648,-0.0521909,0.211948,546.096
1649,0.016937,-0.632024,546.517
1650,-0.0672919,-0.223409,546.542
1651,-0.080617,0.192307,546.616
1652,-0.0721687,0.984655,547.733
1653,-0.00381969,-0.549183,548.03
1654,-0.0123472,-0.575086,548.347
1655,-0.177036,0.312846,548.587
1656,-0.022136,-0.848132,549.269
1657,0.198952,0.842004,549.683
1658,-0.282559,0.860241,550.989
1659,0.041788,-0.780033,551.664
1660,0.2189,-0.0539924,551.739
1661,-0.0148265,0.72719,552.289
1662,-0.119082,-0.927576,552.943
1663,-0.0789588,0.424569,553.196
1664,0.0497163,-0.839083,553.986
1665,-0.100001,0.616849,554.5
1666,0.0312858,0.620383,554.847
1667,-0.109342,0.898171,555.862
1668,0.0410019,-0.929936,556.805
1669,0.0162338,-0.00911381,556.806
1670,0.0703298,0.691886,557.192
1671,-0.0104658,-0.98324,558.138
1672,-0.182604,0.483518,558.582
1673,0.186715,-0.270546,558.791
1674,-0.0390404,-0.999989,559.715
1675,-0.095095,-0.98034,560.498
1676,-0.0349847,-0.822945,561.119
1677,0.196469,0.936932,561.667
1678,-0.198598,0.748477,562.564
1679,0.195796,-0.669094,563.312
1680,-0.0994853,-0.251186,563.335
1681,-0.0137653,-0.00631166,563.336
1682,0.132975,-0.590388,563.859
1683,-0.132518,0.994663,565.129
1684,0.0233832,0.483074,565.341
1685,-0.0656766,0.991516,566.458
1686,0.140476,0.618052,566.686
1687,-0.117368,-0.597246,566.917
1688,-0.219317,0.996704,568.395
1689,-0.0868731,0.221047,568.49
1690,-0.166959,0.770233,569.369
1691,0.0141796,0.930203,570.208
1692,-0.272644,-0.611443,570.322
1693,0.0660657,-0.0931984,570.348
1694,-0.11428,0.0448422,570.373
1695,-0.00558454,0.347617,570.498
1696,-0.125745,-0.988546,571.242
1697,-0.134861,0.516886,571.667
1698,-0.105301,0.966607,572.816
1699,-0.103503,0.791885,573.618
1700,0.148804,0.106145,573.62
1701,-0.0672516,-0.985684,574.463
1702,-0.00571809,-0.808054,575.107
1703,-0.0566701,0.0800467,575.126
1704,-0.0136859,-0.998893,576.096
1705,0.00416786,0.472271,576.315
1706,-0.115616,0.748066,577.061
1707,-0.110758,0.629845,577.61
1708,-0.0674846,-0.693718,578.002
1709,-0.0692012,0.752555,578.677
1710,-0.109319,0.821126,579.543
1711,0.0991834,-0.880931,580.504
1712,0.0668779,-0.53784,580.869
1713,0.0714758,0.176687,580.88
1714,-0.188145,-0.921118,581.418
1715,-0.0810748,0.8527,582.289
1716,-0.111259,0.738851,583.012
1717,0.0998762,0.99184,583.808
1718,-0.051827,-0.859703,584.46
1719,0.0917559,0.826673,585.001
1720,-0.254733,-0.110811,585.021
1721,-0.0585557,-0.636884,585.356
1722,-0.199191,-0.25151,585.358
1723,-0.0320407,-0.0439996,585.359
1724,-0.0247888,0.737658,585.94
1725,-0.105575,0.278996,586.088
1726,-0.116444,0.581758,586.575
1727,0.186496,0.633224,586.775
1728,-0.144718,0.905717,587.878
1729,0.162859,0.823424,588.315
1730,-0.222505,0.876242,589.522
1731,-0.134585,0.487336,589.909
1732,0.00882532,0.896704,590.697
1733,-0.00348138,0.548979,591.002
1734,-0.24323,-0.873963,591.4
1735,0.120748,0.281638,591.426
1736,0.0533654,-0.693468,591.984
1737,0.0182651,0.324545,592.077
1738,0.274472,0.849232,592.408
1739,-0.097114,0.791731,593.198
1740,0.21748,0.999928,593.81
1741,0.0925317,-0.240892,593.921
1742,-0.0937921,-0.983792,594.713
1743,-0.139263,-0.802693,595.153
1744,0.0659456,-0.12531,595.19
1745,-0.0548644,0.685105,595.738
1746,-0.132118,0.384653,596.005
1747,0.105732,0.982655,596.774
1748,-0.110911,0.370732,597.006
1749,0.0725304,0.264208,597.042
1750,-0.00509224,0.164355,597.071
1751,-0.0889715,-0.398026,597.167
1752,0.129318,-0.290661,597.343
1753,-0.0338935,-0.994914,598.267
1754,-0.00407721,-0.761764,598.841
1755,0.0252363,0.982494,599.757
1756,0.164892,0.854444,600.232
1757,-0.233481,0.668272,601.046
1758,-0.245383,0.275401,601.317
1759,0.0284781,0.0459523,601.317
1760,-0.27234,-0.818745,601.616
1761,-0.11946,-0.48427,601.749
1762,-0.236742,-0.335387,601.759
1763,0.0176882,0.857974,602.465
1764,-0.22005,-0.252326,602.466
1765,0.247098,0.75013,602.719
1766,-0.12902,-0.836103,603.219
1767,-0.00667182,-0.382807,603.36
1768,-0.0524602,-0.227002,603.391
1769,0.160881,0.16137,603.391
1770,-0.115642,0.582786,603.878
1771,0.0853672,0.951405,604.628
1772,0.0470252,-0.871657,605.472
1773,-0.067994,0.475152,605.767
1774,0.0600751,-0.634558,606.25
1775,0.147709,0.139049,606.25
1776,-0.0539656,-0.405264,606.373
1777,-0.145794,0.947583,607.569
1778,0.195368,0.982623,608.189
1779,-0.131515,0.930081,609.316
1780,-0.0296446,-0.614441,609.658
1781,-0.196014,0.936967,610.941
1782,0.0114667,0.780915,611.533
1783,-0.0894725,-0.893678,612.18
1784,-0.0315013,0.95893,613.161
1785,0.0445407,-0.25831,613.253
1786,0.00369554,-0.880913,614.035
1787,0.11631,0.8826,614.622
1788,-0.141796,-0.840002,615.11
1789,-0.0787638,0.469883,615.411
1790,-0.0833974,0.773157,616.145
1791,-0.0568755,0.985105,617.23
1792,-0.054519,-0.813094,617.806
1793,0.0375849,0.233643,617.844
1794,-0.0911306,0.471518,618.161
1795,0.22322,0.911007,618.634
1796,0.0918927,0.956723,619.382
1797,0.0197873,-0.944233,620.311
1798,-0.0633055,-0.8503,620.931
1799,-0.119945,-0.761303,621.342
1800,0.209983,0.999969,621.966
1801,-0.253385,0.990879,623.514
1802,0.0109246,0.919171,624.339
1803,-0.0845127,0.536818,624.725
1804,0.0434521,0.634412,625.074
1805,-0.0215764,-0.785279,625.658
1806,-0.0132471,-0.827675,626.321
1807,-0.12891,-0.683167,626.628
1808,0.130202,0.695344,626.947
1809,-0.0820605,0.825971,627.772
1810,0.234518,0.97173,628.315
1811,-0.0669606,-0.103077,628.317
1812,0.165668,0.858639,628.797
1813,-0.0913272,-0.289561,628.836
1814,-0.11609,-0.719841,629.201
1815,-0.238458,-0.364884,629.217
1816,0.0632773,0.574642,629.478
1817,-0.0562938,-0.188629,629.496
1818,0.225784,0.999954,630.095
1819,-0.114721,-0.0973911,630.095
1820,-0.0522432,0.972373,631.145
1821,-0.0748359,-0.324722,631.208
1822,0.16384,0.893055,631.739
1823,0.0613235,-0.998054,632.862
1824,0.00611949,-0.998387,633.871
1825,-0.170856,-0.563388,634.025
1826,-0.091663,-0.794087,634.518
1827,-0.0918702,0.799101,635.312
1828,-0.0526487,0.711564,635.896
1829,0.0527799,-0.970919,636.944
1830,-0.106513,0.886862,637.931
1831,-0.0627047,-0.730797,638.377
1832,0.116379,0.563171,638.577
1833,-0.032021,-0.419583,638.727
1834,-0.0737634,-0.995936,639.577
1835,-0.0300375,0.627061,640.009
1836,-0.276125,-0.574488,640.098
1837,0.0719234,0.777037,640.595
1838,-0.0155259,-0.359669,640.714
1839,0.102963,0.968612,641.463
1840,0.0909597,-0.618008,641.966
1841,-0.185687,-0.874161,642.44
1842,-0.134685,-0.00727745,642.456
1843,0.0806894,0.994208,643.291
1844,0.00629654,-0.89597,644.105
1845,-0.107445,-0.0637732,644.107
1846,-0.0175999,0.740535,644.681
1847,-0.137216,-0.508509,644.819
1848,-0.0824731,0.986032,645.961
1849,-0.133085,0.476203,646.332
1850,0.0981094,-0.445806,646.628
1851,-0.148197,-0.852926,647.125
1852,0.158637,0.9735,647.789
1853,0.0536782,0.275719,647.838
1854,-0.0403688,-0.935475,648.639
1855,0.0818019,0.0311313,648.642
1856,-0.0545518,0.0795216,648.66
1857,-0.169345,0.371098,648.952
1858,-0.00191732,0.949794,649.857
1859,-0.0764808,-0.714638,650.265
1860,-3.38697e-05,0.745916,650.821
1861,0.0695046,0.508159,651.014
1862,-0.0866134,0.758959,651.729
1863,0.111048,-0.651199,652.31
1864,-0.0884245,0.967174,653.424
1865,0.0793849,0.584863,653.679
1866,-0.111554,-0.873825,654.26
1867,-0.0435525,-0.892362,654.981
1868,-0.0450295,0.928873,655.929
1869,-0.0452651,0.843338,656.719
1870,0.0503239,0.574614,656.994
1871,0.0149513,-0.998053,658.02
1872,-0.0274865,0.322576,658.143
1873,-0.0761895,-0.438553,658.274
1874,-0.0586211,-0.722691,658.715
1875,-0.0555571,-0.229874,658.745
1876,0.109103,0.309447,658.785
1877,-0.0991562,0.106521,658.828
1878,0.00265998,-0.277544,658.906
1879,-0.0692735,-0.47911,659.074
1880,0.0356912,-0.708581,659.628
1881,-0.12208,0.477396,659.988
1882,0.0566527,0.180664,660.003
1883,-0.000832307,-0.725741,660.528
1884,-0.0744597,0.442904,660.796
1885,0.11043,-0.982412,661.99
1886,-0.170314,-0.375545,662.033
1887,0.0760934,0.551545,662.259
1888,-0.0582403,0.563369,662.645
1889,-0.0535657,-0.98133,663.506
1890,-0.220246,0.857303,664.667
1891,-0.119476,-0.0584366,664.671
1892,-0.285511,0.728197,665.698
1893,-0.0446894,0.159608,665.74
1894,-0.271697,-0.0968236,665.77
1895,0.0197407,-0.117344,665.789
1896,-0.0591331,-0.0876844,665.79
1897,-0.00276129,0.598142,666.151
1898,-0.156988,0.0876153,666.211
1899,-0.0812938,-0.805826,666.736
1900,-0.177796,0.554105,667.272
1901,0.150294,-0.813013,668.2
1902,0.153702,-0.220659,668.34
1903,-0.097566,-0.59227,668.584
1904,-0.233216,0.96144,670.012
1905,-0.133493,-0.82603,670.491
1906,-0.0599372,-0.602447,670.786
1907,-0.0692492,0.741258,671.443
1908,-0.163705,0.855471,672.481
1909,0.191294,-0.999722,673.9
1910,-0.0579441,-0.363055,673.993
1911,0.0819499,-0.939724,675.037
1912,0.0348388,-0.954956,676.016
1913,-0.124664,-0.356611,676.07
1914,0.242968,0.381023,676.089
1915,0.00327218,-0.797449,676.73
1916,-0.016171,-0.552885,677.018
1917,0.0800687,-0.995347,678.175
1918,-0.0603125,0.999986,679.299
1919,0.102679,0.618937,679.566
1920,0.0550298,-0.162206,679.613
1921,-0.0267065,-0.97938,680.52
1922,-0.180008,-0.70933,680.801
1923,0.117669,-0.967455,681.978
1924,-0.0643601,0.409045,682.202
1925,0.0635935,0.941972,682.974
1926,-0.0383665,-0.494163,683.182
1927,-0.0361087,-0.932351,683.985
1928,-0.107616,-0.268371,684.011
1929,-0.0398303,0.865683,684.831
1930,0.0426634,0.593252,685.134
1931,0.161264,-0.284596,685.333
1932,-0.0988721,0.543281,685.745
1933,0.0301611,0.990139,686.666
1934,-0.0241599,0.568631,687.018
1935,-0.189781,-0.393421,687.059
1936,-0.0503725,0.74331,687.689
1937,-0.113102,0.684827,688.326
1938,-0.0737739,0.449858,688.6
1939,-0.0822663,0.924991,689.615
1940,-0.0398886,0.674482,690.125
1941,-0.0985257,0.711752,690.782
1942,-0.0899441,0.632665,691.304
1943,-0.0482451,0.221417,691.376
1944,0.0521597,-0.540686,691.728
1945,-0.106691,-0.783752,692.186
1946,-0.170573,0.987046,693.526
1947,0.318207,0.99903,693.99
1948,-0.201754,0.913635,695.234
1949,0.227198,0.743766,695.501
1950,-0.0102891,0.133676,695.522
1951,-0.0446523,0.816877,696.264
1952,-0.0315295,-0.950763,697.109
1953,0.0102485,0.428611,697.284
1954,0.275431,0.606349,697.393
1955,-0.211538,0.960592,698.767
1956,-0.0769479,-0.380784,698.86
1957,-0.0893797,-0.152049,698.864
1958,-0.0682643,0.997086,699.998
1959,0.0769056,-0.977472,701.11
1960,0.19148,0.913694,701.632
1961,-0.166186,-0.952997,702.251
1962,-0.136699,-0.308089,702.28
1963,0.166544,0.975573,702.935
1964,-0.11681,-0.999461,703.714
1965,0.0864389,0.387355,703.804
1966,-0.0246569,0.0515222,703.81
1967,0.00146527,-0.838961,704.517
1968,-0.133132,-0.0814943,704.519
1969,-0.188689,-0.896074,705.02
1970,-0.151408,0.999889,706.345
1971,-0.113431,0.587728,706.837
1972,0.0525152,0.599389,707.136
1973,0.038937,-0.385886,707.316
1974,-0.0462111,-0.849694,707.962
1975,0.108478,0.56429,708.17
1976,-0.0286124,-0.844147,708.835
1977,0.0479337,-0.00510581,708.837
1978,-0.166461,-0.998733,709.53
1979,0.203498,-0.706148,710.358
1980,-0.12383,-0.954489,711.048
1981,0.0861622,-0.619148,711.545
1982,-0.138787,-0.79938,711.981
1983,0.135939,0.833114,712.468
1984,-0.119483,0.907635,713.522
1985,-0.048723,-0.977715,714.386
1986,-0.0747672,0.879833,715.297
1987,-0.170306,-0.415756,715.357
1988,0.000973249,0.990192,716.336
1989,-0.119805,0.462934,716.675
1990,-0.0375244,0.603556,717.086
1991,0.00671186,-0.178678,717.121
1992,0.29234,0.792204,717.37
1993,-0.118284,0.0872427,717.413
1994,0.14995,-0.963573,718.653
1995,-0.0724676,-0.847114,719.253
1996,-0.0767516,0.801282,720.024
1997,0.108668,0.781659,720.476
1998,-0.0868215,-0.143212,720.48
1999,-0.0199576,-0.86715,721.197
2000,-0.104738,0.999925,722.418
2001,-0.121284,0.922238,723.507
2002,0.113959,-0.252134,723.641
2003,0.176285,0.989287,724.302
2004,0.319666,0.904981,724.644
2005,-0.176926,-0.269573,724.653
2006,-0.135148,0.0841421,724.701
2007,0.0296232,-0.476864,724.957
2008,-0.0131792,-0.118444,724.968
2009,0.0752519,0.968392,725.766
2010,0.196532,-0.19649,725.921
2011,-0.0628064,-0.447111,726.068
2012,0.0247265,0.979734,726.98
2013,-0.100962,0.510236,727.354
2014,-0.0349747,0.661119,727.838
2015,-0.0501871,-0.967547,728.68
2016,0.078989,-0.027429,728.691
2017,-0.201203,0.963658,730.048
2018,-0.119042,0.99983,731.3
2019,0.144032,0.883269,731.847
2020,-0.118416,-0.93398,732.512
2021,0.0438685,-0.378591,732.69
2022,-0.167808,0.0583491,732.741
2023,0.0858639,0.876768,733.367
2024,-0.23855,-0.398349,733.392
2025,0.132063,0.349683,733.44
2026,0.00316327,0.971457,734.377
2027,0.0140137,-0.71954,734.915
2028,-0.000524539,0.500807,735.167
2029,0.108284,-0.655724,735.751
2030,0.0615768,-0.80307,736.498
2031,0.0326142,0.0837897,736.501
2032,-0.125101,-0.971498,737.217
2033,-0.157146,0.239522,737.375
2034,0.0867096,0.824343,737.919
2035,-0.117203,-0.124555,737.919
2036,0.0516149,0.997152,738.813
2037,-0.0914863,-0.880909,739.436
2038,-0.0545189,-0.320756,739.507
2039,-0.0336045,0.979631,740.533
2040,-0.0213238,-0.474243,740.739
2041,-0.208298,0.866726,741.894
2042,0.0123678,-0.984716,742.888
2043,0.0146969,-0.992205,743.902
2044,-0.092462,0.242505,744.014
2045,0.0320583,0.637269,744.381
2046,-0.132657,0.0623483,744.419
2047,0.200058,0.706638,744.675
2048,0.0120421,-0.315767,744.783
2049,0.0951884,0.959583,745.53
2050,0.117631,-0.946505,746.662
2051,-0.132049,0.0670994,746.702
2052,-0.204308,-0.993287,747.325
2053,-0.0579726,-0.0689607,747.325
2054,-0.128072,0.999124,748.595
2055,-0.0219108,-0.792907,749.19
2056,-0.11202,-0.360637,749.251
2057,0.256332,-0.959953,750.731
2058,-0.0515198,-0.996306,751.623
2059,0.0765814,0.0767123,751.623
2060,-0.00899891,0.990538,752.623
2061,0.158448,0.367116,752.666
2062,-0.237592,0.788546,753.719
2063,0.115113,0.332901,753.766
2064,-0.0834213,0.118977,753.807
2065,-0.0096218,-0.852023,754.517
2066,-0.00951268,-0.929087,755.363
2067,0.073175,0.98613,756.196
2068,0.0957768,-0.299709,756.353
2069,-0.000952475,-0.966517,757.285
2070,0.0250702,-0.985478,758.306
2071,0.0476951,0.597309,758.608
2072,-0.0238286,0.0723701,758.617
2073,0.137062,0.976068,759.321
2074,-0.112157,-0.772089,759.757
2075,0.0101542,0.820444,760.413
2076,-0.0576677,0.103102,760.439
2077,-0.0934559,0.0274603,760.454
2078,0.0446431,0.196048,760.477
2079,-0.0587917,-0.263392,760.519
2080,0.012331,-0.166041,760.551
2081,-0.0226549,0.954202,761.505
2082,0.109341,0.544335,761.694
2083,0.0240573,-0.92704,762.599
2084,-0.0266513,0.651684,763.059
2085,-0.161149,-0.983167,763.734
2086,-0.0155617,0.965917,764.698
2087,-0.19407,-0.0762906,764.712
2088,-0.0537289,-0.861356,765.364
2089,-0.131534,-0.542419,765.533
2090,0.0227817,-0.70434,766.061
2091,0.23765,0.815186,766.395
2092,-0.090945,-0.331557,766.453
2093,0.00145339,0.860703,767.191
2094,-0.0322487,-0.94936,768.032
2095,-0.137649,-0.106397,768.033
2096,0.16784,0.856559,768.508
2097,-0.0412603,0.518726,768.821
2098,-0.295814,-0.941998,769.239
2099,0.00125688,0.787712,769.857
2100,-0.0557589,-0.953405,770.663
2101,-0.156876,0.999613,772
2102,0.0598734,0.630105,772.326
2103,-0.113805,-0.961423,773.044
2104,0.040132,-0.255064,773.131
2105,0.00142621,0.023927,773.132
2106,-0.0825172,0.656289,773.678
2107,0.0461655,-0.936608,774.643
2108,0.158204,0.906879,775.204
2109,0.045613,-0.0118552,775.207
2110,-0.150813,-0.938811,775.828
2111,-0.119663,0.992156,777.064
2112,-0.0719271,0.153075,777.115
2113,0.0805608,0.601413,777.386
2114,-0.0542899,-0.570837,777.653
2115,0.159728,0.619958,777.865
2116,-0.0362219,-0.16315,777.881
2117,-0.0203345,0.664472,778.35
2118,-0.0322999,0.290447,778.454
2119,0.282559,-0.969016,780.021
2120,0.0152516,-0.982583,781.016
2121,0.059389,-0.294172,781.141
2122,-0.0642192,0.434644,781.39
2123,0.0943418,0.849783,781.961
2124,-0.143653,-0.82537,782.425
2125,-0.00157039,0.91829,783.272
2126,0.119254,0.527572,783.438
2127,0.236963,0.0897101,783.46
2128,-0.0349235,-0.519071,783.694
2129,-0.0853862,0.990233,784.851
2130,0.147538,0.267893,784.866
2131,-0.239504,0.232808,785.089
2132,0.190495,0.980716,785.713
2133,-0.0756495,0.999708,786.87
2134,-0.091009,-0.739522,787.29
2135,-0.142055,0.588102,787.823
2136,-0.107114,-0.043311,787.828
2137,-0.107105,0.941366,788.927
2138,0.0109334,-0.382939,789.082
2139,0.0499741,0.971389,789.931
2140,0.0234966,-0.97425,790.926
2141,0.0375799,0.773356,791.468
2142,-0.0310682,-0.630094,791.827
2143,-0.0367378,-0.181847,791.848
2144,0.106659,-0.353212,792.059
2145,-0.0946853,-0.558706,792.275
2146,-0.122421,-0.97275,792.998
2147,-0.146432,0.767825,793.833
2148,0.0167026,0.64416,794.227
2149,-0.0188961,0.0289076,794.229
2150,-0.0785035,-0.879889,794.872
2151,0.138427,0.549952,795.041
2152,-0.0407273,0.896095,795.919
2153,-0.000526122,-0.270409,795.991
2154,-0.0679937,-0.451287,796.138
2155,-0.0485058,-0.617735,796.462
2156,-0.0384012,0.746918,797.079
2157,-0.0309907,-0.875617,797.793
2158,0.052371,0.168189,797.806
2159,0.26829,0.539685,797.88
2160,-0.127214,-0.128378,797.88
2161,0.0640904,0.163907,797.89
2162,0.0602586,-0.607746,798.336
2163,-0.140531,0.116122,798.402
2164,0.0639896,-0.081034,798.423
2165,0.0977686,0.803641,798.921
2166,-0.10377,-0.441303,799.035
2167,-0.0328212,-0.84154,799.689
2168,-0.0826343,0.128859,799.734
2169,-0.257639,0.802371,800.857
2170,-0.0732841,-0.72827,801.286
2171,-0.0234422,-0.748976,801.813
2172,-0.121835,0.998617,803.068
2173,0.0432197,0.903682,803.808
2174,-0.095104,0.205252,803.899
2175,-0.0444297,-0.398489,804.024
2176,-0.0577522,-0.902838,804.738
2177,-0.134669,-0.948413,805.4
2178,-0.0921781,-0.27258,805.433
2179,-0.0640841,0.415957,805.663
2180,-0.128603,0.757255,806.448
2181,0.146385,0.995833,807.17
2182,-0.0427167,-0.873368,807.86
2183,-0.133201,-0.960838,808.545
2184,0.211106,-0.670053,809.321
2185,-0.0739204,-0.62834,809.628
2186,0.155781,0.369748,809.674
2187,-0.017847,0.673049,810.152
2188,-0.0317804,-0.449649,810.326
2189,-0.0436321,-0.981328,811.206
2190,-0.0750298,0.362039,811.397
2191,-0.223801,0.962885,812.805
2192,-0.19089,-0.974205,813.418
2193,0.0972372,-0.00727661,813.429
2194,-0.0407075,0.997779,814.508
2195,-0.101345,-0.853542,815.074
2196,0.00415699,0.995256,816.056
2197,-0.0663675,-0.432036,816.19
2198,0.163305,0.0474517,816.203
2199,-0.0234952,-0.881585,816.939
2200,0.0342986,-0.932771,817.874
2201,-0.0656891,-0.251691,817.909
2202,0.0225364,-0.97586,818.906
2203,-0.0285312,0.554019,819.245
2204,-0.054684,0.936407,820.227
2205,-0.0367493,-0.596318,820.541
2206,0.169063,-0.882076,821.645
2207,-0.11538,-0.860892,822.201
2208,0.0562431,0.678621,822.589
2209,-0.133799,-0.20412,822.594
2210,0.242554,0.82515,822.933
2211,-0.042511,0.990523,824
2212,0.287007,0.921047,824.402
2213,-0.254855,0.0492824,824.495
2214,-0.036374,0.834667,825.253
2215,-0.159842,-0.779667,825.638
2216,-0.0927564,0.372915,825.854
2217,-0.0289855,0.999824,826.913
2218,-0.131059,-0.222378,826.921
2219,-0.129926,-0.0314457,826.931
2220,0.207813,0.988937,827.541
2221,-0.251175,-0.408832,827.566
2222,0.117323,0.944295,828.25
2223,-0.185173,0.1226,828.345
2224,-0.0861589,-0.704187,828.726
2225,-0.0110019,0.977896,829.704
2226,-0.107611,0.328546,829.895
2227,-0.00847937,0.273675,829.974
2228,0.0443779,-0.152917,830.013
2229,-0.0960576,0.755136,830.738
2230,0.00138542,0.307359,830.831
2231,-0.019344,-0.999432,831.792
2232,-0.0974688,-0.77794,832.255
2233,-0.161473,-0.613561,832.459
2234,-0.145266,0.929445,833.614
2235,-0.130107,0.793245,834.467
2236,-0.0401834,0.928081,835.404
2237,0.029582,0.975367,836.299
2238,0.0589165,-0.986186,837.391
2239,-0.0580848,-0.998259,838.275
2240,-0.134066,-0.76905,838.678
2241,-0.0414169,0.915561,839.594
2242,-0.0269321,-0.868696,840.303
2243,-0.0347349,0.746858,840.914
2244,-0.0673591,-0.163492,840.923
2245,0.0206825,0.580959,841.237
2246,0.00980192,-0.70618,841.749
2247,0.0779747,-0.703839,842.361
2248,0.0820067,-0.955462,843.437
2249,-0.00817141,-0.985605,844.392
2250,0.0308179,-0.334137,844.525
2251,-0.170586,-0.479726,844.621
2252,-0.0982052,-0.96763,845.377
2253,0.0274539,-0.974167,846.38
2254,-0.134452,0.913432,847.478
2255,-0.0192192,0.951745,848.421
2256,0.0252763,0.000905392,848.422
2257,-0.0404393,0.996604,849.497
2258,-0.000888684,-0.812898,850.156
2259,0.0552551,-0.787103,850.866
2260,-0.0954416,-0.690027,851.22
2261,-0.0252862,-0.979829,852.131
2262,-0.0355219,0.639034,852.586
2263,-0.0628548,0.136483,852.625
2264,-0.171059,-0.810369,853.034
2265,0.0533991,-0.680267,853.572
2266,0.17523,0.102226,853.578
2267,0.0619542,-0.583373,853.994
2268,-0.144597,-0.976246,854.686
2269,0.0572791,-0.835255,855.482
2270,-0.0179714,-0.802836,856.098
2271,-0.0146533,-0.180362,856.126
2272,-0.180116,-0.45898,856.204
2273,-0.106735,-0.246135,856.223
2274,-0.0954202,-0.997633,857.037
2275,-0.0816784,0.477004,857.349
2276,-0.192767,0.0846104,857.426
2277,0.0811187,-0.770251,858.151
2278,0.0895747,0.0162175,858.156
2279,-0.0612736,-0.74229,858.62
2280,0.182819,0.486366,858.712
2281,0.0103415,-0.540089,859.015
2282,-0.160932,-0.912721,859.58
2283,-0.205202,-0.923244,860.096
2284,-0.0403628,0.686682,860.625
2285,-0.103121,0.999576,861.841
2286,0.0645123,0.992754,862.702
2287,-0.108099,-0.0168177,862.711
2288,-0.119267,0.780285,863.52
2289,-0.0915956,-0.108875,863.52
2290,0.0149411,-0.351051,863.654
2291,-0.0195311,-0.16922,863.676
2292,0.190705,-0.409877,864.037
2293,-0.143231,0.985385,865.311
2294,-0.0816518,-0.258824,865.342
2295,-0.0413288,-0.100832,865.346
2296,-0.0996801,-0.997716,866.152
2297,0.0734687,-0.295565,866.288
2298,-0.00299293,-0.368278,866.422
2299,-0.0779658,0.448621,866.699
2300,0.0474477,-0.981381,867.758
2301,0.0639155,0.647114,868.098
2302,0.214147,0.900153,868.568
2303,-0.275431,-0.63087,868.695
2304,-0.126235,-0.525985,868.855
2305,-0.059005,0.625465,869.323
2306,0.017867,0.895145,870.093
2307,0.205042,0.323853,870.107
2308,-0.0462154,-0.961957,870.945
2309,-0.231441,-0.99997,871.536
2310,-0.0624669,0.196953,871.603
2311,-0.158671,0.588464,872.162
2312,0.0722173,-0.850681,873.013
2313,0.0447005,-0.708737,873.581
2314,-0.17202,-0.579237,873.747
2315,0.0253087,0.792084,874.335
2316,0.0797134,-0.796052,875.102
2317,-0.0104347,-0.0640858,875.105
2318,-0.00608394,-0.998861,876.09
2319,-0.176886,-0.911368,876.63
2320,0.082235,-0.112088,876.667
2321,-0.0520152,-0.246949,876.705
2322,0.0178916,-0.760805,877.312
2323,-0.0203082,0.0664154,877.319
2324,-0.117984,-0.95002,878.012
2325,0.0331791,0.99966,878.946
2326,0.0702235,-0.550867,879.331
2327,-0.00861647,-0.751643,879.883
2328,-0.030753,-0.874481,880.595
2329,-0.0495731,0.514741,880.914
2330,0.00109771,-0.402441,881.077
2331,-0.0960371,-0.787681,881.555
2332,-0.0762544,0.793346,882.311
2333,-0.0699321,-0.883717,882.973
2334,-0.00293858,0.812131,883.638
2335,0.0374594,-0.994155,884.702
2336,-0.0513697,-0.903643,885.428
2337,-0.0610469,0.262847,885.533
2338,-0.172082,0.790654,886.46
2339,-0.155427,-0.634744,886.69
2340,0.171236,0.288993,886.704
2341,-0.02416,0.99228,887.737
2342,-0.0288098,0.667567,888.222
2343,0.191767,0.926828,888.762
2344,-0.0345483,-0.0975723,888.766
2345,-0.215175,-0.411811,888.805
2346,0.118066,0.999864,889.582
2347,-0.123699,-0.881514,890.157
2348,-0.00116609,0.282468,890.237
2349,-0.0901084,-0.376704,890.319
2350,0.186712,0.933239,890.877
2351,-0.00946074,-0.379102,891.013
2352,-0.0676014,-0.801384,891.552
2353,0.03552,-0.0324554,891.556
2354,-0.0595824,-0.345275,891.638
2355,0.303533,0.713795,891.806
2356,-0.140226,0.760786,892.618
2357,-0.14301,0.697958,893.325
2358,-0.0734575,-0.929862,894.059
2359,-0.0682549,-0.709035,894.469
2360,-0.0580735,0.748521,895.12
2361,-0.135218,0.930012,896.255
2362,0.227792,0.974412,896.812
2363,-0.0872735,-0.626564,897.103
2364,0.0936967,-0.106926,897.143
2365,-0.116851,0.596139,897.651
2366,-0.0221622,0.869523,898.447
2367,-0.0683177,-0.432306,898.579
2368,-0.116774,0.998225,899.822
2369,0.0696749,0.248321,899.854
2370,0.033953,-0.114196,899.876
2371,0.0285273,-0.46078,900.116
2372,0.0923152,-0.973259,901.251
2373,0.00532245,0.360286,901.377
2374,0.00293048,-0.351446,901.503
2375,-0.216204,0.667262,902.283
2376,0.0550919,-0.993016,903.382
2377,-0.0205021,-0.999233,904.34
2378,-0.0423163,-0.255691,904.385
2379,-0.0985695,-0.356616,904.452
2380,-0.0324195,0.744374,905.055
2381,-0.00444113,-0.8045,905.695
2382,-0.112735,0.470182,906.035
2383,0.169118,0.939187,906.628
2384,-0.113198,0.996574,907.86
2385,-0.102615,0.488164,908.209
2386,0.0657273,0.337159,908.282
2387,-0.00905049,0.0195809,908.283
2388,0.172798,0.978501,908.932
2389,-0.00796284,-0.625285,909.313
2390,-0.0204185,0.221733,909.372
2391,-0.0382503,-0.900239,910.115
2392,-0.111573,-0.414477,910.207
2393,-0.0399093,-0.440912,910.368
2394,0.29435,0.348412,910.37
2395,-0.148678,0.914127,911.5
2396,-0.0909865,0.172932,911.57
2397,-0.0653381,-0.920177,912.3
2398,-0.0961168,-0.0491173,912.303
2399,-0.258825,0.905327,913.658
2400,-0.0455709,-0.192693,913.68
2401,-0.103434,-0.36451,913.748
2402,-0.00792604,0.737301,914.303
2403,-0.00515503,0.741865,914.861
2404,0.0962704,0.992346,915.664
2405,-0.248102,-0.113446,915.682
2406,0.0675609,0.292223,915.733
2407,0.123206,-0.0795704,915.774
2408,-0.104804,0.602436,916.274
2409,-0.0136122,0.978236,917.258
2410,0.0366694,0.356476,917.36
2411,0.00682142,-0.578743,917.703
2412,-0.0316855,-0.556521,917.978
2413,0.141497,0.347192,918.021
2414,-0.0228175,0.100418,918.036
2415,0.0649778,-0.868836,918.908
2416,0.204468,-0.999998,920.359
2417,0.0385382,-0.545792,920.7
2418,-0.0466122,-0.391213,920.819
2419,-0.158903,0.159531,920.92
2420,0.0187597,0.906479,921.708
2421,-0.230552,0.526367,922.281
2422,-0.00662876,0.955522,923.207
2423,0.0588563,-0.317806,923.349
2424,0.0534203,0.187017,923.367
2425,-0.16779,-0.380368,923.412
2426,0.00749478,-0.990851,924.408
2427,-0.0348741,-0.86174,925.092
2428,-0.113701,0.173206,925.174
2429,0.00796875,-0.972214,926.135
2430,0.101059,0.145199,926.137
2431,-0.0991259,-0.306573,926.18
2432,0.0741125,0.855788,926.791
2433,-0.0122178,-0.800788,927.413
2434,0.000745018,-0.741597,927.964
2435,-0.0745012,-0.354444,928.043
2436,-0.0294179,0.3717,928.203
2437,-0.216827,-0.620833,928.367
2438,0.160479,0.677076,928.634
2439,-0.0694872,-0.515269,928.832
2440,0.0287221,-0.978529,929.847
2441,-0.0528149,-0.331018,929.924
2442,-0.0956435,0.111291,929.967
2443,-0.20766,-0.927245,930.485
2444,0.122691,0.189461,930.489
2445,-0.0433761,0.832049,931.256
2446,-0.11653,-0.990585,932.02
2447,0.0369825,0.368213,932.129
2448,0.0564862,0.464998,932.296
2449,-0.0495629,-0.480712,932.482
2450,0.0812398,-0.565339,932.9
2451,0.03064,-0.414109,933.098
2452,-0.016349,-0.892832,933.866
2453,-0.0413321,0.999996,934.951
2454,0.025982,-0.914359,935.835
2455,-0.177837,0.974288,937.162
2456,-0.0153278,0.0316235,937.164
2457,0.0164783,-0.74006,937.737
2458,-0.0540451,0.190163,937.796
2459,-0.0434631,0.348515,937.95
2460,-0.0292541,-0.196518,937.978
2461,-0.0415428,-0.666801,938.369
2462,-0.0370841,0.168205,938.411
2463,0.0705101,0.987868,939.253
2464,-0.182797,-0.067925,939.266
2465,0.0670027,0.396228,939.374
2466,-0.0662571,0.485229,939.678
2467,-0.158969,-0.960964,940.322
2468,0.0999396,0.744147,940.737
2469,-0.00364768,0.557206,941.051
2470,-0.00619152,0.615882,941.438
2471,-0.218333,-0.909509,941.916
2472,-0.0589555,0.018682,941.922
2473,-0.0558963,0.999503,943.036
2474,-0.0967143,0.78429,943.812
2475,0.0325258,0.277626,943.872
2476,0.0997124,0.993605,944.671
2477,-0.093364,-0.981861,945.46
2478,0.0684947,0.0661631,945.46
2479,-0.182277,0.518797,945.952
2480,-0.143455,0.963861,947.178
2481,-0.146951,0.906785,948.288
2482,0.0140397,0.913191,949.097
2483,0.0331575,0.42427,949.25
2484,-0.131043,-0.889531,949.825
2485,0.0688539,0.412111,949.943
2486,-0.0821269,0.540049,950.33
2487,-0.0504401,-0.186814,950.349
2488,0.0353467,-0.588096,950.737
2489,0.193221,0.890444,951.224
2490,0.150052,-0.845197,952.214
2491,-0.11701,-0.990522,952.977
2492,0.190819,0.47652,953.059
2493,-0.0792248,-0.873972,953.69
2494,-0.131293,-0.995188,954.437
2495,0.180896,0.15742,954.437
2496,-0.0777698,-0.998742,955.285
2497,0.0706199,-0.781266,956.011
2498,-0.0954636,0.485911,956.349
2499,-0.00235762,0.629745,956.749
2500,-0.105276,-0.997786,957.545
2501,0.162489,0.630024,957.764
2502,-0.133313,-0.932612,958.403
2503,-0.017908,-0.162088,958.423
2504,0.142162,0.268712,958.439
2505,-0.0754147,-0.86787,959.067
2506,0.00524306,-0.809964,959.732
2507,-0.0631862,0.997316,960.857
2508,0.054895,0.745276,961.333
2509,-0.0425422,-0.576141,961.618
2510,0.0162633,-0.385314,961.779
2511,-0.0627834,-0.995499,962.649
2512,-0.125204,-0.994016,963.404
2513,0.0846155,0.812318,963.934
2514,-0.0749335,-0.0964984,963.934
2515,-0.146529,-0.98339,964.634
2516,-0.0265441,0.735303,965.215
2517,0.00414898,0.942977,966.096
2518,-0.0760008,-0.270578,966.134
2519,-0.00459334,0.0819711,966.142
2520,0.0273428,-0.690251,966.657
2521,-0.063071,0.984578,967.754
2522,0.198884,-0.76604,968.685
2523,0.00878639,-0.427549,968.876
2524,0.0829359,-0.622196,969.373
2525,-0.0912554,0.592185,969.84
2526,-0.103981,0.773417,970.61
2527,0.0668479,-0.743136,971.266
2528,0.000794605,-0.261414,971.335
2529,-0.0271201,-0.897392,972.092
2530,0.00559064,-0.168166,972.122
2531,0.225748,0.105423,972.137
2532,-0.105524,0.28585,972.29
2533,0.218818,-0.84619,973.424
2534,0.0489283,-0.966885,974.456
2535,0.036255,-0.567765,974.821
2536,0.199229,0.358308,974.846
2537,-0.177071,-0.568888,975
2538,-0.0671067,-0.972077,975.819
2539,-0.172072,7.28436e-05,975.848
2540,0.0100288,0.979753,976.789
2541,-0.0725785,-0.627318,977.096
2542,0.0561712,-0.913373,978.036
2543,0.0630777,0.596033,978.32
2544,0.298834,0.686546,978.471
2545,-0.209822,0.56236,979.067
2546,0.0028689,0.436335,979.255
2547,0.00998099,0.0965788,979.262
2548,0.153789,0.966604,979.923
2549,-0.0663288,-0.579282,980.186
2550,-0.112523,0.854646,981.121
2551,-0.0639571,-0.103817,981.123
2552,0.0734623,-0.203831,981.2
2553,-0.089597,0.654137,981.753
2554,-0.23436,0.274386,982.012
2555,-0.0377354,-0.997062,982.932
2556,-0.0584304,-0.924522,983.682
2557,-0.157233,0.657798,984.347
2558,0.0714731,0.974899,985.163
2559,-0.0125439,-0.257721,985.223
2560,0.0325408,-0.457768,985.463
2561,0.0606858,-0.988736,986.565
2562,-0.0751926,0.780032,987.296
2563,-0.118706,-0.882307,987.879
2564,-0.0425833,-0.877151,988.576
2565,-0.0220757,-0.0515207,988.576
2566,-0.280737,0.460338,989.126
2567,0.0152074,0.426226,989.295
2568,-0.0520174,-0.985645,990.166
2569,-0.104834,0.575159,990.629
2570,-0.0996033,0.991588,991.819
2571,-0.185903,0.838882,992.87
2572,-0.0512697,0.100503,992.893
2573,-0.111063,-0.9248,993.555
2574,-0.0432758,0.432458,993.781
2575,-0.136237,-0.406515,993.854
2576,0.221144,-0.788163,994.873
2577,-0.0500974,-0.992859,995.762
2578,-0.0858092,-0.642438,996.071
2579,-0.151104,-0.903378,996.637
2580,0.0306269,0.0251978,996.637
2581,-0.10751,-0.872362,997.222
2582,-0.140346,-0.903991,997.806
2583,-0.0292183,0.14217,997.835
2584,-0.079067,-0.347087,997.907
2585,0.07894,-0.940914,998.947
2586,-0.17337,0.657639,999.637
2587,0.108206,0.974289,1000.39
2588,-0.0559942,-0.496737,1000.58
2589,-0.0322688,0.121962,1000.61
2590,-0.0234886,-0.959249,1001.48
2591,-0.0447831,0.00338904,1001.48
2592,0.18554,0.841868,1001.91
2593,-0.128244,-0.0248055,1001.93
2594,-0.0891237,0.323592,1002.1
2595,-0.120594,-0.646024,1002.37
2596,-0.191686,-0.252411,1002.38
2597,0.155302,-0.319253,1002.6
2598,0.00650466,-0.688137,1003.08
2599,0.163364,0.95262,1003.71
2600,0.298552,0.966598,1004.15
2601,-0.12248,-0.894118,1004.75
2602,-0.0273663,-0.541776,1005.01
2603,0.0499158,-0.937559,1005.99
2604,-0.132287,0.956535,1007.17
2605,-0.0231356,-0.485595,1007.39
2606,-0.0370692,-0.895752,1008.12
2607,0.0688481,0.875363,1008.77
2608,0.021799,-0.987435,1009.79
2609,-0.166253,0.971894,1011.09
2610,0.0758127,-0.815556,1011.88
2611,0.208638,0.211378,1011.88
2612,-0.230434,-0.165657,1011.89
2613,-0.104083,-0.919772,1012.55
2614,-0.0505112,-0.992974,1013.44
2615,0.0620686,0.996404,1014.31
2616,-0.0508452,-0.00898398,1014.32
2617,0.0314659,-0.976574,1015.33
2618,-0.224046,0.391845,1015.71
2619,0.0533961,0.991303,1016.59
2620,-0.22413,-0.742373,1016.86
2621,-0.0827474,-0.248571,1016.89
2622,-0.0148065,0.80951,1017.57
2623,-0.118702,0.559845,1018.03
2624,-0.00608898,0.728232,1018.57
2625,0.00139151,0.824216,1019.24
2626,0.0614353,-0.988652,1020.35
2627,0.211567,0.632595,1020.52
2628,-0.16554,0.216457,1020.67
2629,-0.0267427,0.47533,1020.92
2630,-0.0376128,0.440478,1021.15
2631,-0.0404095,-0.832588,1021.78
2632,-0.0463072,0.390545,1021.97
2633,0.364262,0.999423,1022.37
2634,-0.110308,0.972962,1023.54
2635,-0.0837709,-0.970634,1024.33
2636,0.185806,-0.494078,1024.79
2637,-0.0904487,-0.986827,1025.6
2638,0.0716288,0.592509,1025.87
2639,0.0304591,-0.670034,1026.36
2640,-0.162976,-0.999309,1027.06
2641,0.0774308,-0.0788936,1027.08
2642,-0.0622571,-0.109632,1027.09
2643,0.0556927,0.0344113,1027.09
2644,-0.0602674,-0.96478,1027.9
2645,0.0925457,0.122351,1027.9
2646,-0.00414978,-0.22584,1027.95
2647,-0.0788194,0.611529,1028.43
2648,0.0714629,-0.998079,1029.57
2649,-0.135752,-0.504183,1029.71
2650,0.123078,0.144611,1029.71
2651,-0.0835595,0.990766,1030.86
2652,-0.0273301,0.118016,1030.89
2653,-0.172975,0.119252,1030.97
2654,-0.100324,0.386017,1031.21
2655,0.0768201,0.403697,1031.31
2656,0.0200581,0.338153,1031.42
2657,-0.103877,-0.623443,1031.69
2658,0.0891661,-0.712991,1032.33
2659,-0.0274895,-0.0594195,1032.33
2660,0.0548124,-0.990664,1033.42
2661,0.208252,0.0263802,1033.46
2662,-0.0894071,0.712849,1034.1
2663,0.12556,-0.986684,1035.34
2664,-0.000484244,-0.759258,1035.91
2665,0.0258872,0.867274,1036.62
2666,0.171381,0.941281,1037.21
2667,-0.257611,0.523084,1037.82
2668,-0.18354,0.462185,1038.24
2669,-0.145365,0.398594,1038.54
2670,-0.190531,0.999438,1039.95
2671,0.0526724,0.981342,1040.81
2672,-0.0330881,-0.637383,1041.18
2673,-0.027917,0.779736,1041.83
2674,-0.0585447,-0.734339,1042.29
2675,-0.102473,-0.983558,1043.06
2676,-0.0129663,-0.575058,1043.38
2677,-0.110604,-0.176793,1043.38
2678,-0.0355569,-0.460448,1043.57
2679,0.278856,0.48064,1043.61
2680,-0.296167,0.886825,1045.01
2681,-0.0639025,-0.952291,1045.79
2682,-0.131824,-0.927432,1046.43
2683,0.19356,0.955669,1047.01
2684,-0.189419,-0.826232,1047.41
2685,0.227921,0.998429,1048.01
2686,-0.0532275,0.953374,1049.02
2687,0.0504136,-0.682879,1049.56
2688,0.0542137,-0.956763,1050.58
2689,0.028586,-0.906818,1051.46
2690,0.0257588,-0.492409,1051.72
2691,-0.0142609,0.963376,1052.68
2692,0.243592,0.34367,1052.69
2693,-0.114747,0.924551,1053.77
2694,-0.061995,-0.606229,1054.07
2695,-0.189886,-0.355972,1054.09
2696,0.0697358,-0.307732,1054.24
2697,-0.0103915,-0.35792,1054.36
2698,-0.11582,-0.226165,1054.37
2699,-0.143381,0.996897,1055.67
2700,-0.140272,0.0706788,1055.71
2701,-0.0294593,0.88096,1056.54
2702,-0.287919,-0.36558,1056.55
2703,0.0302522,-0.478985,1056.81
2704,-0.074977,-0.611336,1057.1
2705,-0.0790319,0.658833,1057.64
2706,-0.00302703,0.254396,1057.71
2707,0.0807251,0.889008,1058.36
2708,-0.0478887,-0.967212,1059.21
2709,0.106793,0.981906,1059.97
2710,-0.0330663,-0.974834,1060.86
2711,-0.148279,-0.450182,1060.95
2712,-0.171756,0.242113,1061.12
2713,0.082784,0.567928,1061.36
2714,0.0980866,-0.521342,1061.74
2715,-0.0748732,-0.827363,1062.31
2716,0.171976,0.761941,1062.65
2717,-0.147729,0.570007,1063.17
2718,-0.0960046,0.971037,1064.31
2719,-0.0974675,0.823668,1065.16
2720,0.126062,0.161464,1065.16
2721,-0.026932,-0.99164,1066.09
2722,0.110821,-0.93724,1067.19
2723,-0.0854297,-0.216901,1067.2
2724,0.104861,0.385674,1067.28
2725,0.00562649,0.377114,1067.42
2726,-0.0448399,-0.442869,1067.58
2727,-0.180495,-0.898203,1068.09
2728,0.194321,0.852353,1068.53
2729,-0.0631844,0.491824,1068.84
2730,-0.111074,-0.996043,1069.62
2731,0.0965077,-0.0032174,1069.63
2732,-0.130327,-0.117507,1069.63
2733,0.136551,-0.539103,1070.08
2734,-0.0942671,0.996714,1071.28
2735,0.0146708,0.981766,1072.21
2736,0.172285,0.73008,1072.52
2737,-0.0462545,-0.318932,1072.6
2738,0.0795752,0.620474,1072.89
2739,-0.0801889,0.245254,1072.99
2740,0.0868012,-0.977843,1074.13
2741,-0.066813,0.981924,1075.23
2742,0.120278,0.895931,1075.83
2743,-0.00690451,-0.0264111,1075.83
2744,-0.15105,-0.798471,1076.25
2745,-0.211606,0.398292,1076.62
2746,0.0828698,-0.428209,1076.88
2747,-0.0771163,-0.380855,1076.97
2748,-0.0651877,0.148506,1077.02
2749,-0.0149782,-0.997263,1077.98
2750,-0.117812,0.957439,1079.14
2751,-0.117363,0.876339,1080.13
2752,0.115693,-0.313086,1080.31
2753,-0.0626283,-0.591776,1080.59
2754,-0.00131187,0.272108,1080.67
2755,-0.0517307,-0.998305,1081.56
2756,-0.0205642,-0.981258,1082.49
2757,0.00404726,-0.275708,1082.56
2758,-0.0404604,-0.86902,1083.25
2759,-0.239346,-0.976623,1083.79
2760,-0.168546,-0.974196,1084.44
2761,0.119669,-0.373604,1084.69
2762,0.0560907,0.989787,1085.56
2763,0.0588518,0.250262,1085.6
2764,0.0653625,-0.859303,1086.45
2765,-0.0896154,-0.635462,1086.75
2766,0.114702,-0.779846,1087.55
2767,-0.125105,0.478914,1087.91
2768,-0.0350807,0.789738,1088.59
2769,-0.0593831,-0.9998,1089.48
2770,0.0781875,-0.332525,1089.65
2771,0.00773229,-0.350077,1089.77
2772,0.0165265,-0.0892654,1089.79
2773,-0.0160867,-0.967116,1090.69
2774,0.0967759,0.999471,1091.51
2775,0.124367,0.799496,1091.96
2776,0.234735,0.720009,1092.2
2777,-0.360009,-0.27152,1092.2
2778,-0.114051,0.338989,1092.41
2779,-0.132242,0.62173,1092.98
2780,-0.060484,0.974305,1094.05
2781,-0.0123598,0.644603,1094.48
2782,-0.132658,0.284003,1094.65
2783,-0.175969,0.951553,1095.93
2784,0.00264022,-0.414454,1096.1
2785,-0.0926401,0.355876,1096.3
2786,-0.0522019,0.481467,1096.59
2787,-0.234852,-0.955206,1097.1
2788,-0.0600284,0.769991,1097.79
2789,-0.0616566,0.854231,1098.63
2790,-0.0415375,-0.658805,1099.01
2791,-0.0260709,0.767324,1099.64
2792,-0.0660516,0.999976,1100.78
2793,-0.0598803,-0.284897,1100.83
2794,0.250079,-0.66192,1101.66
2795,0.0649928,0.0164643,1101.66
2796,0.118036,0.32048,1101.7
2797,-0.240688,-0.223258,1101.7
2798,0.0241779,0.868862,1102.42
2799,-0.110071,0.786897,1103.22
2800,-0.0166106,0.947565,1104.15
2801,0.0687671,-0.728884,1104.79
2802,0.134857,0.157867,1104.79
2803,-0.150998,-0.0658191,1104.8
2804,-0.0347901,0.61633,1105.22
2805,0.0420199,-0.993951,1106.29
2806,0.0581334,0.209124,1106.32
2807,-0.169053,-0.680389,1106.58
2808,-0.059151,-0.998464,1107.46
2809,-0.11274,0.00249853,1107.47
2810,-0.15797,0.605344,1108.06
2811,-0.133753,-0.485438,1108.18
2812,-0.105673,0.0976553,1108.22
2813,0.0916408,0.993525,1109.03
2814,0.137263,0.0601342,1109.04
2815,0.0113693,-0.616911,1109.44
2816,-0.0257662,-0.99868,1110.38
2817,0.0346923,0.450439,1110.55
2818,-0.168003,-0.136802,1110.56
2819,0.161259,0.858046,1111.04
2820,0.0321704,-0.93745,1111.98
2821,0.0244059,-0.918599,1112.87
2822,-0.245307,-0.609308,1113
2823,-0.0111426,0.74611,1113.58
2824,-0.120359,0.296972,1113.75
2825,-0.125609,0.279664,1113.91
2826,-0.106999,-0.585548,1114.14
2827,-0.139907,0.544046,1114.61
2828,0.16679,0.0353939,1114.63
2829,-0.0848011,0.486016,1114.95
2830,0.287703,0.114547,1114.98
2831,0.0415301,0.912626,1115.74
2832,0.321055,0.931181,1116.12
2833,-0.0860021,-0.985643,1116.93
2834,0.0470549,0.146159,1116.94
2835,0.0729005,-0.992055,1118.07
2836,-0.039197,0.0944635,1118.09
2837,0.00584068,0.143972,1118.11
2838,0.0695485,0.349157,1118.18
2839,0.194833,-0.456456,1118.61
2840,0.00112874,-0.873951,1119.37
2841,0.180269,0.658215,1119.6
2842,0.000125683,-0.662127,1120.04
2843,0.166683,-0.527795,1120.52
2844,-0.185734,-0.0136286,1120.55
2845,-0.0763932,-0.305464,1120.61
2846,-0.0698606,-0.958884,1121.4
2847,0.0583144,0.29928,1121.45
2848,0.053848,0.557291,1121.71
2849,0.0140183,-0.868549,1122.49
2850,-0.0746003,-0.439143,1122.62
2851,-0.0328547,0.882602,1123.46
2852,-0.137021,-0.991215,1124.19
2853,0.213194,0.908166,1124.67
2854,-0.135248,-0.268422,1124.69
2855,0.0211034,0.950971,1125.55
2856,0.0607363,-0.935646,1126.55
2857,0.0113227,-0.996532,1127.56
2858,-0.0666301,-0.575154,1127.82
2859,-0.0223822,0.981766,1128.83
2860,0.0252466,0.84468,1129.5
2861,0.0287833,-0.120077,1129.52
2862,0.087599,-0.822297,1130.35
2863,-0.0477558,0.929565,1131.3
2864,0.11958,0.181186,1131.31
2865,-0.0417014,0.869376,1132.14
2866,0.0282678,-0.249396,1132.22
2867,-0.121522,-0.181235,1132.22
2868,-0.139442,-0.720239,1132.56
2869,0.18166,-0.877395,1133.68
2870,-0.059028,-0.442509,1133.83
2871,-0.114455,0.335094,1134.03
2872,0.0526356,-0.197063,1134.09
2873,0.17956,-0.0605654,1134.15
2874,0.104527,-0.9779,1135.32
2875,0.146123,-0.345201,1135.56
2876,-0.0759276,-0.349311,1135.63
2877,-0.234282,-0.461023,1135.69
2878,0.136323,0.854253,1136.2
2879,-0.161644,0.420758,1136.54
2880,-0.0847687,-0.959288,1137.31
2881,-0.00809732,0.74615,1137.87
2882,-0.102868,0.196653,1137.96
2883,-0.167461,-0.559729,1138.12
2884,-0.151157,0.134627,1138.2
2885,-0.166635,-0.645693,1138.43
2886,0.0511226,0.954375,1139.25
2887,-0.124671,0.434839,1139.56
2888,-0.0288007,0.658332,1140.03
2889,-0.059772,-0.959594,1140.84
2890,-0.138242,-0.998905,1141.58
2891,0.117191,-0.748482,1142.33
2892,0.076045,-0.936249,1143.36
2893,-0.113558,-0.422878,1143.45
2894,0.198149,0.282585,1143.46
2895,-0.0611544,-0.989675,1144.32
2896,-0.0855428,-0.00618748,1144.33
2897,-0.166063,-0.732909,1144.65
2898,0.242722,-0.489553,1145.18
2899,-0.133612,-0.733744,1145.54
2900,0.151468,0.917534,1146.13
2901,0.00337755,0.831397,1146.82
2902,0.0121426,-0.981788,1147.8
2903,-0.0612842,-0.0832497,1147.8
2904,-0.0458616,-0.363785,1147.91
2905,0.202208,0.519463,1148.01
2906,-0.331841,0.981394,1149.73
2907,-0.0307734,-0.0412382,1149.73
2908,-0.0408803,-0.93302,1150.53
2909,-0.00810792,0.96132,1151.47
2910,-0.127744,-0.999999,1152.23
2911,0.116262,0.144991,1152.23
2912,-0.131971,0.402442,1152.51
2913,-0.0895825,0.923174,1153.54
2914,-0.0610449,-0.984799,1154.39
2915,0.0229429,-0.92687,1155.3
2916,-0.151198,0.859633,1156.32
2917,0.045492,-0.222421,1156.39
2918,-0.0506422,0.872723,1157.24
2919,0.0566574,-0.962166,1158.28
2920,0.0246104,-0.688817,1158.79
2921,0.275224,0.99401,1159.31
2922,-0.256621,-0.904857,1159.73
2923,0.0408557,0.827729,1160.34
2924,0.0373356,0.00122366,1160.35
2925,-0.125917,-0.729807,1160.71
2926,-0.0298908,-0.775795,1161.27
2927,-0.0287333,0.976942,1162.28
2928,0.0760886,-0.200344,1162.35
2929,-0.0834571,-0.300521,1162.4
2930,0.110027,0.115135,1162.4
2931,-0.0978438,-0.0668798,1162.4
2932,-0.0361033,0.971133,1163.42
2933,0.0717733,0.706265,1163.82
2934,0.00849073,0.860821,1164.55
2935,0.187702,-0.0116348,1164.59
2936,-0.206743,0.999116,1166.04
2937,-0.0505629,0.625847,1166.5
2938,0.104546,0.77877,1166.95
2939,-0.00132651,-0.600215,1167.31
2940,0.0239181,-0.996976,1168.35
2941,-0.120652,-0.437026,1168.45
2942,-0.157565,0.990699,1169.77
2943,0.124021,0.158738,1169.77
2944,-0.0210435,-0.709515,1170.25
2945,-0.0158064,-0.818269,1170.89
2946,0.161203,-0.368616,1171.17
2947,0.108299,-0.896153,1172.18
2948,-0.0737316,-0.868878,1172.81
2949,-0.0358272,-0.272724,1172.87
2950,0.136191,0.437294,1172.96
2951,-0.134213,0.764332,1173.77
2952,0.144327,-0.634829,1174.37
2953,0.0474793,0.867359,1175.05
2954,0.0582012,-0.728277,1175.66
2955,-0.222045,0.19715,1175.84
2956,-0.0362634,0.921686,1176.76
2957,-0.0533451,0.511206,1177.08
2958,-0.0592259,0.920093,1178.04
2959,0.0255476,-0.987044,1179.06
2960,-0.103382,-0.963033,1179.8
2961,0.110818,0.488536,1179.94
2962,-0.0384283,0.00127925,1179.94
2963,-0.015385,-0.939122,1180.8
2964,0.0500634,-0.0844467,1180.82
2965,-0.240903,-0.971438,1181.35
2966,0.181857,-0.173256,1181.48
2967,-0.191028,-0.938247,1182.03
2968,0.219108,0.999351,1182.64
2969,-0.0388209,0.994988,1183.71
2970,0.00911947,-0.790693,1184.35
2971,0.0812802,-0.700352,1184.96
2972,-0.0564186,-0.967754,1185.79
2973,0.0845041,-0.470407,1186.1
2974,-0.27432,0.729081,1187.11
2975,-0.115408,0.260562,1187.25
2976,-0.17525,0.246011,1187.43
2977,-0.115767,0.999755,1188.67
2978,-0.15389,0.829607,1189.64
2979,-0.0856712,0.933571,1190.68
2980,0.0217948,0.997851,1191.63
2981,-0.0534223,0.131448,1191.66
2982,-0.111138,-0.947964,1192.36
2983,0.0357476,0.652039,1192.74
2984,0.0297604,0.738984,1193.25
2985,0.174365,-0.374321,1193.55
2986,-0.138662,0.957513,1194.75
2987,0.0159415,-0.889294,1195.57
2988,-0.0571934,-0.520856,1195.78
2989,-0.0660248,-0.915303,1196.51
2990,0.251223,0.772489,1196.78
2991,-0.197107,0.790644,1197.75
2992,-0.0324797,-0.86751,1198.45
2993,-0.0483992,0.647385,1198.93
2994,-0.0785036,0.591515,1199.38
2995,-0.0494843,-0.742901,1199.86
2996,-0.249266,0.510345,1200.44
2997,-0.0503046,-0.320787,1200.51
2998,0.043967,-0.930856,1201.46
2999,-0.0528202,0.666503,1201.98
