t,predict_test,teacher
501,-0.941874,-0.871504,0.00495183
502,-0.877947,-0.897167,0.00532125
503,-0.970259,-0.918112,0.00804057
504,0.880033,0.966915,0.0155889
505,-0.495156,-0.323771,0.0449618
506,0.747373,0.700105,0.047196
507,-0.844988,-0.673516,0.0765985
508,1.01688,0.996646,0.0770079
509,-0.869404,-0.940362,0.0820429
510,0.875506,0.944651,0.0868239
511,0.0999879,0.102098,0.0868283
512,-0.716335,-0.748,0.087831
513,-0.572931,-0.654848,0.0945414
514,-0.925572,-0.935808,0.0946462
515,0.442827,0.472826,0.0955461
516,-0.985679,-0.939102,0.0977155
517,0.840466,0.819782,0.0981434
518,1.06775,0.998229,0.102976
519,0.529844,0.52925,0.102977
520,0.341076,0.296849,0.104933
521,-0.773141,-0.808604,0.10619
522,-0.899807,-0.930179,0.107113
523,-0.0619933,-0.091996,0.108013
524,0.999165,0.945656,0.110876
525,0.651196,0.6097,0.112598
526,-1.04926,-0.954345,0.121606
527,-0.026407,-0.127988,0.131925
528,0.87693,0.87338,0.131937
529,-0.346637,-0.325043,0.132404
530,1.15756,0.998391,0.15774
531,0.991609,0.977658,0.157934
532,-0.557073,-0.555597,0.157936
533,-0.76112,-0.744279,0.15822
534,0.679038,0.684879,0.158254
535,-0.885074,-0.999992,0.17146
536,-0.532458,-0.624645,0.179959
537,-0.904497,-0.956066,0.182618
538,-0.19531,-0.153886,0.184334
539,-0.77697,-0.7699,0.184384
540,0.403619,0.361172,0.186186
541,-0.0364616,-0.00972093,0.186901
542,-0.206121,-0.209633,0.186913
543,0.819995,0.880048,0.19052
544,0.983991,0.988773,0.190542
545,0.664507,0.692187,0.191309
546,-0.861283,-0.811792,0.193758
547,-0.896914,-0.962205,0.198021
548,-0.215826,-0.190386,0.198668
549,-0.444425,-0.490578,0.200798
550,0.0769154,0.120538,0.202701
551,0.59427,0.544636,0.205164
552,-0.0629252,-0.0899016,0.205892
553,-0.193465,-0.129991,0.209921
554,-0.337284,-0.237033,0.219971
555,-0.360253,-0.347248,0.220141
556,0.960168,0.982384,0.220634
557,-0.699581,-0.866033,0.24834
558,0.878433,0.844538,0.249489
559,0.542269,0.557713,0.249728
560,0.901801,0.922711,0.250165
561,-0.757368,-0.797319,0.251761
562,-0.966801,-0.992799,0.252437
563,-0.960018,-0.990947,0.253394
564,-0.638515,-0.627758,0.253509
565,-0.494951,-0.741297,0.314195
566,-0.0397129,-0.167032,0.330406
567,-0.208512,-0.133266,0.336068
568,0.912338,0.97451,0.339933
569,0.875861,0.934551,0.343377
570,-0.261939,-0.299347,0.344777
571,-0.640129,-0.650331,0.344881
572,-0.911074,-0.916344,0.344909
573,0.747138,0.669769,0.350895
574,-0.215427,-0.288803,0.356279
575,0.723702,0.719462,0.356297
576,0.879593,0.9212,0.358028
577,-0.693754,-0.661053,0.359097
578,0.44478,0.567364,0.374124
579,-0.850197,-0.735389,0.387305
580,-1.01147,-0.945323,0.391681
581,0.0502685,-0.0085615,0.395142
582,0.914235,0.894992,0.395512
583,-0.865541,-0.938231,0.400796
584,0.395555,0.3942,0.400798
585,0.975516,0.975901,0.400798
586,-0.478128,-0.495951,0.401115
587,-0.485153,-0.473257,0.401257
588,-0.982078,-0.970673,0.401387
589,0.966866,0.989849,0.401915
590,0.69476,0.649464,0.403967
591,-0.1814,-0.174509,0.404014
592,-0.824601,-0.762987,0.407811
593,0.582781,0.50795,0.41341
594,0.642455,0.526619,0.426828
595,-0.999597,-0.918144,0.433463
596,0.67257,0.743009,0.438424
597,-0.904391,-0.999932,0.447553
598,-0.870278,-0.88644,0.447814
599,0.872072,0.915929,0.449737
600,0.833882,0.900991,0.454241
601,-0.269096,-0.283,0.454434
602,-0.388174,-0.453897,0.458754
603,-1.05466,-0.981326,0.464131
604,-0.806228,-0.992098,0.498679
605,-0.987253,-0.818769,0.527066
606,1.08852,0.945665,0.547475
607,-0.395902,-0.28063,0.560762
608,0.42334,0.423943,0.560763
609,-0.930789,-0.999222,0.565446
610,-0.237843,-0.308669,0.570462
611,0.231526,0.227821,0.570476
612,-0.830723,-0.965582,0.588663
613,-0.295148,-0.306785,0.588798
614,0.459597,0.53047,0.593821
615,-0.891403,-0.892263,0.593822
616,-0.0537215,-0.0900724,0.595143
617,-0.736391,-0.678874,0.598451
618,-0.693593,-0.716676,0.598984
619,-0.808242,-0.83944,0.599957
620,0.940424,0.922798,0.600268
621,-0.563833,-0.548558,0.600501
622,0.474806,0.479037,0.600519
623,-0.614778,-0.651773,0.601888
624,0.318183,0.282436,0.603166
625,0.928328,0.987461,0.606663
626,-0.749655,-0.806914,0.609941
627,-0.2291,-0.232616,0.609954
628,0.834725,0.921784,0.617533
629,-0.16902,-0.213776,0.619536
630,1.0183,0.995822,0.620041
631,0.0818246,0.0712521,0.620153
632,-0.662674,-0.642059,0.620578
633,1.08687,0.999938,0.628135
634,-0.677332,-0.635054,0.629922
635,-0.146778,-0.185337,0.631409
636,0.999298,0.995228,0.631425
637,0.441971,0.426876,0.631653
638,-0.790315,-0.896184,0.642862
639,-0.961001,-0.945598,0.643099
640,0.255918,0.338248,0.649877
641,0.845479,0.879983,0.651068
642,0.233695,0.156661,0.657002
643,0.256572,0.259063,0.657008
644,-0.676488,-0.713815,0.658401
645,-0.815054,-0.770168,0.660416
646,0.582983,0.619333,0.661738
647,-0.808541,-0.753066,0.664815
648,0.844594,0.845602,0.664816
649,-0.617391,-0.900694,0.745076
650,0.144993,0.220614,0.750795
651,0.0146526,0.0220394,0.75085
652,0.162507,0.12265,0.752438
653,-0.879633,-0.897554,0.752759
654,-0.0353563,0.0278897,0.756759
655,0.998864,0.905919,0.765398
656,1.00652,0.997578,0.765478
657,0.696083,0.514345,0.798507
658,-0.367106,-0.218945,0.820458
659,0.932397,0.991948,0.824005
660,0.664873,0.768256,0.834693
661,-0.191395,-0.203477,0.834839
662,1.0184,0.997197,0.835288
663,0.523408,0.46233,0.839019
664,-1.00178,-0.999627,0.839023
665,-0.894433,-0.924856,0.839949
666,0.42715,0.36066,0.84437
667,0.259885,0.238372,0.844833
668,-0.522404,-0.586264,0.848911
669,0.517585,0.534842,0.849208
670,-1.01804,-0.948397,0.854059
671,-0.976106,-0.964929,0.854184
672,0.104617,0.0977164,0.854232
673,-0.529834,-0.662235,0.871762
674,1.03715,0.998885,0.873226
675,-0.748957,-0.640987,0.884883
676,0.15627,0.238586,0.891659
677,-0.943938,-0.970388,0.892358
678,0.494016,0.509642,0.892603
679,-0.629029,-0.538863,0.900733
680,0.895336,0.928367,0.901824
681,0.966628,0.941774,0.902441
682,0.104364,0.205012,0.912572
683,0.487497,0.588404,0.922754
684,-0.0894746,-0.0734158,0.923012
685,1.03732,0.897322,0.942611
686,0.528367,0.773195,1.00255
687,-0.467959,-0.287154,1.03524
688,0.727905,0.692368,1.03651
689,0.55351,0.612508,1.03999
690,-0.947905,-0.999894,1.04269
691,0.833831,0.947228,1.05555
692,0.683968,0.646493,1.05695
693,0.41015,0.358754,1.05959
694,-0.647696,-0.579444,1.06425
695,-0.556152,-0.515999,1.06586
696,-0.59527,-0.621658,1.06656
697,-0.345103,-0.195095,1.08906
698,0.854739,0.920927,1.09344
699,0.710986,0.806484,1.10256
700,-0.914207,-0.98448,1.1075
701,1.03027,0.954398,1.11326
702,-1.06965,-0.956564,1.12605
703,-1.02514,-0.942002,1.13296
704,0.93397,0.920504,1.13314
705,0.532414,0.646248,1.1461
706,-0.877273,-0.880228,1.14611
707,0.463425,0.504265,1.14778
708,-0.545538,-0.493271,1.15051
709,-0.63504,-0.662993,1.15129
710,0.681833,0.692586,1.1514
711,-0.314777,-0.331766,1.15169
712,0.924078,0.970128,1.15381
713,0.953907,0.91359,1.15544
714,-0.291093,-0.300173,1.15552
715,-0.08814,-0.103891,1.15577
716,1.03343,0.995727,1.15719
717,0.323572,0.309655,1.15738
718,-0.760199,-0.759797,1.15738
719,-0.998507,-0.997343,1.15739
720,0.961617,0.920983,1.15904
721,-0.0894227,-0.0312508,1.16242
722,-0.802011,-0.873753,1.16757
723,-0.933249,-0.94084,1.16763
724,0.705974,0.686366,1.16801
725,-0.766588,-0.788503,1.16849
726,0.934012,0.866267,1.17308
727,-0.546569,-0.565137,1.17342
728,-0.811559,-0.71747,1.18228
729,-0.830836,-0.770537,1.18591
730,0.470727,0.435722,1.18714
731,0.848441,0.843339,1.18716
732,0.929206,0.967942,1.18867
733,-0.313757,-0.340521,1.18938
734,0.823329,0.917671,1.19828
735,-0.0980857,-0.116651,1.19863
736,-0.770554,-0.930097,1.22408
737,1.00929,0.982471,1.2248
738,0.824385,0.773683,1.22737
739,0.970256,0.927361,1.22921
740,0.954692,0.986447,1.23022
741,-0.00108687,0.114516,1.24358
742,0.873857,0.943355,1.24841
743,-0.681365,-0.64394,1.24981
744,-0.412461,-0.443113,1.25075
745,-0.936282,-0.997656,1.25452
746,-0.300378,-0.192433,1.26617
747,-1.03275,-0.999227,1.2673
748,0.110299,0.14068,1.26822
749,0.958989,0.998976,1.26982
750,0.100068,0.183066,1.27671
751,0.248884,0.2843,1.27796
752,-0.162841,-0.158872,1.27798
753,0.995226,0.997242,1.27798
754,0.975012,0.999016,1.27856
755,0.343474,0.451055,1.29013
756,0.24457,0.347008,1.30062
757,-0.30357,-0.28129,1.30112
758,0.911009,0.936875,1.30179
759,-0.756123,-0.855766,1.31172
760,0.961238,0.994308,1.31281
761,0.138789,0.176689,1.31425
762,0.691465,0.959934,1.38632
763,0.725543,0.715901,1.38642
764,0.192286,0.2397,1.38866
765,0.876463,0.783394,1.39733
766,1.07398,0.990421,1.40431
767,-0.877207,-0.705473,1.4338
768,-0.813447,-0.886268,1.4391
769,0.957486,0.984607,1.43984
770,-0.597404,-0.744167,1.46138
771,1.02176,0.966644,1.46442
772,-0.0364724,-0.0858838,1.46686
773,-0.938898,-0.99466,1.46997
774,0.504431,0.478987,1.47061
775,-0.959337,-0.922747,1.47195
776,0.904002,0.87389,1.47286
777,-0.925469,-0.991915,1.47727
778,0.522344,0.426548,1.48645
779,-1.02559,-0.974895,1.48902
780,-0.0710002,-0.189861,1.50315
781,1.10222,0.999998,1.5136
782,1.01638,0.992114,1.51419
783,-0.895268,-0.740165,1.53824
784,0.880853,0.817242,1.54229
785,0.550007,0.509217,1.54395
786,-0.538303,-0.491285,1.54617
787,0.911002,0.961927,1.54876
788,0.486533,0.443488,1.55061
789,0.872638,0.948092,1.5563
790,0.566261,0.587636,1.55676
791,-0.110972,-0.168828,1.56011
792,0.456657,0.501066,1.56208
793,0.761426,0.818581,1.56535
794,-0.390262,-0.424786,1.56654
795,0.78416,0.745745,1.56802
796,-0.856094,-0.869869,1.56821
797,-0.340257,-0.315549,1.56882
798,0.947252,0.976564,1.56967
799,0.99192,0.966092,1.57034
800,0.332581,0.39435,1.57416
801,0.866631,0.971291,1.58511
802,0.477949,0.443392,1.58631
803,0.977944,0.915956,1.59015
804,-0.419222,-0.409521,1.59024
805,-0.371145,-0.449191,1.59633
806,0.356497,0.259286,1.60578
807,-0.131488,-0.178385,1.60798
808,-0.787075,-0.75022,1.60934
809,-0.562157,-0.54683,1.60958
810,0.939084,0.96844,1.61044
811,0.984923,0.999988,1.61066
812,-0.276437,-0.344515,1.6153
813,0.740529,0.81712,1.62116
814,-0.734926,-0.682687,1.62389
815,0.0916954,0.111813,1.6243
816,-0.0890165,-0.0984069,1.62439
817,0.229075,0.208417,1.62481
818,0.94939,0.925757,1.62537
819,-0.796836,-0.952775,1.64969
820,-0.122552,-0.255263,1.6673
821,0.875051,0.853647,1.66776
822,-0.81401,-0.867836,1.67066
823,0.422701,0.366043,1.67387
824,-0.899335,-0.953672,1.67682
825,-0.953434,-0.941352,1.67697
826,0.866572,0.859951,1.67701
827,-0.785382,-0.945264,1.70257
828,-0.898557,-0.953443,1.70558
829,-0.403509,-0.425489,1.70607
830,0.451679,0.455847,1.70608
831,0.144204,0.181338,1.70746
832,-1.02992,-0.933865,1.71669
833,-0.13234,-0.150215,1.71701
834,-0.059469,-0.0233526,1.71831
835,-0.190979,-0.300606,1.73033
836,0.789604,0.728808,1.73403
837,-0.321528,-0.327885,1.73407
838,1.02036,0.985712,1.73527
839,-1.0408,-0.941013,1.74523
840,0.0109011,0.107338,1.75453
841,-0.475481,-0.320369,1.77859
842,-0.691683,-0.691213,1.77859
843,-0.936869,-0.976133,1.78013
844,-0.336973,-0.32879,1.78019
845,1.04168,0.993641,1.7825
846,-0.014838,-0.0766992,1.78633
847,0.268743,0.309657,1.788
848,-1.01283,-0.999732,1.78818
849,-0.898214,-0.883144,1.7884
850,0.378494,0.279402,1.79822
851,-0.921923,-0.949853,1.799
852,-0.122367,0.00840254,1.8161
853,-0.304192,-0.287162,1.81639
854,0.134076,0.199578,1.82068
855,0.750496,0.893964,1.84127
856,-0.116861,-0.187372,1.84624
857,-0.771239,-0.738179,1.84733
858,0.896294,0.895384,1.84733
859,0.908355,0.945583,1.84872
860,-0.236959,-0.295672,1.85216
861,-0.483555,-0.338876,1.8731
862,0.394345,0.3952,1.8731
863,0.645084,0.714513,1.87792
864,0.412686,0.358983,1.8808
865,0.565126,0.48183,1.88774
866,0.716603,0.761462,1.88975
867,-0.980983,-0.919242,1.89356
868,-0.632144,-0.615144,1.89385
869,-0.0712855,-0.0540734,1.89415
870,-0.948617,-0.984275,1.89542
871,0.304574,0.330399,1.89609
872,1.00677,0.984094,1.8966
873,-0.228451,-0.258644,1.89751
874,0.17783,0.141413,1.89884
875,0.309651,0.38219,1.9041
876,0.321165,0.304925,1.90437
877,0.57574,0.54319,1.90543
878,-0.936325,-0.985014,1.9078
879,0.0582333,0.0128028,1.90986
880,1.00256,0.999909,1.90987
881,0.992179,0.990779,1.90987
882,0.894194,0.916742,1.91038
883,0.395832,0.442774,1.91258
884,-1.05408,-0.968058,1.91998
885,-0.57974,-0.572782,1.92003
886,0.89921,0.958651,1.92356
887,-0.125609,-0.136855,1.92369
888,-0.490531,-0.472456,1.92402
889,0.878703,0.915061,1.92534
890,-0.932422,-0.963465,1.9263
891,-0.847624,-0.89468,1.92852
892,-0.796621,-0.75409,1.93032
893,-0.279166,-0.230135,1.93273
894,-0.150728,-0.144533,1.93277
895,0.445627,0.452198,1.93281
896,-0.430364,-0.443086,1.93297
897,-0.912985,-0.971202,1.93636
898,0.756003,0.774178,1.93669
899,-0.193645,-0.298936,1.94778
900,0.430267,0.47802,1.95006
901,-0.588582,-0.571892,1.95034
902,0.542998,0.541714,1.95034
903,-0.978012,-0.961707,1.9506
904,0.696231,0.685119,1.95073
905,-0.234282,-0.363902,1.96753
906,-1.05632,-0.995521,1.97123
907,-0.935452,-0.96791,1.97228
908,0.274417,0.250655,1.97284
909,-0.946257,-0.823932,1.98781
910,-0.152907,-0.20368,1.99038
911,-0.705293,-0.696727,1.99046
912,-0.63776,-0.645606,1.99052
913,-0.716043,-0.809764,1.9993
914,0.897227,0.929062,2.00032
915,0.0591183,0.124824,2.00463
916,-0.355707,-0.411387,2.00773
917,-0.853616,-0.929191,2.01345
918,-0.296024,-0.384419,2.02126
919,0.36885,0.418381,2.02371
920,0.92688,0.998533,2.02885
921,-0.412641,-0.356632,2.03198
922,0.696275,0.86625,2.06088
923,-0.36144,-0.179743,2.09389
924,0.996668,0.990789,2.09392
925,0.762959,0.695115,2.09853
926,-0.705903,-0.504426,2.13912
927,0.909513,0.83646,2.14446
928,-0.623188,-0.608208,2.14468
929,-0.476099,-0.51428,2.14614
930,0.505147,0.50433,2.14614
931,-0.940375,-0.971585,2.14711
932,-0.533893,-0.532375,2.14712
933,0.690926,0.718536,2.14788
934,-0.996015,-0.964939,2.14884
935,1.05267,0.962619,2.15695
936,-0.358917,-0.56265,2.19846
937,-0.946038,-0.94462,2.19846
938,-0.752038,-0.726767,2.1991
939,-0.892799,-0.929293,2.20043
940,-0.568236,-0.60681,2.20192
941,-0.772822,-0.684782,2.20967
942,0.456093,0.566034,2.22176
943,-0.648661,-0.372603,2.29797
944,-0.715436,-0.727797,2.29812
945,0.785046,0.577048,2.34138
946,0.541325,0.567823,2.34208
947,-0.160271,-0.0124236,2.36394
948,-0.363887,-0.467838,2.37475
949,-0.897048,-0.941009,2.37668
950,1.0378,0.9976,2.3783
951,-0.585756,-0.733777,2.40021
952,0.596382,0.516462,2.4066
953,-0.571564,-0.633109,2.41038
954,0.95407,1,2.41249
955,-0.00251839,0.000868336,2.4125
956,-0.0487764,0.0137921,2.41642
957,-1.03122,-0.95984,2.42151
958,-0.16306,-0.223367,2.42515
959,-0.869121,-0.75123,2.43905
960,-0.819883,-0.866289,2.4412
961,0.764356,0.780122,2.44145
962,0.48358,0.590063,2.45279
963,-0.801911,-0.642032,2.47835
964,-0.985053,-0.915482,2.48319
965,0.311742,0.310085,2.48319
966,0.959423,0.966133,2.48324
967,-0.649336,-0.827348,2.51493
968,0.990263,0.933534,2.51815
969,0.714512,0.719322,2.51817
970,0.883058,0.927345,2.52013
971,0.548073,0.527436,2.52056
972,-0.878763,-0.997977,2.53477
973,0.0626011,0.120439,2.53811
974,-0.4427,-0.427789,2.53834
975,0.848133,0.806048,2.54011
976,0.986778,0.987452,2.54011
977,1.05435,0.92864,2.55591
978,-0.650587,-0.753848,2.56657
979,-0.363456,-0.436127,2.57185
980,0.849489,0.958818,2.58381
981,0.699517,0.691792,2.58387
982,0.751159,0.774976,2.58443
983,0.951525,0.999307,2.58672
984,-0.385352,-0.438243,2.58952
985,0.900092,0.929176,2.59036
986,0.859002,0.849121,2.59046
987,0.870378,0.790028,2.59691
988,-0.425729,-0.512405,2.60443
989,0.976606,0.883734,2.61305
990,0.228213,0.321576,2.62177
991,0.228791,0.22505,2.62178
992,0.923756,0.987681,2.62587
993,-0.791574,-0.862409,2.63089
994,0.333966,0.280065,2.63379
995,0.132374,0.0672147,2.63804
996,0.0784755,0.0718008,2.63808
997,-0.865697,-0.893666,2.63886
998,0.640897,0.674671,2.64001
999,-0.813263,-0.996482,2.67358
1000,-0.743666,-0.720181,2.67413
1001,-1.00785,-0.999123,2.6742
1002,0.808534,0.869181,2.67788
1003,0.348126,0.344108,2.6779
1004,0.00054586,0.0744772,2.68336
1005,-0.893172,-0.981145,2.6911
1006,0.50583,0.528825,2.69163
1007,-0.758871,-0.888874,2.70853
1008,-0.0259701,-0.0537665,2.7093
1009,0.875695,0.769677,2.72054
1010,0.81109,0.906384,2.72963
1011,0.16447,0.255806,2.73797
1012,0.730955,0.908361,2.76944
1013,-1.02983,-0.941977,2.77716
1014,-0.0563446,0.028366,2.78434
1015,0.80996,0.855812,2.78644
1016,0.782127,0.774967,2.78649
1017,0.550107,0.595662,2.78856
1018,0.931941,0.999937,2.79319
1019,0.816842,0.722372,2.80211
1020,-0.810127,-0.999865,2.83811
1021,0.413819,0.346667,2.84262
1022,-0.557155,-0.601285,2.84457
1023,0.960326,0.92071,2.84614
1024,0.811503,0.79395,2.84645
1025,-0.435734,-0.35674,2.85269
1026,0.569684,0.599057,2.85355
1027,0.991379,0.991912,2.85355
1028,0.600659,0.569508,2.85452
1029,-0.603554,-0.599374,2.85454
1030,0.521451,0.535162,2.85473
1031,0.791772,0.839349,2.85699
1032,1.10879,0.999429,2.86895
1033,-0.0883748,-0.167377,2.87519
1034,-1.18129,-0.968789,2.92035
1035,-0.939043,-0.885687,2.92319
1036,0.046325,0.0347544,2.92333
1037,1.02599,0.999304,2.92404
1038,-0.263832,-0.313732,2.92653
1039,0.782243,0.857685,2.93222
1040,-0.716497,-0.680721,2.9335
1041,-0.890396,-0.791338,2.94331
1042,0.810942,0.792204,2.94367
1043,0.833497,0.824748,2.94374
1044,-1.08394,-0.98955,2.95265
1045,0.920311,0.989054,2.95738
1046,0.583809,0.579969,2.95739
1047,0.827998,0.708981,2.97156
1048,-0.014309,-0.0212029,2.9716
1049,-0.189443,-0.146255,2.97347
1050,0.515899,0.497121,2.97382
1051,-0.959696,-0.739664,3.02224
1052,0.886106,0.856629,3.0231
1053,-0.0178682,0.00578406,3.02366
1054,0.915121,0.93253,3.02397
1055,-0.875349,-0.947221,3.02913
1056,-0.342853,-0.317044,3.0298
1057,0.402329,0.366935,3.03105
1058,0.938794,0.890698,3.03336
1059,-0.944558,-0.977548,3.03445
1060,-0.678852,-0.654471,3.03505
1061,-0.881773,-0.963385,3.04171
1062,0.671655,0.763062,3.05006
1063,-0.702272,-0.722743,3.05048
1064,0.983712,0.997961,3.05069
1065,-0.885678,-0.931293,3.05277
1066,-1.02615,-0.999999,3.05345
1067,-0.167047,-0.243373,3.05928
1068,0.919441,0.925403,3.05931
1069,0.741367,0.73286,3.05938
1070,0.88504,0.974991,3.06747
1071,0.0776251,0.0817565,3.06749
1072,0.272287,0.309728,3.06889
1073,0.91738,0.984852,3.07345
1074,0.669889,0.657278,3.07361
1075,1.02654,0.983257,3.07548
1076,1.00189,0.894306,3.08705
1077,0.640906,0.531874,3.09894
1078,-1.04737,-0.955807,3.10732
1079,-0.574656,-0.549746,3.10794
1080,0.254795,0.183719,3.113
1081,-0.0746823,-0.0965697,3.11348
1082,0.967309,0.999855,3.11453
1083,-1.13636,-0.996444,3.13411
1084,0.581468,0.663009,3.14076
1085,-0.597185,-0.66742,3.14569
1086,-0.908979,-0.97312,3.14981
1087,-0.625085,-0.68545,3.15345
1088,0.365205,0.383011,3.15377
1089,-0.20644,-0.352218,3.17502
1090,-0.898848,-0.957088,3.17841
1091,0.61943,0.561716,3.18174
1092,-0.563442,-0.608995,3.18382
1093,-0.204909,-0.123216,3.19049
1094,0.321796,0.269534,3.19322
1095,-0.64433,-0.756278,3.20575
1096,1.05523,0.946827,3.21751
1097,-0.0858573,-0.0292942,3.2207
1098,-0.768452,-0.834905,3.22512
1099,0.472413,0.467529,3.22514
1100,-0.315096,-0.235818,3.23143
1101,-0.38438,-0.412653,3.23223
1102,0.486154,0.46724,3.23259
1103,0.0931611,0.00899138,3.23967
1104,0.823965,0.821679,3.23968
1105,0.774177,0.866161,3.24814
1106,-0.917424,-0.861092,3.25131
1107,0.914256,0.905573,3.25139
1108,0.577797,0.5917,3.25158
1109,0.560628,0.563007,3.25158
1110,-0.0345586,0.0122725,3.25378
1111,1.14545,0.971894,3.2839
1112,0.213749,0.0544293,3.30928
1113,-0.152494,-0.199672,3.31151
1114,-0.548256,-0.542822,3.31154
1115,-0.952473,-0.972158,3.31193
1116,-1.02451,-0.916418,3.32361
1117,-0.103362,-0.125824,3.32411
1118,-1.05806,-0.971384,3.33163
1119,-0.946123,-0.988168,3.33339
1120,0.563169,0.507633,3.33648
1121,-0.916046,-0.880185,3.33776
1122,-0.508448,-0.535858,3.33852
1123,0.445966,0.505118,3.34201
1124,0.968291,0.933168,3.34325
1125,0.770698,0.779315,3.34332
1126,0.744138,0.682879,3.34707
1127,0.605456,0.652397,3.34928
1128,0.387443,0.410599,3.34981
1129,-0.0620429,0.0294198,3.35818
1130,0.988092,0.97268,3.35842
1131,-0.852484,-0.865772,3.35859
1132,-0.109869,-0.0920099,3.35891
1133,0.26323,0.251688,3.35905
1134,0.0255052,0.0677109,3.36083
1135,-0.930804,-0.982147,3.36346
1136,0.479366,0.55009,3.36847
1137,-0.987827,-0.978703,3.36855
1138,-0.349778,-0.488687,3.38784
1139,-0.392172,-0.449953,3.39118
1140,1.03815,0.999994,3.39264
1141,0.559037,0.633523,3.39819
1142,-0.909228,-0.837706,3.4033
1143,-0.304032,-0.263568,3.40494
1144,-0.255391,-0.23205,3.40548
1145,-0.537416,-0.519685,3.4058
1146,0.406379,0.379701,3.40651
1147,-0.94551,-0.991318,3.40861
1148,-0.378115,-0.301088,3.41454
1149,0.850326,0.917197,3.41901
1150,0.712175,0.745826,3.42015
1151,-0.940574,-0.985237,3.42214
1152,-0.326386,-0.353654,3.42288
1153,1.00054,0.99962,3.42289
1154,0.859094,0.856237,3.42289
1155,0.831965,0.882511,3.42545
1156,0.946056,0.925363,3.42588
1157,-0.535559,-0.57077,3.42712
1158,0.37802,0.434141,3.43027
1159,-0.342174,-0.394403,3.43299
1160,0.872501,0.995972,3.44824
1161,-0.792072,-0.918506,3.46422
1162,0.84151,0.90566,3.46834
1163,-0.612423,-0.572184,3.46996
1164,0.231449,0.271026,3.47153
1165,0.806323,0.891145,3.47872
1166,-0.0660673,-0.0500877,3.47898
1167,0.53103,0.481706,3.48141
1168,-0.89851,-0.975517,3.48734
1169,-0.0282665,-0.0928744,3.49151
1170,0.982685,0.97199,3.49163
1171,-1.116,-0.982089,3.50956
1172,0.459221,0.529836,3.51455
1173,1.05469,0.995401,3.51806
1174,-0.243735,-0.466517,3.56769
1175,0.679556,0.528635,3.59047
1176,0.781649,0.751114,3.5914
1177,0.64819,0.742096,3.60022
1178,-0.769316,-0.607324,3.62646
1179,0.525337,0.46524,3.63007
1180,0.664506,0.551292,3.64289
1181,-1.03678,-0.899754,3.66167
1182,0.873081,0.814156,3.66514
1183,1.04793,0.892466,3.68931
1184,-0.97426,-0.924632,3.69177
1185,0.057141,0.0866958,3.69264
1186,-0.786964,-0.746548,3.69428
1187,-0.41463,-0.345877,3.699
1188,0.589179,0.608199,3.69937
1189,-0.721155,-0.786474,3.70363
1190,-0.758214,-0.807469,3.70606
1191,0.154015,0.160169,3.7061
1192,0.724993,0.760765,3.70738
1193,-0.474716,-0.330039,3.72831
1194,-0.454593,-0.535859,3.73491
1195,1.02776,0.996462,3.73589
1196,-0.814056,-0.813064,3.73589
1197,0.135859,0.140488,3.73591
1198,1.08303,0.999789,3.74284
1199,-0.0139251,0.210078,3.79302
1200,0.33703,0.434027,3.80243
1201,0.145743,0.287883,3.82263
1202,0.934821,0.998287,3.82666
1203,-0.151423,-0.146663,3.82668
1204,1.04347,0.98948,3.8296
1205,-0.884448,-0.995399,3.84191
1206,0.162399,0.171329,3.84199
1207,-0.404127,-0.30014,3.8528
1208,0.766267,0.770081,3.85282
1209,0.653088,0.666415,3.85299
1210,0.240779,0.257494,3.85327
1211,0.0085816,-0.0575001,3.85764
1212,-0.757633,-0.707382,3.86016
1213,-0.695544,-0.675667,3.86056
1214,-1.05787,-0.968547,3.86854
1215,0.819381,0.757632,3.87235
1216,0.458294,0.511883,3.87522
1217,0.898044,0.941981,3.87715
1218,0.712106,0.828416,3.89068
1219,0.838325,0.82607,3.89083
1220,-0.919408,-0.942688,3.89137
1221,-0.648492,-0.689183,3.89303
1222,0.675085,0.691958,3.89331
1223,0.896498,0.831251,3.89757
1224,0.0381121,0.0447764,3.89762
1225,-0.549325,-0.595813,3.89978
1226,0.573181,0.426128,3.9214
1227,0.953831,0.937575,3.92167
1228,0.550602,0.568493,3.92199
1229,-0.346284,-0.420034,3.92743
1230,-0.164345,-0.244672,3.93388
1231,-0.820264,-0.767369,3.93668
1232,-0.780167,-0.885993,3.94787
1233,0.694838,0.716155,3.94833
1234,-0.283209,-0.407456,3.96377
1235,-1.03954,-0.970208,3.96857
1236,-0.958433,-0.981026,3.96908
1237,-1.08709,-0.985342,3.97944
1238,-0.805813,-0.928421,3.99447
1239,-0.915894,-0.83285,4.00136
1240,0.876121,0.920679,4.00335
1241,0.589844,0.598165,4.00342
1242,-0.393428,-0.390094,4.00343
1243,-0.0588063,-0.0093165,4.00588
1244,0.119826,0.113744,4.00592
1245,0.0553295,0.0787655,4.00647
1246,0.703441,0.789035,4.01379
1247,0.0691505,0.174402,4.02487
1248,0.0376385,-0.0466143,4.03197
1249,0.473396,0.434283,4.0335
1250,-0.997908,-0.99041,4.03355
1251,0.655821,0.679263,4.0341
1252,0.758357,0.800242,4.03586
1253,0.182721,0.250373,4.04044
1254,-0.976813,-0.971219,4.04047
1255,-0.980709,-0.94832,4.04152
1256,0.746411,0.853216,4.05292
1257,-1.08793,-0.997126,4.06117
1258,0.0682202,0.156743,4.069
1259,0.800099,0.908278,4.08071
1260,1.03541,0.921271,4.09374
1261,0.811296,0.721706,4.10176
1262,-1.03656,-0.996143,4.1034
1263,-0.756223,-0.775879,4.10378
1264,-0.791354,-0.887647,4.11305
1265,-0.99897,-0.986968,4.1132
1266,-0.769307,-0.812794,4.11509
1267,0.962399,0.951935,4.1152
1268,0.634742,0.546162,4.12305
1269,-0.766774,-0.700489,4.12744
1270,-0.800989,-0.798524,4.12744
1271,0.00736665,-0.0314845,4.12895
1272,-0.579101,-0.590042,4.12907
1273,0.759501,0.747509,4.12922
1274,-0.382701,-0.118816,4.19885
1275,0.959549,0.959265,4.19885
1276,1.13528,0.993933,4.21883
1277,-0.323696,-0.33706,4.21901
1278,-0.035501,-0.116507,4.22557
1279,-0.944858,-0.936487,4.22564
1280,0.562457,0.564914,4.22565
1281,-0.92058,-0.976308,4.22875
1282,0.24195,0.369036,4.2449
1283,-1.04187,-0.982501,4.24843
1284,-0.870541,-0.874826,4.24845
1285,-0.919791,-0.992864,4.25379
1286,-0.713712,-0.749226,4.25505
1287,0.643492,0.666336,4.25557
1288,-0.69046,-0.754398,4.25966
1289,0.478357,0.428271,4.26217
1290,-0.800501,-0.999573,4.3018
1291,0.788539,0.889623,4.31201
1292,-0.347182,-0.301757,4.31408
1293,-0.903198,-0.967834,4.31826
1294,-0.848858,-0.89991,4.32086
1295,-0.25358,-0.311134,4.32417
1296,-0.463385,-0.456217,4.32423
1297,0.823551,0.985578,4.35048
1298,-0.555951,-0.644077,4.35824
1299,0.950167,0.952902,4.35825
1300,-0.485931,-0.493301,4.35831
1301,-0.879401,-0.956725,4.36429
1302,0.861661,0.85295,4.36436
1303,-0.327598,-0.351646,4.36494
1304,-0.933539,-0.983246,4.36741
1305,0.537305,0.461467,4.37316
1306,0.239041,0.189998,4.37557
1307,1.03181,0.954527,4.38154
1308,-0.9392,-0.93898,4.38154
1309,0.957831,0.979954,4.38203
1310,-0.940685,-0.999649,4.38551
1311,-0.90294,-0.91097,4.38557
1312,0.867939,0.951171,4.3925
1313,-0.348151,-0.350108,4.3925
1314,-0.257692,-0.061502,4.43099
1315,0.870108,0.900529,4.43192
1316,0.033952,-0.136758,4.46106
1317,1.07666,0.9619,4.47423
1318,-0.51399,-0.487681,4.47492
1319,0.69027,0.706743,4.47519
1320,-0.782639,-0.939136,4.49969
1321,0.51047,0.385408,4.51533
1322,1.06982,0.987101,4.52217
1323,0.625147,0.504661,4.53669
1324,-0.262946,-0.14815,4.54986
1325,-0.541281,-0.515417,4.55053
1326,0.382883,0.397812,4.55076
1327,-0.454008,-0.517377,4.55477
1328,-0.642376,-0.643227,4.55477
1329,0.151951,0.175444,4.55532
1330,-0.921695,-0.99992,4.56144
1331,0.418643,0.441659,4.56197
1332,0.86964,0.932913,4.56598
1333,-0.7288,-0.713332,4.56622
1334,0.052832,0.192805,4.58581
1335,-0.316498,-0.587241,4.65911
1336,-0.866898,-0.869746,4.65912
1337,-0.60798,-0.772792,4.68628
1338,-0.161522,-0.198713,4.68766
1339,0.898864,0.962147,4.69167
1340,0.217981,0.213196,4.69169
1341,0.529714,0.514111,4.69194
1342,0.894935,0.763224,4.70928
1343,-0.137787,-0.197045,4.71279
1344,0.738788,0.728491,4.7129
1345,-0.790692,-0.992038,4.75344
1346,-0.011017,0.000953035,4.75358
1347,0.0839521,-0.0183061,4.76404
1348,-0.974645,-0.98988,4.76427
1349,-0.796349,-0.910346,4.77727
1350,0.937264,0.914135,4.7778
1351,0.570178,0.47344,4.78716
1352,-0.391909,-0.444853,4.78996
1353,-0.748832,-0.802616,4.79286
1354,1.01043,0.986624,4.79342
1355,-0.954931,-0.904994,4.79592
1356,0.924993,0.830527,4.80484
1357,0.0122017,-0.0653066,4.81085
1358,0.501788,0.494097,4.81091
1359,-0.686693,-0.527308,4.83631
1360,1.01187,0.998612,4.83649
1361,-0.034073,-0.0994782,4.84077
1362,0.686611,0.682381,4.84078
1363,-0.995527,-0.98449,4.84091
1364,1.0105,0.992045,4.84125
1365,-0.569849,-0.593061,4.84178
1366,0.618588,0.594267,4.84238
1367,0.713486,0.72569,4.84253
1368,0.965337,0.93082,4.84372
1369,0.45364,0.445789,4.84378
1370,0.292515,0.33037,4.84521
1371,0.554015,0.590191,4.84652
1372,-0.103654,-0.145837,4.8483
1373,-1.00305,-0.991983,4.84842
1374,-0.952915,-0.916101,4.84978
1375,0.741145,0.753403,4.84993
1376,0.955596,0.997401,4.85168
1377,0.309634,0.258858,4.85425
1378,-1.01132,-0.958104,4.85708
1379,-0.779661,-0.641868,4.87607
1380,0.0203978,-0.0314467,4.87876
1381,0.515087,0.596724,4.88542
1382,0.871919,0.8688,4.88543
1383,-0.683226,-0.703472,4.88584
1384,0.107789,0.0591321,4.88821
1385,0.163062,0.265463,4.8987
1386,-0.678334,-0.740948,4.90262
1387,0.886564,0.952525,4.90697
1388,0.0755233,0.0883865,4.90713
1389,1.01953,0.989355,4.90804
1390,-0.358475,-0.371375,4.90821
1391,-0.402795,-0.38207,4.90864
1392,-0.675005,-0.640037,4.90986
1393,-0.0937472,-0.17833,4.91702
1394,0.791637,0.829896,4.91848
1395,-0.0363697,0.0169193,4.92132
1396,0.633649,0.654307,4.92175
1397,-0.679324,-0.638336,4.92343
1398,-0.720347,-0.81371,4.93214
1399,-0.740202,-0.767337,4.93288
1400,0.375567,0.415352,4.93446
1401,-0.760224,-0.828487,4.93912
1402,0.14582,0.116804,4.93997
1403,-0.615672,-0.691964,4.94579
1404,-0.919069,-0.888246,4.94674
1405,0.816972,0.861608,4.94873
1406,0.42164,0.455055,4.94985
1407,0.284928,0.247774,4.95123
1408,0.769403,0.921979,4.9745
1409,-0.941716,-0.885265,4.97769
1410,-0.617086,-0.635683,4.97804
1411,1.03093,0.977369,4.98091
1412,0.628498,0.616141,4.98106
1413,0.204233,0.207546,4.98107
1414,-0.889433,-0.765226,4.9965
1415,-0.157713,-0.227166,5.00132
1416,-0.735736,-0.704888,5.00227
1417,0.898749,0.913591,5.00249
1418,0.80302,0.731897,5.00755
1419,-1.05114,-0.998142,5.01036
1420,-0.798507,-0.810238,5.0105
1421,0.986364,0.976984,5.01059
1422,0.774955,0.762225,5.01075
1423,0.247106,0.282221,5.01198
1424,0.468262,0.42913,5.01351
1425,0.94593,0.984796,5.01502
1426,0.685417,0.765271,5.0214
1427,-0.613779,-0.591109,5.02191
1428,0.123692,0.170375,5.02409
1429,-0.532056,-0.49401,5.02554
1430,-0.549506,-0.657539,5.03721
1431,-0.129826,-0.140539,5.03733
1432,-0.609352,-0.700365,5.04561
1433,0.975434,0.998743,5.04615
1434,-0.419258,-0.329359,5.05423
1435,-0.264871,-0.185796,5.06049
1436,0.381368,0.332484,5.06288
1437,1.00422,0.998427,5.06291
1438,-0.906223,-0.81211,5.07177
1439,-0.368742,-0.308356,5.07541
1440,-0.93925,-0.999943,5.0791
1441,-0.903837,-0.970681,5.08357
1442,0.609267,0.720489,5.09594
1443,-0.524803,-0.609755,5.10315
1444,-0.992976,-0.999916,5.1032
1445,0.0758456,0.100949,5.10383
1446,-0.556427,-0.567939,5.10396
1447,0.447478,0.449541,5.10397
1448,0.163415,0.142791,5.10439
1449,0.760983,0.797546,5.10573
1450,-0.929951,-0.989893,5.10932
1451,-0.605536,-0.565702,5.11091
1452,0.122342,0.0867252,5.11218
1453,0.378142,0.389454,5.11231
1454,0.943278,0.990367,5.11452
1455,-0.0567568,-0.122333,5.11882
1456,-0.277139,-0.338117,5.12254
1457,-0.939258,-0.998253,5.12602
1458,-0.734393,-0.797518,5.13001
1459,0.385699,0.418169,5.13106
1460,-0.533559,-0.635583,5.14147
1461,0.887048,0.999124,5.15403
1462,-0.958012,-0.989791,5.15504
1463,0.940357,0.952873,5.1552
1464,0.251266,0.20993,5.15691
1465,0.319716,0.353855,5.15807
1466,-0.657511,-0.754789,5.16754
1467,-0.475859,-0.421406,5.1705
1468,-0.704401,-0.787324,5.17738
1469,-0.546962,-0.543249,5.17739
1470,-0.233675,-0.295935,5.18127
1471,-0.918506,-0.948659,5.18218
1472,-0.309339,-0.295502,5.18237
1473,-0.831787,-0.893882,5.18622
1474,-0.953181,-0.937798,5.18646
1475,-0.687654,-0.659157,5.18727
1476,1.05252,0.988348,5.19139
1477,-0.0606981,-0.0798135,5.19176
1478,-0.829536,-0.817864,5.19189
1479,0.943454,0.995369,5.19459
1480,-0.456016,-0.390255,5.19891
1481,-0.554698,-0.495635,5.2024
1482,0.88695,0.896836,5.2025
1483,1.00915,0.99998,5.20258
1484,-0.0434344,-0.0558342,5.20274
1485,-0.908689,-0.931399,5.20325
1486,-0.106833,-0.130829,5.20383
1487,-0.980947,-0.933771,5.20605
1488,-0.562263,-0.525124,5.20743
1489,-0.235906,-0.226413,5.20752
1490,-0.862131,-0.877309,5.20775
1491,0.880368,0.967029,5.21526
1492,0.41656,0.515947,5.22514
1493,-0.690099,-0.718777,5.22596
1494,-0.717112,-0.696559,5.22638
1495,0.116932,0.150205,5.22749
1496,0.946123,0.959863,5.22768
1497,0.689229,0.809644,5.24218
1498,0.936935,0.954937,5.2425
1499,1.05917,0.996613,5.24642
1500,-0.723414,-0.806164,5.25327
1501,-0.98876,-0.996912,5.25333
1502,-0.157415,-0.262203,5.26431
1503,0.987336,0.947862,5.26587
1504,0.773457,0.780724,5.26592
1505,-0.020291,0.000917992,5.26637
1506,0.880033,0.820702,5.26989
1507,-0.959998,-0.922061,5.27133
1508,-0.174653,-0.250457,5.27708
1509,-0.757923,-0.720751,5.27846
1510,-1.03979,-0.989752,5.28097
1511,0.359036,0.314099,5.28298
1512,0.592906,0.644886,5.28569
1513,0.886586,0.998656,5.29825
1514,-0.962522,-0.998329,5.29953
1515,-0.880746,-0.928264,5.30179
1516,0.465269,0.451157,5.30199
1517,-0.967402,-0.997151,5.30287
1518,-0.865061,-0.925631,5.30654
1519,0.282807,0.137261,5.32772
1520,0.203838,0.141021,5.33167
1521,-0.907471,-0.896348,5.33179
1522,-0.301492,-0.288638,5.33196
1523,-0.311191,-0.297949,5.33213
1524,0.363087,0.346237,5.33242
1525,0.9431,0.986081,5.33426
1526,-0.801234,-0.879972,5.34046
1527,0.983346,0.999218,5.34072
1528,-0.898963,-0.917781,5.34107
1529,-0.602636,-0.666848,5.34519
1530,-0.673578,-0.684852,5.34532
1531,1.1725,0.999366,5.3753
1532,0.477784,0.390339,5.38294
1533,0.98011,0.989098,5.38302
1534,0.770409,0.812266,5.38478
1535,0.000729969,-0.040869,5.38651
1536,0.0109835,0.0854366,5.39205
1537,0.989197,0.965491,5.39261
1538,0.467914,0.431683,5.39392
1539,-0.46654,-0.498455,5.39494
1540,-1.02579,-0.997726,5.39573
1541,0.0143416,0.0792007,5.39994
1542,0.109169,0.189842,5.40645
1543,0.0828067,0.114702,5.40746
1544,0.124629,0.157964,5.40857
1545,0.617433,0.688069,5.41356
1546,-0.176916,-0.0727695,5.42441
1547,-0.628633,-0.651453,5.42493
1548,0.805031,0.621935,5.45845
1549,0.354028,0.354345,5.45845
1550,-0.149027,-0.113345,5.45973
1551,0.938842,0.973355,5.46092
1552,-0.141369,-0.136389,5.46094
1553,-0.732388,-0.788479,5.46409
1554,0.698257,0.728826,5.46502
1555,-0.69761,-0.852367,5.48897
1556,0.0898295,0.134494,5.49097
1557,0.565291,0.539908,5.49161
1558,-0.681412,-0.777378,5.50082
1559,-0.990801,-0.990214,5.50082
1560,-0.0864928,-0.0894682,5.50083
1561,-0.200377,-0.137649,5.50477
1562,0.933945,0.998792,5.50897
1563,0.897239,0.89028,5.50902
1564,0.484281,0.484869,5.50902
1565,-0.86035,-0.922849,5.51293
1566,0.127989,0.163787,5.51421
1567,0.108159,0.227018,5.52834
1568,-0.628548,-0.734138,5.53948
1569,0.845071,0.793583,5.54214
1570,-0.332846,-0.319653,5.54231
1571,0.0334556,-0.0199703,5.54516
1572,-0.248712,-0.218074,5.5461
1573,0.0413284,-0.0230579,5.55025
1574,0.577518,0.555835,5.55072
1575,-0.378409,-0.363916,5.55093
1576,-0.700141,-0.775437,5.5566
1577,-0.433439,-0.389794,5.5585
1578,0.038716,0.172479,5.5764
1579,-0.699112,-0.796548,5.58589
1580,0.868692,0.793325,5.59157
1581,-0.888364,-0.958305,5.59646
1582,-0.636086,-0.601705,5.59764
1583,1.08773,0.989808,5.60723
1584,-0.509991,-0.637374,5.62346
1585,0.599814,0.611003,5.62358
1586,0.41853,0.430654,5.62373
1587,0.72922,0.710873,5.62407
1588,-1.03621,-0.9622,5.62954
1589,-0.802695,-0.880171,5.63555
1590,0.920134,0.91246,5.6356
1591,-0.694335,-0.791757,5.6451
1592,-1.00167,-0.998771,5.6451
1593,0.831432,0.978776,5.66681
1594,-0.425623,-0.28308,5.68713
1595,0.470978,0.431476,5.68869
1596,0.80462,0.956794,5.71185
1597,-0.0909512,-0.0939466,5.71186
1598,-0.804431,-0.925547,5.72653
1599,0.575424,0.44056,5.74472
1600,-0.912606,-0.987445,5.75032
1601,-0.86056,-0.873656,5.75049
1602,-0.705215,-0.773355,5.75513
1603,-0.456457,-0.434245,5.75563
1604,0.841826,0.910679,5.76037
1605,-0.672539,-0.940625,5.83224
1606,1.03511,0.918897,5.84574
1607,0.848912,0.833363,5.84598
1608,0.784669,0.768098,5.84626
1609,-0.0337296,-0.0652786,5.84725
1610,-0.07045,-0.0493779,5.8477
1611,1.04295,0.999554,5.84958
1612,0.754455,0.828262,5.85503
1613,0.269888,0.328652,5.85848
1614,-0.0943452,-0.091253,5.85849
1615,-0.488562,-0.544863,5.86166
1616,-0.924398,-0.96919,5.86367
1617,-0.486645,-0.532137,5.86574
1618,-0.866912,-0.870256,5.86575
1619,0.0270958,0.0801939,5.86857
1620,-0.885711,-0.973587,5.87629
1621,0.287416,0.421286,5.89421
1622,-0.875203,-0.903314,5.895
1623,-0.920079,-0.964822,5.897
1624,0.664225,0.654882,5.89709
1625,0.989721,0.999987,5.8972
1626,0.247852,0.287617,5.89878
1627,0.124192,0.143932,5.89917
1628,-0.415572,-0.284547,5.91633
1629,0.759046,0.669346,5.92438
1630,-0.769013,-0.983278,5.97029
1631,0.603517,0.635264,5.9713
1632,0.619766,0.609775,5.9714
1633,-0.702295,-0.719879,5.97171
1634,0.869879,0.971505,5.98203
1635,0.878205,0.779778,5.99172
1636,0.764867,0.678471,5.99919
1637,0.815283,0.768752,6.00135
1638,-1.05189,-0.960052,6.00979
1639,1.01328,0.995154,6.01011
1640,1.04161,0.968887,6.0154
1641,1.05331,0.990375,6.01936
1642,-1.07496,-0.827403,6.08065
1643,-0.925327,-0.944961,6.08103
1644,0.502722,0.560041,6.08432
1645,0.405297,0.409261,6.08433
1646,0.867674,0.796999,6.08933
1647,-0.891306,-0.961251,6.09422
1648,0.630999,0.653267,6.09472
1649,-0.811692,-0.943601,6.11212
1650,-0.664952,-0.682396,6.11242
1651,0.4944,0.601232,6.12383
1652,-0.535191,-0.551955,6.12411
1653,-0.723372,-0.777548,6.12705
1654,-0.838671,-0.838849,6.12705
1655,0.861892,0.872662,6.12717
1656,0.994414,0.958141,6.12848
1657,-0.757633,-0.946506,6.16415
1658,-0.283259,-0.305896,6.16467
1659,0.893856,0.775811,6.1786
1660,0.782753,0.762479,6.17901
1661,1.01657,0.995389,6.17946
1662,0.878809,0.95698,6.18557
1663,0.425882,0.402662,6.18611
1664,-0.94144,-0.764417,6.21745
1665,0.784166,0.799112,6.21767
1666,0.774603,0.790008,6.21791
1667,-1.02705,-0.998572,6.21872
1668,-0.26275,-0.206499,6.22188
1669,-0.9597,-0.880813,6.22811
1670,-0.465149,-0.437305,6.22888
1671,0.977876,0.996171,6.22922
1672,0.874108,0.993797,6.24354
1673,-0.981619,-0.92506,6.24674
1674,0.803263,0.857968,6.24973
1675,0.903278,0.990429,6.25733
1676,0.928755,0.903353,6.25798
1677,-0.812731,-0.928431,6.27136
1678,0.296874,0.316829,6.27176
1679,0.514409,0.341868,6.30153
1680,0.234379,0.199499,6.30275
1681,0.880022,0.855315,6.30336
1682,-0.793364,-0.871344,6.30944
1683,-0.958928,-0.98401,6.31007
1684,0.596554,0.591843,6.31009
1685,-0.534494,-0.420972,6.32298
1686,-0.162536,-0.126144,6.3243
1687,-0.687022,-0.845793,6.34951
1688,-0.661091,-0.700785,6.35109
1689,-0.292848,-0.299566,6.35113
1690,0.222798,0.209344,6.35131
1691,-0.862693,-0.745727,6.36499
1692,-0.786252,-0.81263,6.36569
1693,-1.02809,-0.97751,6.36825
1694,0.049883,0.148968,6.37806
1695,0.929141,0.925906,6.37807
1696,0.437793,0.516017,6.38419
1697,0.745096,0.691455,6.38707
1698,-0.120548,-0.18232,6.39089
1699,1.06586,0.909671,6.41528
1700,-0.635727,-0.638628,6.41529
1701,0.390391,0.463982,6.42071
1702,-0.893842,-0.868739,6.42134
1703,0.891288,0.967286,6.42711
1704,0.775424,0.777292,6.42711
1705,0.49733,0.558316,6.43083
1706,-0.648674,-0.661449,6.431
1707,-0.108022,-0.175864,6.4356
1708,-0.979883,-0.998045,6.43593
1709,-0.721062,-0.678255,6.43776
1710,-1.00562,-0.898736,6.44919
1711,-0.622038,-0.561369,6.45287
1712,-0.687879,-0.748442,6.45653
1713,1.01086,0.997657,6.45671
1714,1.03089,0.971823,6.4602
1715,-0.31594,-0.259187,6.46342
1716,1.08575,0.988285,6.47292
1717,-0.486334,-0.413347,6.47825
1718,1.0021,0.976713,6.47889
1719,-0.603787,-0.912561,6.57423
1720,-0.346185,-0.361737,6.57447
1721,0.324811,0.205628,6.58868
1722,-0.621592,-0.749607,6.60507
1723,-0.943941,-0.929815,6.60526
1724,0.320533,0.367457,6.60747
1725,0.723983,0.809027,6.6147
1726,0.895085,0.878143,6.61499
1727,-0.164079,-0.190147,6.61567
1728,0.389186,0.400349,6.61579
1729,-0.806467,-0.904556,6.62541
1730,-0.386647,-0.406328,6.6258
1731,0.885015,0.992073,6.63726
1732,0.523619,0.462874,6.64095
1733,0.957493,0.933643,6.64152
1734,0.456349,0.391937,6.64567
1735,-0.110402,-0.0953847,6.64589
1736,-0.566898,-0.554105,6.64606
1737,0.837371,0.837464,6.64606
1738,-0.942612,-0.960103,6.64636
1739,0.867168,0.910021,6.6482
1740,-0.760896,-0.845273,6.65532
1741,0.370417,0.234056,6.67391
1742,0.568404,0.565439,6.67392
1743,0.79141,0.847679,6.67709
1744,0.566215,0.58785,6.67756
1745,1.00116,0.994786,6.6776
1746,0.835162,0.967742,6.69517
1747,-0.689132,-0.582454,6.70655
1748,0.873782,0.953905,6.71297
1749,0.759694,0.933165,6.74307
1750,0.567384,0.522983,6.74504
1751,-0.189599,-0.312049,6.76003
1752,-0.943814,-0.896292,6.76229
1753,0.816047,0.982516,6.79
1754,-1.02251,-0.964096,6.79341
1755,-0.711801,-0.584798,6.80954
1756,-1.05103,-0.968848,6.8163
1757,0.909949,0.984132,6.8218
1758,0.730144,0.801634,6.82691
1759,-0.808839,-0.779564,6.82777
1760,0.0553185,0.0557848,6.82777
1761,-0.541131,-0.397966,6.84827
1762,-0.817272,-0.908656,6.85662
1763,0.770975,0.682429,6.86446
1764,-0.72237,-0.751464,6.8653
1765,1.11468,0.978128,6.88395
1766,-0.767469,-0.776015,6.88402
1767,-0.218447,-0.259249,6.88569
1768,-0.924196,-0.971403,6.88792
1769,0.881912,0.999861,6.90183
1770,0.842547,0.855567,6.902
1771,-0.857312,-0.867903,6.90211
1772,-0.669212,-0.613284,6.90524
1773,0.605606,0.567329,6.9067
1774,0.221039,0.195788,6.90734
1775,1.07896,0.998284,6.91385
1776,-0.704909,-0.646892,6.91722
1777,-0.817734,-0.847018,6.91807
1778,-0.64259,-0.58292,6.92164
1779,-0.698118,-0.74499,6.92383
1780,-0.717725,-0.805193,6.93148
1781,-0.796245,-0.786157,6.93158
1782,0.933338,0.93265,6.93159
1783,-0.529497,-0.482821,6.93376
1784,-0.874107,-0.906855,6.93484
1785,0.220064,0.175378,6.93683
1786,0.429448,0.435893,6.93687
1787,-0.978862,-0.998162,6.93725
1788,0.876825,0.942453,6.94155
1789,0.825987,0.998217,6.97122
1790,0.139581,0.194337,6.97422
1791,-0.637145,-0.544708,6.98276
1792,0.0146709,0.0232303,6.98283
1793,0.859777,0.965751,6.99406
1794,0.506118,0.441876,6.99819
1795,-1.02568,-0.988185,6.9996
1796,-0.0701146,-0.0629178,6.99965
1797,-0.049207,-0.0712036,7.00013
1798,1.11065,0.96197,7.02224
1799,0.777527,0.710359,7.02675
1800,-0.236912,-0.0262027,7.07115
1801,-0.526731,-0.561869,7.07238
1802,-0.415354,-0.677953,7.14134
1803,0.947132,0.94984,7.14135
1804,0.767851,0.751786,7.14161
1805,-0.0755463,-0.130729,7.14465
1806,-0.842089,-0.806937,7.14589
1807,-0.633399,-0.592873,7.14753
1808,0.997589,0.998488,7.14753
1809,-0.893168,-0.910852,7.14784
1810,-0.665862,-0.713504,7.15011
1811,-0.90307,-0.983952,7.15665
1812,-0.817714,-0.975202,7.18146
1813,-0.781941,-0.830068,7.18377
1814,0.663561,0.551519,7.19633
1815,-0.728935,-0.750862,7.19681
1816,1.07052,0.837863,7.25094
1817,-0.728885,-0.591206,7.26989
1818,-0.13893,-0.0319614,7.28134
1819,-0.330421,-0.319453,7.28146
1820,-0.268994,-0.258868,7.28156
1821,-0.91997,-0.837124,7.28842
1822,0.619961,0.486859,7.30614
1823,0.720252,0.744119,7.30671
1824,0.709614,0.756445,7.3089
1825,-0.0787903,-0.0992954,7.30932
1826,0.849226,0.821451,7.31009
1827,1.00417,0.892471,7.32257
1828,1.15712,0.999778,7.34733
1829,0.748438,0.72142,7.34806
1830,-0.96889,-0.999545,7.349
1831,-0.977411,-0.99355,7.34926
1832,0.220224,0.100167,7.36367
1833,-0.979936,-0.991881,7.36381
1834,0.617516,0.679142,7.36761
1835,0.762402,0.772229,7.36771
1836,-0.787686,-0.891961,7.37858
1837,0.972788,0.93989,7.37966
1838,-0.95307,-0.941272,7.3798
1839,-0.689937,-0.74289,7.38261
1840,-0.948989,-0.922107,7.38333
1841,1.03432,0.992867,7.38505
1842,-0.7529,-0.877899,7.40067
1843,-0.743088,-0.635199,7.41231
1844,0.649512,0.531562,7.42622
1845,0.71083,0.740945,7.42713
1846,-0.575439,-0.632794,7.43042
1847,-0.950805,-0.978574,7.43119
1848,-0.554621,-0.529304,7.43183
1849,0.392884,0.425899,7.43292
1850,-0.43769,-0.473315,7.43419
1851,-0.733767,-0.705814,7.43497
1852,-0.788359,-0.695485,7.4436
1853,-0.0896995,-0.115812,7.44428
1854,0.571845,0.777331,7.48651
1855,0.928167,0.913166,7.48673
1856,0.309163,0.262249,7.48893
1857,0.863295,0.954298,7.49721
1858,-0.83424,-0.859178,7.49783
1859,-0.448992,-0.468775,7.49823
1860,1.00248,0.982311,7.49863
1861,0.71834,0.666587,7.50131
1862,-0.718489,-0.701843,7.50159
1863,-0.955995,-0.967886,7.50173
1864,-0.874069,-0.945119,7.50678
1865,0.813206,0.871976,7.51023
1866,-0.680907,-0.601524,7.51653
1867,0.461435,0.508617,7.51876
1868,0.249822,0.21588,7.51991
1869,0.774909,0.747247,7.52068
1870,1.01791,0.837802,7.55312
1871,0.124886,0.206558,7.55979
1872,0.764812,0.888852,7.57517
1873,-1.06618,-0.998347,7.57977
1874,-1.02293,-0.997241,7.58043
1875,-0.707097,-0.698402,7.58051
1876,0.808384,0.865271,7.58375
1877,0.378433,0.348289,7.58465
1878,-0.717411,-0.806055,7.59251
1879,-0.532037,-0.579628,7.59478
1880,-1.01932,-0.999976,7.59515
1881,0.334934,0.421802,7.6027
1882,1.03326,0.996645,7.60404
1883,0.62573,0.575031,7.60661
1884,0.549797,0.535369,7.60682
1885,0.915242,0.994752,7.61314
1886,-0.246119,-0.233896,7.61329
1887,0.122007,0.146483,7.61389
1888,0.742392,0.812054,7.61874
1889,0.86339,0.992626,7.63544
1890,-0.301294,-0.287645,7.63563
1891,-0.981381,-0.946463,7.63685
1892,0.375223,0.410164,7.63807
1893,-0.585082,-0.490695,7.64698
1894,-0.353673,-0.317651,7.64827
1895,-1.06783,-0.99136,7.65412
1896,-0.31973,-0.288498,7.6551
1897,0.89706,0.8438,7.65794
1898,0.24172,0.288276,7.6601
1899,0.996102,0.856869,7.67949
1900,0.901894,0.92611,7.68008
1901,0.921914,0.877184,7.68208
1902,0.289692,0.30083,7.6822
1903,0.0214489,0.0185156,7.68221
1904,-0.0675198,-0.118235,7.68478
1905,1.07015,0.910998,7.71011
1906,-0.79468,-0.834035,7.71166
1907,1.10915,0.986394,7.72673
1908,-0.26739,-0.276299,7.72681
1909,-0.102613,0.0785356,7.75962
1910,-0.220859,-0.190119,7.76057
1911,-0.107801,-0.115789,7.76063
1912,-0.0765975,0.0429066,7.77491
1913,-0.770941,-0.77006,7.77491
1914,0.236004,0.253029,7.7752
1915,-0.0835915,-0.0646937,7.77556
1916,-0.850525,-0.786762,7.77963
1917,0.158929,0.316167,7.80435
1918,-0.380841,-0.0178382,7.93612
1919,-0.13685,-0.129865,7.93617
1920,-0.785652,-0.99981,7.98203
1921,0.795292,0.988091,8.0192
1922,-0.557175,-0.490881,8.0236
1923,0.713027,0.753093,8.0252
1924,0.662129,0.63631,8.02587
1925,-0.949733,-0.909105,8.02752
1926,-0.982327,-0.988454,8.02756
1927,-0.160108,-0.184848,8.02817
1928,0.191644,0.141054,8.03073
1929,-0.987405,-0.984409,8.03074
1930,-0.177681,-0.0225762,8.0548
1931,0.241225,0.0851442,8.07916
1932,0.738325,0.762566,8.07975
1933,-0.490063,-0.546931,8.08298
1934,0.125964,0.0781785,8.08526
1935,-0.875649,-0.975246,8.09518
1936,0.978583,0.984664,8.09522
1937,0.627224,0.58675,8.09686
1938,0.991001,0.999881,8.09694
1939,-0.695027,-0.713945,8.0973
1940,0.617978,0.624154,8.09733
1941,-0.552977,-0.518903,8.09849
1942,-0.211066,-0.187784,8.09904
1943,0.985839,0.975761,8.09914
1944,-0.687252,-0.755868,8.10385
1945,-0.133054,-0.138861,8.10388
1946,-0.435617,-0.488258,8.10665
1947,-0.306721,-0.146272,8.13239
1948,0.324435,0.341329,8.13268
1949,-0.513964,-0.645155,8.14989
1950,-0.550572,-0.564868,8.1501
1951,-0.795873,-0.887639,8.15852
1952,0.0365199,-0.0031649,8.16009
1953,0.378799,0.416251,8.16149
1954,-0.0883867,-0.0770645,8.16162
1955,-0.0692924,-0.10808,8.16313
1956,-0.700964,-0.711934,8.16325
1957,-1.02201,-0.999891,8.16374
1958,-0.764303,-0.712212,8.16645
1959,0.771791,0.650983,8.18104
1960,-0.942614,-0.984595,8.18281
1961,0.853563,0.855261,8.18281
1962,-0.538863,-0.867646,8.29091
1963,-0.287827,-0.304037,8.29117
1964,0.943162,0.915443,8.29194
1965,0.710974,0.695075,8.29219
1966,0.157958,0.170973,8.29236
1967,-0.719826,-0.764899,8.29439
1968,-0.277833,-0.26861,8.29448
1969,1.02912,0.999292,8.29537
1970,-0.729063,-0.889819,8.32121
1971,1.1028,0.865908,8.37733
1972,1.00524,0.889048,8.39083
1973,-1.07345,-0.968854,8.40177
1974,-0.736128,-0.720211,8.40202
1975,0.0864646,0.0956709,8.40211
1976,0.208305,0.206809,8.40211
1977,-0.0128955,-0.0170186,8.40213
1978,0.684272,0.770362,8.40954
1979,0.598689,0.496084,8.42007
1980,0.14139,0.0376744,8.43082
1981,-0.92422,-0.923968,8.43082
1982,-0.875661,-0.891773,8.43108
1983,-1.05417,-0.927619,8.4471
1984,0.354014,0.38641,8.44815
1985,0.278138,0.335532,8.45144
1986,-0.436631,-0.42905,8.4515
1987,-0.947255,-0.989998,8.45332
1988,-1.00529,-0.998412,8.45337
1989,0.900918,0.999437,8.46308
1990,1.02138,0.896873,8.47858
1991,-1.09809,-0.997173,8.48876
1992,-0.732762,-0.815529,8.49562
1993,-0.64085,-0.68603,8.49766
1994,0.731178,0.784862,8.50054
1995,0.105384,0.224902,8.51482
1996,-0.773507,-0.843476,8.51972
1997,-0.90456,-0.781257,8.53492
1998,-0.445114,-0.46091,8.53517
1999,-0.594522,-0.637014,8.53698
2000,-0.882256,-0.885742,8.53699
2001,-0.683964,-0.696976,8.53716
2002,-1.0898,-0.947325,8.55746
2003,-0.491941,-0.469169,8.55798
2004,-1.0537,-0.994395,8.56149
2005,-0.687194,-0.926335,8.61868
2006,-0.623185,-0.69354,8.62363
2007,-0.611563,-0.423631,8.65895
2008,-0.335644,-0.385492,8.66144
2009,-0.682946,-0.744851,8.66527
2010,0.404789,0.378283,8.66597
2011,-0.57637,-0.522079,8.66892
2012,-0.849234,-0.988976,8.68845
2013,0.306397,0.304612,8.68845
2014,-0.248222,-0.3082,8.69205
2015,0.0940965,0.194414,8.70211
2016,0.842031,0.81675,8.70275
2017,-0.884026,-0.929474,8.70481
2018,-0.813494,-0.833657,8.70522
2019,0.623948,0.547603,8.71105
2020,0.839336,0.768429,8.71608
2021,-0.216531,-0.244542,8.71686
2022,0.197151,0.193382,8.71688
2023,-0.993689,-0.994851,8.71688
2024,-0.679937,-0.66588,8.71708
2025,0.705419,0.785572,8.7235
2026,-1.00051,-0.962499,8.72494
2027,-0.957527,-0.998252,8.7266
2028,0.402749,0.339099,8.73065
2029,-0.980159,-0.972702,8.73071
2030,0.965495,0.848795,8.74433
2031,0.369461,0.275997,8.75306
2032,0.962426,0.962655,8.75306
2033,-0.276487,-0.238627,8.7545
2034,0.835126,0.818421,8.75478
2035,-0.505879,-0.404348,8.76509
2036,-0.336172,-0.248972,8.77269
2037,1.03348,0.997366,8.77399
2038,-0.729422,-0.885898,8.79848
2039,-0.377593,-0.36466,8.79865
2040,-0.454503,-0.432605,8.79913
2041,0.773956,0.6392,8.81728
2042,0.65254,0.550984,8.8276
2043,0.833838,0.994267,8.85334
2044,0.657647,0.728748,8.85839
2045,0.665292,0.743595,8.86452
2046,0.181152,0.206467,8.86516
2047,-0.431199,-0.498086,8.86964
2048,-0.84723,-0.853941,8.86968
2049,-0.744955,-0.813955,8.87444
2050,-0.0736,-0.0480126,8.8751
2051,-0.655357,-0.733437,8.88119
2052,0.199951,0.376901,8.91251
2053,-1.06921,-0.957224,8.92505
2054,-1.00137,-0.927149,8.93056
2055,0.947207,0.817747,8.94732
2056,-0.846235,-0.942434,8.95657
2057,0.947223,0.811399,8.97502
2058,0.861113,0.972043,8.98732
2059,0.903457,0.964398,8.99104
2060,-0.936063,-0.997908,8.99486
2061,0.637847,0.745559,9.00646
2062,1.00315,0.917064,9.01387
2063,0.0853133,0.0839651,9.01388
2064,0.325424,0.387143,9.01769
2065,0.307668,0.255015,9.02046
2066,0.653528,0.73896,9.02776
2067,-0.60129,-0.527634,9.03318
2068,0.0967407,0.0325669,9.0373
2069,0.733274,0.761106,9.03807
2070,0.396978,0.5386,9.05813
2071,0.738215,0.845652,9.06967
2072,0.931167,0.960458,9.07053
2073,-0.659357,-0.667414,9.0706
2074,-0.126078,-0.199832,9.07604
2075,-0.0690743,-0.0656513,9.07605
2076,0.978782,0.983966,9.07608
2077,0.98643,0.908108,9.08221
2078,1.05827,0.991015,9.08673
2079,-0.774959,-0.776098,9.08674
2080,0.504542,0.471642,9.08782
2081,-0.864743,-0.882748,9.08814
2082,0.0853687,0.174837,9.09615
2083,0.756028,0.726496,9.09702
2084,0.633716,0.700133,9.10143
2085,0.561647,0.574884,9.1016
2086,-0.043744,-0.17353,9.11845
2087,-0.273649,-0.251809,9.11893
2088,1.08103,0.978977,9.12934
2089,-0.795564,-0.942671,9.15098
2090,0.506227,0.488684,9.15129
2091,-0.709973,-0.883105,9.18126
2092,-0.739438,-0.823688,9.18836
2093,-0.251327,-0.308773,9.19166
2094,0.953079,0.874959,9.19776
2095,-0.980914,-0.985876,9.19779
2096,-0.983748,-0.972131,9.19792
2097,0.931138,0.969633,9.19941
2098,0.769123,0.815457,9.20155
2099,0.965899,0.918855,9.20377
2100,0.842878,0.87856,9.20504
2101,-0.827641,-0.815977,9.20518
2102,0.928618,0.940838,9.20532
2103,0.0624875,0.118032,9.20841
2104,-1.00073,-0.944044,9.21162
2105,0.0603591,0.0796797,9.212
2106,-0.263375,-0.287774,9.21259
2107,-0.250029,-0.145535,9.22351
2108,0.410595,0.391934,9.22386
2109,0.844293,0.845595,9.22386
2110,0.962319,0.921574,9.22552
2111,-0.78223,-0.994406,9.27054
2112,-0.485038,-0.509784,9.27115
2113,-0.0511189,-0.0564713,9.27118
2114,-0.0865631,-0.0692573,9.27148
2115,-0.0560078,-0.134162,9.27759
2116,-0.515907,-0.519508,9.2776
2117,0.956711,0.980976,9.27819
2118,-0.0064775,-0.0648405,9.2816
2119,0.814103,0.73924,9.2872
2120,0.832574,0.995061,9.3136
2121,-0.00208471,0.0518783,9.31651
2122,0.425982,0.436415,9.31662
2123,-0.327117,-0.24125,9.324
2124,-0.900693,-0.814924,9.33135
2125,-0.998245,-0.977201,9.3318
2126,0.135243,0.239575,9.34268
2127,1.03703,0.974981,9.34653
2128,-0.328293,-0.271723,9.34973
2129,-0.403724,-0.548798,9.37078
2130,1.03439,0.928509,9.38199
2131,-0.194189,-0.26093,9.38644
2132,-0.628556,-0.609695,9.3868
2133,-0.779189,-0.823011,9.38872
2134,-0.188369,-0.358873,9.41779
2135,0.923225,0.866677,9.42099
2136,-0.964174,-0.928967,9.42223
2137,-0.840859,-0.811821,9.42307
2138,-0.832712,-0.706454,9.43901
2139,-0.89016,-0.962238,9.44421
2140,0.793373,0.687534,9.45541
2141,0.116235,0.19331,9.46135
2142,-0.990589,-0.940823,9.46383
2143,0.407096,0.423811,9.46411
2144,-0.0746467,-0.15551,9.47064
2145,-0.909145,-0.91899,9.47074
2146,0.661436,0.703242,9.47249
2147,0.977034,0.955296,9.47296
2148,1.14885,0.959686,9.50874
2149,0.878992,0.910118,9.50971
2150,0.357482,0.429409,9.51489
2151,0.176708,0.152771,9.51546
2152,-0.548811,-0.532354,9.51573
2153,-0.691868,-0.791174,9.52559
2154,-0.962424,-0.999949,9.527
2155,-0.879777,-0.921658,9.52875
2156,0.243689,0.32424,9.53524
2157,-0.642759,-0.591634,9.53786
2158,0.522668,0.533986,9.53798
2159,0.218196,0.192969,9.53862
2160,-0.957444,-0.995539,9.54007
2161,-0.416248,-0.477991,9.54388
2162,-0.958054,-0.904498,9.54675
2163,-0.601557,-0.612525,9.54687
2164,-0.935278,-0.968119,9.54795
2165,0.0332917,0.0302917,9.54796
2166,-0.462386,-0.458497,9.54798
2167,1.04067,0.945578,9.55702
2168,0.4315,0.417531,9.55721
2169,0.0402012,0.0373939,9.55722
2170,0.564559,0.585031,9.55764
2171,-0.869232,-0.97932,9.56976
2172,-0.662602,-0.765548,9.58036
2173,-0.563424,-0.580529,9.58065
2174,0.643244,0.635821,9.5807
2175,-0.703231,-0.665503,9.58213
2176,1.06254,0.996022,9.58655
2177,0.755948,0.85161,9.5957
2178,-1.07769,-0.922362,9.61983
2179,0.832789,0.990102,9.64458
2180,0.26563,0.274361,9.64465
2181,-0.739335,-0.676337,9.64862
2182,0.426555,0.388179,9.6501
2183,0.055155,0.111021,9.65322
2184,0.358867,0.345908,9.65338
2185,-0.74682,-0.938247,9.69003
2186,0.826814,0.739237,9.6977
2187,0.601008,0.629194,9.69849
2188,-0.939597,-0.999868,9.70213
2189,0.320637,0.391293,9.70712
2190,0.184575,0.18655,9.70712
2191,-0.888799,-0.925893,9.7085
2192,0.753387,0.688018,9.71277
2193,0.801895,0.853644,9.71545
2194,-0.968226,-0.954928,9.71562
2195,-0.775028,-0.70302,9.72081
2196,-0.926067,-0.980305,9.72375
2197,-0.355984,-0.427716,9.7289
2198,-0.812128,-0.77642,9.73017
2199,0.343358,0.440159,9.73954
2200,-0.284199,-0.181033,9.75019
2201,-0.756142,-0.750018,9.75022
2202,0.93704,0.977968,9.7519
2203,0.903655,0.92624,9.75241
2204,0.222837,0.147424,9.7581
2205,0.0427233,0.0352841,9.75815
2206,1.13736,0.99793,9.77759
2207,0.242846,0.309952,9.78209
2208,-0.334731,-0.381928,9.78432
2209,-0.702095,-0.632841,9.78912
2210,-0.761747,-0.90884,9.81075
2211,-1.01344,-0.997932,9.81099
2212,-0.883567,-0.971967,9.81881
2213,-0.760313,-0.772556,9.81896
2214,0.690059,0.781479,9.82732
2215,-0.0873925,-0.160452,9.83265
2216,0.21738,0.224697,9.83271
2217,-0.908422,-0.89555,9.83287
2218,-0.707479,-0.679814,9.83364
2219,-0.890884,-0.913593,9.83415
2220,-0.557219,-0.476168,9.84072
2221,-0.692695,-0.636909,9.84384
2222,-0.600489,-0.899154,9.93304
2223,-0.626486,-0.595189,9.93402
2224,-0.310381,-0.51185,9.97461
2225,-1.02909,-0.9841,9.97663
2226,0.789355,0.898298,9.9885
2227,-0.0572448,-0.122848,9.9928
2228,-1.07077,-0.99993,9.99782
2229,-0.709774,-0.687816,9.9983
2230,0.930462,0.868916,10.0021
2231,0.843944,0.916611,10.0074
2232,-0.955075,-0.938244,10.0077
2233,-0.840348,-0.807393,10.0087
2234,0.241287,0.210843,10.0097
2235,0.0849298,0.0877447,10.0097
2236,0.227004,0.222817,10.0097
2237,-0.974848,-0.976377,10.0097
2238,0.430935,0.472831,10.0115
2239,0.916841,0.947042,10.0124
2240,-0.905412,-0.95339,10.0147
2241,0.319987,0.326363,10.0147
2242,-0.62066,-0.628982,10.0148
2243,0.318313,0.324526,10.0148
2244,-0.509434,-0.520497,10.0149
2245,0.066786,0.0280371,10.0164
2246,-0.49375,-0.503776,10.0165
2247,-0.851836,-0.999882,10.0385
2248,0.813926,0.889302,10.0441
2249,0.428188,0.536488,10.0559
2250,-0.789297,-0.818481,10.0567
2251,-0.532281,-0.581531,10.0591
2252,0.77731,0.751573,10.0598
2253,0.810426,0.972349,10.086
2254,-0.755538,-0.642076,10.0989
2255,-0.0546523,-0.0074481,10.1011
2256,-0.915791,-0.864512,10.1038
2257,-0.339795,-0.271354,10.1084
2258,-0.900047,-0.854761,10.1105
2259,0.0180489,-0.120967,10.1298
2260,-0.991288,-0.996836,10.1298
2261,0.25389,0.367714,10.1428
2262,0.914551,0.953187,10.1443
2263,0.988028,0.997741,10.1444
2264,0.889437,0.869839,10.1448
2265,-0.788761,-0.992293,10.1862
2266,-0.693064,-0.64868,10.1882
2267,-0.721054,-0.856813,10.2066
2268,0.684921,0.665371,10.207
2269,0.924946,0.932374,10.207
2270,-0.0863755,-0.0347988,10.2097
2271,-0.615795,-0.568363,10.2119
2272,-0.450449,-0.5161,10.2163
2273,-0.979102,-0.953736,10.2169
2274,0.5577,0.729662,10.2465
2275,0.617139,0.573095,10.2484
2276,0.244296,0.278635,10.2496
2277,0.810059,0.742226,10.2542
2278,0.867373,0.891777,10.2548
2279,-0.38685,-0.346016,10.2565
2280,0.837445,0.992532,10.2805
2281,-0.647663,-0.754317,10.2919
2282,1.0877,0.985957,10.3022
2283,0.918653,0.96734,10.3046
2284,0.476832,0.579848,10.3152
2285,-1.08118,-0.910425,10.3444
2286,-0.60674,-0.601735,10.3444
2287,0.954787,0.836649,10.3584
2288,-0.746724,-0.776659,10.3592
2289,0.686122,0.631558,10.3622
2290,-0.0309794,-0.147901,10.3759
2291,0.563459,0.462138,10.3862
2292,-0.263091,-0.352773,10.3942
2293,-0.982785,-0.998897,10.3945
2294,-0.961423,-0.939687,10.3949
2295,-1.02582,-0.982581,10.3968
2296,0.986459,0.95585,10.3977
2297,-1.01753,-0.88858,10.4144
2298,-0.895003,-0.951227,10.4175
2299,0.529441,0.517267,10.4177
2300,0.384656,0.392138,10.4177
2301,0.95427,0.963231,10.4178
2302,-0.988919,-0.997652,10.4179
2303,0.204695,0.180193,10.4185
2304,-0.159704,-0.245615,10.4259
2305,0.795902,0.776547,10.4263
2306,-0.601787,-0.526313,10.4319
2307,0.839931,0.890904,10.4345
2308,0.0147373,0.124481,10.4466
2309,-0.230602,0.0258888,10.5124
2310,-0.366502,-0.376827,10.5125
2311,0.936899,0.864623,10.5177
2312,0.973426,0.962625,10.5178
2313,-0.44466,-0.493324,10.5202
2314,-0.846367,-0.883032,10.5215
2315,-0.767447,-0.815151,10.5238
2316,0.763775,0.827562,10.5279
2317,0.630641,0.740243,10.5399
2318,0.687468,0.77587,10.5477
2319,0.474115,0.629096,10.5717
2320,-0.991854,-0.988893,10.5717
2321,-0.780731,-0.739123,10.5735
2322,-0.19454,-0.25684,10.5773
2323,0.928259,0.954728,10.578
2324,0.864774,0.860408,10.5781
2325,-0.76455,-0.819316,10.5811
2326,-0.767712,-0.781756,10.5813
2327,-0.291966,-0.301653,10.5814
2328,0.383313,0.395204,10.5815
2329,0.905035,0.97331,10.5862
2330,-0.949853,-0.981968,10.5872
2331,-0.106855,-0.117868,10.5873
2332,-0.767205,-0.819129,10.59
2333,0.364398,0.453683,10.598
2334,-0.840533,-0.874752,10.5992
2335,0.489256,0.633939,10.6201
2336,0.518654,0.580282,10.6239
2337,-0.136991,-0.159934,10.6244
2338,0.906255,0.912438,10.6244
2339,0.119526,0.196574,10.6304
2340,0.963839,0.898853,10.6346
2341,-1.01967,-0.994051,10.6353
2342,-0.355481,-0.335427,10.6357
2343,-0.957106,-0.958893,10.6357
2344,-0.324769,-0.320028,10.6357
2345,-0.848612,-0.987858,10.6551
2346,-0.933143,-0.892168,10.6568
2347,0.406867,0.439705,10.6578
2348,0.940277,0.908568,10.6588
2349,-0.887746,-0.960126,10.6641
2350,-0.864676,-0.940773,10.6699
2351,-0.941673,-0.962504,10.6703
2352,-0.0489856,-0.0428949,10.6703
2353,-0.136383,-0.107993,10.6712
2354,-0.923408,-0.92273,10.6712
2355,-0.504438,-0.52718,10.6717
2356,0.94122,0.965419,10.6723
2357,0.969601,0.999082,10.6731
2358,1.11728,0.950817,10.7008
2359,-0.544074,-0.492096,10.7035
2360,0.337261,0.316621,10.704
2361,-0.714462,-0.744571,10.7049
2362,-0.365948,-0.287396,10.711
2363,-0.877286,-0.935589,10.7144
2364,0.690615,0.63661,10.7174
2365,0.932565,0.88278,10.7198
2366,-0.424084,-0.363968,10.7234
2367,-1.05035,-0.996751,10.7263
2368,-0.90519,-0.947656,10.7281
2369,-0.241363,-0.209155,10.7292
2370,0.688083,0.617618,10.7341
2371,-1.03443,-0.999676,10.7353
2372,0.625022,0.697995,10.7407
2373,0.857268,0.942014,10.7478
2374,-0.128123,-0.149294,10.7483
2375,0.556157,0.64918,10.7569
2376,0.256377,0.384063,10.7732
2377,0.715594,0.793559,10.7793
2378,-0.781065,-0.759064,10.7798
2379,-0.180482,-0.167488,10.78
2380,1.02508,0.983725,10.7817
2381,-0.858751,-0.878483,10.7821
2382,0.611489,0.551748,10.7856
2383,-0.867311,-0.920155,10.7884
2384,-0.637431,-0.696988,10.792
2385,0.899883,0.991671,10.8004
2386,0.936071,0.911257,10.801
2387,0.941013,0.896795,10.803
2388,-0.603179,-0.638422,10.8042
2389,-0.64594,-0.777031,10.8214
2390,-0.249928,-0.297329,10.8237
2391,1.04482,0.997606,10.8259
2392,-0.773003,-0.620857,10.849
2393,-0.573706,-0.541607,10.8501
2394,0.850379,0.788362,10.8539
2395,0.381387,0.337533,10.8558
2396,-0.516285,-0.450964,10.8601
2397,1.11216,0.973686,10.8793
2398,-0.212501,-0.163059,10.8817
2399,-0.547157,-0.590953,10.8836
2400,-1.10728,-0.992475,10.8968
2401,-0.947481,-0.946976,10.8968
2402,1.1013,0.989425,10.9093
2403,1.07528,0.985894,10.9173
2404,-0.465059,-0.401068,10.9214
2405,-0.387604,-0.369962,10.9217
2406,0.00527835,-0.0586639,10.9258
2407,0.698208,0.704474,10.9259
2408,0.868869,0.894794,10.9265
2409,-0.292339,-0.343354,10.9291
2410,0.854989,0.770368,10.9363
2411,-0.8066,-0.883978,10.9423
2412,-0.665083,-0.79567,10.9593
2413,0.0989145,0.134314,10.9606
2414,0.901919,0.982323,10.967
2415,-0.671215,-0.628253,10.9689
2416,-0.365898,0.00663258,11.1077
2417,-0.859209,-0.938115,11.1139
2418,-0.19305,-0.288476,11.123
2419,-0.465,-0.49092,11.1237
2420,-0.651477,-0.598239,11.1265
2421,1.00286,0.961895,11.1282
2422,-0.0235504,-0.0492716,11.1289
2423,0.0676364,-0.0308448,11.1386
2424,0.622995,0.586784,11.1399
2425,-0.218982,-0.250744,11.1409
2426,0.337239,0.436092,11.1506
2427,0.124883,0.315237,11.1869
2428,-0.473236,-0.450136,11.1874
2429,0.664387,0.708681,11.1894
2430,0.928197,0.999282,11.1944
2431,-0.848074,-0.861712,11.1946
2432,-0.358212,-0.278257,11.201
2433,-0.0170111,-0.0462126,11.2019
2434,-0.374744,-0.349246,11.2025
2435,-0.921237,-0.934812,11.2027
2436,0.839101,0.954942,11.2161
2437,-0.694845,-0.788834,11.2249
2438,1.01484,0.990394,11.2255
2439,-0.942832,-0.972837,11.2264
2440,0.939183,0.985855,11.2286
2441,-0.848766,-0.902099,11.2315
2442,0.913679,0.988491,11.2371
2443,1.06527,0.957834,11.2486
2444,0.867168,0.993759,11.2646
2445,-0.222445,-0.133977,11.2725
2446,0.361049,0.555893,11.3104
2447,0.27292,0.208222,11.3146
2448,0.938677,0.999147,11.3183
2449,-0.568983,-0.584575,11.3185
2450,-0.820548,-0.816669,11.3185
2451,-0.977474,-0.989129,11.3187
2452,1.00752,0.999909,11.3187
2453,-0.689884,-0.861063,11.348
2454,-0.380904,-0.335733,11.3501
2455,-0.199226,-0.285633,11.3575
2456,-0.790292,-0.8086,11.3579
2457,-1.01216,-0.987353,11.3585
2458,0.621816,0.595399,11.3592
2459,0.785571,0.788135,11.3592
2460,-0.96234,-0.9908,11.36
2461,-0.523917,-0.650745,11.3761
2462,0.503823,0.534031,11.377
2463,-0.519834,-0.496676,11.3775
2464,-0.183963,-0.224657,11.3792
2465,0.213391,0.305838,11.3877
2466,0.971306,0.993052,11.3882
2467,0.879699,0.916786,11.3896
2468,0.983633,0.983928,11.3896
2469,0.897918,0.921349,11.3901
2470,-0.183718,-0.117018,11.3946
2471,1.00809,0.989961,11.3949
2472,0.191278,0.0622367,11.4116
2473,-0.896092,-0.808823,11.4192
2474,0.108335,0.136001,11.4199
2475,0.919921,0.915462,11.42
2476,-0.94911,-0.989301,11.4216
2477,0.321177,0.399832,11.4278
2478,1.02773,0.954477,11.4331
2479,1.00042,0.969566,11.4341
2480,-0.895613,-0.930408,11.4353
2481,-0.629284,-0.600179,11.4361
2482,0.329409,0.344745,11.4364
2483,1.00951,0.993926,11.4366
2484,0.554049,0.490616,11.4406
2485,0.367887,0.360405,11.4407
2486,0.138375,0.191554,11.4435
2487,0.441361,0.408493,11.4446
2488,-0.812831,-0.866666,11.4475
2489,0.539547,0.503567,11.4488
2490,-0.743995,-0.739514,11.4488
2491,0.383414,0.443314,11.4524
2492,0.491097,0.571592,11.4589
2493,-0.790814,-0.600719,11.495
2494,0.918181,0.980765,11.4989
2495,-0.497815,-0.497117,11.4989
2496,0.642278,0.770714,11.5154
2497,-0.962261,-0.931973,11.5163
2498,0.874884,0.992742,11.5302
2499,0.766198,0.764872,11.5302
2500,0.669137,0.734767,11.5345
2501,0.724661,0.7641,11.5361
2502,0.796858,0.760244,11.5374
2503,0.499592,0.483378,11.5377
2504,-0.0967969,-0.139884,11.5396
2505,0.253885,0.353584,11.5495
2506,-0.899399,-0.863324,11.5508
2507,-0.696694,-0.719388,11.5513
2508,0.288841,0.332006,11.5532
2509,-0.822842,-0.841183,11.5535
2510,-0.302747,-0.267982,11.5547
2511,0.609436,0.667482,11.5581
2512,0.865766,0.987424,11.5729
2513,0.854685,0.856478,11.5729
2514,-0.294092,-0.316619,11.5734
2515,1.04777,0.996408,11.576
2516,1.0152,0.990804,11.5766
2517,-0.780859,-0.821072,11.5783
2518,-0.834577,-0.791531,11.5801
2519,0.276713,0.270145,11.5802
2520,-0.898976,-0.996917,11.5897
2521,-0.977263,-0.998043,11.5902
2522,0.691031,0.727357,11.5915
2523,-0.911404,-0.995183,11.5985
2524,-0.834656,-0.928846,11.6074
2525,0.885816,0.874963,11.6075
2526,0.928582,0.946241,11.6078
2527,0.715036,0.642754,11.613
2528,-0.73229,-0.771772,11.6146
2529,1.14462,0.99887,11.6358
2530,-0.979782,-0.999215,11.6362
2531,1.14467,0.985324,11.6616
2532,-0.0908044,-0.0807997,11.6617
2533,0.880851,0.954582,11.6671
2534,0.900289,0.943873,11.669
2535,-0.880827,-0.822295,11.6725
2536,0.758716,0.766182,11.6725
2537,-0.116277,-0.0771395,11.6741
2538,0.697325,0.71005,11.6742
2539,-0.0651205,0.000242812,11.6785
2540,-1.00795,-0.989022,11.6789
2541,-0.937436,-0.936724,11.6789
2542,0.58487,0.641704,11.6821
2543,-0.00682054,-0.0341049,11.6828
2544,-0.547231,-0.415082,11.7003
2545,0.824584,0.809672,11.7005
2546,0.390252,0.442043,11.7032
2547,-0.754498,-0.66296,11.7116
2548,-0.806764,-0.760369,11.7137
2549,-0.852539,-0.882947,11.7146
2550,0.793802,0.697972,11.7238
2551,-1.0317,-0.984391,11.7261
2552,0.424409,0.355047,11.7309
2553,0.979089,0.971055,11.7309
2554,0.683649,0.799524,11.7444
2555,0.168179,0.252822,11.7515
2556,0.547817,0.71106,11.7782
2557,0.606385,0.680628,11.7837
2558,-0.310125,-0.294347,11.7839
2559,-0.800653,-0.763604,11.7853
2560,-0.918964,-0.9999,11.7919
2561,0.420578,0.519624,11.8017
2562,0.984264,0.934339,11.8042
2563,1.10948,0.998034,11.8166
2564,1.08525,0.995116,11.8247
2565,-0.197081,-0.170968,11.8254
2566,1.0192,0.999717,11.8258
2567,0.460623,0.40824,11.8285
2568,0.403821,0.463311,11.8321
2569,0.835108,0.890723,11.8352
2570,-0.544225,-0.576577,11.8362
2571,0.821917,0.765213,11.8394
2572,-0.642284,-0.653061,11.8395
2573,-0.308068,-0.251047,11.8428
2574,0.454762,0.429128,11.8434
2575,-0.903185,-0.984667,11.8501
2576,0.875241,0.802615,11.8554
2577,0.90577,0.992198,11.8628
2578,-0.999448,-0.957552,11.8646
2579,0.458379,0.578601,11.879
2580,-0.795637,-0.82102,11.8797
2581,-0.689039,-0.609485,11.886
2582,1.12429,0.995184,11.9027
2583,0.96386,0.998844,11.9039
2584,-0.917898,-0.79125,11.9199
2585,-0.18986,-0.104206,11.9273
2586,0.67004,0.681146,11.9274
2587,-0.249116,-0.285656,11.9287
2588,-0.572816,-0.633127,11.9324
2589,1.0301,0.993274,11.9337
2590,0.05152,0.092188,11.9354
2591,-0.0448667,0.0112966,11.9385
2592,-0.934233,-0.946234,11.9387
2593,-0.0750818,-0.0825992,11.9387
2594,0.0308845,0.0511909,11.9391
2595,0.191793,0.24432,11.9419
2596,-0.710467,-0.751657,11.9436
2597,-0.873393,-0.8475,11.9443
2598,-0.927082,-0.996107,11.949
2599,-0.8891,-0.857399,11.95
2600,-0.741342,-0.760422,11.9504
2601,1.05393,0.999736,11.9533
2602,-0.107681,-0.184831,11.9593
2603,1.0808,0.926186,11.9832
2604,-0.907584,-0.834042,11.9886
2605,-0.532599,-0.599558,11.9931
2606,0.724128,0.530172,12.0307
2607,-0.995619,-0.993819,12.0307
2608,0.352346,0.495347,12.0512
2609,-0.956694,-0.964154,12.0512
2610,0.880843,0.884103,12.0512
2611,1.04272,0.982687,12.0548
2612,-1.03936,-0.999515,12.0564
2613,0.849732,0.974465,12.072
2614,0.908681,0.99179,12.0789
2615,-0.748782,-0.692111,12.0821
2616,0.757499,0.850666,12.0908
2617,0.345998,0.318614,12.0915
2618,0.838745,0.973968,12.1098
2619,-0.541767,-0.570624,12.1106
2620,-0.294078,-0.345627,12.1133
2621,-1.00901,-0.951183,12.1166
2622,-0.087455,-0.00279901,12.1238
2623,0.936184,0.917174,12.1242
2624,1.06724,0.99489,12.1294
2625,-0.912447,-0.906531,12.1294
2626,0.943517,0.99978,12.1326
2627,-0.207279,-0.187485,12.133
2628,-0.336583,-0.314488,12.1335
2629,0.561435,0.567884,12.1335
2630,0.579594,0.455772,12.1489
2631,0.956161,0.92643,12.1497
2632,0.263788,0.286158,12.1502
2633,-0.233981,-0.112977,12.1649
2634,-0.955344,-0.968092,12.1651
2635,0.764842,0.724156,12.1667
2636,-0.422449,-0.363306,12.1702
2637,1.0791,0.999837,12.1765
2638,-0.0208465,-0.0195045,12.1765
2639,-0.659436,-0.639676,12.1769
2640,0.758754,0.797557,12.1784
2641,-1.00369,-0.966301,12.1798
2642,-0.327251,-0.358046,12.1807
2643,0.960114,0.91757,12.1825
2644,0.153332,0.159211,12.1826
2645,0.969814,0.993425,12.1831
2646,-0.946721,-0.972339,12.1838
2647,-0.0804196,-0.0987491,12.1841
2648,0.73873,0.74501,12.1842
2649,-0.642943,-0.655056,12.1843
2650,1.03513,0.999206,12.1856
2651,-0.984491,-0.997533,12.1858
2652,0.312381,0.384168,12.1909
2653,0.397867,0.387994,12.191
2654,0.364069,0.270428,12.1998
2655,0.424486,0.331585,12.2084
2656,0.871711,0.9127,12.2101
2657,-0.941643,-0.9308,12.2102
2658,0.583386,0.523926,12.2138
2659,0.642066,0.75063,12.2255
2660,0.486954,0.557483,12.2305
2661,0.786052,0.906594,12.245
2662,1.0617,0.999631,12.2489
2663,0.389033,0.518066,12.2656
2664,-0.357955,-0.264499,12.2743
2665,-0.884482,-0.986223,12.2846
2666,-1.0022,-0.911935,12.2928
2667,0.67576,0.708724,12.2939
2668,0.860518,0.999528,12.3132
2669,0.438235,0.314011,12.3286
2670,-0.951314,-0.916372,12.3298
2671,-0.419401,-0.391516,12.3306
2672,-0.646997,-0.743262,12.3399
2673,0.18942,0.160086,12.3408
2674,0.61687,0.608827,12.3408
2675,0.575223,0.569011,12.3409
2676,-0.198291,-0.0521212,12.3622
2677,-1.0848,-0.997633,12.3698
2678,-0.575863,-0.478895,12.3792
2679,0.509339,0.410601,12.389
2680,0.558374,0.52612,12.39
2681,0.75213,0.85925,12.4015
2682,0.620599,0.728888,12.4132
2683,-0.965055,-0.89037,12.4188
2684,-0.866821,-0.811962,12.4218
2685,-0.287992,-0.185772,12.4322
2686,-0.764839,-0.878396,12.4451
2687,-0.923078,-0.993697,12.4501
2688,0.0529518,0.063368,12.4502
2689,-0.45233,-0.392379,12.4538
2690,-0.36775,-0.369258,12.4538
2691,-0.818502,-0.928173,12.4659
2692,0.824108,0.798615,12.4665
2693,0.331669,0.253155,12.4727
2694,0.127222,0.0765648,12.4752
2695,-0.821412,-0.771513,12.4777
2696,-0.948166,-0.868268,12.4841
2697,-0.883015,-0.939144,12.4873
2698,-0.65538,-0.689258,12.4884
2699,-0.917261,-0.966154,12.4908
2700,-0.750077,-0.725255,12.4914
2701,0.616439,0.5612,12.4945
2702,-1.02216,-0.948199,12.4999
2703,-0.447338,-0.416328,12.5009
2704,-0.76522,-0.812892,12.5032
2705,0.694504,0.677265,12.5035
2706,-0.11367,-0.188649,12.5091
2707,0.510807,0.512601,12.5091
2708,0.872543,0.755191,12.5229
2709,-0.348854,-0.400566,12.5255
2710,0.26317,0.293414,12.5265
2711,-0.506208,-0.512276,12.5265
2712,-0.193852,-0.229978,12.5278
2713,0.948253,0.82267,12.5436
2714,-1.07022,-0.967086,12.5542
2715,-0.805145,-0.808033,12.5542
2716,-0.737964,-0.712665,12.5549
2717,0.816185,0.900047,12.5619
2718,-0.902444,-0.960887,12.5653
2719,0.851556,0.820696,12.5663
2720,-0.462057,-0.485223,12.5668
2721,0.515838,0.577666,12.5706
2722,0.945683,0.927334,12.571
2723,-0.451674,-0.665973,12.6169
2724,0.730334,0.699431,12.6178
2725,0.918507,0.960537,12.6196
2726,-0.333741,-0.463662,12.6365
2727,1.07094,0.998559,12.6417
2728,-0.800356,-0.96545,12.669
2729,0.96763,0.989772,12.6695
2730,0.647154,0.682049,12.6707
2731,0.0100694,-0.0107245,12.6711
2732,0.6742,0.608842,12.6754
2733,-0.68422,-0.751747,12.6799
2734,-0.648227,-0.701084,12.6827
2735,-0.970049,-0.993518,12.6833
2736,-0.580497,-0.592158,12.6834
2737,-0.819601,-0.8481,12.6842
2738,0.6492,0.789771,12.704
2739,0.920516,0.954642,12.7052
2740,0.324613,0.33745,12.7053
2741,-0.371526,-0.400854,12.7062
2742,0.492458,0.468017,12.7068
2743,0.934731,0.818704,12.7202
2744,0.892597,0.834987,12.7236
2745,0.862223,0.979003,12.7372
2746,-0.839515,-0.580517,12.8043
2747,-0.930961,-0.964198,12.8054
2748,0.500881,0.476665,12.806
2749,0.646154,0.717725,12.8111
2750,0.0114503,-0.0711268,12.8179
2751,0.64861,0.587606,12.8216
2752,-0.976954,-0.858801,12.8356
2753,-0.776672,-0.857673,12.8422
2754,0.906629,0.922992,12.8424
2755,0.939859,0.946204,12.8425
2756,0.92022,0.992472,12.8477
2757,0.123043,0.115848,12.8477
2758,-0.619616,-0.627284,12.8478
2759,0.83527,0.980351,12.8688
2760,0.694408,0.688115,12.8689
2761,-0.258667,-0.227106,12.8699
2762,-0.503805,-0.539956,12.8712
2763,0.816814,0.94937,12.8888
2764,-0.631514,-0.676089,12.8908
2765,0.241277,0.199612,12.8925
2766,0.807139,0.775183,12.8935
2767,0.987985,0.995592,12.8936
2768,-0.843382,-0.807682,12.8948
2769,-0.185022,0.0666073,12.9582
2770,-0.196154,-0.0826402,12.971
2771,-0.827968,-0.784702,12.9729
2772,-0.311097,-0.293559,12.9732
2773,0.862592,0.756013,12.9846
2774,-0.673089,-0.806851,13.0025
2775,-0.802617,-0.8381,13.0037
2776,-0.518965,-0.552192,13.0048
2777,-0.898256,-0.923775,13.0055
2778,0.117762,0.105412,13.0056
2779,0.787097,0.786483,13.0056
2780,-1.08757,-0.972822,13.0188
2781,0.722775,0.721924,13.0188
2782,0.76998,0.819127,13.0212
2783,0.0169754,-0.00536952,13.0217
2784,-0.670241,-0.620923,13.0242
2785,1.00369,0.936613,13.0287
2786,0.680356,0.586903,13.0374
2787,0.918426,0.842266,13.0432
2788,0.953371,0.951896,13.0432
2789,-0.281619,-0.268633,13.0434
2790,-0.71416,-0.677355,13.0447
2791,0.190151,0.224147,13.0459
2792,-0.89523,-0.877451,13.0462
2793,-1.01027,-0.905008,13.0573
2794,0.320733,0.311586,13.0573
2795,0.946967,0.892149,13.0604
2796,0.890441,0.8452,13.0624
2797,-1.00405,-0.974364,13.0633
2798,-0.384402,-0.359816,13.0639
2799,0.12671,0.122074,13.0639
2800,0.0352857,0.0370169,13.0639
2801,0.643201,0.587451,13.067
2802,0.545165,0.50418,13.0687
2803,0.806526,0.736338,13.0736
2804,-0.108708,-0.118901,13.0737
2805,0.217257,0.358655,13.0937
2806,0.795082,0.984082,13.1294
2807,-0.658278,-0.603021,13.1325
2808,-0.0497513,0.183749,13.187
2809,0.0798349,0.00832836,13.1921
2810,1.06157,0.900156,13.2182
2811,-0.492067,-0.393881,13.2278
2812,0.379017,0.320292,13.2313
2813,-1.03338,-0.989642,13.2332
2814,0.118936,0.199226,13.2396
2815,-0.855782,-0.920298,13.2438
2816,-0.0368896,0.170481,13.2868
2817,0.746991,0.999912,13.3508
2818,-0.571792,-0.441654,13.3677
2819,-0.305415,-0.292254,13.3679
2820,-0.226852,-0.137582,13.3758
2821,-0.318856,-0.302253,13.3761
2822,0.129527,0.089445,13.3777
2823,1.03373,0.982128,13.3804
2824,0.83064,0.844197,13.3806
2825,-0.0783904,-0.102205,13.3811
2826,-0.122369,-0.00920924,13.3939
2827,0.938908,0.940497,13.394
2828,-0.910564,-0.801137,13.4059
2829,0.320394,0.391853,13.411
2830,0.972883,0.990085,13.4113
2831,0.340721,0.349074,13.4114
2832,-0.985812,-0.947029,13.4129
2833,0.479893,0.535858,13.416
2834,-0.523205,-0.529702,13.4161
2835,0.498032,0.408176,13.4242
2836,0.229878,0.310148,13.4306
2837,1.01045,0.999117,13.4307
2838,0.825998,0.786728,13.4323
2839,-0.42412,-0.507971,13.4393
2840,1.09852,0.992695,13.4505
2841,0.562621,0.679276,13.4641
2842,-1.09767,-0.978894,13.4782
2843,-0.718982,-0.721623,13.4782
2844,-0.923505,-0.887839,13.4795
2845,-0.939093,-0.872182,13.484
2846,0.978544,0.906628,13.4891
2847,-0.0805727,-0.0340656,13.4913
2848,0.0834952,0.123678,13.4929
2849,0.318386,0.357849,13.4945
2850,-0.52641,-0.547115,13.4949
2851,0.63114,0.551554,13.5012
2852,0.533916,0.568786,13.5025
2853,0.408305,0.382513,13.5031
2854,0.238097,0.140879,13.5126
2855,-0.960601,-0.866484,13.5214
2856,0.922211,0.932896,13.5215
2857,0.758036,0.969918,13.5664
2858,-0.948167,-0.890732,13.5697
2859,-0.41692,-0.398312,13.5701
2860,0.764112,0.741676,13.5706
2861,0.718981,0.601975,13.5843
2862,0.933126,0.901716,13.5853
2863,-0.820704,-0.951647,13.6024
2864,1.05153,0.996498,13.6054
2865,0.74367,0.625413,13.6194
2866,-0.725582,-0.744768,13.6198
2867,0.527888,0.42569,13.6302
2868,-0.400703,-0.444937,13.6322
2869,0.997706,0.995282,13.6322
2870,-0.414558,-0.462474,13.6345
2871,0.897003,0.816533,13.641
2872,0.46507,0.376481,13.6488
2873,-0.939129,-0.948734,13.6489
2874,0.25345,0.338304,13.6561
2875,-0.111532,-0.127301,13.6564
2876,-0.75256,-0.786389,13.6575
2877,-0.51154,-0.476998,13.6587
2878,-0.953364,-0.968544,13.6589
2879,0.421899,0.38979,13.66
2880,0.108345,0.0926457,13.6602
2881,1.10003,0.982091,13.6741
2882,0.587533,0.612968,13.6748
2883,-0.143954,-0.113951,13.6757
2884,-0.533174,-0.562225,13.6765
2885,-0.745078,-0.718625,13.6772
2886,-0.0555998,-0.0363974,13.6776
2887,0.970826,0.997462,13.6783
2888,1.11883,0.975314,13.6989
2889,0.91415,0.813881,13.7089
2890,0.704183,0.777831,13.7144
2891,0.703179,0.663014,13.716
2892,-0.119532,-0.148908,13.7168
2893,-0.632953,-0.596393,13.7182
2894,-0.083775,-0.0921081,13.7182
2895,0.451091,0.53777,13.7258
2896,0.819764,0.855529,13.727
2897,-0.30167,-0.389079,13.7347
2898,-0.392397,-0.379391,13.7348
2899,-0.876103,-0.991811,13.7482
2900,-1.01884,-0.978531,13.7499
2901,0.753044,0.793618,13.7515
2902,0.863896,0.993561,13.7683
2903,-1.06049,-0.969948,13.7765
2904,-0.800695,-0.753456,13.7787
2905,0.361024,0.270252,13.787
2906,-0.954342,-0.992758,13.7885
2907,-0.895957,-0.926385,13.7894
2908,-0.225873,-0.178767,13.7916
2909,-0.92706,-0.918494,13.7917
2910,0.735385,0.868093,13.8093
2911,0.440188,0.46622,13.81
2912,0.659336,0.6547,13.81
2913,-0.971008,-0.967495,13.81
2914,0.548234,0.549656,13.81
2915,-0.125523,-0.233328,13.8216
2916,-0.282802,-0.302116,13.822
2917,-0.958793,-0.975004,13.8223
2918,-0.425092,-0.384116,13.8239
2919,0.912535,0.922517,13.824
2920,-0.535952,-0.571834,13.8253
2921,-0.489047,-0.356976,13.8428
2922,1.00469,0.994498,13.8429
2923,0.683482,0.806747,13.8581
2924,-0.0712011,0.00407885,13.8637
2925,-0.350108,-0.403003,13.8665
2926,-0.914974,-0.942113,13.8673
2927,-1.05711,-0.981316,13.873
2928,-0.640492,-0.622836,13.8733
2929,0.110501,0.0297286,13.8798
2930,1.04077,0.99036,13.8824
2931,-0.261488,-0.221253,13.884
2932,-0.211463,-0.241909,13.8849
2933,1.09412,0.999992,13.8938
2934,-0.981149,-0.978254,13.8938
2935,0.870629,0.845987,13.8944
2936,-0.83557,-0.927372,13.9028
2937,0.932471,0.934503,13.9028
2938,1.05652,0.93671,13.9172
2939,-0.889294,-0.890618,13.9172
2940,0.934376,0.96527,13.9182
2941,-0.948029,-0.998006,13.9206
2942,-0.999646,-0.997647,13.9207
2943,-0.524862,-0.493252,13.9217
2944,-0.485701,-0.490119,13.9217
2945,0.871616,0.891319,13.9221
2946,-0.661429,-0.741965,13.9285
2947,-0.455208,-0.466549,13.9287
2948,1.11143,0.987947,13.9439
2949,-0.778236,-0.922169,13.9646
2950,0.632594,0.552841,13.971
2951,0.187935,0.239234,13.9736
2952,0.163958,0.196933,13.9747
2953,-0.873224,-0.986316,13.9875
2954,-0.945239,-0.994868,13.99
2955,-0.29936,-0.376205,13.9959
2956,0.295683,0.277099,13.9962
2957,1.06315,0.976369,14.0038
2958,-0.986184,-0.973847,14.0039
2959,0.369155,0.488219,14.0181
2960,-0.0343212,0.137589,14.0476
2961,0.328519,0.382983,14.0506
2962,-0.00287223,0.00426416,14.0507
2963,-0.146211,-0.121599,14.0513
2964,-0.259984,-0.278109,14.0516
2965,0.189115,0.24605,14.0548
2966,-0.998024,-0.998384,14.0548
2967,0.704497,0.793679,14.0628
2968,-0.324918,-0.119851,14.1048
2969,-0.589024,-0.654346,14.1091
2970,-0.8923,-0.91235,14.1095
2971,-0.525812,-0.527192,14.1095
2972,0.878377,0.947586,14.1143
2973,-0.520986,-0.552458,14.1153
2974,1.02347,0.994465,14.1161
2975,-0.195685,-0.16772,14.1169
2976,0.738319,0.736947,14.1169
2977,-0.967304,-0.900526,14.1214
2978,-0.124276,-0.119467,14.1214
2979,-0.802311,-0.765989,14.1227
2980,-1.01505,-0.953842,14.1265
2981,0.384119,0.425427,14.1282
2982,-0.0327711,-0.0328511,14.1282
2983,0.635097,0.699017,14.1323
2984,-0.536679,-0.626828,14.1404
2985,-0.20472,-0.229615,14.141
2986,-0.0211704,-0.0719812,14.1436
2987,1.04986,0.999921,14.1461
2988,-0.705229,-0.702554,14.1461
2989,1.07451,0.982191,14.1546
2990,-0.473683,-0.750033,14.231
2991,0.0810782,0.101883,14.2314
2992,1.07045,0.986482,14.2385
2993,0.671825,0.713465,14.2402
2994,0.866492,0.858226,14.2403
2995,0.650007,0.641858,14.2403
2996,0.745092,0.672874,14.2455
2997,-1.12911,-0.844623,14.3265
2998,-0.221487,-0.198302,14.327
2999,0.644596,0.651758,14.3271
