t,predict_test,teacher
501,-0.0553198,0.977669,1.06707
502,0.00685197,-0.77833,1.68358
503,-0.0950473,-0.00331926,1.69199
504,0.00624341,-0.571624,2.02592
505,-0.112813,-0.0348205,2.032
506,-0.00348011,0.38375,2.18195
507,-0.121988,-0.50502,2.32866
508,-0.0461107,0.519976,2.64912
509,0.0670557,-0.859837,3.50825
510,0.0889426,0.132115,3.51011
511,-0.0940358,-0.052924,3.5118
512,-0.087786,0.774345,4.25507
513,0.0807671,0.562689,4.48732
514,0.0409211,-0.635738,4.94519
515,-0.0465055,0.995008,6.02994
516,-0.0409757,-0.54745,6.28645
517,0.0121064,-0.986186,7.28304
518,-0.0978491,-0.259319,7.30911
519,-0.0586276,0.823939,8.08804
520,0.0817864,0.138772,8.09129
521,0.114604,-0.146317,8.15937
522,-0.0339837,0.919269,9.06806
523,-0.0640127,0.9995,10.1991
524,-0.00760493,-0.551372,10.4948
525,0.00997163,-0.0276344,10.4962
526,-0.134515,-0.841579,10.9962
527,-0.120996,-0.980716,11.7353
528,-0.0605461,0.997818,12.8554
529,0.0464817,-0.785792,13.5481
530,-0.0606991,0.806381,14.2999
531,0.00589493,-0.0991539,14.3109
532,-0.0680337,0.69497,14.8931
533,0.108095,0.0934084,14.8933
534,0.0410887,-0.881917,15.7453
535,0.0426285,-0.536256,16.0804
536,-0.162456,-0.974496,16.7398
537,-0.0751733,0.987498,17.8691
538,0.0887476,-0.493894,18.2085
539,0.0706982,-0.641262,18.7154
540,-0.050529,0.835382,19.5003
541,-0.136209,-0.356681,19.5489
542,0.0132789,0.494675,19.7806
543,-0.107513,-0.585423,20.009
544,0.0422901,-0.770177,20.6691
545,0.0376367,0.00862943,20.67
546,0.092259,-0.979652,21.8189
547,0.0478371,0.388464,21.935
548,0.0341721,-0.826281,22.6754
549,-0.0919848,0.997238,23.8618
550,-0.0302457,-0.0574349,23.8625
551,-0.0907904,0.987174,25.0245
552,0.0867823,0.558079,25.2466
553,-0.10817,-0.718126,25.6187
554,0.0173199,-0.79285,26.275
555,-0.0502123,0.83138,27.0523
556,0.131929,0.997424,27.8013
557,-0.0749498,-0.10619,27.8023
558,-0.117941,-0.864002,28.3589
559,-0.0283564,-0.309022,28.4377
560,0.0813214,0.320832,28.4951
561,0.0707648,-0.990675,29.6217
562,0.0176418,0.272319,29.6866
563,-0.140501,0.999304,30.9857
564,-0.138218,-0.191907,30.9886
565,0.071285,0.908615,31.6897
566,0.102744,0.979345,32.4582
567,0.100274,-0.535128,32.8619
568,0.0099993,-0.356487,32.9962
569,0.0711317,0.999196,33.8575
570,0.0305888,-0.996024,34.9114
571,0.00323373,0.0479207,34.9134
572,-0.0866652,0.221114,35.0082
573,-0.0298116,-0.666923,35.4141
574,0.0495082,-0.614549,35.8551
575,-0.0827994,-0.750282,36.3006
576,0.0282812,-0.92026,37.2003
577,-0.123669,-0.971122,37.9185
578,0.0969867,0.273445,37.9496
579,-0.0953239,0.0973385,37.9867
580,-0.046177,0.475163,38.2585
581,-0.0298551,0.928499,39.177
582,0.0429995,-0.363084,39.3419
583,0.0284048,-0.807505,40.0406
584,-0.143356,-0.945221,40.6836
585,-0.0776613,0.965595,41.772
586,-0.103616,-0.681549,42.106
587,0.0268921,0.394243,42.241
588,0.0595029,-0.708096,42.8302
589,0.101899,-0.445788,43.1301
590,-0.00286984,-0.387949,43.2784
591,-0.115474,-0.870775,43.8489
592,-0.0406979,0.210478,43.912
593,-0.0284736,0.838813,44.6642
594,-0.0342669,0.998554,45.7309
595,-0.0747458,0.456449,46.0131
596,-0.0456417,0.462262,46.271
597,0.0396396,-0.559238,46.6297
598,0.010504,0.248631,46.6864
599,-0.0176168,-0.45088,46.8741
600,-0.115612,-0.0127192,46.8847
601,-0.128302,-0.828074,47.3744
602,0.0229497,0.569472,47.6731
603,0.143671,-0.389635,47.9575
604,0.132528,0.69589,48.2748
605,-0.0832826,-0.213491,48.2918
606,-0.111037,0.981083,49.4845
607,-0.144275,-0.333995,49.5205
608,-0.0825076,-0.931642,50.2416
609,-0.0316358,0.856171,51.0298
610,0.000187646,0.902396,51.8437
611,0.0742633,-0.698687,52.4412
612,-0.000579867,-0.0939989,52.4499
613,-0.0953706,-0.642127,52.7489
614,-0.00162745,-0.382316,52.8938
615,0.0209927,-0.0934076,52.9069
616,0.0357837,-0.989301,53.9577
617,-0.0938818,-0.0165398,53.9636
618,-0.0742683,0.959069,55.0314
619,-0.0373326,0.995927,56.0991
620,-0.0147194,0.99723,57.1231
621,0.116202,0.799939,57.5906
622,-0.108668,0.78584,58.3907
623,-0.115913,0.139511,58.456
624,-0.17207,-0.701988,58.7368
625,0.113975,0.745507,59.1356
626,0.0395225,0.0857941,59.1378
627,0.0971066,0.203212,59.149
628,0.0434759,-0.561198,59.5147
629,0.0723533,0.64326,59.8406
630,-0.0482315,0.344586,59.9949
631,-0.112448,-0.534306,60.1729
632,0.0634178,0.129285,60.1772
633,-0.0221129,0.0213921,60.1791
634,-0.037432,0.913429,61.0832
635,-0.182627,-0.889485,61.5829
636,-0.0482392,0.912315,62.5055
637,-0.00723124,0.840607,63.2244
638,0.108592,0.127412,63.2247
639,0.0375876,-0.879489,64.0658
640,0.0171177,-0.57217,64.413
641,-0.0383675,-0.540179,64.6648
642,-0.0244335,0.103332,64.6812
643,0.0181,-0.953676,65.6255
644,-0.115385,0.93542,66.7297
645,-0.0529269,0.382753,66.9195
646,0.0108239,-0.524935,67.2065
647,0.0403102,-0.546258,67.5506
648,-0.107391,-0.979993,68.312
649,0.0403122,0.967458,69.1716
650,-0.00368679,0.297724,69.2625
651,0.138817,0.821894,69.7291
652,0.0670914,0.532529,69.9457
653,-0.00976499,0.805113,70.6097
654,0.0446421,-0.273732,70.7111
655,-0.0954852,0.957075,71.819
656,-0.0386019,0.80407,72.5291
657,-0.189114,-0.942733,73.097
658,-0.0713717,0.692188,73.68
659,-0.0305976,0.458434,73.9192
660,0.107145,0.640031,74.2032
661,0.0301925,0.419726,74.3549
662,0.0382163,-0.933951,75.3
663,-0.0590324,-0.771379,75.8074
664,-0.0802648,-0.900981,76.481
665,0.0291256,0.46544,76.6714
666,-0.0639651,0.986374,77.7746
667,-0.0478558,-0.270702,77.8243
668,0.00880769,0.494818,78.0605
669,-0.000222292,0.926285,78.9189
670,0.0844772,-0.48126,79.2389
671,-0.00884392,-0.989526,80.2007
672,-0.0450804,-0.0602469,80.2009
673,0.0504613,0.924318,80.9645
674,-0.115598,0.336805,81.1692
675,-0.0491288,0.0968679,81.1905
676,-0.0555384,-0.985373,82.0551
677,0.00617841,0.913259,82.8779
678,0.0220684,0.0722099,82.8804
679,0.0317696,-0.75692,83.5025
680,-0.0430703,0.456974,83.7525
681,0.0832147,0.985462,84.5665
682,-0.0417462,0.349464,84.7196
683,-0.119241,-0.932919,85.3817
684,-0.0789872,0.77108,86.1043
685,0.0398842,-0.992143,87.1694
686,0.0553144,-0.329906,87.3178
687,-0.143926,-0.944706,87.959
688,-0.0442163,0.626706,88.4091
689,0.126598,0.996185,89.1653
690,0.10131,-0.0846282,89.1999
691,0.0468963,-0.908736,90.1131
692,-0.0350575,-0.457876,90.2919
693,-0.0124882,-0.967669,91.2043
694,-0.132868,-0.744117,91.5779
695,-0.00152194,-0.979248,92.5338
696,-0.108771,0.12839,92.5901
697,-0.0527487,-0.449018,92.7471
698,0.0351835,-0.675189,93.2518
699,0.172126,0.998266,93.9343
700,0.0588353,-0.999316,95.0539
701,-0.154604,-0.789364,95.4569
702,-0.143561,-0.103969,95.4584
703,-0.0375557,0.533038,95.784
704,-0.0226944,0.997666,96.8251
705,-0.0849473,-0.256843,96.8547
706,0.0303219,-0.961741,97.8389
707,0.00613966,-0.994663,98.8405
708,-0.0241522,0.953722,99.7967
709,-0.0484246,0.70606,100.366
710,0.0747538,0.70546,100.764
711,0.0363684,-0.663161,101.253
712,0.0829276,0.388311,101.346
713,-0.0710127,-0.101279,101.347
714,-0.0320887,0.387324,101.523
715,-0.0298685,-0.960303,102.389
716,-0.0136947,-0.0913347,102.395
717,-0.0326405,0.96024,103.381
718,0.0645418,0.183773,103.395
719,0.0444743,-0.975961,104.436
720,-0.0253444,-0.256017,104.489
721,-0.117907,0.98403,105.704
722,-0.103883,0.786708,106.497
723,0.0512733,-0.948117,107.496
724,0.0323367,-0.313484,107.615
725,0.105511,-0.776509,108.393
726,0.06707,0.390684,108.498
727,0.0461155,-0.553591,108.858
728,-0.1539,-0.951012,109.493
729,-0.138997,0.133579,109.567
730,-0.0529499,0.925566,110.525
731,0.0437625,-0.837522,111.301
732,-0.0700355,0.434435,111.556
733,-0.133967,-0.955029,112.23
734,0.0965652,0.231138,112.248
735,0.151151,0.668775,112.516
736,0.114183,0.0344876,112.522
737,-0.122827,-0.559053,112.713
738,0.0188123,-0.782228,113.354
739,-0.0722777,0.403176,113.58
740,-0.141208,-0.96499,114.259
741,-0.155499,-0.833,114.718
742,-0.0447147,0.497476,115.012
743,0.0168879,0.0344236,115.012
744,0.0452849,-0.998454,116.102
745,0.108333,0.978054,116.858
746,-0.0377963,-0.137285,116.868
747,0.0463563,-0.721483,117.458
748,0.0677621,0.998313,118.324
749,0.0744993,0.896301,118.999
750,-0.147451,-0.621505,119.224
751,0.030914,0.169831,119.243
752,0.0443916,-0.256044,119.333
753,0.0261558,0.086375,119.337
754,-0.0597567,0.836214,120.14
755,0.0889159,0.178406,120.148
756,-0.0295585,-0.989683,121.069
757,-0.131227,-0.990162,121.807
758,-0.102957,0.408192,122.068
759,0.0395817,-0.389143,122.252
760,-0.0329712,-0.934454,123.065
761,0.146561,0.952909,123.715
762,-0.000203448,-0.992191,124.699
763,-0.0840902,-0.998581,125.535
764,-0.0512662,0.528173,125.871
765,-0.0718163,0.646589,126.387
766,-0.0485979,-0.644933,126.743
767,-0.0906871,0.834158,127.598
768,-0.0351046,0.490616,127.875
769,-0.0523137,-0.383323,127.984
770,0.10613,0.816363,128.489
771,-0.0514632,0.668874,129.008
772,0.043722,-0.249134,129.093
773,0.0573018,0.232631,129.124
774,-0.0195061,-0.0257941,129.124
775,-0.131005,-0.12573,129.124
776,-0.133328,0.894265,130.18
777,-0.0295432,-0.556305,130.458
778,-0.0172871,0.806195,131.136
779,0.0857102,-0.679605,131.721
780,0.135471,0.476014,131.837
781,0.146456,0.858426,132.344
782,0.00306441,-0.362981,132.478
783,-0.161274,-0.89074,133.01
784,-0.129947,0.733256,133.756
785,-0.106336,0.0641205,133.785
786,-0.0188887,0.565585,134.126
787,0.0872961,-0.15327,134.184
788,-0.0111791,0.889636,134.996
789,-0.0691518,0.763326,135.689
790,-0.0404987,0.720575,136.268
791,0.0395268,-0.998201,137.345
792,-0.0226743,0.187327,137.389
793,-0.0904327,0.260237,137.512
794,0.0167036,-0.987746,138.521
795,-0.02065,0.608998,138.917
796,-0.00938163,0.879159,139.707
797,0.073042,-0.0616244,139.725
798,0.0245723,-0.589662,140.102
799,-0.109343,0.21613,140.208
800,-0.0912668,0.659626,140.772
801,0.0664534,0.233258,140.8
802,0.0171804,0.731739,141.31
803,0.0563951,-0.973862,142.372
804,0.00183131,-0.175433,142.403
805,-0.0648037,0.789057,143.132
806,-0.142408,-0.480952,143.247
807,-0.0180933,-0.139304,143.261
808,0.0307584,-0.852716,144.042
809,0.080316,-0.359715,144.236
810,-0.118869,-0.365156,144.296
811,0.00636443,-0.695349,144.789
812,0.0192913,-0.973059,145.773
813,0.119697,0.157899,145.775
814,-0.0811437,0.978313,146.897
815,-0.0067855,0.609602,147.277
816,-0.031215,-0.223526,147.314
817,-0.00558651,0.0336079,147.316
818,-0.0852985,-0.563609,147.545
819,-0.0229093,-0.844411,148.219
820,-0.119778,-0.937678,148.888
821,-0.0141402,0.99792,149.913
822,0.0368999,-0.381663,150.088
823,-0.0117731,0.581884,150.44
824,0.00192186,-0.310053,150.538
825,-0.00143287,-0.869853,151.292
826,0.0443923,-0.533653,151.626
827,-0.0219211,-0.359735,151.74
828,-0.106634,-0.806891,152.23
829,0.00862615,-0.363033,152.368
830,0.0479046,-0.769016,153.036
831,-0.0624974,-0.476323,153.207
832,-0.10602,0.440501,153.506
833,-0.0193566,0.775669,154.138
834,0.0218617,-0.353698,154.279
835,-0.0376637,0.964057,155.282
836,-0.0724291,-0.582103,155.542
837,0.0764651,-0.394715,155.764
838,-0.0392423,0.530451,156.089
839,-0.0226091,0.863766,156.874
840,-0.05807,0.498626,157.184
841,-0.108349,-0.257694,157.207
842,-0.141437,-0.99948,157.943
843,0.0093138,0.862563,158.671
844,0.118674,0.973905,159.402
845,-0.0212627,0.975293,160.395
846,-0.0526693,0.863911,161.235
847,-0.0166861,0.122917,161.255
848,-0.0552467,0.287032,161.372
849,0.0300239,-0.860845,162.166
850,0.0932648,0.887833,162.797
851,0.0826476,-0.596326,163.258
852,0.0138857,-0.227206,163.316
853,-0.176544,-0.0616309,163.329
854,-0.092324,0.807533,164.139
855,-0.00363487,-0.754636,164.703
856,0.0728103,-0.967945,165.786
857,0.0575656,-0.999844,166.904
858,0.0737884,0.632568,167.217
859,0.0777579,0.969132,168.011
860,-0.10553,0.602753,168.513
861,-0.0764604,0.773803,169.236
862,-0.0086958,-0.752882,169.79
863,0.134466,0.994626,170.53
864,-0.0986952,0.906429,171.54
865,-0.150054,-0.762454,171.915
866,-0.146253,-0.673159,172.192
867,0.136987,0.459557,172.297
868,0.10418,-0.998516,173.512
869,0.0722423,-0.787531,174.252
870,-0.0993602,0.99335,175.446
871,-0.0260303,-0.0162292,175.446
872,-0.100085,0.977958,176.608
873,-0.0769602,-0.666375,176.955
874,-0.0340978,0.405622,177.149
875,0.0768231,-0.382633,177.36
876,-0.0550555,0.937045,178.344
877,0.00300422,-0.872418,179.11
878,-0.0621411,0.918266,180.072
879,0.0720484,-0.141414,180.117
880,0.00911456,-0.407063,180.29
881,0.0410826,-0.305362,180.41
882,-0.0862523,0.457584,180.706
883,-0.124763,-0.908771,181.321
884,0.0568248,0.0337885,181.321
885,0.0707904,-0.984455,182.435
886,0.0782761,-0.758773,183.136
887,-0.0194732,-0.688565,183.583
888,-0.0624036,0.52933,183.933
889,-0.0874514,0.832532,184.78
890,-0.0502406,0.986165,185.854
891,0.0214095,-0.999471,186.896
892,-0.0324526,0.971712,187.904
893,0.0579737,-0.573001,188.303
894,0.060072,0.96734,189.126
895,-0.0395211,0.97026,190.145
896,-0.0868626,0.963598,191.249
897,-0.00944132,-0.985005,192.201
898,-0.0541418,0.175534,192.253
899,0.0394408,-0.756255,192.886
900,-0.062189,0.626343,193.361
901,0.0249306,-0.752207,193.965
902,-0.0939238,0.712432,194.615
903,-0.0339868,0.90232,195.491
904,0.0981643,0.440878,195.609
905,0.0678024,0.925687,196.345
906,-0.0174832,0.857405,197.11
907,0.00183195,-0.413136,197.282
908,0.0415753,0.877754,197.982
909,-0.113351,-0.231175,197.996
910,0.013767,-0.235907,198.058
911,-0.126768,-0.331435,198.1
912,0.14643,-0.366918,198.363
913,0.106175,0.757559,198.788
914,0.120906,0.977917,199.522
915,-0.160969,0.0310292,199.559
916,-0.130297,0.782753,200.393
917,-0.186988,-0.617738,200.578
918,0.0250422,0.982573,201.495
919,0.0828195,-0.622415,201.992
920,0.120519,0.679215,202.304
921,-0.048859,0.429246,202.533
922,0.0307173,0.140365,202.545
923,-0.108119,-0.495943,202.695
924,-0.00854131,0.587676,203.051
925,0.0209521,-0.932913,203.961
926,-0.0715502,0.677713,204.522
927,-0.0788181,0.51819,204.879
928,-0.11332,-0.452622,204.994
929,0.133011,0.325066,205.031
930,0.0104437,0.908056,205.836
931,0.0142148,-0.703583,206.352
932,-0.104446,0.890324,207.341
933,-0.0224778,-0.389005,207.475
934,-0.153439,-0.443856,207.56
935,-0.0668418,-0.763572,208.045
936,0.101955,0.924313,208.722
937,0.109769,0.0747248,208.723
938,-0.0376956,0.900863,209.604
939,0.0120175,-0.774362,210.222
940,-0.111969,0.927084,211.302
941,0.0238337,-0.551974,211.633
942,-0.035879,-0.679342,212.047
943,0.0904352,0.974505,212.829
944,-0.160199,-0.983753,213.507
945,0.0870917,0.993447,214.329
946,-0.00251948,-0.84795,215.043
947,0.118143,-0.129264,215.105
948,-0.0396705,0.180169,215.153
949,0.0971577,0.999993,215.968
950,0.0539496,-0.444138,216.216
951,-0.0245053,-0.543665,216.486
952,-0.159212,-0.881377,217.007
953,-0.0431114,0.997756,218.091
954,0.0966169,0.448874,218.215
955,-0.0456559,0.108278,218.238
956,-0.0625177,0.707061,218.831
957,-0.0998772,0.808864,219.656
958,-0.0203919,0.94977,220.598
959,-0.11287,-0.240023,220.614
960,-0.0343366,0.846863,221.39
961,0.000287237,-0.252223,221.454
962,0.0906626,0.951008,222.194
963,-0.0965519,-0.781319,222.663
964,0.0250608,-0.99222,223.698
965,0.0879849,0.978209,224.49
966,0.124872,0.827887,224.985
967,-0.0674405,-0.860914,225.614
968,-0.159872,-0.923788,226.198
969,-0.00656038,-0.821665,226.862
970,0.0880086,0.26391,226.893
971,0.0207068,0.238526,226.941
972,0.0507434,0.268795,226.988
973,-0.0523152,0.70029,227.555
974,0.0698256,-0.720472,228.179
975,-0.0799958,0.787202,228.931
976,0.0201031,-0.132225,228.954
977,-0.0754536,0.6141,229.43
978,-0.0435312,0.49585,229.721
979,-0.128433,-0.833569,230.218
980,0.0218606,-0.539909,230.534
981,-0.0629305,0.984063,231.63
982,0.0560785,-0.970506,232.684
983,0.0210977,-0.0848667,232.695
984,0.0873246,-0.998841,233.875
985,0.0722863,0.145395,233.88
986,0.0389957,-0.435193,234.105
987,-0.0336204,0.350077,234.252
988,-0.00499125,-0.00986327,234.252
989,-0.166373,-0.962897,234.887
990,-0.122478,-0.450141,234.994
991,0.0344079,-0.954391,235.972
992,0.0937877,-0.214267,236.067
993,0.077525,-0.969879,237.164
994,-0.123895,0.739641,237.909
995,0.0311486,-0.586039,238.29
996,-0.0976316,0.921326,239.329
997,0.0498158,-0.289763,239.444
998,-0.0825994,0.329447,239.614
999,0.07794,0.945511,240.366
1000,-0.0175966,0.659627,240.825
1001,0.0460047,-0.724679,241.419
1002,0.0537099,0.764031,241.923
1003,-0.0737884,-0.144011,241.928
1004,0.0243078,0.307206,242.008
1005,-0.0804524,0.913274,242.996
1006,0.0999417,0.569547,243.216
1007,-0.107758,0.99513,244.433
1008,-0.0442496,-0.714202,244.882
1009,0.0658253,0.817342,245.446
1010,0.0898026,-0.324324,245.618
1011,-0.0638364,0.546065,245.99
1012,-0.112307,0.333858,246.189
1013,-0.15734,-0.99699,246.894
1014,0.0364401,-0.959235,247.885
1015,-0.00120485,-0.542942,248.179
1016,0.0669098,0.00851085,248.182
1017,0.0474831,0.31474,248.254
1018,0.041554,-0.998841,249.336
1019,-0.0143649,0.19026,249.378
1020,-0.0139289,-0.987156,250.325
1021,-0.113978,-0.764642,250.748
1022,0.0622615,-0.71058,251.346
1023,-0.029571,0.106005,251.364
1024,-0.0707161,0.120334,251.401
1025,-0.105144,0.786838,252.196
1026,0.013039,-0.938293,253.101
1027,-0.0309908,0.868372,253.91
1028,-0.0533406,0.874275,254.771
1029,0.0539703,-0.99294,255.867
1030,0.106965,0.431853,255.972
1031,0.0453405,-0.191623,256.028
1032,-0.0146075,0.168601,256.062
1033,-0.0109977,-0.999882,257.04
1034,-0.150244,-0.886357,257.582
1035,-0.117168,0.260663,257.724
1036,-0.133446,-0.0818384,257.727
1037,-0.0399814,0.999925,258.809
1038,0.0127585,0.0104282,258.809
1039,0.116782,0.167478,258.811
1040,0.0513172,-0.917162,259.749
1041,0.0248292,-0.94952,260.698
1042,0.0999127,0.974878,261.464
1043,0.00123134,-0.83202,262.158
1044,-0.136077,-0.784966,262.579
1045,-0.0647753,0.28684,262.703
1046,0.0762486,0.870467,263.334
1047,-0.0898534,-0.869964,263.942
1048,-0.0561974,0.877694,264.814
1049,0.0397666,-0.0776651,264.828
1050,0.093183,0.59292,265.078
1051,-0.146269,-0.551602,265.242
1052,-0.110316,0.453102,265.56
1053,0.0371328,-0.845161,266.338
1054,0.150532,0.31429,266.365
1055,0.0589306,-0.951591,267.386
1056,0.0145588,0.0462312,267.387
1057,-0.119796,0.99825,268.637
1058,-0.159933,0.215668,268.778
1059,-0.0706706,0.910265,269.74
1060,0.0766342,0.294235,269.788
1061,0.145566,0.860304,270.299
1062,0.00879105,-0.212414,270.348
1063,0.0490728,0.851125,270.991
1064,-0.0705855,0.630399,271.482
1065,0.0442907,0.764746,272.001
1066,-0.130187,0.720526,272.725
1067,-0.0659074,0.964054,273.786
1068,0.0251373,-0.707414,274.323
1069,0.091586,0.6458,274.63
1070,0.0684697,0.0404587,274.63
1071,-0.0512959,0.640941,275.11
1072,0.0500016,0.222438,275.139
1073,0.0476872,-0.958357,276.151
1074,0.0996412,0.508848,276.319
1075,-0.0549836,0.499934,276.627
1076,-0.0754566,0.863151,277.508
1077,-0.0451006,0.404346,277.71
1078,-0.0492116,0.798364,278.428
1079,-0.0646025,0.463909,278.708
1080,-0.0170234,0.969748,279.681
1081,-0.013069,0.898831,280.513
1082,-0.0799897,0.361233,280.708
1083,-0.0367754,0.281295,280.809
1084,-0.0217514,-0.986876,281.74
1085,-0.0695351,-0.131392,281.744
1086,-0.0793229,-0.748481,282.192
1087,0.0702487,0.749655,282.653
1088,-0.030072,-0.0872534,282.657
1089,0.135911,0.974443,283.36
1090,-0.0947803,0.117643,283.405
1091,-0.0533185,-0.497172,283.602
1092,-0.0528127,-0.373736,283.705
1093,0.0537844,-0.900716,284.616
1094,-0.0155542,0.993079,285.633
1095,0.0783167,0.617356,285.924
1096,-0.121173,-0.651979,286.206
1097,-0.0476302,0.931952,287.165
1098,-0.0846444,0.773072,287.901
1099,0.0434529,-0.948304,288.884
1100,-0.0709604,0.999842,290.031
1101,-0.0578641,0.444044,290.283
1102,0.0139356,-0.926581,291.168
1103,0.0467459,-0.127263,291.198
1104,0.0779697,-0.167516,291.258
1105,0.0382024,-0.30645,291.377
1106,-0.0901912,0.567499,291.809
1107,-0.0668369,0.309094,291.951
1108,-0.0274286,0.999996,293.006
1109,0.0629254,0.0256568,293.008
1110,-0.0424716,0.683486,293.535
1111,-0.0653119,0.880649,294.43
1112,-0.0068181,-0.952188,295.323
1113,-0.0643735,-0.856403,295.951
1114,0.137069,0.574491,296.142
1115,0.0909512,0.635476,296.438
1116,-0.0359895,0.897742,297.31
1117,-0.176297,-0.086016,297.318
1118,-0.16332,-0.276939,297.331
1119,-0.0319981,0.830679,298.076
1120,0.0183016,0.973889,298.989
1121,0.129484,-0.6737,299.634
1122,0.14276,0.451627,299.729
1123,0.0887311,-0.803863,300.526
1124,-0.0519666,0.896646,301.426
1125,-0.158507,-0.987409,302.113
1126,-0.15381,-0.935566,302.724
1127,-0.131116,-0.781078,303.147
1128,-0.13386,-0.97468,303.854
1129,-0.0982754,-0.977354,304.626
1130,-0.0358697,0.904286,305.51
1131,0.102938,-0.953747,306.627
1132,0.125809,0.225412,306.637
1133,0.0709797,0.808928,307.181
1134,-0.112323,0.959234,308.329
1135,-0.0420695,-0.851482,308.985
1136,-0.0172987,-0.820798,309.63
1137,0.0463322,-0.402702,309.832
1138,0.0905704,0.438184,309.953
1139,0.12116,0.917434,310.587
1140,-0.0187472,-0.709862,311.064
1141,-0.110201,0.173267,311.145
1142,-0.104914,0.706374,311.803
1143,0.0350879,-0.994138,312.862
1144,-0.102776,-0.324419,312.911
1145,-0.0563485,0.85341,313.739
1146,-0.139981,0.241493,313.885
1147,0.0214158,-0.163211,313.919
1148,-0.0193489,0.734979,314.488
1149,0.156983,0.872354,314.999
1150,0.109563,0.659436,315.302
1151,0.072872,0.276377,315.343
1152,-0.115507,0.843682,316.263
1153,-0.0299704,-0.499352,316.484
1154,-0.0643249,0.867881,317.353
1155,-0.0515004,0.712933,317.937
1156,-0.0310158,0.303518,318.049
1157,0.0233562,-0.999948,319.096
1158,-0.0890106,0.620011,319.599
1159,-0.0900172,0.131544,319.648
1160,0.0571566,-0.983945,320.732
1161,0.10665,0.681598,321.062
1162,0.0178623,0.42983,321.232
1163,-0.0268076,-0.559011,321.515
1164,-0.049212,-0.958689,322.342
1165,-0.089161,-0.430971,322.459
1166,0.0104808,-0.854618,323.208
1167,-0.0135789,0.324004,323.322
1168,0.0595758,-0.015032,323.327
1169,0.0415357,0.459594,323.502
1170,-0.0354911,0.995902,324.566
1171,-0.127108,-0.564986,324.757
1172,-0.0610972,0.516203,325.091
1173,0.00476085,0.994983,326.071
1174,0.0882411,0.444662,326.198
1175,-0.0948291,-0.877573,326.811
1176,-0.0217713,0.985828,327.826
1177,0.0603073,-0.146532,327.869
1178,-0.00939389,0.842395,328.595
1179,-0.0174134,0.637786,329.024
1180,-0.125855,-0.419153,329.11
1181,-0.0872671,0.443348,329.391
1182,-0.0899967,0.470037,329.705
1183,-0.0522607,0.95751,330.725
1184,-0.0904082,0.825594,331.564
1185,-0.0271718,0.601193,331.959
1186,0.103507,0.937987,332.655
1187,0.151623,0.56652,332.827
1188,0.0773051,-0.843507,333.675
1189,0.0663318,0.670046,334.039
1190,-0.126031,0.488436,334.417
1191,0.0360181,-0.833335,335.173
1192,-0.187987,-0.33948,335.196
1193,-0.0654425,0.354536,335.372
1194,-0.147662,-0.775601,335.766
1195,0.149143,0.994914,336.482
1196,-0.0316861,0.143999,336.513
1197,0.140007,0.131454,336.513
1198,-0.0106457,-0.280983,336.586
1199,0.0853833,-0.268536,336.711
1200,-0.134685,0.711452,337.427
1201,-0.143265,-0.997985,338.157
1202,-0.163379,-0.990943,338.842
1203,0.0462227,0.754488,339.344
1204,0.0476296,-0.990283,340.421
1205,0.0494984,-0.782281,341.113
1206,-0.153626,-0.870394,341.627
1207,-0.0349745,-0.479449,341.824
1208,-0.105729,-0.628771,342.098
1209,0.160822,0.995821,342.795
1210,-0.00746284,0.260645,342.867
1211,0.0947327,-0.995458,344.056
1212,-2.34882e-06,-0.852425,344.782
1213,0.00395249,-0.798752,345.427
1214,-0.112862,0.0783428,345.463
1215,-0.0988852,0.995808,346.661
1216,-0.0966214,-0.0815475,346.662
1217,-0.0614567,-0.774688,347.17
1218,0.0749437,-0.988326,348.301
1219,0.0809029,-0.998521,349.466
1220,0.0402029,-0.944267,350.435
1221,-0.143296,-0.957777,351.099
1222,-0.103956,-0.256249,351.122
1223,0.0338447,-0.655141,351.597
1224,-0.00260385,0.227256,351.649
1225,-0.076218,0.571691,352.069
1226,-0.127693,-0.598603,352.291
1227,-0.0388375,-0.190315,352.314
1228,-0.00929753,0.43156,352.508
1229,0.0892468,0.0504964,352.51
1230,0.066973,-0.132368,352.549
1231,-0.0588019,0.983099,353.635
1232,0.0198599,-0.378628,353.794
1233,-0.118776,-0.35779,353.851
1234,0.106964,-0.597796,354.348
1235,-0.00108788,-0.925351,355.202
1236,0.0600161,-0.425993,355.438
1237,-0.144529,-0.0835691,355.442
1238,-0.115708,0.995148,356.676
1239,-0.0831866,-0.105454,356.676
1240,0.0881586,-0.621927,357.181
1241,0.109869,0.956723,357.898
1242,0.0168065,0.557634,358.19
1243,0.00414204,-0.121496,358.206
1244,-0.0832904,0.192726,358.282
1245,0.0425969,-0.807371,359.005
1246,0.0485627,0.559781,359.266
1247,-0.0698144,0.331425,359.427
1248,-0.0981108,0.269401,359.562
1249,-0.190666,-0.998617,360.215
1250,-0.0250078,0.955286,361.176
1251,0.0950121,0.473751,361.319
1252,0.132843,-0.735889,362.074
1253,0.0812055,0.393367,362.171
1254,-0.0278767,-0.999357,363.115
1255,-0.070566,0.762105,363.808
1256,-0.0652286,-0.388578,363.913
1257,-0.0828247,-0.0601741,363.914
1258,0.0741274,-0.999972,365.067
1259,0.0860067,0.901104,365.732
1260,0.0359934,0.0472002,365.732
1261,-0.0674832,0.565247,366.132
1262,-0.125447,0.6175,366.684
1263,-0.0499761,0.527826,367.018
1264,0.0950352,0.878732,367.632
1265,-0.0992073,0.0477088,367.654
1266,-0.0885745,-0.0135037,367.659
1267,-0.000874252,-0.672004,368.11
1268,-0.00709832,-0.611376,368.475
1269,-0.0408813,0.769967,369.132
1270,0.0672823,-0.140361,369.175
1271,0.0778979,0.973019,369.977
1272,0.0467858,-0.273906,370.08
1273,0.0504869,0.595402,370.377
1274,-0.0264139,-0.683936,370.809
1275,-0.0863213,-0.968093,371.586
1276,0.0924342,0.999362,372.409
1277,-0.0525774,0.375853,372.592
1278,-0.093962,-0.875512,373.203
1279,-0.153848,-0.50137,373.324
1280,-0.021506,0.961296,374.29
1281,0.021993,0.965204,375.18
1282,0.128015,0.433362,375.273
1283,-0.0917527,0.995803,376.456
1284,-0.115047,-0.993578,377.227
1285,-0.167486,-0.211672,377.229
1286,0.0665125,-0.805853,377.99
1287,-0.0333799,0.992662,379.043
1288,0.0776532,0.772257,379.526
1289,-0.164622,-0.749366,379.868
1290,0.115715,0.967304,380.593
1291,0.0390899,-0.180393,380.641
1292,0.121461,0.894952,381.239
1293,-0.0111606,-0.999891,382.217
1294,0.0665782,0.995775,383.08
1295,-0.0566492,-0.520585,383.295
1296,-0.0705256,0.957541,384.352
1297,0.0371884,-0.397761,384.542
1298,0.0235557,-0.897697,385.39
1299,-0.0109975,0.498832,385.65
1300,0.00162127,-0.668755,386.1
1301,0.0222191,0.0645954,386.101
1302,-0.0596791,0.158721,386.149
1303,-0.0386979,-0.373389,386.261
1304,-0.0187493,-0.999971,387.224
1305,-0.0785691,0.204899,387.304
1306,0.0298872,-0.744903,387.905
1307,-0.0731242,0.896915,388.846
1308,0.122587,-0.253998,388.987
1309,0.0532655,0.245366,389.024
1310,0.0736179,-0.777538,389.749
1311,-0.144587,0.663306,390.401
1312,-0.0142284,-0.461057,390.601
1313,-0.0726153,0.999564,391.751
1314,0.0504876,-0.968611,392.789
1315,-0.0904006,0.205381,392.877
1316,0.134741,0.99983,393.625
1317,-0.0920061,0.605548,394.112
1318,-0.00770802,0.962966,395.054
1319,-0.0264513,0.526363,395.359
1320,0.128729,0.704095,395.69
1321,-0.0976244,-0.760306,396.13
1322,-0.134945,-0.25929,396.145
1323,-0.102853,0.419463,396.418
1324,-0.0587706,0.74038,397.057
1325,-0.0321458,0.455431,397.294
1326,0.00518406,0.963891,398.213
1327,0.101957,0.986834,398.996
1328,-0.0164193,0.423131,399.19
1329,-0.0509478,-0.162412,399.202
1330,-0.114805,0.99454,400.433
1331,-0.0626992,-0.629746,400.754
1332,0.0405658,0.892719,401.48
1333,-0.0808841,-0.990598,402.308
1334,0.106576,0.264411,402.333
1335,0.0240813,0.762126,402.878
1336,-0.0602211,-0.633853,403.207
1337,0.0585321,0.728831,403.656
1338,-0.0323246,-0.585966,403.962
1339,0.0315654,0.934712,404.778
1340,0.00541015,-0.365502,404.916
1341,0.0380801,-0.971365,405.935
1342,-0.112743,-0.638673,406.211
1343,-0.0606329,0.161284,406.261
1344,-0.0909008,0.543538,406.663
1345,0.0809123,-0.365027,406.862
1346,-0.149814,-0.766359,407.242
1347,-0.0185726,0.992904,408.265
1348,0.046101,0.587554,408.558
1349,0.0846449,0.59222,408.816
1350,-0.093005,-0.198468,408.827
1351,0.0256167,-0.611057,409.232
1352,0.0764368,0.0318464,409.234
1353,0.144882,0.462099,409.335
1354,0.0380829,-0.437182,409.561
1355,-0.0873985,0.999399,410.742
1356,-0.116906,0.740975,411.478
1357,-0.0933639,0.958555,412.585
1358,-0.0598737,0.820692,413.36
1359,-0.0683796,0.290312,413.489
1360,-0.00225843,0.708549,413.994
1361,0.0902253,-0.886631,414.948
1362,0.0939015,0.140799,414.95
1363,-0.0562965,0.959868,415.983
1364,-0.109421,0.857984,416.919
1365,-0.0191731,-0.406237,417.069
1366,-0.0080393,0.487395,417.314
1367,-0.00618369,0.90566,418.145
1368,-0.0408908,0.875143,418.985
1369,0.0826605,0.375288,419.07
1370,-0.00713141,0.550934,419.382
1371,-0.127007,0.437463,419.7
1372,-0.135031,-0.666368,419.983
1373,-0.0253913,0.683896,420.486
1374,0.0872871,-0.350465,420.677
1375,-0.0259225,-0.193857,420.706
1376,0.122958,0.940236,421.373
1377,-0.0347317,0.253181,421.456
1378,-0.00200325,0.473159,421.682
1379,-0.0877054,0.760398,422.401
1380,-0.0915304,-0.0698763,422.402
1381,-0.0788632,-0.407065,422.51
1382,0.047341,-0.803435,423.233
1383,0.0662508,-0.992526,424.354
1384,-0.0670363,0.808033,425.12
1385,-0.126643,-0.384104,425.186
1386,-0.0428437,0.798457,425.894
1387,0.00121664,0.0805179,425.901
1388,0.015993,0.929414,426.735
1389,0.0296153,-0.997935,427.791
1390,0.0287826,-0.824336,428.519
1391,-0.0714347,0.737398,429.173
1392,0.0124914,-0.736804,429.734
1393,-0.042735,0.980746,430.782
1394,0.024851,-0.206859,430.835
1395,-0.0869489,0.257441,430.954
1396,0.0145714,-0.944528,431.874
1397,-0.105994,0.313841,432.05
1398,-0.111499,-0.977194,432.8
1399,-0.0657704,0.994339,433.923
1400,0.0913014,-0.564074,434.353
1401,0.0774881,-0.838342,435.192
1402,-0.0490595,0.903616,436.099
1403,-0.0702174,0.999774,437.244
1404,0.110691,0.559015,437.445
1405,0.0291159,-0.855945,438.228
1406,-0.085481,-0.0138943,438.234
1407,-0.171082,-0.807468,438.639
1408,0.0297946,-0.171576,438.679
1409,-0.060415,0.379517,438.873
1410,0.0467922,-0.962052,439.89
1411,-0.0510204,0.999928,440.995
1412,0.104191,-0.497598,441.357
1413,0.0685504,0.219231,441.38
1414,0.0204825,-0.909312,442.244
1415,-0.160432,0.36802,442.524
1416,-0.147707,-0.358724,442.568
1417,-0.000755898,-0.766727,443.155
1418,0.0642741,-0.853131,443.996
1419,-0.0348021,0.790135,444.677
1420,0.06317,-0.0677766,444.694
1421,0.0548169,0.89916,445.407
1422,-0.032847,-0.27959,445.468
1423,-0.135492,0.660067,446.101
1424,-0.00980958,-0.932942,446.953
1425,0.0806897,-0.226348,447.047
1426,0.146702,0.47526,447.155
1427,0.0378627,0.207931,447.184
1428,0.00784532,-0.998611,448.197
1429,-0.0986007,0.992269,449.387
1430,-0.0623031,0.0513406,449.4
1431,-0.0989643,-0.455835,449.527
1432,0.0844917,0.74703,449.966
1433,-0.0322738,0.83315,450.715
1434,-0.0872789,0.081297,450.744
1435,0.018688,-0.98993,451.761
1436,0.0478882,-0.915178,452.688
1437,0.0505814,-0.932246,453.654
1438,-0.147194,-0.666869,453.924
1439,0.0479702,0.173031,453.94
1440,-0.0875638,0.941416,454.999
1441,0.0254322,-0.0939007,455.013
1442,-0.0332789,-0.451142,455.188
1443,0.112776,0.855612,455.74
1444,-0.0116279,0.645078,456.171
1445,0.045062,-0.488949,456.456
1446,-0.0115239,-0.450523,456.649
1447,0.00382234,-0.826473,457.338
1448,-0.0497694,0.901697,458.243
1449,-0.0750513,0.438595,458.507
1450,0.00298209,-0.833527,459.207
1451,-0.0437463,0.830315,459.971
1452,-0.0266532,-0.415553,460.122
1453,-0.137316,-0.433104,460.21
1454,-0.0337633,0.942685,461.163
1455,0.00892307,-0.981212,462.144
1456,0.0387153,0.416474,462.286
1457,0.0911858,0.617146,462.563
1458,0.013811,-0.405599,462.739
1459,-0.0963693,-0.138894,462.741
1460,0.0241363,-0.557283,463.079
1461,-0.00455314,-0.878114,463.842
1462,0.0440942,-0.671216,464.353
1463,-0.0333897,-0.989575,465.268
1464,-0.0205198,-0.415356,465.424
1465,-0.0867521,0.769378,466.157
1466,0.018422,-0.844659,466.901
1467,0.0218715,-0.867913,467.693
1468,0.119161,0.773863,468.122
1469,-0.078583,0.878626,469.038
1470,-0.0832049,0.937165,470.079
1471,-0.0636968,0.897809,471.004
1472,0.0245452,-0.393366,471.178
1473,-0.0488826,0.998169,472.275
1474,0.00367983,-0.752917,472.847
1475,0.0708662,0.819248,473.407
1476,-0.0344009,0.965498,474.407
1477,0.121196,0.976782,475.139
1478,0.0135225,0.201531,475.174
1479,0.00260816,-0.794697,475.81
1480,-0.160319,0.0268493,475.845
1481,0.012752,0.184891,475.875
1482,-0.0277464,0.873697,476.687
1483,0.0394488,-0.891691,477.554
1484,0.00467824,-0.956933,478.479
1485,0.0707536,0.158309,478.487
1486,0.0401455,0.60126,478.802
1487,-0.133888,-0.0452962,478.809
1488,0.0346664,-0.346203,478.954
1489,0.0107946,-0.780331,479.58
1490,0.0799077,-0.886987,480.515
1491,-0.0173137,-0.0684645,480.518
1492,0.0523831,0.813058,481.096
1493,-0.0456824,0.383874,481.281
1494,-0.0460223,0.161918,481.324
1495,-0.100973,0.925779,482.378
1496,-0.0172266,0.996559,483.406
1497,0.0653654,0.550603,483.642
1498,0.0236521,-0.997424,484.684
1499,-0.0450438,0.279298,484.789
1500,-0.0649508,-0.969532,485.608
1501,-0.0758893,0.724355,486.248
1502,0.105527,0.789265,486.716
1503,0.13022,0.880053,487.278
1504,0.112672,-0.383655,487.524
1505,0.0395815,0.251647,487.569
1506,-0.0457797,0.265524,487.666
1507,-0.0722987,0.808855,488.443
1508,-0.185933,-0.958589,489.04
1509,-0.0853937,-0.272805,489.075
1510,0.00429815,-0.762088,489.662
1511,-0.0287946,0.997359,490.715
1512,-0.0800773,-0.198733,490.729
1513,0.0588518,0.50766,490.93
1514,0.0375806,-0.91388,491.836
1515,-0.00197426,0.467795,492.056
1516,-0.0230142,-0.469377,492.256
1517,0.0873358,0.833401,492.812
1518,0.0143221,-0.172868,492.847
1519,-0.120802,-0.134023,492.848
1520,-0.113667,0.999174,494.086
1521,0.0566743,-0.269478,494.192
1522,0.0872109,-0.268381,494.319
1523,0.0898113,0.944922,495.05
1524,-0.119983,0.974499,496.248
1525,-0.0113023,-0.919133,497.072
1526,0.0152091,-0.978427,498.059
1527,0.0843985,0.205714,498.074
1528,0.0155176,-0.317167,498.185
1529,0.054641,0.144707,498.193
1530,0.0619869,0.828853,498.781
1531,-0.138297,0.0950245,498.835
1532,-0.0781877,0.920281,499.832
1533,-0.116342,0.71462,500.523
1534,0.109971,-0.192647,500.614
1535,0.00181787,0.493038,500.856
1536,0.0890868,-0.029747,500.87
1537,-0.0558861,0.954775,501.891
1538,0.0632154,-0.958673,502.935
1539,-0.0214698,0.522927,503.232
1540,-0.041726,0.901286,504.121
1541,-0.0839084,0.987604,505.269
1542,-0.0933925,-0.136417,505.271
1543,-0.14569,-0.60686,505.484
1544,-0.118101,-0.998359,506.259
1545,-0.00996731,0.0344797,506.261
1546,0.0571057,-0.96468,507.305
1547,-0.0270027,0.515685,507.599
1548,0.107249,0.999761,508.396
1549,0.0585734,-0.50295,508.711
1550,0.0507577,-0.112557,508.738
1551,-0.0493072,0.10845,508.763
1552,-0.0688701,0.828573,509.568
1553,-0.00118351,-0.996159,510.558
1554,0.0134435,-0.041033,510.561
1555,0.0735702,0.783835,511.065
1556,-0.150055,-0.766453,511.445
1557,-0.0417867,0.94855,512.426
1558,0.0362542,0.554571,512.695
1559,0.00316716,0.170265,512.723
1560,-0.032898,0.998895,513.787
1561,-0.00484375,-0.676791,514.239
1562,0.0572708,-0.942409,515.238
1563,0.00299518,-0.78398,515.858
1564,0.012969,-0.989888,516.863
1565,-0.0968841,0.600037,517.349
1566,0.0957386,0.458631,517.481
1567,-0.032245,-0.345361,517.579
1568,0.0230742,-0.837032,518.318
1569,-0.18308,-0.997641,518.982
1570,0.0485134,-0.846469,519.783
1571,-0.00964343,0.271549,519.862
1572,0.0607406,-0.916415,520.817
1573,-0.0824337,0.952891,521.889
1574,0.0223476,-0.928623,522.793
1575,-0.0184194,-0.00691791,522.793
1576,-0.0460205,0.881876,523.654
1577,0.0730254,-0.910667,524.622
1578,0.0670602,-0.836254,525.438
1579,0.0094729,-0.732751,525.989
1580,-0.123895,-0.998648,526.754
1581,-0.0583565,-0.272961,526.8
1582,-0.116508,-0.785308,527.247
1583,-0.034714,-0.0700866,527.249
1584,0.00219969,-0.873792,528.016
1585,-0.0477532,-0.909644,528.759
1586,-0.00502268,-0.6707,529.202
1587,0.0186146,-0.908498,530.061
1588,-0.0628867,0.432915,530.307
1589,0.0717702,-0.0768617,530.329
1590,-0.0933988,-0.0742623,530.33
1591,0.0936663,0.814104,530.849
1592,-0.10707,0.790644,531.655
1593,0.0234009,-0.831906,532.386
1594,-0.12732,-0.171107,532.388
1595,0.0105988,0.397985,532.538
1596,0.138345,0.996296,533.274
1597,0.0860512,-0.179345,533.345
1598,0.0104276,-0.99765,534.361
1599,-0.177098,-0.564719,534.511
1600,-0.0651069,-0.34735,534.591
1601,-0.0553327,0.435889,534.832
1602,0.0584525,-0.672669,535.367
1603,0.0306526,-0.313427,535.485
1604,0.0550656,-0.626647,535.95
1605,0.0714694,0.69115,536.334
1606,-0.0861929,-0.941589,537.065
1607,0.0147152,-0.776629,537.692
1608,-0.0841296,0.787692,538.452
1609,-0.111611,-0.956642,539.166
1610,-0.0696286,0.545444,539.544
1611,-0.0561569,0.290321,539.664
1612,0.113311,-0.323077,539.855
1613,-0.114867,-0.895037,540.463
1614,-0.014902,0.288634,540.555
1615,-0.144208,-0.665961,540.828
1616,0.0522543,-0.942229,541.817
1617,-0.0615599,0.990035,542.923
1618,0.0149529,-0.519189,543.208
1619,0.00698953,-0.699102,543.706
1620,0.0524239,-0.807511,544.446
1621,0.088394,-0.286024,544.586
1622,0.00771278,-0.391383,544.745
1623,0.0116081,-0.983174,545.735
1624,-0.0328289,0.99971,546.801
1625,-0.0150305,-0.76123,547.358
1626,-0.164117,-0.977145,548.019
1627,-0.142735,-0.891709,548.58
1628,-0.0277608,-0.974427,549.476
1629,-0.056754,-0.622277,549.796
1630,0.127181,0.996256,550.551
1631,0.0628771,-0.0940218,550.576
1632,0.107955,-0.667211,551.177
1633,0.0515219,0.409416,551.305
1634,0.0258201,-0.908304,552.177
1635,0.0296659,-0.84977,552.951
1636,-0.0794178,0.51673,553.306
1637,-0.113905,-0.781216,553.751
1638,-0.089192,0.512302,554.113
1639,-0.0194392,0.83798,554.848
1640,-0.00808317,0.970822,555.807
1641,0.0454917,-0.982636,556.864
1642,-0.152992,-0.854468,557.356
1643,-0.111863,-0.909139,557.991
1644,-0.124472,-0.329693,558.034
1645,0.15897,0.931877,558.631
1646,-0.0179748,0.691922,559.135
1647,0.0434036,-0.982442,560.187
1648,-0.114645,0.557069,560.638
1649,0.0806106,0.925875,561.353
1650,-0.0359869,0.211948,561.414
1651,0.0331658,-0.632024,561.857
1652,-0.0580955,-0.223409,561.884
1653,0.0169704,0.192307,561.915
1654,0.072828,0.984655,562.746
1655,0.0873848,-0.549183,563.152
1656,0.0468987,-0.575086,563.538
1657,-0.0981086,0.312846,563.707
1658,-0.0997741,-0.848132,564.267
1659,0.0800471,0.842004,564.848
1660,-0.0156578,0.860241,565.615
1661,-0.0698347,-0.780033,566.12
1662,0.0290331,-0.0539924,566.126
1663,-0.0797401,0.72719,566.778
1664,-0.127703,-0.927576,567.417
1665,-0.112828,0.424569,567.706
1666,0.0721314,-0.839083,568.536
1667,-0.0174663,0.616849,568.939
1668,0.0105189,0.620383,569.311
1669,0.0680745,0.898171,570
1670,0.049462,-0.929936,570.959
1671,-0.087417,-0.00911381,570.965
1672,0.0565617,0.691886,571.369
1673,0.0263111,-0.98324,572.388
1674,-0.0473824,0.483518,572.67
1675,-0.115712,-0.270546,572.694
1676,0.0262135,-0.999989,573.747
1677,0.00831162,-0.98034,574.724
1678,-0.0766594,-0.822945,575.281
1679,0.0456847,0.936932,576.076
1680,-0.0603223,0.748477,576.73
1681,-0.0640925,-0.669094,577.096
1682,0.0150937,-0.251186,577.167
1683,0.0854894,-0.00631166,577.175
1684,0.0491076,-0.590388,577.584
1685,-0.104849,0.994663,578.793
1686,-0.0775449,0.483074,579.107
1687,0.119261,0.991516,579.868
1688,0.128876,0.618052,580.107
1689,0.00817952,-0.597246,580.474
1690,-0.0996423,0.996704,581.676
1691,-0.129696,0.221047,581.799
1692,-0.0236454,0.770233,582.429
1693,-0.0318085,0.930203,583.355
1694,0.0339151,-0.611443,583.771
1695,-0.0872083,-0.0931984,583.771
1696,0.0190924,0.0448422,583.772
1697,0.00822965,0.347617,583.887
1698,0.050315,-0.988546,584.966
1699,-0.0932898,0.516886,585.339
1700,-0.100621,0.966607,586.478
1701,-0.11496,0.791885,587.3
1702,-0.0529873,0.106145,587.325
1703,0.0338765,-0.985684,588.365
1704,0.0723965,-0.808054,589.14
1705,0.0663008,0.0800467,589.14
1706,-0.0448194,-0.998893,590.05
1707,-0.12462,0.472271,590.407
1708,0.0474087,0.748066,590.898
1709,0.0588302,0.629845,591.224
1710,0.0579372,-0.693718,591.789
1711,0.0757319,0.752555,592.247
1712,0.0593217,0.821126,592.827
1713,0.059551,-0.880931,593.712
1714,-0.000491741,-0.53784,594
1715,0.0480665,0.176687,594.017
1716,-0.197011,-0.921118,594.541
1717,-0.0587427,0.8527,595.372
1718,-0.0727954,0.738851,596.031
1719,0.1365,0.99184,596.762
1720,-0.0596659,-0.859703,597.402
1721,0.108255,0.826673,597.918
1722,-0.0488686,-0.110811,597.922
1723,-0.0728522,-0.636884,598.24
1724,-0.0844405,-0.25151,598.268
1725,-0.0773306,-0.0439996,598.269
1726,-0.0409835,0.737658,598.876
1727,-0.00628768,0.278996,598.957
1728,0.00219216,0.581758,599.293
1729,0.103235,0.633224,599.574
1730,-0.0406497,0.905717,600.47
1731,0.0899224,0.823424,601.008
1732,-0.0593608,0.876242,601.883
1733,-0.030458,0.487336,602.151
1734,-0.114705,0.896704,603.174
1735,-0.0400044,0.548979,603.521
1736,0.00761374,-0.873963,604.298
1737,-0.0714373,0.281638,604.423
1738,0.0194145,-0.693468,604.931
1739,0.121618,0.324545,604.972
1740,0.122708,0.849232,605.5
1741,-0.0909722,0.791731,606.279
1742,-0.0550346,0.999928,607.392
1743,-0.00184844,-0.240892,607.449
1744,-0.136111,-0.983792,608.168
1745,-0.098184,-0.802693,608.664
1746,-0.00430777,-0.12531,608.679
1747,-0.0197877,0.685105,609.176
1748,-0.00676934,0.384653,609.329
1749,0.0983707,0.982655,610.111
1750,-0.00351888,0.370732,610.251
1751,0.0710287,0.264208,610.288
1752,-0.0850254,0.164355,610.35
1753,0.00940386,-0.398026,610.516
1754,-0.134473,-0.290661,610.541
1755,0.0215082,-0.994914,611.574
1756,0.0785383,-0.761764,612.28
1757,0.149271,0.982494,612.974
1758,0.0977434,0.854444,613.547
1759,-0.115607,0.668272,614.161
1760,-0.0539883,0.275401,614.27
1761,-0.125818,0.0459523,614.299
1762,0.0463737,-0.818745,615.048
1763,-0.115573,-0.48427,615.184
1764,0.0069635,-0.335387,615.301
1765,-0.0643161,0.857974,616.151
1766,-0.0114168,-0.252326,616.21
1767,-0.0358996,0.75013,616.827
1768,0.0654904,-0.836103,617.64
1769,0.0453083,-0.382807,617.824
1770,-0.0518806,-0.227002,617.854
1771,0.0476754,0.16137,617.867
1772,-0.108197,0.582786,618.345
1773,0.0255497,0.951405,619.202
1774,-0.00821539,-0.871657,619.947
1775,-0.0792535,0.475152,620.255
1776,-0.084917,-0.634558,620.557
1777,0.0174162,0.139049,620.572
1778,-0.0628313,-0.405264,620.689
1779,0.0108162,0.947583,621.566
1780,0.0668468,0.982623,622.405
1781,0.0121112,0.930081,623.248
1782,-0.0288544,-0.614441,623.591
1783,-0.0969404,0.936967,624.66
1784,-0.088143,0.780915,625.415
1785,0.0505843,-0.893678,626.306
1786,-0.0324126,0.95893,627.289
1787,0.109172,-0.25831,627.424
1788,-0.0134389,-0.880913,628.177
1789,0.0837627,0.8826,628.815
1790,-0.195655,-0.840002,629.23
1791,-0.0690137,0.469883,629.52
1792,-0.0874583,0.773157,630.261
1793,0.149949,0.985105,630.959
1794,0.00141081,-0.813094,631.622
1795,0.124129,0.233643,631.634
1796,0.0690856,0.471518,631.796
1797,0.0713601,0.911007,632.501
1798,-0.0692734,0.956723,633.554
1799,-0.0374578,-0.944233,634.376
1800,-0.158921,-0.8503,634.854
1801,-0.0717323,-0.761303,635.329
1802,0.0883143,0.999969,636.161
1803,-0.025503,0.990879,637.194
1804,-0.0311259,0.919171,638.097
1805,-0.0713165,0.536818,638.466
1806,-0.0306071,0.634412,638.909
1807,0.0141757,-0.785279,639.548
1808,0.0501035,-0.827675,640.318
1809,-0.040821,-0.683167,640.731
1810,-0.0569326,0.695344,641.297
1811,0.0952365,0.825971,641.831
1812,0.112057,0.97173,642.57
1813,-0.0329948,-0.103077,642.575
1814,0.0596069,0.858639,643.213
1815,-0.0748208,-0.289561,643.259
1816,-0.110084,-0.719841,643.631
1817,-0.168665,-0.364884,643.67
1818,-0.0462317,0.574642,644.055
1819,0.0777563,-0.188629,644.126
1820,0.149499,0.999954,644.849
1821,-0.00306994,-0.0973911,644.858
1822,-0.0769224,0.972373,645.959
1823,-0.139044,-0.324722,645.994
1824,-0.0209818,0.893055,646.829
1825,0.0904241,-0.998054,648.014
1826,0.0814041,-0.998387,649.18
1827,-0.131954,-0.563388,649.366
1828,-0.146757,-0.794087,649.785
1829,-0.132142,0.799101,650.652
1830,-0.0598758,0.711564,651.247
1831,-0.0972422,-0.970919,652.011
1832,0.133921,0.886862,652.578
1833,0.0813825,-0.730797,653.237
1834,0.13455,0.563171,653.421
1835,-0.0491475,-0.419583,653.558
1836,-0.0150513,-0.995936,654.52
1837,-0.0814469,0.627061,655.022
1838,-0.00630428,-0.574488,655.345
1839,-0.0728775,0.777037,656.068
1840,0.0531309,-0.359669,656.238
1841,0.116934,0.968612,656.963
1842,0.0401636,-0.618008,657.397
1843,-0.182438,-0.874161,657.875
1844,-0.166608,-0.00727745,657.9
1845,-0.105231,0.994208,659.109
1846,0.0556985,-0.89597,660.015
1847,0.0774744,-0.0637732,660.035
1848,0.0771016,0.740535,660.475
1849,-0.0348163,-0.508509,660.699
1850,0.0934485,0.986032,661.496
1851,0.0325926,0.476203,661.693
1852,0.0518171,-0.445806,661.94
1853,0.00403026,-0.852926,662.675
1854,0.044815,0.9735,663.537
1855,-0.0997658,0.275719,663.678
1856,0.00311918,-0.935475,664.559
1857,0.0531864,0.0311313,664.56
1858,0.0225078,0.0795216,664.563
1859,-0.0613207,0.371098,664.75
1860,-0.077358,0.949794,665.805
1861,-0.0103454,-0.714638,666.301
1862,-0.0828429,0.745916,666.988
1863,-0.0590705,0.508159,667.31
1864,0.0929551,0.758959,667.753
1865,0.0731258,-0.651199,668.278
1866,-0.0268794,0.967174,669.266
1867,-0.0413336,0.584863,669.658
1868,0.0647322,-0.873825,670.539
1869,0.0353207,-0.892362,671.4
1870,-0.0575216,0.928873,672.373
1871,-0.118631,0.843338,673.298
1872,-0.108631,0.574614,673.765
1873,-0.143005,-0.998053,674.496
1874,0.00432599,0.322576,674.597
1875,0.0229634,-0.438553,674.81
1876,0.0778862,-0.722691,675.451
1877,-0.0108446,-0.229874,675.499
1878,0.0335022,0.309447,675.575
1879,-0.0665236,0.106521,675.605
1880,0.00640843,-0.277544,675.686
1881,0.00167449,-0.47911,675.917
1882,0.077812,-0.708581,676.535
1883,0.0529879,0.477396,676.715
1884,0.000396776,0.180664,676.748
1885,-0.12619,-0.725741,677.107
1886,0.0267509,0.442904,677.281
1887,0.0337557,-0.982412,678.313
1888,0.119152,-0.375545,678.558
1889,0.0436228,0.551545,678.816
1890,-0.0594683,0.563369,679.204
1891,-0.0121964,-0.98133,680.143
1892,-0.0505212,0.857303,680.967
1893,-0.0784089,-0.0584366,680.968
1894,-0.042405,0.728197,681.561
1895,-0.076119,0.159608,681.617
1896,0.0329869,-0.0968236,681.634
1897,-0.0836325,-0.117344,681.635
1898,0.0551686,-0.0876844,681.655
1899,-0.0444503,0.598142,682.068
1900,0.0358047,0.0876153,682.071
1901,-0.129479,-0.805826,682.528
1902,0.0029735,0.554105,682.832
1903,-0.0970459,-0.813013,683.345
1904,0.116584,-0.220659,683.459
1905,-0.110096,-0.59227,683.691
1906,-0.00932173,0.96144,684.633
1907,-0.154384,-0.82603,685.084
1908,0.0432948,-0.602447,685.501
1909,-0.0830048,0.741258,686.181
1910,-0.0113955,0.855471,686.932
1911,-0.119515,-0.999722,687.707
1912,0.103885,-0.363055,687.925
1913,0.0558675,-0.939724,688.916
1914,0.0779795,-0.954956,689.983
1915,-0.189097,-0.356611,690.011
1916,-0.102509,0.381023,690.245
1917,0.00799253,-0.797449,690.894
1918,0.0530995,-0.552885,691.261
1919,-0.0812329,-0.995347,692.097
1920,0.12785,0.999986,692.857
1921,0.0347553,0.618937,693.199
1922,-0.0647938,-0.162206,693.208
1923,-0.052866,-0.97938,694.067
1924,-0.0659768,-0.70933,694.48
1925,-0.0992702,-0.967455,695.234
1926,0.0486769,0.409045,695.364
1927,0.0708313,0.941972,696.123
1928,0.00953592,-0.494163,696.377
1929,0.00410478,-0.932351,697.254
1930,0.041019,-0.268371,697.349
1931,0.0993464,0.865683,697.937
1932,0.0763304,0.593252,698.204
1933,0.0116243,-0.284596,698.292
1934,-0.127159,0.543281,698.741
1935,-0.0659485,0.990139,699.856
1936,0.0772579,0.568631,700.098
1937,0.0231648,-0.393421,700.271
1938,-0.0889552,0.74331,700.964
1939,-0.0940956,0.684827,701.571
1940,-0.0652373,0.449858,701.836
1941,-0.0536657,0.924991,702.794
1942,-0.0277329,0.674482,703.287
1943,0.113187,0.711752,703.645
1944,0.0838193,0.632665,703.946
1945,0.101984,0.221417,703.961
1946,-0.0329181,-0.540686,704.219
1947,-0.00846126,-0.783752,704.82
1948,-0.114179,0.987046,706.032
1949,0.081545,0.99903,706.874
1950,-0.0561797,0.913635,707.815
1951,0.0588595,0.743766,708.284
1952,-0.093561,0.133676,708.335
1953,0.119818,0.816877,708.821
1954,0.0217017,-0.950763,709.767
1955,-0.020002,0.428611,709.968
1956,0.0719688,0.606349,710.254
1957,-0.106185,0.960592,711.392
1958,-0.0570611,-0.380784,711.497
1959,-0.141695,-0.152049,711.497
1960,-0.0144374,0.997086,712.52
1961,-0.070773,-0.977472,713.342
1962,0.0955697,0.913694,714.011
1963,-0.131849,-0.952997,714.686
1964,-0.106376,-0.308089,714.726
1965,-0.0875623,0.975573,715.857
1966,0.109821,-0.999461,717.087
1967,0.122624,0.387355,717.157
1968,0.0379889,0.0515222,717.157
1969,0.0385079,-0.838961,717.927
1970,-0.0540741,-0.0814943,717.928
1971,-0.135798,-0.896074,718.506
1972,-0.110973,0.999889,719.74
1973,-0.09627,0.587728,720.208
1974,-0.0487417,0.599389,720.628
1975,0.0109164,-0.385886,720.785
1976,0.108627,-0.849694,721.704
1977,0.0917418,0.56429,721.927
1978,0.00513538,-0.844147,722.648
1979,-0.0586253,-0.00510581,722.651
1980,-0.0577811,-0.998733,723.537
1981,-0.111663,-0.706148,723.89
1982,0.0181324,-0.954489,724.836
1983,0.0708945,-0.619148,725.312
1984,0.0852502,-0.79938,726.095
1985,0.0737459,0.833114,726.671
1986,-0.0848348,0.907635,727.656
1987,0.0232046,-0.977715,728.658
1988,-0.0516609,0.879833,729.526
1989,-0.00171604,-0.415756,729.697
1990,-0.0396815,0.990192,730.758
1991,-0.01949,0.462934,730.991
1992,-0.0839398,0.603556,731.463
1993,-0.0749165,-0.178678,731.474
1994,0.0558289,0.792204,732.016
1995,-0.102739,0.0872427,732.052
1996,-0.131526,-0.963573,732.745
1997,0.00668059,-0.847114,733.474
1998,0.149857,0.801282,733.898
1999,0.158324,0.781659,734.287
2000,-0.0452995,-0.143212,734.296
2001,-0.0237173,-0.86715,735.008
2002,-0.0978018,0.999925,736.213
2003,-0.0571883,0.922238,737.172
2004,-0.0587257,-0.252134,737.209
2005,0.15508,0.989287,737.905
2006,0.0871452,0.904981,738.574
2007,-0.116796,-0.269573,738.597
2008,-0.162942,0.0841421,738.658
2009,-0.138448,-0.476864,738.773
2010,0.0485272,-0.118444,738.801
2011,0.129267,0.968392,739.505
2012,0.0495864,-0.19649,739.566
2013,-0.161097,-0.447111,739.647
2014,-0.0796159,0.979734,740.77
2015,0.0805847,0.510236,740.954
2016,0.155295,0.661119,741.21
2017,0.0491669,-0.967547,742.244
2018,0.00951584,-0.027429,742.245
2019,-0.0989504,0.963658,743.374
2020,-0.119661,0.99983,744.627
2021,-0.0648804,0.883269,745.526
2022,0.0104141,-0.93398,746.418
2023,0.101863,-0.378591,746.649
2024,-0.0130753,0.0583491,746.654
2025,0.0486417,0.876768,747.34
2026,-0.143288,-0.398349,747.405
2027,0.0763824,0.349683,747.48
2028,-0.0777251,0.971457,748.581
2029,0.105743,-0.71954,749.262
2030,0.0736838,0.500807,749.444
2031,0.0500948,-0.655724,749.942
2032,-0.137994,-0.80307,750.385
2033,-0.0668443,0.0837897,750.407
2034,0.019106,-0.971498,751.389
2035,-0.0792705,0.239522,751.49
2036,-0.0429597,0.824343,752.242
2037,0.02024,-0.124555,752.263
2038,0.143666,0.997152,752.992
2039,-0.0638675,-0.880909,753.659
2040,-0.0258262,-0.320756,753.746
2041,-0.0917554,0.979631,754.894
2042,-0.0798949,-0.474243,755.05
2043,-0.088055,0.866726,755.961
2044,-0.122256,-0.984716,756.705
2045,0.0798789,-0.992205,757.855
2046,-0.0402086,0.242505,757.935
2047,0.0114399,0.637269,758.326
2048,-0.0197965,0.0623483,758.333
2049,0.10149,0.706638,758.699
2050,-0.0443298,-0.315767,758.773
2051,0.130778,0.959583,759.46
2052,0.0270552,-0.946505,760.408
2053,-0.0839137,0.0670994,760.43
2054,-0.153466,-0.993287,761.136
2055,-0.124035,-0.0689607,761.139
2056,-0.03019,0.999124,762.198
2057,-0.0730416,-0.792907,762.716
2058,-0.0271075,-0.360637,762.828
2059,-0.083145,-0.959953,763.596
2060,0.0762693,-0.996306,764.747
2061,0.0796273,0.0767123,764.747
2062,0.00715388,0.990538,765.714
2063,0.0358631,0.367116,765.824
2064,-0.142792,0.788546,766.691
2065,-0.100082,0.332901,766.878
2066,-0.035262,0.118977,766.902
2067,0.0666254,-0.852023,767.746
2068,0.0885176,-0.929087,768.782
2069,0.111975,0.98613,769.546
2070,0.000870603,-0.299709,769.636
2071,-0.190675,-0.966517,770.238
2072,-0.194245,-0.985478,770.864
2073,-0.0489451,0.597309,771.282
2074,0.129719,0.0723701,771.285
2075,0.112589,0.976068,772.031
2076,-0.0141066,-0.772089,772.605
2077,-0.09506,0.820444,773.443
2078,0.051978,0.103102,773.446
2079,0.0471188,0.0274603,773.446
2080,0.0781438,0.196048,773.46
2081,-0.0452439,-0.263392,773.508
2082,0.0492883,-0.166041,773.554
2083,-0.0441456,0.954202,774.551
2084,0.103176,0.544335,774.746
2085,0.0182382,-0.92704,775.639
2086,-0.0488955,0.651684,776.13
2087,-0.137294,-0.983167,776.845
2088,-0.0958908,0.965917,777.973
2089,0.0246898,-0.0762906,777.983
2090,-0.0886716,-0.861356,778.58
2091,0.0420469,-0.542419,778.922
2092,-0.0709027,-0.70434,779.323
2093,0.112032,0.815186,779.817
2094,-0.0978454,-0.331557,779.872
2095,-0.0581853,0.860703,780.716
2096,-0.15964,-0.94936,781.34
2097,-0.0544919,-0.106397,781.343
2098,0.129273,0.856559,781.872
2099,0.0313107,0.518726,782.109
2100,0.0247329,-0.941998,783.044
2101,-0.0792433,0.787712,783.795
2102,0.0101449,-0.953405,784.724
2103,-0.0800476,0.999613,785.89
2104,-0.0648905,0.630105,786.373
2105,0.00418028,-0.961423,787.305
2106,-0.105675,-0.255064,787.327
2107,0.0560668,0.023927,787.328
2108,0.0772945,0.656289,787.663
2109,0.10054,-0.936608,788.739
2110,-0.0816445,0.906879,789.716
2111,0.0423034,-0.0118552,789.719
2112,-0.185431,-0.938811,790.287
2113,-0.032036,0.992156,791.336
2114,-0.102946,0.153075,791.401
2115,0.135722,0.601413,791.618
2116,-0.0422822,-0.570837,791.898
2117,0.109951,0.619958,792.158
2118,-0.0508012,-0.16315,792.17
2119,-0.0525524,0.664472,792.684
2120,-0.151506,0.290447,792.88
2121,-0.116491,-0.969016,793.607
2122,0.0412264,-0.982583,794.655
2123,0.0496837,-0.294172,794.773
2124,-0.0896063,0.434644,795.048
2125,-0.0457613,0.849783,795.85
2126,0.0410271,-0.82537,796.6
2127,0.143945,0.91829,797.2
2128,0.120867,0.527572,797.366
2129,-0.0176964,0.0897101,797.377
2130,-0.140816,-0.519071,797.52
2131,-0.106835,0.990233,798.724
2132,0.0688342,0.267893,798.763
2133,-0.014678,0.232808,798.825
2134,0.123886,0.980716,799.559
2135,-0.0473832,0.999708,800.655
2136,0.0305109,-0.739522,801.248
2137,-0.0938857,0.588102,801.713
2138,-0.0753547,-0.043311,801.714
2139,-0.060146,0.941366,802.717
2140,-0.0984981,-0.382939,802.798
2141,-0.0656984,0.971389,803.874
2142,-0.134615,-0.97425,804.579
2143,0.0251882,0.773356,805.138
2144,0.0958712,-0.630094,805.665
2145,0.153175,-0.181847,805.778
2146,0.0493497,-0.353212,805.94
2147,-0.0462211,-0.558706,806.202
2148,-0.210011,-0.97275,806.784
2149,-0.10441,0.767825,807.545
2150,-0.0742736,0.64416,808.061
2151,0.126695,0.0289076,808.071
2152,0.0359437,-0.879889,808.909
2153,0.0957304,0.549952,809.116
2154,-0.0989606,0.896095,810.106
2155,-0.0132918,-0.270409,810.172
2156,-0.0537284,-0.451287,810.33
2157,0.0814538,-0.617735,810.819
2158,-0.0293665,0.746918,811.422
2159,0.0339201,-0.875617,812.249
2160,0.00446183,0.168189,812.276
2161,0.0821665,0.539685,812.485
2162,-0.111251,-0.128378,812.485
2163,-0.0881398,0.163907,812.549
2164,0.0358988,-0.607746,812.963
2165,-0.0777158,0.116122,813.001
2166,-0.0558326,-0.081034,813.001
2167,-0.025324,0.803641,813.688
2168,0.0673569,-0.441303,813.947
2169,-0.067701,-0.84154,814.546
2170,-0.026195,0.128859,814.57
2171,-0.0630489,0.802371,815.319
2172,-0.0409018,-0.72827,815.791
2173,0.065552,-0.748976,816.455
2174,-0.0359984,0.998617,817.525
2175,0.0238717,0.903682,818.299
2176,-0.0615418,0.205252,818.371
2177,-0.0848844,-0.398489,818.469
2178,-0.100444,-0.902838,819.113
2179,0.0103234,-0.948413,820.032
2180,-0.0678912,-0.27258,820.074
2181,0.0228029,0.415957,820.228
2182,-0.0732422,0.757255,820.918
2183,-0.0215788,0.995833,821.953
2184,0.0151918,-0.873368,822.743
2185,0.0124992,-0.960838,823.69
2186,-0.0967598,-0.670053,824.019
2187,0.0646318,-0.62834,824.499
2188,0.0671983,0.369748,824.591
2189,0.0420099,0.673049,824.989
2190,-0.0409745,-0.449649,825.156
2191,0.017501,-0.981328,826.153
2192,-0.111698,0.362039,826.378
2193,-0.058141,0.962885,827.42
2194,-0.153952,-0.974205,828.093
2195,0.118423,-0.00727661,828.109
2196,-0.0437966,0.997779,829.194
2197,0.0740702,-0.853542,830.054
2198,-0.0804006,0.995256,831.211
2199,0.0404286,-0.432036,831.435
2200,-0.105084,0.0474517,831.458
2201,0.0394512,-0.881585,832.306
2202,0.0440449,-0.932771,833.26
2203,0.0617054,-0.251691,833.359
2204,0.0126111,-0.97586,834.336
2205,-0.0629718,0.554019,834.716
2206,-0.0935026,0.936407,835.777
2207,-0.182462,-0.596318,835.948
2208,-0.0993496,-0.882076,836.561
2209,0.0134934,-0.860892,837.326
2210,0.157713,0.678621,837.597
2211,0.0367562,-0.20412,837.655
2212,0.0780375,0.82515,838.213
2213,-0.0462342,0.990523,839.288
2214,0.0838812,0.921047,839.989
2215,-0.12819,0.0492824,840.02
2216,-0.0338676,0.834667,840.775
2217,-0.0654489,-0.779667,841.285
2218,-0.0216567,0.372915,841.44
2219,-0.0840322,0.999824,842.615
2220,0.00909853,-0.222378,842.669
2221,-0.0727948,-0.0314457,842.67
2222,0.126813,0.988937,843.414
2223,-0.0892284,-0.408832,843.516
2224,0.132662,0.944295,844.175
2225,-0.108079,0.1226,844.228
2226,0.019572,-0.704187,844.752
2227,-0.0977473,0.977896,845.909
2228,-0.0338407,0.328546,846.04
2229,-0.135815,0.273675,846.208
2230,-0.0770293,-0.152917,846.213
2231,0.116855,0.755136,846.621
2232,0.120869,0.307359,846.656
2233,0.0770833,-0.999432,847.814
2234,0.0111516,-0.77794,848.437
2235,-0.0393551,-0.613561,848.767
2236,-0.0891151,0.929445,849.804
2237,-0.0890028,0.793245,850.583
2238,-0.064961,0.928081,851.569
2239,-0.0408204,0.975367,852.601
2240,0.0642354,-0.986186,853.705
2241,0.0444103,-0.998259,854.792
2242,0.0273321,-0.76905,855.426
2243,-0.0845049,0.915561,856.426
2244,-0.0100432,-0.868696,857.164
2245,-0.0598977,0.746858,857.814
2246,0.0403894,-0.163492,857.856
2247,0.0863895,0.580959,858.101
2248,0.032149,-0.70618,858.646
2249,0.0814985,-0.703839,859.263
2250,-0.0581807,-0.955462,860.068
2251,-0.128857,-0.985605,860.802
2252,-0.114407,-0.334137,860.85
2253,0.0609291,-0.479726,861.142
2254,-0.0927971,-0.96763,861.908
2255,0.0390204,-0.974167,862.934
2256,-0.0999871,0.913432,863.961
2257,-0.0555076,0.951745,864.976
2258,-0.103151,0.000905392,864.987
2259,0.137307,0.996604,865.725
2260,0.0456274,-0.812898,866.462
2261,0.0738581,-0.787103,867.203
2262,-0.0239268,-0.690027,867.647
2263,0.0408403,-0.979829,868.689
2264,-0.102215,0.639034,869.238
2265,0.0706371,0.136483,869.242
2266,-0.108169,-0.810369,869.736
2267,0.0716795,-0.680267,870.301
2268,-0.093851,0.102226,870.339
2269,0.0469931,-0.583373,870.737
2270,-0.150394,-0.976246,871.419
2271,-0.112232,-0.835255,871.942
2272,0.0267401,-0.802836,872.63
2273,0.0468243,-0.180362,872.681
2274,0.111069,-0.45898,873.006
2275,-0.128096,-0.246135,873.02
2276,0.0235927,-0.997633,874.063
2277,-0.115468,0.477004,874.414
2278,-0.0182753,0.0846104,874.425
2279,-0.0908791,-0.770251,874.886
2280,0.114347,0.0162175,874.896
2281,0.0384454,-0.74229,875.506
2282,0.0404326,0.486366,875.704
2283,0.0106119,-0.540089,876.008
2284,-0.161261,-0.912721,876.572
2285,-0.147084,-0.923244,877.175
2286,-0.0893055,0.686682,877.777
2287,-0.0423523,0.999576,878.863
2288,-0.0341531,0.992754,879.917
2289,0.0652644,-0.0168177,879.924
2290,0.11842,0.780285,880.362
2291,0.0961933,-0.108875,880.404
2292,0.0605113,-0.351051,880.573
2293,0.04008,-0.16922,880.617
2294,0.0525322,-0.409877,880.831
2295,-0.104882,0.985385,882.02
2296,-0.152631,-0.258824,882.031
2297,-0.126931,-0.100832,882.032
2298,0.0323571,-0.997716,883.093
2299,-0.0944206,-0.295565,883.133
2300,0.070046,-0.368278,883.325
2301,0.0802878,0.448621,883.461
2302,0.0790161,-0.981381,884.585
2303,-0.0529366,0.647114,885.075
2304,0.0467728,0.900153,885.804
2305,-0.145259,-0.63087,886.039
2306,-0.06881,-0.525985,886.249
2307,-0.0601678,0.625465,886.719
2308,0.0294312,0.895145,887.468
2309,0.053084,0.323853,887.541
2310,0.0163457,-0.961957,888.498
2311,-0.125802,-0.99997,889.263
2312,-0.12498,0.196953,889.366
2313,-0.0353972,0.588464,889.755
2314,-0.101613,-0.850681,890.317
2315,0.0455532,-0.708737,890.886
2316,0.0078151,-0.579237,891.23
2317,0.12575,0.792084,891.674
2318,-0.124283,-0.796052,892.125
2319,0.0708606,-0.0640858,892.144
2320,-0.0185089,-0.998861,893.105
2321,0.0261835,-0.911368,893.984
2322,-0.137958,-0.112088,893.984
2323,-0.0359093,-0.246949,894.029
2324,0.0226768,-0.760805,894.643
2325,0.0883286,0.0664154,894.643
2326,0.00594964,-0.95002,895.557
2327,-0.0655571,0.99966,896.692
2328,0.0230493,-0.550867,897.021
2329,-0.0189177,-0.751643,897.558
2330,0.0120952,-0.874481,898.344
2331,-0.094735,0.514741,898.716
2332,-0.0194455,-0.402441,898.862
2333,-0.00440984,-0.787681,899.476
2334,0.114801,0.793346,899.936
2335,0.0359304,-0.883717,900.782
2336,0.120726,0.812131,901.26
2337,-0.016385,-0.994155,902.216
2338,0.0113754,-0.903643,903.053
2339,-0.179634,0.262847,903.249
2340,-0.120237,0.790654,904.079
2341,-0.121403,-0.634744,904.342
2342,0.0846494,0.288993,904.384
2343,0.00274847,0.99228,905.363
2344,0.126005,0.667567,905.657
2345,0.0533226,0.926828,906.42
2346,-0.0100477,-0.0975723,906.427
2347,-0.0953674,-0.411811,906.527
2348,-0.0899374,0.999864,907.715
2349,0.00789904,-0.881514,908.506
2350,0.0783025,0.282468,908.548
2351,0.0219106,-0.376704,908.707
2352,0.0607426,0.933239,909.468
2353,-0.0212917,-0.379102,909.596
2354,-0.000882411,-0.801384,910.237
2355,-0.0136778,-0.0324554,910.237
2356,0.0162591,-0.345275,910.368
2357,0.0935512,0.713795,910.752
2358,-0.0835845,0.760786,911.465
2359,-0.0903094,0.697958,912.087
2360,-0.165197,-0.929862,912.672
2361,0.0223267,-0.709035,913.206
2362,-0.00985438,0.748521,913.782
2363,-0.0204244,0.930012,914.685
2364,-0.0489956,0.974412,915.732
2365,0.0867033,-0.626564,916.241
2366,0.0835621,-0.106926,916.277
2367,-0.0835187,0.596139,916.739
2368,-0.0620609,0.869523,917.607
2369,-0.0189375,-0.432306,917.778
2370,-0.0338542,0.998225,918.843
2371,-0.0653649,0.248321,918.942
2372,0.0678322,-0.114196,918.975
2373,0.0142109,-0.46078,919.2
2374,-0.116072,-0.973259,919.935
2375,-0.025236,0.360286,920.084
2376,0.0364857,-0.351446,920.234
2377,0.0034912,0.667262,920.675
2378,-0.157517,-0.993016,921.373
2379,0.0318947,-0.999233,922.436
2380,-0.0126392,-0.255691,922.495
2381,0.110624,-0.356616,922.713
2382,-0.102273,0.744374,923.43
2383,0.0385271,-0.8045,924.141
2384,-0.103086,0.470182,924.47
2385,0.0875548,0.939187,925.195
2386,-0.0961935,0.996574,926.389
2387,-0.0107458,0.488164,926.638
2388,-0.0228742,0.337159,926.768
2389,0.144412,0.0195809,926.783
2390,0.149909,0.978501,927.47
2391,-0.0200112,-0.625285,927.836
2392,-0.123899,0.221733,927.955
2393,-0.181441,-0.900239,928.472
2394,-0.0811819,-0.414477,928.583
2395,-0.0429334,-0.440912,928.742
2396,0.138,0.348412,928.786
2397,-0.0257044,0.914127,929.669
2398,-0.0829787,0.172932,929.735
2399,-0.131251,-0.920177,930.357
2400,0.0209751,-0.0491173,930.362
2401,-0.038642,0.905327,931.253
2402,-0.0549562,-0.192693,931.272
2403,-0.0208545,-0.36451,931.39
2404,-0.0817294,0.737301,932.061
2405,0.00229349,0.741865,932.608
2406,0.101056,0.992346,933.402
2407,-0.00411941,-0.113446,933.414
2408,-0.0629395,0.292223,933.54
2409,-0.0213947,-0.0795704,933.544
2410,-0.0629354,0.602436,933.986
2411,-0.0527053,0.978236,935.049
2412,0.0556971,0.356476,935.14
2413,0.0538227,-0.578743,935.54
2414,0.0396986,-0.556521,935.895
2415,-0.103187,0.347192,936.098
2416,0.0838047,0.100418,936.099
2417,-0.00152634,-0.868836,936.851
2418,-0.0942166,-0.999998,937.671
2419,-0.00916916,-0.545792,937.959
2420,0.023155,-0.391213,938.131
2421,-0.0434019,0.159531,938.172
2422,-0.0902834,0.906479,939.166
2423,-0.0267806,0.526367,939.472
2424,-0.034578,0.955522,940.452
2425,0.108169,-0.317806,940.633
2426,0.0199249,0.187017,940.661
2427,0.0455005,-0.380368,940.843
2428,-0.142516,-0.990851,941.562
2429,-0.0117191,-0.86174,942.285
2430,-0.131856,0.173206,942.378
2431,-0.0731938,-0.972214,943.186
2432,0.0595681,0.145199,943.193
2433,0.0263728,-0.306573,943.304
2434,-0.0083941,0.855788,944.051
2435,-0.00562324,-0.800788,944.683
2436,0.00566634,-0.741597,945.242
2437,0.00532719,-0.354444,945.371
2438,-0.0385069,0.3717,945.539
2439,-0.0390673,-0.620833,945.878
2440,-0.0518822,0.677076,946.409
2441,-0.0231295,-0.515269,946.652
2442,0.0479311,-0.978529,947.705
2443,0.00377769,-0.331018,947.817
2444,0.0653414,0.111291,947.819
2445,-0.130947,-0.927245,948.453
2446,0.0594586,0.189461,948.47
2447,-0.069354,0.832049,949.283
2448,0.0413118,-0.990585,950.348
2449,-0.105905,0.368213,950.572
2450,0.00418262,0.464998,950.785
2451,0.0631046,-0.480712,951.081
2452,0.0969199,-0.565339,951.519
2453,-0.0154355,-0.414109,951.678
2454,-0.166002,-0.892832,952.206
2455,-0.0552836,0.999996,953.32
2456,0.00507281,-0.914359,954.165
2457,-0.0094616,0.974288,955.133
2458,-0.0968258,0.0316235,955.15
2459,0.0474595,-0.74006,955.77
2460,-0.0111505,0.190163,955.81
2461,0.0865491,0.348515,955.879
2462,-0.126807,-0.196518,955.884
2463,0.00837254,-0.666801,956.34
2464,-0.0200417,0.168205,956.375
2465,0.152752,0.987868,957.072
2466,-0.0355597,-0.067925,957.074
2467,-0.105935,0.396228,957.326
2468,-0.0389619,0.485229,957.6
2469,0.00329816,-0.960964,958.53
2470,-0.0185805,0.744147,959.112
2471,-0.00993615,0.557206,959.434
2472,0.0464643,0.615882,959.758
2473,-0.091885,-0.909509,960.426
2474,-0.0502446,0.018682,960.431
2475,-0.0979696,0.999503,961.636
2476,0.0153197,0.78429,962.227
2477,0.0646944,0.277626,962.272
2478,-0.0164168,0.993605,963.292
2479,0.0640851,-0.981861,964.386
2480,0.0446578,0.0661631,964.387
2481,-0.0191821,0.518797,964.676
2482,-0.0605184,0.963861,965.726
2483,-0.105836,0.906785,966.751
2484,-0.0623145,0.913191,967.703
2485,-0.0394548,0.42427,967.918
2486,0.0179631,-0.889531,968.741
2487,-0.0712849,0.412111,968.975
2488,0.133954,0.540049,969.14
2489,0.0746406,-0.186814,969.208
2490,0.0720725,-0.588096,969.644
2491,-0.102406,0.890444,970.63
2492,-0.000882866,-0.845197,971.343
2493,-0.175638,-0.990522,972.007
2494,-0.0553609,0.47652,972.29
2495,0.0281997,-0.873972,973.104
2496,0.0574293,-0.995188,974.212
2497,-0.0738205,0.15742,974.265
2498,0.0198496,-0.998742,975.303
2499,0.0220605,-0.781266,975.948
2500,-0.0174184,0.485911,976.201
2501,-0.036324,0.629745,976.645
2502,-0.0101879,-0.997786,977.62
2503,-0.0166214,0.630024,978.038
2504,0.0361991,-0.932612,978.977
2505,0.0335629,-0.162088,979.015
2506,-0.0850995,0.268712,979.14
2507,-0.0082385,-0.86787,979.879
2508,-0.00669849,-0.809964,980.525
2509,-0.0521051,0.997316,981.626
2510,-0.0339903,0.745276,982.233
2511,0.0426865,-0.576141,982.616
2512,0.0870117,-0.385314,982.839
2513,0.0488288,-0.995499,983.93
2514,-0.0135553,-0.994016,984.891
2515,-0.0880983,0.812318,985.702
2516,-0.0166004,-0.0964984,985.708
2517,-0.0109897,-0.98339,986.654
2518,-0.0497281,0.735303,987.27
2519,-0.0365778,0.942977,988.23
2520,-0.00900935,-0.270578,988.298
2521,0.0220582,0.0819711,988.302
2522,0.0611046,-0.690251,988.866
2523,-0.0682866,0.984578,989.975
2524,-0.0839619,-0.76604,990.44
2525,-0.00302081,-0.427549,990.62
2526,0.104292,-0.622196,991.148
2527,-0.0371128,0.592185,991.544
2528,-0.102142,0.773417,992.311
2529,-0.107251,-0.743136,992.715
2530,0.0142939,-0.261414,992.791
2531,-0.10426,-0.897392,993.42
2532,-0.0501501,-0.168166,993.434
2533,0.0318708,0.105423,993.439
2534,-0.049085,0.28585,993.551
2535,-0.0818565,-0.84619,994.136
2536,0.0240589,-0.966885,995.118
2537,0.130845,-0.567765,995.606
2538,0.0785775,0.358308,995.684
2539,-0.154574,-0.568888,995.856
2540,-0.194858,-0.972077,996.46
2541,-0.0692174,7.28436e-05,996.464
2542,0.00719209,0.979753,997.41
2543,0.0972402,-0.627318,997.935
2544,0.0634829,-0.913373,998.89
2545,0.0943466,0.596033,999.141
2546,0.0569594,0.686546,999.538
2547,-0.118222,0.56236,1000
2548,-0.119239,0.436335,1000.31
2549,-0.108663,0.0965788,1000.35
2550,0.165654,0.966604,1000.99
2551,0.00935514,-0.579282,1001.34
2552,-0.0261813,0.854646,1002.12
2553,-0.138241,-0.103817,1002.12
2554,0.07945,-0.203831,1002.2
2555,-0.0491809,0.654137,1002.69
2556,-0.0150576,0.274386,1002.78
2557,-0.151413,-0.997062,1003.49
2558,0.0279631,-0.924522,1004.4
2559,-0.0194879,0.657798,1004.86
2560,-0.000447488,0.974899,1005.81
2561,0.0184081,-0.257721,1005.88
2562,0.0349248,-0.457768,1006.13
2563,0.0557433,-0.988736,1007.22
2564,-0.0834331,0.780032,1007.96
2565,-0.157616,-0.882307,1008.49
2566,-0.119851,-0.877151,1009.06
2567,0.018043,-0.0515207,1009.07
2568,0.0254368,0.460338,1009.26
2569,-0.0158492,0.426226,1009.45
2570,0.0233663,-0.985645,1010.47
2571,-0.000492526,0.575159,1010.8
2572,-0.0584651,0.991588,1011.9
2573,-0.0636666,0.838882,1012.72
2574,-0.0853089,0.100503,1012.75
2575,0.0497233,-0.9248,1013.7
2576,-0.0743753,0.432458,1013.96
2577,0.0111098,-0.406515,1014.13
2578,-0.144185,-0.788163,1014.55
2579,0.100652,-0.992859,1015.74
2580,0.0274702,-0.642438,1016.19
2581,0.0774256,-0.903378,1017.15
2582,-0.136501,0.0251978,1017.18
2583,0.0198399,-0.872362,1017.98
2584,-0.113724,-0.903991,1018.6
2585,0.0737518,0.14217,1018.61
2586,-0.123576,-0.347087,1018.66
2587,0.0447354,-0.940914,1019.63
2588,-0.0809433,0.657639,1020.17
2589,-0.0476975,0.974289,1021.22
2590,0.0501728,-0.496737,1021.52
2591,0.0898555,0.121962,1021.52
2592,0.0719284,-0.959249,1022.58
2593,-0.017217,0.00338904,1022.58
2594,0.0978756,0.841868,1023.13
2595,-0.0570632,-0.0248055,1023.14
2596,-0.12149,0.323592,1023.33
2597,-0.192032,-0.646024,1023.54
2598,-0.00602492,-0.252411,1023.6
2599,-0.0530636,-0.319253,1023.67
2600,0.149796,-0.688137,1024.37
2601,0.109994,0.95262,1025.08
2602,0.111789,0.966598,1025.81
2603,-0.205701,-0.894118,1026.29
2604,-0.211353,-0.541776,1026.4
2605,-0.15158,-0.937559,1027.02
2606,0.155827,0.956535,1027.66
2607,0.119799,-0.485595,1028.02
2608,0.0502005,-0.895752,1028.92
2609,0.0884305,0.875363,1029.54
2610,0.0104654,-0.987435,1030.53
2611,-0.0733654,0.971894,1031.63
2612,-0.12233,-0.815556,1032.11
2613,0.0232657,0.211378,1032.14
2614,-0.0997058,-0.165657,1032.15
2615,-0.102047,-0.919772,1032.81
2616,-0.00651156,-0.992974,1033.79
2617,-0.00249281,0.996404,1034.79
2618,0.138339,-0.00898398,1034.81
2619,0.0180067,-0.976574,1035.8
2620,-0.00236171,0.391845,1035.95
2621,-0.0735774,0.991303,1037.09
2622,-0.0412368,-0.742373,1037.58
2623,-0.0972235,-0.248571,1037.6
2624,-0.0688522,0.80951,1038.37
2625,-0.0288525,0.559845,1038.72
2626,-0.0216505,0.728232,1039.28
2627,0.139589,0.824216,1039.75
2628,0.0832071,-0.988652,1040.9
2629,0.113792,0.632595,1041.17
2630,-0.156689,0.216457,1041.31
2631,-0.0960707,0.47533,1041.63
2632,-0.126021,0.440478,1041.95
2633,-0.0650968,-0.832588,1042.54
2634,-0.0254066,0.390545,1042.72
2635,0.124795,0.999423,1043.48
2636,-0.0409034,0.972962,1044.51
2637,-0.159174,-0.970634,1045.17
2638,-0.129068,-0.494078,1045.3
2639,0.0593925,-0.986827,1046.4
2640,0.133604,0.592509,1046.61
2641,0.0252609,-0.670034,1047.09
2642,-0.0435698,-0.999309,1048
2643,-0.120619,-0.0788936,1048
2644,-0.0376599,-0.109632,1048.01
2645,0.0764434,0.0344113,1048.01
2646,0.0451561,-0.96478,1049.03
2647,0.0224732,0.122351,1049.04
2648,-0.122313,-0.22584,1049.05
2649,0.060988,0.611529,1049.36
2650,0.0273265,-0.998079,1050.41
2651,0.111786,-0.504183,1050.79
2652,0.0411546,0.144611,1050.8
2653,-0.0550625,0.990766,1051.89
2654,-0.0509812,0.118016,1051.92
2655,-0.032201,0.119252,1051.94
2656,-0.108669,0.386017,1052.19
2657,-0.0777112,0.403697,1052.42
2658,-0.0405289,0.338153,1052.56
2659,0.0730506,-0.623443,1053.05
2660,-0.0651647,-0.712991,1053.47
2661,0.0792034,-0.0594195,1053.49
2662,0.0220183,-0.990664,1054.51
2663,0.0584231,0.0263802,1054.51
2664,-0.134745,0.712849,1055.23
2665,-0.161535,-0.986684,1055.91
2666,0.0350268,-0.759258,1056.54
2667,0.15932,0.867274,1057.04
2668,0.15071,0.941281,1057.67
2669,-0.103947,0.523084,1058.06
2670,-0.0739609,0.462185,1058.35
2671,-0.104696,0.398594,1058.6
2672,0.000432802,0.999438,1059.6
2673,-0.00879908,0.981342,1060.58
2674,0.0663975,-0.637383,1061.08
2675,-0.0035793,0.779736,1061.69
2676,-0.132214,-0.734339,1062.05
2677,-0.129979,-0.983558,1062.78
2678,-0.101152,-0.575058,1063.01
2679,-0.0644418,-0.176793,1063.02
2680,-0.0206881,-0.460448,1063.21
2681,0.0902688,0.48064,1063.36
2682,-0.0735896,0.886825,1064.29
2683,-0.104205,-0.952291,1065.01
2684,-0.0538103,-0.927432,1065.77
2685,-0.00914645,0.955669,1066.7
2686,0.0775754,-0.826232,1067.52
2687,0.104379,0.998429,1068.32
2688,-0.027564,0.953374,1069.28
2689,0.0236256,-0.682879,1069.78
2690,0.0179379,-0.956763,1070.73
2691,0.0408848,-0.906818,1071.63
2692,-0.109844,-0.492409,1071.77
2693,-0.0153356,0.963376,1072.73
2694,0.0712014,0.34367,1072.8
2695,-0.0317115,0.924551,1073.72
2696,-0.121329,-0.606229,1073.95
2697,-0.132852,-0.355972,1074
2698,-0.0533835,-0.307732,1074.07
2699,0.049393,-0.35792,1074.23
2700,0.0503573,-0.226165,1074.31
2701,-0.0438521,0.996897,1075.39
2702,-0.089942,0.0706788,1075.42
2703,-0.0531664,0.88096,1076.29
2704,0.0174635,-0.36558,1076.44
2705,-0.0357054,-0.478985,1076.64
2706,0.0350439,-0.611336,1077.05
2707,-0.0354919,0.658833,1077.54
2708,-0.039547,0.254396,1077.62
2709,-0.0855065,0.889008,1078.57
2710,-0.0922432,-0.967212,1079.34
2711,-0.0132235,0.981906,1080.33
2712,0.0397494,-0.974834,1081.36
2713,-0.105826,-0.450182,1081.48
2714,-0.0978339,0.242113,1081.59
2715,-0.0970608,0.567928,1082.03
2716,0.0704396,-0.521342,1082.38
2717,0.113226,-0.827363,1083.27
2718,0.107694,0.761941,1083.7
2719,-0.0111952,0.570007,1084.03
2720,-0.0958639,0.971037,1085.17
2721,-0.118483,0.823668,1086.06
2722,-0.0745168,0.161464,1086.12
2723,-0.0019234,-0.99164,1087.09
2724,-0.0732644,-0.93724,1087.84
2725,-0.00486073,-0.216901,1087.89
2726,0.0898201,0.385674,1087.97
2727,-0.00150719,0.377114,1088.12
2728,0.0300712,-0.442869,1088.34
2729,-0.165629,-0.898203,1088.88
2730,0.0805737,0.852353,1089.47
2731,-0.0413523,0.491824,1089.76
2732,0.0634957,-0.996043,1090.88
2733,-0.056344,-0.0032174,1090.88
2734,0.105973,-0.117507,1090.93
2735,0.0169178,-0.539103,1091.24
2736,-0.0696677,0.996714,1092.38
2737,-0.0767799,0.981766,1093.5
2738,0.0516941,0.73008,1093.96
2739,-0.0799698,-0.318932,1094.02
2740,-0.0211323,0.620474,1094.43
2741,0.0820323,0.245254,1094.46
2742,0.0508089,-0.977843,1095.51
2743,-0.0309859,0.981924,1096.54
2744,-0.0921369,0.895931,1097.52
2745,0.0565689,-0.0264111,1097.52
2746,-0.113685,-0.798471,1097.99
2747,-0.0165312,0.398292,1098.16
2748,-0.123688,-0.428209,1098.26
2749,0.0683957,-0.380855,1098.46
2750,0.0020644,0.148506,1098.48
2751,0.0471283,-0.997263,1099.57
2752,-0.0932901,0.957439,1100.67
2753,-0.107572,0.876339,1101.64
2754,-0.134484,-0.313086,1101.67
2755,0.023556,-0.591776,1102.05
2756,0.0873861,0.272108,1102.09
2757,0.0797996,-0.998305,1103.25
2758,-0.001028,-0.981258,1104.21
2759,0.065313,-0.275708,1104.33
2760,-0.00205686,-0.86902,1105.08
2761,-0.0186958,-0.976623,1106
2762,-0.143302,-0.974196,1106.69
2763,0.0499,-0.373604,1106.87
2764,-0.023601,0.989787,1107.89
2765,0.114063,0.250262,1107.91
2766,0.0239239,-0.859303,1108.69
2767,-0.153794,-0.635462,1108.92
2768,-0.115358,-0.779846,1109.36
2769,-0.0331722,0.478914,1109.63
2770,0.162175,0.789738,1110.02
2771,-0.0816165,-0.9998,1110.86
2772,0.0338258,-0.332525,1111
2773,-0.155161,-0.350077,1111.04
2774,0.0122267,-0.0892654,1111.05
2775,-0.157796,-0.967116,1111.7
2776,0.0198971,0.999471,1112.66
2777,0.133377,0.799496,1113.1
2778,0.124835,0.720009,1113.46
2779,-0.105647,-0.27152,1113.49
2780,-0.124292,0.338989,1113.7
2781,-0.0412751,0.62173,1114.14
2782,0.000990948,0.974305,1115.09
2783,0.0217109,0.644603,1115.48
2784,0.00251875,0.284003,1115.55
2785,-0.0395578,0.951553,1116.54
2786,-0.0786167,-0.414454,1116.65
2787,-0.0256497,0.355876,1116.8
2788,-0.0694555,0.481467,1117.1
2789,-0.100595,-0.955206,1117.83
2790,-0.0466128,0.769991,1118.5
2791,0.0258349,0.854231,1119.18
2792,0.0415731,-0.658805,1119.67
2793,-0.0309215,0.767324,1120.31
2794,-0.0612436,0.999976,1121.44
2795,-0.132179,-0.284897,1121.46
2796,-0.0660358,-0.66192,1121.81
2797,0.119161,0.0164643,1121.83
2798,0.12781,0.32048,1121.86
2799,-0.0705018,-0.223258,1121.89
2800,-0.0873534,0.868862,1122.8
2801,-0.0940666,0.786897,1123.58
2802,-0.0305658,0.947565,1124.53
2803,-0.141912,-0.728884,1124.88
2804,0.0248309,0.157867,1124.9
2805,0.117698,-0.0658191,1124.93
2806,0.101859,0.61633,1125.19
2807,-0.0930732,-0.993951,1126.01
2808,0.059633,0.209124,1126.03
2809,-0.0261268,-0.680389,1126.46
2810,-0.0726792,-0.998464,1127.31
2811,-0.0624077,0.00249853,1127.32
2812,-0.0980379,0.605344,1127.81
2813,-0.0384762,-0.485438,1128.01
2814,-0.0282235,0.0976553,1128.03
2815,-0.000142131,0.993525,1129.01
2816,0.0328238,0.0601342,1129.02
2817,0.0193945,-0.616911,1129.42
2818,-0.132123,-0.99868,1130.17
2819,-0.01778,0.450439,1130.39
2820,-0.0214555,-0.136802,1130.4
2821,0.0351709,0.858046,1131.08
2822,0.069888,-0.93745,1132.1
2823,0.0439184,-0.918599,1133.02
2824,-0.100851,-0.609308,1133.28
2825,-0.0649787,0.74611,1133.94
2826,-0.0638626,0.296972,1134.07
2827,-0.0692987,0.279664,1134.19
2828,-0.102787,-0.585548,1134.42
2829,-0.0721945,0.544046,1134.8
2830,-0.00835066,0.0353939,1134.81
2831,0.128879,0.486016,1134.93
2832,0.121293,0.114547,1134.93
2833,-0.0147734,0.912626,1135.79
2834,0.0354573,0.931181,1136.6
2835,-0.194089,-0.985643,1137.22
2836,-0.129132,0.146159,1137.3
2837,-0.156104,-0.992055,1138
2838,0.0474018,0.0944635,1138
2839,0.127699,0.143972,1138
2840,0.113926,0.349157,1138.05
2841,0.0342972,-0.456456,1138.29
2842,-0.154334,-0.873951,1138.81
2843,-0.0478653,0.658215,1139.31
2844,0.07703,-0.662127,1139.86
2845,0.0545941,-0.527795,1140.2
2846,-0.107091,-0.0136286,1140.21
2847,-0.124664,-0.305464,1140.24
2848,0.00325805,-0.958884,1141.16
2849,-0.0257319,0.29928,1141.27
2850,0.134233,0.557291,1141.45
2851,-0.0372251,-0.868549,1142.14
2852,-0.113381,-0.439143,1142.25
2853,-0.089046,0.882602,1143.19
2854,-0.0018504,-0.991215,1144.17
2855,0.003689,0.908166,1144.99
2856,0.094316,-0.268422,1145.12
2857,0.0795383,0.950971,1145.88
2858,-0.116376,-0.935646,1146.55
2859,0.0224567,-0.996532,1147.59
2860,-0.0749153,-0.575154,1147.84
2861,-0.0273279,0.981766,1148.86
2862,-0.0855758,0.84468,1149.72
2863,0.0342992,-0.120077,1149.75
2864,-0.0871574,-0.822297,1150.29
2865,0.119393,0.929565,1150.94
2866,0.0533567,0.181186,1150.96
2867,-0.0512623,0.869376,1151.81
2868,-0.047056,-0.249396,1151.85
2869,0.0109503,-0.181235,1151.88
2870,0.0161306,-0.720239,1152.43
2871,-0.142551,-0.877395,1152.97
2872,0.0421605,-0.442509,1153.2
2873,0.103519,0.335094,1153.25
2874,0.0956334,-0.197063,1153.34
2875,-0.132582,-0.0605654,1153.35
2876,0.0371209,-0.9779,1154.38
2877,-0.00492797,-0.345201,1154.49
2878,-0.0639571,-0.349311,1154.57
2879,-0.12346,-0.461023,1154.69
2880,0.0997149,0.854253,1155.26
2881,-0.0162973,0.420758,1155.45
2882,0.0610032,-0.959288,1156.49
2883,-0.0910761,0.74615,1157.19
2884,-0.0116031,0.196653,1157.23
2885,-0.116507,-0.559729,1157.43
2886,-0.0381844,0.134627,1157.46
2887,0.00631437,-0.645693,1157.88
2888,0.0167917,0.954375,1158.76
2889,-0.0327946,0.434839,1158.98
2890,-0.063019,0.658332,1159.5
2891,-0.0970315,-0.959594,1160.25
2892,0.0271511,-0.998905,1161.3
2893,-0.087661,-0.748482,1161.74
2894,0.0430382,-0.936249,1162.69
2895,-0.122725,-0.422878,1162.78
2896,-0.0598533,0.282585,1162.9
2897,0.0215615,-0.989675,1163.92
2898,0.111711,-0.00618748,1163.94
2899,-0.0126904,-0.732909,1164.46
2900,-0.0936587,-0.489553,1164.61
2901,0.0501987,-0.733744,1165.23
2902,0.0863737,0.917534,1165.92
2903,-0.0137371,0.831397,1166.63
2904,-0.0246157,-0.981788,1167.55
2905,-0.149985,-0.0832497,1167.55
2906,-0.0475584,-0.363785,1167.65
2907,0.0496809,0.519463,1167.87
2908,-0.0179607,0.981394,1168.87
2909,-0.0942134,-0.0412382,1168.88
2910,-0.0279476,-0.93302,1169.7
2911,-0.00849578,0.96132,1170.64
2912,0.0254548,-0.999999,1171.69
2913,0.00765245,0.144991,1171.71
2914,0.117066,0.402442,1171.79
2915,0.0768551,0.923174,1172.5
2916,-0.122463,-0.984799,1173.25
2917,-0.0110692,-0.92687,1174.09
2918,-0.117627,0.859633,1175.04
2919,-0.04168,-0.222421,1175.07
2920,-0.0613802,0.872723,1175.95
2921,0.0641673,-0.962166,1177
2922,0.0608447,-0.688817,1177.56
2923,0.0776341,0.99401,1178.4
2924,-0.146738,-0.904857,1178.98
2925,-0.0953701,0.827729,1179.83
2926,-0.0530098,0.00122366,1179.83
2927,0.0448081,-0.729807,1180.43
2928,0.0429338,-0.775795,1181.1
2929,-0.0541473,0.976942,1182.16
2930,0.00803762,-0.200344,1182.21
2931,0.0410498,-0.300521,1182.33
2932,0.0757897,0.115135,1182.33
2933,-0.0405599,-0.0668798,1182.33
2934,-0.100472,0.971133,1183.48
2935,-0.0625796,0.706265,1184.07
2936,0.111535,0.860821,1184.63
2937,0.0821035,-0.0116348,1184.64
2938,-0.0681946,0.999116,1185.78
2939,-0.132255,0.625847,1186.35
2940,-0.0673109,0.77877,1187.07
2941,0.0838535,-0.600215,1187.53
2942,0.0897052,-0.996976,1188.72
2943,0.0216778,-0.437026,1188.93
2944,-0.0856062,0.990699,1190.08
2945,-0.0644708,0.158738,1190.13
2946,-0.000513628,-0.709515,1190.64
2947,-0.116904,-0.818269,1191.13
2948,-0.0550772,-0.368616,1191.23
2949,0.0243405,-0.896153,1192.07
2950,-0.109768,-0.868878,1192.65
2951,-0.0601682,-0.272724,1192.7
2952,0.0586365,0.437294,1192.84
2953,-0.000412549,0.764332,1193.42
2954,-0.0561615,-0.634829,1193.76
2955,0.0525304,0.867359,1194.42
2956,0.0426704,-0.728277,1195.02
2957,-0.10292,0.19715,1195.11
2958,-0.141379,0.921686,1196.24
2959,-0.0289584,0.511206,1196.53
2960,0.115153,0.920093,1197.18
2961,0.0580399,-0.987044,1198.27
2962,0.0255959,-0.963033,1199.25
2963,0.0571315,0.488536,1199.43
2964,-0.036174,0.00127925,1199.43
2965,0.00232501,-0.939122,1200.32
2966,-0.035445,-0.0844467,1200.32
2967,-0.0132901,-0.971438,1201.24
2968,-0.107918,-0.173256,1201.25
2969,0.0174007,-0.938247,1202.16
2970,0.0736729,0.999351,1203.02
2971,-0.010067,0.994988,1204.03
2972,0.0314207,-0.790693,1204.7
2973,-0.0135497,-0.700352,1205.17
2974,0.0679904,-0.967754,1206.25
2975,0.0270413,-0.470407,1206.49
2976,-0.0815856,0.729081,1207.15
2977,-0.0944122,0.260562,1207.28
2978,-0.0398851,0.246011,1207.36
2979,-0.0335897,0.999755,1208.43
2980,-0.0153534,0.829607,1209.14
2981,-0.0805213,0.933571,1210.17
2982,-0.0500817,0.997851,1211.27
2983,-0.00605019,0.131448,1211.29
2984,0.0624456,-0.947964,1212.31
2985,-0.00603783,0.652039,1212.74
2986,0.140372,0.738984,1213.1
2987,-0.00359984,-0.374321,1213.24
2988,-0.0557509,0.957513,1214.26
2989,-0.152559,-0.889294,1214.8
2990,0.0295086,-0.520856,1215.11
2991,-0.0586162,-0.915303,1215.84
2992,0.145286,0.772489,1216.23
2993,-0.0575142,0.790644,1216.95
2994,-0.0540537,-0.86751,1217.62
2995,-0.0761255,0.647385,1218.14
2996,-0.00995052,0.591515,1218.5
2997,-0.0967961,-0.742901,1218.92
2998,-0.0932434,0.510345,1219.28
2999,-0.0920506,-0.320787,1219.34
