t,predict_test,teacher
501,0.172681,-0.871504,1.09032
502,0.0846093,-0.897167,2.05421
503,0.119044,-0.918112,3.1299
504,0.000257597,0.966915,4.06433
505,0.111225,-0.323771,4.25355
506,-0.00285618,0.700105,4.7477
507,-0.0381806,-0.673516,5.15135
508,-0.0828223,0.996646,6.31661
509,0.236514,-0.940362,7.70164
510,-0.0330072,0.944651,8.65746
511,-0.265837,0.102098,8.79284
512,0.0331325,-0.748,9.403
513,0.02794,-0.654848,9.8692
514,0.0142077,-0.935808,10.7717
515,0.0761704,0.472826,10.9291
516,0.192454,-0.939102,12.2095
517,-0.0494233,0.819782,12.965
518,-0.158245,0.998229,14.3024
519,-0.0741355,0.52925,14.6665
520,0.0393092,0.296849,14.7328
521,-0.000740722,-0.808604,15.3855
522,0.0500471,-0.930179,16.3463
523,-0.026017,-0.091996,16.3507
524,0.126663,0.945656,17.0214
525,0.262739,0.6097,17.1418
526,-0.160129,-0.954345,17.7726
527,0.0231394,-0.127988,17.7954
528,-0.0746015,0.87338,18.6941
529,0.0416594,-0.325043,18.8286
530,-0.0453672,0.998391,19.918
531,0.0325142,0.977658,20.8113
532,-0.0663207,-0.555597,21.0507
533,0.111273,-0.744279,21.7827
534,0.455852,0.684879,21.8351
535,-0.0357679,-0.999992,22.7648
536,0.0105742,-0.624645,23.1683
537,-0.0625428,-0.956066,23.9667
538,0.0697934,-0.153886,24.0168
539,0.194735,-0.7699,24.9473
540,-0.22015,0.361172,25.2852
541,0.28446,-0.00972093,25.3718
542,0.135026,-0.209633,25.4905
543,-0.163791,0.880048,26.5801
544,0.0779705,0.988773,27.4097
545,-0.203861,0.692187,28.2126
546,0.059344,-0.811792,28.9715
547,-0.0727098,-0.962205,29.7627
548,0.145795,-0.190386,29.8757
549,-0.0807728,-0.490578,30.0436
550,-0.24025,0.120538,30.1738
551,0.112938,0.544636,30.3602
552,-0.185072,-0.0899016,30.3692
553,-0.202765,-0.129991,30.3745
554,-0.492484,-0.237033,30.4398
555,-0.137785,-0.347248,30.4837
556,0.501753,0.982384,30.7147
557,0.0525948,-0.866033,31.5585
558,-0.19358,0.844538,32.6362
559,0.113698,0.557713,32.8334
560,-0.122765,0.922711,33.9264
561,-0.0435108,-0.797319,34.4946
562,0.166056,-0.992799,35.8376
563,-0.248626,-0.990947,36.3886
564,-0.362817,-0.627758,36.4588
565,-0.0140032,-0.741297,36.9878
566,0.139359,-0.167032,37.0816
567,-0.286439,-0.133266,37.1051
568,0.0451282,0.97451,37.9689
569,-0.0415521,0.934551,38.9216
570,0.144772,-0.299347,39.1189
571,0.017027,-0.650331,39.5642
572,0.0743579,-0.916344,40.5457
573,0.213473,0.669769,40.7539
574,0.15019,-0.288803,40.9466
575,0.429299,0.719462,41.0308
576,-0.150198,0.9212,42.1787
577,-0.00439458,-0.661053,42.6099
578,0.0647538,0.567364,42.8626
579,-0.0287234,-0.735389,43.3619
580,-0.0426575,-0.945323,44.1767
581,0.109113,-0.0085615,44.1906
582,0.459087,0.894992,44.3806
583,-0.0756875,-0.938231,45.1246
584,0.139637,0.3942,45.1894
585,-0.0294693,0.975901,46.2001
586,0.109029,-0.495951,46.5661
587,0.00580726,-0.473257,46.7957
588,0.0304397,-0.970673,47.7979
589,0.270804,0.989849,48.3149
590,-0.0202408,0.649464,48.7634
591,-0.106337,-0.174509,48.7681
592,-0.0475265,-0.762987,49.2799
593,-0.0145079,0.50795,49.5529
594,0.0104453,0.526619,49.8193
595,0.0363792,-0.918144,50.7305
596,-0.0327652,0.743009,51.3323
597,0.0267822,-0.999932,52.3864
598,-0.0718303,-0.88644,53.05
599,0.262469,0.915929,53.477
600,-0.117099,0.900991,54.5135
601,-0.0855431,-0.283,54.5525
602,-0.149093,-0.453897,54.6454
603,0.225021,-0.981326,56.1007
604,0.00890956,-0.992098,57.1027
605,-0.0659016,-0.818769,57.6695
606,0.211941,0.945665,58.2079
607,-0.0265323,-0.28063,58.2724
608,-0.113469,0.423943,58.5612
609,-0.10027,-0.999222,59.3694
610,-0.094133,-0.308669,59.4154
611,0.231041,0.227821,59.4154
612,0.0799937,-0.965582,60.5086
613,-0.0656267,-0.306785,60.5668
614,0.0466774,0.53047,60.8008
615,0.0577767,-0.892263,61.7034
616,-0.128546,-0.0900724,61.7049
617,-0.00549867,-0.678874,62.1583
618,-0.0258547,-0.716676,62.6356
619,-0.279499,-0.83944,62.9491
620,-0.0470271,0.922798,63.8897
621,0.40881,-0.548558,64.8062
622,-0.05456,0.479037,65.0909
623,-0.395601,-0.651773,65.1566
624,-0.111641,0.282436,65.3119
625,-0.108483,0.987461,66.513
626,0.190903,-0.806914,67.5086
627,-0.257399,-0.232616,67.5092
628,0.15792,0.921784,68.0927
629,0.0412356,-0.213776,68.1577
630,-0.0929873,0.995822,69.3432
631,-0.0460526,0.0712521,69.357
632,-0.0978808,-0.642059,69.6531
633,0.156913,0.999938,70.3638
634,-0.000266445,-0.635054,70.7668
635,-0.0968352,-0.185337,70.7746
636,-0.096038,0.995228,71.9655
637,0.0304919,0.426876,72.1226
638,0.084093,-0.896184,73.0835
639,0.0665223,-0.945598,74.1079
640,-0.025467,0.338248,74.2402
641,0.0775419,0.879983,74.8841
642,-0.0211215,0.156661,74.9157
643,0.0448185,0.259063,74.9616
644,-0.177332,-0.713815,75.2494
645,-0.172829,-0.770168,75.6062
646,0.32095,0.619333,75.6953
647,-0.508247,-0.753066,75.7552
648,-0.132848,0.845602,76.7126
649,-0.0580005,-0.900694,77.4227
650,-0.183278,0.220614,77.5858
651,-0.0123735,0.0220394,77.587
652,0.0485359,0.12265,77.5925
653,-0.0221812,-0.897554,78.3588
654,-0.0433244,0.0278897,78.3639
655,0.176774,0.905919,78.8955
656,0.0729733,0.997578,79.7504
657,0.0350723,0.514345,79.9801
658,-0.261372,-0.218945,79.9819
659,-0.0144818,0.991948,80.9948
660,0.0152077,0.768256,81.5619
661,0.0608354,-0.203477,81.6318
662,0.366705,0.997197,82.0293
663,-0.198069,0.46233,82.4654
664,-0.0610494,-0.999627,83.3463
665,0.148573,-0.924856,84.4986
666,-0.247611,0.36066,84.8686
667,-0.108453,0.238372,84.9889
668,-0.0723836,-0.586264,85.2529
669,0.111642,0.534842,85.432
670,0.21379,-0.948397,86.7827
671,-0.27399,-0.964929,87.2601
672,-0.0272651,0.0977164,87.2757
673,0.131081,-0.662235,87.9051
674,0.0650508,0.998885,88.7771
675,-0.0451422,-0.640987,89.1322
676,-0.101217,0.238586,89.2476
677,-0.0341611,-0.970388,90.1242
678,0.101301,0.509642,90.2909
679,-0.581401,-0.538863,90.2927
680,-0.100963,0.928367,91.3522
681,0.366957,0.941774,91.6826
682,0.00616468,0.205012,91.7222
683,-0.0495152,0.588404,92.1291
684,0.0306198,-0.0734158,92.1399
685,0.498186,0.897322,92.2993
686,0.0477087,0.773195,92.8256
687,-0.334082,-0.287154,92.8278
688,-0.0197097,0.692368,93.3348
689,0.186304,0.612508,93.5165
690,0.00346615,-0.999894,94.5232
691,0.0875937,0.947228,95.2622
692,0.331913,0.646493,95.3612
693,0.10116,0.358754,95.4275
694,-0.195608,-0.579444,95.5748
695,0.344926,-0.515999,96.316
696,0.0787775,-0.621658,96.8066
697,-0.525296,-0.195095,96.9157
698,0.00382765,0.920927,97.7567
699,0.155033,0.806484,98.1811
700,0.0709839,-0.98448,99.2951
701,-0.0599806,0.954398,100.324
702,-0.125088,-0.956564,101.015
703,0.115815,-0.942002,102.134
704,-0.00190862,0.920504,102.985
705,-0.00810526,0.646248,103.413
706,0.0345507,-0.880228,104.25
707,-0.0575534,0.504265,104.566
708,-0.508164,-0.493271,104.566
709,-0.00342817,-0.662993,105.001
710,-0.0819301,0.692586,105.601
711,0.0348367,-0.331766,105.735
712,-0.0195625,0.970128,106.715
713,0.0149366,0.91359,107.523
714,0.0308168,-0.300173,107.632
715,-0.0175968,-0.103891,107.64
716,-0.0661292,0.995727,108.767
717,-0.0106925,0.309655,108.87
718,0.0588726,-0.759797,109.54
719,0.00493115,-0.997343,110.544
720,-0.0341926,0.920983,111.457
721,0.0174321,-0.0312508,111.459
722,-0.0114292,-0.873753,112.203
723,0.140725,-0.94084,113.373
724,-0.217164,0.686366,114.189
725,-0.0235511,-0.788503,114.774
726,0.25548,0.866267,115.147
727,0.116702,-0.565137,115.612
728,-0.0681422,-0.71747,116.034
729,0.060007,-0.770537,116.723
730,-0.0243576,0.435722,116.935
731,0.378049,0.843339,117.152
732,-0.100852,0.967942,118.294
733,-0.31294,-0.340521,118.295
734,-0.0848477,0.917671,119.3
735,0.268311,-0.116651,119.448
736,0.0191874,-0.930097,120.349
737,-0.12702,0.982471,121.58
738,0.217401,0.773683,121.89
739,0.188435,0.927361,122.436
740,-0.107178,0.986447,123.632
741,-0.416162,0.114516,123.913
742,0.0958958,0.943355,124.631
743,-0.386382,-0.64394,124.698
744,-0.063059,-0.443113,124.842
745,0.0119991,-0.997656,125.862
746,-0.422128,-0.192433,125.914
747,-0.394659,-0.999227,126.28
748,0.358608,0.14068,126.327
749,-0.064883,0.998976,127.459
750,-0.111894,0.183066,127.546
751,0.0636663,0.2843,127.595
752,5.48587e-05,-0.158872,127.62
753,-0.228099,0.997242,129.121
754,0.11647,0.999016,129.9
755,0.451877,0.451055,129.9
756,-0.0893869,0.347008,130.091
757,-0.266878,-0.28129,130.091
758,0.155174,0.936875,130.702
759,-0.517006,-0.855766,130.817
760,-0.0234027,0.994308,131.853
761,0.351971,0.176689,131.883
762,-0.00673988,0.959934,132.818
763,-0.131825,0.715901,133.536
764,0.0543261,0.2397,133.571
765,-0.113112,0.783394,134.374
766,-0.0107235,0.990421,135.377
767,0.180382,-0.705473,136.161
768,-0.269068,-0.886268,136.542
769,0.0230641,0.984607,137.467
770,0.0462585,-0.744167,138.092
771,-0.263531,0.966644,139.605
772,-0.000375857,-0.0858838,139.612
773,0.0664868,-0.99466,140.738
774,-0.0570287,0.478987,141.026
775,-9.66692e-05,-0.922747,141.877
776,-0.0903209,0.87389,142.807
777,-0.0350763,-0.991915,143.722
778,-0.0668935,0.426548,143.966
779,-0.333992,-0.974895,144.377
780,0.0718036,-0.189861,144.445
781,0.365436,0.999998,144.848
782,-0.0226815,0.992114,145.877
783,0.0787561,-0.740165,146.548
784,-0.00650521,0.817242,147.227
785,-0.168793,0.509217,147.686
786,-0.0936508,-0.491285,147.844
787,0.0718052,0.961927,148.637
788,-0.0539005,0.443488,148.884
789,-0.0152125,0.948092,149.812
790,-0.0126436,0.587636,150.172
791,0.0468233,-0.168828,150.219
792,0.0347175,0.501066,150.436
793,-0.0357549,0.818581,151.166
794,-0.0703578,-0.424786,151.292
795,-0.129453,0.745745,152.058
796,0.0189845,-0.869869,152.848
797,0.180607,-0.315549,153.094
798,0.0622922,0.976564,153.93
799,-0.158157,0.966092,155.194
800,-0.0853843,0.39435,155.424
801,0.130805,0.971291,156.131
802,-0.174876,0.443392,156.513
803,0.0190543,0.915956,157.317
804,0.238624,-0.409521,157.737
805,0.0403156,-0.449191,157.977
806,-0.0517642,0.259286,158.074
807,-0.0658521,-0.178385,158.086
808,0.180748,-0.75022,158.953
809,0.074422,-0.54683,159.339
810,0.0329189,0.96844,160.214
811,-0.0676262,0.999988,161.354
812,-0.00307806,-0.344515,161.471
813,0.00790448,0.81712,162.125
814,-0.027863,-0.682687,162.554
815,-0.0179249,0.111813,162.571
816,0.33731,-0.0984069,162.761
817,0.111789,0.208417,162.77
818,0.319113,0.925757,163.138
819,-0.0665141,-0.952775,163.924
820,-0.0687933,-0.255263,163.959
821,0.0443236,0.853647,164.614
822,0.0523319,-0.867836,165.46
823,0.103738,0.366043,165.529
824,-0.0184504,-0.953672,166.404
825,-0.0419663,-0.941352,167.213
826,0.342698,0.859951,167.48
827,0.0230286,-0.945264,168.418
828,-0.0595083,-0.953443,169.217
829,0.122225,-0.425489,169.517
830,0.00893378,0.455847,169.717
831,-0.0864585,0.181338,169.788
832,0.0200301,-0.933865,170.698
833,-0.0468369,-0.150215,170.709
834,0.279929,-0.0233526,170.801
835,-0.0392919,-0.300606,170.869
836,-0.0814502,0.728808,171.526
837,0.0214057,-0.327885,171.648
838,-0.0632549,0.985712,172.748
839,-0.120035,-0.941013,173.422
840,0.468187,0.107338,173.552
841,0.0162333,-0.320369,173.665
842,-0.389887,-0.691213,173.756
843,0.00167684,-0.976133,174.712
844,-0.030853,-0.32879,174.801
845,-0.153006,0.993641,176.116
846,0.132494,-0.0766992,176.16
847,0.118207,0.309657,176.196
848,-0.233148,-0.999732,176.784
849,-0.037742,-0.883144,177.499
850,0.0518391,0.279402,177.551
851,0.151053,-0.949853,178.763
852,0.0169022,0.00840254,178.763
853,0.0378119,-0.287162,178.868
854,-0.0262346,0.199578,178.919
855,-0.00885553,0.893964,179.734
856,-0.116494,-0.187372,179.739
857,-0.31114,-0.738179,179.922
858,-0.0813742,0.895384,180.876
859,0.0564332,0.945583,181.666
860,0.135374,-0.295672,181.852
861,-0.469333,-0.338876,181.869
862,-0.00191384,0.3952,182.027
863,0.328854,0.714513,182.176
864,0.16788,0.358983,182.212
865,-0.20143,0.48183,182.679
866,-0.133554,0.761462,183.48
867,0.100994,-0.919242,184.521
868,-0.02074,-0.615144,184.874
869,0.0417212,-0.0540734,184.883
870,-0.14914,-0.984275,185.581
871,0.247817,0.330399,185.588
872,-0.056129,0.984094,186.67
873,-0.0569781,-0.258644,186.71
874,-0.0946433,0.141413,186.766
875,0.0798202,0.38219,186.858
876,-0.0961887,0.304925,187.018
877,-0.0728293,0.54319,187.398
878,0.112291,-0.985014,188.602
879,-0.0733052,0.0128028,188.609
880,-0.0891287,0.999909,189.795
881,0.322625,0.990779,190.242
882,-0.124683,0.916742,191.326
883,0.000451415,0.442774,191.522
884,0.0192609,-0.968058,192.497
885,0.0408165,-0.572782,192.873
886,-0.0130523,0.958651,193.818
887,-0.0179959,-0.136855,193.832
888,-0.0766234,-0.472456,193.988
889,0.00944131,0.915061,194.808
890,-0.0613926,-0.963465,195.622
891,0.144683,-0.89468,196.702
892,-0.340353,-0.75409,196.874
893,-0.0165904,-0.230135,196.919
894,-0.0434378,-0.144533,196.929
895,0.0535647,0.452198,197.088
896,0.0382308,-0.443086,197.32
897,0.0345574,-0.971202,198.332
898,-0.110063,0.774178,199.114
899,0.0437683,-0.298936,199.231
900,-0.0715093,0.47802,199.533
901,-0.144063,-0.571892,199.716
902,-0.0899494,0.541714,200.115
903,-0.412059,-0.961707,200.417
904,-0.0502905,0.685119,200.958
905,0.00350646,-0.363902,201.093
906,-0.238235,-0.995521,201.666
907,0.102596,-0.96791,202.812
908,-0.0536339,0.250655,202.905
909,0.0492617,-0.823932,203.667
910,-0.0642207,-0.20368,203.687
911,-0.246084,-0.696727,203.89
912,-0.265429,-0.645606,204.034
913,0.198856,-0.809764,205.052
914,-0.0265635,0.929062,205.965
915,0.138342,0.124824,205.965
916,-0.119025,-0.411387,206.051
917,-0.0578907,-0.929191,206.81
918,-0.153868,-0.384419,206.863
919,0.18647,0.418381,206.917
920,0.0344422,0.998533,207.846
921,0.177718,-0.356632,208.132
922,-0.0116533,0.86625,208.902
923,0.0237328,-0.179743,208.944
924,-0.029432,0.990789,209.985
925,0.0696082,0.695115,210.376
926,0.168462,-0.504426,210.829
927,-0.158534,0.83646,211.819
928,-0.135417,-0.608208,212.042
929,0.0958251,-0.51428,212.415
930,0.0250436,0.50433,212.644
931,0.120213,-0.971585,213.836
932,0.183817,-0.532375,214.349
933,0.206949,0.718536,214.611
934,-0.253919,-0.964939,215.116
935,-0.135173,0.962619,216.322
936,-0.0361165,-0.56265,216.599
937,0.0719472,-0.94462,217.632
938,-0.105342,-0.726767,218.018
939,0.124049,-0.929293,219.128
940,-0.140005,-0.60681,219.346
941,-0.607274,-0.684782,219.352
942,0.29467,0.566034,219.426
943,-0.381775,-0.372603,219.426
944,0.0501873,-0.727797,220.031
945,-0.138727,0.577048,220.543
946,0.0600631,0.567823,220.801
947,-0.102708,-0.0124236,220.809
948,-0.124727,-0.467838,220.927
949,0.108145,-0.941009,222.028
950,0.396517,0.9976,222.389
951,0.0104851,-0.733777,222.943
952,-0.250639,0.516462,223.531
953,-0.0242035,-0.633109,223.902
954,0.0053157,1,224.891
955,-0.0669098,0.000868336,224.896
956,-0.103114,0.0137921,224.91
957,-0.0423045,-0.95984,225.752
958,-0.0133474,-0.223367,225.796
959,-0.0360802,-0.75123,226.307
960,-0.422788,-0.866289,226.504
961,0.319901,0.780122,226.716
962,0.135449,0.590063,226.922
963,-0.116375,-0.642032,227.199
964,-0.304276,-0.915482,227.572
965,0.0471388,0.310085,227.641
966,0.399484,0.966133,227.962
967,0.167413,-0.827348,228.952
968,-0.210031,0.933534,230.26
969,0.0360336,0.719322,230.727
970,-0.0942542,0.927345,231.77
971,-0.0796211,0.527436,232.139
972,0.044412,-0.997977,233.225
973,-0.0700126,0.120439,233.262
974,0.0523874,-0.427789,233.492
975,-0.0586102,0.806048,234.24
976,-0.0511293,0.987452,235.318
977,0.259035,0.92864,235.767
978,-0.0147077,-0.753848,236.313
979,-0.0469275,-0.436127,236.465
980,0.126195,0.958818,237.158
981,-0.106764,0.691792,237.796
982,0.0727761,0.774976,238.289
983,0.0637176,0.999307,239.164
984,0.0865434,-0.438243,239.439
985,0.0267019,0.929176,240.254
986,0.0110824,0.849121,240.956
987,0.234965,0.790028,241.264
988,0.290042,-0.512405,241.908
989,0.0358691,0.883734,242.627
990,-0.120781,0.321576,242.823
991,0.0993893,0.22505,242.839
992,-0.0260612,0.987681,243.866
993,0.0766239,-0.862409,244.748
994,-0.196581,0.280065,244.975
995,-0.00410175,0.0672147,244.98
996,0.0716873,0.0718008,244.98
997,-0.378081,-0.893666,245.246
998,-0.129607,0.674671,245.893
999,0.0181086,-0.996482,246.922
1000,-0.234896,-0.720181,247.158
1001,0.0612052,-0.999123,248.282
1002,-0.0755297,0.869181,249.175
1003,-0.0289926,0.344108,249.314
1004,-0.197133,0.0744772,249.388
1005,-0.0817766,-0.981145,250.197
1006,0.177473,0.528825,250.32
1007,-0.349155,-0.888874,250.611
1008,0.0235409,-0.0537665,250.617
1009,0.117445,0.769677,251.043
1010,-0.100174,0.906384,252.056
1011,0.361131,0.255806,252.067
1012,0.0706238,0.908361,252.769
1013,-0.00247229,-0.941977,253.651
1014,0.0138777,0.028366,253.652
1015,-0.0576278,0.855812,254.486
1016,0.120636,0.774967,254.914
1017,-0.0477756,0.595662,255.328
1018,0.108558,0.999937,256.123
1019,0.178077,0.722372,256.419
1020,-0.0715232,-0.999865,257.281
1021,-0.0462532,0.346667,257.435
1022,0.0780521,-0.601285,257.897
1023,-0.0358634,0.92071,258.812
1024,0.0248506,0.79395,259.403
1025,-0.11145,-0.35674,259.463
1026,-0.0913789,0.599057,259.94
1027,0.0708253,0.991912,260.788
1028,-0.122287,0.569508,261.267
1029,0.101487,-0.599374,261.758
1030,0.0168826,0.535162,262.027
1031,0.122688,0.839349,262.54
1032,0.30728,0.999429,263.02
1033,0.0990165,-0.167377,263.09
1034,-0.0654999,-0.968789,263.906
1035,-0.0177957,-0.885687,264.66
1036,-0.0120729,0.0347544,264.662
1037,-0.0518402,0.999304,265.767
1038,-0.0161077,-0.313732,265.855
1039,0.150344,0.857685,266.356
1040,-0.415891,-0.680721,266.426
1041,0.0833351,-0.791338,267.191
1042,0.410075,0.792204,267.337
1043,0.0759889,0.824748,267.897
1044,-0.218854,-0.98955,268.491
1045,0.317559,0.989054,268.942
1046,-0.0331217,0.579969,269.318
1047,-0.152006,0.708981,270.06
1048,-0.15071,-0.0212029,270.076
1049,0.203557,-0.146255,270.199
1050,0.126545,0.497121,270.336
1051,0.0374615,-0.739664,270.94
1052,-0.163733,0.856629,271.981
1053,0.112623,0.00578406,271.993
1054,-0.11635,0.93253,273.093
1055,-0.092452,-0.947221,273.823
1056,0.0895294,-0.317044,273.989
1057,-0.271587,0.366935,274.396
1058,-0.00827735,0.890698,275.204
1059,-0.330759,-0.977548,275.623
1060,0.102556,-0.654471,276.196
1061,-0.258589,-0.963385,276.693
1062,0.00289404,0.763062,277.27
1063,-0.144808,-0.722743,277.604
1064,-0.00727588,0.997961,278.615
1065,-0.0218151,-0.931293,279.442
1066,-0.000647766,-0.999999,280.441
1067,-0.069096,-0.243373,280.471
1068,-0.132606,0.925403,281.591
1069,-0.0409375,0.73286,282.189
1070,-0.121613,0.974991,283.392
1071,0.128355,0.0817565,283.394
1072,-0.23146,0.309728,283.687
1073,-0.0541421,0.984852,284.766
1074,0.00628342,0.657278,285.19
1075,-0.0367701,0.983257,286.231
1076,-0.0844352,0.894306,287.189
1077,-0.0445923,0.531874,287.521
1078,-0.0838479,-0.955807,288.281
1079,-0.0740444,-0.549746,288.508
1080,-0.0298574,0.183719,288.553
1081,0.0967889,-0.0965697,288.591
1082,0.105913,0.999855,289.39
1083,0.140466,-0.996444,290.682
1084,0.110376,0.663009,290.988
1085,-0.27644,-0.66742,291.141
1086,-0.201641,-0.97312,291.736
1087,-0.465915,-0.68545,291.784
1088,-0.122237,0.383011,292.039
1089,0.232279,-0.352218,292.381
1090,-0.0160329,-0.957088,293.266
1091,0.124691,0.561716,293.457
1092,0.0500608,-0.608995,293.892
1093,-0.134473,-0.123216,293.892
1094,0.177827,0.269534,293.9
1095,0.0188187,-0.756278,294.501
1096,-0.0609389,0.946827,295.517
1097,0.0314712,-0.0292942,295.52
1098,-0.0468624,-0.834905,296.141
1099,-0.00688613,0.467529,296.366
1100,-0.00474792,-0.235818,296.42
1101,-0.0437005,-0.412653,296.556
1102,-0.0833226,0.46724,296.859
1103,-0.00434227,0.00899138,296.859
1104,-0.00349497,0.821679,297.54
1105,0.0880734,0.866161,298.146
1106,-0.0631138,-0.861092,298.782
1107,-0.122438,0.905573,299.839
1108,-0.0161825,0.5917,300.209
1109,-0.0932044,0.563007,300.639
1110,-0.0189358,0.0122725,300.64
1111,0.222853,0.971894,301.201
1112,-0.0374562,0.0544293,301.21
1113,-0.318533,-0.199672,301.224
1114,-0.0166719,-0.542822,301.501
1115,0.0298757,-0.972158,302.505
1116,0.0500805,-0.916418,303.439
1117,-0.0863943,-0.125824,303.44
1118,-0.0854721,-0.971384,304.225
1119,0.0274992,-0.988168,305.257
1120,-0.0199229,0.507633,305.535
1121,0.0543333,-0.880185,306.409
1122,0.111419,-0.535858,306.827
1123,0.495143,0.505118,306.828
1124,0.423564,0.933168,307.087
1125,0.206342,0.779315,307.416
1126,0.135971,0.682879,307.715
1127,0.24073,0.652397,307.884
1128,-0.111576,0.410599,308.157
1129,-0.0634443,0.0294198,308.165
1130,-0.0611336,0.97268,309.234
1131,-0.239714,-0.865772,309.626
1132,0.00961865,-0.0920099,309.636
1133,0.126514,0.251688,309.652
1134,-0.00153995,0.0677109,309.657
1135,0.0533249,-0.982147,310.729
1136,0.0400901,0.55009,310.989
1137,-0.359677,-0.978703,311.372
1138,0.111023,-0.488687,311.732
1139,0.0993571,-0.449953,312.034
1140,0.0566067,0.999994,312.924
1141,0.0543489,0.633523,313.259
1142,0.155284,-0.837706,314.245
1143,-0.0506138,-0.263568,314.291
1144,-0.05969,-0.23205,314.32
1145,-0.0128761,-0.519685,314.577
1146,-0.168528,0.379701,314.878
1147,-0.252995,-0.991318,315.423
1148,-0.193025,-0.301088,315.435
1149,-0.0804162,0.917197,316.43
1150,0.0059833,0.745826,316.977
1151,0.0746375,-0.985237,318.101
1152,-0.0813446,-0.353654,318.175
1153,0.0134781,0.99962,319.147
1154,-0.0460008,0.856237,319.961
1155,0.0616627,0.882511,320.635
1156,-0.0732791,0.925363,321.632
1157,0.105792,-0.57077,322.09
1158,0.131582,0.434141,322.182
1159,-0.237842,-0.394403,322.206
1160,0.0185206,0.995972,323.161
1161,0.0119262,-0.918506,324.027
1162,0.0245172,0.90566,324.804
1163,0.161585,-0.572184,325.342
1164,0.0695172,0.271026,325.383
1165,-0.0301094,0.891145,326.231
1166,0.0774432,-0.0500877,326.248
1167,-0.289174,0.481706,326.842
1168,-0.140899,-0.975517,327.538
1169,0.11138,-0.0928744,327.58
1170,0.0613273,0.97199,328.409
1171,-0.0296862,-0.982089,329.316
1172,-0.0643475,0.529836,329.67
1173,0.338694,0.995401,330.101
1174,0.0398485,-0.466517,330.357
1175,-0.0538354,0.528635,330.696
1176,-0.000932385,0.751114,331.262
1177,-0.0149262,0.742096,331.835
1178,0.120656,-0.607324,332.365
1179,-0.06344,0.46524,332.645
1180,-0.0447404,0.551292,333
1181,-0.179823,-0.899754,333.518
1182,-0.0307189,0.814156,334.232
1183,-0.00850259,0.892466,335.044
1184,-0.270487,-0.924632,335.472
1185,-0.2049,0.0866958,335.557
1186,0.0903086,-0.746548,336.257
1187,-0.0964631,-0.345877,336.319
1188,0.102736,0.608199,336.575
1189,0.161671,-0.786474,337.474
1190,0.0620169,-0.807469,338.23
1191,0.143677,0.160169,338.23
1192,0.155494,0.760765,338.596
1193,-0.628126,-0.330039,338.685
1194,-0.0703655,-0.535859,338.902
1195,-0.0452946,0.996462,339.987
1196,0.04213,-0.813064,340.718
1197,0.0415161,0.140488,340.728
1198,-0.0168105,0.999789,341.762
1199,0.212921,0.210078,341.762
1200,0.359243,0.434027,341.767
1201,-0.0473549,0.287883,341.88
1202,-0.0910011,0.998287,343.066
1203,-0.00794216,-0.146663,343.085
1204,0.249424,0.98948,343.633
1205,0.0631363,-0.995399,344.754
1206,0.139493,0.171329,344.755
1207,-0.451738,-0.30014,344.778
1208,-0.0722518,0.770081,345.487
1209,0.145843,0.666415,345.758
1210,-0.00236602,0.257494,345.826
1211,0.0898869,-0.0575001,345.847
1212,0.119713,-0.707382,346.532
1213,0.00933088,-0.675667,347.001
1214,-0.00362604,-0.968547,347.932
1215,0.25756,0.757632,348.182
1216,0.133392,0.511883,348.325
1217,-0.0276436,0.941981,349.265
1218,0.0963787,0.828416,349.801
1219,0.259184,0.82607,350.123
1220,0.116284,-0.942688,351.244
1221,-0.0069625,-0.689183,351.709
1222,-0.0278611,0.691958,352.228
1223,-0.0821788,0.831251,353.062
1224,0.174225,0.0447764,353.079
1225,-0.00258703,-0.595813,353.431
1226,-0.0675686,0.426128,353.674
1227,-0.0598517,0.937575,354.669
1228,-0.0209251,0.568493,355.017
1229,-0.080895,-0.420034,355.132
1230,-0.0724322,-0.244672,355.161
1231,0.102444,-0.767369,355.918
1232,0.0697453,-0.885993,356.831
1233,-0.0140977,0.716155,357.365
1234,0.0515822,-0.407456,357.575
1235,0.111538,-0.970208,358.745
1236,-0.0844109,-0.981026,359.549
1237,0.0585651,-0.985342,360.639
1238,0.15902,-0.928421,361.822
1239,-0.364999,-0.83285,362.041
1240,-0.0672436,0.920679,363.016
1241,-0.0415541,0.598165,363.426
1242,0.0997147,-0.390094,363.666
1243,0.138097,-0.0093165,363.687
1244,-0.0599731,0.113744,363.718
1245,0.164685,0.0787655,363.725
1246,0.0313282,0.789035,364.299
1247,0.4713,0.174402,364.387
1248,-0.0929603,-0.0466143,364.389
1249,-0.270815,0.434283,364.887
1250,0.0329209,-0.99041,365.934
1251,-0.102787,0.679263,366.545
1252,0.0999263,0.800242,367.036
1253,-0.041786,0.250373,367.121
1254,-0.00404729,-0.971219,368.057
1255,0.140936,-0.94832,369.243
1256,-0.026085,0.853216,370.016
1257,-0.343049,-0.997126,370.444
1258,-0.0142966,0.156743,370.473
1259,-0.0511332,0.908278,371.394
1260,0.0960928,0.921271,372.075
1261,0.0811959,0.721706,372.485
1262,-0.272383,-0.996143,373.009
1263,0.0819478,-0.775879,373.745
1264,0.0736719,-0.887647,374.669
1265,-0.0824965,-0.986968,375.487
1266,-0.0335257,-0.812794,376.094
1267,-0.166696,0.951935,377.345
1268,0.100409,0.546162,377.544
1269,-0.473294,-0.700489,377.596
1270,0.115302,-0.798524,378.431
1271,-0.246574,-0.0314845,378.477
1272,-0.0228607,-0.590042,378.799
1273,0.463765,0.747509,378.879
1274,-0.56455,-0.118816,379.078
1275,-0.109671,0.959265,380.221
1276,0.230369,0.993933,380.804
1277,0.0173693,-0.33706,380.929
1278,-0.0144841,-0.116507,380.94
1279,-0.0312028,-0.936487,381.759
1280,-0.272309,0.564914,382.46
1281,-0.0677422,-0.976308,383.286
1282,0.373519,0.369036,383.286
1283,0.0269809,-0.982501,384.305
1284,0.0573969,-0.874826,385.174
1285,-0.286426,-0.992864,385.673
1286,-0.397612,-0.749226,385.796
1287,0.0713418,0.666336,386.15
1288,-0.388406,-0.754398,386.284
1289,-0.0350208,0.428271,386.499
1290,-0.369082,-0.999573,386.897
1291,0.163633,0.889623,387.424
1292,-0.280226,-0.301757,387.424
1293,0.0762284,-0.967834,388.514
1294,-0.026201,-0.89991,389.277
1295,-4.90246e-05,-0.311134,389.374
1296,0.0305485,-0.456217,389.611
1297,0.0203767,0.985578,390.543
1298,0.0316614,-0.644077,390.999
1299,-0.0997984,0.952902,392.108
1300,0.109344,-0.493301,392.471
1301,0.011362,-0.956725,393.408
1302,0.0579924,0.85295,394.04
1303,0.0107463,-0.351646,394.171
1304,0.00194836,-0.983246,395.142
1305,-0.0533503,0.461467,395.407
1306,0.0340697,0.189998,395.431
1307,-0.192863,0.954527,396.748
1308,0.0379413,-0.93898,397.702
1309,0.0363617,0.979954,398.592
1310,0.102066,-0.999649,399.806
1311,-0.208697,-0.91097,400.299
1312,0.145528,0.951171,400.948
1313,0.161966,-0.350108,401.211
1314,-0.436031,-0.061502,401.351
1315,-0.154079,0.900529,402.463
1316,0.0964294,-0.136758,402.518
1317,-0.0328542,0.9619,403.507
1318,-0.242201,-0.487681,403.567
1319,0.205564,0.706743,403.819
1320,0.115989,-0.939136,404.932
1321,-0.0319274,0.385408,405.106
1322,-0.206098,0.987101,406.53
1323,0.0750039,0.504661,406.714
1324,-0.0190135,-0.14815,406.731
1325,-0.372665,-0.515417,406.751
1326,0.0317878,0.397812,406.885
1327,0.0474914,-0.517377,407.204
1328,0.0667533,-0.643227,407.709
1329,0.119394,0.175444,407.712
1330,-0.450946,-0.99992,408.013
1331,0.248964,0.441659,408.05
1332,-0.16709,0.932913,409.26
1333,-0.533894,-0.713332,409.292
1334,0.150354,0.192805,409.294
1335,-0.17532,-0.587241,409.464
1336,0.019177,-0.869746,410.254
1337,-0.012645,-0.772792,410.832
1338,-0.0635963,-0.198713,410.85
1339,0.0957341,0.962147,411.601
1340,0.205029,0.213196,411.601
1341,0.11117,0.514111,411.763
1342,0.0597867,0.763224,412.258
1343,0.0458963,-0.197045,412.317
1344,0.285002,0.728491,412.514
1345,-0.10672,-0.992038,413.298
1346,-0.265241,0.000953035,413.368
1347,-0.280131,-0.0183061,413.437
1348,0.160581,-0.98988,414.76
1349,0.0207935,-0.910346,415.628
1350,-0.0788215,0.914135,416.613
1351,-0.104682,0.47344,416.948
1352,-0.0342193,-0.444853,417.116
1353,-0.0525612,-0.802616,417.679
1354,-0.00114857,0.986624,418.655
1355,-0.0583056,-0.904994,419.371
1356,-0.105838,0.830527,420.248
1357,0.0399121,-0.0653066,420.259
1358,-0.096528,0.494097,420.608
1359,0.0168531,-0.527308,420.904
1360,-0.11789,0.998612,422.151
1361,-0.0271122,-0.0994782,422.156
1362,-0.00677407,0.682381,422.631
1363,-0.00841816,-0.98449,423.584
1364,-0.111561,0.992045,424.802
1365,0.0340467,-0.593061,425.195
1366,-0.00105687,0.594267,425.549
1367,-0.214742,0.72569,426.434
1368,-0.0591011,0.93082,427.414
1369,-0.0633426,0.445789,427.673
1370,0.239261,0.33037,427.681
1371,-0.208165,0.590191,428.319
1372,-0.1379,-0.145837,428.319
1373,0.107944,-0.991983,429.529
1374,-0.338928,-0.916101,429.862
1375,-0.079736,0.753403,430.556
1376,0.0198252,0.997401,431.511
1377,-0.0233894,0.258858,431.591
1378,0.00976236,-0.958104,432.528
1379,0.153546,-0.641868,433.161
1380,0.0205637,-0.0314467,433.163
1381,-0.0276795,0.596724,433.553
1382,-0.0526771,0.8688,434.402
1383,0.0926728,-0.703472,435.036
1384,-0.0766669,0.0591321,435.055
1385,-0.000518851,0.265463,435.125
1386,-0.0831516,-0.740948,435.558
1387,-0.0111561,0.952525,436.487
1388,0.0405396,0.0883865,436.489
1389,-0.011554,0.989355,437.491
1390,0.0625022,-0.371375,437.679
1391,-0.0725683,-0.38207,437.775
1392,0.0321242,-0.640037,438.227
1393,0.0993882,-0.17833,438.304
1394,0.0443952,0.829896,438.921
1395,-0.0969827,0.0169193,438.934
1396,0.407823,0.654307,438.994
1397,-0.102834,-0.638336,439.281
1398,-0.107961,-0.81371,439.779
1399,-0.00106738,-0.767337,440.366
1400,0.0781813,0.415352,440.48
1401,-0.0734306,-0.828487,441.05
1402,-0.216199,0.116804,441.161
1403,0.0862884,-0.691964,441.767
1404,0.13507,-0.888246,442.814
1405,0.289044,0.861608,443.142
1406,-0.0885056,0.455055,443.437
1407,-0.0474789,0.247774,443.524
1408,0.0873262,0.921979,444.221
1409,-0.0545575,-0.885265,444.911
1410,0.0941147,-0.635683,445.444
1411,-0.148897,0.977369,446.712
1412,0.116495,0.616141,446.962
1413,-0.00523667,0.207546,447.007
1414,0.183653,-0.765226,447.908
1415,-0.0179144,-0.227166,447.951
1416,-0.0607684,-0.704888,448.366
1417,-0.132955,0.913591,449.461
1418,0.0973704,0.731897,449.864
1419,-0.341647,-0.998142,450.295
1420,0.0358925,-0.810238,451.011
1421,0.0682284,0.976984,451.837
1422,0.033192,0.762225,452.368
1423,-0.0660816,0.282221,452.49
1424,-0.0567098,0.42913,452.726
1425,-0.167119,0.984796,454.053
1426,0.139679,0.765271,454.444
1427,-0.0702182,-0.591109,454.715
1428,0.0636194,0.170375,454.727
1429,0.194922,-0.49401,455.201
1430,-0.296634,-0.657539,455.332
1431,-0.119159,-0.140539,455.332
1432,0.159068,-0.700365,456.071
1433,0.12993,0.998743,456.826
1434,-0.0860872,-0.329359,456.885
1435,0.06171,-0.185796,456.946
1436,0.267436,0.332484,456.95
1437,-0.0684842,0.998427,458.088
1438,-0.132625,-0.81211,458.55
1439,0.0463557,-0.308356,458.676
1440,0.129265,-0.999943,459.951
1441,-0.377836,-0.970681,460.303
1442,-0.0566424,0.720489,460.907
1443,0.0265587,-0.609755,461.311
1444,0.00682745,-0.999916,462.325
1445,0.0812664,0.100949,462.325
1446,-0.0827506,-0.567939,462.561
1447,0.0210509,0.449541,462.744
1448,0.0599342,0.142791,462.751
1449,-0.00242873,0.797546,463.391
1450,0.0736533,-0.989893,464.522
1451,0.176328,-0.565702,465.073
1452,-0.0646621,0.0867252,465.096
1453,-0.0350706,0.389454,465.276
1454,-0.0997966,0.990367,466.465
1455,-0.228978,-0.122333,466.476
1456,-0.107548,-0.338117,466.529
1457,0.143848,-0.998253,467.833
1458,0.0511079,-0.797518,468.554
1459,0.0152336,0.418169,468.716
1460,0.0795639,-0.635583,469.227
1461,0.0187397,0.999124,470.189
1462,0.0591195,-0.989791,471.289
1463,-0.0231406,0.952873,472.241
1464,0.0316256,0.20993,472.273
1465,0.103863,0.353855,472.336
1466,-0.274827,-0.754789,472.566
1467,-0.0741182,-0.421406,472.687
1468,0.0489896,-0.787324,473.386
1469,-0.0769031,-0.543249,473.604
1470,-0.0607071,-0.295935,473.659
1471,-0.0530924,-0.948659,474.461
1472,0.109512,-0.295502,474.625
1473,-0.438039,-0.893882,474.833
1474,-0.0136586,-0.937798,475.687
1475,-0.11244,-0.659157,475.986
1476,-0.173942,0.988348,477.337
1477,0.143876,-0.0798135,477.387
1478,0.13135,-0.817864,478.288
1479,-0.133368,0.995369,479.562
1480,-0.103613,-0.390255,479.644
1481,0.0368714,-0.495635,479.927
1482,0.0220031,0.896836,480.693
1483,-0.0983145,0.99998,481.899
1484,-0.259709,-0.0558342,481.941
1485,0.150245,-0.931399,483.11
1486,-0.0827059,-0.130829,483.113
1487,0.057679,-0.933771,484.096
1488,0.0456582,-0.525124,484.422
1489,0.115547,-0.226413,484.539
1490,-0.246248,-0.877309,484.937
1491,-0.0581418,0.967029,485.988
1492,-0.022252,0.515947,486.277
1493,0.00389357,-0.718777,486.8
1494,-0.0644384,-0.696559,487.199
1495,-0.135944,0.150205,487.281
1496,0.0499307,0.959863,488.109
1497,-0.0715026,0.809644,488.885
1498,0.0339954,0.954937,489.734
1499,-0.0385325,0.996613,490.805
1500,-0.19505,-0.806164,491.179
1501,-0.317641,-0.996912,491.64
1502,0.0959689,-0.262203,491.768
1503,-0.0348765,0.947862,492.734
1504,0.0392886,0.780724,493.284
1505,-0.0171715,0.000917992,493.284
1506,0.190058,0.820702,493.682
1507,0.132715,-0.922061,494.794
1508,-0.0110897,-0.250457,494.852
1509,-0.0731947,-0.720751,495.271
1510,0.0791579,-0.989752,496.414
1511,-0.187778,0.314099,496.665
1512,-0.00347153,0.644886,497.086
1513,0.0154779,0.998656,498.052
1514,0.0347834,-0.998329,499.12
1515,-0.337334,-0.928264,499.469
1516,0.00488741,0.451157,499.668
1517,0.221748,-0.997151,501.154
1518,-0.0823772,-0.925631,501.865
1519,-0.146326,0.137261,501.945
1520,0.037933,0.141021,501.956
1521,-0.330476,-0.896348,502.276
1522,-0.0207522,-0.288638,502.348
1523,0.0268276,-0.297949,502.453
1524,0.12244,0.346237,502.504
1525,-0.136598,0.986081,503.764
1526,-0.023082,-0.879972,504.498
1527,-0.0525898,0.999218,505.604
1528,-0.220714,-0.917781,506.09
1529,0.0716626,-0.666848,506.636
1530,0.0701457,-0.684852,507.206
1531,-0.0419534,0.999366,508.29
1532,-0.0764001,0.390339,508.508
1533,-0.0864822,0.989098,509.665
1534,-0.0322538,0.812266,510.378
1535,-0.0673594,-0.040869,510.379
1536,0.0199558,0.0854366,510.383
1537,-0.0782359,0.965491,511.472
1538,0.0112155,0.431683,511.649
1539,0.0324541,-0.498455,511.931
1540,0.74879,-0.997726,514.981
1541,0.104366,0.0792007,514.982
1542,0.377585,0.189842,515.017
1543,-0.150423,0.114702,515.088
1544,-0.0677763,0.157964,515.139
1545,-0.061741,0.688069,515.701
1546,-0.393066,-0.0727695,515.803
1547,-0.0611157,-0.651453,516.152
1548,-0.0364324,0.621935,516.585
1549,0.0719529,0.354345,516.665
1550,-0.0650261,-0.113345,516.667
1551,0.114216,0.973355,517.406
1552,0.0485587,-0.136389,517.44
1553,-0.121812,-0.788479,517.884
1554,0.497493,0.728826,517.938
1555,-0.0557608,-0.852367,518.572
1556,-0.272202,0.134494,518.738
1557,-0.00168582,0.539908,519.031
1558,0.00212417,-0.777378,519.639
1559,0.0484784,-0.990214,520.717
1560,0.0567734,-0.0894682,520.739
1561,0.0128202,-0.137649,520.762
1562,0.0283565,0.998792,521.703
1563,-0.020912,0.89028,522.534
1564,0.000440146,0.484869,522.768
1565,-0.0653898,-0.922849,523.503
1566,0.0205579,0.163787,523.524
1567,0.393796,0.227018,523.552
1568,0.0461536,-0.734138,524.161
1569,-0.113837,0.793583,524.984
1570,0.106902,-0.319653,525.166
1571,-0.120841,-0.0199703,525.176
1572,0.0149079,-0.218074,525.23
1573,0.00133591,-0.0230579,525.231
1574,0.016434,0.555835,525.522
1575,0.198768,-0.363916,525.839
1576,-0.0687201,-0.775437,526.338
1577,0.0823057,-0.389794,526.561
1578,0.610244,0.172479,526.753
1579,0.105346,-0.796548,527.566
1580,0.175278,0.793325,527.948
1581,0.0934621,-0.958305,529.054
1582,-0.0864345,-0.601705,529.32
1583,0.275313,0.989808,529.83
1584,0.0125372,-0.637374,530.253
1585,0.0969874,0.611003,530.517
1586,-0.0921362,0.430654,530.79
1587,-0.017737,0.710873,531.321
1588,0.0665224,-0.9622,532.379
1589,-0.172148,-0.880171,532.881
1590,0.0107782,0.91246,533.694
1591,0.0896026,-0.791757,534.47
1592,0.211171,-0.998771,535.934
1593,0.0349645,0.978776,536.825
1594,-0.223941,-0.28308,536.829
1595,-0.169263,0.431476,537.189
1596,0.0492038,0.956794,538.013
1597,0.233192,-0.0939466,538.12
1598,0.0534529,-0.925547,539.079
1599,-0.045642,0.44056,539.315
1600,0.024869,-0.987445,540.34
1601,0.0615364,-0.873656,541.214
1602,0.0133665,-0.773355,541.833
1603,-0.230584,-0.434245,541.875
1604,0.418521,0.910679,542.117
1605,0.0331546,-0.940625,543.065
1606,-0.108866,0.918897,544.122
1607,0.272913,0.833363,544.436
1608,0.0420728,0.768098,544.963
1609,0.215664,-0.0652786,545.042
1610,0.0804621,-0.0493779,545.059
1611,0.293642,0.999554,545.557
1612,0.00197893,0.828262,546.24
1613,0.162388,0.328652,546.267
1614,0.059743,-0.091253,546.29
1615,-0.0647369,-0.544863,546.521
1616,0.0747902,-0.96919,547.61
1617,0.0160514,-0.532137,547.911
1618,0.112948,-0.870256,548.878
1619,-0.0139128,0.0801939,548.887
1620,0.027489,-0.973587,549.889
1621,0.196355,0.421286,549.939
1622,0.0128156,-0.903314,550.779
1623,0.146531,-0.964822,552.014
1624,0.246284,0.654882,552.181
1625,0.218501,0.999987,552.791
1626,-0.0747773,0.287617,552.923
1627,0.130844,0.143932,552.923
1628,-0.322586,-0.284547,552.924
1629,-0.147032,0.669346,553.591
1630,0.155805,-0.983278,554.888
1631,-0.102066,0.635264,555.432
1632,0.171178,0.609775,555.624
1633,-0.0035443,-0.719879,556.137
1634,-0.0495009,0.971505,557.18
1635,0.228082,0.779778,557.484
1636,-0.0185492,0.678471,557.97
1637,-0.0540944,0.768752,558.647
1638,-0.0358628,-0.960052,559.501
1639,0.124218,0.995154,560.26
1640,0.189715,0.968887,560.867
1641,0.379444,0.990375,561.24
1642,0.1638,-0.827403,562.223
1643,-0.362857,-0.944961,562.562
1644,-0.212876,0.560041,563.159
1645,0.139936,0.409261,563.231
1646,-0.0654301,0.796999,563.975
1647,-0.423339,-0.961251,564.265
1648,-0.088077,0.653267,564.814
1649,0.0449206,-0.943601,565.791
1650,0.0220335,-0.682396,566.288
1651,0.00692326,0.601232,566.641
1652,-0.327844,-0.551955,566.691
1653,0.152142,-0.777548,567.555
1654,-0.0392546,-0.838849,568.195
1655,0.0199477,0.872662,568.922
1656,0.369263,0.958141,569.269
1657,-0.344669,-0.946506,569.631
1658,-0.102498,-0.305896,569.672
1659,0.367258,0.775811,569.839
1660,-0.144616,0.762479,570.662
1661,-0.0994061,0.995389,571.86
1662,0.34607,0.95698,572.234
1663,0.00159939,0.402662,572.395
1664,-0.0565815,-0.764417,572.896
1665,-0.0273035,0.799112,573.579
1666,-0.0548295,0.790008,574.292
1667,-0.363705,-0.998572,574.695
1668,-0.049225,-0.206499,574.72
1669,0.0975905,-0.880813,575.677
1670,-0.109517,-0.437305,575.785
1671,-0.0128351,0.996171,576.803
1672,-0.019693,0.993797,577.83
1673,0.158609,-0.92506,579.004
1674,-0.0675211,0.857968,579.861
1675,0.0219637,0.990429,580.799
1676,0.349622,0.903353,581.105
1677,-0.389405,-0.928431,581.396
1678,-0.145831,0.316829,581.61
1679,0.296304,0.341868,581.612
1680,-0.0364051,0.199499,581.668
1681,-0.0941523,0.855315,582.569
1682,-0.0273341,-0.871344,583.282
1683,0.00348709,-0.98401,584.257
1684,0.140101,0.591843,584.461
1685,-0.225469,-0.420972,584.499
1686,-0.21935,-0.126144,584.508
1687,0.0773966,-0.845793,585.36
1688,-0.0562842,-0.700785,585.775
1689,0.0548164,-0.299566,585.901
1690,-0.0668081,0.209344,585.977
1691,-0.0395889,-0.745727,586.476
1692,0.109649,-0.81263,587.326
1693,0.0846106,-0.97751,588.455
1694,0.0449449,0.148968,588.465
1695,-0.0898195,0.925906,589.497
1696,0.0438701,0.516017,589.72
1697,-0.00764007,0.691455,590.209
1698,-0.0145609,-0.18232,590.237
1699,-0.0626146,0.909671,591.182
1700,0.0584796,-0.638628,591.668
1701,0.00354139,0.463982,591.88
1702,0.0541468,-0.868739,592.732
1703,-0.12019,0.967286,593.915
1704,0.0366957,0.777292,594.463
1705,0.0624806,0.558316,594.709
1706,-0.166281,-0.661449,594.954
1707,-0.286944,-0.175864,594.966
1708,0.0442527,-0.998045,596.053
1709,-0.0671556,-0.678255,596.426
1710,-0.178672,-0.898736,596.945
1711,0.154137,-0.561369,597.457
1712,-0.00788395,-0.748442,598.005
1713,-0.0220021,0.997657,599.045
1714,0.194978,0.971823,599.648
1715,0.122918,-0.259187,599.794
1716,-0.228716,0.988285,601.275
1717,-0.764289,-0.413347,601.399
1718,0.0473714,0.976713,602.262
1719,-0.343655,-0.912561,602.586
1720,-0.1151,-0.361737,602.647
1721,0.368833,0.205628,602.673
1722,0.038608,-0.749607,603.295
1723,0.0248645,-0.929815,604.206
1724,-0.0995789,0.367457,604.424
1725,-0.00285289,0.809027,605.083
1726,-0.117609,0.878143,606.075
1727,-0.218129,-0.190147,606.076
1728,0.0353826,0.400349,606.209
1729,-0.220794,-0.904556,606.676
1730,-0.0644982,-0.406328,606.793
1731,0.0234556,0.992073,607.731
1732,-0.0355405,0.462874,607.98
1733,-0.0975553,0.933643,609.043
1734,0.00335617,0.391937,609.194
1735,0.0729273,-0.0953847,609.223
1736,0.00547295,-0.554105,609.536
1737,-0.118394,0.837464,610.449
1738,-0.226846,-0.960103,610.987
1739,0.123468,0.910021,611.606
1740,0.0560977,-0.845273,612.418
1741,0.0793772,0.234056,612.442
1742,0.338923,0.565439,612.493
1743,0.410387,0.847679,612.685
1744,-0.099112,0.58785,613.156
1745,0.0309726,0.994786,614.085
1746,0.110318,0.967742,614.821
1747,-0.463667,-0.582454,614.835
1748,-0.0658573,0.953905,615.875
1749,-0.0496024,0.933165,616.84
1750,-0.0859184,0.522983,617.211
1751,-0.020956,-0.312049,617.296
1752,0.113679,-0.896292,618.316
1753,0.00357844,0.982516,619.274
1754,-0.06709,-0.964096,620.079
1755,-0.292763,-0.584798,620.164
1756,-0.16287,-0.968848,620.814
1757,0.0745524,0.984132,621.641
1758,0.020036,0.801634,622.252
1759,0.0596341,-0.779564,622.956
1760,-0.00324177,0.0557848,622.96
1761,0.163319,-0.397966,623.275
1762,0.0265801,-0.908656,624.149
1763,-0.0770957,0.682429,624.726
1764,0.0388818,-0.751464,625.351
1765,-0.0453762,0.978128,626.399
1766,-0.0462494,-0.776015,626.931
1767,-0.00644494,-0.259249,626.995
1768,0.233112,-0.971403,628.446
1769,-0.0217234,0.999861,629.49
1770,0.0122587,0.855567,630.201
1771,0.00136813,-0.867903,630.956
1772,0.0542702,-0.613284,631.402
1773,0.0567797,0.567329,631.663
1774,0.378917,0.195788,631.696
1775,-0.0750708,0.998284,632.848
1776,0.229888,-0.646892,633.617
1777,0.0846651,-0.847018,634.485
1778,-0.396613,-0.58292,634.52
1779,-0.102071,-0.74499,634.933
1780,0.0955549,-0.805193,635.744
1781,-0.0326847,-0.786157,636.312
1782,-0.0459339,0.93265,637.27
1783,-0.00290493,-0.482821,637.5
1784,-0.141581,-0.906855,638.086
1785,0.0141164,0.175378,638.112
1786,0.11001,0.435893,638.218
1787,-0.192787,-0.998162,638.867
1788,0.13367,0.942453,639.521
1789,0.0663425,0.998217,640.389
1790,-0.136731,0.194337,640.499
1791,-0.42275,-0.544708,640.514
1792,-0.0398959,0.0232303,640.518
1793,-0.102917,0.965751,641.66
1794,-0.0386759,0.441876,641.891
1795,-0.169862,-0.988185,642.56
1796,0.0668854,-0.0629178,642.577
1797,0.242958,-0.0712036,642.676
1798,0.329789,0.96197,643.075
1799,0.420092,0.710359,643.16
1800,-0.480732,-0.0262027,643.366
1801,-0.100863,-0.561869,643.579
1802,0.00230247,-0.677953,644.042
1803,-0.02374,0.94984,644.989
1804,-0.0371113,0.751786,645.612
1805,0.0692678,-0.130729,645.652
1806,-0.0472393,-0.806937,646.229
1807,0.0178111,-0.592873,646.602
1808,-0.134535,0.998488,647.886
1809,-0.301114,-0.910852,648.257
1810,-0.699264,-0.713504,648.258
1811,0.034531,-0.983952,649.295
1812,-0.327354,-0.975202,649.715
1813,-0.010787,-0.830068,650.386
1814,0.230489,0.551519,650.489
1815,-0.0999919,-0.750862,650.912
1816,-0.214863,0.837863,652.021
1817,-0.0857622,-0.591206,652.276
1818,-0.455746,-0.0319614,652.456
1819,-0.00567554,-0.319453,652.554
1820,-0.01945,-0.258868,652.612
1821,0.161461,-0.837124,653.609
1822,-0.0322959,0.486859,653.878
1823,0.00176696,0.744119,654.429
1824,0.028731,0.756445,654.959
1825,0.119354,-0.0992954,655.007
1826,0.219159,0.821451,655.369
1827,-0.0753825,0.892471,656.306
1828,-0.0707936,0.999778,657.452
1829,0.208755,0.72142,657.715
1830,-0.431765,-0.999545,658.038
1831,0.0689417,-0.99355,659.166
1832,-0.116321,0.100167,659.213
1833,0.0351496,-0.991881,660.268
1834,0.100518,0.679142,660.603
1835,-0.0799707,0.772229,661.329
1836,-0.0132829,-0.891961,662.101
1837,0.0733488,0.93989,662.852
1838,0.0470768,-0.941272,663.829
1839,-0.459951,-0.74289,663.909
1840,-0.0253157,-0.922107,664.713
1841,0.267049,0.992867,665.24
1842,0.0719705,-0.877899,666.142
1843,-0.0976199,-0.635199,666.431
1844,0.00421555,0.531562,666.709
1845,0.0476313,0.740945,667.19
1846,-0.314745,-0.632794,667.291
1847,0.0446274,-0.978574,668.338
1848,-0.249831,-0.529304,668.416
1849,-0.0921682,0.425899,668.685
1850,0.00563868,-0.473315,668.914
1851,0.118877,-0.705814,669.594
1852,-0.341066,-0.695485,669.72
1853,0.239659,-0.115812,669.846
1854,0.0443012,0.777331,670.383
1855,-0.148223,0.913166,671.51
1856,-0.00135611,0.262249,671.579
1857,0.00838552,0.954298,672.474
1858,-0.0674473,-0.859178,673.101
1859,0.0312399,-0.468775,673.351
1860,0.0355928,0.982311,674.247
1861,-0.0208581,0.666587,674.72
1862,-0.287549,-0.701843,674.892
1863,-0.00187311,-0.967886,675.825
1864,0.0524982,-0.945119,676.82
1865,-0.0302019,0.871976,677.634
1866,-0.0338349,-0.601524,677.956
1867,0.0367305,0.508617,678.179
1868,0.00142726,0.21588,678.225
1869,0.260555,0.747247,678.462
1870,-0.132077,0.837802,679.402
1871,0.29952,0.206558,679.411
1872,-0.0320265,0.888852,680.259
1873,0.0123725,-0.998347,681.281
1874,0.0470137,-0.997241,682.371
1875,-0.0607367,-0.698402,682.778
1876,-0.0906645,0.865271,683.692
1877,0.0162406,0.348289,683.802
1878,0.0557478,-0.806055,684.544
1879,-0.050681,-0.579628,684.824
1880,0.0565497,-0.999976,685.94
1881,-0.206536,0.421802,686.335
1882,-0.23667,0.996645,687.856
1883,0.220926,0.575031,687.982
1884,-0.139286,0.535369,688.437
1885,-0.0182899,0.994752,689.463
1886,0.0257793,-0.233896,689.531
1887,-0.162672,0.146483,689.626
1888,0.0377726,0.812054,690.226
1889,0.0592468,0.992626,691.097
1890,-0.137685,-0.287645,691.119
1891,0.0900952,-0.946463,692.194
1892,-0.0371554,0.410164,692.394
1893,0.0164958,-0.490695,692.651
1894,0.0887984,-0.317651,692.816
1895,0.105582,-0.99136,694.02
1896,0.0374617,-0.288498,694.126
1897,-0.0579512,0.8438,694.939
1898,0.00331636,0.288276,695.02
1899,0.241682,0.856869,695.399
1900,0.0363784,0.92611,696.19
1901,0.357456,0.877184,696.46
1902,0.0530575,0.30083,696.522
1903,0.214918,0.0185156,696.56
1904,-0.143522,-0.118235,696.561
1905,0.292331,0.910998,696.944
1906,0.0770635,-0.834035,697.774
1907,-0.023638,0.986394,698.794
1908,-0.12255,-0.276299,698.818
1909,0.399008,0.0785356,698.92
1910,0.0366148,-0.190119,698.972
1911,-0.0622451,-0.115789,698.975
1912,0.10258,0.0429066,698.978
1913,0.105018,-0.77006,699.744
1914,0.13499,0.253029,699.758
1915,-0.13776,-0.0646937,699.763
1916,-0.140826,-0.786762,700.181
1917,0.244356,0.316167,700.186
1918,-0.404457,-0.0178382,700.335
1919,-0.31906,-0.129865,700.371
1920,0.181202,-0.99981,701.766
1921,0.0215789,0.988091,702.7
1922,-0.0329803,-0.490881,702.91
1923,0.532357,0.753093,702.958
1924,0.0455746,0.63631,703.307
1925,-0.315977,-0.909105,703.659
1926,0.0449897,-0.988454,704.727
1927,0.0279654,-0.184848,704.772
1928,-0.0502793,0.141054,704.809
1929,-0.165839,-0.984409,705.479
1930,-0.177579,-0.0225762,705.503
1931,0.0300558,0.0851442,705.506
1932,0.175014,0.762566,705.851
1933,-0.0610066,-0.546931,706.087
1934,-0.31106,0.0781785,706.239
1935,0.00511864,-0.975246,707.2
1936,-0.000294305,0.984664,708.17
1937,-0.0474077,0.58675,708.572
1938,-0.121534,0.999881,709.83
1939,-0.0542489,-0.713945,710.265
1940,-0.121429,0.624154,710.821
1941,-0.231559,-0.518903,710.904
1942,-0.16525,-0.187784,710.904
1943,0.0121318,0.975761,711.833
1944,-0.00443406,-0.755868,712.397
1945,0.15553,-0.138861,712.484
1946,-0.0766333,-0.488258,712.653
1947,-0.377824,-0.146272,712.707
1948,-0.193139,0.341329,712.993
1949,-0.341928,-0.645155,713.085
1950,-0.0477662,-0.564868,713.352
1951,-0.266022,-0.887639,713.738
1952,0.0533226,-0.0031649,713.742
1953,0.119693,0.416251,713.83
1954,-0.231142,-0.0770645,713.853
1955,-0.0813143,-0.10808,713.854
1956,0.101337,-0.711934,714.515
1957,0.0418631,-0.999891,715.601
1958,0.0457324,-0.712212,716.175
1959,0.502819,0.650983,716.197
1960,-0.383279,-0.984595,716.559
1961,0.189709,0.855261,717.002
1962,0.126761,-0.867646,717.99
1963,-0.0257886,-0.304037,718.068
1964,-0.00611845,0.915443,718.917
1965,-0.268913,0.695075,719.846
1966,0.053274,0.170973,719.86
1967,-0.0385738,-0.764899,720.388
1968,-0.015791,-0.26861,720.452
1969,0.30139,0.999292,720.939
1970,-0.0370027,-0.889819,721.666
1971,-0.0959724,0.865908,722.591
1972,0.0105452,0.889048,723.363
1973,-0.0060808,-0.968854,724.29
1974,0.00143914,-0.720211,724.811
1975,-0.0898895,0.0956709,724.845
1976,0.145625,0.206809,724.849
1977,-0.0271395,-0.0170186,724.849
1978,0.0249869,0.770362,725.405
1979,0.28623,0.496084,725.449
1980,0.0730948,0.0376744,725.45
1981,-0.0845068,-0.923968,726.155
1982,0.104412,-0.891773,727.147
1983,-0.229047,-0.927619,727.635
1984,-0.0313861,0.38641,727.81
1985,0.0954565,0.335532,727.867
1986,-0.0849849,-0.42905,727.986
1987,0.0431198,-0.989998,729.053
1988,-0.0630948,-0.998412,729.928
1989,-0.0530418,0.999437,731.036
1990,0.067465,0.896873,731.723
1991,0.187254,-0.997173,733.126
1992,-0.267819,-0.815529,733.426
1993,-0.169332,-0.68603,733.693
1994,0.478698,0.784862,733.787
1995,-0.324477,0.224902,734.089
1996,-0.120122,-0.843476,734.612
1997,-0.211639,-0.781257,734.937
1998,0.0186572,-0.46091,735.167
1999,0.0870092,-0.637014,735.691
2000,-0.135753,-0.885742,736.253
2001,-0.0440572,-0.696976,736.679
2002,-0.0701788,-0.947325,737.449
2003,-0.412123,-0.469169,737.452
2004,-0.306879,-0.994395,737.925
2005,0.227033,-0.926335,739.255
2006,-0.00717441,-0.69354,739.726
2007,0.277069,-0.423631,740.217
2008,-0.0531203,-0.385492,740.328
2009,-0.478895,-0.744851,740.398
2010,0.00382992,0.378283,740.539
2011,0.276317,-0.522079,741.176
2012,0.00111558,-0.988976,742.156
2013,-0.112331,0.304612,742.33
2014,-0.214183,-0.3082,742.339
2015,0.103371,0.194414,742.347
2016,-0.0678523,0.81675,743.13
2017,-0.0255895,-0.929474,743.947
2018,-0.0264101,-0.833657,744.598
2019,0.0716692,0.547603,744.825
2020,0.0275218,0.768429,745.374
2021,-0.0429263,-0.244542,745.415
2022,-0.0914055,0.193382,745.496
2023,-0.275307,-0.994851,746.013
2024,0.153396,-0.66588,746.685
2025,-0.142335,0.785572,747.546
2026,-0.091855,-0.962499,748.304
2027,0.143613,-0.998252,749.607
2028,-0.26498,0.339099,749.972
2029,0.169144,-0.972702,751.276
2030,0.315151,0.848795,751.561
2031,0.00313009,0.275997,751.635
2032,0.0198018,0.962655,752.524
2033,-0.1398,-0.238627,752.534
2034,0.0803366,0.818421,753.079
2035,0.0494656,-0.404348,753.285
2036,-0.461288,-0.248972,753.33
2037,0.343234,0.997366,753.758
2038,0.0879602,-0.885898,754.706
2039,-0.0929352,-0.36466,754.78
2040,0.229204,-0.432605,755.218
2041,-0.153466,0.6392,755.846
2042,0.302398,0.550984,755.908
2043,0.0112396,0.994267,756.875
2044,-0.113958,0.728748,757.585
2045,0.0286181,0.743595,758.096
2046,-0.143469,0.206467,758.218
2047,-0.41682,-0.498086,758.225
2048,0.0217607,-0.853941,758.992
2049,-0.282995,-0.813955,759.274
2050,0.0212898,-0.0480126,759.279
2051,0.0809696,-0.733437,759.942
2052,0.254419,0.376901,759.957
2053,0.0985676,-0.957224,761.071
2054,-0.227572,-0.927149,761.561
2055,0.286007,0.817747,761.844
2056,-0.0497849,-0.942434,762.64
2057,0.33187,0.811399,762.87
2058,0.0907649,0.972043,763.647
2059,-0.119889,0.964398,764.823
2060,-0.0194567,-0.997908,765.78
2061,-0.0901533,0.745559,766.479
2062,-0.0530673,0.917064,767.42
2063,0.116753,0.0839651,767.421
2064,-0.0442533,0.387143,767.607
2065,-0.0135209,0.255015,767.679
2066,0.0775384,0.73896,768.116
2067,-0.385801,-0.527634,768.137
2068,-0.148291,0.0325669,768.169
2069,0.161547,0.761106,768.529
2070,0.371868,0.5386,768.557
2071,-0.0645852,0.845652,769.385
2072,-0.0156949,0.960458,770.338
2073,-0.277604,-0.667414,770.49
2074,0.0831958,-0.199832,770.57
2075,-0.0408661,-0.0656513,770.571
2076,-0.178693,0.983966,771.922
2077,0.0639943,0.908108,772.635
2078,-0.0651691,0.991015,773.75
2079,0.0454788,-0.776098,774.425
2080,-0.105266,0.471642,774.758
2081,-0.083987,-0.882748,775.396
2082,-0.0164335,0.174837,775.433
2083,-0.00406638,0.726496,775.967
2084,-0.0712116,0.700133,776.562
2085,0.230564,0.574884,776.68
2086,-0.0278035,-0.17353,776.701
2087,-0.101884,-0.251809,776.724
2088,0.230145,0.978977,777.285
2089,0.17424,-0.942671,778.532
2090,0.380174,0.488684,778.544
2091,-0.108041,-0.883105,779.145
2092,0.20855,-0.823688,780.21
2093,0.0160065,-0.308773,780.316
2094,0.368934,0.874959,780.572
2095,0.16893,-0.985876,781.905
2096,-0.327753,-0.972131,782.32
2097,-0.131783,0.969633,783.534
2098,0.117985,0.815457,784.02
2099,-0.0296221,0.918855,784.92
2100,0.0833412,0.87856,785.552
2101,-0.0593556,-0.815977,786.124
2102,0.067587,0.940838,786.887
2103,0.138011,0.118032,786.887
2104,0.247296,-0.944044,788.307
2105,0.0246746,0.0796797,788.31
2106,-0.239802,-0.287774,788.312
2107,0.16003,-0.145535,788.405
2108,0.0997146,0.391934,788.491
2109,0.0265992,0.845595,789.162
2110,0.218965,0.921574,789.655
2111,0.0889682,-0.994406,790.829
2112,-0.110096,-0.509784,790.989
2113,-0.497288,-0.0564713,791.183
2114,0.00173352,-0.0692573,791.188
2115,-0.237205,-0.134162,791.199
2116,0.00797089,-0.519508,791.477
2117,0.106491,0.980976,792.242
2118,-0.0828386,-0.0648405,792.242
2119,0.345793,0.73924,792.397
2120,-0.00207478,0.995061,793.391
2121,-0.0368192,0.0518783,793.399
2122,0.0223162,0.436415,793.57
2123,-0.0543283,-0.24125,793.605
2124,-0.039084,-0.814924,794.207
2125,-0.223975,-0.977201,794.775
2126,-0.202069,0.239575,794.97
2127,0.0337774,0.974981,795.855
2128,0.310312,-0.271723,796.194
2129,-0.140056,-0.548798,796.361
2130,-0.162894,0.928509,797.552
2131,0.102844,-0.26093,797.685
2132,-0.303885,-0.609695,797.778
2133,-0.0788096,-0.823011,798.332
2134,0.0914464,-0.358873,798.535
2135,-0.0926536,0.866677,799.455
2136,0.149914,-0.928967,800.619
2137,-0.0985397,-0.811821,801.128
2138,0.223101,-0.706454,801.992
2139,-0.133292,-0.962238,802.679
2140,0.338319,0.687534,802.801
2141,-0.0617244,0.19331,802.866
2142,-0.0592847,-0.940823,803.643
2143,0.14309,0.423811,803.722
2144,-0.104158,-0.15551,803.725
2145,0.0771517,-0.91899,804.717
2146,0.281053,0.703242,804.895
2147,0.0543012,0.955296,805.707
2148,-0.119755,0.959686,806.872
2149,-0.161791,0.910118,808.021
2150,0.0687169,0.429409,808.151
2151,-0.136493,0.152771,808.235
2152,-0.0300832,-0.532354,808.487
2153,0.0731909,-0.791174,809.234
2154,0.0482588,-0.999949,810.333
2155,0.0125431,-0.921658,811.206
2156,-0.0520148,0.32424,811.348
2157,0.0866378,-0.591634,811.808
2158,-0.00444874,0.533986,812.097
2159,-0.0963033,0.192969,812.181
2160,0.123955,-0.995539,813.434
2161,0.158697,-0.477991,813.84
2162,-0.0857873,-0.904498,814.51
2163,-0.07674,-0.612525,814.797
2164,0.175767,-0.968119,816.106
2165,0.0530745,0.0302917,816.106
2166,0.0446862,-0.458497,816.359
2167,0.237043,0.945578,816.861
2168,0.0366279,0.417531,817.006
2169,-0.122937,0.0373939,817.032
2170,0.259735,0.585031,817.138
2171,0.00211933,-0.97932,818.101
2172,-0.132977,-0.765548,818.501
2173,0.00719499,-0.580529,818.847
2174,0.0311075,0.635821,819.212
2175,-0.00252685,-0.665503,819.652
2176,0.438943,0.996022,819.962
2177,0.0402594,0.85161,820.621
2178,0.045126,-0.922362,821.557
2179,-0.00838912,0.990102,822.554
2180,-0.0600741,0.274361,822.665
2181,-0.0147953,-0.676337,823.103
2182,-0.0322209,0.388179,823.28
2183,-0.01892,0.111021,823.297
2184,0.236727,0.345908,823.309
2185,0.0934289,-0.938247,824.373
2186,-0.161086,0.739237,825.184
2187,0.000446314,0.629194,825.579
2188,0.033639,-0.999868,826.647
2189,0.115913,0.391293,826.723
2190,0.0662229,0.18655,826.737
2191,-0.0533216,-0.925893,827.499
2192,0.320802,0.688018,827.634
2193,-0.0827921,0.853644,828.511
2194,-0.145971,-0.954928,829.165
2195,0.125167,-0.70302,829.851
2196,-0.116144,-0.980305,830.598
2197,-0.0150989,-0.427716,830.768
2198,0.123664,-0.77642,831.578
2199,0.118119,0.440159,831.682
2200,0.00788611,-0.181033,831.717
2201,0.00584401,-0.750018,832.289
2202,0.0731206,0.977968,833.107
2203,0.0131855,0.92624,833.941
2204,0.0172881,0.147424,833.958
2205,-0.0173121,0.0352841,833.961
2206,0.279808,0.99793,834.477
2207,0.0554952,0.309952,834.541
2208,-0.293262,-0.381928,834.549
2209,0.00511871,-0.632841,834.956
2210,-0.20795,-0.90884,835.447
2211,0.0106359,-0.997932,836.465
2212,-0.233116,-0.971967,837.01
2213,0.0147601,-0.772556,837.63
2214,0.043652,0.781479,838.175
2215,0.0443026,-0.160452,838.217
2216,-0.0612683,0.224697,838.298
2217,-0.144733,-0.89555,838.862
2218,0.115175,-0.679814,839.494
2219,-0.0919221,-0.913593,840.169
2220,-0.342998,-0.476168,840.187
2221,0.171234,-0.636909,840.84
2222,-0.290227,-0.899154,841.211
2223,0.0561154,-0.595189,841.635
2224,0.103992,-0.51185,842.014
2225,-0.0743368,-0.9841,842.842
2226,-0.0244162,0.898298,843.693
2227,0.0583298,-0.122848,843.726
2228,0.151058,-0.99993,845.051
2229,-0.163425,-0.687816,845.326
2230,-0.180435,0.868916,846.427
2231,0.120175,0.916611,847.062
2232,-0.0107292,-0.938244,847.922
2233,0.0489507,-0.807393,848.655
2234,-0.0110795,0.210843,848.704
2235,-0.0440984,0.0877447,848.722
2236,-0.00426722,0.222817,848.773
2237,-0.051016,-0.976377,849.63
2238,0.0339798,0.472831,849.822
2239,0.0181407,0.947042,850.685
2240,0.0641472,-0.95339,851.72
2241,-0.0372901,0.326363,851.853
2242,0.0506556,-0.628982,852.315
2243,-0.0229559,0.324526,852.435
2244,0.0749409,-0.520497,852.79
2245,-0.212379,0.0280371,852.848
2246,0.151574,-0.503776,853.277
2247,-0.00211523,-0.999882,854.273
2248,0.166526,0.889302,854.795
2249,0.415855,0.536488,854.81
2250,0.158081,-0.818481,855.763
2251,-0.138997,-0.581531,855.959
2252,0.313264,0.751573,856.151
2253,0.0779434,0.972349,856.951
2254,-0.192821,-0.642076,857.153
2255,0.0180202,-0.0074481,857.154
2256,0.102766,-0.864512,858.089
2257,-0.287154,-0.271354,858.09
2258,-0.0124029,-0.854761,858.799
2259,0.121511,-0.120967,858.858
2260,-0.00654533,-0.996836,859.839
2261,0.181854,0.367714,859.873
2262,-0.0287983,0.953187,860.837
2263,-0.0403719,0.997741,861.915
2264,0.206039,0.869839,862.356
2265,0.182698,-0.992293,863.736
2266,0.137363,-0.64868,864.354
2267,0.077375,-0.856813,865.227
2268,0.21123,0.665371,865.433
2269,0.26133,0.932374,865.883
2270,0.0575817,-0.0347988,865.892
2271,-0.0961401,-0.568363,866.115
2272,0.00726593,-0.5161,866.389
2273,0.213905,-0.953736,867.752
2274,0.177862,0.729662,868.057
2275,-0.0249242,0.573095,868.414
2276,-0.0437758,0.278635,868.518
2277,0.156456,0.742226,868.862
2278,-0.0570492,0.891777,869.762
2279,0.0986134,-0.346016,869.959
2280,0.02969,0.992532,870.887
2281,-0.0904021,-0.754317,871.327
2282,0.102145,0.985957,872.108
2283,0.27461,0.96734,872.588
2284,-0.12613,0.579848,873.087
2285,-0.111536,-0.910425,873.725
2286,-0.08598,-0.601735,873.991
2287,-0.0791784,0.836649,874.83
2288,-0.218956,-0.776659,875.141
2289,-0.0100322,0.631558,875.552
2290,0.036542,-0.147901,875.586
2291,0.054352,0.462138,875.753
2292,-0.0296395,-0.352773,875.857
2293,-0.00423865,-0.998897,876.846
2294,0.0874332,-0.939687,877.901
2295,0.0764229,-0.982581,879.023
2296,-0.0359312,0.95585,880.007
2297,0.242238,-0.88858,881.285
2298,0.0659687,-0.951227,882.32
2299,-0.23545,0.517267,882.887
2300,0.165436,0.392138,882.938
2301,0.119769,0.963231,883.649
2302,-0.396783,-0.997652,884.01
2303,0.0379609,0.180193,884.031
2304,0.205925,-0.245615,884.235
2305,-0.0686776,0.776547,884.949
2306,-0.0123589,-0.526313,885.213
2307,-0.0351162,0.890904,886.071
2308,-0.024057,0.124481,886.093
2309,0.2179,0.0258888,886.13
2310,0.108993,-0.376827,886.366
2311,-0.173518,0.864623,887.443
2312,0.190745,0.962625,888.039
2313,0.0952474,-0.493324,888.385
2314,-0.0864538,-0.883032,889.02
2315,-0.401432,-0.815151,889.191
2316,0.27294,0.827562,889.499
2317,0.0623265,0.740243,889.958
2318,-0.0771833,0.77587,890.686
2319,0.0691562,0.629096,891
2320,0.13792,-0.988893,892.269
2321,0.0421786,-0.739123,892.88
2322,0.0319354,-0.25684,892.963
2323,-0.0885794,0.954728,894.052
2324,0.0703601,0.860408,894.676
2325,-0.0227424,-0.819316,895.31
2326,-0.00375476,-0.781756,895.916
2327,0.0113413,-0.301653,896.014
2328,0.105051,0.395204,896.098
2329,-0.0415966,0.97331,897.128
2330,0.0322284,-0.981968,898.156
2331,0.0719861,-0.117868,898.192
2332,-0.332998,-0.819129,898.429
2333,0.117429,0.453683,898.542
2334,-0.0887613,-0.874752,899.16
2335,0.00821725,0.633939,899.551
2336,0.145661,0.580282,899.74
2337,0.0576537,-0.159934,899.787
2338,0.0176137,0.912438,900.588
2339,0.108065,0.196574,900.596
2340,-0.286376,0.898853,902.001
2341,-0.502478,-0.994051,902.242
2342,-0.0677038,-0.335427,902.314
2343,-0.287588,-0.958893,902.765
2344,0.0147506,-0.320028,902.877
2345,0.077502,-0.987858,904.012
2346,-0.00410876,-0.892168,904.8
2347,0.108934,0.439705,904.91
2348,-0.27165,0.908568,906.303
2349,0.0854487,-0.960126,907.396
2350,-0.271619,-0.940773,907.844
2351,0.0110065,-0.962504,908.791
2352,0.0933742,-0.0428949,908.81
2353,0.02634,-0.107993,908.828
2354,0.0808204,-0.92273,909.835
2355,-0.181035,-0.52718,909.955
2356,0.0602723,0.965419,910.774
2357,-0.102614,0.999082,911.988
2358,0.289294,0.950817,912.426
2359,0.00546435,-0.492096,912.673
2360,-0.117238,0.316621,912.861
2361,-0.0323596,-0.744571,913.369
2362,-0.0863661,-0.287396,913.409
2363,-0.0458976,-0.935589,914.201
2364,-0.0511796,0.63661,914.674
2365,0.0162895,0.88278,915.424
2366,-0.0348261,-0.363968,915.533
2367,-0.000428577,-0.996751,916.525
2368,-0.0400132,-0.947656,917.349
2369,0.0216038,-0.209155,917.403
2370,-0.209583,0.617618,918.087
2371,-0.00550673,-0.999676,919.075
2372,0.442993,0.697995,919.14
2373,0.0915889,0.942014,919.863
2374,-0.126776,-0.149294,919.864
2375,-0.182431,0.64918,920.555
2376,0.349713,0.384063,920.557
2377,0.0587237,0.793559,921.097
2378,-0.0667245,-0.759064,921.576
2379,0.0282505,-0.167488,921.614
2380,-0.129724,0.983725,922.854
2381,0.0994693,-0.878483,923.81
2382,0.119916,0.551748,923.997
2383,-0.279958,-0.920155,924.407
2384,-0.114271,-0.696988,924.746
2385,-0.0139135,0.991671,925.758
2386,-0.0280508,0.911257,926.64
2387,0.0792156,0.896795,927.308
2388,-0.333555,-0.638422,927.401
2389,0.132471,-0.777031,928.228
2390,0.145831,-0.297329,928.425
2391,0.24599,0.997606,928.99
2392,0.139847,-0.620857,929.568
2393,0.159122,-0.541607,930.059
2394,-0.174603,0.788362,930.987
2395,0.159074,0.337533,931.019
2396,0.0978606,-0.450964,931.32
2397,0.283905,0.973686,931.796
2398,-0.0141689,-0.163059,931.818
2399,-0.200139,-0.590953,931.97
2400,0.15032,-0.992475,933.276
2401,-0.0302848,-0.946976,934.117
2402,-0.0996898,0.989425,935.303
2403,-0.176309,0.985894,936.654
2404,-0.477966,-0.401068,936.66
2405,0.0235107,-0.369962,936.814
2406,0.143927,-0.0586639,936.855
2407,-0.0407711,0.704474,937.411
2408,0.0798179,0.894794,938.075
2409,-0.0376196,-0.343354,938.169
2410,-0.130556,0.770368,938.98
2411,-0.0519485,-0.883978,939.672
2412,-0.0215965,-0.79567,940.272
2413,0.0177953,0.134314,940.285
2414,-0.202013,0.982323,941.688
2415,-0.0994908,-0.628253,941.967
2416,0.533397,0.00663258,942.245
2417,0.0610682,-0.938115,943.243
2418,-0.0711824,-0.288476,943.291
2419,0.0155382,-0.49092,943.547
2420,-0.0579237,-0.598239,943.839
2421,0.013216,0.961895,944.739
2422,-0.0539016,-0.0492716,944.739
2423,0.0418717,-0.0308448,944.744
2424,-0.113428,0.586784,945.235
2425,-0.0300454,-0.250744,945.283
2426,0.509987,0.436092,945.289
2427,0.194212,0.315237,945.303
2428,-0.0427399,-0.450136,945.469
2429,0.256658,0.708681,945.674
2430,-0.161207,0.999282,947.02
2431,0.00236381,-0.861712,947.767
2432,-0.0190352,-0.278257,947.834
2433,0.040761,-0.0462126,947.842
2434,0.0353259,-0.349246,947.99
2435,0.0470351,-0.934812,948.954
2436,-0.0665105,0.954942,949.997
2437,0.0624551,-0.788834,950.722
2438,0.0415542,0.990394,951.622
2439,0.0738178,-0.972837,952.718
2440,0.122646,0.985855,953.463
2441,-0.0748835,-0.902099,954.147
2442,-0.125405,0.988491,955.388
2443,0.341274,0.957834,955.768
2444,-0.0464061,0.993759,956.85
2445,-0.107728,-0.133977,956.851
2446,0.127173,0.555893,957.034
2447,0.0998723,0.208222,957.046
2448,-0.00469912,0.999147,958.054
2449,0.128888,-0.584575,958.563
2450,-0.117736,-0.816669,959.051
2451,0.0726184,-0.989129,960.179
2452,0.33034,0.999909,960.627
2453,-0.0382048,-0.861063,961.304
2454,-0.00106162,-0.335733,961.416
2455,-0.0288999,-0.285633,961.482
2456,0.0743038,-0.8086,962.261
2457,0.0218178,-0.987353,963.28
2458,-0.0928337,0.595399,963.754
2459,-0.144773,0.788135,964.624
2460,0.0328784,-0.9908,965.672
2461,-0.216036,-0.650745,965.861
2462,-0.150381,0.534031,966.329
2463,-0.499827,-0.496676,966.329
2464,0.00381295,-0.224657,966.381
2465,0.0839181,0.305838,966.431
2466,-0.0545319,0.993052,967.528
2467,0.0237191,0.916786,968.326
2468,0.0834554,0.983928,969.136
2469,0.0240609,0.921349,969.942
2470,0.00240858,-0.117018,969.956
2471,0.343053,0.989961,970.374
2472,0.0263338,0.0622367,970.376
2473,-0.0212974,-0.808823,970.996
2474,-0.0390661,0.136001,971.027
2475,-0.164783,0.915462,972.193
2476,-0.0735565,-0.989301,973.032
2477,0.131222,0.399832,973.104
2478,-0.16371,0.954477,974.355
2479,-0.0482247,0.969566,975.39
2480,-0.00314748,-0.930408,976.25
2481,-0.0527932,-0.600179,976.55
2482,-0.0420517,0.344745,976.699
2483,-0.12719,0.993926,977.956
2484,0.0192189,0.490616,978.179
2485,0.01155,0.360405,978.3
2486,-0.125795,0.191554,978.401
2487,-0.0831759,0.408493,978.643
2488,0.157173,-0.866666,979.691
2489,0.0690913,0.503567,979.88
2490,0.140667,-0.739514,980.654
2491,0.39002,0.443314,980.657
2492,0.0301325,0.571592,980.95
2493,-0.0952913,-0.600719,981.206
2494,0.0134058,0.980765,982.142
2495,0.0960543,-0.497117,982.494
2496,0.0619379,0.770714,982.996
2497,-0.0034241,-0.931973,983.858
2498,0.019301,0.992742,984.806
2499,-0.0286109,0.764872,985.435
2500,0.0613534,0.734767,985.889
2501,-0.0400546,0.7641,986.535
2502,0.0351493,0.760244,987.061
2503,-0.0733943,0.483378,987.371
2504,0.0804431,-0.139884,987.42
2505,0.0592122,0.353584,987.506
2506,0.0202255,-0.863324,988.287
2507,0.0104176,-0.719388,988.82
2508,-0.0110083,0.332006,988.937
2509,0.0223204,-0.841183,989.683
2510,0.00853066,-0.267982,989.759
2511,-0.0599275,0.667482,990.289
2512,0.139974,0.987424,991.007
2513,0.0297161,0.856478,991.69
2514,-0.0113274,-0.316619,991.784
2515,0.0594417,0.996408,992.661
2516,0.00962073,0.990804,993.624
2517,-0.0365806,-0.821072,994.24
2518,0.0263057,-0.791531,994.908
2519,0.0194755,0.270145,994.971
2520,-0.0124573,-0.996917,995.94
2521,-0.180598,-0.998043,996.609
2522,0.330348,0.727357,996.766
2523,0.0102169,-0.995183,997.777
2524,-0.00288579,-0.928846,998.634
2525,0.120709,0.874963,999.203
2526,-0.11633,0.946241,1000.33
2527,0.362117,0.642754,1000.41
2528,0.0764975,-0.771772,1001.13
2529,0.279912,0.99887,1001.65
2530,0.18412,-0.999215,1003.05
2531,-0.118606,0.985324,1004.27
2532,-0.0991284,-0.0807997,1004.27
2533,0.349763,0.954582,1004.63
2534,0.0468168,0.943873,1005.44
2535,-0.0311031,-0.822295,1006.06
2536,0.162483,0.766182,1006.43
2537,0.154845,-0.0771395,1006.48
2538,0.361174,0.71005,1006.6
2539,0.0110885,0.000242812,1006.6
2540,-0.139088,-0.989022,1007.33
2541,-0.0635011,-0.936724,1008.09
2542,-0.00807252,0.641704,1008.51
2543,-0.128238,-0.0341049,1008.52
2544,-0.212924,-0.415082,1008.56
2545,-0.028931,0.809672,1009.26
2546,0.141441,0.442043,1009.35
2547,-0.0498837,-0.66296,1009.73
2548,-0.40969,-0.760369,1009.85
2549,0.00490185,-0.882947,1010.64
2550,0.0547615,0.697972,1011.05
2551,0.20499,-0.984391,1012.47
2552,0.0418876,0.355047,1012.57
2553,0.0163317,0.971055,1013.48
2554,-0.094343,0.799524,1014.28
2555,0.353528,0.252822,1014.29
2556,0.0419015,0.71106,1014.74
2557,-0.075577,0.680628,1015.31
2558,-0.00801597,-0.294347,1015.39
2559,0.0334722,-0.763604,1016.03
2560,0.0460662,-0.9999,1017.12
2561,0.104151,0.519624,1017.29
2562,0.210348,0.934339,1017.82
2563,0.263074,0.998034,1018.36
2564,0.231031,0.995116,1018.94
2565,-0.0506584,-0.170968,1018.95
2566,-0.0587933,0.999717,1020.07
2567,0.00375485,0.40824,1020.24
2568,-0.000170349,0.463311,1020.45
2569,-0.0877281,0.890723,1021.41
2570,-0.0243731,-0.576577,1021.72
2571,-0.0421404,0.765213,1022.37
2572,0.0296638,-0.653061,1022.83
2573,0.0449426,-0.251047,1022.92
2574,0.0169736,0.429128,1023.09
2575,0.011294,-0.984667,1024.08
2576,0.311017,0.802615,1024.32
2577,0.125509,0.992198,1025.08
2578,-0.106399,-0.957552,1025.8
2579,0.161789,0.578601,1025.97
2580,0.0493954,-0.82102,1026.73
2581,0.149032,-0.609485,1027.31
2582,0.267552,0.995184,1027.84
2583,-0.0994866,0.998844,1029.04
2584,0.0822598,-0.79125,1029.81
2585,0.0554606,-0.104206,1029.83
2586,-0.0741696,0.681146,1030.4
2587,-0.00285341,-0.285656,1030.48
2588,-0.0657438,-0.633127,1030.8
2589,-0.0199474,0.993274,1031.83
2590,-0.187374,0.092188,1031.91
2591,-0.0623438,0.0112966,1031.91
2592,-0.311186,-0.946234,1032.32
2593,0.0569458,-0.0825992,1032.34
2594,-0.0713759,0.0511909,1032.35
2595,0.23239,0.24432,1032.35
2596,-0.0519402,-0.751657,1032.84
2597,0.0656322,-0.8475,1033.68
2598,-0.0566751,-0.996107,1034.56
2599,-0.399743,-0.857399,1034.77
2600,-0.186809,-0.760422,1035.1
2601,0.371455,0.999736,1035.49
2602,0.275984,-0.184831,1035.7
2603,0.321185,0.926186,1036.07
2604,-0.262635,-0.834042,1036.4
2605,-0.132364,-0.599558,1036.61
2606,0.137067,0.530172,1036.77
2607,-0.143934,-0.993819,1037.49
2608,0.0537575,0.495347,1037.69
2609,0.0462447,-0.964154,1038.71
2610,0.393394,0.884103,1038.95
2611,-0.0780249,0.982687,1040.07
2612,-0.060641,-0.999515,1040.95
2613,0.301517,0.974465,1041.41
2614,0.0188471,0.99179,1042.35
2615,-0.122582,-0.692111,1042.68
2616,-0.0490707,0.850666,1043.49
2617,0.000391703,0.318614,1043.59
2618,0.00571721,0.973968,1044.53
2619,0.000671086,-0.570624,1044.85
2620,0.050109,-0.345627,1045.01
2621,0.0380683,-0.951183,1045.99
2622,-0.126117,-0.00279901,1046
2623,-0.0464114,0.917174,1046.93
2624,-0.124309,0.99489,1048.18
2625,-0.269994,-0.906531,1048.59
2626,0.0442053,0.99978,1049.5
2627,-0.164483,-0.187485,1049.5
2628,0.0803458,-0.314488,1049.66
2629,0.111114,0.567884,1049.87
2630,-0.118706,0.455772,1050.2
2631,0.320569,0.92643,1050.56
2632,0.085585,0.286158,1050.6
2633,-0.590885,-0.112977,1050.83
2634,-0.090322,-0.968092,1051.6
2635,0.244031,0.724156,1051.83
2636,0.282525,-0.363306,1052.25
2637,0.0883488,0.999837,1053.08
2638,-0.13492,-0.0195045,1053.1
2639,-0.150437,-0.639676,1053.33
2640,0.180716,0.797557,1053.72
2641,0.244311,-0.966301,1055.18
2642,0.0458225,-0.358046,1055.34
2643,-0.0733203,0.91757,1056.33
2644,-0.0341702,0.159211,1056.36
2645,-0.188401,0.993425,1057.76
2646,0.0999183,-0.972339,1058.91
2647,-0.161344,-0.0987491,1058.91
2648,-0.0100967,0.74501,1059.48
2649,0.04842,-0.655056,1059.98
2650,-0.0505118,0.999206,1061.08
2651,-0.0444404,-0.997533,1061.99
2652,0.00977381,0.384168,1062.13
2653,-0.0214133,0.387994,1062.3
2654,-0.064612,0.270428,1062.41
2655,0.080934,0.331585,1062.47
2656,-0.148439,0.9127,1063.6
2657,-0.124795,-0.9308,1064.25
2658,0.180723,0.523926,1064.37
2659,-0.0473697,0.75063,1065
2660,0.0800823,0.557483,1065.23
2661,-0.0364341,0.906594,1066.12
2662,-0.194709,0.999631,1067.55
2663,0.496421,0.518066,1067.55
2664,-0.0490692,-0.264499,1067.59
2665,-0.282811,-0.986223,1068.09
2666,-0.242614,-0.911935,1068.54
2667,0.106793,0.708724,1068.9
2668,-0.00179151,0.999528,1069.9
2669,0.00463598,0.314011,1070
2670,-0.0567138,-0.916372,1070.74
2671,-0.0669758,-0.391516,1070.84
2672,0.0675358,-0.743262,1071.5
2673,0.0219271,0.160086,1071.52
2674,0.263116,0.608827,1071.64
2675,0.333088,0.569011,1071.69
2676,0.0776613,-0.0521212,1071.71
2677,0.0824488,-0.997633,1072.88
2678,0.181175,-0.478895,1073.31
2679,-0.218369,0.410601,1073.71
2680,-0.204918,0.52612,1074.24
2681,0.353742,0.85925,1074.5
2682,0.00251193,0.728888,1075.02
2683,-0.166196,-0.89037,1075.55
2684,0.176592,-0.811962,1076.53
2685,-0.473334,-0.185772,1076.61
2686,-0.0300862,-0.878396,1077.33
2687,0.148521,-0.993697,1078.63
2688,-0.0392918,0.063368,1078.64
2689,0.110697,-0.392379,1078.9
2690,0.280738,-0.369258,1079.32
2691,0.0172945,-0.928173,1080.21
2692,-0.222246,0.798615,1081.26
2693,-0.0220134,0.253155,1081.33
2694,0.216613,0.0765648,1081.35
2695,0.0320703,-0.771513,1082
2696,0.0705595,-0.868268,1082.88
2697,-0.0283,-0.939144,1083.71
2698,-0.029865,-0.689258,1084.14
2699,-0.0607221,-0.966154,1084.96
2700,-0.0207684,-0.725255,1085.46
2701,-0.0449434,0.5612,1085.83
2702,-0.0518382,-0.948199,1086.63
2703,0.134502,-0.416328,1086.93
2704,0.0223211,-0.812892,1087.63
2705,-0.0728433,0.677265,1088.19
2706,0.126798,-0.188649,1088.29
2707,-0.105618,0.512601,1088.67
2708,0.270949,0.755191,1088.91
2709,-0.0419147,-0.400566,1089.04
2710,0.00955635,0.293414,1089.12
2711,0.122952,-0.512276,1089.52
2712,0.00899008,-0.229978,1089.58
2713,-0.0184334,0.82267,1090.29
2714,-0.0331953,-0.967086,1091.16
2715,0.0977853,-0.808033,1091.98
2716,-0.286097,-0.712665,1092.16
2717,-0.0343431,0.900047,1093.03
2718,0.00212036,-0.960887,1093.96
2719,-0.0280748,0.820696,1094.68
2720,0.0691028,-0.485223,1094.99
2721,0.0738791,0.577666,1095.24
2722,0.43132,0.927334,1095.49
2723,0.139907,-0.665973,1096.14
2724,-0.12144,0.699431,1096.81
2725,-0.179653,0.960537,1098.11
2726,-0.0187845,-0.463662,1098.31
2727,0.359698,0.998559,1098.72
2728,-0.298292,-0.96545,1099.16
2729,-0.119706,0.989772,1100.39
2730,0.0731548,0.682049,1100.77
2731,-0.0287331,-0.0107245,1100.77
2732,-0.066091,0.608842,1101.22
2733,-0.0246538,-0.751747,1101.75
2734,0.0810806,-0.701084,1102.36
2735,0.0853694,-0.993518,1103.53
2736,-0.150363,-0.592158,1103.72
2737,0.253647,-0.8481,1104.93
2738,-0.0108582,0.789771,1105.58
2739,-0.190274,0.954642,1106.89
2740,0.0313195,0.33745,1106.98
2741,0.0829612,-0.400854,1107.21
2742,0.105195,0.468017,1107.35
2743,0.0301691,0.818704,1107.97
2744,0.275001,0.834987,1108.28
2745,-0.0335082,0.979003,1109.31
2746,0.125085,-0.580517,1109.8
2747,0.049645,-0.964198,1110.83
2748,-0.081412,0.476665,1111.14
2749,0.0612343,0.717725,1111.57
2750,-0.00772283,-0.0711268,1111.58
2751,-0.140361,0.587606,1112.11
2752,0.241376,-0.858801,1113.32
2753,0.0662962,-0.857673,1114.17
2754,-0.0949395,0.922992,1115.21
2755,0.0587835,0.946204,1116
2756,0.121613,0.992472,1116.75
2757,0.150511,0.115848,1116.76
2758,-0.0319475,-0.627284,1117.11
2759,0.0759071,0.980351,1117.93
2760,0.331914,0.688115,1118.06
2761,-0.0701925,-0.227106,1118.08
2762,-0.142528,-0.539956,1118.24
2763,-0.12993,0.94937,1119.4
2764,-0.0651511,-0.676089,1119.78
2765,-0.00134703,0.199612,1119.82
2766,0.352673,0.775183,1119.99
2767,-0.162162,0.995592,1121.34
2768,-0.243954,-0.807682,1121.65
2769,0.389184,0.0666073,1121.76
2770,0.245777,-0.0826402,1121.86
2771,0.254933,-0.784702,1122.95
2772,0.0505467,-0.293559,1123.06
2773,0.367842,0.756013,1123.21
2774,-0.161318,-0.806851,1123.63
2775,-0.33248,-0.8381,1123.89
2776,-0.315966,-0.552192,1123.94
2777,0.0834092,-0.923775,1124.96
2778,0.077271,0.105412,1124.96
2779,-0.0635743,0.786483,1125.68
2780,-0.114218,-0.972822,1126.42
2781,-0.0614727,0.721924,1127.03
2782,-0.017867,0.819127,1127.73
2783,-0.152173,-0.00536952,1127.75
2784,0.167402,-0.620923,1128.38
2785,-0.0209456,0.936613,1129.29
2786,-0.105787,0.586903,1129.77
2787,0.242799,0.842266,1130.13
2788,-0.0404639,0.951896,1131.12
2789,-0.130584,-0.268633,1131.14
2790,0.0143802,-0.677355,1131.61
2791,-0.0363299,0.224147,1131.68
2792,-0.0184038,-0.877451,1132.42
2793,0.0971258,-0.905008,1133.42
2794,0.127971,0.311586,1133.46
2795,-0.179577,0.892149,1134.61
2796,-0.167231,0.8452,1135.63
2797,0.110617,-0.974364,1136.81
2798,-0.0160283,-0.359816,1136.93
2799,0.194944,0.122074,1136.93
2800,-0.135022,0.0370169,1136.96
2801,0.259554,0.587451,1137.07
2802,-0.040353,0.50418,1137.37
2803,-0.222972,0.736338,1138.29
2804,-0.44565,-0.118901,1138.39
2805,0.344725,0.358655,1138.39
2806,-0.0936726,0.984082,1139.55
2807,0.149356,-0.603021,1140.12
2808,0.499692,0.183749,1140.22
2809,0.264391,0.00832836,1140.29
2810,-0.11884,0.900156,1141.32
2811,0.204176,-0.393881,1141.68
2812,-0.0142835,0.320292,1141.79
2813,0.0027374,-0.989642,1142.78
2814,0.00403229,0.199226,1142.82
2815,0.00403591,-0.920298,1143.67
2816,0.327675,0.170481,1143.7
2817,-0.00256443,0.999912,1144.7
2818,0.00340129,-0.441654,1144.9
2819,-0.0391216,-0.292254,1144.96
2820,-0.0260958,-0.137582,1144.98
2821,-0.00612665,-0.302253,1145.06
2822,0.0803513,0.089445,1145.06
2823,0.0269194,0.982128,1145.98
2824,-0.0585227,0.844197,1146.79
2825,-0.125778,-0.102205,1146.79
2826,0.0952797,-0.00920924,1146.8
2827,-0.0711582,0.940497,1147.83
2828,-0.0347629,-0.801137,1148.41
2829,-0.169426,0.391853,1148.73
2830,-0.0215829,0.990085,1149.75
2831,0.0950691,0.349074,1149.82
2832,-0.0901954,-0.947029,1150.55
2833,1.01334,0.535858,1150.78
2834,0.0160877,-0.529702,1151.08
2835,0.403539,0.408176,1151.08
2836,-0.0482183,0.310148,1151.2
2837,-0.043231,0.999117,1152.29
2838,-0.240544,0.786728,1153.35
2839,0.0973637,-0.507971,1153.71
2840,0.400458,0.992695,1154.06
2841,-0.00438703,0.679276,1154.53
2842,-0.0557832,-0.978894,1155.38
2843,0.0174774,-0.721623,1155.93
2844,0.0319558,-0.887839,1156.77
2845,0.0950098,-0.872182,1157.71
2846,-0.0153406,0.906628,1158.56
2847,-0.0726135,-0.0340656,1158.56
2848,-0.301305,0.123678,1158.74
2849,0.0466286,0.357849,1158.84
2850,0.192829,-0.547115,1159.39
2851,-0.0629668,0.551554,1159.76
2852,-0.0331348,0.568786,1160.13
2853,-0.133626,0.382513,1160.39
2854,-0.0552323,0.140879,1160.43
2855,-0.499233,-0.866484,1160.57
2856,0.306092,0.932896,1160.96
2857,0.0558666,0.969918,1161.79
2858,-0.0137821,-0.890732,1162.56
2859,0.0532131,-0.398312,1162.77
2860,-0.171598,0.741676,1163.6
2861,-0.201666,0.601975,1164.25
2862,0.149508,0.901716,1164.81
2863,-0.287005,-0.951647,1165.26
2864,-0.151652,0.996498,1166.57
2865,0.109843,0.625413,1166.84
2866,0.143648,-0.744768,1167.63
2867,-0.15669,0.42569,1167.97
2868,-0.000309683,-0.444937,1168.17
2869,0.37002,0.995282,1168.56
2870,0.029422,-0.462474,1168.8
2871,-0.222261,0.816533,1169.88
2872,-0.0574799,0.376481,1170.07
2873,0.152721,-0.948734,1171.28
2874,0.0786632,0.338304,1171.35
2875,0.0143789,-0.127301,1171.37
2876,0.245023,-0.786389,1172.43
2877,0.219305,-0.476998,1172.91
2878,-0.300888,-0.968544,1173.36
2879,0.0327896,0.38979,1173.49
2880,0.147502,0.0926457,1173.49
2881,0.0167021,0.982091,1174.42
2882,0.0219468,0.612968,1174.77
2883,0.0468577,-0.113951,1174.8
2884,0.0985317,-0.562225,1175.23
2885,0.00918605,-0.718625,1175.76
2886,-0.0512216,-0.0363974,1175.76
2887,0.0404898,0.997462,1176.68
2888,-0.0955821,0.975314,1177.83
2889,0.346198,0.813881,1178.05
2890,0.0837812,0.777831,1178.53
2891,0.296543,0.663014,1178.66
2892,0.1183,-0.148908,1178.73
2893,0.0703796,-0.596393,1179.18
2894,0.13708,-0.0921081,1179.23
2895,0.117678,0.53777,1179.41
2896,-0.181874,0.855529,1180.48
2897,0.0132308,-0.389079,1180.65
2898,0.185074,-0.379391,1180.96
2899,0.0915646,-0.991811,1182.14
2900,-0.300463,-0.978531,1182.6
2901,0.0425812,0.793618,1183.16
2902,0.176986,0.993561,1183.83
2903,0.125366,-0.969948,1185.03
2904,0.206325,-0.753456,1185.95
2905,-0.245071,0.270252,1186.21
2906,-0.107523,-0.992758,1187
2907,0.115137,-0.926385,1188.08
2908,0.0576125,-0.178767,1188.14
2909,-0.10811,-0.918494,1188.8
2910,0.0113442,0.868093,1189.53
2911,-0.10806,0.46622,1189.86
2912,-0.180473,0.6547,1190.56
2913,-0.396563,-0.967495,1190.88
2914,0.427198,0.549656,1190.9
2915,0.0269924,-0.233328,1190.97
2916,-0.12563,-0.302116,1191
2917,0.183295,-0.975004,1192.34
2918,-0.101052,-0.384116,1192.42
2919,0.0559091,0.922517,1193.17
2920,0.0863352,-0.571834,1193.6
2921,-0.337487,-0.356976,1193.6
2922,0.27479,0.994498,1194.12
2923,0.0651131,0.806747,1194.67
2924,-0.0368833,0.00407885,1194.67
2925,-0.00900793,-0.403003,1194.83
2926,0.0321925,-0.942113,1195.78
2927,-0.00953038,-0.981316,1196.72
2928,-0.146636,-0.622836,1196.95
2929,-0.00257343,0.0297286,1196.95
2930,-0.152894,0.99036,1198.26
2931,-0.0259491,-0.221253,1198.29
2932,0.0355057,-0.241909,1198.37
2933,-0.0646227,0.999992,1199.51
2934,-0.255181,-0.978254,1200.03
2935,-0.162448,0.845987,1201.04
2936,-0.0281941,-0.927372,1201.85
2937,0.0910103,0.934503,1202.56
2938,-0.0243039,0.93671,1203.49
2939,-0.016889,-0.890618,1204.25
2940,0.0106741,0.96527,1205.16
2941,0.0697968,-0.998006,1206.3
2942,-0.0860326,-0.997647,1207.13
2943,0.166273,-0.493252,1207.57
2944,0.113355,-0.490119,1207.93
2945,0.191714,0.891319,1208.42
2946,0.267219,-0.741965,1209.44
2947,0.10223,-0.466549,1209.76
2948,0.297614,0.987947,1210.24
2949,0.201203,-0.922169,1211.5
2950,-0.298993,0.552841,1212.23
2951,-0.113227,0.239234,1212.35
2952,0.141489,0.196933,1212.36
2953,-0.380612,-0.986316,1212.72
2954,-0.0586617,-0.994868,1213.6
2955,-0.0668811,-0.376205,1213.7
2956,0.0811983,0.277099,1213.73
2957,-0.0461437,0.976369,1214.78
2958,-0.26343,-0.973847,1215.28
2959,-0.182267,0.488219,1215.73
2960,0.0966594,0.137589,1215.74
2961,-0.228496,0.382983,1216.11
2962,0.01434,0.00426416,1216.11
2963,0.131498,-0.121599,1216.17
2964,-0.0616876,-0.278109,1216.22
2965,0.00221006,0.24605,1216.28
2966,0.143731,-0.998384,1217.58
2967,0.187019,0.793679,1217.95
2968,-0.514269,-0.119851,1218.11
2969,-0.0489351,-0.654346,1218.47
2970,0.0990772,-0.91235,1219.5
2971,0.0417057,-0.527192,1219.82
2972,0.0824103,0.947586,1220.57
2973,-0.0488402,-0.552458,1220.82
2974,-0.0798677,0.994465,1221.98
2975,0.0698244,-0.16772,1222.03
2976,-0.0488378,0.736947,1222.65
2977,-0.102907,-0.900526,1223.29
2978,-0.036715,-0.119467,1223.29
2979,-0.0764365,-0.765989,1223.77
2980,-0.0226256,-0.953842,1224.64
2981,-0.0391023,0.425427,1224.85
2982,-0.0203751,-0.0328511,1224.85
2983,-0.0972417,0.699017,1225.49
2984,-0.116721,-0.626828,1225.75
2985,-0.0207579,-0.229615,1225.79
2986,0.0430575,-0.0719812,1225.8
2987,0.243601,0.999921,1226.38
2988,-0.0550235,-0.702554,1226.8
2989,0.320477,0.982191,1227.23
2990,-0.403972,-0.750033,1227.35
2991,-0.180742,0.101883,1227.43
2992,0.224435,0.986482,1228.01
2993,-0.0379326,0.713465,1228.58
2994,-0.0756508,0.858226,1229.45
2995,0.216547,0.641858,1229.63
2996,-0.0108507,0.672874,1230.1
2997,0.0931286,-0.844623,1230.98
2998,0.0262527,-0.198302,1231.03
2999,-0.04815,0.651758,1231.52
