t,predict_test,teacher
501,0.846845,0.866578,0.00038938
502,-0.317704,-0.20144,0.0139067
503,0.865596,0.871772,0.0139448
504,0.0043336,0.130908,0.0299658
505,0.927889,0.940353,0.0301212
506,0.558001,0.761046,0.0713482
507,-0.610597,-0.64591,0.0725952
508,-0.833376,-0.887257,0.0754985
509,0.894123,0.874715,0.0758751
510,0.494009,0.68308,0.111623
511,-0.907671,-0.947846,0.113237
512,-0.190829,-0.227641,0.114592
513,0.384731,0.528574,0.135283
514,-0.230845,-0.191907,0.136799
515,-0.511403,-0.547245,0.138084
516,0.899154,0.906381,0.138136
517,0.385103,0.662702,0.215198
518,-0.817279,-0.888288,0.22024
519,-0.679284,-0.840524,0.246238
520,0.493577,0.611898,0.260238
521,0.375896,0.509102,0.277982
522,-0.270182,-0.193442,0.283871
523,0.00223811,-0.0092125,0.284002
524,1.09006,0.981967,0.295685
525,1.17957,0.997851,0.328709
526,0.30738,0.480805,0.358785
527,-0.310377,-0.296786,0.35897
528,0.574047,0.670237,0.368222
529,-0.0692267,-0.0330997,0.369527
530,0.581526,0.711107,0.386319
531,-0.755063,-0.881193,0.402227
532,-0.6377,-0.634396,0.402238
533,-0.697982,-0.756884,0.405708
534,1.24772,0.997155,0.468491
535,0.179592,0.453631,0.543589
536,-0.600211,-0.76755,0.571591
537,-0.62297,-0.727829,0.582586
538,0.222309,0.323673,0.592861
539,0.860107,0.920269,0.596481
540,-0.945687,-0.938991,0.596526
541,1.00834,0.950756,0.599842
542,-0.281599,-0.288863,0.599895
543,-0.744308,-0.86746,0.615061
544,-0.429733,-0.440576,0.615179
545,-0.842286,-0.924677,0.621967
546,-0.513139,-0.661667,0.644027
547,0.378521,0.478389,0.654001
548,-0.037265,-0.0191543,0.654329
549,0.316075,0.545548,0.706987
550,-0.918494,-0.947253,0.707814
551,1.14863,0.967268,0.740708
552,-0.223866,-0.300443,0.746572
553,0.29506,0.321388,0.747265
554,-1.10345,-0.999714,0.758027
555,-0.152004,-0.0354561,0.77161
556,1.126,0.984573,0.791612
557,-0.154697,-0.10453,0.794129
558,-0.840874,-0.915225,0.799657
559,-0.358781,-0.538921,0.832107
560,-0.84325,-0.908271,0.836335
561,0.353151,0.510731,0.861166
562,0.749334,0.896394,0.882793
563,-1.02261,-0.989705,0.883876
564,-0.95544,-0.997698,0.885661
565,-0.649116,-0.757175,0.897338
566,-0.632456,-0.799039,0.925088
567,-0.966667,-0.999911,0.926193
568,-0.429668,-0.474033,0.928162
569,-0.764867,-0.873904,0.940051
570,0.771923,0.82651,0.94303
571,-0.338986,-0.240962,0.952639
572,-0.740979,-0.735628,0.952668
573,1.10591,0.971155,0.970828
574,-0.580591,-0.611232,0.971766
575,1.26197,0.996777,1.0421
576,-0.832395,-0.908434,1.04788
577,0.830116,0.849322,1.04825
578,0.640192,0.772105,1.06565
579,0.230403,0.386454,1.09
580,-0.215369,-0.123542,1.09843
581,-0.411539,-0.308203,1.10911
582,1.269,0.993863,1.18481
583,0.197119,0.422233,1.23548
584,1.04392,0.962794,1.24207
585,-0.0311862,0.134671,1.26957
586,-0.190373,-0.25927,1.27432
587,-0.706801,-0.779069,1.27954
588,-0.187886,-0.132412,1.28262
589,1.18874,0.985357,1.32399
590,-0.0209996,0.0706291,1.33238
591,0.239526,0.325651,1.3398
592,0.402159,0.515445,1.35263
593,0.631122,0.776566,1.37379
594,0.658254,0.77519,1.38746
595,-0.225323,-0.196535,1.38829
596,0.0366861,0.0836576,1.3905
597,-0.117039,-0.155286,1.39196
598,0.741976,0.868138,1.40788
599,1.05915,0.980388,1.41408
600,-0.00412213,0.200585,1.45598
601,-0.76832,-0.791822,1.45654
602,-0.87979,-0.964555,1.46372
603,0.902977,0.899626,1.46373
604,0.332972,0.442746,1.47578
605,0.830549,0.917087,1.48327
606,1.19614,0.992326,1.52481
607,0.149897,0.335941,1.55942
608,0.523523,0.622629,1.56924
609,-0.652325,-0.709891,1.57256
610,-0.100377,-0.0313742,1.57732
611,1.05418,0.957907,1.58659
612,-0.210841,-0.130395,1.59306
613,-0.0808405,-0.0311763,1.59553
614,-0.446408,-0.541654,1.6046
615,0.871519,0.868769,1.60461
616,0.399366,0.580465,1.6374
617,0.409431,0.525834,1.65095
618,0.400968,0.521336,1.66544
619,-0.925416,-0.977076,1.66811
620,0.572636,0.678594,1.67934
621,0.790245,0.841764,1.68199
622,1.12528,0.965301,1.70758
623,-0.91516,-0.97058,1.71066
624,0.00436011,0.0286293,1.71124
625,-0.858861,-0.898091,1.71278
626,-0.519317,-0.750347,1.76616
627,-0.921752,-0.958048,1.76748
628,0.0923288,0.116997,1.76808
629,0.988452,0.944179,1.77004
630,-0.770759,-0.886818,1.78351
631,0.00321733,0.00713119,1.78353
632,0.20042,0.374518,1.81384
633,1.16141,0.987514,1.84408
634,0.207337,0.373674,1.87175
635,0.161757,0.326691,1.89895
636,-0.805486,-0.886527,1.90552
637,-0.293753,-0.350648,1.90875
638,-0.191348,-0.201658,1.90886
639,-0.202996,-0.189072,1.90905
640,0.0205862,0.0344986,1.90925
641,-0.362298,-0.40935,1.91146
642,0.457759,0.600439,1.93182
643,0.671725,0.793338,1.94661
644,-0.700439,-0.759787,1.95013
645,-0.425552,-0.754287,2.0582
646,1.41194,0.99777,2.22973
647,-0.983265,-0.996367,2.22991
648,-0.0870165,0.100599,2.2651
649,-0.946824,-0.979663,2.26618
650,-0.779165,-0.943948,2.29334
651,0.222939,0.30692,2.30039
652,-0.692293,-0.816183,2.31574
653,0.319049,0.412848,2.32454
654,0.128583,0.306363,2.35614
655,1.18937,0.993582,2.39448
656,0.573695,0.712012,2.41361
657,0.674435,0.776097,2.42394
658,-0.912545,-0.957645,2.42598
659,0.124489,0.14388,2.42635
660,-0.377241,-0.391048,2.42654
661,-0.221959,-0.289466,2.4311
662,1.25168,0.988832,2.50019
663,-0.93924,-0.935112,2.50021
664,0.36593,0.451556,2.50754
665,0.945486,0.908036,2.50894
666,-0.844029,-0.93901,2.51796
667,0.484045,0.607085,2.5331
668,-0.683923,-0.770633,2.54062
669,-0.291643,-0.541219,2.60291
670,0.870651,0.875897,2.60293
671,-1.00827,-0.991495,2.60322
672,0.698969,0.803226,2.61409
673,0.780635,0.849405,2.61882
674,-0.423149,-0.449777,2.61952
675,0.236374,0.374389,2.63857
676,0.0175572,0.0240886,2.63862
677,-0.407872,-0.689647,2.71801
678,0.79667,0.776443,2.71842
679,-1.07695,-0.998381,2.7246
680,0.0186034,0.118719,2.73462
681,1.18091,0.992471,2.77013
682,0.116211,0.289316,2.80009
683,-0.604672,-0.535762,2.80484
684,-0.837108,-0.804676,2.80589
685,1.22972,0.993805,2.86155
686,-0.0231179,0.22386,2.92254
687,-1.07451,-0.999576,2.92816
688,-0.706682,-0.85156,2.94915
689,-0.274943,-0.370997,2.95838
690,-0.211829,-0.157872,2.96129
691,-0.458949,-0.424679,2.96246
692,1.12746,0.970413,2.98713
693,-0.484454,-0.557711,2.99249
694,0.647182,0.843777,3.03114
695,0.916316,0.932913,3.03142
696,-0.255953,-0.244567,3.03155
697,-1.05031,-0.999807,3.0341
698,-0.338643,-0.489288,3.05679
699,1.08733,0.975823,3.06923
700,0.840475,0.88286,3.07102
701,0.0830667,0.186301,3.08168
702,0.297836,0.480146,3.11492
703,0.841662,0.906019,3.11906
704,-0.404793,-0.417867,3.11923
705,-0.462156,-0.529535,3.12377
706,0.321837,0.409397,3.13144
707,0.200242,0.258343,3.13481
708,-0.89642,-0.965725,3.13961
709,-0.221487,-0.239332,3.13993
710,-0.826634,-0.924656,3.14954
711,-0.058467,-0.033811,3.15015
712,0.0497809,0.132188,3.15694
713,-0.368722,-0.416291,3.1592
714,-0.0260007,-0.0304827,3.15922
715,0.382394,0.579333,3.19801
716,-0.821434,-0.895167,3.20344
717,-0.404128,-0.562028,3.22838
718,-0.0891143,-0.0861929,3.22838
719,0.298384,0.447481,3.25061
720,0.554769,0.67825,3.26586
721,-0.519079,-0.590311,3.27094
722,-0.149902,-0.106087,3.27286
723,-0.548246,-0.682245,3.29081
724,-0.903637,-0.924982,3.29127
725,-0.578985,-0.752362,3.32133
726,1.22046,0.994517,3.37238
727,0.68846,0.842839,3.39621
728,0.257051,0.384047,3.41234
729,-0.578571,-0.656589,3.41842
730,0.599258,0.781704,3.45171
731,1.12504,0.994969,3.46863
732,-0.879678,-0.902245,3.46914
733,-0.989142,-0.961218,3.46992
734,-0.707534,-0.871717,3.49687
735,1.10159,0.947379,3.52066
736,-0.666066,-0.680017,3.52085
737,0.129347,0.137887,3.52092
738,1.17484,0.99609,3.55287
739,1.09741,0.980964,3.56643
740,0.030789,0.172692,3.58657
741,-0.0847264,0.0114766,3.59583
742,-0.38945,-0.483859,3.60474
743,-0.984223,-0.997554,3.60492
744,-0.102978,-0.0458907,3.60817
745,-0.652203,-0.702248,3.61068
746,-1.13165,-0.999813,3.62806
747,-0.833128,-0.988296,3.65214
748,0.956661,0.955323,3.65214
749,-0.856001,-0.893052,3.65351
750,-0.688372,-0.819701,3.67076
751,0.0194587,0.0288236,3.67085
752,0.237493,0.324151,3.67836
753,-0.884429,-0.894355,3.67846
754,-0.42443,-0.457939,3.67958
755,1.20423,0.998905,3.72173
756,0.717453,0.787684,3.72667
757,-0.530395,-0.79193,3.79507
758,1.26447,0.992645,3.86895
759,-1.17518,-0.994731,3.90152
760,-0.418634,-0.463476,3.90353
761,1.34143,0.999842,4.02021
762,0.0525847,0.184421,4.03759
763,0.125667,0.232228,4.04894
764,1.00117,0.958257,4.05079
765,0.522126,0.658128,4.06928
766,0.110385,0.170101,4.07285
767,0.929832,0.923968,4.07288
768,-1.00743,-0.979013,4.07369
769,0.607623,0.71942,4.08619
770,-0.105858,-0.0838302,4.08667
771,-0.77981,-0.902465,4.10172
772,-0.0170275,-0.00859887,4.10179
773,0.825897,0.886265,4.10543
774,0.485509,0.627446,4.12558
775,-0.237742,-0.195379,4.12737
776,0.510147,0.670315,4.15303
777,-0.683004,-0.716047,4.15412
778,-0.799385,-0.93652,4.17293
779,-1.01611,-0.983927,4.17396
780,-0.664527,-0.797642,4.19168
781,1.233,0.987658,4.25187
782,0.519331,0.698165,4.28386
783,0.752231,0.855134,4.29445
784,0.635736,0.749176,4.30731
785,-0.730547,-0.839252,4.31913
786,0.259621,0.357431,4.3287
787,0.530116,0.687264,4.35339
788,0.153283,0.265006,4.36587
789,-0.427198,-0.482582,4.36894
790,-0.0213171,0.0627721,4.37601
791,0.751298,0.818871,4.38058
792,-0.498495,-0.544536,4.3827
793,0.142164,0.216537,4.38823
794,0.158014,0.350432,4.42525
795,-0.761442,-0.855566,4.43411
796,-0.648327,-0.742627,4.44301
797,0.779024,0.827467,4.44535
798,0.596884,0.722278,4.46108
799,-0.824434,-0.902558,4.46718
800,0.142101,0.270222,4.4836
801,-0.327858,-0.43246,4.49454
802,-0.678443,-0.835156,4.5191
803,0.532716,0.677315,4.54
804,0.957893,0.937176,4.54043
805,-0.146201,-0.0465692,4.55036
806,-0.376807,-0.333852,4.55221
807,-0.68691,-0.798346,4.56462
808,0.958484,0.92145,4.56599
809,-0.332299,-0.253505,4.5722
810,-0.385737,-0.431404,4.57429
811,-0.760058,-0.891231,4.5915
812,0.449667,0.558973,4.60344
813,0.118322,0.216785,4.61314
814,-0.124679,-0.0750727,4.6156
815,-0.208315,0.0112045,4.66379
816,0.970725,0.947964,4.66431
817,-0.414103,-0.328915,4.67156
818,1.18148,0.99301,4.70708
819,0.282016,0.481262,4.74678
820,-0.696525,-0.793577,4.7562
821,0.646755,0.744765,4.76581
822,-0.174234,-0.10489,4.77062
823,-0.270061,-0.344433,4.77615
824,-0.213366,-0.186539,4.77687
825,-0.204432,-0.122354,4.7836
826,1.09876,0.977897,4.79821
827,-0.225987,-0.123524,4.80871
828,-0.546952,-0.685117,4.8278
829,0.997114,0.936561,4.83147
830,0.631398,0.7803,4.85364
831,0.191186,0.291624,4.86373
832,-0.145523,-0.120216,4.86437
833,0.365005,0.57552,4.90868
834,0.997199,0.950332,4.91088
835,-0.713047,-0.790696,4.91691
836,0.689335,0.758377,4.92168
837,0.156649,0.34061,4.95552
838,0.131156,0.173127,4.95728
839,0.700769,0.906144,4.99946
840,1.3099,0.999942,5.09553
841,0.162258,0.339863,5.12707
842,-1.04457,-0.997089,5.12933
843,0.343601,0.434378,5.13757
844,0.175277,0.3407,5.16493
845,-0.849094,-0.885827,5.16628
846,0.729299,0.813506,5.17337
847,-0.344597,-0.338801,5.17341
848,-0.938571,-0.987324,5.17578
849,-0.652806,-0.740777,5.18352
850,-0.688105,-0.825335,5.20235
851,0.860741,0.87612,5.20259
852,0.139661,0.308218,5.231
853,-0.258294,-0.281189,5.23153
854,-0.484416,-0.571412,5.23909
855,-0.507781,-0.494889,5.23926
856,-0.88063,-0.956712,5.24505
857,-0.947063,-0.996554,5.2475
858,0.581267,0.738975,5.27237
859,0.522709,0.683288,5.29816
860,-0.206278,-0.280335,5.30364
861,-0.994834,-0.999402,5.30366
862,0.489105,0.62016,5.32084
863,1.06953,0.972615,5.33023
864,1.01016,0.961759,5.33257
865,-0.926089,-0.934326,5.33264
866,-0.420915,-0.515646,5.34161
867,-0.548626,-0.677923,5.35833
868,0.459861,0.532932,5.36367
869,-0.0469172,-0.00540995,5.36539
870,0.231874,0.438098,5.40792
871,0.997299,0.960921,5.40924
872,0.00498583,0.138771,5.42714
873,-0.687109,-0.793364,5.43843
874,0.510839,0.599205,5.44624
875,-0.302521,-0.346067,5.44814
876,0.519955,0.612567,5.45671
877,-0.758873,-0.841417,5.46353
878,-0.0439949,-0.139291,5.47261
879,-0.73554,-0.809769,5.47812
880,0.0980535,0.157763,5.48168
881,1.16875,0.989723,5.51374
882,-0.848134,-0.871603,5.51429
883,-0.465654,-0.550071,5.52141
884,-0.556349,-0.688961,5.539
885,-0.192653,-0.250474,5.54234
886,0.114666,0.184867,5.54727
887,0.1658,0.322044,5.57168
888,0.411793,0.54728,5.59004
889,-0.46688,-0.490578,5.5906
890,0.314372,0.429667,5.60389
891,-0.21526,-0.201988,5.60407
892,-0.99753,-0.996353,5.60407
893,0.430791,0.568842,5.62313
894,0.427593,0.57599,5.64515
895,-0.490144,-0.549191,5.64864
896,0.796116,0.835137,5.65016
897,-0.622724,-0.689893,5.65467
898,0.154883,0.223708,5.65941
899,-0.275218,-0.280007,5.65943
900,0.138101,0.261252,5.6746
901,0.097717,0.36631,5.74674
902,-0.880585,-0.931818,5.74937
903,-0.925819,-0.99165,5.7537
904,0.500826,0.647116,5.7751
905,-0.755699,-0.786569,5.77605
906,-0.881127,-0.986163,5.78709
907,0.923178,0.90225,5.78752
908,-0.764442,-0.823648,5.79103
909,0.886218,0.916725,5.79196
910,-0.797148,-0.796791,5.79196
911,-0.93776,-0.972029,5.79313
912,-0.945384,-0.997538,5.79585
913,0.901578,0.860807,5.79752
914,0.483318,0.679811,5.83613
915,0.95537,0.954849,5.83613
916,0.29127,0.552967,5.90461
917,-0.651839,-0.733363,5.91126
918,-0.787712,-0.962506,5.94181
919,0.649281,0.782899,5.95967
920,-0.845327,-0.888534,5.96153
921,0.979758,0.939158,5.96318
922,0.0919287,0.207868,5.97662
923,-0.501841,-0.602309,5.98672
924,0.617994,0.716646,5.99645
925,0.620319,0.761497,6.01638
926,0.960351,0.933397,6.01711
927,-0.857509,-0.915825,6.02051
928,0.287441,0.370493,6.0274
929,-0.289699,-0.257218,6.02846
930,0.504245,0.629709,6.0442
931,-0.210948,-0.13279,6.05031
932,0.956736,0.932219,6.05091
933,0.904417,0.972749,6.05558
934,-1.04761,-0.991494,6.05873
935,-0.707128,-0.878221,6.088
936,0.269592,0.365266,6.09716
937,-0.585107,-0.683073,6.10675
938,0.288155,0.385288,6.11619
939,-0.103656,-0.193678,6.12429
940,-0.191062,-0.246391,6.12735
941,-0.753774,-0.997156,6.18659
942,1.30398,0.99819,6.2801
943,-1.12086,-0.999271,6.29488
944,-0.445082,-0.651704,6.33757
945,-0.613025,-0.843619,6.39075
946,-0.0782561,0.0603492,6.40996
947,-0.944869,-0.999999,6.413
948,-0.657741,-0.779454,6.42781
949,-0.274567,-0.190429,6.43489
950,1.16803,0.986581,6.46782
951,0.315349,0.519215,6.50938
952,-0.834374,-0.932894,6.51908
953,0.820963,0.847381,6.51978
954,0.583789,0.707122,6.53499
955,0.208654,0.308934,6.54505
956,0.428973,0.588901,6.57063
957,0.857888,0.903555,6.57271
958,0.240134,0.330361,6.58085
959,-0.237261,-0.0848901,6.60407
960,-1.0702,-0.994516,6.6098
961,1.05373,0.974867,6.61602
962,-0.626523,-0.535589,6.62428
963,-0.888493,-0.997571,6.63618
964,-1.00942,-0.980366,6.63703
965,-0.337955,-0.338844,6.63703
966,1.10916,0.991434,6.65089
967,-0.572022,-0.663701,6.65929
968,-0.745591,-0.907049,6.68536
969,0.0581919,0.0801964,6.68584
970,-0.79623,-0.907759,6.69828
971,0.174504,0.255729,6.70488
972,-0.597623,-0.702594,6.7159
973,0.214462,0.297512,6.7228
974,-0.0821714,-0.0441901,6.72424
975,0.119891,0.218635,6.73399
976,0.0026783,0.172077,6.76269
977,1.15194,0.981031,6.7919
978,-0.694512,-0.755939,6.79567
979,0.401039,0.550689,6.81807
980,-0.378126,-0.428146,6.82057
981,-0.728237,-0.851518,6.83577
982,-0.498138,-0.513837,6.83601
983,-0.766735,-0.88931,6.85104
984,-0.5607,-0.781529,6.8998
985,-0.044372,0.118936,6.92647
986,-0.744781,-0.864377,6.94078
987,1.16571,0.995855,6.96962
988,0.88273,0.933064,6.97216
989,-0.449944,-0.410076,6.97375
990,-0.733982,-0.827824,6.98255
991,-0.446399,-0.569271,6.99765
992,0.623055,0.695909,7.00296
993,-0.635413,-0.743626,7.01467
994,0.575722,0.61051,7.01588
995,-0.554412,-0.812952,7.08272
996,0.799482,0.804772,7.08275
997,-1.00356,-0.993896,7.08284
998,0.137693,0.237807,7.09287
999,-0.627498,-0.701149,7.09829
1000,-0.794988,-0.972804,7.12991
1001,0.974673,0.889097,7.13723
1002,-0.759745,-0.913287,7.16081
1003,0.595304,0.615837,7.16123
1004,-0.940571,-0.948727,7.1613
1005,0.399527,0.471234,7.16644
1006,0.948213,0.96679,7.16678
1007,-1.04081,-0.979128,7.17059
1008,-0.69641,-0.805843,7.18256
1009,0.67068,0.754337,7.18956
1010,-0.0752281,0.113221,7.22508
1011,1.28656,0.999665,7.30738
1012,-0.406324,-0.415138,7.30746
1013,-0.16813,-0.190147,7.30795
1014,-0.109796,0.00283698,7.32063
1015,-0.831795,-0.91436,7.32745
1016,-0.382758,-0.513838,7.34463
1017,-0.0306996,0.0637657,7.35355
1018,-0.408092,-0.452991,7.35557
1019,1.14195,0.972877,7.38416
1020,-0.619079,-0.705945,7.3917
1021,0.00778143,0.0353941,7.39246
1022,0.745959,0.845226,7.40232
1023,0.545873,0.678198,7.41983
1024,-0.360109,-0.394834,7.42103
1025,0.19464,0.343496,7.44319
1026,0.433949,0.638502,7.48503
1027,-0.452692,-0.465293,7.48519
1028,-0.829366,-0.930599,7.49544
1029,-0.0621011,-0.0642277,7.49544
1030,-0.060784,0.0564399,7.50919
1031,-0.464912,-0.50442,7.51075
1032,1.22792,0.987154,7.56871
1033,0.699812,0.818787,7.58287
1034,0.802334,0.879356,7.5888
1035,0.319557,0.496465,7.6201
1036,-0.112645,0.00347613,7.63358
1037,-0.767391,-0.892694,7.64928
1038,-0.470677,-0.613299,7.66962
1039,-0.329612,-0.405234,7.67534
1040,-1.11265,-0.997198,7.68867
1041,-0.643611,-0.659097,7.68891
1042,1.17917,0.975301,7.73047
1043,-0.159945,0.0968237,7.7964
1044,-1.03428,-0.985322,7.7988
1045,1.12697,0.985263,7.81888
1046,0.394088,0.636682,7.87773
1047,-0.836867,-0.852779,7.87799
1048,-0.869599,-0.95171,7.88473
1049,0.967127,0.946418,7.88516
1050,0.584723,0.777355,7.92227
1051,-0.572448,-0.653028,7.92876
1052,-0.829131,-0.914296,7.93601
1053,-0.412938,-0.587317,7.96642
1054,-0.699569,-0.87363,7.99672
1055,0.334315,0.482821,8.01877
1056,0.690954,0.827555,8.03743
1057,0.317025,0.617759,8.12787
1058,-0.766934,-0.911431,8.14875
1059,-0.837792,-0.984145,8.17017
1060,0.0165489,-0.0712878,8.17789
1061,-0.827336,-0.983079,8.20214
1062,0.140504,0.225402,8.20935
1063,-0.944557,-0.97289,8.21015
1064,0.577865,0.702576,8.22571
1065,0.221513,0.420461,8.26529
1066,-0.725176,-0.707004,8.26562
1067,-0.864386,-0.958365,8.27445
1068,-0.668679,-0.872691,8.31607
1069,0.172409,0.229835,8.31937
1070,-0.844049,-0.900957,8.32261
1071,-0.444672,-0.581144,8.34123
1072,-0.821702,-0.940855,8.35543
1073,0.108795,0.173623,8.35963
1074,0.550803,0.644247,8.36836
1075,0.0662342,0.13831,8.37356
1076,0.54865,0.673554,8.38916
1077,0.669113,0.774799,8.40033
1078,0.300969,0.427204,8.41626
1079,0.251086,0.36382,8.42897
1080,0.608357,0.798019,8.46494
1081,0.716412,0.814664,8.4746
1082,-0.451822,-0.452472,8.4746
1083,0.870811,0.887145,8.47486
1084,1.18992,0.970938,8.52282
1085,-0.750321,-0.971079,8.57155
1086,0.949727,0.880217,8.57638
1087,-1.07748,-0.99715,8.58284
1088,-0.0220871,0.0392952,8.5866
1089,0.960067,0.93932,8.58703
1090,-0.163559,-0.127331,8.58835
1091,-0.24524,-0.36516,8.60273
1092,0.309048,0.53359,8.65315
1093,-0.919592,-0.954801,8.65439
1094,1.10224,0.959135,8.67487
1095,0.173328,0.389344,8.72153
1096,0.588141,0.683569,8.73064
1097,-0.519905,-0.590153,8.73557
1098,0.361652,0.505121,8.75615
1099,0.699971,0.779476,8.76248
1100,-0.527855,-0.606876,8.76872
1101,-0.137506,-0.0425237,8.77774
1102,-0.770301,-0.836626,8.78214
1103,-0.658951,-0.809545,8.80482
1104,0.680921,0.748663,8.80941
1105,0.00208009,0.104555,8.81991
1106,0.378635,0.500847,8.83484
1107,-0.786088,-0.87027,8.84193
1108,0.116732,0.24822,8.85922
1109,0.511209,0.635086,8.87457
1110,-0.505959,-0.586792,8.8811
1111,1.00515,0.983692,8.88156
1112,-0.860999,-0.94936,8.88937
1113,-0.796395,-0.957076,8.91519
1114,0.320756,0.36305,8.91698
1115,0.809997,0.88002,8.92188
1116,0.897154,0.908939,8.92202
1117,0.147039,0.320991,8.95228
1118,0.238096,0.432495,8.99007
1119,-0.704137,-0.717911,8.99026
1120,-0.711243,-0.933263,9.03955
1121,-0.580272,-0.671287,9.04783
1122,0.166289,0.362279,9.08625
1123,1.10652,0.998598,9.09789
1124,1.0062,0.992771,9.09807
1125,1.09245,0.974838,9.11191
1126,1.15958,0.997176,9.13828
1127,1.15852,0.997475,9.16422
1128,0.413038,0.621479,9.20767
1129,-0.621561,-0.585402,9.20897
1130,-0.828012,-0.901397,9.21436
1131,-0.878375,-0.978137,9.22431
1132,0.459542,0.580306,9.23889
1133,-0.308295,-0.333111,9.23951
1134,-0.283628,-0.315454,9.24052
1135,-0.261388,-0.137716,9.25582
1136,-0.815883,-0.931454,9.26917
1137,-0.907796,-0.990711,9.27605
1138,-0.203579,-0.260076,9.27924
1139,0.706476,0.835559,9.2959
1140,0.536317,0.707351,9.32516
1141,-0.520575,-0.530939,9.32526
1142,0.981797,0.915734,9.32963
1143,0.139511,0.334271,9.36756
1144,0.764915,0.822559,9.37088
1145,-0.108557,-0.054621,9.37379
1146,0.110852,0.271751,9.39968
1147,-1.04454,-0.98554,9.40316
1148,-0.911728,-0.960061,9.4055
1149,-0.761208,-0.908858,9.4273
1150,0.589156,0.653725,9.43147
1151,-0.179314,-0.173403,9.4315
1152,0.218516,0.343186,9.44704
1153,0.545526,0.705154,9.47253
1154,0.0339965,0.102613,9.47723
1155,-0.416831,-0.497055,9.48367
1156,0.551478,0.734058,9.51701
1157,0.673706,0.843208,9.54574
1158,-0.518505,-0.550873,9.54678
1159,-0.873188,-0.9628,9.55481
1160,0.103105,0.147561,9.55679
1161,-0.243961,-0.196445,9.55905
1162,-0.391428,-0.414554,9.55958
1163,0.981396,0.93048,9.56218
1164,-0.342723,-0.335,9.56223
1165,0.0317771,0.109765,9.56832
1166,0.0138586,-0.00501084,9.56867
1167,-0.828423,-0.934331,9.57989
1168,0.320953,0.473634,9.6032
1169,1.01407,0.948141,9.60755
1170,0.0671185,0.17982,9.62025
1171,0.210528,0.470797,9.68799
1172,-0.937715,-0.932327,9.68802
1173,1.16275,0.986142,9.71921
1174,0.357268,0.547843,9.75553
1175,-0.743673,-0.840485,9.7649
1176,0.583419,0.654328,9.76993
1177,0.0973043,0.228503,9.78714
1178,0.988936,0.928877,9.79075
1179,0.636786,0.779638,9.81115
1180,0.681782,0.773336,9.81954
1181,0.234208,0.413304,9.85161
1182,0.524877,0.661971,9.87041
1183,0.515814,0.739414,9.9204
1184,-0.990585,-0.993045,9.92041
1185,-0.822539,-0.948338,9.93623
1186,-0.563783,-0.653807,9.94434
1187,-0.854822,-0.961375,9.95569
1188,0.693968,0.768887,9.96131
1189,-0.63158,-0.658502,9.96203
1190,0.94245,0.917859,9.96263
1191,0.754804,0.799457,9.96463
1192,1.14452,0.974186,9.99364
1193,-0.967199,-0.999434,9.99468
1194,0.851744,0.840947,9.9948
1195,-0.807189,-0.887155,10.0012
1196,-0.0260013,-0.094797,10.0059
1197,-0.77796,-0.817221,10.0075
1198,0.678211,0.705652,10.0082
1199,1.20223,0.999776,10.0492
1200,1.21491,0.998992,10.0958
1201,0.13059,0.281117,10.1185
1202,-0.466305,-0.459198,10.1185
1203,-0.410918,-0.294985,10.132
1204,1.22622,0.985313,10.19
1205,-0.0717999,-0.165905,10.1989
1206,1.08287,0.956236,10.2149
1207,-1.05876,-0.999535,10.2184
1208,0.0327393,0.0877838,10.2214
1209,-0.43696,-0.527266,10.2296
1210,-0.279443,-0.333678,10.2325
1211,-0.284254,-0.30354,10.2329
1212,0.804513,0.85266,10.2352
1213,0.399936,0.526205,10.2512
1214,0.761959,0.879309,10.2649
1215,1.04612,0.974077,10.2701
1216,-0.475837,-0.543483,10.2747
1217,-0.453214,-0.484219,10.2757
1218,-0.312654,-0.400247,10.2833
1219,1.18328,0.995279,10.3187
1220,0.869435,0.905933,10.32
1221,-0.233402,-0.235879,10.32
1222,0.0578176,0.0763454,10.3204
1223,0.531711,0.747534,10.3669
1224,1.03254,0.952431,10.3734
1225,-0.130711,-0.0637844,10.3778
1226,0.579269,0.782367,10.4191
1227,-0.813798,-0.874322,10.4228
1228,-0.654055,-0.843059,10.4585
1229,0.418004,0.552175,10.4765
1230,-0.666901,-0.794242,10.4927
1231,0.967023,0.920424,10.4949
1232,-0.66832,-0.740366,10.5001
1233,-0.35674,-0.383873,10.5008
1234,-0.667534,-0.783645,10.5143
1235,0.896119,0.879631,10.5145
1236,0.208135,0.471288,10.5838
1237,0.730081,0.883093,10.6072
1238,-0.617111,-0.733504,10.6208
1239,-0.889448,-0.99516,10.6319
1240,0.0940699,0.195902,10.6423
1241,-0.785254,-0.845018,10.6459
1242,0.761958,0.831916,10.6508
1243,-0.370822,-0.308131,10.6547
1244,-0.913555,-0.947472,10.6558
1245,0.738094,0.804357,10.6602
1246,-0.134225,0.0907984,10.7109
1247,1.30047,0.999846,10.8012
1248,0.410482,0.584006,10.8314
1249,-0.899535,-0.936219,10.8327
1250,-0.616115,-0.697239,10.8393
1251,-0.825241,-0.925351,10.8493
1252,-0.384281,-0.510313,10.8652
1253,0.187217,0.284853,10.8747
1254,-0.242924,-0.132637,10.8869
1255,0.776526,0.875885,10.8968
1256,-0.491141,-0.50217,10.8969
1257,-0.898661,-0.988846,10.905
1258,0.0424264,0.0157386,10.9057
1259,0.0667487,0.198909,10.9232
1260,0.674485,0.734781,10.9268
1261,0.62432,0.759049,10.945
1262,-1.00854,-0.986276,10.9455
1263,0.814588,0.857962,10.9474
1264,0.780957,0.868267,10.955
1265,-0.657356,-0.718442,10.9587
1266,-0.225866,-0.217513,10.9588
1267,0.446302,0.684755,11.0156
1268,-0.68713,-0.841609,11.0395
1269,-0.910587,-0.99699,11.047
1270,-0.0106411,-0.0923521,11.0536
1271,-0.916249,-0.952025,11.0549
1272,-0.0250269,-0.248419,11.1048
1273,1.33958,0.996438,11.2226
1274,-1.09572,-0.999929,11.2318
1275,0.119224,0.128086,11.2318
1276,1.14917,0.985904,11.2585
1277,0.930362,0.939873,11.2586
1278,0.399891,0.578298,11.2904
1279,0.358056,0.421779,11.2945
1280,-0.861004,-0.930803,11.2993
1281,0.351258,0.473315,11.3142
1282,1.19685,0.999286,11.3533
1283,0.919613,0.899355,11.3537
1284,-0.495642,-0.670458,11.3842
1285,0.420836,0.464608,11.3862
1286,-0.762388,-0.973787,11.4309
1287,1.12455,0.971045,11.4544
1288,-1.08561,-0.996349,11.4624
1289,-0.610496,-0.83423,11.5124
1290,-0.899885,-0.988141,11.5202
1291,-0.416108,-0.495723,11.5266
1292,-1.03716,-0.99953,11.528
1293,-0.13017,-0.1815,11.5306
1294,0.215716,0.413337,11.5697
1295,-0.705071,-0.790019,11.5769
1296,-0.505869,-0.625438,11.5912
1297,0.0844114,0.173206,11.5991
1298,-0.295191,-0.241758,11.6019
1299,-0.767743,-0.876597,11.6138
1300,0.78321,0.83825,11.6168
1301,-0.193552,-0.127207,11.6212
1302,-0.443667,-0.502214,11.6246
1303,0.810171,0.829611,11.625
1304,-0.596665,-0.694027,11.6345
1305,0.453606,0.625899,11.6642
1306,-0.780778,-0.820105,11.6657
1307,-0.822825,-0.90434,11.6724
1308,-0.54803,-0.681846,11.6903
1309,0.64725,0.721146,11.6957
1310,-0.22679,-0.15905,11.7003
1311,0.425008,0.491452,11.7047
1312,-0.211659,-0.425813,11.7506
1313,0.766582,0.829519,11.7546
1314,-1.0463,-0.999981,11.7567
1315,0.626436,0.738187,11.7692
1316,0.451465,0.576632,11.7849
1317,-0.0102533,0.183723,11.8225
1318,-0.885182,-0.965558,11.8289
1319,1.14133,0.972358,11.8575
1320,0.870112,0.906376,11.8588
1321,0.690607,0.785134,11.8677
1322,0.493362,0.695646,11.9087
1323,0.739792,0.776807,11.91
1324,0.377662,0.575691,11.9493
1325,-1.02746,-0.998534,11.9501
1326,0.77888,0.784299,11.9501
1327,-0.119452,-0.0543515,11.9544
1328,0.417193,0.529871,11.9671
1329,1.00604,0.956358,11.9695
1330,-0.99334,-0.987885,11.9696
1331,1.24336,0.998954,12.0293
1332,-0.903979,-0.907122,12.0293
1333,-0.711258,-0.972576,12.0976
1334,1.0403,0.956873,12.1045
1335,-0.97252,-0.968566,12.1046
1336,-0.152213,-0.207179,12.1076
1337,0.281689,0.391703,12.1197
1338,-0.763278,-0.797098,12.1208
1339,-0.411921,-0.429227,12.1211
1340,1.07825,0.957476,12.1357
1341,-0.105469,0.0539708,12.1611
1342,0.571683,0.754997,12.1947
1343,-0.812876,-0.7972,12.195
1344,1.07895,0.973082,12.2062
1345,0.185889,0.465205,12.2842
1346,-0.987192,-0.951027,12.2855
1347,-0.819421,-0.951621,12.303
1348,0.87436,0.89738,12.3035
1349,-0.699596,-0.736625,12.3049
1350,-0.818069,-0.871285,12.3077
1351,-0.786948,-0.934666,12.3295
1352,-0.591304,-0.78107,12.3656
1353,0.405923,0.509972,12.3764
1354,0.590813,0.695434,12.3873
1355,0.299628,0.414411,12.4005
1356,0.505593,0.664126,12.4256
1357,0.693114,0.812841,12.44
1358,0.0381291,0.259476,12.489
1359,-0.530133,-0.631791,12.4993
1360,-0.74373,-0.888602,12.5203
1361,0.455354,0.579695,12.5357
1362,0.507279,0.64683,12.5552
1363,-0.156243,-0.138993,12.5555
1364,0.0794891,0.168888,12.5635
1365,0.258997,0.368732,12.5756
1366,0.527418,0.638043,12.5878
1367,-0.807172,-0.922857,12.6012
1368,0.181394,0.19327,12.6013
1369,0.607048,0.781004,12.6316
1370,0.991018,0.96092,12.6325
1371,0.166236,0.248402,12.6392
1372,-0.518206,-0.800328,12.7188
1373,0.902937,0.896687,12.7189
1374,-1.00843,-0.9933,12.7191
1375,0.0861331,0.0852187,12.7191
1376,0.0953305,0.163553,12.7238
1377,0.206903,0.284011,12.7297
1378,0.779622,0.877445,12.7393
1379,0.879136,0.927229,12.7416
1380,-0.273591,-0.306024,12.7426
1381,-0.402962,-0.53489,12.76
1382,0.537117,0.669545,12.7776
1383,0.922475,0.924076,12.7776
1384,0.16523,0.303385,12.7967
1385,-0.0477933,0.0268652,12.8022
1386,0.241756,0.387214,12.8234
1387,-0.435242,-0.481334,12.8255
1388,-0.296931,-0.317422,12.8259
1389,0.603637,0.696705,12.8346
1390,-0.297951,-0.272615,12.8352
1391,0.442225,0.555625,12.8481
1392,-0.189937,-0.0693988,12.8626
1393,0.769028,0.819425,12.8652
1394,-0.340466,-0.40049,12.8688
1395,0.658934,0.808021,12.891
1396,1.20519,0.997457,12.9342
1397,0.269382,0.530411,13.0023
1398,-0.653035,-0.74958,13.0116
1399,-0.568986,-0.656211,13.0192
1400,0.533579,0.621888,13.027
1401,0.297227,0.506119,13.0707
1402,-0.854317,-0.947374,13.0793
1403,-0.525644,-0.647835,13.0942
1404,0.755721,0.868332,13.1069
1405,1.08964,0.977965,13.1194
1406,-0.790279,-0.835873,13.1215
1407,0.757763,0.794048,13.1228
1408,-0.388052,-0.418211,13.1237
1409,0.297316,0.496543,13.1634
1410,-0.675113,-0.766638,13.1718
1411,-0.718772,-0.90048,13.2048
1412,-0.264936,-0.371424,13.2161
1413,0.661538,0.796552,13.2344
1414,0.860223,0.920555,13.238
1415,-0.297772,-0.287143,13.2381
1416,-0.541005,-0.64921,13.2498
1417,0.448398,0.676884,13.302
1418,-0.761337,-0.8545,13.3107
1419,-0.958877,-0.988624,13.3116
1420,-0.112452,-0.0943155,13.3119
1421,0.587045,0.722143,13.3302
1422,-0.398555,-0.390186,13.3302
1423,-0.763137,-0.825501,13.3341
1424,-0.863918,-0.93642,13.3394
1425,-0.777732,-0.898797,13.354
1426,-0.402799,-0.515141,13.3667
1427,0.43403,0.535479,13.377
1428,0.00775271,0.0171202,13.377
1429,1.02421,0.933828,13.3852
1430,-0.971896,-0.970764,13.3852
1431,0.207985,0.322396,13.3983
1432,0.76871,0.852144,13.4053
1433,-0.422537,-0.458453,13.4065
1434,-0.559251,-0.614602,13.4096
1435,-0.44787,-0.602801,13.4336
1436,1.07715,0.960982,13.4471
1437,-0.831008,-0.893539,13.451
1438,0.297676,0.397633,13.461
1439,-0.0930255,-0.0313413,13.4648
1440,-0.128981,-0.155383,13.4655
1441,-0.903884,-0.9836,13.4719
1442,0.147685,0.231587,13.4789
1443,-0.671545,-0.768762,13.4884
1444,-0.102129,-0.155154,13.4912
1445,-0.268271,-0.318618,13.4937
1446,0.197169,0.365862,13.5222
1447,0.693958,0.780742,13.5297
1448,-0.363054,-0.322612,13.5313
1449,0.552026,0.659866,13.543
1450,-0.197213,-0.142365,13.546
1451,0.933861,0.930768,13.546
1452,0.470893,0.594788,13.5613
1453,-0.44756,-0.55496,13.5729
1454,0.0133435,0.142699,13.5896
1455,-0.973439,-0.954775,13.5899
1456,-0.594566,-0.788266,13.6275
1457,0.863315,0.888307,13.6281
1458,-0.68473,-0.751387,13.6325
1459,-0.307395,-0.349748,13.6343
1460,-0.220408,-0.242831,13.6348
1461,-0.389147,-0.457717,13.6395
1462,-0.153004,-0.142293,13.6396
1463,0.577692,0.684979,13.6512
1464,-0.347301,-0.329062,13.6515
1465,-0.303957,-0.343206,13.653
1466,-0.881288,-0.973979,13.6616
1467,0.261049,0.350082,13.6695
1468,0.230594,0.393839,13.6962
1469,0.22792,0.363097,13.7145
1470,-0.713428,-0.790995,13.7205
1471,0.340635,0.482425,13.7406
1472,-0.160291,-0.280352,13.755
1473,-0.801327,-0.979352,13.7867
1474,0.208066,0.42212,13.8325
1475,-0.986761,-0.997411,13.8326
1476,-0.807493,-0.897839,13.8408
1477,-0.207893,-0.301408,13.8495
1478,0.858466,0.861515,13.8495
1479,-0.807344,-0.895336,13.8573
1480,0.262172,0.346887,13.8645
1481,-0.541664,-0.628929,13.8721
1482,-0.396418,-0.412699,13.8723
1483,-0.848186,-0.891294,13.8742
1484,-0.783247,-0.952768,13.9029
1485,0.831191,0.873478,13.9047
1486,-0.77421,-0.801236,13.9055
1487,-0.52569,-0.68076,13.9295
1488,-0.469789,-0.631592,13.9557
1489,-0.0662905,-0.0228374,13.9576
1490,-0.914365,-0.978624,13.9617
1491,0.111015,0.130952,13.9621
1492,-0.0234367,0.0541847,13.9681
1493,0.293519,0.384221,13.9764
1494,0.312508,0.523761,14.021
1495,-0.900269,-0.946289,14.0231
1496,-0.375996,-0.479133,14.0337
1497,0.0606748,0.0942145,14.0349
1498,-0.349304,-0.426938,14.0409
1499,0.499643,0.701261,14.0815
1500,-0.955337,-0.975811,14.082
1501,-0.975505,-0.986428,14.0821
1502,-0.656428,-0.79314,14.1008
1503,-0.713108,-0.90526,14.1377
1504,0.0363494,0.0894626,14.1405
1505,0.212858,0.30893,14.1497
1506,1.13887,0.99537,14.1703
1507,0.906255,0.908341,14.1703
1508,-0.310411,-0.284844,14.171
1509,0.431603,0.520836,14.179
1510,0.820267,0.89742,14.1849
1511,-0.909303,-0.940699,14.1859
1512,-0.311664,-0.374861,14.1899
1513,0.0830724,0.161554,14.196
1514,-0.250107,-0.162143,14.2038
1515,-0.998572,-0.981011,14.2041
1516,-0.729332,-0.835633,14.2154
1517,0.86908,0.887553,14.2157
1518,0.320593,0.48822,14.2438
1519,-0.784638,-0.817034,14.2449
1520,-0.700236,-0.817252,14.2586
1521,-0.914496,-0.99383,14.2649
1522,0.459723,0.563848,14.2757
1523,-0.582101,-0.611989,14.2766
1524,-0.426678,-0.558821,14.2941
1525,-0.763095,-0.898466,14.3124
1526,-0.173543,-0.107373,14.3168
1527,-0.857744,-0.889204,14.3178
1528,-0.883936,-0.980479,14.3271
1529,0.838996,0.849731,14.3272
1530,0.212323,0.379818,14.3552
1531,0.627639,0.704585,14.3612
1532,-0.722042,-0.83193,14.3732
1533,0.106746,0.171015,14.3774
1534,-0.743414,-0.861024,14.3912
1535,0.494678,0.584473,14.3993
1536,-0.479881,-0.580843,14.4095
1537,0.118715,0.1824,14.4135
1538,0.489426,0.623299,14.4314
1539,0.266369,0.544789,14.509
1540,0.924203,0.887924,14.5103
1541,0.887847,0.953477,14.5146
1542,1.22908,0.999818,14.5671
1543,-0.0255818,0.0114952,14.5685
1544,-0.335486,-0.574879,14.6258
1545,0.669097,0.762129,14.6345
1546,-1.12315,-0.999973,14.6497
1547,-0.624015,-0.765313,14.6696
1548,-0.709564,-0.846618,14.6884
1549,-0.00912033,0.0362134,14.6905
1550,0.234672,0.3198,14.6977
1551,-0.332526,-0.474482,14.7179
1552,-0.176165,-0.0136811,14.7443
1553,-1.02904,-0.975166,14.7472
1554,1.13284,0.973094,14.7727
1555,0.222597,0.404296,14.8057
1556,-0.898644,-0.946801,14.808
1557,0.0301005,0.0570018,14.8087
1558,0.330502,0.51351,14.8422
1559,-0.640401,-0.716937,14.8481
1560,-0.480341,-0.595009,14.8612
1561,-0.252368,-0.295855,14.8631
1562,-0.310166,-0.458366,14.8851
1563,0.638995,0.739739,14.8952
1564,-0.826639,-0.934202,14.9068
1565,-0.175626,-0.117271,14.9102
1566,-0.34482,-0.324622,14.9106
1567,1.33716,0.999738,15.0245
1568,-0.621585,-0.652408,15.0254
1569,0.0397222,0.0915392,15.0281
1570,-0.513983,-0.613792,15.0381
1571,0.474584,0.586168,15.0505
1572,-0.534854,-0.605427,15.0555
1573,-0.0379343,-0.00230599,15.0568
1574,0.455649,0.634418,15.0887
1575,-0.483854,-0.617504,15.1066
1576,-0.623794,-0.657171,15.1077
1577,-0.43459,-0.270698,15.1346
1578,1.31083,0.99985,15.2313
1579,-0.177189,-0.092026,15.2385
1580,0.971512,0.975341,15.2385
1581,0.739458,0.877478,15.2576
1582,-0.622319,-0.638757,15.2579
1583,1.18992,0.989823,15.2979
1584,-0.281046,-0.242606,15.2994
1585,-0.315665,-0.37082,15.3024
1586,0.763768,0.782055,15.3028
1587,-0.641472,-0.852919,15.3475
1588,0.898149,0.878147,15.3479
1589,-0.953793,-0.978747,15.3485
1590,0.555374,0.67668,15.3632
1591,-0.683542,-0.659149,15.3638
1592,0.8974,0.893246,15.3638
1593,-0.0618713,0.136017,15.403
1594,-0.977888,-0.999588,15.4034
1595,-0.754636,-0.834426,15.4098
1596,-0.452937,-0.480076,15.4105
1597,1.04952,0.948107,15.4208
1598,-0.186917,-0.117972,15.4256
1599,0.68345,0.781368,15.4352
1600,-0.635488,-0.718234,15.442
1601,-0.0462489,-0.106067,15.4456
1602,-0.335054,-0.223835,15.458
1603,-0.918029,-0.963974,15.4601
1604,1.30231,0.993453,15.5555
1605,-0.60464,-0.682198,15.5615
1606,0.52435,0.677859,15.5851
1607,1.21567,0.995151,15.6337
1608,0.51041,0.7545,15.6933
1609,0.610764,0.812839,15.7341
1610,-0.855709,-0.806104,15.7366
1611,1.21615,0.988151,15.7885
1612,-0.111897,0.097445,15.8324
1613,1.06754,0.96087,15.8437
1614,-0.548514,-0.595153,15.8459
1615,0.42289,0.540218,15.8597
1616,-0.209396,-0.180965,15.8605
1617,-0.299374,-0.255193,15.8624
1618,-0.568003,-0.669764,15.8728
1619,-0.683454,-0.81371,15.8898
1620,-0.123953,-0.133644,15.8899
1621,-0.469597,-0.55206,15.8967
1622,0.26724,0.493035,15.9476
1623,-0.576984,-0.688048,15.96
1624,1.08171,0.997452,15.9671
1625,1.2187,0.987769,16.0204
1626,-0.395582,-0.563936,16.0487
1627,0.994013,0.95542,16.0502
1628,-1.07024,-0.999584,16.0552
1629,-0.736711,-0.849908,16.068
1630,-0.593022,-0.719937,16.0842
1631,-0.832932,-0.92755,16.0931
1632,-0.217846,-0.370676,16.1165
1633,-0.525156,-0.650833,16.1323
1634,0.10205,0.180022,16.1383
1635,1.12865,0.974855,16.162
1636,0.630692,0.76298,16.1795
1637,0.448283,0.656378,16.2228
1638,0.210733,0.428542,16.2702
1639,-0.422657,-0.445193,16.2707
1640,1.06787,0.983467,16.2779
1641,1.19062,0.989765,16.3182
1642,0.928867,0.916479,16.3184
1643,-0.996597,-0.992353,16.3184
1644,0.221224,0.25197,16.3193
1645,-0.339997,-0.553161,16.3648
1646,0.715125,0.751443,16.3661
1647,-0.985251,-0.991672,16.3661
1648,0.017969,0.071129,16.3689
1649,-0.620486,-0.730561,16.3811
1650,-0.03995,-0.075033,16.3823
1651,-0.0250417,0.0644594,16.3903
1652,-1.06501,-0.998291,16.3948
1653,-0.503136,-0.753521,16.4574
1654,-0.642668,-0.746616,16.4683
1655,0.130559,0.105864,16.4689
1656,1.22534,0.98273,16.5277
1657,-1.04197,-0.982016,16.5313
1658,0.20665,0.338429,16.5487
1659,1.15079,0.974714,16.5797
1660,-0.76938,-0.856882,16.5873
1661,0.578322,0.700281,16.6022
1662,1.12714,0.991865,16.6205
1663,0.64636,0.78397,16.6395
1664,-0.596771,-0.655868,16.6429
1665,0.183322,0.219769,16.6443
1666,0.0700063,0.221232,16.6671
1667,-1.02712,-0.98851,16.6686
1668,-0.352996,-0.604484,16.7319
1669,0.784022,0.86754,16.7389
1670,-0.874772,-0.964064,16.7468
1671,-0.357671,-0.446173,16.7547
1672,0.0601029,0.167431,16.7662
1673,0.908191,0.908013,16.7662
1674,-0.464904,-0.501376,16.7675
1675,-0.224744,-0.44161,16.8145
1676,1.22381,0.979786,16.8741
1677,-1.08156,-0.992926,16.8819
1678,0.162444,0.278201,16.8953
1679,0.991715,0.961257,16.8963
1680,-0.830932,-0.820658,16.8964
1681,-0.682287,-0.864972,16.9298
1682,-0.64152,-0.742426,16.9399
1683,0.379921,0.469872,16.948
1684,0.508552,0.770193,17.0165
1685,-1.07296,-0.999056,17.0219
1686,-0.771799,-0.954889,17.0555
1687,-0.136432,-0.211739,17.0611
1688,0.380581,0.523257,17.0815
1689,0.763082,0.826522,17.0855
1690,0.11871,0.288892,17.1145
1691,0.251293,0.387872,17.1331
1692,-0.254699,-0.217541,17.1345
1693,0.873917,0.881159,17.1346
1694,-0.103402,0.0149519,17.1486
1695,0.0466308,0.118067,17.1537
1696,-0.445224,-0.543079,17.1633
1697,0.702283,0.761826,17.1668
1698,0.439843,0.572854,17.1845
1699,0.494885,0.676182,17.2174
1700,0.759459,0.847761,17.2252
1701,-0.538111,-0.548082,17.2253
1702,-0.568831,-0.669536,17.2354
1703,-0.777331,-0.87907,17.2457
1704,-0.361973,-0.513521,17.2687
1705,0.600884,0.772801,17.2983
1706,-0.924755,-0.970888,17.3004
1707,-0.854852,-0.956371,17.3107
1708,-0.644839,-0.711515,17.3152
1709,-0.910386,-0.971428,17.3189
1710,-0.90164,-0.979573,17.325
1711,-0.464764,-0.634934,17.3539
1712,-0.776956,-0.756475,17.3543
1713,-0.805167,-0.894094,17.3622
1714,1.22454,0.991131,17.4167
1715,0.284681,0.333843,17.4191
1716,0.625064,0.69619,17.4242
1717,-0.852774,-0.999092,17.4456
1718,1.2473,0.984075,17.5149
1719,-1.03244,-0.980223,17.5176
1720,-0.144725,-0.0370046,17.5292
1721,1.06581,0.957252,17.541
1722,-0.175011,-0.0846454,17.5492
1723,0.846349,0.873268,17.5499
1724,0.136565,0.273021,17.5685
1725,0.0284687,0.0941101,17.5728
1726,0.194998,0.205488,17.5729
1727,-0.749645,-0.956794,17.6158
1728,0.51781,0.620601,17.6264
1729,-0.92999,-0.979842,17.6289
1730,0.290741,0.34853,17.6322
1731,0.0692227,0.168866,17.6422
1732,0.468293,0.626022,17.667
1733,0.0700367,0.192505,17.682
1734,-0.365428,-0.347059,17.6824
1735,0.707397,0.814595,17.6939
1736,-0.386688,-0.252662,17.7118
1737,-0.836582,-0.915751,17.7181
1738,-0.945101,-0.982858,17.7195
1739,0.561802,0.676244,17.7326
1740,0.219592,0.503471,17.8132
1741,-0.761289,-0.822676,17.817
1742,1.20208,0.998195,17.8585
1743,1.06628,0.977401,17.8664
1744,-0.843069,-0.844332,17.8664
1745,0.655433,0.714294,17.8699
1746,0.112422,0.131231,17.8703
1747,-0.953672,-0.998068,17.8722
1748,0.109246,0.126261,17.8725
1749,-0.767514,-0.907093,17.892
1750,-0.0378649,0.055007,17.9006
1751,-0.687338,-0.789959,17.9112
1752,0.925564,0.910918,17.9114
1753,-0.471199,-0.470596,17.9114
1754,-0.692166,-0.687848,17.9114
1755,-1.05905,-0.99805,17.9151
1756,-0.877375,-0.983465,17.9264
1757,0.660189,0.719607,17.9299
1758,-0.107813,0.0928684,17.9702
1759,0.799461,0.858263,17.9736
1760,-0.393585,-0.31432,17.9799
1761,1.01884,0.937616,17.9865
1762,-0.207586,-0.113758,17.9953
1763,0.542035,0.646835,18.0063
1764,-0.146322,-0.0849254,18.0101
1765,0.530064,0.692136,18.0363
1766,-0.616978,-0.65724,18.038
1767,-0.605851,-0.793326,18.0731
1768,0.911001,0.901633,18.0732
1769,-0.838778,-0.891762,18.076
1770,0.631821,0.744518,18.0887
1771,0.288262,0.407081,18.1028
1772,-0.571659,-0.639878,18.1075
1773,0.621877,0.772108,18.13
1774,0.956354,0.956961,18.13
1775,-0.940163,-0.888331,18.1327
1776,1.03445,0.926983,18.1443
1777,0.242622,0.403368,18.1701
1778,-1.00583,-0.998064,18.1702
1779,0.334071,0.38777,18.1731
1780,-0.218895,-0.218775,18.1731
1781,0.237579,0.393666,18.1974
1782,0.582119,0.680531,18.2071
1783,-0.521885,-0.627786,18.2183
1784,0.35229,0.414811,18.2222
1785,-0.61722,-0.819253,18.2631
1786,-0.445692,-0.351584,18.2719
1787,-0.9639,-0.986721,18.2724
1788,1.16818,0.981783,18.3072
1789,0.0937382,0.162331,18.3119
1790,0.240836,0.290358,18.3143
1791,-0.997927,-0.998341,18.3143
1792,-0.268636,-0.311226,18.3161
1793,-0.883781,-0.902614,18.3165
1794,-0.85901,-0.935922,18.3224
1795,-0.89222,-0.989978,18.332
1796,0.429399,0.58268,18.3555
1797,-0.598871,-0.593536,18.3555
1798,1.25491,0.982983,18.4294
1799,1.05902,0.972477,18.4369
1800,-1.06773,-0.999997,18.4415
1801,0.4522,0.538498,18.449
1802,0.247893,0.378946,18.4661
1803,0.079287,0.187766,18.4779
1804,0.0877593,0.227084,18.4973
1805,-0.288762,-0.296522,18.4974
1806,-0.554806,-0.661047,18.5087
1807,-0.214042,-0.248079,18.5098
1808,0.479232,0.710985,18.5635
1809,-0.977361,-0.980141,18.5635
1810,-0.753587,-0.996846,18.6227
1811,0.951562,0.882719,18.6275
1812,-0.986495,-0.983952,18.6275
1813,-0.0684925,-0.0977665,18.6283
1814,1.10265,0.967476,18.6466
1815,0.812336,0.921413,18.6585
1816,0.611452,0.746737,18.6768
1817,-0.136864,-0.0632131,18.6822
1818,-0.960304,-0.999995,18.6838
1819,0.00846783,-0.0325095,18.6855
1820,0.426668,0.566402,18.705
1821,0.886813,0.915776,18.7058
1822,0.44642,0.628146,18.7389
1823,-0.479412,-0.517902,18.7403
1824,-0.381659,-0.516306,18.7585
1825,0.995463,0.947936,18.7607
1826,1.01754,0.976383,18.7624
1827,0.533519,0.673252,18.782
1828,0.594874,0.705615,18.7942
1829,1.2489,0.996755,18.8578
1830,-1.05514,-0.987212,18.8624
1831,-0.564894,-0.699026,18.8804
1832,-0.850087,-0.947908,18.89
1833,-0.13117,-0.143828,18.8901
1834,-0.439452,-0.525803,18.8976
1835,0.147847,0.224008,18.9034
1836,-0.269431,-0.202581,18.9079
1837,0.560865,0.682041,18.9225
1838,-0.184154,-0.122331,18.9264
1839,-1.06365,-0.996496,18.9309
1840,-0.548964,-0.734635,18.9653
1841,1.18251,0.985748,19.0041
1842,0.755645,0.867236,19.0165
1843,0.341738,0.530756,19.0522
1844,-0.434223,-0.361805,19.0575
1845,-0.654173,-0.855194,19.0979
1846,-0.826528,-0.969981,19.1185
1847,-0.214594,-0.176882,19.1199
1848,-1.04365,-0.998445,19.1219
1849,-0.794452,-0.936545,19.1421
1850,-0.609537,-0.779065,19.1709
1851,-0.594612,-0.649309,19.1739
1852,-0.991765,-0.997044,19.1739
1853,0.713542,0.815785,19.1843
1854,-0.400649,-0.392364,19.1844
1855,-0.733248,-0.871168,19.2034
1856,0.0100467,0.0265321,19.2037
1857,0.0244098,0.126391,19.2141
1858,0.31041,0.4055,19.2231
1859,-0.293386,-0.262265,19.2241
1860,0.614624,0.693662,19.2304
1861,0.528713,0.764017,19.2857
1862,-0.968076,-0.972197,19.2857
1863,-0.577596,-0.724845,19.3074
1864,0.304718,0.424089,19.3217
1865,0.062688,0.206735,19.3424
1866,-0.516494,-0.63874,19.3574
1867,-0.264595,-0.359299,19.3663
1868,0.427294,0.605248,19.398
1869,0.561446,0.653886,19.4066
1870,0.5334,0.746744,19.4521
1871,1.28476,0.999784,19.5333
1872,-0.0564405,0.109265,19.5607
1873,-0.13968,-0.150752,19.5609
1874,-0.577454,-0.701834,19.5763
1875,-0.107045,-0.0772392,19.5772
1876,-0.81716,-0.913607,19.5865
1877,-0.000749325,0.035567,19.5878
1878,-0.123229,-0.0936083,19.5887
1879,-0.667768,-0.771153,19.5994
1880,-0.579356,-0.706615,19.6156
1881,-0.921864,-0.936704,19.6158
1882,-0.637473,-0.894697,19.682
1883,1.11699,0.968192,19.7041
1884,-0.883445,-0.932091,19.7065
1885,-0.410547,-0.444835,19.7077
1886,-0.726423,-0.794916,19.7124
1887,-0.826523,-0.946411,19.7267
1888,0.726244,0.749768,19.7273
1889,-0.386435,-0.44313,19.7305
1890,0.179863,0.33663,19.7551
1891,0.870174,0.875605,19.7551
1892,0.0458979,0.268558,19.8047
1893,0.787753,0.838087,19.8072
1894,-0.147909,-0.0323195,19.8206
1895,0.8765,0.884957,19.8206
1896,-0.110067,-0.0292615,19.8272
1897,0.107092,0.212103,19.8382
1898,-0.194601,0.0292384,19.8883
1899,1.14269,0.977771,19.9155
1900,-0.0606781,0.194514,19.9806
1901,1.06221,0.978618,19.9876
1902,-0.841758,-0.826597,19.9878
1903,1.09367,0.951627,20.008
1904,0.275291,0.578156,20.0998
1905,1.14298,0.980148,20.1263
1906,-0.335699,-0.213857,20.1411
1907,0.598919,0.695333,20.1504
1908,0.142671,0.335516,20.1876
1909,1.28201,0.999969,20.2671
1910,-0.732352,-0.797626,20.2714
1911,-0.486559,-0.597134,20.2836
1912,-0.457947,-0.584308,20.2996
1913,0.90665,0.92026,20.2998
1914,0.652468,0.793718,20.3197
1915,-0.274375,-0.302854,20.3205
1916,-0.523341,-0.752548,20.3731
1917,1.17881,0.999483,20.4052
1918,-1.22314,-0.999998,20.455
1919,-0.820826,-0.955,20.473
1920,0.932238,0.891889,20.4747
1921,-0.448549,-0.440172,20.4747
1922,-0.299229,-0.259833,20.4763
1923,1.09851,0.996366,20.4867
1924,-0.896381,-0.927499,20.4877
1925,-0.938173,-0.993496,20.4907
1926,-0.154249,-0.17144,20.491
1927,-0.534011,-0.602724,20.4958
1928,-0.732374,-0.817254,20.503
1929,-0.970254,-0.984768,20.5032
1930,-0.853906,-0.951752,20.5128
1931,-0.721312,-0.813998,20.5213
1932,0.700736,0.755063,20.5243
1933,0.368168,0.54001,20.5538
1934,-0.887417,-0.948609,20.5576
1935,-0.113285,-0.134375,20.558
1936,0.586493,0.694599,20.5697
1937,0.134732,0.248814,20.5827
1938,0.0451627,0.154909,20.5948
1939,0.245676,0.383581,20.6138
1940,0.0755433,0.244258,20.6422
1941,-0.951851,-0.966492,20.6425
1942,-0.908377,-0.956724,20.6448
1943,-0.777181,-0.900805,20.6601
1944,-0.607046,-0.755738,20.6822
1945,-0.102415,-0.295738,20.7196
1946,0.537372,0.545771,20.7196
1947,-0.892538,-0.999892,20.7312
1948,0.592404,0.615603,20.7317
1949,-0.772054,-0.970371,20.771
1950,0.75859,0.842822,20.7781
1951,-1.00908,-0.979073,20.779
1952,-0.368928,-0.588041,20.827
1953,0.770511,0.783045,20.8272
1954,-0.87739,-0.953412,20.833
1955,0.513458,0.57899,20.8373
1956,0.802938,0.923617,20.8518
1957,0.877537,0.890334,20.852
1958,0.339668,0.521881,20.8852
1959,1.10278,0.997489,20.8963
1960,-0.994867,-0.990285,20.8963
1961,1.24632,0.994741,20.9596
1962,0.833473,0.913413,20.966
1963,0.319156,0.562516,21.0252
1964,-0.430299,-0.490495,21.0288
1965,-0.810046,-0.924524,21.0419
1966,0.0559394,0.0171808,21.0434
1967,-0.577597,-0.655925,21.0496
1968,-0.110026,-0.0271916,21.0564
1969,1.21661,0.98827,21.1086
1970,0.344724,0.495685,21.1314
1971,0.594529,0.743161,21.1535
1972,0.593071,0.73992,21.175
1973,-0.236973,-0.131673,21.1861
1974,-0.59101,-0.650869,21.1897
1975,-0.857757,-0.948052,21.1978
1976,-0.246632,-0.32876,21.2046
1977,-0.0951332,-0.00170194,21.2133
1978,-0.466929,-0.51446,21.2156
1979,1.04963,0.965809,21.2226
1980,-0.522782,-0.584732,21.2264
1981,-0.637443,-0.734307,21.2358
1982,-0.572479,-0.673138,21.246
1983,-0.889573,-0.980978,21.2543
1984,0.527594,0.619411,21.2627
1985,-0.499309,-0.559764,21.2664
1986,0.26249,0.350873,21.2742
1987,-0.165459,-0.142439,21.2747
1988,0.369121,0.459005,21.2828
1989,0.0382901,0.159747,21.2976
1990,0.652298,0.738749,21.305
1991,0.868421,0.894396,21.3057
1992,-0.942898,-0.97616,21.3068
1993,0.649004,0.851101,21.3477
1994,1.14427,0.99593,21.3697
1995,-0.49041,-0.33051,21.3952
1996,-0.929972,-0.977234,21.3975
1997,-0.869941,-0.974907,21.4085
1998,-0.0468129,-0.0478837,21.4085
1999,-0.513203,-0.642212,21.4251
2000,0.392089,0.496454,21.436
2001,0.229549,0.381369,21.4591
2002,0.753757,0.905331,21.4821
2003,-1.09557,-0.998808,21.4914
2004,-0.899379,-0.98929,21.4995
2005,0.997869,0.907872,21.5076
2006,0.626735,0.851646,21.5582
2007,0.929711,0.936633,21.5582
2008,-0.192591,-0.0395638,21.5816
2009,-1.08842,-0.996471,21.5901
2010,-0.763162,-0.831205,21.5947
2011,0.950097,0.932657,21.595
2012,0.175796,0.440698,21.6652
2013,-0.868882,-0.941037,21.6704
2014,-0.884086,-0.96027,21.6762
2015,-0.443177,-0.571845,21.6928
2016,-0.690566,-0.861417,21.722
2017,0.33989,0.420011,21.7284
2018,0.332704,0.505317,21.7582
2019,0.428991,0.633655,21.8001
2020,-0.309375,-0.391073,21.8067
2021,-0.549026,-0.794251,21.8669
2022,-0.0156004,0.0194595,21.8681
2023,-0.847677,-0.986049,21.8873
2024,1.02231,0.926035,21.8965
2025,-0.85278,-0.919291,21.9009
2026,0.276478,0.429344,21.9243
2027,-0.600139,-0.702913,21.9349
2028,-0.961785,-0.939799,21.9354
2029,-0.61231,-0.723471,21.9477
2030,1.11895,0.977446,21.9677
2031,-0.0692645,0.027959,21.9772
2032,-0.352849,-0.429396,21.9831
2033,0.691175,0.822944,22.0004
2034,0.592755,0.662525,22.0053
2035,-0.266548,-0.0416145,22.0559
2036,-1.06157,-0.999683,22.0597
2037,1.25404,0.986527,22.1313
2038,-0.148862,-0.108628,22.1329
2039,0.291555,0.557185,22.2034
2040,1.0099,0.936285,22.2089
2041,0.369814,0.64243,22.2832
2042,1.25326,0.998298,22.3482
2043,-0.447693,-0.46351,22.3484
2044,0.013557,0.0815585,22.3531
2045,0.15713,0.228285,22.3581
2046,0.0283346,0.0207947,22.3582
2047,-0.699896,-0.965869,22.4289
2048,0.907758,0.914506,22.429
2049,-0.993701,-0.995482,22.429
2050,-0.440171,-0.591664,22.4519
2051,0.82765,0.854618,22.4527
2052,1.16731,0.999253,22.4809
2053,0.838975,0.877298,22.4824
2054,0.0996489,0.487868,22.6331
2055,1.09105,0.976243,22.6463
2056,-0.287483,-0.122674,22.6734
2057,1.15836,0.995524,22.6999
2058,-0.420493,-0.474979,22.7029
2059,-0.678226,-0.878538,22.743
2060,0.385473,0.459746,22.7485
2061,-0.816116,-0.921723,22.7597
2062,0.564862,0.677519,22.7724
2063,0.691517,0.804047,22.7851
2064,-0.0329401,0.0397426,22.7903
2065,-0.296641,-0.333436,22.7917
2066,-0.332932,-0.386941,22.7946
2067,-1.0895,-0.998456,22.8029
2068,-0.583693,-0.810927,22.8545
2069,1.12074,0.996261,22.87
2070,1.16098,0.998383,22.8965
2071,-0.0509074,0.211765,22.9655
2072,-0.82267,-0.877844,22.9685
2073,-0.998479,-0.997331,22.9685
2074,-0.210888,-0.289822,22.9747
2075,0.175795,0.315259,22.9942
2076,-0.86753,-0.882723,22.9944
2077,-0.724365,-0.870566,23.0158
2078,-0.751609,-0.897017,23.0369
2079,-0.0468848,-0.0887286,23.0387
2080,-0.634559,-0.836899,23.0796
2081,0.252166,0.409884,23.1045
2082,-0.793141,-0.945479,23.1277
2083,-0.30837,-0.385251,23.1336
2084,0.114142,0.2344,23.1481
2085,1.2037,0.998125,23.1903
2086,0.381672,0.573586,23.2272
2087,-0.268778,-0.0254522,23.2864
2088,1.19462,0.984267,23.3306
2089,-0.195231,-0.189944,23.3307
2090,1.00715,0.965588,23.3324
2091,-1.05927,-0.978874,23.3389
2092,0.959748,0.916743,23.3407
2093,0.094589,0.338714,23.4003
2094,1.25004,0.994331,23.4657
2095,0.836078,0.883241,23.4679
2096,-0.971039,-0.98371,23.4681
2097,0.123037,0.180787,23.4714
2098,-0.37789,-0.398161,23.4718
2099,0.604348,0.677851,23.4772
2100,-0.37301,-0.409078,23.4785
2101,0.31858,0.508013,23.5144
2102,0.578728,0.731124,23.5376
2103,-0.596949,-0.578173,23.538
2104,0.90861,0.90576,23.538
2105,-0.16158,0.00797634,23.5667
2106,-0.924861,-0.95967,23.5679
2107,-0.429868,-0.599538,23.5967
2108,0.383831,0.619882,23.6525
2109,-0.838761,-0.864043,23.6531
2110,1.24127,0.993139,23.7147
2111,0.283554,0.463394,23.747
2112,0.812238,0.839287,23.7477
2113,-0.77647,-0.952787,23.7788
2114,1.05387,0.948892,23.7898
2115,-0.881912,-0.955129,23.7952
2116,-0.0944781,-0.0546003,23.7968
2117,0.662142,0.720786,23.8002
2118,0.5914,0.812814,23.8493
2119,1.15538,0.996541,23.8745
2120,-0.472322,-0.445109,23.8752
2121,-0.698668,-0.812057,23.8881
2122,0.666871,0.781656,23.9013
2123,0.137514,0.332096,23.9391
2124,-0.605368,-0.662071,23.9423
2125,-0.943425,-0.990809,23.9446
2126,-0.909322,-0.943303,23.9457
2127,-0.816173,-0.880607,23.9499
2128,1.01338,0.942194,23.955
2129,0.474999,0.539822,23.9592
2130,-0.631348,-0.907628,24.0355
2131,0.791247,0.82425,24.0366
2132,-1.02181,-0.997851,24.0372
2133,0.456305,0.506956,24.0397
2134,-0.232288,-0.273907,24.0415
2135,0.582361,0.743058,24.0673
2136,0.852774,0.873156,24.0677
2137,0.0911728,0.397587,24.1616
2138,0.964694,0.923915,24.1632
2139,0.172529,0.429257,24.2292
2140,1.21141,0.997128,24.2751
2141,0.0969757,0.290458,24.3125
2142,-0.695681,-0.731127,24.3138
2143,-0.605916,-0.833958,24.3658
2144,-0.701326,-0.799741,24.3755
2145,-0.208732,-0.196325,24.3756
2146,1.25008,0.99696,24.4397
2147,0.51858,0.685569,24.4676
2148,0.641011,0.726964,24.4749
2149,-0.79774,-0.870804,24.4803
2150,-0.301993,-0.35091,24.4827
2151,-0.845181,-0.946205,24.4929
2152,0.271945,0.361892,24.501
2153,-0.16932,-0.0911459,24.5071
2154,-0.158512,-0.155436,24.5071
2155,-0.611843,-0.734714,24.5222
2156,0.223682,0.27745,24.5251
2157,-0.489454,-0.637791,24.5471
2158,-0.00825301,0.0563011,24.5513
2159,-0.891913,-0.944877,24.5541
2160,0.823947,0.886677,24.558
2161,0.752728,0.837294,24.5651
2162,-0.620033,-0.737565,24.579
2163,0.764669,0.845981,24.5856
2164,0.782836,0.879228,24.5949
2165,0.056922,0.306134,24.657
2166,-0.720327,-0.780114,24.6605
2167,1.19535,0.981962,24.7061
2168,-0.0571096,0.0430593,24.7161
2169,0.112098,0.305458,24.7535
2170,1.08887,0.968499,24.768
2171,-0.618329,-0.692556,24.7735
2172,0.400181,0.515104,24.7867
2173,0.213576,0.367293,24.8103
2174,0.0359078,0.0688527,24.8114
2175,0.766173,0.926055,24.837
2176,1.14137,0.989045,24.8602
2177,-0.434393,-0.404164,24.8611
2178,0.943665,0.908308,24.8623
2179,0.0380023,0.142511,24.8733
2180,0.157717,0.282469,24.8888
2181,0.372163,0.526128,24.9125
2182,-0.382772,-0.346676,24.9138
2183,-0.513788,-0.578749,24.9181
2184,0.960355,0.961376,24.9181
2185,-0.688164,-0.73164,24.92
2186,-0.798938,-0.922089,24.9351
2187,0.152101,0.243631,24.9435
2188,-0.1844,-0.154832,24.9444
2189,-0.524519,-0.554794,24.9453
2190,0.750226,0.797845,24.9476
2191,0.198775,0.419141,24.9961
2192,1.28046,0.997123,25.0764
2193,-0.805209,-0.86481,25.08
2194,0.396908,0.480633,25.087
2195,-0.549189,-0.64901,25.0969
2196,0.324039,0.471612,25.1187
2197,-0.691953,-0.782257,25.1269
2198,0.792442,0.858006,25.1312
2199,-0.357759,-0.352028,25.1312
2200,-0.511694,-0.602414,25.1394
2201,-0.0809955,-0.0847073,25.1394
2202,-0.330548,-0.435154,25.1504
2203,0.0830505,0.194481,25.1628
2204,0.515371,0.599691,25.1699
2205,0.844578,0.952141,25.1815
2206,1.06587,0.986661,25.1877
2207,-0.265687,-0.33883,25.1931
2208,-0.815604,-0.962433,25.2147
2209,0.028405,-0.0684681,25.224
2210,-0.753417,-0.980045,25.2754
2211,0.327134,0.459713,25.293
2212,-0.979929,-0.991123,25.2931
2213,0.798556,0.857692,25.2966
2214,0.51593,0.657896,25.3168
2215,-0.285035,-0.293651,25.3168
2216,0.69394,0.795489,25.3271
2217,0.376847,0.49458,25.341
2218,0.0100665,-0.0746813,25.3482
2219,0.95136,0.87122,25.3546
2220,-0.844393,-0.998769,25.3784
2221,0.951927,0.92747,25.379
2222,-1.03003,-0.993759,25.3804
2223,0.842783,0.84482,25.3804
2224,-0.276383,-0.257492,25.3807
2225,0.350369,0.438009,25.3884
2226,-0.00873064,0.111357,25.4028
2227,0.717671,0.816195,25.4125
2228,0.743096,0.890467,25.4342
2229,-0.973188,-0.971738,25.4342
2230,-0.801302,-0.913309,25.4468
2231,-0.396558,-0.490241,25.4556
2232,-0.547802,-0.68169,25.4735
2233,-0.181549,-0.218412,25.4748
2234,0.512061,0.604838,25.4835
2235,0.17332,0.300649,25.4997
2236,0.452814,0.605814,25.5231
2237,0.275055,0.434479,25.5485
2238,-0.516833,-0.547244,25.5494
2239,-0.411926,-0.48287,25.5545
2240,-0.555026,-0.685104,25.5714
2241,0.504926,0.614352,25.5833
2242,-0.574927,-0.641416,25.5878
2243,0.182198,0.277421,25.5968
2244,-0.0887779,-0.0547159,25.598
2245,-0.871825,-0.950186,25.6041
2246,-0.160556,-0.258397,25.6137
2247,-0.657646,-0.708193,25.6163
2248,-0.369404,-0.411173,25.618
2249,1.13986,0.998397,25.638
2250,0.804132,0.917107,25.6508
2251,-0.765589,-0.771004,25.6508
2252,1.29737,0.996386,25.7414
2253,-0.397359,-0.432864,25.7427
2254,0.252126,0.37452,25.7576
2255,0.533388,0.587183,25.7605
2256,0.74036,0.865874,25.7763
2257,-1.07645,-0.999622,25.7822
2258,-0.526857,-0.667486,25.802
2259,-0.285253,-0.297462,25.8021
2260,-0.613257,-0.712711,25.812
2261,-0.41201,-0.556912,25.833
2262,0.579713,0.728491,25.8551
2263,-0.857668,-0.887934,25.8561
2264,1.1583,0.978307,25.8885
2265,-0.709254,-0.715837,25.8885
2266,0.704502,0.848457,25.9092
2267,-0.628193,-0.744358,25.9227
2268,1.18973,0.997351,25.9597
2269,1.10916,0.981228,25.9761
2270,-0.335088,-0.305705,25.977
2271,-0.141141,-0.0604147,25.9835
2272,-0.699861,-0.775968,25.9893
2273,0.928996,0.904452,25.9899
2274,-0.54141,-0.519731,25.9903
2275,0.702215,0.771662,25.9952
2276,-0.0479551,0.0282335,26.001
2277,1.06569,0.973548,26.0095
2278,-0.812074,-0.868716,26.0127
2279,-0.209619,-0.275228,26.017
2280,-0.00201797,0.168501,26.046
2281,-0.588211,-0.755893,26.0742
2282,1.1298,0.990174,26.0937
2283,1.18338,0.991373,26.1305
2284,0.0948359,0.249637,26.1545
2285,0.317564,0.491566,26.1848
2286,0.318364,0.534361,26.2314
2287,-0.800298,-0.863209,26.2354
2288,-0.909806,-0.974744,26.2396
2289,-0.721426,-0.847275,26.2554
2290,-0.727473,-0.800203,26.2607
2291,-0.621414,-0.83631,26.3069
2292,-0.600635,-0.787304,26.3417
2293,0.365316,0.449799,26.3489
2294,0.77267,0.906309,26.3667
2295,0.807611,0.882365,26.3723
2296,-0.521018,-0.48036,26.374
2297,0.906433,0.911622,26.374
2298,-0.241388,-0.125388,26.3875
2299,-0.858247,-0.93286,26.393
2300,-0.289919,-0.554717,26.4632
2301,0.571237,0.726077,26.4871
2302,-0.945893,-0.988737,26.489
2303,1.02774,0.956499,26.494
2304,0.979785,0.943096,26.4954
2305,0.0857704,0.223343,26.5143
2306,0.207987,0.361229,26.5378
2307,-0.0858429,0.109712,26.576
2308,-0.482329,-0.577643,26.5851
2309,1.24562,0.999997,26.6454
2310,0.734234,0.831118,26.6548
2311,0.0112083,0.208185,26.6936
2312,1.15424,0.983027,26.723
2313,-0.239875,-0.259562,26.7233
2314,-0.258109,-0.204478,26.7262
2315,-0.836732,-0.976146,26.7457
2316,1.10656,0.976616,26.7625
2317,-0.773377,-0.85514,26.7692
2318,-0.441722,-0.513715,26.7744
2319,-0.334006,-0.372961,26.7759
2320,0.869242,0.884135,26.7761
2321,-0.172984,-0.0830808,26.7842
2322,-0.307591,-0.284212,26.7848
2323,-0.78027,-0.876889,26.7941
2324,-0.303561,-0.40572,26.8045
2325,0.365334,0.507514,26.8248
2326,-0.676068,-0.753079,26.8307
2327,-0.238313,-0.279734,26.8324
2328,-0.301874,-0.347392,26.8345
2329,0.0994886,0.179261,26.8408
2330,-0.169392,-0.137622,26.8419
2331,-0.199663,-0.29776,26.8515
2332,-0.882713,-0.976295,26.8602
2333,-0.325629,-0.353443,26.861
2334,-0.893667,-0.978515,26.8682
2335,-0.393772,-0.530894,26.887
2336,-0.324985,-0.367265,26.8888
2337,0.766318,0.818353,26.8915
2338,0.496451,0.676676,26.924
2339,1.11842,0.956984,26.95
2340,-0.813795,-0.910678,26.9594
2341,0.207568,0.463687,27.025
2342,-0.943638,-0.961068,27.0253
2343,-0.914181,-0.99178,27.0314
2344,-0.0319052,-0.0325702,27.0314
2345,-0.176046,-0.141009,27.0326
2346,0.317134,0.495236,27.0643
2347,-0.254461,-0.351981,27.0738
2348,-0.736382,-0.909738,27.1039
2349,-0.133342,-0.12839,27.1039
2350,-0.975248,-0.992507,27.1042
2351,-0.117206,-0.129246,27.1043
2352,-0.27566,-0.304933,27.1052
2353,-0.0458574,-0.0108202,27.1064
2354,-0.131062,-0.11724,27.1066
2355,-0.892806,-0.966741,27.1121
2356,0.64849,0.688213,27.1136
2357,0.465601,0.710131,27.1734
2358,1.19922,0.992124,27.2163
2359,-0.277904,-0.259698,27.2167
2360,0.183513,0.278222,27.2256
2361,0.238827,0.387712,27.2478
2362,0.336092,0.563955,27.2997
2363,-0.674754,-0.732158,27.303
2364,-0.69952,-0.847622,27.325
2365,0.646566,0.740829,27.3338
2366,0.234475,0.344224,27.3459
2367,-0.176246,-0.148465,27.3467
2368,0.356949,0.482702,27.3625
2369,0.782972,0.821222,27.3639
2370,-0.83708,-0.846326,27.364
2371,-0.240817,-0.158947,27.3707
2372,1.21492,0.997017,27.4182
2373,0.0625293,0.122549,27.4218
2374,-0.726325,-0.800118,27.4272
2375,0.0840847,0.241109,27.4519
2376,1.30469,0.999223,27.5452
2377,-0.508781,-0.511264,27.5452
2378,-0.110061,-0.0860808,27.5458
2379,-0.676967,-0.799012,27.5607
2380,0.663102,0.694217,27.5617
2381,-0.448867,-0.671022,27.611
2382,0.694113,0.773302,27.6173
2383,-0.996711,-0.993181,27.6173
2384,0.423161,0.52371,27.6274
2385,0.039306,0.169178,27.6443
2386,-0.0783605,0.114382,27.6814
2387,-0.743021,-0.869271,27.6974
2388,-0.909099,-0.997604,27.7052
2389,-0.177425,-0.223268,27.7073
2390,0.704525,0.826391,27.7221
2391,1.13207,0.988747,27.7427
2392,0.873417,0.92824,27.7457
2393,0.96824,0.931822,27.747
2394,-0.867973,-0.919113,27.7496
2395,0.573734,0.615285,27.7514
2396,0.653932,0.835621,27.7844
2397,1.19937,0.991024,27.8278
2398,-0.0906382,-0.0163783,27.8333
2399,0.17116,0.368489,27.8722
2400,0.913426,0.896512,27.8725
2401,-0.220646,-0.124049,27.8818
2402,0.675132,0.69674,27.8823
2403,0.57267,0.695116,27.8973
2404,-1.09986,-0.999149,27.9075
2405,-0.0414567,-0.0378878,27.9075
2406,0.738448,0.812453,27.9129
2407,-0.818219,-0.852446,27.9141
2408,0.673109,0.739065,27.9185
2409,0.426323,0.559075,27.9361
2410,-0.83263,-0.920241,27.9438
2411,-0.180806,-0.204281,27.9443
2412,-0.561307,-0.751588,27.9805
2413,0.748991,0.801025,27.9832
2414,-0.966931,-0.8823,27.9904
2415,-0.601352,-0.641344,27.992
2416,1.30735,1,28.0865
2417,-0.288871,-0.191259,28.096
2418,-0.662193,-0.791472,28.1127
2419,0.809946,0.838101,28.1135
2420,0.228389,0.369331,28.1334
2421,0.0760531,0.183725,28.1449
2422,0.479491,0.58379,28.1558
2423,-0.666307,-0.8072,28.1757
2424,-0.110582,0.0626671,28.2057
2425,-0.798369,-0.793861,28.2057
2426,1.32229,0.998982,28.3102
2427,-0.350028,-0.339354,28.3104
2428,0.750879,0.83557,28.3175
2429,1.20073,0.9969,28.3591
2430,-0.842937,-0.88928,28.3612
2431,-0.102564,-0.103677,28.3612
2432,0.201128,0.335708,28.3793
2433,-0.302965,-0.304617,28.3793
2434,-0.245789,-0.274897,28.3802
2435,-0.137801,-0.12048,28.3805
2436,0.0542137,0.126606,28.3857
2437,-0.231031,-0.221418,28.3858
2438,0.58413,0.716848,28.4034
2439,-0.197466,-0.179463,28.4038
2440,-0.329452,-0.438923,28.4157
2441,-0.180891,-0.112224,28.4205
2442,-0.712384,-0.88401,28.4499
2443,1.25472,0.991827,28.519
2444,-0.838369,-0.896025,28.5223
2445,0.223786,0.321769,28.5319
2446,-0.49539,-0.539106,28.5339
2447,0.711206,0.796511,28.5411
2448,-0.0314746,0.160513,28.578
2449,-0.586952,-0.770766,28.6118
2450,-0.644744,-0.749242,28.6227
2451,-0.181994,-0.141841,28.6243
2452,1.13329,0.987898,28.6455
2453,0.360185,0.500852,28.6652
2454,-0.538128,-0.615135,28.6712
2455,0.415419,0.564107,28.6933
2456,0.848495,0.860706,28.6934
2457,-0.578107,-0.69576,28.7073
2458,-0.0533153,0.063733,28.721
2459,-0.833752,-0.919127,28.7283
2460,0.939189,0.897087,28.73
2461,-0.216181,-0.240909,28.7306
2462,0.0209154,0.0563064,28.7319
2463,-1.01919,-0.99865,28.7323
2464,-0.0393898,-0.0226572,28.7326
2465,0.674896,0.79036,28.7459
2466,0.0508416,0.168073,28.7597
2467,-0.413245,-0.417012,28.7597
2468,0.621565,0.694299,28.765
2469,-0.0692697,0.195734,28.8352
2470,-0.935872,-0.954615,28.8356
2471,1.24984,0.989807,28.9032
2472,-0.109289,0.00622765,28.9165
2473,0.364655,0.50907,28.9374
2474,0.179403,0.296014,28.951
2475,-0.812705,-0.909039,28.9602
2476,0.288079,0.466987,28.9923
2477,-0.494018,-0.55402,28.9959
2478,-0.724854,-0.876849,29.019
2479,0.139363,0.180814,29.0207
2480,0.314524,0.420242,29.0319
2481,0.231788,0.369557,29.0508
2482,0.449994,0.61589,29.0784
2483,0.060142,0.145533,29.0856
2484,-0.26868,-0.357359,29.0935
2485,0.657753,0.7868,29.1102
2486,-0.950967,-0.944924,29.1102
2487,-0.720206,-0.833028,29.1229
2488,-0.60886,-0.743059,29.1409
2489,0.423413,0.629641,29.1835
2490,-0.609525,-0.653011,29.1854
2491,1.26449,0.998945,29.2559
2492,0.594069,0.771779,29.2875
2493,-0.605603,-0.638662,29.2885
2494,-0.393537,-0.471406,29.2946
2495,0.727112,0.838489,29.307
2496,-0.484719,-0.514412,29.3079
2497,-0.554493,-0.680394,29.3237
2498,0.0773049,0.16833,29.332
2499,0.123305,0.225129,29.3424
2500,-0.449507,-0.51909,29.3472
2501,0.106536,0.225245,29.3613
2502,-0.400581,-0.389905,29.3615
2503,-0.717049,-0.837629,29.376
2504,0.715816,0.817186,29.3863
2505,-0.34582,-0.343179,29.3863
2506,-0.562343,-0.668731,29.3976
2507,0.395765,0.521004,29.4133
2508,0.0995075,0.27666,29.4447
2509,-0.672915,-0.74633,29.45
2510,-0.662038,-0.792775,29.4671
2511,-0.434976,-0.527144,29.4756
2512,-0.388312,-0.468079,29.482
2513,0.530911,0.667733,29.5007
2514,-0.0945567,-0.0322107,29.5046
2515,-0.373452,-0.44642,29.5099
2516,0.584432,0.697445,29.5227
2517,0.257862,0.399057,29.5426
2518,-0.163117,-0.0912041,29.5478
2519,0.0433044,0.027351,29.5481
2520,-0.594753,-0.712639,29.562
2521,0.258137,0.448406,29.5982
2522,1.03974,0.973044,29.6026
2523,-0.202833,-0.146728,29.6058
2524,-0.61599,-0.733427,29.6196
2525,0.706668,0.741928,29.6208
2526,0.335268,0.683436,29.742
2527,1.03921,0.970295,29.7468
2528,-0.208499,-0.0880481,29.7613
2529,1.12447,0.988421,29.7798
2530,0.855178,0.892799,29.7812
2531,-0.796259,-0.883088,29.7887
2532,0.668709,0.813745,29.8098
2533,1.09178,0.982504,29.8217
2534,-0.437408,-0.423745,29.8219
2535,-0.644882,-0.748591,29.8327
2536,-0.744919,-0.920496,29.8635
2537,0.934582,0.948642,29.8637
2538,1.24097,0.996885,29.9233
2539,-0.101966,2.42812e-05,29.9337
2540,0.339367,0.440726,29.9439
2541,-0.629318,-0.731938,29.9545
2542,-0.410259,-0.374476,29.9557
2543,-0.855205,-0.952105,29.9651
2544,-0.812276,-0.963408,29.988
2545,0.638722,0.750037,30.0004
2546,0.746663,0.781265,30.0016
2547,0.748558,0.849456,30.0117
2548,-0.972281,-0.996271,30.0123
2549,-0.17424,-0.204496,30.0132
2550,0.476641,0.648471,30.0428
2551,0.828267,0.882836,30.0457
2552,-0.811733,-0.829814,30.0461
2553,0.628586,0.723954,30.0552
2554,-0.111357,0.0925178,30.0967
2555,1.32297,0.999673,30.2012
2556,-0.377264,-0.383201,30.2013
2557,0.138744,0.23702,30.2109
2558,0.423494,0.563355,30.2305
2559,-0.163994,-0.0867784,30.2365
2560,-0.109792,-0.157832,30.2388
2561,-0.490368,-0.542724,30.2415
2562,0.634033,0.680876,30.2437
2563,1.0586,0.986688,30.2489
2564,1.13507,0.986093,30.2711
2565,-0.100825,-0.0171803,30.2781
2566,0.0389799,0.158784,30.2924
2567,0.700244,0.783591,30.2994
2568,-0.462622,-0.548146,30.3067
2569,0.1507,0.202849,30.3094
2570,0.419777,0.53699,30.3231
2571,0.427418,0.655962,30.3754
2572,0.771864,0.848762,30.3813
2573,-0.613533,-0.608124,30.3813
2574,0.699475,0.78216,30.3882
2575,-0.243613,-0.139093,30.3991
2576,1.06952,0.97568,30.4079
2577,-0.448407,-0.465092,30.4082
2578,-0.643431,-0.727478,30.4152
2579,-0.378738,-0.367073,30.4154
2580,0.82015,0.861795,30.4171
2581,-0.604436,-0.639509,30.4183
2582,1.17497,0.989177,30.4528
2583,-0.841867,-0.888813,30.455
2584,0.982301,0.918927,30.4591
2585,-0.546062,-0.596199,30.4616
2586,0.13852,0.236951,30.4713
2587,0.361289,0.564105,30.5124
2588,-0.73674,-0.76685,30.5133
2589,-0.743722,-0.885678,30.5335
2590,-0.413606,-0.580292,30.5612
2591,-0.00785883,0.00112968,30.5613
2592,-0.88491,-0.982,30.5708
2593,0.0252649,-0.00826924,30.5719
2594,0.584717,0.805996,30.6208
2595,1.03935,0.958393,30.6274
2596,-0.242963,-0.0849546,30.6524
2597,0.847789,0.915001,30.6569
2598,-0.672108,-0.71332,30.6586
2599,-1.06207,-0.994698,30.6631
2600,-1.0079,-0.99627,30.6633
2601,1.17574,0.988046,30.6985
2602,0.970409,0.945148,30.6991
2603,1.09111,0.992997,30.7087
2604,-1.02036,-0.995139,30.7094
2605,-0.592821,-0.76958,30.7406
2606,-0.37002,-0.361652,30.7407
2607,-0.843197,-0.985887,30.7611
2608,-0.447115,-0.545089,30.7707
2609,0.257206,0.429901,30.8005
2610,1.10683,0.978918,30.8168
2611,-0.822952,-0.899311,30.8227
2612,0.782118,0.892416,30.8348
2613,1.20746,0.990978,30.8817
2614,-0.410676,-0.465378,30.8847
2615,0.332895,0.524287,30.9213
2616,-0.765749,-0.864524,30.9311
2617,-0.436391,-0.561247,30.9467
2618,0.0381223,0.13381,30.9558
2619,0.395781,0.537603,30.9759
2620,-0.291668,-0.275268,30.9762
2621,0.922767,0.90481,30.9765
2622,0.170898,0.309283,30.9957
2623,0.167141,0.196774,30.9966
2624,0.63866,0.699919,31.0003
2625,-0.926494,-0.979935,31.0032
2626,-0.362888,-0.455857,31.0118
2627,-0.83001,-0.956715,31.0279
2628,0.757523,0.827404,31.0327
2629,0.667233,0.772065,31.0437
2630,0.549083,0.780305,31.0972
2631,1.19377,0.980916,31.1425
2632,0.753745,0.79162,31.1439
2633,-1.07173,-0.999936,31.1491
2634,0.358147,0.431279,31.1544
2635,1.10507,0.996723,31.1662
2636,0.872259,0.938912,31.1706
2637,-0.442083,-0.452382,31.1707
2638,-0.826484,-0.951657,31.1864
2639,-0.235448,-0.242315,31.1864
2640,-0.481038,-0.510697,31.1873
2641,0.842569,0.878886,31.1886
2642,-0.104034,-0.0366093,31.1932
2643,-0.745603,-0.871705,31.2091
2644,-0.476878,-0.574775,31.2187
2645,-0.629258,-0.885739,31.2845
2646,0.92319,0.901461,31.2849
2647,-0.917304,-0.954066,31.2863
2648,-0.482489,-0.517788,31.2875
2649,-0.661196,-0.765007,31.2983
2650,-0.74521,-0.88919,31.319
2651,0.372044,0.46024,31.3268
2652,-0.00188328,0.0394205,31.3285
2653,0.0109261,0.0398348,31.3294
2654,0.672999,0.79262,31.3437
2655,0.641392,0.788693,31.3654
2656,-0.0202763,0.114731,31.3836
2657,-0.571246,-0.733066,31.4098
2658,1.09994,0.966643,31.4275
2659,-0.818758,-0.855947,31.4289
2660,-0.349073,-0.538944,31.465
2661,-0.726419,-0.870389,31.4857
2662,0.426069,0.705182,31.5636
2663,1.17717,0.998517,31.5955
2664,-0.45204,-0.283451,31.6239
2665,-1.01832,-0.984952,31.6251
2666,-0.914278,-0.993418,31.6313
2667,0.734653,0.760257,31.632
2668,0.045066,0.159469,31.6451
2669,0.723586,0.789833,31.6495
2670,0.300675,0.490293,31.6854
2671,0.444984,0.554773,31.6975
2672,-0.289046,-0.228334,31.7012
2673,0.138754,0.293687,31.7252
2674,1.02389,0.969233,31.7281
2675,1.17427,0.998169,31.7592
2676,0.957871,0.949432,31.7592
2677,0.814408,0.89411,31.7656
2678,1.00433,0.934445,31.7705
2679,-0.893125,-0.937134,31.7724
2680,0.421911,0.631683,31.8164
2681,1.23824,0.994661,31.8757
2682,-0.413752,-0.385573,31.8765
2683,0.218934,0.411387,31.9136
2684,-0.553732,-0.661689,31.9252
2685,-0.957902,-0.999825,31.927
2686,0.291711,0.409046,31.9407
2687,-0.603375,-0.715006,31.9532
2688,-0.524461,-0.582643,31.9566
2689,-0.583202,-0.61992,31.9579
2690,0.991495,0.938692,31.9607
2691,0.308399,0.419693,31.9731
2692,-0.814688,-0.918448,31.9839
2693,0.481151,0.608296,32.0001
2694,1.05626,0.953397,32.0106
2695,0.845613,0.92017,32.0162
2696,0.877726,0.913362,32.0175
2697,-0.144202,-0.12171,32.018
2698,-0.066515,-0.0759731,32.0181
2699,0.361719,0.477081,32.0314
2700,0.731652,0.853996,32.0463
2701,0.473381,0.634918,32.0724
2702,-0.222807,-0.124428,32.0821
2703,1.01803,0.936915,32.0887
2704,-0.224952,-0.217497,32.0887
2705,0.0655115,0.237465,32.1183
2706,0.777266,0.820026,32.1201
2707,0.419379,0.630455,32.1647
2708,1.15889,0.996339,32.1911
2709,0.350847,0.553953,32.2324
2710,-0.4849,-0.563436,32.2385
2711,1.01695,0.933069,32.2456
2712,0.68338,0.822438,32.2649
2713,0.600791,0.748547,32.2867
2714,-0.294302,-0.181791,32.2994
2715,-0.560063,-0.661186,32.3096
2716,-0.848497,-0.972554,32.325
2717,0.177835,0.200797,32.3255
2718,0.318269,0.428813,32.3378
2719,0.391457,0.662822,32.4114
2720,0.68959,0.837745,32.4333
2721,-0.600752,-0.536878,32.4374
2722,1.18348,0.992961,32.4737
2723,-0.121211,-0.0728153,32.4761
2724,-0.768242,-0.924292,32.5004
2725,0.0799617,0.128536,32.5028
2726,-0.522496,-0.779749,32.569
2727,1.23312,0.988514,32.6288
2728,-0.990559,-0.983221,32.6288
2729,0.129646,0.170557,32.6305
2730,-0.43657,-0.525466,32.6384
2731,-0.124462,-0.00107247,32.6536
2732,-0.736586,-0.845733,32.6656
2733,-0.654238,-0.756148,32.6759
2734,0.459748,0.523222,32.68
2735,0.216208,0.443811,32.7318
2736,-0.993736,-0.968718,32.7324
2737,0.948257,0.914956,32.7335
2738,0.00932143,0.221269,32.7784
2739,-0.78975,-0.904323,32.7916
2740,-0.463334,-0.559596,32.8008
2741,0.415601,0.553927,32.82
2742,0.378255,0.626475,32.8816
2743,-0.869327,-0.86159,32.8816
2744,1.16779,0.976902,32.9181
2745,-0.0429843,0.136127,32.9501
2746,0.972488,0.930106,32.9519
2747,-0.218733,-0.129872,32.9598
2748,0.0143746,0.0496653,32.9611
2749,-0.419658,-0.521208,32.9714
2750,0.50456,0.582011,32.9774
2751,0.402296,0.637407,33.0327
2752,0.869543,0.914125,33.0347
2753,-0.279638,-0.209523,33.0396
2754,-0.804669,-0.90824,33.0503
2755,-0.396969,-0.483098,33.0577
2756,-0.410648,-0.443017,33.0588
2757,-0.622538,-0.815787,33.0961
2758,-0.598988,-0.641249,33.0979
2759,-0.396688,-0.43621,33.0995
2760,1.32475,0.997122,33.2068
2761,-0.66592,-0.795339,33.2236
2762,0.413386,0.540709,33.2398
2763,-0.844223,-0.905057,33.2435
2764,-0.455671,-0.646176,33.2798
2765,0.908868,0.957074,33.2821
2766,1.10049,0.974692,33.2979
2767,-0.0615058,0.165704,33.3495
2768,-0.972377,-0.975867,33.3495
2769,1.30742,0.999978,33.4441
2770,-0.868492,-0.804126,33.4482
2771,0.945128,0.919346,33.4489
2772,-0.247007,-0.0297904,33.4961
2773,1.19345,0.996328,33.5349
2774,0.212199,0.509358,33.6232
2775,-0.991918,-0.977023,33.6234
2776,-0.827687,-0.967497,33.643
2777,0.926371,0.908155,33.6433
2778,0.707896,0.802765,33.6523
2779,0.0971705,0.22179,33.6678
2780,0.2995,0.433048,33.6857
2781,0.152429,0.231385,33.6919
2782,0.0528292,0.0958413,33.6938
2783,0.37218,0.587351,33.7401
2784,0.944256,0.928237,33.7403
2785,0.0311839,0.120986,33.7484
2786,0.650696,0.770583,33.7628
2787,1.2106,0.994989,33.8092
2788,0.490859,0.684746,33.8468
2789,0.205074,0.334766,33.8637
2790,-0.20698,-0.237453,33.8646
2791,0.185328,0.28744,33.875
2792,0.353998,0.497979,33.8957
2793,0.817148,0.910088,33.9044
2794,0.927807,0.960369,33.9054
2795,-0.89525,-0.868757,33.9061
2796,-0.779982,-0.915175,33.9244
2797,0.943719,0.901078,33.9262
2798,0.201824,0.343805,33.9464
2799,0.212602,0.297355,33.9536
2800,0.353888,0.590777,34.0097
2801,1.02453,0.968573,34.0128
2802,-0.0668015,0.0528187,34.0271
2803,-0.87276,-0.85484,34.0275
2804,-0.753147,-0.954672,34.0681
2805,1.37332,0.999327,34.2079
2806,-0.94883,-0.898975,34.2104
2807,-0.325206,-0.246853,34.2166
2808,1.35788,0.999829,34.3448
2809,-0.0621835,0.000832845,34.3487
2810,0.563648,0.738245,34.3792
2811,0.984583,0.93777,34.3814
2812,-0.0728819,0.032598,34.3925
2813,0.320613,0.466778,34.4139
2814,-0.191673,0.0200555,34.4587
2815,-0.675889,-0.73495,34.4622
2816,1.33057,0.999853,34.5716
2817,0.0283162,0.155123,34.5877
2818,-0.0906159,-0.0457282,34.5897
2819,0.209815,0.337084,34.6059
2820,-0.56131,-0.598895,34.6073
2821,-0.48227,-0.612346,34.6242
2822,1.01729,0.953786,34.6282
2823,0.553944,0.693592,34.6477
2824,0.0481569,0.100337,34.6505
2825,0.635699,0.814992,34.6826
2826,1.02085,0.950772,34.6875
2827,0.0630997,0.190578,34.7038
2828,0.679007,0.860065,34.7366
2829,-0.863143,-0.937847,34.7421
2830,-0.542092,-0.88452,34.8594
2831,0.353816,0.616254,34.9283
2832,-1.12351,-0.992274,34.9455
2833,1.37197,0.998401,35.085
2834,0.589804,0.840553,35.1479
2835,1.21722,0.999116,35.1955
2836,-0.130461,0.0315296,35.2217
2837,-0.758957,-0.889091,35.2387
2838,-0.929013,-0.919217,35.2388
2839,-0.689577,-0.776565,35.2463
2840,1.15839,0.985724,35.2761
2841,0.0328939,0.237199,35.3179
2842,-0.604204,-0.721509,35.3316
2843,-0.601477,-0.759057,35.3565
2844,0.745442,0.868288,35.3716
2845,0.936521,0.913038,35.3721
2846,-0.319444,-0.414762,35.3812
2847,0.757062,0.811015,35.3841
2848,-0.921811,-0.947152,35.3848
2849,-0.285725,-0.343608,35.3881
2850,0.925398,0.931584,35.3881
2851,0.497831,0.63402,35.4067
2852,-0.494029,-0.537792,35.4086
2853,0.496482,0.619079,35.4236
2854,-0.907588,-0.817244,35.4318
2855,-0.955055,-0.994512,35.4334
2856,1.23038,0.99278,35.4898
2857,-0.431539,-0.475761,35.4918
2858,-0.199795,-0.202847,35.4918
2859,0.393664,0.554158,35.5175
2860,0.567142,0.653255,35.5249
2861,-0.639724,-0.845273,35.5672
2862,1.00563,0.97971,35.5679
2863,-1.08427,-0.992091,35.5764
2864,-0.768836,-0.894776,35.5922
2865,0.513365,0.641065,35.6085
2866,-0.0945276,-0.0839198,35.6086
2867,-0.792622,-0.834073,35.6104
2868,-0.27427,-0.26485,35.6105
2869,1.10909,0.986122,35.6256
2870,-0.762372,-0.779833,35.6259
2871,-0.887567,-0.917241,35.6268
2872,-0.688208,-0.831097,35.6472
2873,0.833732,0.875948,35.649
2874,-0.523641,-0.55952,35.6502
2875,-0.738828,-0.801448,35.6542
2876,0.990871,0.919239,35.6593
2877,0.949686,0.934522,35.6595
2878,-0.985803,-0.983442,35.6595
2879,0.731937,0.78484,35.6623
2880,-0.550021,-0.580254,35.6633
2881,0.606202,0.693578,35.6709
2882,-0.00280754,0.0659332,35.6756
2883,0.940901,0.947466,35.6757
2884,0.76652,0.84265,35.6814
2885,-0.265476,-0.231848,35.6826
2886,0.470398,0.584836,35.6957
2887,0.080112,0.149392,35.7005
2888,0.387947,0.722674,35.8125
2889,1.19541,0.995483,35.8525
2890,-0.606978,-0.513448,35.8612
2891,1.09636,0.970938,35.877
2892,-0.550713,-0.599811,35.8794
2893,0.912527,0.929383,35.8797
2894,0.635746,0.814404,35.9116
2895,-0.458766,-0.540928,35.9183
2896,-0.800932,-0.864992,35.9224
2897,-0.308558,-0.270773,35.9239
2898,0.900177,0.938315,35.9253
2899,-0.667155,-0.697994,35.9263
2900,-0.923707,-0.990723,35.9308
2901,0.590536,0.659378,35.9355
2902,-0.440802,-0.443845,35.9355
2903,0.862144,0.87958,35.9358
2904,0.959105,0.92126,35.9372
2905,-0.916626,-0.942245,35.9379
2906,0.292022,0.443228,35.9608
2907,0.847627,0.872818,35.9614
2908,-0.549644,-0.60223,35.9642
2909,0.333047,0.417402,35.9713
2910,-0.436489,-0.49964,35.9753
2911,-0.00574418,0.0484823,35.9782
2912,-1.03863,-0.926596,35.9908
2913,-0.942834,-0.991365,35.9931
2914,1.36112,0.998307,36.1247
2915,-0.542977,-0.606673,36.1288
2916,0.217915,0.338056,36.1432
2917,0.868557,0.900954,36.1443
2918,0.224125,0.346263,36.1592
2919,-0.256027,-0.418338,36.1855
2920,-0.378812,-0.250586,36.202
2921,-1.00628,-0.999334,36.202
2922,1.20702,0.989276,36.2495
2923,0.489588,0.661023,36.2788
2924,-0.121195,0.000407886,36.2936
2925,-0.262632,-0.269313,36.2937
2926,-0.575742,-0.682521,36.3051
2927,0.311185,0.436655,36.3208
2928,-0.211261,-0.0671856,36.3416
2929,-0.698473,-0.810761,36.3542
2930,-0.701806,-0.884612,36.3876
2931,-0.0685829,-0.0223081,36.3897
2932,0.460696,0.567845,36.4012
2933,0.428495,0.707387,36.479
2934,-0.948129,-0.984205,36.4803
2935,-0.661841,-0.86408,36.5212
2936,0.378614,0.487816,36.5331
2937,0.594908,0.732367,36.552
2938,0.488803,0.681368,36.5891
2939,-0.663776,-0.739689,36.5949
2940,-0.332899,-0.47738,36.6157
2941,-0.126654,-0.150193,36.6163
2942,0.217893,0.460094,36.675
2943,0.733316,0.838247,36.686
2944,-0.27527,-0.259917,36.6862
2945,0.977709,0.979237,36.6862
2946,0.83451,0.921931,36.6939
2947,-0.630757,-0.626346,36.6939
2948,1.16717,0.985138,36.727
2949,0.931608,0.908329,36.7275
2950,-0.92336,-0.931334,36.7276
2951,0.273506,0.285954,36.7278
2952,0.954568,0.956995,36.7278
2953,-1.02046,-0.984962,36.729
2954,-0.525957,-0.699904,36.7593
2955,0.734136,0.83108,36.7687
2956,0.473026,0.610266,36.7875
2957,0.0459246,0.17791,36.8049
2958,-0.974254,-0.991014,36.8052
2959,-0.471203,-0.545775,36.8108
2960,-0.471513,-0.576563,36.8218
2961,-0.83007,-0.93818,36.8335
2962,-0.020749,0.000426418,36.834
2963,-0.494675,-0.597603,36.8446
2964,-0.094379,-0.0281787,36.8489
2965,-0.575695,-0.567493,36.849
2966,0.860359,0.893573,36.8501
2967,-0.36551,-0.394793,36.851
2968,-0.970411,-0.999928,36.8518
2969,0.416552,0.528631,36.8644
2970,-0.587947,-0.67666,36.8723
2971,-0.255372,-0.255756,36.8723
2972,-0.328997,-0.42478,36.8814
2973,-0.611148,-0.773248,36.9077
2974,0.572272,0.699624,36.9239
2975,0.74879,0.818807,36.9288
2976,-0.0115022,0.0827596,36.9377
2977,0.377549,0.493597,36.9512
2978,0.207925,0.320384,36.9638
2979,0.253125,0.390723,36.9828
2980,0.300272,0.480952,37.0154
2981,0.00845274,0.0439292,37.0167
2982,-0.441598,-0.59044,37.0388
2983,0.0370568,0.234551,37.0778
2984,-0.824379,-0.969794,37.099
2985,-0.662374,-0.795183,37.1166
2986,0.304631,0.581942,37.1935
2987,1.19563,0.987492,37.2368
2988,-0.585573,-0.760823,37.2676
2989,1.30235,0.990468,37.3648
2990,-0.982679,-0.973815,37.3649
2991,0.168659,0.299295,37.382
2992,1.15466,0.98498,37.4108
2993,0.0898746,0.232567,37.4311
2994,0.0465637,0.209417,37.4576
2995,1.11571,0.970266,37.4788
2996,0.551868,0.76347,37.5236
2997,0.906729,0.915219,37.5236
2998,-0.544749,-0.603817,37.5271
2999,0.151855,0.24078,37.535
