t,predict_test,teacher
0,0.269082,0,0.072405
1,-1.40313,0,2.04119
2,-0.337954,0,2.1554
3,-0.217617,-0.795423,2.48926
4,0.197063,-0.950561,3.8063
5,-0.134879,0.621031,4.3777
6,-0.044809,0.821544,5.12826
7,-0.100509,-0.918526,5.79741
8,-0.241299,-0.555518,5.89615
9,-0.146342,-0.956993,6.5533
10,-0.0352622,-0.9978,7.47978
11,-0.0365098,-0.201203,7.50691
12,0.133594,-0.161904,7.59422
13,-0.0501466,0.989441,8.67497
14,-0.00776185,-0.995038,9.64968
15,-0.0896207,-0.470067,9.79442
16,-0.0802077,0.992484,10.9451
17,-0.0423562,-0.229291,10.98
18,0.236769,0.405821,11.0086
19,0.0929991,0.878921,11.6263
20,0.142532,0.736488,11.9791
21,-0.121078,-0.0740938,11.9813
22,-0.0619513,0.996211,13.101
23,-0.0475695,0.198498,13.1615
24,0.0524759,0.408076,13.288
25,-0.0456246,-0.708879,13.7279
26,-0.0441026,-0.989541,14.6217
27,0.161703,0.971145,15.2769
28,0.0862457,-0.524392,15.6498
29,-0.0895566,-0.971741,16.4281
30,0.110598,-0.216147,16.5348
31,0.105921,0.546974,16.7294
32,-0.239486,-0.603293,16.8617
33,-0.0681252,0.973941,17.9476
34,-0.0094548,0.713876,18.4708
35,0.177164,-0.276854,18.677
36,0.0423294,0.0316947,18.6771
37,-0.0182059,-0.700447,19.1425
38,-0.0184423,-0.417766,19.302
39,0.0898875,0.393151,19.3939
40,0.019611,0.413396,19.549
41,-0.217027,-0.664078,19.7489
42,-0.0376488,0.475333,20.012
43,-0.00957794,0.920599,20.8773
44,0.190051,0.998325,21.5306
45,0.060835,-0.297751,21.6591
46,-0.0538411,-0.105191,21.6618
47,0.0326154,-0.993501,22.7147
48,0.0734009,-0.921624,23.7048
49,0.0262314,-0.788766,24.369
50,0.0353832,-0.345461,24.514
51,-0.102549,0.726281,25.201
52,-0.241908,-0.702647,25.4133
53,0.129936,0.945284,26.0781
54,-0.145827,-0.907883,26.6588
55,0.211932,-0.960654,28.0338
56,0.0647076,-0.229358,28.1202
57,0.00271884,-0.991718,29.1091
58,0.0595891,0.925786,29.8594
59,0.0389881,0.484356,30.0578
60,-0.0771723,-0.973587,30.8613
61,0.00755734,-0.259696,30.9328
62,-0.03138,0.489568,31.2041
63,0.182122,-0.981012,32.557
64,-0.079942,-0.330115,32.6196
65,-0.0666118,0.952211,33.6576
66,0.156304,-0.731717,34.4462
67,-0.0571991,0.627797,34.9154
68,-0.154448,0.973094,36.1868
69,-0.143167,0.0710536,36.2327
70,0.0956957,-0.218838,36.3316
71,-0.120063,0.574878,36.8145
72,-0.241661,-0.618495,36.9565
73,0.0545849,-0.52395,37.2912
74,-0.233727,-0.729533,37.5371
75,0.13823,0.174221,37.5384
76,0.149556,0.536623,37.6882
77,-0.179448,-0.217105,37.6896
78,0.288396,0.723196,37.8787
79,-0.0787979,-0.653665,38.2091
80,-0.0802321,0.683123,38.7918
81,0.191905,0.300004,38.8035
82,-0.0407371,-0.228842,38.8389
83,0.144655,0.997741,39.5667
84,-0.116431,0.487705,39.9316
85,-0.135159,-0.425759,40.0161
86,0.0296334,-0.881927,40.847
87,-0.0273586,0.801029,41.5333
88,0.0548828,0.933761,42.3057
89,0.00235064,0.731351,42.8371
90,-0.0323815,-0.701082,43.2843
91,0.0658724,-0.582198,43.7043
92,0.0330629,0.784641,44.2691
93,0.0920946,-0.559203,44.6933
94,0.132166,-0.0189587,44.7162
95,-0.104624,0.999997,45.9364
96,0.113739,0.755515,46.3482
97,0.17354,-0.109839,46.4285
98,0.00512436,0.433429,46.612
99,-0.0520068,-0.497984,46.8109
100,0.0934644,-0.538253,47.21
101,0.027526,0.989497,48.1353
102,0.300507,-0.770956,49.2834
103,-0.170662,-0.871604,49.7747
104,-0.138262,-0.0902809,49.777
105,0.311699,0.965902,50.205
106,0.126115,0.873985,50.7643
107,-0.14008,0.360786,51.0152
108,0.0759581,-0.820288,51.8184
109,-0.058131,0.0794054,51.8373
110,-0.114276,0.763196,52.6073
111,-0.14783,-0.0500293,52.6169
112,-0.0485472,-0.830468,53.2282
113,0.179388,-0.400083,53.564
114,-0.0671151,0.10209,53.5927
115,-0.0247967,0.765733,54.2176
116,-0.102994,0.971777,55.3727
117,0.0648949,-0.298413,55.5047
118,-0.22363,0.603365,56.1887
119,-0.193089,-0.940006,56.7465
120,0.166709,0.000770825,56.7741
121,-0.191032,-0.845206,57.202
122,-0.0406122,-0.974482,58.0741
123,-0.0911445,-0.669717,58.4089
124,-0.156999,-0.998504,59.117
125,0.208954,-0.0710334,59.1954
126,0.221075,-0.894493,60.4399
127,-0.195547,0.993311,61.8533
128,0.15568,0.142668,61.8534
129,-0.122918,0.983846,63.0784
130,0.0610041,0.99594,63.9525
131,-0.0659216,-0.254298,63.988
132,-0.0965728,0.802662,64.7966
133,0.0849238,-0.950536,65.8688
134,-0.167578,-0.546339,66.0122
135,0.126071,-0.692099,66.6816
136,0.253082,0.0539111,66.7213
137,0.214398,0.270058,66.7244
138,-0.0859857,0.971111,67.8418
139,0.0132738,-0.796543,68.4976
140,0.0697611,0.231353,68.5238
141,0.00579152,0.951114,69.4174
142,0.120663,-0.101925,69.4669
143,0.0281928,0.998749,70.4089
144,0.0429697,-0.509997,70.7147
145,0.0591081,-0.99744,71.831
146,-0.168101,-0.547156,71.9747
147,-0.064831,0.239054,72.067
148,0.0426276,0.941027,72.8741
149,0.19079,0.584232,73.0289
150,-0.169788,-0.160115,73.029
151,0.000482502,-0.184263,73.0632
152,-0.0468333,0.93504,74.0272
153,-0.0588884,-0.99991,74.9128
154,-0.119442,0.30787,75.0953
155,0.178385,-0.963335,76.3989
156,0.0230423,-0.104582,76.4152
157,0.0389374,0.117216,76.4213
158,0.0360981,-0.615806,76.8463
159,0.116409,-0.67077,77.4659
160,0.162731,0.0686714,77.4748
161,-0.282929,0.954423,79.0058
162,0.0544334,-0.576086,79.4034
163,-0.081242,0.0784056,79.4288
164,-0.177953,0.184965,79.5606
165,0.0100515,-0.417115,79.743
166,0.0467818,0.414506,79.8782
167,-0.0864177,-0.934735,80.5979
168,0.208515,-0.0732696,80.6773
169,-0.21337,-0.718735,80.9327
170,0.117659,0.780408,81.3719
171,-0.0273609,0.9168,82.2634
172,0.0854897,-0.00180099,82.271
173,0.180168,0.576439,82.428
174,0.0393431,-0.0781625,82.4418
175,-0.0731061,-0.835135,83.0225
176,0.00198967,-0.979778,83.9864
177,0.0995121,-0.976428,85.144
178,0.134435,0.525603,85.297
179,0.0363246,0.194712,85.3221
180,0.0428134,0.56393,85.5937
181,0.0666684,-0.246163,85.6915
182,-0.140639,0.176854,85.7923
183,-0.0254327,-0.94091,86.6304
184,0.197614,-0.991181,88.0437
185,0.119679,0.819427,88.5333
186,0.0648581,0.591622,88.8108
187,-0.0792066,-0.311745,88.8649
188,-0.0511304,0.942745,89.8527
189,-0.189442,-0.63974,90.0554
190,-0.0778766,-0.646489,90.3788
191,0.0163655,0.977628,91.3028
192,0.179488,0.515583,91.4157
193,0.0263193,-0.999823,92.4687
194,-0.0062445,-0.662918,92.8999
195,-0.0611234,0.489601,93.2032
196,-0.0272301,0.836148,93.9487
197,-0.0240492,-0.924751,94.7599
198,0.118034,-0.0887265,94.8027
199,0.111634,0.0242132,94.8103
200,-0.120599,0.939986,95.9351
201,0.0965429,-0.479972,96.2675
202,0.039768,0.191308,96.2905
203,-0.109518,-0.49028,96.4355
204,-0.0120492,-0.394099,96.5814
205,0.0453894,-0.594538,96.9909
206,-0.0979424,0.725108,97.6683
207,0.1865,0.220486,97.6695
208,-0.0374379,-0.869165,98.3613
209,0.0679625,-0.50105,98.685
210,0.224663,0.610988,98.8343
211,-0.0275164,-0.207261,98.8666
212,0.0271877,-0.99084,99.903
213,-0.050433,0.0584972,99.9148
214,0.0348904,0.350854,100.015
215,-0.0147499,-0.521271,100.271
216,-0.0172261,0.263085,100.35
217,-0.188173,0.698654,101.136
218,-0.273215,-0.825828,101.442
219,-0.0192355,-0.84598,102.125
220,-0.228001,-0.390087,102.151
221,-0.174914,-0.715114,102.443
222,0.0629756,0.967911,103.262
223,-0.0848527,-0.666763,103.601
224,-0.119325,-0.689382,103.926
225,-0.0333617,-0.721351,104.399
226,0.229317,0.42503,104.437
227,-0.0706062,-0.652415,104.776
228,0.171833,0.811953,105.186
229,0.105889,-0.459286,105.505
230,-0.138514,0.568812,106.005
231,0.0574537,0.981269,106.859
232,-0.057468,0.884035,107.745
233,0.0905629,0.666901,108.077
234,0.114701,0.208239,108.086
235,0.04452,-0.88086,108.942
236,0.0780498,0.94464,109.693
237,0.0174001,-0.930387,110.592
238,0.0528273,-0.987021,111.673
239,-0.139122,-0.0150419,111.688
240,-0.0465214,0.835171,112.466
241,-0.281758,0.62429,113.287
242,0.0650239,0.824713,113.864
243,-0.239078,-0.707668,114.083
244,-0.206646,-0.878269,114.535
245,-0.0738936,0.734621,115.188
246,0.0412085,0.483677,115.384
247,-0.210284,0.0181484,115.436
248,-0.0735791,0.0603869,115.454
249,0.12903,-0.0312925,115.48
250,-0.197872,-0.802135,115.845
251,0.125839,-0.939849,116.981
252,0.0692782,-0.300754,117.118
253,-0.142763,0.688148,117.808
254,-0.0372679,0.870105,118.631
255,0.187174,-0.984822,120.005
256,-0.00711045,-0.51833,120.266
257,0.201751,0.171309,120.267
258,-0.0185777,0.879061,121.073
259,0.0660147,-0.983873,122.175
260,-0.106658,-0.195928,122.183
261,0.152177,-0.978463,123.461
262,0.138992,0.115166,123.462
263,-0.16131,0.179398,123.578
264,0.111633,0.464569,123.703
265,0.0622301,-0.80661,124.458
266,0.0268722,-0.887749,125.294
267,-0.171337,0.954232,126.561
268,-0.264779,0.270434,126.847
269,-0.0828824,0.87047,127.756
270,-0.246996,-0.750773,128.01
271,-0.226705,-0.995636,128.601
272,0.100221,-0.489149,128.949
273,0.260248,-0.666798,129.808
274,-0.16649,-0.661853,130.054
275,-0.104783,0.39856,130.307
276,0.124484,-0.721825,131.023
277,0.130857,0.259568,131.04
278,0.0881887,0.479431,131.193
279,0.156261,0.337429,131.226
280,-0.206093,-0.351186,131.247
281,-0.0343285,-0.836122,131.89
282,0.24825,0.436563,131.925
283,0.193206,0.902753,132.428
284,-0.171448,-0.176246,132.428
285,-0.0547685,-0.840671,133.046
286,0.16314,-0.112576,133.122
287,0.0945088,0.976621,133.9
288,-0.0171413,-0.541724,134.175
289,0.0890701,0.708359,134.559
290,0.174248,0.748334,134.889
291,-0.192906,-0.977928,135.505
292,0.0109587,0.949808,136.386
293,0.0733058,-0.914587,137.362
294,0.0538337,0.234241,137.395
295,0.180201,-0.0921187,137.469
296,-0.0124301,0.998621,138.491
297,0.0826933,-0.97044,139.6
298,-0.0284719,-0.86011,140.292
299,0.119121,0.273232,140.316
300,-0.191992,-0.979262,140.935
301,-0.114389,-0.759723,141.352
302,0.0914801,-0.787106,142.124
303,0.0212057,0.0970913,142.129
304,0.143784,0.514311,142.267
305,0.0676983,-0.506761,142.597
306,0.0608661,0.787536,143.125
307,0.087403,0.307723,143.173
308,-0.0744201,0.624377,143.662
309,0.0855082,-0.470682,143.971
310,0.0916401,0.78825,144.456
311,-0.0713462,0.612896,144.924
312,0.105373,-0.0234823,144.941
313,-0.0310124,-0.999987,145.88
314,-0.0559111,-0.380682,145.985
315,0.229953,0.865025,146.389
316,-0.152993,-0.992087,147.093
317,0.0768509,0.648066,147.419
318,0.157384,-0.771023,148.281
319,-0.0362062,-0.266594,148.334
320,-0.132159,0.896647,149.393
321,-0.0698763,0.907147,150.347
322,-0.0203616,-0.975624,151.26
323,0.0616323,-0.228669,151.344
324,0.132857,0.982151,152.065
325,0.161153,-0.524262,152.535
326,0.0463452,-0.71831,153.12
327,0.0703448,-0.800324,153.878
328,0.187278,-0.0890764,153.954
329,0.0586094,-0.542,154.315
330,0.0380917,-0.277141,154.414
331,0.00569085,0.999984,155.403
332,-0.137566,-0.949331,156.062
333,-0.191426,-0.304736,156.075
334,-0.154903,-0.507089,156.199
335,0.0224921,0.162156,156.218
336,-0.101538,-0.222699,156.233
337,0.0553611,-0.936884,157.218
338,0.0863315,0.709146,157.605
339,-0.113703,-0.713191,157.965
340,-0.0480759,0.117158,157.992
341,-0.0690852,0.418024,158.229
342,-0.0614621,0.937052,159.226
343,-0.0105788,0.748111,159.802
344,0.0675977,0.858798,160.428
345,0.044734,0.936609,161.223
346,0.00564848,0.536557,161.505
347,-0.0231535,-0.296238,161.58
348,0.0870397,-0.0250856,161.592
349,-0.0785166,-0.900202,162.268
350,0.026739,-0.414918,162.463
351,0.160312,0.439367,162.541
352,-0.0102664,-0.266185,162.606
353,0.0573474,-0.984848,163.692
354,-0.102509,0.775225,164.463
355,-0.261914,-0.418842,164.487
356,0.0308235,0.973669,165.376
357,-0.239125,-0.189141,165.379
358,-0.170256,-0.99954,166.066
359,0.162136,0.985408,166.744
360,0.174354,0.538398,166.877
361,-0.0247046,0.948608,167.824
362,0.12682,0.0710178,167.827
363,0.143218,-0.345443,168.066
364,-0.142645,-0.514654,168.204
365,-0.139332,-0.604774,168.421
366,0.177216,-0.999389,169.805
367,0.183368,-0.479523,170.245
368,-0.0932603,-0.557821,170.461
369,-0.189857,-0.754343,170.779
370,0.126801,0.848518,171.3
371,-0.316107,-0.942848,171.693
372,-0.14068,0.825282,172.626
373,0.0342692,0.0897148,172.629
374,-0.152925,-0.919455,173.217
375,0.252887,0.0519047,173.257
376,0.0992093,-0.900191,174.256
377,-0.0106593,-0.714937,174.752
378,0.0354504,-0.741009,175.355
379,0.00717008,0.672653,175.798
380,0.146253,0.950989,176.445
381,0.168651,-0.748596,177.287
382,-0.095409,-0.979588,178.068
383,-0.138386,-0.330923,178.105
384,-0.00548334,-0.368865,178.237
385,-0.123706,-0.763206,178.646
386,-0.120341,0.0936364,178.692
387,0.0437689,-0.942003,179.664
388,-0.0573848,0.653037,180.169
389,0.0325949,-0.538275,180.495
390,0.070692,-0.344229,180.667
391,0.102827,0.0902796,180.667
392,-0.130064,-0.982265,181.393
393,-0.0252167,0.982291,182.408
394,-0.136098,0.627625,182.991
395,0.092135,0.369714,183.069
396,-0.103386,0.705726,183.723
397,0.0319871,0.907197,184.489
398,0.179333,0.820339,184.9
399,0.0373717,0.912436,185.666
400,0.00697791,-0.788848,186.299
401,-0.208743,-0.982959,186.899
402,-0.0169302,0.380465,187.056
403,0.0797167,-0.873511,187.965
404,-0.16827,-0.345203,187.996
405,-0.0866245,-0.98398,188.802
406,-0.163515,0.99076,190.134
407,-0.0249225,0.989592,191.163
408,0.201405,0.972581,191.758
409,0.0550964,0.999358,192.65
410,-0.0413313,0.404954,192.849
411,-0.0426647,0.945658,193.826
412,-0.0943632,0.500439,194.179
413,-0.203235,-0.735736,194.463
414,0.0296878,0.788922,195.039
415,-0.113272,0.864598,195.996
416,-0.195441,-0.321168,196.011
417,-0.156194,0.670605,196.695
418,0.0479267,0.10593,196.698
419,0.046098,0.991291,197.592
420,0.073277,-0.684467,198.166
421,0.167275,-0.0336279,198.206
422,0.0484094,0.932228,198.987
423,-0.0321835,-0.999153,199.922
424,-0.0329115,-0.994431,200.847
425,-0.193047,-0.0845655,200.859
426,0.201494,0.681489,201.089
427,-0.217635,-0.949038,201.624
428,0.283911,-0.346992,202.022
429,-0.198351,0.988175,203.43
430,-0.146559,-0.172607,203.431
431,0.134918,0.999713,204.179
432,-0.143262,-0.822984,204.641
433,-0.058017,0.425806,204.875
434,-0.0977173,0.739495,205.576
435,-0.0526726,0.655812,206.077
436,0.113003,0.955188,206.787
437,0.0316235,0.979855,207.686
438,-0.067687,0.956626,208.735
439,-0.14853,0.983347,210.016
440,0.0261043,-0.515548,210.31
441,0.0151482,0.991778,211.263
442,-0.00178983,0.0427402,211.265
443,0.277103,0.991521,211.776
444,0.089988,0.436373,211.896
445,-0.152545,0.79759,212.799
446,0.0188007,-0.938382,213.715
447,-0.0215621,0.618779,214.125
448,0.00368037,-0.472065,214.351
449,0.0985917,-0.974163,215.502
450,-0.0740959,-0.999106,216.358
451,0.200937,-0.87648,217.518
452,-0.0286039,-0.509519,217.75
453,-0.15409,0.910262,218.883
454,-0.0420081,-0.106754,218.887
455,0.0360903,-0.901557,219.766
456,-0.0753377,-0.631643,220.075
457,0.172703,0.236307,220.079
458,-0.137098,0.718286,220.811
459,0.0182877,-0.835634,221.54
460,0.0202151,-0.545732,221.861
461,-0.0536072,-0.994006,222.745
462,-0.22759,-0.0923155,222.763
463,0.00901252,0.354924,222.883
464,-0.181864,-0.947492,223.469
465,0.190774,-0.960012,224.793
466,0.0589644,-0.894863,225.703
467,-0.223173,-0.856369,226.104
468,0.146591,0.932508,226.722
469,-0.176643,-0.0755951,226.732
470,0.225243,0.42857,226.773
471,-0.140547,-0.974232,227.468
472,0.121904,-0.0590512,227.501
473,-0.0664055,-0.998463,228.37
474,0.157676,0.90739,228.932
475,0.0865112,-0.999175,230.111
476,-0.141546,-0.822478,230.574
477,0.294913,0.942317,230.993
478,0.0306519,-0.270293,231.084
479,-0.0841854,-0.998213,231.919
480,0.185297,0.294087,231.931
481,0.0484689,0.512276,232.146
482,0.0433747,0.602342,232.459
483,0.0159665,0.887293,233.218
484,0.140164,-0.527005,233.663
485,0.0952575,-0.986773,234.834
486,-0.108225,0.0777314,234.869
487,0.149026,0.489478,234.984
488,-0.00956654,-0.982695,235.931
489,0.0186336,0.097246,235.938
490,-0.00365854,0.680738,236.406
491,-0.0101505,-0.708065,236.893
492,0.116146,-0.86061,237.847
493,0.0526851,0.967368,238.684
494,-0.0559088,-0.524855,238.904
495,0.140107,-0.986755,240.174
496,0.00452544,-0.233524,240.23
497,-0.0370515,-0.82749,240.855
498,-0.00543656,-0.990177,241.825
499,0.0877254,-0.983454,242.972
500,0.0562704,-0.167459,243.022
501,0.0755267,-0.871504,243.919
502,-0.0413281,-0.897167,244.651
503,0.067637,-0.918112,245.623
504,-0.00145066,0.966915,246.561
505,0.129571,-0.323771,246.766
506,0.0688065,0.700105,247.165
507,-0.160906,-0.673516,247.428
508,-0.16303,0.996646,248.773
509,0.189981,-0.940362,250.05
510,0.106664,0.944651,250.753
511,-0.0968941,0.102098,250.792
512,0.0742477,-0.748,251.468
513,0.0579172,-0.654848,251.976
514,-0.0898877,-0.935808,252.692
515,-0.0928494,0.472826,253.012
516,0.19164,-0.939102,254.29
517,0.213742,0.819782,254.658
518,-0.127239,0.998229,255.924
519,-0.0499976,0.52925,256.26
520,0.157072,0.296849,256.279
521,0.076155,-0.808604,257.062
522,-0.022687,-0.930179,257.886
523,0.0551784,-0.091996,257.907
524,0.206171,0.945656,258.454
525,0.170861,0.6097,258.647
526,0.0597507,-0.954345,259.675
527,0.00651357,-0.127988,259.693
528,0.10644,0.87338,260.281
529,0.0655838,-0.325043,260.434
530,0.0837526,0.998391,261.271
531,-0.0581709,0.977658,262.344
532,-0.0111362,-0.555597,262.64
533,-0.0984063,-0.744279,263.057
534,0.245864,0.684879,263.25
535,0.034212,-0.999992,264.319
536,-0.10377,-0.624645,264.591
537,-0.109639,-0.956066,265.307
538,0.0646778,-0.153886,265.355
539,0.250604,-0.7699,266.396
540,-0.179625,0.361172,266.689
541,0.256621,-0.00972093,266.76
542,-0.111615,-0.209633,266.769
543,-0.104396,0.880048,267.739
544,0.0106496,0.988773,268.695
545,-0.143404,0.692187,269.394
546,-0.0941186,-0.811792,269.909
547,0.0640605,-0.962205,270.962
548,0.0367396,-0.190386,271.013
549,0.196559,-0.490578,271.486
550,-0.127124,0.120538,271.547
551,0.104446,0.544636,271.741
552,-0.0504502,-0.0899016,271.742
553,0.0806464,-0.129991,271.787
554,-0.207251,-0.237033,271.787
555,-0.0240785,-0.347248,271.892
556,0.188214,0.982384,272.523
557,-0.0784667,-0.866033,273.143
558,-0.0485515,0.844538,273.94
559,0.0215737,0.557713,274.228
560,-0.187388,0.922711,275.46
561,-0.021498,-0.797319,276.062
562,0.0895813,-0.992799,277.234
563,-0.170044,-0.990947,277.908
564,-0.175029,-0.627758,278.113
565,-0.102152,-0.741297,278.521
566,-0.123304,-0.167032,278.523
567,-0.146747,-0.133266,278.523
568,0.000782284,0.97451,279.471
569,-0.0874968,0.934551,280.516
570,0.284845,-0.299347,280.857
571,-0.0618368,-0.650331,281.203
572,-0.101879,-0.916344,281.867
573,0.178329,0.669769,282.108
574,-0.0371787,-0.288803,282.172
575,0.111911,0.719462,282.541
576,-0.176035,0.9212,283.745
577,0.141384,-0.661053,284.389
578,0.134445,0.567364,284.576
579,0.0515099,-0.735389,285.195
580,0.0684462,-0.945323,286.223
581,-0.00645263,-0.0085615,286.223
582,0.116886,0.894992,286.828
583,0.0183174,-0.938231,287.743
584,0.189164,0.3942,287.785
585,0.135501,0.975901,288.492
586,-0.0395561,-0.495951,288.7
587,-0.143614,-0.473257,288.809
588,0.0070186,-0.970673,289.765
589,0.176554,0.989849,290.426
590,0.00694498,0.649464,290.839
591,0.0468042,-0.174509,290.888
592,0.0810416,-0.762987,291.6
593,0.171086,0.50795,291.714
594,0.143808,0.526619,291.86
595,0.0810848,-0.918144,292.859
596,0.0718942,0.743009,293.309
597,-0.0298304,-0.999932,294.25
598,0.0799639,-0.88644,295.184
599,0.137992,0.915929,295.789
600,-0.0591139,0.900991,296.711
601,-0.0560766,-0.283,296.763
602,-0.100187,-0.453897,296.888
603,0.124071,-0.981326,298.11
604,0.0782732,-0.992098,299.255
605,0.0898775,-0.818769,300.081
606,0.16916,0.945665,300.684
607,0.0690983,-0.28063,300.806
608,0.101298,0.423943,300.91
609,-0.0979882,-0.999222,301.723
610,0.0648428,-0.308669,301.862
611,0.216841,0.227821,301.862
612,-0.0655138,-0.965582,302.672
613,-0.0343328,-0.306785,302.746
614,-0.058202,0.53047,303.093
615,0.148978,-0.892263,304.177
616,0.0272305,-0.0900724,304.191
617,0.0270615,-0.678874,304.689
618,0.0610081,-0.716676,305.294
619,-0.176402,-0.83944,305.734
620,0.0802256,0.922798,306.444
621,0.0327747,-0.548558,306.782
622,0.147736,0.479037,306.891
623,-0.125741,-0.651773,307.168
624,0.00698896,0.282436,307.244
625,-0.22517,0.987461,308.714
626,-0.0575042,-0.806914,309.276
627,-0.167756,-0.232616,309.28
628,0.0830214,0.921784,309.984
629,0.179356,-0.213776,310.138
630,-0.154504,0.995822,311.462
631,0.0611421,0.0712521,311.462
632,0.0324738,-0.642059,311.917
633,0.111601,0.999938,312.706
634,0.130164,-0.635054,313.291
635,0.0953323,-0.185337,313.37
636,-0.0707165,0.995228,314.506
637,0.0607358,0.426876,314.64
638,0.0418428,-0.896184,315.52
639,-0.0190328,-0.945598,316.379
640,0.0307372,0.338248,316.473
641,-0.0792376,0.879983,317.394
642,0.145196,0.156661,317.394
643,0.218319,0.259063,317.395
644,-0.194313,-0.713815,317.665
645,-0.169155,-0.770168,318.026
646,0.0972504,0.619333,318.299
647,-0.337729,-0.753066,318.471
648,0.00738396,0.845602,319.174
649,-0.200363,-0.900694,319.665
650,-0.0557452,0.220614,319.741
651,0.0594231,0.0220394,319.742
652,-0.162846,0.12265,319.824
653,0.0138198,-0.897554,320.654
654,0.0786456,0.0278897,320.657
655,0.16287,0.905919,321.209
656,0.00167741,0.997578,322.201
657,0.142154,0.514345,322.339
658,-0.13913,-0.218945,322.346
659,0.0262162,0.991948,323.278
660,-0.00501903,0.768256,323.876
661,0.0040798,-0.203477,323.92
662,0.236532,0.997197,324.498
663,-0.188743,0.46233,324.922
664,0.0810306,-0.999627,326.09
665,0.135475,-0.924856,327.214
666,-0.102288,0.36066,327.428
667,0.0618907,0.238372,327.46
668,-0.202113,-0.586264,327.607
669,-0.165244,0.534842,328.097
670,0.0696241,-0.948397,329.134
671,-0.176848,-0.964929,329.755
672,0.0938195,0.0977164,329.755
673,0.0593907,-0.662235,330.276
674,-0.0444678,0.998885,331.364
675,0.0305413,-0.640987,331.815
676,-0.120436,0.238586,331.944
677,-0.17857,-0.970388,332.571
678,0.124977,0.509642,332.719
679,-0.186889,-0.538863,332.843
680,0.0385237,0.928367,333.635
681,0.128789,0.941774,334.296
682,0.153701,0.205012,334.298
683,-0.0831837,0.588404,334.749
684,-0.123709,-0.0734158,334.752
685,0.201332,0.897322,335.236
686,0.166649,0.773195,335.604
687,-0.170693,-0.287154,335.618
688,-0.0313875,0.692368,336.141
689,0.0100015,0.612508,336.504
690,0.0107059,-0.999894,337.526
691,-0.117938,0.947228,338.66
692,0.180598,0.646493,338.877
693,-0.0706218,0.358754,339.062
694,0.177192,-0.579444,339.634
695,0.166628,-0.515999,340.1
696,-0.0098597,-0.621658,340.475
697,-0.150584,-0.195095,340.476
698,-0.0714712,0.920927,341.461
699,0.120106,0.806484,341.932
700,0.155795,-0.98448,343.233
701,0.0589177,0.954398,344.035
702,0.0307598,-0.956564,345.009
703,0.0827951,-0.942002,346.06
704,-0.0690465,0.920504,347.039
705,-0.148955,0.646248,347.671
706,0.0711021,-0.880228,348.576
707,0.0178403,0.504265,348.813
708,-0.100438,-0.493271,348.967
709,0.00310061,-0.662993,349.411
710,-0.124996,0.692586,350.079
711,0.00886238,-0.331766,350.195
712,0.00807823,0.970128,351.121
713,-0.0338214,0.91359,352.018
714,0.0719163,-0.300173,352.157
715,0.0948774,-0.103891,352.196
716,-0.146478,0.995727,353.501
717,-0.033386,0.309655,353.619
718,0.0338878,-0.759797,354.249
719,0.0717353,-0.997343,355.392
720,0.0866464,0.920983,356.088
721,-0.109979,-0.0312508,356.094
722,-0.0208159,-0.873753,356.821
723,0.0251848,-0.94084,357.755
724,-0.174001,0.686366,358.495
725,-0.102197,-0.788503,358.966
726,0.153194,0.866267,359.474
727,0.0468568,-0.565137,359.849
728,-0.0131108,-0.71747,360.345
729,-0.095892,-0.770537,360.8
730,0.0529778,0.435722,360.947
731,0.163999,0.843339,361.408
732,-0.0373488,0.967942,362.419
733,-0.207546,-0.340521,362.436
734,-0.15666,0.917671,363.591
735,0.128791,-0.116651,363.651
736,-0.0656295,-0.930097,364.398
737,0.0322292,0.982471,365.301
738,0.168691,0.773683,365.667
739,0.202072,0.927361,366.193
740,-0.0547233,0.986447,367.277
741,-0.0243422,0.114516,367.296
742,-0.068133,0.943355,368.32
743,-0.196659,-0.64394,368.52
744,-0.11511,-0.443113,368.627
745,-0.0576057,-0.997656,369.511
746,-0.135215,-0.192433,369.514
747,-0.102259,-0.999227,370.319
748,0.21398,0.14068,370.324
749,-0.183778,0.998976,371.723
750,-0.128991,0.183066,371.82
751,0.0824141,0.2843,371.861
752,0.0278229,-0.158872,371.896
753,-0.200503,0.997242,373.331
754,-0.0821354,0.999016,374.499
755,0.329581,0.451055,374.514
756,0.0535059,0.347008,374.6
757,-0.150296,-0.28129,374.618
758,0.162695,0.936875,375.217
759,-0.24553,-0.855766,375.589
760,-0.0359577,0.994308,376.651
761,0.203027,0.176689,376.651
762,-0.0471001,0.959934,377.666
763,0.061433,0.715901,378.094
764,0.186867,0.2397,378.097
765,0.0261609,0.783394,378.67
766,-0.0631117,0.990421,379.78
767,0.127448,-0.705473,380.474
768,-0.237466,-0.886268,380.895
769,0.184593,0.984607,381.535
770,0.0220704,-0.744167,382.122
771,-0.160269,0.966644,383.392
772,0.0454562,-0.0858838,383.409
773,0.168594,-0.99466,384.762
774,0.0789098,0.478987,384.922
775,-0.0635456,-0.922747,385.66
776,-0.0152984,0.87389,386.451
777,-0.16047,-0.991915,387.142
778,0.0197513,0.426548,387.308
779,-0.202597,-0.974895,387.904
780,-0.0168567,-0.189861,387.934
781,0.146525,0.999998,388.663
782,0.0420213,0.992114,389.565
783,0.197026,-0.740165,390.444
784,0.0961219,0.817242,390.964
785,-0.111082,0.509217,391.348
786,0.066422,-0.491285,391.659
787,0.022509,0.961927,392.542
788,0.0122252,0.443488,392.728
789,-0.0501175,0.948092,393.724
790,-0.0777154,0.587636,394.167
791,0.0579295,-0.168828,394.219
792,-0.114692,0.501066,394.598
793,0.0974798,0.818581,395.118
794,0.00507962,-0.424786,395.302
795,-0.231393,0.745745,396.257
796,-0.131901,-0.869869,396.802
797,0.140533,-0.315549,397.01
798,0.123785,0.976564,397.737
799,-0.184686,0.966092,399.061
800,0.13057,0.39435,399.131
801,-0.00257127,0.971291,400.079
802,-0.156812,0.443392,400.44
803,0.132487,0.915956,401.053
804,0.159451,-0.409521,401.377
805,0.0685,-0.449191,401.645
806,0.0152627,0.259286,401.705
807,-0.0486713,-0.178385,401.722
808,0.0995117,-0.75022,402.444
809,0.0767813,-0.54683,402.832
810,-0.0218503,0.96844,403.813
811,-0.142101,0.999988,405.118
812,0.140072,-0.344515,405.352
813,0.0644631,0.81712,405.919
814,0.0779941,-0.682687,406.497
815,0.0059325,0.111813,406.509
816,0.216135,-0.0984069,406.608
817,-0.050311,0.208417,406.675
818,0.238017,0.925757,407.148
819,0.0262476,-0.952775,408.106
820,-0.0697428,-0.255263,408.14
821,0.174168,0.853647,408.602
822,0.0463543,-0.867836,409.438
823,-0.0116758,0.366043,409.581
824,0.00097755,-0.953672,410.492
825,0.0623408,-0.941352,411.499
826,0.240567,0.859951,411.883
827,-0.110297,-0.945264,412.58
828,-0.0928094,-0.953443,413.321
829,0.144539,-0.425489,413.646
830,0.0839725,0.455847,413.784
831,0.0986159,0.181338,413.791
832,-0.0665126,-0.933865,414.543
833,0.12692,-0.150215,414.62
834,0.168706,-0.0233526,414.657
835,-0.148104,-0.300606,414.68
836,0.130682,0.728808,415.038
837,-0.0452871,-0.327885,415.118
838,0.0520406,0.985712,415.989
839,0.096278,-0.941013,417.065
840,0.17588,0.107338,417.07
841,0.0581096,-0.320369,417.213
842,-0.221371,-0.691213,417.434
843,0.0944588,-0.976133,418.58
844,0.102944,-0.32879,418.767
845,-0.189009,0.993641,420.165
846,0.0533162,-0.0766992,420.182
847,-0.0149051,0.309657,420.288
848,-0.163416,-0.999732,420.987
849,-0.10454,-0.883144,421.593
850,-0.113943,0.279402,421.748
851,0.169688,-0.949853,423.001
852,0.0142253,0.00840254,423.001
853,-0.158704,-0.287162,423.018
854,-0.151494,0.199578,423.141
855,-0.100619,0.893964,424.13
856,-0.190114,-0.187372,424.13
857,-0.135524,-0.738179,424.494
858,0.162596,0.895384,425.031
859,0.156135,0.945583,425.654
860,0.0526063,-0.295672,425.775
861,-0.107883,-0.338876,425.828
862,0.0694955,0.3952,425.934
863,0.135639,0.714513,426.27
864,0.110655,0.358983,426.331
865,-0.106425,0.48183,426.677
866,-0.0490679,0.761462,427.334
867,-0.091552,-0.919242,428.019
868,0.123709,-0.615144,428.565
869,-0.0546962,-0.0540734,428.565
870,0.0106847,-0.984275,429.555
871,0.286883,0.330399,429.557
872,0.0776377,0.984094,430.379
873,-0.0946486,-0.258644,430.406
874,0.0948048,0.141413,430.408
875,0.0915978,0.38219,430.492
876,0.12014,0.304925,430.526
877,-0.100983,0.54319,430.941
878,-0.0165099,-0.985014,431.879
879,-0.137909,0.0128028,431.902
880,0.128251,0.999909,432.662
881,0.144959,0.990779,433.377
882,-0.0632318,0.916742,434.338
883,-0.0258326,0.442774,434.557
884,-0.0808241,-0.968058,435.344
885,-0.0446528,-0.572782,435.623
886,0.0638307,0.958651,436.424
887,0.0199653,-0.136855,436.449
888,0.0929826,-0.472456,436.768
889,-0.0383727,0.915061,437.677
890,0.115533,-0.963465,438.842
891,0.032704,-0.89468,439.702
892,-0.125623,-0.75409,440.097
893,0.0214625,-0.230135,440.16
894,-0.0556596,-0.144533,440.168
895,-0.11211,0.452198,440.486
896,0.149077,-0.443086,440.837
897,-0.0777493,-0.971202,441.635
898,0.0383099,0.774178,442.177
899,-0.0920923,-0.298936,442.219
900,-0.0374913,0.47802,442.485
901,0.0639609,-0.571892,442.89
902,-0.16825,0.541714,443.394
903,-0.177411,-0.961707,444.009
904,0.029931,0.685119,444.438
905,-0.15402,-0.363902,444.482
906,-0.0500743,-0.995521,445.376
907,0.11852,-0.96791,446.556
908,-0.164028,0.250655,446.728
909,0.0593287,-0.823932,447.508
910,-0.222306,-0.20368,447.509
911,-0.202594,-0.696727,447.753
912,-0.158193,-0.645606,447.99
913,0.150225,-0.809764,448.912
914,0.0724644,0.929062,449.646
915,0.109212,0.124824,449.646
916,-0.0344697,-0.411387,449.788
917,-0.109401,-0.929191,450.46
918,-0.040365,-0.384419,450.578
919,0.116884,0.418381,450.669
920,-0.162127,0.998533,452.017
921,0.132567,-0.356632,452.256
922,-0.0456726,0.86625,453.087
923,-0.0365661,-0.179743,453.108
924,0.0724069,0.990789,453.951
925,0.0929486,0.695115,454.314
926,0.219208,-0.504426,454.838
927,-0.150151,0.83646,455.811
928,0.110702,-0.608208,456.328
929,0.0504325,-0.51428,456.647
930,0.179357,0.50433,456.752
931,-0.0496702,-0.971585,457.602
932,0.052543,-0.532375,457.944
933,0.20633,0.718536,458.207
934,-0.246144,-0.964939,458.723
935,-0.109825,0.962619,459.874
936,0.0711447,-0.56265,460.275
937,-0.0483828,-0.94462,461.078
938,0.0844421,-0.726767,461.737
939,0.0418561,-0.929293,462.68
940,-0.0886997,-0.60681,462.948
941,-0.226972,-0.684782,463.158
942,0.206566,0.566034,463.287
943,-0.18316,-0.372603,463.323
944,-0.115436,-0.727797,463.698
945,-0.136258,0.577048,464.207
946,0.154591,0.567823,464.377
947,-0.233487,-0.0124236,464.426
948,-0.0152288,-0.467838,464.631
949,-0.0267791,-0.941009,465.467
950,0.122162,0.9976,466.233
951,-0.0223809,-0.733777,466.739
952,-0.142904,0.516462,467.174
953,0.11305,-0.633109,467.731
954,0.140822,1,468.469
955,0.0407313,0.000868336,468.471
956,0.0381546,0.0137921,468.471
957,0.132039,-0.95984,469.663
958,0.0863278,-0.223367,469.759
959,0.0437119,-0.75123,470.391
960,-0.248436,-0.866289,470.773
961,0.0283399,0.780122,471.338
962,-0.0133145,0.590063,471.702
963,-0.189029,-0.642032,471.908
964,-0.17919,-0.915482,472.45
965,-0.0829598,0.310085,472.604
966,0.141882,0.966133,473.284
967,-0.144914,-0.827348,473.749
968,-0.105952,0.933534,474.83
969,-0.0169732,0.719322,475.372
970,-0.170447,0.927345,476.577
971,0.00365434,0.527436,476.851
972,-0.0602208,-0.997977,477.731
973,0.0283991,0.120439,477.739
974,-0.0501908,-0.427789,477.882
975,-0.0342133,0.806048,478.588
976,0.0933209,0.987452,479.387
977,0.249338,0.92864,479.849
978,-0.152301,-0.753848,480.211
979,0.133087,-0.436127,480.535
980,-0.114003,0.958818,481.686
981,-0.0662138,0.691792,482.26
982,-0.068903,0.774976,482.972
983,-0.185587,0.999307,484.376
984,0.0153813,-0.438243,484.582
985,0.128006,0.929176,485.224
986,-0.0746022,0.849121,486.077
987,0.140787,0.790028,486.499
988,0.14981,-0.512405,486.937
989,-0.105401,0.883734,487.916
990,-0.166769,0.321576,488.154
991,0.0109303,0.22505,488.2
992,0.101609,0.987681,488.985
993,-0.0471212,-0.862409,489.65
994,0.00533442,0.280065,489.725
995,-0.241486,0.0672147,489.821
996,0.0605867,0.0718008,489.821
997,-0.289102,-0.893666,490.186
998,-0.0602543,0.674671,490.726
999,-0.0822935,-0.996482,491.562
1000,-0.0997932,-0.720181,491.947
1001,0.177968,-0.999123,493.332
1002,-0.13318,0.869181,494.337
1003,0.171305,0.344108,494.367
1004,-0.183061,0.0744772,494.433
1005,0.00407152,-0.981145,495.404
1006,0.150464,0.528825,495.547
1007,-0.269973,-0.888874,495.93
1008,-0.163907,-0.0537665,495.942
1009,0.205325,0.769677,496.261
1010,0.0298681,0.906384,497.029
1011,0.22027,0.255806,497.03
1012,-0.0837357,0.908361,498.015
1013,0.0407041,-0.941977,498.98
1014,-0.0242331,0.028366,498.983
1015,-0.123499,0.855812,499.942
1016,-0.0350633,0.774967,500.598
1017,-0.0518549,0.595662,501.018
1018,-0.0475361,0.999937,502.115
1019,0.180266,0.722372,502.409
1020,-0.159092,-0.999865,503.116
1021,0.0747722,0.346667,503.189
1022,0.100129,-0.601285,503.681
1023,0.0550392,0.92071,504.431
1024,0.00713446,0.79395,505.05
1025,-0.0466899,-0.35674,505.146
1026,0.0956852,0.599057,505.399
1027,-0.0461306,0.991912,506.477
1028,-0.117568,0.569508,506.949
1029,0.0285604,-0.599374,507.343
1030,-0.0385549,0.535162,507.672
1031,-0.0278756,0.839349,508.425
1032,0.169889,0.999429,509.113
1033,0.0874051,-0.167377,509.178
1034,0.0846268,-0.968789,510.287
1035,0.100002,-0.885687,511.259
1036,0.0292809,0.0347544,511.259
1037,-0.186632,0.999304,512.665
1038,-0.130063,-0.313732,512.699
1039,0.039891,0.857685,513.368
1040,-0.244799,-0.680721,513.558
1041,-0.128245,-0.791338,513.998
1042,0.213549,0.792204,514.332
1043,0.0274273,0.824748,514.968
1044,-0.184684,-0.98955,515.616
1045,0.172992,0.989054,516.282
1046,0.101994,0.579969,516.51
1047,-0.183499,0.708981,517.307
1048,-0.157967,-0.0212029,517.326
1049,0.122425,-0.146255,517.398
1050,0.0586304,0.497121,517.59
1051,-0.134654,-0.739664,517.956
1052,-0.0319513,0.856629,518.746
1053,-0.0155076,0.00578406,518.746
1054,-0.154905,0.93253,519.929
1055,0.0577297,-0.947221,520.939
1056,0.0564799,-0.317044,521.078
1057,0.0735045,0.366935,521.164
1058,-0.205159,0.890698,522.365
1059,-0.254569,-0.977548,522.888
1060,-0.0730405,-0.654471,523.226
1061,-0.222348,-0.963385,523.775
1062,0.0893057,0.763062,524.229
1063,-0.181196,-0.722743,524.522
1064,0.0481039,0.997961,525.424
1065,-0.0153017,-0.931293,526.263
1066,-0.0896596,-0.999999,527.092
1067,-0.188828,-0.243373,527.095
1068,-0.0609974,0.925403,528.068
1069,-0.0270943,0.73286,528.646
1070,-0.189506,0.974991,530.002
1071,-0.0676375,0.0817565,530.024
1072,-0.137617,0.309728,530.224
1073,0.0180197,0.984852,531.159
1074,0.114966,0.657278,531.453
1075,0.0247669,0.983257,532.372
1076,0.0908964,0.894306,533.017
1077,0.0730652,0.531874,533.228
1078,0.0357686,-0.955807,534.211
1079,0.0784893,-0.549746,534.606
1080,0.0719384,0.183719,534.618
1081,0.138904,-0.0965697,534.674
1082,-0.079997,0.999855,535.84
1083,0.0435247,-0.996444,536.921
1084,0.0359382,0.663009,537.314
1085,-0.261563,-0.66742,537.479
1086,0.19031,-0.97312,538.833
1087,-0.209911,-0.68545,539.059
1088,0.0724518,0.383011,539.155
1089,0.156787,-0.352218,539.414
1090,-0.030833,-0.957088,540.272
1091,-0.00406648,0.561716,540.592
1092,0.154486,-0.608995,541.175
1093,-0.181509,-0.123216,541.179
1094,0.207397,0.269534,541.183
1095,0.0522081,-0.756278,541.836
1096,0.0859111,0.946827,542.577
1097,-0.0754114,-0.0292942,542.58
1098,0.0576165,-0.834905,543.376
1099,0.0771617,0.467529,543.528
1100,-0.00289179,-0.235818,543.583
1101,0.0295468,-0.412653,543.778
1102,-0.202161,0.46724,544.226
1103,-0.157501,0.00899138,544.254
1104,0.113896,0.821679,544.755
1105,0.0431632,0.866161,545.432
1106,0.0650278,-0.861092,546.29
1107,-0.110148,0.905573,547.322
1108,0.0992836,0.5917,547.564
1109,0.0808778,0.563007,547.797
1110,-0.188284,0.0122725,547.837
1111,0.152749,0.971894,548.508
1112,-0.154633,0.0544293,548.552
1113,-0.110383,-0.199672,548.56
1114,0.0369125,-0.542822,548.896
1115,0.0824151,-0.972158,550.008
1116,0.0888638,-0.916418,551.018
1117,-0.0137071,-0.125824,551.031
1118,0.00640014,-0.971384,551.987
1119,-0.111939,-0.988168,552.755
1120,-0.178199,0.507633,553.225
1121,-0.0677877,-0.880185,553.885
1122,0.123897,-0.535858,554.32
1123,0.143096,0.505118,554.452
1124,0.143509,0.933168,555.075
1125,0.148042,0.779315,555.474
1126,0.230499,0.682879,555.678
1127,0.115145,0.652397,555.967
1128,-0.0136531,0.410599,556.147
1129,-0.0585427,0.0294198,556.155
1130,-0.0315847,0.97268,557.163
1131,-0.0978216,-0.865772,557.753
1132,0.135093,-0.0920099,557.804
1133,-0.0612182,0.251688,557.902
1134,-0.0657801,0.0677109,557.92
1135,0.0603209,-0.982147,559.007
1136,-0.061491,0.55009,559.381
1137,-0.19351,-0.978703,559.997
1138,0.0328976,-0.488687,560.27
1139,0.105054,-0.449953,560.578
1140,0.0726825,0.999994,561.437
1141,-0.0718795,0.633523,561.935
1142,0.108037,-0.837706,562.829
1143,0.0735123,-0.263568,562.943
1144,0.0473906,-0.23205,563.021
1145,-0.183332,-0.519685,563.134
1146,0.0110271,0.379701,563.27
1147,-0.106617,-0.991318,564.053
1148,-0.101834,-0.301088,564.093
1149,-0.0795856,0.917197,565.086
1150,0.0975758,0.745826,565.506
1151,-0.0224675,-0.985237,566.433
1152,0.0768186,-0.353654,566.619
1153,0.0534983,0.99962,567.514
1154,-0.0110274,0.856237,568.266
1155,-0.0509681,0.882511,569.137
1156,-0.0306278,0.925363,570.051
1157,-0.0290416,-0.57077,570.345
1158,-0.0429529,0.434141,570.572
1159,-0.104746,-0.394403,570.656
1160,0.0683907,0.995972,571.517
1161,0.0655094,-0.918506,572.485
1162,-0.0463142,0.90566,573.391
1163,0.126003,-0.572184,573.879
1164,-0.105884,0.271026,574.021
1165,0.0702779,0.891145,574.695
1166,0.0713668,-0.0500877,574.709
1167,-0.173508,0.481706,575.139
1168,0.0136917,-0.975517,576.117
1169,0.113751,-0.0928744,576.16
1170,0.0662782,0.97199,576.98
1171,0.14994,-0.982089,578.262
1172,-0.152571,0.529836,578.727
1173,0.29445,0.995401,579.219
1174,0.0631726,-0.466517,579.499
1175,-0.113942,0.528635,579.912
1176,0.028045,0.751114,580.435
1177,0.00950336,0.742096,580.972
1178,0.170061,-0.607324,581.576
1179,0.0712046,0.46524,581.731
1180,0.119841,0.551292,581.917
1181,0.0358637,-0.899754,582.793
1182,-0.0488251,0.814156,583.538
1183,0.0296193,0.892466,584.282
1184,-0.294744,-0.924632,584.679
1185,-0.202791,0.0866958,584.763
1186,-0.146004,-0.746548,585.123
1187,-0.16165,-0.345877,585.157
1188,0.0312259,0.608199,585.49
1189,-0.137019,-0.786474,585.912
1190,0.121394,-0.807469,586.775
1191,0.0624047,0.160169,586.784
1192,0.155645,0.760765,587.15
1193,-0.112507,-0.330039,587.198
1194,0.183618,-0.535859,587.715
1195,-0.0713749,0.996462,588.856
1196,-0.0210331,-0.813064,589.483
1197,-0.142318,0.140488,589.563
1198,0.161676,0.999789,590.265
1199,0.182336,0.210078,590.266
1200,0.184597,0.434027,590.328
1201,0.000192024,0.287883,590.411
1202,-0.012647,0.998287,591.433
1203,0.0298547,-0.146663,591.464
1204,0.124346,0.98948,592.213
1205,-0.0772327,-0.995399,593.056
1206,0.146147,0.171329,593.056
1207,-0.185827,-0.30014,593.069
1208,0.0505082,0.770081,593.587
1209,0.021679,0.666415,594.003
1210,0.00829497,0.257494,594.065
1211,0.0292573,-0.0575001,594.073
1212,0.144855,-0.707382,594.799
1213,0.0826444,-0.675667,595.374
1214,0.0973647,-0.968547,596.51
1215,0.12412,0.757632,596.911
1216,-0.0916694,0.511883,597.276
1217,0.014322,0.941981,598.136
1218,-0.0340279,0.828416,598.88
1219,0.216682,0.82607,599.251
1220,0.130687,-0.942688,600.404
1221,0.0029149,-0.689183,600.883
1222,-0.0316549,0.691958,601.406
1223,0.180793,0.831251,601.829
1224,0.148735,0.0447764,601.84
1225,0.0302121,-0.595813,602.232
1226,0.275609,0.426128,602.255
1227,-0.155242,0.937575,603.449
1228,-0.00732471,0.568493,603.78
1229,0.00906454,-0.420034,603.965
1230,-0.0536968,-0.244672,604.001
1231,0.153152,-0.767369,604.848
1232,-0.0910689,-0.885993,605.48
1233,-0.0142936,0.716155,606.014
1234,-0.0553066,-0.407456,606.138
1235,0.060784,-0.970208,607.201
1236,0.0394078,-0.981026,608.242
1237,0.0189404,-0.985342,609.251
1238,-0.119177,-0.928421,609.906
1239,-0.118068,-0.83285,610.416
1240,0.102216,0.920679,611.086
1241,-0.198353,0.598165,611.721
1242,0.0598589,-0.390094,611.923
1243,-0.133935,-0.0093165,611.939
1244,-0.230167,0.113744,612.057
1245,0.152298,0.0787655,612.062
1246,-0.0119912,0.789035,612.704
1247,0.170395,0.174402,612.704
1248,0.054029,-0.0466143,612.714
1249,-0.13242,0.434283,613.035
1250,-0.103914,-0.99041,613.821
1251,-0.122825,0.679263,614.465
1252,0.0529006,0.800242,615.023
1253,0.0887263,0.250373,615.049
1254,-0.143403,-0.971219,615.735
1255,0.0305779,-0.94832,616.693
1256,-0.0915185,0.853216,617.585
1257,-0.194627,-0.997126,618.229
1258,0.0172223,0.156743,618.249
1259,-0.0024416,0.908278,619.078
1260,0.00430577,0.921271,619.919
1261,0.051371,0.721706,620.368
1262,-0.258283,-0.996143,620.913
1263,0.242102,-0.775879,621.949
1264,0.133218,-0.887647,622.991
1265,-0.102182,-0.986968,623.774
1266,0.0591098,-0.812794,624.534
1267,0.131669,0.951935,625.207
1268,-0.151489,0.546162,625.694
1269,-0.0938528,-0.700489,626.062
1270,0.0224641,-0.798524,626.736
1271,-0.201034,-0.0314845,626.765
1272,-0.0323048,-0.590042,627.076
1273,0.213349,0.747509,627.361
1274,-0.140199,-0.118816,627.361
1275,0.0178745,0.959265,628.248
1276,0.184262,0.993933,628.903
1277,0.0838644,-0.33706,629.08
1278,0.0864717,-0.116507,629.122
1279,0.0701059,-0.936487,630.135
1280,-0.105575,0.564914,630.584
1281,0.0385131,-0.976308,631.614
1282,0.224024,0.369036,631.635
1283,0.0598894,-0.982501,632.722
1284,-0.0867261,-0.874826,633.343
1285,0.02204,-0.992864,634.373
1286,-0.25395,-0.749226,634.618
1287,0.141033,0.666336,634.894
1288,-0.267516,-0.754398,635.131
1289,-0.134676,0.428271,635.448
1290,-0.106259,-0.999573,636.246
1291,-0.000100721,0.889623,637.038
1292,-0.184256,-0.301757,637.052
1293,0.0539725,-0.967834,638.096
1294,-0.0304701,-0.89991,638.852
1295,-0.106227,-0.311134,638.894
1296,-0.0925756,-0.456217,639.026
1297,0.0588485,0.985578,639.885
1298,-0.0511372,-0.644077,640.236
1299,-0.0669111,0.952902,641.276
1300,0.0970595,-0.493301,641.625
1301,-0.120481,-0.956725,642.324
1302,-0.0396255,0.85295,643.121
1303,0.117943,-0.351646,643.341
1304,-0.0784431,-0.983246,644.16
1305,0.105002,0.461467,644.287
1306,-0.169301,0.189998,644.416
1307,-0.136332,0.954527,645.606
1308,-0.0706287,-0.93898,646.36
1309,0.18156,0.979954,646.998
1310,-0.0452625,-0.999649,647.908
1311,-0.0367023,-0.91097,648.673
1312,-0.0735353,0.951171,649.723
1313,0.149889,-0.350108,649.973
1314,-0.172663,-0.061502,649.985
1315,0.0414613,0.900529,650.723
1316,0.074441,-0.136758,650.768
1317,0.0877263,0.9619,651.532
1318,-0.196809,-0.487681,651.617
1319,0.158167,0.706743,651.918
1320,0.172264,-0.939136,653.153
1321,0.0982894,0.385408,653.235
1322,0.096909,0.987101,654.028
1323,0.0625204,0.504661,654.223
1324,0.0119503,-0.14815,654.249
1325,-0.23345,-0.515417,654.328
1326,0.196516,0.397812,654.369
1327,-0.051534,-0.517377,654.586
1328,0.042161,-0.643227,655.056
1329,0.197551,0.175444,655.056
1330,-0.222838,-0.99992,655.66
1331,0.256932,0.441659,655.694
1332,-0.157606,0.932913,656.883
1333,-0.132533,-0.713332,657.221
1334,0.202708,0.192805,657.221
1335,-0.181171,-0.587241,657.386
1336,0.0997595,-0.869746,658.325
1337,0.0548131,-0.772792,659.01
1338,-0.164736,-0.198713,659.012
1339,-0.0112102,0.962147,659.959
1340,0.147983,0.213196,659.963
1341,0.11925,0.514111,660.119
1342,0.198308,0.763224,660.438
1343,-0.157137,-0.197045,660.44
1344,0.0393958,0.728491,660.915
1345,0.00361425,-0.992038,661.906
1346,-0.255091,0.000953035,661.972
1347,-0.165014,-0.0183061,661.993
1348,0.165443,-0.98988,663.328
1349,-0.123468,-0.910346,663.947
1350,-0.00425251,0.914135,664.791
1351,-0.137774,0.47344,665.164
1352,-0.0702862,-0.444853,665.304
1353,0.062015,-0.802616,666.052
1354,0.13651,0.986624,666.775
1355,0.0553133,-0.904994,667.697
1356,0.0591017,0.830527,668.292
1357,0.0673968,-0.0653066,668.31
1358,0.107841,0.494097,668.459
1359,-0.0614147,-0.527308,668.676
1360,-0.0877264,0.998612,669.856
1361,0.172759,-0.0994782,669.93
1362,0.0881718,0.682381,670.283
1363,-0.0452311,-0.98449,671.165
1364,0.00293347,0.992045,672.144
1365,0.0343867,-0.593061,672.537
1366,0.0518338,0.594267,672.832
1367,-0.147835,0.72569,673.595
1368,0.0349359,0.93082,674.397
1369,0.0404466,0.445789,674.562
1370,0.202418,0.33037,674.578
1371,-0.0835811,0.590191,675.032
1372,-0.216875,-0.145837,675.037
1373,0.0898817,-0.991983,676.207
1374,-0.220313,-0.916101,676.692
1375,0.0301039,0.753403,677.215
1376,0.0418902,0.997401,678.128
1377,0.0514332,0.258858,678.171
1378,0.140941,-0.958104,679.379
1379,0.109552,-0.641868,679.943
1380,0.00364452,-0.0314467,679.944
1381,-0.0475166,0.596724,680.36
1382,0.0460795,0.8688,681.036
1383,0.132901,-0.703472,681.736
1384,0.0535129,0.0591321,681.736
1385,0.0152521,0.265463,681.799
1386,0.045394,-0.740948,682.417
1387,0.013317,0.952525,683.299
1388,-0.00942104,0.0883865,683.309
1389,0.130319,0.989355,684.047
1390,0.0761492,-0.371375,684.247
1391,0.153566,-0.38207,684.534
1392,-0.0437669,-0.640037,684.889
1393,0.0612139,-0.17833,684.947
1394,-0.0239729,0.829896,685.676
1395,0.122807,0.0169193,685.687
1396,0.212229,0.654307,685.882
1397,0.0705515,-0.638336,686.385
1398,-0.0986406,-0.81371,686.896
1399,-0.0888167,-0.767337,687.357
1400,0.0565582,0.415352,687.485
1401,0.0164951,-0.828487,688.199
1402,-0.133172,0.116804,688.262
1403,-0.110921,-0.691964,688.599
1404,0.19554,-0.888246,689.774
1405,0.22402,0.861608,690.181
1406,-0.13778,0.455055,690.532
1407,0.101638,0.247774,690.553
1408,-0.0431395,0.921979,691.485
1409,0.179204,-0.885265,692.618
1410,-0.0741134,-0.635683,692.933
1411,-0.0672988,0.977369,694.025
1412,-0.00340657,0.616141,694.408
1413,0.132131,0.207546,694.414
1414,0.144408,-0.765226,695.242
1415,-0.0653143,-0.227166,695.268
1416,-0.0531662,-0.704888,695.692
1417,0.120239,0.913591,696.322
1418,-0.119167,0.731897,697.046
1419,-0.102117,-0.998142,697.849
1420,-0.00811022,-0.810238,698.492
1421,0.103602,0.976984,699.255
1422,-0.0644497,0.762225,699.939
1423,-0.0531058,0.282221,700.051
1424,-0.155885,0.42913,700.393
1425,-0.111682,0.984796,701.596
1426,-0.00325443,0.765271,702.186
1427,0.0591556,-0.591109,702.609
1428,-0.0946052,0.170375,702.679
1429,0.136756,-0.49401,703.077
1430,-0.149174,-0.657539,703.336
1431,0.00414557,-0.140539,703.357
1432,0.0323686,-0.700365,703.893
1433,-0.0483106,0.998743,704.99
1434,-0.0692474,-0.329359,705.057
1435,0.0044346,-0.185796,705.094
1436,0.193571,0.332484,705.113
1437,-0.130206,0.998427,706.387
1438,0.0548909,-0.81211,707.138
1439,-0.0981001,-0.308356,707.183
1440,-0.0512545,-0.999943,708.083
1441,-0.0848749,-0.970681,708.867
1442,0.102415,0.720489,709.249
1443,-0.0817189,-0.609755,709.528
1444,0.0010411,-0.999916,710.53
1445,0.00224586,0.100949,710.54
1446,0.0543528,-0.567939,710.927
1447,0.138102,0.449541,711.024
1448,0.0406829,0.142791,711.034
1449,0.112242,0.797546,711.504
1450,0.0288449,-0.989893,712.542
1451,0.0691297,-0.565702,712.945
1452,-0.0374416,0.0867252,712.96
1453,-0.099261,0.389454,713.199
1454,0.0424887,0.990367,714.098
1455,-0.270975,-0.122333,714.12
1456,-0.016606,-0.338117,714.223
1457,0.187382,-0.998253,715.629
1458,-0.0479052,-0.797518,716.191
1459,0.0224314,0.418169,716.347
1460,-0.00061079,-0.635583,716.751
1461,0.0321918,0.999124,717.685
1462,0.0431536,-0.989791,718.752
1463,0.0127619,0.952873,719.636
1464,-0.0884645,0.20993,719.725
1465,-0.0103886,0.353855,719.858
1466,-0.163775,-0.754789,720.207
1467,0.0127806,-0.421406,720.396
1468,0.139579,-0.787324,721.255
1469,0.116412,-0.543249,721.69
1470,-0.153059,-0.295935,721.711
1471,0.0459448,-0.948659,722.7
1472,-0.0833605,-0.295502,722.745
1473,-0.260921,-0.893882,723.145
1474,0.225107,-0.937798,724.498
1475,-0.117524,-0.659157,724.791
1476,-0.0997786,0.988348,725.975
1477,0.0208637,-0.0798135,725.985
1478,0.113344,-0.817864,726.852
1479,-0.137407,0.995369,728.136
1480,-0.0211356,-0.390255,728.272
1481,-0.0930268,-0.495635,728.434
1482,-0.0798366,0.896836,729.388
1483,-0.197328,0.99998,730.821
1484,-0.0800674,-0.0558342,730.822
1485,0.116077,-0.931399,731.919
1486,-0.179255,-0.130829,731.922
1487,-0.164308,-0.933771,732.514
1488,-0.165275,-0.525124,732.643
1489,-0.0389998,-0.226413,732.678
1490,-0.193176,-0.877309,733.146
1491,0.0377428,0.967029,734.01
1492,-0.0302916,0.515947,734.308
1493,0.0484475,-0.718777,734.897
1494,0.0435297,-0.696559,735.445
1495,-0.130185,0.150205,735.523
1496,-0.0568272,0.959863,736.557
1497,-0.0298086,0.809644,737.262
1498,-0.180175,0.954937,738.55
1499,0.05486,0.996613,739.437
1500,-0.139018,-0.806164,739.882
1501,-0.162316,-0.996912,740.579
1502,-0.117656,-0.262203,740.599
1503,-0.168985,0.947862,741.847
1504,0.0737142,0.780724,742.347
1505,0.0507668,0.000917992,742.349
1506,0.169003,0.820702,742.774
1507,0.179967,-0.922061,743.988
1508,-0.0648091,-0.250457,744.023
1509,0.086357,-0.720751,744.674
1510,0.141851,-0.989752,745.955
1511,-0.132579,0.314099,746.154
1512,-0.0599433,0.644886,746.651
1513,-0.010753,0.998656,747.67
1514,0.0100661,-0.998329,748.687
1515,-0.156942,-0.928264,749.282
1516,-0.115904,0.451157,749.603
1517,0.219159,-0.997151,751.083
1518,0.0307675,-0.925631,751.997
1519,-0.129064,0.137261,752.068
1520,-0.0914731,0.141021,752.122
1521,-0.20901,-0.896348,752.595
1522,-0.000813754,-0.288638,752.678
1523,0.00228065,-0.297949,752.768
1524,-0.0572513,0.346237,752.931
1525,-0.138672,0.986081,754.196
1526,-0.088874,-0.879972,754.821
1527,-0.115591,0.999218,756.064
1528,-0.179797,-0.917781,756.609
1529,0.121695,-0.666848,757.231
1530,0.0920631,-0.684852,757.834
1531,0.0855298,0.999366,758.669
1532,-0.0308265,0.390339,758.847
1533,0.0664529,0.989098,759.698
1534,-0.207061,0.812266,760.737
1535,0.0312802,-0.040869,760.742
1536,-0.0804113,0.0854366,760.77
1537,0.106915,0.965491,761.507
1538,0.122159,0.431683,761.603
1539,-0.012249,-0.498455,761.839
1540,0.085541,-0.997726,763.013
1541,0.222562,0.0792007,763.033
1542,0.140083,0.189842,763.036
1543,-0.109213,0.114702,763.086
1544,-0.0814921,0.157964,763.143
1545,0.168377,0.688069,763.413
1546,-0.180951,-0.0727695,763.425
1547,-0.102741,-0.651453,763.726
1548,-0.100307,0.621935,764.248
1549,-0.0237643,0.354345,764.391
1550,-0.0413267,-0.113345,764.396
1551,-0.0305854,0.973355,765.404
1552,0.0994711,-0.136389,765.459
1553,-0.219078,-0.788479,765.784
1554,0.122336,0.728826,766.151
1555,0.0510931,-0.852367,766.968
1556,-0.159773,0.134494,767.054
1557,0.0393967,0.539908,767.305
1558,0.0893814,-0.777378,768.056
1559,-0.0655352,-0.990214,768.911
1560,-0.0604902,-0.0894682,768.912
1561,-0.0427932,-0.137649,768.921
1562,0.00441533,0.998792,769.91
1563,0.192938,0.89028,770.396
1564,-0.158495,0.484869,770.81
1565,-0.0247815,-0.922849,771.616
1566,-0.0642074,0.163787,771.668
1567,0.14714,0.227018,771.675
1568,-0.0965992,-0.734138,772.081
1569,0.0119725,0.793583,772.692
1570,-0.11191,-0.319653,772.735
1571,0.0529707,-0.0199703,772.741
1572,-0.0583981,-0.218074,772.766
1573,-0.0248799,-0.0230579,772.766
1574,0.131908,0.555835,772.946
1575,-0.110849,-0.363916,773.01
1576,-0.094217,-0.775437,773.474
1577,-0.00985093,-0.389794,773.618
1578,0.230624,0.172479,773.622
1579,-0.0603911,-0.796548,774.164
1580,0.233457,0.793325,774.477
1581,0.168311,-0.958305,775.746
1582,-0.0173192,-0.601705,776.088
1583,0.189375,0.989808,776.728
1584,-0.0574775,-0.637374,777.065
1585,0.0508695,0.611003,777.378
1586,0.0699665,0.430654,777.509
1587,-0.19248,0.710873,778.325
1588,0.101831,-0.9622,779.457
1589,-0.206134,-0.880171,779.911
1590,0.00696629,0.91246,780.731
1591,-0.121405,-0.791757,781.18
1592,0.162231,-0.998771,782.528
1593,0.0921419,0.978776,783.314
1594,-0.197515,-0.28308,783.322
1595,-0.100735,0.431476,783.605
1596,0.0353874,0.956794,784.454
1597,0.12925,-0.0939466,784.504
1598,0.035906,-0.925547,785.428
1599,0.168649,0.44056,785.502
1600,-0.14267,-0.987445,786.216
1601,0.0688436,-0.873656,787.104
1602,-0.0641832,-0.773355,787.607
1603,-0.178188,-0.434245,787.673
1604,0.196268,0.910679,788.183
1605,-0.142636,-0.940625,788.82
1606,0.159388,0.918897,789.397
1607,0.136366,0.833363,789.882
1608,0.215015,0.768098,790.188
1609,0.0749403,-0.0652786,790.208
1610,-0.160343,-0.0493779,790.22
1611,0.188409,0.999554,790.878
1612,-0.0103326,0.828262,791.581
1613,0.195315,0.328652,791.599
1614,-0.0338969,-0.091253,791.603
1615,0.14295,-0.544863,792.076
1616,-0.00143059,-0.96919,793.012
1617,0.0767433,-0.532137,793.383
1618,-0.0547017,-0.870256,794.048
1619,-0.0855848,0.0801939,794.076
1620,-0.0308389,-0.973587,794.964
1621,-0.0147025,0.421286,795.154
1622,0.110633,-0.903314,796.182
1623,-0.0380414,-0.964822,797.041
1624,0.222143,0.654882,797.229
1625,0.062912,0.999987,798.107
1626,-0.135122,0.287617,798.285
1627,0.171905,0.143932,798.286
1628,-0.257773,-0.284547,798.287
1629,-0.0280362,0.669346,798.773
1630,-0.0617519,-0.983278,799.623
1631,-0.196542,0.635264,800.314
1632,-0.0578646,0.609775,800.76
1633,-0.134402,-0.719879,801.103
1634,0.00357281,0.971505,802.04
1635,0.201656,0.779778,802.374
1636,0.128284,0.678471,802.677
1637,0.0807004,0.768752,803.15
1638,0.0839825,-0.960052,804.24
1639,0.0327502,0.995154,805.166
1640,0.114434,0.968887,805.897
1641,0.0591512,0.990375,806.764
1642,0.0930789,-0.827403,807.611
1643,-0.256994,-0.944961,808.084
1644,-0.0525562,0.560041,808.46
1645,-0.162596,0.409261,808.787
1646,0.0605801,0.796999,809.329
1647,-0.151471,-0.961251,809.985
1648,0.0385655,0.653267,810.363
1649,-0.124072,-0.943601,811.034
1650,-0.0291448,-0.682396,811.461
1651,0.00304279,0.601232,811.819
1652,-0.247761,-0.551955,811.911
1653,-0.121845,-0.777548,812.341
1654,-0.120968,-0.838849,812.857
1655,-0.0605411,0.872662,813.727
1656,0.203478,0.958141,814.297
1657,-0.213008,-0.946506,814.835
1658,0.132811,-0.305896,815.027
1659,0.200869,0.775811,815.358
1660,-0.165492,0.762479,816.219
1661,0.123496,0.995389,816.979
1662,0.133911,0.95698,817.657
1663,0.0186172,0.402662,817.804
1664,-0.189249,-0.764417,818.135
1665,-0.0563791,0.799112,818.867
1666,-0.019369,0.790008,819.522
1667,-0.214819,-0.998572,820.136
1668,-0.0792088,-0.206499,820.152
1669,0.111599,-0.880813,821.137
1670,-0.144462,-0.437305,821.223
1671,-0.0130554,0.996171,822.242
1672,-0.00415107,0.993797,823.238
1673,0.103557,-0.92506,824.296
1674,-0.10711,0.857968,825.227
1675,-0.134308,0.990429,826.492
1676,0.203116,0.903353,826.982
1677,-0.24119,-0.928431,827.455
1678,0.0874236,0.316829,827.507
1679,0.20111,0.341868,827.527
1680,-0.0734447,0.199499,827.602
1681,-0.107747,0.855315,828.529
1682,-0.116831,-0.871344,829.098
1683,-0.0392529,-0.98401,829.991
1684,0.193702,0.591843,830.149
1685,-0.201226,-0.420972,830.198
1686,-0.0720613,-0.126144,830.201
1687,-0.00312103,-0.845793,830.911
1688,0.0324293,-0.700785,831.448
1689,0.125509,-0.299566,831.629
1690,0.11012,0.209344,831.639
1691,-0.00573724,-0.745727,832.186
1692,0.00835575,-0.81263,832.86
1693,0.159773,-0.97751,834.154
1694,-0.0758502,0.148968,834.204
1695,-0.0159059,0.925906,835.091
1696,-0.0511487,0.516017,835.413
1697,0.191759,0.691455,835.663
1698,0.0860778,-0.18232,835.735
1699,0.0221023,0.909671,836.523
1700,0.082776,-0.638628,837.043
1701,-0.029895,0.463982,837.287
1702,-0.113058,-0.868739,837.858
1703,-0.172758,0.967286,839.158
1704,-0.200321,0.777292,840.113
1705,0.052726,0.558316,840.369
1706,-0.265961,-0.661449,840.525
1707,-0.287749,-0.175864,840.538
1708,-0.155937,-0.998045,841.247
1709,-0.204778,-0.678255,841.471
1710,-0.154688,-0.898736,842.025
1711,0.0506065,-0.561369,842.399
1712,-0.0468418,-0.748442,842.892
1713,-0.150061,0.997657,844.209
1714,0.183428,0.971823,844.831
1715,0.0911375,-0.259187,844.953
1716,0.102882,0.988285,845.737
1717,-0.247062,-0.413347,845.765
1718,0.24493,0.976713,846.3
1719,-0.210976,-0.912561,846.793
1720,0.12684,-0.361737,847.031
1721,0.163219,0.205628,847.033
1722,-0.0642035,-0.749607,847.503
1723,0.130476,-0.929815,848.627
1724,-0.0615655,0.367457,848.811
1725,0.00764902,0.809027,849.453
1726,0.00080717,0.878143,850.223
1727,-0.226934,-0.190147,850.224
1728,0.0663603,0.400349,850.336
1729,-0.228658,-0.904556,850.793
1730,0.0828543,-0.406328,851.032
1731,0.0323365,0.992073,851.953
1732,0.103961,0.462874,852.082
1733,0.0582293,0.933643,852.848
1734,-0.0860846,0.391937,853.077
1735,0.0522449,-0.0953847,853.099
1736,-0.0512635,-0.554105,853.352
1737,-0.0975499,0.837464,854.226
1738,-0.159296,-0.960103,854.867
1739,0.22973,0.910021,855.33
1740,0.154783,-0.845273,856.33
1741,-0.145454,0.234056,856.474
1742,0.264573,0.565439,856.565
1743,0.125617,0.847679,857.086
1744,-0.17114,0.58785,857.662
1745,0.0436551,0.994786,858.567
1746,-0.00786318,0.967742,859.518
1747,-0.149171,-0.582454,859.706
1748,0.0272319,0.953905,860.565
1749,-0.0808324,0.933165,861.593
1750,0.0601426,0.522983,861.807
1751,-0.160575,-0.312049,861.83
1752,0.0675461,-0.896292,862.759
1753,-0.222876,0.982516,864.212
1754,-0.122729,-0.964096,864.92
1755,-0.241828,-0.584798,865.038
1756,-0.107451,-0.968848,865.78
1757,0.171275,0.984132,866.44
1758,0.0311755,0.801634,867.034
1759,0.0988273,-0.779564,867.806
1760,-0.0418685,0.0557848,867.815
1761,0.196558,-0.397966,868.169
1762,0.0175571,-0.908656,869.026
1763,0.110689,0.682429,869.353
1764,-0.019965,-0.751464,869.888
1765,0.112725,0.978128,870.637
1766,-0.116361,-0.776015,871.073
1767,-0.0483586,-0.259249,871.117
1768,0.199877,-0.971403,872.489
1769,-0.154532,0.999861,873.822
1770,0.0600325,0.855567,874.454
1771,0.0563869,-0.867903,875.309
1772,-0.108607,-0.613284,875.563
1773,0.183063,0.567329,875.711
1774,0.219662,0.195788,875.712
1775,-0.176122,0.998284,877.091
1776,0.132625,-0.646892,877.699
1777,0.111835,-0.847018,878.618
1778,-0.165209,-0.58292,878.792
1779,0.0755828,-0.74499,879.466
1780,-0.00721582,-0.805193,880.102
1781,0.0638429,-0.786157,880.825
1782,0.0507479,0.93265,881.603
1783,0.0414808,-0.482821,881.878
1784,0.0115969,-0.906855,882.721
1785,-0.0747091,0.175378,882.784
1786,-0.0498539,0.435893,883.02
1787,-0.192232,-0.998162,883.669
1788,0.124994,0.942453,884.337
1789,0.0350859,0.998217,885.265
1790,0.0349579,0.194337,885.29
1791,-0.180149,-0.544708,885.423
1792,-0.0688285,0.0232303,885.432
1793,-0.125241,0.965751,886.622
1794,-0.121612,0.441876,886.94
1795,-0.130812,-0.988185,887.675
1796,0.159824,-0.0629178,887.724
1797,-0.0821253,-0.0712036,887.724
1798,0.254159,0.96197,888.225
1799,0.213856,0.710359,888.472
1800,-0.210207,-0.0262027,888.506
1801,0.0581079,-0.561869,888.89
1802,0.0499247,-0.677953,889.42
1803,0.0450975,0.94984,890.239
1804,0.122454,0.751786,890.635
1805,-0.0178063,-0.130729,890.647
1806,-0.103211,-0.806937,891.143
1807,-0.109935,-0.592873,891.376
1808,0.0208951,0.998488,892.332
1809,-0.245845,-0.910852,892.774
1810,-0.205734,-0.713504,893.032
1811,0.200263,-0.983952,894.434
1812,-0.110867,-0.975202,895.181
1813,-0.0471102,-0.830068,895.794
1814,0.160444,0.551519,895.947
1815,0.218002,-0.750862,896.886
1816,0.157424,0.837863,897.349
1817,0.0190622,-0.591206,897.721
1818,-0.125963,-0.0319614,897.73
1819,-0.0117957,-0.319453,897.825
1820,0.127183,-0.258868,897.974
1821,0.10556,-0.837124,898.862
1822,0.047668,0.486859,899.055
1823,0.00664013,0.744119,899.599
1824,-0.0826952,0.756445,900.303
1825,0.174237,-0.0992954,900.378
1826,0.150196,0.821451,900.829
1827,0.0779144,0.892471,901.492
1828,0.0412674,0.999778,902.411
1829,0.139229,0.72142,902.75
1830,-0.146107,-0.999545,903.478
1831,-0.0192504,-0.99355,904.427
1832,-0.1967,0.100167,904.516
1833,0.000440269,-0.991881,905.5
1834,-0.0409561,0.679142,906.019
1835,0.0744141,0.772229,906.506
1836,0.0215488,-0.891961,907.34
1837,0.0750115,0.93989,908.088
1838,0.119735,-0.941272,909.214
1839,-0.186811,-0.74289,909.523
1840,-0.114156,-0.922107,910.176
1841,0.22913,0.992867,910.759
1842,0.0731216,-0.877899,911.664
1843,0.0346374,-0.635199,912.112
1844,-0.00555848,0.531562,912.401
1845,-0.124889,0.740945,913.151
1846,-0.237849,-0.632794,913.307
1847,0.00169,-0.978574,914.267
1848,-0.218794,-0.529304,914.364
1849,-0.249775,0.425899,914.82
1850,-0.22671,-0.473315,914.881
1851,-0.0129119,-0.705814,915.361
1852,-0.221123,-0.695485,915.586
1853,0.161368,-0.115812,915.663
1854,-0.0808634,0.777331,916.4
1855,-0.145263,0.913166,917.52
1856,0.0536953,0.262249,917.563
1857,0.0344106,0.954298,918.41
1858,0.0649339,-0.859178,919.264
1859,-0.0581856,-0.468775,919.432
1860,0.0448122,0.982311,920.311
1861,0.163724,0.666587,920.564
1862,-0.190939,-0.701843,920.825
1863,-0.102068,-0.967886,921.575
1864,0.101814,-0.945119,922.671
1865,-0.0183076,0.871976,923.463
1866,-0.0598851,-0.601524,923.757
1867,0.0145275,0.508617,924.001
1868,0.0714976,0.21588,924.022
1869,0.0609382,0.747247,924.493
1870,0.100172,0.837802,925.037
1871,0.248294,0.206558,925.039
1872,0.0640938,0.888852,925.719
1873,-0.0557804,-0.998347,926.607
1874,-0.0467515,-0.997241,927.511
1875,0.0297981,-0.698402,928.041
1876,-0.122202,0.865271,929.016
1877,0.072951,0.348289,929.092
1878,-0.0586429,-0.806055,929.65
1879,-0.132258,-0.579628,929.851
1880,0.0717921,-0.999976,930.999
1881,-0.103011,0.421802,931.275
1882,-0.0539672,0.996645,932.378
1883,0.169224,0.575031,932.543
1884,-0.166667,0.535369,933.036
1885,-0.06876,0.994752,934.167
1886,-0.064661,-0.233896,934.196
1887,-0.170892,0.146483,934.296
1888,0.0951987,0.812054,934.81
1889,-0.082247,0.992626,935.966
1890,0.0368931,-0.287645,936.071
1891,0.0739809,-0.946463,937.112
1892,0.114538,0.410164,937.2
1893,0.0803105,-0.490695,937.526
1894,0.0310351,-0.317651,937.647
1895,0.12827,-0.99136,938.901
1896,-0.049496,-0.288498,938.958
1897,0.0158555,0.8438,939.644
1898,-0.0651882,0.288276,939.768
1899,0.12474,0.856869,940.304
1900,0.129794,0.92611,940.939
1901,0.229007,0.877184,941.359
1902,-0.123354,0.30083,941.539
1903,0.192451,0.0185156,941.569
1904,0.0885844,-0.118235,941.612
1905,0.202119,0.910998,942.114
1906,-0.0764526,-0.834035,942.688
1907,0.0415142,0.986394,943.581
1908,0.136364,-0.276299,943.751
1909,0.159069,0.0785356,943.758
1910,-0.153963,-0.190119,943.759
1911,-0.144946,-0.115789,943.76
1912,-0.0620764,0.0429066,943.771
1913,0.16756,-0.77006,944.65
1914,0.204177,0.253029,944.652
1915,-0.126141,-0.0646937,944.656
1916,-0.205191,-0.786762,944.994
1917,0.128246,0.316167,945.03
1918,-0.177307,-0.0178382,945.055
1919,-0.106097,-0.129865,945.056
1920,0.117121,-0.99981,946.303
1921,-0.0289291,0.988091,947.338
1922,-0.029195,-0.490881,947.551
1923,0.261507,0.753093,947.792
1924,-0.126556,0.63631,948.374
1925,-0.178838,-0.909105,948.908
1926,-0.0546085,-0.988454,949.78
1927,-0.207418,-0.184848,949.78
1928,-0.101315,0.141054,949.839
1929,-0.161292,-0.984409,950.516
1930,-0.15678,-0.0225762,950.534
1931,-0.122915,0.0851442,950.578
1932,0.143433,0.762566,950.961
1933,0.0912096,-0.546931,951.368
1934,-0.142269,0.0781785,951.417
1935,-0.0155411,-0.975246,952.338
1936,0.066318,0.984664,953.181
1937,-0.00409211,0.58675,953.53
1938,-0.0841113,0.999881,954.705
1939,-0.105448,-0.713945,955.076
1940,0.0110247,0.624154,955.452
1941,-0.142429,-0.518903,955.593
1942,-0.027345,-0.187784,955.619
1943,-0.147623,0.975761,956.881
1944,-0.0794885,-0.755868,957.339
1945,0.0306044,-0.138861,957.367
1946,0.0705949,-0.488258,957.68
1947,-0.259842,-0.146272,957.693
1948,0.0335561,0.341329,957.787
1949,-0.240365,-0.645155,957.951
1950,0.083567,-0.564868,958.372
1951,-0.215534,-0.887639,958.823
1952,-0.0431329,-0.0031649,958.825
1953,0.196397,0.416251,958.873
1954,-0.137548,-0.0770645,958.877
1955,0.0558276,-0.10808,958.904
1956,0.108873,-0.711934,959.577
1957,0.105277,-0.999891,960.799
1958,0.0637043,-0.712212,961.401
1959,0.267363,0.650983,961.548
1960,-0.223982,-0.984595,962.127
1961,0.249824,0.855261,962.493
1962,0.0216269,-0.867646,963.284
1963,0.0434618,-0.304037,963.405
1964,-0.0904631,0.915443,964.417
1965,-0.156805,0.695075,965.142
1966,-0.0200352,0.170973,965.179
1967,-0.0275541,-0.764899,965.722
1968,0.0289213,-0.26861,965.811
1969,0.181162,0.999292,966.48
1970,0.069582,-0.889819,967.401
1971,0.185091,0.865908,967.864
1972,0.0431146,0.889048,968.58
1973,0.0195878,-0.968854,969.557
1974,-0.0353433,-0.720211,970.026
1975,-0.102319,0.0956709,970.065
1976,0.0107396,0.206809,970.104
1977,-0.0135475,-0.0170186,970.104
1978,-0.109803,0.770362,970.878
1979,0.12481,0.496084,971.016
1980,-0.216607,0.0376744,971.081
1981,-0.119794,-0.923968,971.727
1982,-0.0551597,-0.891773,972.427
1983,-0.204863,-0.927619,972.95
1984,0.0848536,0.38641,973.041
1985,-0.0801021,0.335532,973.213
1986,0.0651598,-0.42905,973.458
1987,-0.0298913,-0.989998,974.379
1988,0.110738,-0.998412,975.61
1989,-0.0372454,0.999437,976.684
1990,-0.0111241,0.896873,977.509
1991,0.108744,-0.997173,978.732
1992,-0.111369,-0.815529,979.228
1993,0.0639048,-0.68603,979.79
1994,-0.00360729,0.784862,980.412
1995,-0.0617822,0.224902,980.494
1996,-0.178842,-0.843476,980.936
1997,-0.123041,-0.781257,981.369
1998,0.0121238,-0.46091,981.593
1999,-0.0450651,-0.637014,981.943
2000,-0.00808866,-0.885742,982.713
2001,-0.0653849,-0.696976,983.112
2002,0.0763905,-0.947325,984.16
2003,-0.239094,-0.469169,984.213
2004,-0.154508,-0.994395,984.919
2005,0.0783241,-0.926335,985.928
2006,0.130396,-0.69354,986.607
2007,0.142434,-0.423631,986.927
2008,0.0969524,-0.385492,987.16
2009,-0.1439,-0.744851,987.521
2010,-0.143079,0.378283,987.793
2011,0.0293437,-0.522079,988.097
2012,-0.00616726,-0.988976,989.063
2013,-0.196981,0.304612,989.315
2014,-0.0602819,-0.3082,989.376
2015,-0.0294323,0.194414,989.426
2016,-0.114848,0.81675,990.294
2017,0.136547,-0.929474,991.43
2018,0.0495951,-0.833657,992.211
2019,0.112449,0.547603,992.4
2020,-0.140066,0.768429,993.225
2021,-0.152616,-0.244542,993.234
2022,0.0488519,0.193382,993.255
2023,-0.119309,-0.994851,994.021
2024,0.161123,-0.66588,994.705
2025,-0.226002,0.785572,995.728
2026,0.0258205,-0.962499,996.705
2027,0.0130485,-0.998252,997.728
2028,-0.20556,0.339099,998.025
2029,-0.0523512,-0.972702,998.872
2030,0.163342,0.848795,999.342
2031,-0.0643669,0.275997,999.457
2032,-0.0306814,0.962655,1000.44
2033,0.19406,-0.238627,1000.63
2034,0.201821,0.818421,1001.01
2035,0.0239793,-0.404348,1001.19
2036,-0.20348,-0.248972,1001.2
2037,0.264943,0.997366,1001.73
2038,-0.0592097,-0.885898,1002.42
2039,0.0546478,-0.36466,1002.59
2040,0.232564,-0.432605,1003.04
2041,0.0108171,0.6392,1003.43
2042,0.129399,0.550984,1003.61
2043,-0.0976894,0.994267,1004.8
2044,-0.0565388,0.728748,1005.42
2045,-0.0108623,0.743595,1005.99
2046,-0.0810567,0.206467,1006.07
2047,-0.233199,-0.498086,1006.14
2048,0.104537,-0.853941,1007.06
2049,-0.247381,-0.813955,1007.38
2050,-0.0252185,-0.0480126,1007.38
2051,0.112408,-0.733437,1008.09
2052,0.178421,0.376901,1008.13
2053,0.0879051,-0.957224,1009.23
2054,0.0309817,-0.927149,1010.14
2055,0.255342,0.817747,1010.46
2056,-0.08985,-0.942434,1011.19
2057,0.253526,0.811399,1011.5
2058,-0.0650947,0.972043,1012.57
2059,-0.0709412,0.964398,1013.65
2060,0.073479,-0.997908,1014.79
2061,-0.186722,0.745559,1015.66
2062,0.136865,0.917064,1016.27
2063,0.143037,0.0839651,1016.28
2064,-0.0201753,0.387143,1016.44
2065,-0.0493459,0.255015,1016.53
2066,0.11111,0.73896,1016.93
2067,-0.205688,-0.527634,1017.03
2068,-0.0735754,0.0325669,1017.04
2069,0.113549,0.761106,1017.46
2070,0.179381,0.5386,1017.59
2071,0.087511,0.845652,1018.17
2072,-0.0838508,0.960458,1019.26
2073,-0.166072,-0.667414,1019.51
2074,0.0190941,-0.199832,1019.56
2075,0.107333,-0.0656513,1019.59
2076,-0.0581115,0.983966,1020.67
2077,-0.113429,0.908108,1021.72
2078,-0.0249317,0.991015,1022.75
2079,-0.00962083,-0.776098,1023.34
2080,-0.0724622,0.471642,1023.63
2081,0.0789847,-0.882748,1024.56
2082,-0.171881,0.174837,1024.68
2083,-0.0214388,0.726496,1025.24
2084,0.0650417,0.700133,1025.64
2085,0.16741,0.574884,1025.81
2086,0.102023,-0.17353,1025.88
2087,0.0354851,-0.251809,1025.96
2088,0.158703,0.978977,1026.64
2089,-0.092949,-0.942671,1027.36
2090,0.182416,0.488684,1027.45
2091,-0.245042,-0.883105,1027.86
2092,0.194703,-0.823688,1028.9
2093,-0.0292409,-0.308773,1028.97
2094,0.0605225,0.874959,1029.64
2095,0.146761,-0.985876,1030.92
2096,-0.194291,-0.972131,1031.53
2097,0.100919,0.969633,1032.28
2098,-0.0370882,0.815457,1033.01
2099,0.0913342,0.918855,1033.69
2100,-0.0191943,0.87856,1034.5
2101,0.0464498,-0.815977,1035.24
2102,-0.0229328,0.940838,1036.17
2103,-0.164797,0.118032,1036.25
2104,0.10191,-0.944044,1037.34
2105,-0.00142386,0.0796797,1037.35
2106,-0.164605,-0.287774,1037.37
2107,0.064747,-0.145535,1037.41
2108,0.194918,0.391934,1037.45
2109,-0.0760393,0.845595,1038.3
2110,0.152313,0.921574,1038.89
2111,0.0365528,-0.994406,1039.95
2112,0.147058,-0.509784,1040.38
2113,-0.170045,-0.0564713,1040.4
2114,0.182071,-0.0692573,1040.46
2115,-0.155592,-0.134162,1040.46
2116,-0.0245361,-0.519508,1040.71
2117,0.181707,0.980976,1041.35
2118,0.0624974,-0.0648405,1041.36
2119,0.15932,0.73924,1041.7
2120,-0.0863359,0.995061,1042.87
2121,-0.135223,0.0518783,1042.9
2122,0.0330009,0.436415,1043.07
2123,-0.113967,-0.24125,1043.08
2124,-0.0620395,-0.814924,1043.65
2125,-0.0610009,-0.977201,1044.49
2126,-0.0870374,0.239575,1044.59
2127,-0.128813,0.974981,1045.81
2128,0.156842,-0.271723,1046
2129,-0.0484996,-0.548798,1046.25
2130,-0.171111,0.928509,1047.46
2131,0.235631,-0.26093,1047.7
2132,-0.150905,-0.609695,1047.91
2133,0.124068,-0.823011,1048.81
2134,-0.0318394,-0.358873,1048.92
2135,0.118445,0.866677,1049.48
2136,0.132879,-0.928967,1050.6
2137,-0.00814206,-0.811821,1051.25
2138,0.167547,-0.706454,1052.01
2139,0.00747927,-0.962238,1052.95
2140,0.224657,0.687534,1053.17
2141,0.0623652,0.19331,1053.19
2142,0.0259927,-0.940823,1054.12
2143,-0.141634,0.423811,1054.44
2144,-0.123165,-0.15551,1054.44
2145,0.0259159,-0.91899,1055.33
2146,0.179108,0.703242,1055.61
2147,0.197132,0.955296,1056.18
2148,0.0508689,0.959686,1057.01
2149,-0.124261,0.910118,1058.08
2150,0.0133562,0.429409,1058.25
2151,-0.119773,0.152771,1058.33
2152,0.126594,-0.532354,1058.76
2153,0.00163373,-0.791174,1059.39
2154,-0.0871614,-0.999949,1060.22
2155,-0.163013,-0.921658,1060.8
2156,-0.0450651,0.32424,1060.93
2157,-0.0961623,-0.591634,1061.18
2158,-0.0339685,0.533986,1061.5
2159,-0.230304,0.192969,1061.68
2160,0.169306,-0.995539,1063.04
2161,0.0800384,-0.477991,1063.35
2162,-0.131428,-0.904498,1063.95
2163,0.0749604,-0.612525,1064.42
2164,0.258873,-0.968119,1065.93
2165,-0.0233275,0.0302917,1065.93
2166,-0.0954403,-0.458497,1066.06
2167,0.206204,0.945578,1066.61
2168,-0.0733302,0.417531,1066.85
2169,0.0795071,0.0373939,1066.85
2170,0.182543,0.585031,1067.01
2171,-0.122488,-0.97932,1067.75
2172,0.104937,-0.765548,1068.5
2173,0.0590298,-0.580529,1068.91
2174,0.0812005,0.635821,1069.22
2175,0.133199,-0.665503,1069.86
2176,0.0629657,0.996022,1070.73
2177,-0.0802948,0.85161,1071.6
2178,0.135151,-0.922362,1072.72
2179,0.0516362,0.990102,1073.6
2180,0.0521945,0.274361,1073.65
2181,0.101668,-0.676337,1074.25
2182,-0.115757,0.388179,1074.51
2183,-0.117363,0.111021,1074.56
2184,0.115007,0.345908,1074.61
2185,-0.106405,-0.938247,1075.3
2186,-0.0712146,0.739237,1075.96
2187,-0.00442259,0.629194,1076.36
2188,-0.0219395,-0.999868,1077.32
2189,-0.097001,0.391293,1077.56
2190,0.0921956,0.18655,1077.56
2191,0.133912,-0.925893,1078.69
2192,0.196397,0.688018,1078.93
2193,-0.128551,0.853644,1079.89
2194,0.0482509,-0.954928,1080.9
2195,-0.0455045,-0.70302,1081.33
2196,0.125399,-0.980305,1082.56
2197,-0.103203,-0.427716,1082.66
2198,0.13308,-0.77642,1083.49
2199,-0.016014,0.440159,1083.7
2200,-0.0851312,-0.181033,1083.71
2201,-0.0252338,-0.750018,1084.23
2202,-0.0137032,0.977968,1085.21
2203,0.0529976,0.92624,1085.98
2204,0.141505,0.147424,1085.98
2205,0.0447973,0.0352841,1085.98
2206,0.138532,0.99793,1086.72
2207,-0.0997492,0.309952,1086.88
2208,-0.170053,-0.381928,1086.93
2209,-0.0339249,-0.632841,1087.29
2210,-0.268683,-0.90884,1087.7
2211,0.0212791,-0.997932,1088.74
2212,-0.146641,-0.971967,1089.42
2213,0.193632,-0.772556,1090.35
2214,0.101394,0.781479,1090.81
2215,-0.0191746,-0.160452,1090.83
2216,0.222527,0.224697,1090.83
2217,0.00148136,-0.89555,1091.64
2218,-0.0386176,-0.679814,1092.05
2219,0.0521336,-0.913593,1092.98
2220,-0.301543,-0.476168,1093.01
2221,0.204876,-0.636909,1093.72
2222,-0.178081,-0.899154,1094.24
2223,0.128597,-0.595189,1094.76
2224,-0.00385997,-0.51185,1095.02
2225,0.0898907,-0.9841,1096.18
2226,-0.054424,0.898298,1097.08
2227,-0.0248688,-0.122848,1097.09
2228,0.15662,-0.99993,1098.43
2229,-0.22896,-0.687816,1098.64
2230,-0.0444658,0.868916,1099.47
2231,-0.0635999,0.916611,1100.44
2232,-0.0382242,-0.938244,1101.25
2233,-0.03708,-0.807393,1101.84
2234,0.0960103,0.210843,1101.85
2235,0.0496926,0.0877447,1101.85
2236,0.0459784,0.222817,1101.88
2237,-0.0260523,-0.976377,1102.79
2238,-0.0235722,0.472831,1103.03
2239,-0.0733697,0.947042,1104.08
2240,-0.129627,-0.95339,1104.75
2241,0.0407168,0.326363,1104.84
2242,-0.156734,-0.628982,1105.06
2243,0.120314,0.324526,1105.1
2244,0.0283594,-0.520497,1105.4
2245,-0.0792785,0.0280371,1105.41
2246,-0.0627426,-0.503776,1105.61
2247,-0.0252078,-0.999882,1106.56
2248,-0.097613,0.889302,1107.53
2249,0.289961,0.536488,1107.59
2250,0.225804,-0.818481,1108.68
2251,-0.12385,-0.581531,1108.89
2252,0.163552,0.751573,1109.24
2253,0.00147397,0.972349,1110.18
2254,0.00631795,-0.642076,1110.6
2255,0.0591722,-0.0074481,1110.61
2256,0.215375,-0.864512,1111.77
2257,-0.177035,-0.271354,1111.78
2258,-0.0527162,-0.854761,1112.42
2259,-0.100374,-0.120967,1112.42
2260,-0.117987,-0.996836,1113.2
2261,0.0577471,0.367714,1113.29
2262,0.0829636,0.953187,1114.05
2263,-0.129989,0.997741,1115.32
2264,0.0865655,0.869839,1115.94
2265,-0.0784176,-0.992293,1116.77
2266,0.225821,-0.64868,1117.54
2267,-0.0391901,-0.856813,1118.2
2268,0.20783,0.665371,1118.41
2269,0.169354,0.932374,1119
2270,0.0205035,-0.0347988,1119
2271,-0.00214195,-0.568363,1119.32
2272,-0.188697,-0.5161,1119.43
2273,0.0586487,-0.953736,1120.45
2274,-0.117801,0.729662,1121.17
2275,0.114789,0.573095,1121.38
2276,0.10898,0.278635,1121.41
2277,0.218376,0.742226,1121.68
2278,-0.161691,0.891777,1122.79
2279,0.10245,-0.346016,1122.99
2280,0.0618426,0.992532,1123.86
2281,-0.0689047,-0.754317,1124.33
2282,0.135597,0.985957,1125.05
2283,0.161193,0.96734,1125.7
2284,0.00690578,0.579848,1126.03
2285,0.044568,-0.910425,1126.94
2286,0.0396706,-0.601735,1127.35
2287,-0.0815826,0.836649,1128.2
2288,-0.118983,-0.776659,1128.63
2289,-0.0688998,0.631558,1129.12
2290,-0.018356,-0.147901,1129.14
2291,-0.0713776,0.462138,1129.42
2292,-0.0785817,-0.352773,1129.5
2293,0.073141,-0.998897,1130.65
2294,0.0956567,-0.939687,1131.72
2295,0.062298,-0.982581,1132.81
2296,-0.127065,0.95585,1133.98
2297,0.144919,-0.88858,1135.05
2298,-0.0566321,-0.951227,1135.85
2299,-0.216778,0.517267,1136.39
2300,-0.0715613,0.392138,1136.61
2301,0.207978,0.963231,1137.18
2302,-0.19246,-0.997652,1137.82
2303,0.132353,0.180193,1137.83
2304,0.0911657,-0.245615,1137.94
2305,0.010995,0.776547,1138.53
2306,0.024065,-0.526313,1138.83
2307,-0.0616449,0.890904,1139.74
2308,-0.087854,0.124481,1139.78
2309,0.158053,0.0258888,1139.8
2310,0.147104,-0.376827,1140.07
2311,0.0677854,0.864623,1140.71
2312,0.125333,0.962625,1141.41
2313,0.0100671,-0.493324,1141.66
2314,0.0183596,-0.883032,1142.48
2315,-0.0477664,-0.815151,1143.06
2316,0.227403,0.827562,1143.42
2317,-0.095822,0.740243,1144.12
2318,-0.0720357,0.77587,1144.84
2319,-0.0122472,0.629096,1145.25
2320,0.13256,-0.988893,1146.51
2321,0.107084,-0.739123,1147.23
2322,-0.0310979,-0.25684,1147.28
2323,-0.121328,0.954728,1148.44
2324,0.0896347,0.860408,1149.03
2325,0.114924,-0.819316,1149.9
2326,-0.0728644,-0.781756,1150.41
2327,0.00642139,-0.301653,1150.5
2328,0.00469541,0.395204,1150.65
2329,-0.0154723,0.97331,1151.63
2330,0.0213927,-0.981968,1152.64
2331,-0.0760153,-0.117868,1152.64
2332,-0.193457,-0.819129,1153.03
2333,0.0127953,0.453683,1153.22
2334,-0.124587,-0.874752,1153.79
2335,-0.0816813,0.633939,1154.3
2336,-0.0100586,0.580282,1154.65
2337,0.101594,-0.159934,1154.72
2338,0.111194,0.912438,1155.36
2339,0.146284,0.196574,1155.36
2340,-0.243884,0.898853,1156.67
2341,0.0506078,-0.994051,1157.76
2342,-0.130212,-0.335427,1157.8
2343,-0.166608,-0.958893,1158.43
2344,0.103096,-0.320028,1158.61
2345,-0.0701327,-0.987858,1159.45
2346,0.157937,-0.892168,1160.55
2347,-0.0706099,0.439705,1160.81
2348,-0.122724,0.908568,1161.88
2349,0.0822622,-0.960126,1162.96
2350,-0.127835,-0.940773,1163.62
2351,0.0573917,-0.962504,1164.66
2352,-0.0663817,-0.0428949,1164.66
2353,0.00419648,-0.107993,1164.68
2354,-0.030421,-0.92273,1165.47
2355,-0.197979,-0.52718,1165.58
2356,0.172068,0.965419,1166.21
2357,0.111081,0.999082,1167
2358,0.157917,0.950817,1167.63
2359,-0.0592181,-0.492096,1167.82
2360,0.0335615,0.316621,1167.9
2361,0.0822448,-0.744571,1168.58
2362,0.0988925,-0.287396,1168.73
2363,-0.113078,-0.935589,1169.4
2364,-0.110084,0.63661,1169.96
2365,0.108061,0.88278,1170.56
2366,0.0770076,-0.363968,1170.76
2367,-0.0611819,-0.996751,1171.63
2368,0.184671,-0.947656,1172.91
2369,0.130449,-0.209155,1173.03
2370,-0.175739,0.617618,1173.66
2371,-0.0319264,-0.999676,1174.6
2372,0.210973,0.697995,1174.83
2373,-0.0558993,0.942014,1175.83
2374,-0.072606,-0.149294,1175.83
2375,0.0259376,0.64918,1176.22
2376,0.173719,0.384063,1176.27
2377,0.00774149,0.793559,1176.88
2378,-0.0431641,-0.759064,1177.4
2379,-0.153878,-0.167488,1177.4
2380,0.00211766,0.983725,1178.36
2381,-0.126342,-0.878483,1178.93
2382,0.121074,0.551748,1179.11
2383,-0.20679,-0.920155,1179.62
2384,0.0490799,-0.696988,1180.18
2385,0.0405657,0.991671,1181.08
2386,0.0934937,0.911257,1181.75
2387,-0.0464741,0.896795,1182.64
2388,-0.153258,-0.638422,1182.88
2389,0.0698672,-0.777031,1183.59
2390,0.151155,-0.297329,1183.79
2391,0.101553,0.997606,1184.6
2392,0.152571,-0.620857,1185.2
2393,0.172273,-0.541607,1185.71
2394,-0.194506,0.788362,1186.67
2395,0.0578261,0.337533,1186.75
2396,0.134563,-0.450964,1187.09
2397,0.200749,0.973686,1187.69
2398,-0.054306,-0.163059,1187.7
2399,0.0733962,-0.590953,1188.14
2400,0.150804,-0.992475,1189.45
2401,-0.0069578,-0.946976,1190.33
2402,0.122758,0.989425,1191.09
2403,0.0945152,0.985894,1191.88
2404,-0.233602,-0.401068,1191.91
2405,0.0872648,-0.369962,1192.12
2406,0.146372,-0.0586639,1192.16
2407,-0.148647,0.704474,1192.89
2408,0.20229,0.894794,1193.37
2409,0.0993385,-0.343354,1193.56
2410,-0.151158,0.770368,1194.41
2411,-0.0471454,-0.883978,1195.11
2412,-0.0269167,-0.79567,1195.7
2413,0.150013,0.134314,1195.7
2414,-0.142025,0.982323,1196.97
2415,-0.0290673,-0.628253,1197.33
2416,0.202709,0.00663258,1197.36
2417,-0.0442366,-0.938115,1198.16
2418,-0.127888,-0.288476,1198.19
2419,0.0906785,-0.49092,1198.53
2420,0.0258747,-0.598239,1198.92
2421,0.0874738,0.961895,1199.68
2422,0.0576567,-0.0492716,1199.69
2423,-0.0306613,-0.0308448,1199.69
2424,0.118454,0.586784,1199.91
2425,-0.0852462,-0.250744,1199.94
2426,0.143835,0.436092,1200.03
2427,-0.0715007,0.315237,1200.17
2428,0.207176,-0.450136,1200.61
2429,0.215387,0.708681,1200.85
2430,-0.0967845,0.999282,1202.05
2431,0.0416341,-0.861712,1202.87
2432,0.0987228,-0.278257,1203.01
2433,0.0368425,-0.0462126,1203.02
2434,0.0223449,-0.349246,1203.15
2435,0.0332426,-0.934812,1204.09
2436,0.0643956,0.954942,1204.88
2437,0.049533,-0.788834,1205.59
2438,0.131127,0.990394,1206.33
2439,-0.037167,-0.972837,1207.2
2440,0.102456,0.985855,1207.98
2441,0.0437562,-0.902099,1208.88
2442,-0.0594637,0.988491,1209.97
2443,0.19772,0.957834,1210.55
2444,-0.228588,0.993759,1212.05
2445,-0.0355394,-0.133977,1212.06
2446,-0.11346,0.555893,1212.5
2447,0.17651,0.208222,1212.51
2448,0.0904639,0.999147,1213.33
2449,-0.139531,-0.584575,1213.53
2450,-0.0189792,-0.816669,1214.17
2451,0.0348896,-0.989129,1215.21
2452,0.206456,0.999909,1215.84
2453,0.0798784,-0.861063,1216.73
2454,-0.12922,-0.335733,1216.77
2455,0.0681326,-0.285633,1216.9
2456,0.0704868,-0.8086,1217.67
2457,-0.0656049,-0.987353,1218.52
2458,0.0864746,0.595399,1218.78
2459,-0.0979927,0.788135,1219.56
2460,0.126958,-0.9908,1220.81
2461,-0.0510408,-0.650745,1221.17
2462,0.00946939,0.534031,1221.45
2463,-0.219477,-0.496676,1221.52
2464,0.0205295,-0.224657,1221.58
2465,0.0898062,0.305838,1221.63
2466,-0.000520446,0.993052,1222.62
2467,-0.134939,0.916786,1223.72
2468,0.131146,0.983928,1224.45
2469,-0.0236979,0.921349,1225.34
2470,-0.205518,-0.117018,1225.35
2471,0.218779,0.989961,1225.95
2472,-0.0751127,0.0622367,1225.97
2473,0.116528,-0.808823,1226.82
2474,0.0618784,0.136001,1226.83
2475,-0.202447,0.915462,1228.08
2476,0.0399092,-0.989301,1229.14
2477,-0.0914369,0.399832,1229.38
2478,-0.123234,0.954477,1230.54
2479,0.00461052,0.969566,1231.47
2480,0.0687069,-0.930408,1232.47
2481,0.0653712,-0.600179,1232.91
2482,0.0941061,0.344745,1232.98
2483,-0.00564402,0.993926,1233.97
2484,-0.0617618,0.490616,1234.28
2485,0.149613,0.360405,1234.32
2486,-0.12995,0.191554,1234.43
2487,-0.133428,0.408493,1234.72
2488,-0.0727324,-0.866666,1235.35
2489,0.00900448,0.503567,1235.6
2490,-0.0877846,-0.739514,1236.02
2491,0.22171,0.443314,1236.07
2492,0.0339071,0.571592,1236.36
2493,-0.0747912,-0.600719,1236.64
2494,-0.110718,0.980765,1237.83
2495,0.0271464,-0.497117,1238.1
2496,-0.14143,0.770714,1238.93
2497,-0.0970738,-0.931973,1239.63
2498,-0.0593754,0.992742,1240.74
2499,0.024545,0.764872,1241.29
2500,-0.0942189,0.734767,1241.97
2501,0.0411852,0.7641,1242.5
2502,0.00193838,0.760244,1243.07
2503,-0.0999296,0.483378,1243.41
2504,0.188838,-0.139884,1243.52
2505,-0.0418169,0.353584,1243.68
2506,-0.114568,-0.863324,1244.24
2507,0.110918,-0.719388,1244.93
2508,0.055832,0.332006,1245
2509,-0.133678,-0.841183,1245.5
2510,-0.121707,-0.267982,1245.52
2511,-0.0578736,0.667482,1246.05
2512,0.00846146,0.987424,1247.01
2513,0.0931176,0.856478,1247.59
2514,0.0104398,-0.316619,1247.7
2515,-0.0397788,0.996408,1248.77
2516,0.157723,0.990804,1249.47
2517,0.0705572,-0.821072,1250.26
2518,0.0573915,-0.791531,1250.98
2519,0.0141548,0.270145,1251.05
2520,-0.0918849,-0.996917,1251.87
2521,0.121083,-0.998043,1253.12
2522,0.190858,0.727357,1253.41
2523,-0.0856484,-0.995183,1254.23
2524,-0.0865167,-0.928846,1254.94
2525,0.0828356,0.874963,1255.57
2526,0.0521144,0.946241,1256.37
2527,0.223177,0.642754,1256.55
2528,-0.0867087,-0.771772,1257.01
2529,0.197915,0.99887,1257.66
2530,0.168344,-0.999215,1259.02
2531,-0.0633981,0.985324,1260.12
2532,0.0931638,-0.0807997,1260.15
2533,0.153354,0.954582,1260.79
2534,0.000486984,0.943873,1261.68
2535,-0.0689759,-0.822295,1262.25
2536,-0.162153,0.766182,1263.11
2537,0.168308,-0.0771395,1263.17
2538,0.160791,0.71005,1263.47
2539,0.0752197,0.000242812,1263.48
2540,-0.0291392,-0.989022,1264.4
2541,-0.182395,-0.936724,1264.97
2542,-0.0676701,0.641704,1265.47
2543,-0.220059,-0.0341049,1265.51
2544,-0.126208,-0.415082,1265.59
2545,0.0749326,0.809672,1266.13
2546,0.127589,0.442043,1266.23
2547,0.142808,-0.66296,1266.88
2548,-0.129261,-0.760369,1267.28
2549,-0.051396,-0.882947,1267.97
2550,0.150655,0.697972,1268.27
2551,0.0914896,-0.984391,1269.42
2552,-0.198808,0.355047,1269.73
2553,0.210167,0.971055,1270.31
2554,-0.0221083,0.799524,1270.99
2555,0.153089,0.252822,1271
2556,-0.0362789,0.71106,1271.55
2557,0.0881861,0.680628,1271.91
2558,0.151342,-0.294347,1272.1
2559,-0.0132018,-0.763604,1272.67
2560,-0.0214594,-0.9999,1273.62
2561,-0.017892,0.519624,1273.91
2562,0.06151,0.934339,1274.68
2563,0.230961,0.998034,1275.26
2564,0.172566,0.995116,1275.94
2565,-0.00352256,-0.170968,1275.97
2566,-0.065266,0.999717,1277.1
2567,0.0628901,0.40824,1277.22
2568,-0.0751231,0.463311,1277.51
2569,0.10986,0.890723,1278.12
2570,0.0628451,-0.576577,1278.53
2571,0.0111061,0.765213,1279.1
2572,0.0749353,-0.653061,1279.63
2573,-0.0916546,-0.251047,1279.65
2574,0.214362,0.429128,1279.7
2575,-0.0649789,-0.984667,1280.55
2576,0.246692,0.802615,1280.86
2577,-0.0333023,0.992198,1281.91
2578,-0.126142,-0.957552,1282.6
2579,-0.00451551,0.578601,1282.94
2580,0.134892,-0.82102,1283.85
2581,0.018165,-0.609485,1284.25
2582,0.172563,0.995184,1284.92
2583,-0.231733,0.998844,1286.44
2584,0.117414,-0.79125,1287.26
2585,-0.0988638,-0.104206,1287.26
2586,0.0721842,0.681146,1287.63
2587,0.0874214,-0.285656,1287.77
2588,-0.161753,-0.633127,1287.99
2589,-0.205195,0.993274,1289.43
2590,-0.110479,0.092188,1289.47
2591,0.00637668,0.0112966,1289.47
2592,-0.146353,-0.946234,1290.11
2593,-0.0244324,-0.0825992,1290.12
2594,0.192891,0.0511909,1290.14
2595,0.0909541,0.24432,1290.16
2596,-0.0488269,-0.751657,1290.65
2597,0.025644,-0.8475,1291.42
2598,-0.0327721,-0.996107,1292.34
2599,-0.0484606,-0.857399,1293
2600,-0.173889,-0.760422,1293.34
2601,0.173291,0.999736,1294.02
2602,0.110419,-0.184831,1294.11
2603,0.304449,0.926186,1294.5
2604,-0.264662,-0.834042,1294.82
2605,-0.131651,-0.599558,1295.04
2606,-0.0358491,0.530172,1295.36
2607,-0.14995,-0.993819,1296.07
2608,-0.0536141,0.495347,1296.38
2609,0.112164,-0.964154,1297.53
2610,0.206692,0.884103,1297.99
2611,-0.0794785,0.982687,1299.12
2612,0.14524,-0.999515,1300.43
2613,0.147725,0.974465,1301.11
2614,0.0224842,0.99179,1302.05
2615,0.0246054,-0.692111,1302.57
2616,-0.156906,0.850666,1303.58
2617,-0.00113711,0.318614,1303.69
2618,0.0921345,0.973968,1304.46
2619,0.0884802,-0.570624,1304.9
2620,-0.0710657,-0.345627,1304.97
2621,0.104762,-0.951183,1306.09
2622,-0.0124695,-0.00279901,1306.09
2623,-0.00968248,0.917174,1306.95
2624,0.01169,0.99489,1307.91
2625,-0.216822,-0.906531,1308.39
2626,-0.118081,0.99978,1309.64
2627,-0.166677,-0.187485,1309.64
2628,0.13595,-0.314488,1309.84
2629,0.0578999,0.567884,1310.1
2630,0.0987051,0.455772,1310.23
2631,0.214009,0.92643,1310.74
2632,0.128756,0.286158,1310.76
2633,-0.131214,-0.112977,1310.76
2634,0.124701,-0.968092,1311.96
2635,0.03464,0.724156,1312.43
2636,0.166173,-0.363306,1312.71
2637,-0.00416564,0.999837,1313.72
2638,-0.15776,-0.0195045,1313.74
2639,-0.0959212,-0.639676,1314.04
2640,-0.113606,0.797557,1314.87
2641,0.197835,-0.966301,1316.22
2642,-0.0582378,-0.358046,1316.31
2643,-0.0831052,0.91757,1317.31
2644,-0.0627972,0.159211,1317.36
2645,-0.131339,0.993425,1318.63
2646,0.124044,-0.972339,1319.83
2647,-0.141967,-0.0987491,1319.83
2648,0.0416145,0.74501,1320.33
2649,-0.0925608,-0.655056,1320.64
2650,-0.0980921,0.999206,1321.85
2651,0.122138,-0.997533,1323.1
2652,-0.0144029,0.384168,1323.26
2653,-0.00737864,0.387994,1323.41
2654,0.114003,0.270428,1323.44
2655,0.232234,0.331585,1323.45
2656,-0.00772709,0.9127,1324.3
2657,0.0128794,-0.9308,1325.19
2658,0.159378,0.523926,1325.32
2659,-0.0764522,0.75063,1326
2660,-0.0688454,0.557483,1326.4
2661,-0.0645063,0.906594,1327.34
2662,0.071407,0.999631,1328.2
2663,0.0324474,0.518066,1328.44
2664,-0.11297,-0.264499,1328.46
2665,-0.238233,-0.986223,1329.02
2666,-0.165211,-0.911935,1329.58
2667,0.135931,0.708724,1329.9
2668,0.00486593,0.999528,1330.89
2669,0.158385,0.314011,1330.92
2670,0.0937441,-0.916372,1331.94
2671,0.104581,-0.391516,1332.18
2672,-0.0608296,-0.743262,1332.65
2673,0.119268,0.160086,1332.65
2674,0.18576,0.608827,1332.83
2675,0.188537,0.569011,1332.98
2676,0.0848893,-0.0521212,1332.99
2677,0.119496,-0.997633,1334.24
2678,0.17364,-0.478895,1334.67
2679,-0.0770192,0.410601,1334.91
2680,0.0997732,0.52612,1335.09
2681,0.11815,0.85925,1335.64
2682,-0.0779382,0.728888,1336.29
2683,0.0468861,-0.89037,1337.17
2684,-0.0969123,-0.811962,1337.68
2685,-0.182463,-0.185772,1337.68
2686,-0.0144339,-0.878396,1338.42
2687,-0.104553,-0.993697,1339.21
2688,-0.0278941,0.063368,1339.22
2689,-0.121865,-0.392379,1339.3
2690,0.20352,-0.369258,1339.62
2691,0.11739,-0.928173,1340.72
2692,-0.0794237,0.798615,1341.49
2693,0.113018,0.253155,1341.51
2694,0.0856485,0.0765648,1341.51
2695,0.177113,-0.771513,1342.41
2696,0.158833,-0.868268,1343.46
2697,0.0347648,-0.939144,1344.41
2698,-0.044534,-0.689258,1344.83
2699,0.0874475,-0.966154,1345.94
2700,0.190826,-0.725255,1346.78
2701,0.12981,0.5612,1346.96
2702,0.0240112,-0.948199,1347.91
2703,0.132633,-0.416328,1348.21
2704,-0.0775175,-0.812892,1348.75
2705,0.0182607,0.677265,1349.18
2706,0.14884,-0.188649,1349.3
2707,0.131166,0.512601,1349.44
2708,0.176403,0.755191,1349.78
2709,-0.0203573,-0.400566,1349.92
2710,-0.112436,0.293414,1350.09
2711,0.18149,-0.512276,1350.57
2712,0.177292,-0.229978,1350.73
2713,0.0225929,0.82267,1351.38
2714,-0.159652,-0.967086,1352.03
2715,-0.0785712,-0.808033,1352.56
2716,-0.170961,-0.712665,1352.85
2717,0.100692,0.900047,1353.49
2718,0.077627,-0.960887,1354.57
2719,0.0980029,0.820696,1355.09
2720,0.0650859,-0.485223,1355.4
2721,-0.128768,0.577666,1355.89
2722,0.153208,0.927334,1356.49
2723,-0.0600565,-0.665973,1356.86
2724,-0.036143,0.699431,1357.4
2725,0.00964101,0.960537,1358.31
2726,-0.208672,-0.463662,1358.37
2727,0.153432,0.998559,1359.09
2728,-0.236948,-0.96545,1359.62
2729,0.00280713,0.989772,1360.59
2730,0.0127422,0.682049,1361.04
2731,0.120493,-0.0107245,1361.06
2732,-0.110138,0.608842,1361.57
2733,-0.129115,-0.751747,1361.96
2734,0.0146916,-0.701084,1362.47
2735,0.0106602,-0.993518,1363.48
2736,-0.269303,-0.592158,1363.58
2737,0.178718,-0.8481,1364.64
2738,0.0177379,0.789771,1365.24
2739,-0.132153,0.954642,1366.42
2740,-0.048796,0.33745,1366.57
2741,0.21527,-0.400854,1366.95
2742,0.0540182,0.468017,1367.12
2743,-0.125779,0.818704,1368.01
2744,0.160143,0.834987,1368.46
2745,0.0526808,0.979003,1369.32
2746,0.191295,-0.580517,1369.92
2747,-0.0255099,-0.964198,1370.8
2748,0.00355923,0.476665,1371.02
2749,0.0196324,0.717725,1371.51
2750,0.0915222,-0.0711268,1371.54
2751,0.0225649,0.587606,1371.86
2752,0.181178,-0.858801,1372.94
2753,-0.0200712,-0.857673,1373.64
2754,-0.151944,0.922992,1374.79
2755,-0.0135633,0.946204,1375.72
2756,-0.0432505,0.992472,1376.79
2757,-0.157193,0.115848,1376.86
2758,-0.120275,-0.627284,1377.12
2759,0.0518488,0.980351,1377.98
2760,0.229317,0.688115,1378.19
2761,-0.0698396,-0.227106,1378.22
2762,0.16212,-0.539956,1378.71
2763,-0.0811401,0.94937,1379.77
2764,-0.075257,-0.676089,1380.13
2765,0.0733287,0.199612,1380.15
2766,0.134692,0.775183,1380.56
2767,-0.0459641,0.995592,1381.64
2768,-0.0546635,-0.807682,1382.21
2769,0.176168,0.0666073,1382.22
2770,-0.208778,-0.0826402,1382.24
2771,0.227409,-0.784702,1383.26
2772,-0.0375894,-0.293559,1383.33
2773,0.0133283,0.756013,1383.88
2774,0.000897344,-0.806851,1384.53
2775,-0.247862,-0.8381,1384.88
2776,-0.169328,-0.552192,1385.03
2777,0.121571,-0.923775,1386.12
2778,0.0774376,0.105412,1386.12
2779,-0.0207861,0.786483,1386.77
2780,0.018249,-0.972822,1387.76
2781,0.0843349,0.721924,1388.16
2782,-0.0408733,0.819127,1388.9
2783,0.0858957,-0.00536952,1388.91
2784,0.131243,-0.620923,1389.48
2785,-0.0271162,0.936613,1390.4
2786,0.155645,0.586903,1390.59
2787,0.187028,0.842266,1391.02
2788,0.0991585,0.951896,1391.75
2789,0.052619,-0.268633,1391.85
2790,0.0202873,-0.677355,1392.34
2791,0.0804657,0.224147,1392.36
2792,0.00192672,-0.877451,1393.13
2793,0.108288,-0.905008,1394.16
2794,0.155095,0.311586,1394.18
2795,-0.138407,0.892149,1395.24
2796,-0.143803,0.8452,1396.22
2797,0.10934,-0.974364,1397.4
2798,0.042897,-0.359816,1397.56
2799,-0.0155254,0.122074,1397.58
2800,0.02348,0.0370169,1397.58
2801,0.151305,0.587451,1397.77
2802,0.0241297,0.50418,1398
2803,-0.0941014,0.736338,1398.69
2804,-0.0376652,-0.118901,1398.69
2805,0.232178,0.358655,1398.71
2806,-0.217448,0.984082,1400.15
2807,0.0391174,-0.603021,1400.57
2808,0.264964,0.183749,1400.57
2809,-0.0796266,0.00832836,1400.58
2810,0.0690346,0.900156,1401.27
2811,0.149068,-0.393881,1401.57
2812,0.00959339,0.320292,1401.66
2813,0.149152,-0.989642,1402.96
2814,-0.0763325,0.199226,1403.04
2815,-0.12113,-0.920298,1403.67
2816,0.236095,0.170481,1403.68
2817,-0.0102813,0.999912,1404.7
2818,-0.0677668,-0.441654,1404.84
2819,0.0403505,-0.292254,1404.95
2820,-0.130084,-0.137582,1404.95
2821,-0.0482591,-0.302253,1405.01
2822,0.223274,0.089445,1405.03
2823,0.12819,0.982128,1405.76
2824,-0.0297034,0.844197,1406.53
2825,0.13647,-0.102205,1406.58
2826,0.117067,-0.00920924,1406.6
2827,-0.0549377,0.940497,1407.59
2828,0.252066,-0.801137,1408.7
2829,-0.226819,0.391853,1409.08
2830,-0.125547,0.990085,1410.33
2831,0.058,0.349074,1410.41
2832,-0.273139,-0.947029,1410.86
2833,0.176009,0.535858,1410.99
2834,0.0471892,-0.529702,1411.33
2835,0.185616,0.408176,1411.38
2836,0.00421573,0.310148,1411.47
2837,0.00327245,0.999117,1412.46
2838,-0.14883,0.786728,1413.34
2839,-0.122843,-0.507971,1413.49
2840,0.211936,0.992695,1414.09
2841,-0.0236376,0.679276,1414.59
2842,-0.0936303,-0.978894,1415.37
2843,-0.0612848,-0.721623,1415.81
2844,0.0773451,-0.887839,1416.74
2845,0.0821235,-0.872182,1417.65
2846,-0.0202683,0.906628,1418.51
2847,0.176991,-0.0340656,1418.55
2848,-0.159102,0.123678,1418.63
2849,0.0370656,0.357849,1418.74
2850,0.1487,-0.547115,1419.22
2851,0.0467545,0.551554,1419.48
2852,-0.0263706,0.568786,1419.83
2853,0.163393,0.382513,1419.88
2854,-0.0304887,0.140879,1419.91
2855,-0.148102,-0.866484,1420.42
2856,0.181005,0.932896,1420.99
2857,-0.0423144,0.969918,1422.01
2858,-0.00877358,-0.890732,1422.79
2859,0.217751,-0.398312,1423.17
2860,0.0585557,0.741676,1423.64
2861,-0.253978,0.601975,1424.37
2862,0.272381,0.901716,1424.77
2863,-0.206035,-0.951647,1425.32
2864,-0.113004,0.996498,1426.55
2865,0.276826,0.625413,1426.68
2866,-0.0261689,-0.744768,1427.19
2867,-0.149619,0.42569,1427.52
2868,-0.02212,-0.444937,1427.7
2869,0.211187,0.995282,1428.32
2870,-0.116676,-0.462474,1428.44
2871,-0.170824,0.816533,1429.41
2872,-0.169465,0.376481,1429.71
2873,0.180747,-0.948734,1430.98
2874,-0.0345373,0.338304,1431.12
2875,-0.14882,-0.127301,1431.12
2876,0.049068,-0.786389,1431.82
2877,0.0835525,-0.476998,1432.14
2878,-0.24066,-0.968544,1432.67
2879,0.0816124,0.38979,1432.76
2880,-0.0772999,0.0926457,1432.79
2881,0.0910346,0.982091,1433.58
2882,-0.02029,0.612968,1433.98
2883,0.158331,-0.113951,1434.06
2884,0.129843,-0.562225,1434.54
2885,-0.0371489,-0.718625,1435
2886,0.0648484,-0.0363974,1435.01
2887,0.0793503,0.997462,1435.86
2888,0.13298,0.975314,1436.56
2889,0.140678,0.813881,1437.02
2890,-0.0773317,0.777831,1437.75
2891,0.0852915,0.663014,1438.08
2892,-0.0896453,-0.148908,1438.09
2893,0.100385,-0.596393,1438.57
2894,0.228134,-0.0921081,1438.67
2895,-0.0210875,0.53777,1438.99
2896,-0.153103,0.855529,1440
2897,-0.0728019,-0.389079,1440.1
2898,0.139163,-0.379391,1440.37
2899,-0.0345092,-0.991811,1441.29
2900,-0.172779,-0.978531,1441.94
2901,0.126225,0.793618,1442.38
2902,-0.108025,0.993561,1443.6
2903,0.114816,-0.969948,1444.77
2904,0.172879,-0.753456,1445.63
2905,-0.186569,0.270252,1445.84
2906,0.0507862,-0.992758,1446.93
2907,0.115978,-0.926385,1448.02
2908,-0.139992,-0.178767,1448.02
2909,-0.00801569,-0.918494,1448.85
2910,-0.104566,0.868093,1449.79
2911,0.0602988,0.46622,1449.96
2912,-0.166916,0.6547,1450.63
2913,-0.211181,-0.967495,1451.21
2914,0.192255,0.549656,1451.33
2915,-0.0925486,-0.233328,1451.35
2916,0.0505047,-0.302116,1451.48
2917,0.143924,-0.975004,1452.73
2918,0.0451366,-0.384116,1452.91
2919,0.0548392,0.922517,1453.67
2920,-0.00286707,-0.571834,1453.99
2921,-0.170012,-0.356976,1454.02
2922,0.243341,0.994498,1454.59
2923,0.124121,0.806747,1455.06
2924,0.0580455,0.00407885,1455.06
2925,-0.0307576,-0.403003,1455.2
2926,-0.0796376,-0.942113,1455.94
2927,0.138954,-0.981316,1457.2
2928,0.040078,-0.622836,1457.63
2929,-0.125497,0.0297286,1457.66
2930,-0.0997118,0.99036,1458.85
2931,-0.000408652,-0.221253,1458.9
2932,-0.00235339,-0.241909,1458.95
2933,0.226826,0.999992,1459.55
2934,-0.179241,-0.978254,1460.19
2935,-0.113029,0.845987,1461.11
2936,0.0887227,-0.927372,1462.14
2937,0.174058,0.934503,1462.72
2938,0.0880947,0.93671,1463.44
2939,-0.0978845,-0.890618,1464.07
2940,0.0104426,0.96527,1464.98
2941,0.0116724,-0.998006,1466
2942,0.0668054,-0.997647,1467.13
2943,0.206153,-0.493252,1467.62
2944,-0.0573802,-0.490119,1467.81
2945,0.22908,0.891319,1468.25
2946,0.174433,-0.741965,1469.09
2947,-0.139889,-0.466549,1469.19
2948,0.127065,0.987947,1469.94
2949,0.16509,-0.922169,1471.12
2950,-0.198677,0.552841,1471.68
2951,-0.0217189,0.239234,1471.75
2952,0.092465,0.196933,1471.76
2953,-0.229496,-0.986316,1472.33
2954,-0.0426929,-0.994868,1473.24
2955,0.0669619,-0.376205,1473.44
2956,0.00169106,0.277099,1473.51
2957,-0.0203746,0.976369,1474.51
2958,-0.265298,-0.973847,1475.01
2959,-0.0656822,0.488219,1475.32
2960,-0.07644,0.137589,1475.36
2961,-0.174712,0.382983,1475.67
2962,0.00283628,0.00426416,1475.67
2963,-0.107961,-0.121599,1475.67
2964,0.0411404,-0.278109,1475.77
2965,-0.0705814,0.24605,1475.87
2966,0.211829,-0.998384,1477.34
2967,-0.0473968,0.793679,1478.05
2968,-0.129577,-0.119851,1478.05
2969,0.12142,-0.654346,1478.65
2970,-0.0870302,-0.91235,1479.33
2971,0.0379303,-0.527192,1479.65
2972,-0.0659773,0.947586,1480.68
2973,-0.137632,-0.552458,1480.85
2974,0.0718416,0.994465,1481.7
2975,0.126607,-0.16772,1481.79
2976,-0.0171287,0.736947,1482.35
2977,0.0455067,-0.900526,1483.25
2978,0.0241367,-0.119467,1483.27
2979,0.0789976,-0.765989,1483.98
2980,-0.00540174,-0.953842,1484.88
2981,-0.115702,0.425427,1485.18
2982,-0.129404,-0.0328511,1485.19
2983,0.165212,0.699017,1485.47
2984,-0.173541,-0.626828,1485.68
2985,-0.127867,-0.229615,1485.69
2986,0.185942,-0.0719812,1485.75
2987,0.180697,0.999921,1486.42
2988,-0.192027,-0.702554,1486.69
2989,0.210501,0.982191,1487.28
2990,-0.190746,-0.750033,1487.59
2991,0.0361469,0.101883,1487.6
2992,0.159017,0.986482,1488.28
2993,-0.051698,0.713465,1488.87
2994,0.0694114,0.858226,1489.49
2995,0.140312,0.641858,1489.74
2996,0.0132511,0.672874,1490.18
2997,0.0465656,-0.844623,1490.97
2998,-0.0836456,-0.198302,1490.98
2999,0.0686325,0.651758,1491.32
