t,predict_test,teacher
501,-0.25498,-0.9929,0.544526
502,-0.265894,-0.999606,1.08286
503,-0.0463317,0.78707,1.77742
504,-0.0623246,-0.560234,2.02533
505,0.360892,0.864917,2.27937
506,0.258413,-0.394621,2.70583
507,0.0680522,0.854184,3.32383
508,0.573228,0.259562,3.42222
509,0.448727,0.639818,3.45873
510,0.516084,0.987378,3.68085
511,-0.0317908,-0.986193,4.59173
512,-0.113401,-0.818539,5.08895
513,0.222248,0.84784,5.48032
514,0.112198,0.997766,6.26455
515,-0.231472,-0.60421,6.40348
516,-0.0775162,-0.443329,6.5373
517,0.213295,0.8974,7.0053
518,-0.0544879,-0.37668,7.10911
519,0.258168,-0.916058,8.48791
520,0.359839,0.765823,8.65274
521,0.407277,0.992573,8.99531
522,-0.371845,-0.815957,9.19255
523,-0.512592,-0.910749,9.35107
524,0.332478,0.967945,9.75489
525,0.494697,0.876374,9.90057
526,-0.343194,-0.379577,9.90189
527,-0.10122,-0.0184242,9.90875
528,0.602383,0.371289,9.96215
529,0.723398,0.130761,10.3134
530,0.203726,0.843166,10.7223
531,0.344625,-0.566828,11.553
532,0.294386,0.994829,12.0436
533,0.0943413,-0.066163,12.0694
534,0.149227,0.999936,12.7931
535,-0.0622318,-0.83318,13.3875
536,-0.490833,-0.980787,13.6275
537,0.0063794,-0.989322,14.6189
538,0.296187,0.150316,14.6402
539,0.503933,0.808543,14.733
540,-0.170217,-0.983982,15.3952
541,-0.496335,-0.99823,15.6471
542,0.054792,0.612499,15.9581
543,0.428864,0.720176,16.043
544,-0.333185,-0.645917,16.1408
545,0.125659,0.589357,16.3558
546,-0.243415,-0.553098,16.4517
547,-0.480555,-0.863135,16.5981
548,-0.346584,-0.791024,16.7956
549,-0.547015,-0.704147,16.8203
550,-0.293827,-0.992233,17.3081
551,0.0897803,0.840193,17.8712
552,0.287293,-0.0383016,17.9772
553,-0.285486,0.914426,19.417
554,0.026396,-0.607163,19.8184
555,0.341678,0.490904,19.8407
556,0.373582,-0.573125,20.7369
557,-0.0461989,0.608676,21.1658
558,-0.299043,-0.0478438,21.2289
559,-0.244347,-0.0708676,21.259
560,0.165831,0.344546,21.2909
561,-0.287991,-0.207915,21.2973
562,-0.0372107,-0.737566,21.7878
563,-0.0465428,-0.907927,22.5298
564,-0.136862,-0.760011,22.9181
565,-0.241241,0.878192,24.1713
566,-0.157157,0.794668,25.0772
567,-0.410118,-0.283295,25.0933
568,-0.915613,-0.135317,25.7022
569,-1.03304,-0.989192,25.7041
570,-0.894434,-0.960891,25.7085
571,-0.711844,-0.0267295,26.1779
572,-0.286624,-0.834779,26.4784
573,0.008341,-0.849606,27.2144
574,0.185539,0.930522,27.7694
575,-0.129246,-0.467724,27.884
576,-0.276251,-0.996608,28.4029
577,0.383568,0.463144,28.4093
578,0.449424,-0.967521,30.417
579,0.246813,0.159916,30.4245
580,-0.209835,-0.759503,30.7267
581,0.339283,0.896672,31.0374
582,0.720648,0.981337,31.1053
583,0.232704,0.712859,31.3359
584,-0.0170702,-0.245191,31.3879
585,-0.119318,-0.586399,31.6061
586,0.086118,0.219872,31.624
587,0.549085,0.765498,31.6708
588,0.518647,0.520366,31.6708
589,0.449545,0.266888,31.7042
590,-0.220981,-0.500808,31.7825
591,-0.468738,-0.976856,32.0406
592,0.0174455,-0.262491,32.119
593,0.44596,0.336012,32.1311
594,0.216944,0.140905,32.1369
595,0.0384736,0.615799,32.4702
596,0.223888,0.883393,32.9051
597,0.365756,0.978529,33.2806
598,0.571991,0.979419,33.4466
599,0.390245,-0.385403,34.0482
600,-0.0612195,0.166729,34.1002
601,-0.0960439,-0.306805,34.1446
602,0.633277,0.861754,34.1968
603,0.925416,0.386428,34.4873
604,-0.0939994,0.393016,34.7245
605,-0.429843,-0.967214,35.0133
606,-0.348013,-0.509059,35.0392
607,-0.0555917,0.785662,35.7469
608,-0.0619229,0.793974,36.4795
609,0.472116,0.731263,36.5467
610,0.754344,0.245395,36.8057
611,0.699829,0.632835,36.8102
612,0.257148,0.974436,37.3247
613,-0.315822,-0.999969,37.7927
614,0.0107481,-0.0627174,37.7981
615,0.477501,0.549989,37.8034
616,0.124345,-0.258563,37.95
617,-0.129678,-0.0623223,37.9545
618,-0.322257,-0.91063,38.3007
619,0.314698,0.860459,38.5986
620,0.661616,0.945328,38.6791
621,0.542239,0.894536,38.8032
622,0.107948,0.889766,39.4144
623,-0.0122364,-0.416024,39.5775
624,-0.235439,0.996873,41.0961
625,0.448952,0.908846,41.3076
626,0.213055,0.504158,41.3923
627,-0.199967,-0.467388,41.4638
628,-0.750019,0.0572351,42.1155
629,-0.388869,-0.789978,42.2764
630,-0.434855,-0.992025,42.5868
631,-0.391936,-0.549165,42.6115
632,0.0590433,0.232387,42.6416
633,0.421272,0.622088,42.6819
634,-0.0844197,-0.81963,43.2224
635,-0.47182,0.014262,43.4587
636,0.207965,0.694522,43.6954
637,0.429378,0.311134,43.7094
638,0.330921,0.693211,43.8407
639,-0.0604752,0.617532,44.3004
640,-0.414985,-0.820351,44.4647
641,-0.350666,-0.656769,44.5584
642,-0.145126,-0.395029,44.6208
643,0.160684,-0.371323,44.9039
644,-0.2468,0.0689561,45.0036
645,-0.0323481,-0.746964,45.5143
646,0.304513,0.960306,45.9443
647,0.613321,0.965939,46.0687
648,-0.621622,-0.987985,46.2029
649,-0.135071,-0.990446,46.9345
650,0.105583,0.133182,46.9353
651,-0.434221,-0.169716,47.0053
652,-0.390984,0.200177,47.3547
653,-0.674464,-0.393141,47.4339
654,-0.63244,-0.623184,47.434
655,-0.213195,0.584213,48.0698
656,-0.16756,-0.94317,48.6714
657,-0.344418,0.752043,49.8736
658,0.319443,0.583263,49.9432
659,0.367551,0.224772,49.9636
660,0.502092,0.999903,50.2114
661,0.128983,0.978834,50.9337
662,-0.0776593,-0.551509,51.1582
663,-0.404043,0.284766,51.6327
664,-0.298857,-0.719819,51.8099
665,0.323872,-0.554146,52.5808
666,0.48022,0.294737,52.6152
667,-0.485549,-0.662718,52.6466
668,-0.00607201,0.805795,53.3057
669,0.18968,0.760738,53.6318
670,0.0532955,-0.645833,54.1206
671,-0.208005,0.964824,55.4961
672,-0.271991,-0.982217,56.0005
673,0.155095,-0.910203,57.1354
674,0.0309863,0.845237,57.7984
675,-0.373559,-0.25808,57.8117
676,0.0356611,0.956923,58.6605
677,0.359715,0.896532,58.9486
678,-0.0815625,-0.803429,59.4697
679,0.0551934,0.69432,59.8782
680,0.172555,0.0481632,59.8937
681,0.284909,-0.99881,61.5416
682,0.260516,0.97861,62.0573
683,-0.42554,-0.113572,62.1546
684,0.107347,0.235759,62.1711
685,0.43598,0.243113,62.2083
686,0.493419,0.553885,62.212
687,0.163524,-0.904762,63.3532
688,-0.0506296,-0.955495,64.172
689,0.0574622,0.220896,64.1987
690,-0.0607987,0.436357,64.4458
691,-0.648525,-0.0582179,64.7943
692,-0.44128,-0.892872,64.9982
693,-0.657674,-0.689041,64.9992
694,-0.0758474,-0.311784,65.0549
695,0.306393,-0.76896,66.2113
696,0.126076,0.468615,66.3286
697,0.332463,-0.925839,67.9119
698,0.560647,0.9057,68.031
699,0.644498,0.671887,68.0317
700,0.138953,-0.474281,68.4078
701,-0.870614,-0.0392607,69.0989
702,-0.262071,-0.853438,69.4487
703,0.322791,0.426557,69.4594
704,0.337121,0.829247,69.7016
705,0.421036,0.366078,69.7046
706,0.227812,0.842357,70.0823
707,0.236261,0.76692,70.3639
708,0.233818,-0.759271,71.3501
709,-0.397292,-0.898397,71.6012
710,0.0196607,0.747033,72.1303
711,-0.236992,0.499146,72.6722
712,-0.477802,-0.501342,72.6728
713,-0.478386,-0.464754,72.6729
714,-0.472963,-0.704226,72.7264
715,-0.297903,-0.0675834,72.7795
716,0.00884591,0.262056,72.8436
717,-0.0860476,-0.757009,73.2938
718,0.0411951,-0.060937,73.3042
719,-0.0274717,0.944418,74.2488
720,-0.282912,-0.798008,74.5141
721,-0.305922,-0.929727,74.9032
722,-0.289833,-0.171744,74.9172
723,0.173588,0.800359,75.31
724,0.325105,0.996798,75.7612
725,-0.282882,-0.95297,76.2102
726,-0.115064,-0.210976,76.2194
727,-0.125587,-0.997611,76.9798
728,-0.79375,-0.703005,76.9881
729,-0.491791,-0.991237,77.2375
730,0.447159,0.208006,77.2947
731,0.935616,0.907174,77.2955
732,0.599559,0.709192,77.3075
733,0.406562,-0.990462,79.2592
734,0.194441,0.975019,79.8685
735,0.398687,0.199349,79.9083
736,-0.387065,-0.77814,80.0612
737,-0.740702,-0.53019,80.1055
738,-0.054568,-0.854299,80.7451
739,0.269246,0.60654,80.8589
740,-0.323282,-0.997172,81.313
741,-0.261735,0.273141,81.5991
742,0.269227,0.176005,81.6078
743,0.765547,0.380983,81.7557
744,-0.0554843,0.340195,81.9122
745,0.147688,0.0229516,81.9278
746,-0.0294118,-0.846894,82.596
747,-0.696469,-0.139471,82.9063
748,-0.73947,-0.0916846,83.3259
749,-0.367883,-0.999906,83.7254
750,-0.445015,-0.0387185,83.8905
751,-0.647982,-0.301526,84.0105
752,-0.00297379,0.564716,84.3328
753,-0.255292,-0.803663,84.6335
754,-0.302544,-0.939036,85.0386
755,0.214298,0.0576232,85.0631
756,-0.185157,0.613297,85.7007
757,-0.255766,-0.800195,85.9971
758,-0.478704,-0.8142,86.1096
759,0.486169,0.0934529,86.2639
760,0.664004,0.970552,86.3578
761,0.615414,-0.967123,88.8622
762,-0.0440393,0.240341,88.9431
763,-0.465332,-0.203964,89.0114
764,0.101726,-0.821381,89.8636
765,0.106138,0.0355167,89.8685
766,0.163441,0.362515,89.9082
767,0.141023,0.451759,90.0047
768,0.54351,0.547946,90.0048
769,0.163474,0.991017,90.6896
770,0.345671,0.335244,90.6897
771,0.294891,0.70678,90.8593
772,0.0123947,-0.399044,91.0286
773,0.211928,0.999383,91.6487
774,-0.118582,-0.16707,91.6511
775,-0.349146,-0.777497,91.8345
776,-0.293356,-0.0171971,91.9108
777,0.357769,0.820997,92.1254
778,0.379763,0.977134,92.4822
779,0.299576,-0.383228,92.9485
780,-0.306322,0.99485,94.6415
781,-0.348627,-0.999676,95.0654
782,-0.924601,-0.656714,95.1371
783,-0.848553,-0.351403,95.3843
784,-0.636936,-0.962165,95.4901
785,0.212016,0.30939,95.4996
786,0.750558,0.999684,95.5616
787,0.712833,0.886615,95.5918
788,0.204817,0.992465,96.2122
789,-0.139381,-0.912675,96.8102
790,0.039149,0.667638,97.2052
791,0.313543,0.998468,97.6743
792,0.102458,0.511063,97.8413
793,-0.0985833,-0.84534,98.3989
794,-0.06084,0.125297,98.4336
795,0.202759,0.940027,98.9771
796,0.2065,-0.913445,100.231
797,-0.0425381,0.422799,100.448
798,0.125731,0.65642,100.73
799,-0.148022,-0.885842,101.274
800,-0.600801,-0.994683,101.429
801,0.18629,0.929269,101.981
802,0.263113,0.999059,102.523
803,-0.0387539,-0.777227,103.068
804,0.149966,0.520338,103.205
805,-0.196916,-0.779858,103.545
806,-0.354689,-0.918694,103.863
807,0.317279,0.996592,104.325
808,0.489509,0.653882,104.352
809,0.30048,-0.0930373,104.507
810,-0.296043,-0.629396,104.618
811,-0.0854056,-0.961527,105.385
812,0.113469,0.715959,105.748
813,0.110752,-0.490448,106.11
814,-0.345385,-0.77839,106.297
815,-0.195828,-0.808436,106.672
816,0.192214,0.926985,107.212
817,-0.0988753,0.423259,107.485
818,-0.0303818,-0.149722,107.499
819,0.0979024,0.0224076,107.505
820,0.403922,0.603618,107.545
821,0.206032,-0.621229,108.229
822,0.44557,0.234405,108.274
823,0.20864,0.843726,108.677
824,-0.000963109,-0.965735,109.608
825,0.108368,0.994003,110.392
826,0.15061,-0.208622,110.521
827,-0.209021,-0.646715,110.713
828,-0.120217,-0.366529,110.773
829,0.393205,-0.242869,111.178
830,0.566034,0.408932,111.203
831,-0.102612,-0.245156,111.223
832,-0.197194,-0.998124,111.865
833,0.337243,0.656537,111.967
834,0.565111,0.976008,112.135
835,0.14847,0.557897,112.303
836,0.101959,-0.238688,112.419
837,0.525681,0.941306,112.592
838,0.0931022,0.591558,112.84
839,0.110782,-0.968142,114.004
840,0.422143,0.988645,114.325
841,-0.202753,0.640486,115.036
842,0.423653,0.341026,115.043
843,0.324272,0.766543,115.239
844,0.761703,0.0215073,115.787
845,0.289824,0.639265,115.909
846,-0.436832,-0.152041,115.99
847,-0.0456184,0.782515,116.676
848,0.25517,0.640633,116.824
849,-0.0631298,-0.822075,117.4
850,-0.149642,0.9462,118.601
851,-0.271237,-0.637528,118.735
852,-0.456806,-0.313416,118.756
853,-0.659742,-0.995236,118.868
854,-0.438638,-0.93204,119.112
855,-0.0364097,0.844743,119.888
856,0.218104,0.586425,120.024
857,-0.0161256,-0.539688,120.298
858,-0.527818,-0.937874,120.466
859,-0.196837,-0.860074,120.906
860,-0.722074,-0.556877,120.933
861,-0.357282,-0.165311,120.97
862,0.319524,0.995743,121.427
863,0.530962,0.997804,121.645
864,0.0297467,-0.538189,121.968
865,-0.354064,-0.0690893,122.049
866,0.073425,0.973001,122.858
867,0.534347,0.452113,122.865
868,0.452455,0.526844,122.871
869,-0.3391,-0.666025,122.978
870,-0.397374,-0.883613,123.214
871,-0.17804,-0.996727,123.884
872,-0.141296,0.901889,124.972
873,0.146399,-0.0108198,124.997
874,0.422554,0.787636,125.13
875,0.472373,0.532011,125.134
876,0.0131124,0.274856,125.203
877,-0.052738,-0.965916,126.036
878,-0.192273,0.959442,127.363
879,-0.0101926,-0.649367,127.771
880,-0.123902,0.968369,128.964
881,0.0226003,-0.90938,129.833
882,-0.0466559,-0.275866,129.886
883,-0.41821,-0.950262,130.169
884,-0.00773298,0.311576,130.271
885,0.147197,0.283055,130.289
886,-0.189563,-0.854542,130.731
887,-0.44123,-0.918749,130.959
888,-0.430259,-0.998716,131.282
889,-0.238386,-0.484979,131.343
890,-0.20811,0.363362,131.67
891,0.0657348,0.609774,131.966
892,0.439741,0.916092,132.193
893,-0.0742918,-0.854976,132.802
894,0.148378,0.775968,133.196
895,-0.183579,-0.39565,133.241
896,-0.446149,-0.170024,133.317
897,0.026456,0.935684,134.144
898,0.0495167,0.941694,134.94
899,0.0627871,-0.917914,135.902
900,0.0750001,0.918721,136.614
901,-0.133793,-0.998843,137.362
902,0.056472,0.436078,137.506
903,0.237259,-0.537612,138.106
904,-0.285989,0.504358,138.731
905,-0.00123343,0.681698,139.197
906,-0.229037,-0.676363,139.398
907,-0.285644,-0.255759,139.398
908,-0.28769,0.986711,141.023
909,-0.590814,-0.971417,141.167
910,0.036081,-0.32697,141.299
911,0.213722,0.778124,141.618
912,0.0163589,-0.934184,142.521
913,0.0499999,0.732496,142.987
914,-0.503732,-0.96293,143.198
915,-0.641374,-0.456586,143.232
916,-0.66573,-0.139903,143.509
917,-0.0651196,0.876184,144.395
918,0.696319,0.99713,144.485
919,0.747199,0.567354,144.518
920,0.123391,0.921468,145.154
921,-0.430443,-0.997135,145.476
922,-0.319655,-0.522178,145.517
923,-0.111041,0.97416,146.694
924,0.116019,-0.815337,147.562
925,0.38285,0.645174,147.631
926,0.0698486,0.406655,147.744
927,-0.03993,-0.961602,148.593
928,0.263268,0.999631,149.136
929,0.574295,0.987157,149.306
930,0.423602,0.669891,149.367
931,-0.503058,-0.735549,149.421
932,-0.0594022,0.688253,149.98
933,0.203078,-0.497127,150.47
934,0.266288,0.978355,150.977
935,0.366349,-0.263229,151.374
936,0.460949,0.67473,151.419
937,0.313056,0.451084,151.438
938,-0.422386,-0.258088,151.465
939,-0.196933,-0.840028,151.879
940,-0.303658,0.680054,152.847
941,-0.0745644,-0.997765,153.699
942,-0.204024,0.711084,154.536
943,0.387075,-0.380021,155.125
944,-0.206537,-0.477591,155.198
945,-0.409377,-0.150289,155.265
946,-0.38472,0.120047,155.52
947,-0.14794,-0.0762883,155.525
948,-0.464611,-0.9886,155.8
949,-0.788918,-0.905949,155.813
950,-0.340327,0.120478,156.026
951,-0.564071,-0.00248477,156.341
952,-0.511085,-0.976593,156.558
953,0.148855,-0.373889,156.831
954,0.71574,0.322167,156.986
955,0.0237543,0.887488,157.732
956,-0.114073,-0.671967,158.043
957,0.263852,0.899893,158.448
958,0.44797,1,158.753
959,0.120015,0.587645,158.971
960,0.536251,0.951905,159.144
961,0.255455,0.774298,159.413
962,0.573925,0.623625,159.416
963,0.194384,-0.169167,159.548
964,0.0730777,-0.208015,159.627
965,-0.370173,0.434377,160.274
966,-0.200697,-0.904587,160.77
967,-0.59188,-0.138978,160.975
968,-0.468501,-0.386633,160.981
969,-0.27879,-0.637597,161.11
970,0.215183,0.258974,161.112
971,-0.284109,-0.992894,161.615
972,-0.45654,-0.763779,161.709
973,-0.415663,0.159876,162.04
974,-0.264266,-0.761594,162.287
975,-0.229322,0.49445,162.811
976,-0.226894,-0.999919,163.409
977,0.08905,0.568081,163.638
978,0.0766283,-0.0882939,163.666
979,-0.144337,0.42669,163.992
980,0.133681,0.339021,164.034
981,0.429325,0.380348,164.036
982,-0.238429,-0.989739,164.601
983,-0.0707831,0.919332,165.581
984,-0.245272,-0.773839,165.86
985,-0.465708,-0.892944,166.043
986,-0.959211,-0.881629,166.049
987,-0.486729,-0.813371,166.156
988,0.0173262,-0.975143,167.141
989,-0.37531,0.236183,167.515
990,-0.020597,-0.869294,168.235
991,0.346438,0.181165,168.262
992,0.544311,0.671266,168.278
993,0.091542,-0.748021,168.983
994,-0.472352,-0.928799,169.191
995,-0.224929,-0.936052,169.697
996,-0.157744,0.999506,171.036
997,0.0917241,-0.994371,172.216
998,-0.375417,0.967058,174.018
999,-0.087228,-0.946813,174.757
1000,0.065469,0.955399,175.549
1001,-0.243664,-0.219293,175.55
1002,-0.0964407,0.46197,175.862
1003,-0.652639,-0.999859,175.982
1004,-0.585238,-0.450661,176
1005,-0.14014,0.813913,176.91
1006,0.190724,-0.743993,177.784
1007,0.0989149,0.970403,178.544
1008,0.116855,-0.599781,179.057
1009,0.446443,0.831264,179.205
1010,0.145331,0.494166,179.327
1011,-0.293622,-0.398006,179.338
1012,-0.457346,-0.954326,179.585
1013,-0.0261906,0.990425,180.618
1014,0.043401,0.224986,180.651
1015,0.518863,0.0517132,180.87
1016,0.0408365,-0.75535,181.503
1017,-0.0719335,-0.373356,181.594
1018,-0.363023,0.00567394,181.73
1019,-0.46658,-0.740452,181.805
1020,-0.425691,-0.88163,182.013
1021,0.0166381,0.127272,182.025
1022,0.224426,-0.807696,183.091
1023,0.22687,0.450096,183.14
1024,-0.153008,-0.999995,183.858
1025,0.100651,0.0707439,183.859
1026,0.323118,0.903392,184.195
1027,0.177086,0.996787,184.867
1028,0.276049,-0.725509,185.871
1029,0.0565198,0.645191,186.217
1030,0.151401,0.982808,186.908
1031,-0.403454,-0.823715,187.085
1032,-0.246091,-0.681273,187.274
1033,-0.160181,-0.12819,187.275
1034,-0.17615,0.1127,187.359
1035,-0.167728,-0.871091,187.853
1036,0.022188,0.31544,187.939
1037,0.480232,0.940127,188.151
1038,0.412485,0.837437,188.332
1039,0.105393,0.861919,188.904
1040,0.0838733,0.00695223,188.91
1041,-0.554178,-0.804609,188.973
1042,-0.38354,-0.968829,189.315
1043,-0.368427,-0.74094,189.454
1044,-0.449322,-0.14919,189.544
1045,-0.154341,-0.991358,190.245
1046,0.776119,0.430852,190.364
1047,0.100706,0.192738,190.372
1048,0.184945,-0.336406,190.644
1049,0.387006,0.337046,190.646
1050,0.607465,0.981925,190.787
1051,-0.253208,-0.890765,191.193
1052,-0.359477,-0.584349,191.244
1053,0.0339109,0.611278,191.577
1054,0.132636,0.978009,192.292
1055,-0.287699,-0.98912,192.784
1056,-0.428175,-0.740664,192.881
1057,-0.458642,-0.950698,193.124
1058,-0.443,-0.8502,193.289
1059,0.249187,0.845631,193.645
1060,0.13213,0.929153,194.28
1061,0.240007,0.971571,194.816
1062,-0.597521,-0.750021,194.839
1063,-0.725727,-0.349109,194.981
1064,-0.571248,-0.142213,195.165
1065,-0.27169,-0.360168,195.173
1066,-0.223147,0.439203,195.611
1067,-0.140357,-0.45,195.707
1068,0.0105248,0.999918,196.686
1069,-0.24144,0.762978,197.695
1070,-0.206357,-1,198.325
1071,-0.821194,-0.547313,198.4
1072,-0.579278,-0.852222,198.474
1073,-0.492747,0.447364,199.358
1074,-0.384702,-0.781867,199.516
1075,-0.677917,-0.945871,199.588
1076,-0.474077,-0.637539,199.614
1077,0.00522907,0.341973,199.728
1078,0.0679927,0.985463,200.569
1079,0.151,0.273961,200.585
1080,0.462015,0.995699,200.869
1081,0.428495,0.979668,201.173
1082,-0.134452,0.772518,201.996
1083,0.249688,0.677774,202.179
1084,0.517145,0.961824,202.377
1085,0.598574,0.944901,202.497
1086,-0.360137,-0.80701,202.696
1087,0.421693,0.818818,202.854
1088,0.56378,0.46475,202.864
1089,0.241899,-0.463704,203.362
1090,-0.172093,0.835452,204.377
1091,-0.289917,-0.150471,204.396
1092,-0.0180279,0.0785298,204.406
1093,0.265703,0.644452,204.549
1094,0.38407,-0.25259,204.955
1095,0.148581,-0.679888,205.641
1096,-0.269503,0.90256,207.015
1097,-0.260423,-0.56762,207.109
1098,0.251604,0.542774,207.194
1099,0.478391,0.717244,207.251
1100,0.331936,0.997855,207.694
1101,-0.372115,-0.952851,208.031
1102,0.172551,0.871888,208.521
1103,0.250795,0.976578,209.047
1104,0.0399701,-0.964686,210.057
1105,-0.194456,-0.0849704,210.069
1106,-0.678124,-0.916565,210.126
1107,-0.277501,-0.950499,210.578
1108,0.136427,0.992654,211.312
1109,0.289038,0.207965,211.318
1110,0.0750906,0.867002,211.945
1111,-0.498483,-0.857346,212.074
1112,0.135501,0.480904,212.193
1113,0.48256,0.981134,212.442
1114,0.231965,-0.950295,213.84
1115,0.248472,0.353855,213.851
1116,-0.329904,-0.596561,213.922
1117,-0.591725,-0.554793,213.923
1118,-0.322969,0.676557,214.922
1119,0.216063,0.835907,215.306
1120,0.61644,0.757925,215.327
1121,0.397461,0.608009,215.371
1122,-0.0910601,0.779907,216.129
1123,-0.170538,-0.999526,216.817
1124,-0.660974,-0.670443,216.817
1125,-0.96868,-0.995113,216.817
1126,-0.15825,0.675338,217.512
1127,0.484838,0.105706,217.656
1128,0.295455,0.23831,217.659
1129,0.295636,0.434609,217.679
1130,0.735076,0.149774,218.021
1131,0.846572,0.14167,218.518
1132,0.150988,0.973772,219.195
1133,-0.297201,-0.949222,219.62
1134,-0.63681,-0.780597,219.641
1135,-0.68904,-0.406829,219.721
1136,-0.120743,0.945201,220.857
1137,0.0557488,-0.628173,221.324
1138,-0.280608,-0.598695,221.426
1139,-0.271987,-0.272808,221.426
1140,-0.607274,-0.677834,221.431
1141,-0.759826,-0.269437,221.671
1142,-0.0357848,-0.502253,221.889
1143,0.365699,0.918114,222.194
1144,0.241754,1,222.769
1145,0.0680849,-0.899846,223.706
1146,-0.0536412,0.735858,224.329
1147,0.44498,0.630085,224.363
1148,0.532482,0.935545,224.526
1149,-0.0572236,-0.109079,224.528
1150,-0.35152,0.523049,225.293
1151,-0.776844,-0.33399,225.489
1152,-0.756864,-0.537232,225.538
1153,-0.454944,-0.758179,225.63
1154,-0.139817,0.989389,226.905
1155,0.0830767,-0.341552,227.085
1156,0.341194,0.644687,227.177
1157,0.452664,0.999985,227.477
1158,-0.0306644,0.204143,227.532
1159,0.244477,-0.862608,228.757
1160,0.102628,0.996978,229.557
1161,0.278306,0.906597,229.952
1162,-0.228602,-0.919505,230.429
1163,-0.360652,-0.520328,230.455
1164,-0.249542,0.291891,230.748
1165,-0.311747,-0.385234,230.753
1166,-0.122529,-0.754509,231.153
1167,0.284541,0.68175,231.311
1168,0.159065,-0.631286,231.935
1169,0.259097,0.218203,231.937
1170,0.091503,-0.0100216,231.947
1171,-0.520838,-0.666004,231.968
1172,0.0848995,0.83428,232.53
1173,0.356047,0.602732,232.591
1174,0.489373,0.353778,232.609
1175,0.161069,0.830713,233.058
1176,0.0367011,-0.674288,233.563
1177,0.302534,0.327207,233.564
1178,0.257044,0.91663,233.999
1179,-0.0788611,-0.910809,234.691
1180,-0.101971,0.98962,235.882
1181,-0.0383422,0.444916,236.116
1182,0.414316,0.688092,236.191
1183,0.358585,0.976466,236.573
1184,0.528945,0.980584,236.777
1185,0.342918,0.752704,236.945
1186,0.304329,0.992334,237.418
1187,-0.0421284,0.995622,238.495
1188,-0.552263,-0.233829,238.596
1189,-0.947444,-0.601741,238.716
1190,-0.737846,-0.989421,238.779
1191,-0.171208,-0.529222,238.907
1192,-0.15154,0.983229,240.195
1193,0.207644,-0.991149,241.632
1194,0.128146,0.728609,241.993
1195,0.699084,0.960504,242.061
1196,0.307113,0.43984,242.079
1197,-0.167918,-0.0672183,242.089
1198,-0.151528,0.910103,243.216
1199,-0.0157746,-0.818794,243.861
1200,-0.151091,-0.18874,243.862
1201,-0.577028,-0.941968,243.995
1202,0.0182468,0.999992,244.959
1203,0.82842,0.0423184,245.577
1204,0.916779,0.089671,246.261
1205,0.326766,0.539561,246.306
1206,-0.346238,-0.815843,246.527
1207,0.194368,-0.563718,247.102
1208,0.185107,0.336498,247.125
1209,0.254245,-0.327212,247.463
1210,0.12481,0.559583,247.652
1211,-0.328595,-0.0609302,247.723
1212,-0.0781898,0.17489,247.787
1213,-0.497812,-0.896036,247.946
1214,-0.187815,-0.629107,248.141
1215,-0.0299962,-0.578438,248.441
1216,0.198042,0.890971,248.922
1217,0.374655,0.894925,249.192
1218,0.596025,0.837544,249.251
1219,0.712014,0.440704,249.324
1220,0.225874,-0.912421,250.62
1221,-0.52097,-0.847331,250.726
1222,-0.0832254,-0.733579,251.149
1223,0.672601,0.193197,251.379
1224,0.614718,0.767183,251.403
1225,0.1139,-0.458447,251.73
1226,-0.381098,0.152245,252.015
1227,0.302661,0.993059,252.491
1228,0.626686,0.580514,252.493
1229,0.471044,-0.127309,252.851
1230,0.0894862,0.974544,253.635
1231,-0.407035,-0.848698,253.83
1232,-0.154322,-0.906831,254.396
1233,-0.145582,0.920727,255.533
1234,-0.0767801,-0.965165,256.322
1235,0.278206,0.719626,256.517
1236,-0.127708,-0.995354,257.27
1237,-0.412715,-0.708926,257.358
1238,-0.371105,-0.973615,257.721
1239,0.490552,0.836804,257.841
1240,0.4703,0.831332,257.971
1241,0.13811,0.82869,258.448
1242,-0.505965,-0.997103,258.689
1243,-0.476402,-0.195579,258.768
1244,-0.00305678,0.384213,258.918
1245,0.0799941,-0.903726,259.886
1246,-0.152306,0.923263,261.042
1247,-0.00904216,-0.586277,261.376
1248,-0.28311,-0.606075,261.48
1249,0.203704,0.955811,262.046
1250,-0.00045349,0.180847,262.078
1251,0.497049,0.0350525,262.292
1252,0.039888,0.948133,263.117
1253,-0.407408,-0.658006,263.18
1254,-0.728334,-0.999616,263.253
1255,-0.677139,-0.701621,263.254
1256,-0.397307,-0.877727,263.485
1257,0.204399,0.546103,263.601
1258,0.195037,-0.262931,263.811
1259,0.0389391,0.845263,264.461
1260,-0.14873,-0.868522,264.979
1261,-0.459065,-0.294556,265.006
1262,-0.254026,0.0314733,265.088
1263,0.187942,0.389868,265.129
1264,0.697732,0.99681,265.218
1265,0.18054,0.988333,265.871
1266,-0.102605,-0.32568,265.92
1267,0.0961254,0.881493,266.537
1268,0.297181,0.861489,266.856
1269,0.253874,-0.999478,268.427
1270,-0.386142,-0.424611,268.428
1271,-0.323238,0.998062,270.174
1272,-0.827731,-0.909085,270.181
1273,-0.317113,-0.154594,270.207
1274,-0.41371,-0.183915,270.26
1275,-0.236735,-0.582678,270.379
1276,0.363946,-0.481264,271.094
1277,0.214508,0.168059,271.096
1278,-0.404142,-0.0238173,271.241
1279,-0.390462,0.254062,271.656
1280,0.412787,0.329904,271.663
1281,0.924615,0.641979,271.743
1282,0.863093,0.943581,271.749
1283,0.0423735,0.764853,272.271
1284,-0.134537,-0.680456,272.569
1285,-0.0500873,0.83388,273.351
1286,0.628958,0.0755222,273.657
1287,0.181556,0.78643,274.023
1288,0.537771,-0.994889,276.372
1289,-0.113433,0.822837,277.248
1290,-0.254763,-0.442998,277.284
1291,-0.482335,0.463961,278.179
1292,-0.52576,-0.170116,278.306
1293,-0.996197,-0.920016,278.312
1294,-0.854001,-0.303454,278.615
1295,-0.565859,-0.861051,278.702
1296,-0.478716,-0.0612687,278.876
1297,-0.414579,-0.356972,278.879
1298,-0.0862418,0.752751,279.583
1299,-0.172184,-0.968694,280.218
1300,-0.408711,-0.976026,280.54
1301,-0.142894,0.341176,280.774
1302,-0.172366,-0.469174,280.862
1303,-0.101672,-0.843681,281.413
1304,0.175154,0.914172,281.959
1305,-0.221478,-0.252348,281.96
1306,0.0110787,-0.868573,282.734
1307,0.312001,0.926413,283.111
1308,-0.131166,-0.999328,283.865
1309,-0.0360878,0.976282,284.89
1310,-0.356615,-0.93855,285.228
1311,-0.723036,-0.771969,285.231
1312,-0.312692,-0.997535,285.7
1313,-0.0668905,0.999196,286.836
1314,0.157488,-0.314052,287.059
1315,0.341837,0.856015,287.323
1316,0.478029,-0.770561,288.882
1317,-0.0619967,0.926537,289.859
1318,-0.315754,-0.0123079,289.951
1319,0.446131,0.995956,290.254
1320,0.585214,0.942221,290.381
1321,-0.226817,0.361191,290.727
1322,-0.475301,-0.502452,290.727
1323,0.183638,0.454082,290.801
1324,0.274121,0.765836,291.042
1325,0.673348,0.972508,291.132
1326,0.580697,0.999483,291.307
1327,0.216407,0.978371,291.888
1328,0.285297,0.941447,292.318
1329,-0.0545487,-0.108087,292.321
1330,0.152089,0.973132,292.995
1331,-0.385311,-0.108542,293.072
1332,0.306319,0.898744,293.423
1333,0.686259,0.55889,293.439
1334,-0.115472,-0.306616,293.476
1335,0.147433,0.0913619,293.479
1336,-0.287467,-0.763556,293.706
1337,-0.378791,-0.452414,293.711
1338,-0.0282781,0.555957,294.052
1339,-0.24665,-0.481871,294.108
1340,0.104309,-0.405368,294.367
1341,0.17333,0.720806,294.667
1342,-0.419063,-0.962656,294.963
1343,-0.245964,-0.775353,295.243
1344,0.297065,0.552491,295.308
1345,0.601339,0.107784,295.552
1346,0.376471,0.990146,295.928
1347,0.316399,-0.962563,297.564
1348,0.142464,0.448508,297.658
1349,0.376502,0.823602,297.858
1350,-0.369663,-0.587939,297.905
1351,-0.459809,-0.584819,297.921
1352,-0.242849,0.791953,298.992
1353,-0.472639,-0.996361,299.266
1354,-0.57418,-0.855214,299.345
1355,-0.855916,-0.664599,299.382
1356,-0.392829,-0.975468,299.721
1357,0.140869,0.877346,300.263
1358,0.122523,0.999464,301.032
1359,0.0973555,0.754303,301.464
1360,0.596561,0.993029,301.621
1361,0.446531,0.946936,301.872
1362,0.237437,0.501178,301.941
1363,-0.398754,-0.979451,302.278
1364,-0.351165,-0.815168,302.494
1365,0.0295103,0.94471,303.331
1366,0.104006,0.986589,304.11
1367,0.145066,-0.275287,304.287
1368,0.276484,0.332924,304.29
1369,0.405993,0.6855,304.368
1370,0.362266,0.982587,304.753
1371,-0.602862,-0.710864,304.765
1372,0.00509431,0.379253,304.905
1373,0.124238,0.975514,305.629
1374,0.642356,0.532016,305.642
1375,0.195097,0.481232,305.723
1376,0.0370456,-0.959693,306.717
1377,-0.152077,0.793863,307.612
1378,-0.162548,-0.229583,307.616
1379,-0.0880529,0.169817,307.683
1380,-0.224936,0.322701,307.983
1381,0.240262,0.544632,308.075
1382,0.717646,0.841782,308.091
1383,0.703514,0.694486,308.091
1384,-0.0798939,-0.582685,308.344
1385,-0.217561,-0.90388,308.815
1386,0.00382099,0.994638,309.796
1387,0.419267,0.706381,309.879
1388,0.288746,0.578171,309.962
1389,0.228242,0.0537109,309.993
1390,0.0538283,0.714014,310.429
1391,-0.116985,-0.843814,310.957
1392,-0.0495141,-0.602012,311.262
1393,0.202041,0.999573,311.898
1394,-0.20077,-0.524579,312.003
1395,0.309431,0.92393,312.381
1396,0.54348,-0.138463,312.846
1397,0.0532713,0.939367,313.631
1398,-0.141636,-0.733939,313.982
1399,0.604218,0.952097,314.103
1400,0.58202,0.14217,314.296
1401,0.391946,0.899302,314.554
1402,-0.0829484,-0.992315,315.381
1403,-0.0192782,-0.990324,316.324
1404,0.124689,0.974009,317.045
1405,0.366002,0.873018,317.302
1406,-0.313806,-0.606565,317.388
1407,-0.23085,-0.987016,317.96
1408,0.34214,0.861357,318.229
1409,0.191658,0.408338,318.276
1410,0.0191284,-0.91766,319.154
1411,0.209001,0.965332,319.726
1412,0.0354828,-0.759764,320.358
1413,-0.0128917,0.862011,321.124
1414,-0.144393,-0.984485,321.829
1415,-0.685578,-0.783232,321.839
1416,-0.122754,-0.689708,322.16
1417,0.0169312,0.963142,323.056
1418,0.451128,0.719163,323.127
1419,0.428962,-0.550101,324.086
1420,-0.190831,-0.98759,324.721
1421,-0.0787437,0.996495,325.877
1422,-0.28286,-0.887742,326.243
1423,-0.508144,-0.297398,326.287
1424,-0.299272,-0.18779,326.3
1425,0.0402026,0.999076,327.219
1426,-0.410039,-0.718517,327.314
1427,-0.703385,-0.931827,327.366
1428,-0.814048,-0.657145,327.391
1429,-0.739586,-0.788002,327.393
1430,-0.294518,-0.883061,327.74
1431,0.255692,0.904476,328.161
1432,0.470256,0.0342354,328.351
1433,0.335136,0.668104,328.462
1434,-0.0735376,-0.466039,328.616
1435,-0.0604371,0.610364,329.066
1436,0.300326,0.891867,329.416
1437,0.00643654,-0.814872,330.09
1438,-0.293659,-0.969642,330.547
1439,-0.157344,-0.96194,331.195
1440,-0.0156125,0.531636,331.494
1441,0.0970022,-0.802373,332.303
1442,-0.214118,0.729691,333.194
1443,-0.0829864,-0.0626518,333.194
1444,-0.367718,-0.306991,333.198
1445,-0.457989,-0.354809,333.208
1446,-0.326232,0.450582,333.812
1447,-0.203431,-0.983301,334.42
1448,-0.182206,-0.306551,334.436
1449,-0.12562,-0.604026,334.664
1450,0.105776,0.680993,334.995
1451,0.316592,0.975699,335.43
1452,0.0936066,-0.610724,335.926
1453,0.191306,0.991625,336.566
1454,-0.273313,-0.28183,336.566
1455,0.510658,0.680596,336.595
1456,0.340087,0.956279,336.975
1457,-0.0736954,-0.923317,337.697
1458,-0.127607,0.282477,337.865
1459,-0.531157,-0.567767,337.866
1460,-0.460926,-0.970095,338.126
1461,0.0200348,0.81591,338.759
1462,-0.171026,-0.991623,339.432
1463,-0.230322,-0.655319,339.613
1464,-0.15914,-0.471125,339.71
1465,-0.422844,-0.81391,339.863
1466,0.0695162,-0.281691,339.987
1467,0.227005,0.998101,340.581
1468,-0.0187347,-0.621471,340.944
1469,-0.382887,-0.64472,341.013
1470,-0.363017,-0.441484,341.019
1471,-0.353229,0.655857,342.037
1472,-0.00855016,0.724018,342.574
1473,0.375785,0.676632,342.665
1474,-0.528579,-0.967897,342.858
1475,0.118464,0.845149,343.386
1476,0.0390743,-0.538219,343.719
1477,-0.769625,-0.395977,343.859
1478,-0.294926,0.765337,344.983
1479,-0.408231,-0.143443,345.053
1480,-0.695521,-0.790679,345.062
1481,-0.200554,-0.574783,345.202
1482,-0.0683737,0.874837,346.092
1483,-0.00942085,-0.79755,346.713
1484,-0.117498,0.650696,347.303
1485,-0.446548,-0.977938,347.585
1486,-0.229584,-0.751829,347.858
1487,-0.50182,-0.808272,347.952
1488,-0.567236,-0.57871,347.952
1489,-0.281524,0.850529,349.234
1490,-0.217861,-0.958837,349.783
1491,-0.52096,-0.997322,350.01
1492,-0.461135,-0.979348,350.278
1493,-0.344374,-0.0456629,350.367
1494,-0.539256,-0.402525,350.386
1495,-0.0208465,0.259649,350.465
1496,-0.0139499,0.10821,350.48
1497,0.144742,0.709457,350.798
1498,-0.0164507,0.892347,351.624
1499,-0.461633,-0.61191,351.647
1500,-0.0979192,-0.841111,352.199
1501,0.0244041,0.187591,352.226
1502,-0.307573,-0.772144,352.442
1503,-0.24867,0.999864,354.001
1504,-0.759238,-0.426655,354.111
1505,-1.15124,-0.323931,354.796
1506,-0.597331,-0.966107,354.932
1507,-0.452673,-0.769214,355.032
1508,-0.525164,0.178208,355.527
1509,0.151149,0.587637,355.717
1510,0.555827,0.19134,355.85
1511,0.598412,0.759792,355.876
1512,0.324789,-0.546089,356.634
1513,0.166622,0.88923,357.157
1514,0.167732,0.791843,357.546
1515,-0.0585644,-0.638248,357.882
1516,-0.0925921,-0.695053,358.245
1517,-0.156056,0.318863,358.471
1518,-0.0969424,-0.319994,358.52
1519,-0.305873,-0.380535,358.526
1520,-0.29703,-0.918007,358.912
1521,0.237905,0.817801,359.248
1522,-0.119184,0.852159,360.191
1523,-0.237625,-0.942187,360.688
1524,-0.649738,-0.941932,360.773
1525,-0.552882,-0.220466,360.884
1526,-0.495326,0.93134,362.919
1527,-0.198439,-0.968003,363.511
1528,-0.411924,-0.926847,363.776
1529,-0.393616,-0.788932,363.933
1530,-0.342684,-0.213504,363.949
1531,-0.662188,-0.81364,363.972
1532,-0.367935,-0.385572,363.973
1533,0.0436071,0.895984,364.699
1534,0.33635,0.702709,364.833
1535,0.0307273,0.999975,365.773
1536,-0.211749,-0.923243,366.279
1537,-0.215085,0.336991,366.584
1538,-0.0852128,-0.875772,367.209
1539,-0.00270376,0.948498,368.114
1540,-0.282298,-0.945631,368.554
1541,0.114017,0.35868,368.613
1542,0.216437,0.974819,369.189
1543,-0.269944,0.91369,370.59
1544,0.456617,0.816873,370.719
1545,0.343873,0.574884,370.773
1546,0.932094,0.038191,371.572
1547,0.145098,0.022989,371.587
1548,-0.116034,-0.940776,372.267
1549,-0.356148,0.986843,374.071
1550,-0.602781,-0.0145663,374.417
1551,-0.419017,-0.9852,374.737
1552,-0.491713,-0.901141,374.905
1553,-0.143888,0.0723793,374.952
1554,-0.145791,0.606011,375.517
1555,0.0829694,-0.83534,376.36
1556,0.00278926,-0.0273596,376.361
1557,-0.210644,-0.431948,376.41
1558,0.203013,0.44842,376.47
1559,0.188586,0.739561,376.774
1560,-0.339845,-0.609396,376.846
1561,-0.129979,0.113818,376.906
1562,-0.113225,0.881269,377.895
1563,-0.334759,-0.999608,378.337
1564,-0.0214479,-0.95644,379.211
1565,-0.0630057,-0.565221,379.463
1566,-0.2461,-0.814758,379.787
1567,0.15336,0.995532,380.496
1568,-0.143169,-0.666543,380.77
1569,-0.261738,-0.232923,380.771
1570,0.031072,-0.614084,381.187
1571,0.134075,0.045787,381.195
1572,0.017866,-0.988878,382.208
1573,-0.0714573,0.18231,382.273
1574,-0.151861,-0.969138,382.941
1575,0.12938,0.949815,383.614
1576,0.039057,-0.96372,384.619
1577,0.0516584,-0.00461196,384.622
1578,0.418214,0.980798,384.939
1579,-0.613865,-0.971417,385.067
1580,-0.218755,-0.990674,385.663
1581,-0.0011158,-0.521183,385.933
1582,0.302286,0.0346622,386.005
1583,0.173772,-0.183271,386.132
1584,0.408859,0.430519,386.133
1585,0.454345,0.841706,386.283
1586,0.22993,-0.98293,387.754
1587,0.426363,0.281714,387.775
1588,0.0343983,-0.470715,388.03
1589,0.211593,-0.688765,388.84
1590,0.100081,0.974768,389.605
1591,-0.23162,-0.890521,390.04
1592,-0.0503394,0.840196,390.833
1593,-0.0930897,-0.401427,390.928
1594,0.2644,0.996448,391.464
1595,0.290264,-0.991376,393.106
1596,-0.00396145,0.803149,393.758
1597,0.0558148,0.269506,393.803
1598,-0.543683,-0.0573693,394.04
1599,-0.784637,-0.919738,394.058
1600,-0.236571,-0.842271,394.425
1601,0.164226,0.602904,394.617
1602,0.358982,-0.234297,394.969
1603,0.232811,0.975257,395.521
1604,0.0370055,-0.999497,396.595
1605,-0.484706,-0.210937,396.67
1606,-0.230253,-0.436312,396.712
1607,0.0527565,-0.512831,397.032
1608,0.375569,0.226989,397.054
1609,-0.293879,-0.997602,397.55
1610,0.252075,0.996713,398.104
1611,0.895527,0.195761,398.594
1612,0.671243,0.990357,398.696
1613,0.228637,0.946938,399.211
1614,-0.0252867,-0.954063,400.074
1615,0.207724,0.303332,400.083
1616,0.326595,0.193963,400.101
1617,0.195139,0.532324,400.215
1618,0.0116473,-0.956545,401.152
1619,0.0055456,0.909214,401.969
1620,-0.0976524,-0.355953,402.035
1621,-0.135235,-0.493487,402.164
1622,-0.333313,-0.994699,402.601
1623,-0.864773,-0.945973,402.608
1624,-0.111846,-0.26489,402.631
1625,-0.073786,-0.92062,403.348
1626,-0.00261528,0.857891,404.089
1627,-0.474099,-0.998585,404.364
1628,0.60026,0.14232,404.573
1629,0.586024,0.308034,404.651
1630,0.00859366,-0.931418,405.534
1631,-0.0658806,0.564173,405.931
1632,-0.704392,-0.0576748,406.35
1633,-0.888539,-0.895686,406.35
1634,-0.849768,-0.999329,406.372
1635,-0.419231,-0.69325,406.447
1636,-0.425319,-0.68854,406.516
1637,-0.319289,-0.988252,406.964
1638,-0.078644,0.354163,407.151
1639,0.286663,0.434476,407.173
1640,0.702247,0.986415,407.254
1641,0.749821,0.990385,407.312
1642,-0.0629764,0.774394,408.013
1643,0.107934,-0.797283,408.832
1644,0.510692,0.356183,408.856
1645,0.652594,0.28249,408.993
1646,0.290119,0.733333,409.19
1647,0.0631075,-0.244976,409.284
1648,-0.392771,0.487681,410.06
1649,-0.225619,-0.921649,410.544
1650,-0.146002,0.991601,411.838
1651,-0.416088,-0.255439,411.864
1652,-0.0178346,0.141898,411.89
1653,-0.38036,-0.997723,412.271
1654,-0.380155,-0.149643,412.324
1655,-0.689384,0.128651,412.993
1656,-0.312803,-0.116675,413.032
1657,-0.722517,-0.990765,413.103
1658,-0.445696,-0.99338,413.403
1659,0.577567,0.210538,413.538
1660,-0.0120325,0.363695,413.679
1661,0.107546,-0.370802,413.908
1662,0.499296,0.636918,413.927
1663,0.148936,0.435613,414.009
1664,-0.207403,-0.883466,414.466
1665,0.0855275,0.999815,415.302
1666,0.400936,0.252518,415.324
1667,0.546395,0.973375,415.507
1668,-0.0238104,-0.990198,416.44
1669,-0.100374,0.428792,416.721
1670,0.0575156,0.431499,416.86
1671,-0.217212,-0.298834,416.867
1672,-0.294842,-0.963085,417.314
1673,0.158645,0.862971,417.81
1674,-0.566496,-0.512247,417.813
1675,-0.32533,-0.798603,418.037
1676,0.144056,0.330135,418.071
1677,0.198476,0.760808,418.387
1678,0.103867,-0.867611,419.331
1679,0.295462,-0.792431,420.515
1680,0.342151,0.392008,420.517
1681,-0.166752,-0.235792,420.522
1682,0.0398926,0.534437,420.767
1683,-0.0359033,0.529947,421.087
1684,-0.0236598,-0.93788,421.923
1685,-0.1893,-0.868122,422.383
1686,-0.128286,-0.994744,423.134
1687,0.0304718,0.829545,423.773
1688,-0.0402289,0.982475,424.819
1689,-0.429488,-0.0867939,424.936
1690,-0.648589,-0.567134,424.943
1691,-0.381549,-0.413877,424.944
1692,0.185396,0.891813,425.443
1693,0.518672,0.930505,425.612
1694,0.315879,0.553148,425.669
1695,-0.0342799,0.715014,426.23
1696,0.0856342,-0.424662,426.49
1697,0.43037,0.833258,426.653
1698,0.167592,0.0299004,426.672
1699,0.0311162,0.234482,426.713
1700,-0.117028,-0.912026,427.345
1701,0.116668,0.986994,428.103
1702,0.0697548,0.939088,428.858
1703,0.488018,0.996333,429.117
1704,0.131828,0.899269,429.706
1705,-0.181424,-0.916859,430.246
1706,-0.184241,-0.994635,430.903
1707,-0.325429,-0.838092,431.166
1708,-0.539791,-0.881282,431.283
1709,-0.181544,0.980914,432.634
1710,-0.545309,-0.465119,432.64
1711,-0.959777,-0.55882,432.801
1712,-0.810284,-0.999922,432.837
1713,-1.13019,-0.461106,433.285
1714,-0.754039,-0.393966,433.414
1715,-0.138619,-0.981057,434.124
1716,-0.726779,-0.989503,434.193
1717,-0.120522,-0.800893,434.656
1718,-0.0743023,0.263423,434.77
1719,0.368293,0.62938,434.838
1720,0.283929,0.999531,435.35
1721,0.245228,-0.0851222,435.46
1722,-0.0996183,0.349845,435.662
1723,-0.32228,-0.387961,435.666
1724,-0.114919,-0.0739585,435.668
1725,0.158184,0.55378,435.824
1726,0.0709904,-0.168683,435.881
1727,0.511033,0.850983,435.997
1728,0.0227136,0.525297,436.25
1729,0.132056,0.187385,436.253
1730,-0.0589613,0.402206,436.465
1731,-0.234641,-0.556408,436.569
1732,-0.19495,0.973259,437.934
1733,-0.375357,-0.391491,437.934
1734,-0.0148347,0.653353,438.38
1735,0.0923197,0.332882,438.438
1736,0.320231,0.976351,438.869
1737,0.161321,0.377808,438.916
1738,0.326847,-0.650973,439.872
1739,0.0903142,0.944979,440.602
1740,0.115437,-0.488928,440.967
1741,-0.924573,-0.735798,441.003
1742,-0.482359,-0.362403,441.017
1743,0.410896,0.996348,441.36
1744,0.0342358,0.87001,442.059
1745,-0.326946,-0.9354,442.429
1746,0.331947,0.119904,442.474
1747,0.819177,0.413231,442.639
1748,-0.0790239,-0.90482,443.321
1749,0.174707,0.999791,444.001
1750,-0.0733896,0.260193,444.113
1751,-0.496639,-0.124029,444.252
1752,-0.46406,0.250501,444.762
1753,-0.212618,-0.763647,445.066
1754,-0.306868,0.109847,445.239
1755,0.0276173,-0.968742,446.232
1756,0.0529983,0.751667,446.72
1757,-0.17984,-0.830459,447.144
1758,-0.515868,-0.998556,447.377
1759,-0.828732,-0.124602,447.872
1760,-0.647793,-0.356212,447.957
1761,0.0420138,0.999364,448.874
1762,0.230979,0.184934,448.876
1763,0.300057,0.880939,449.213
1764,0.227339,-0.596779,449.893
1765,0.088706,0.651969,450.21
1766,0.133743,-0.22604,450.339
1767,0.293442,0.986591,450.82
1768,0.270426,-0.169237,451.013
1769,0.0588552,0.999122,451.897
1770,-0.34096,-0.990699,452.319
1771,-0.0493579,-0.965949,453.159
1772,-0.117407,0.779917,453.965
1773,-0.040827,-0.807054,454.552
1774,0.448005,0.994084,454.85
1775,-0.0431492,0.743649,455.469
1776,-0.286061,-0.983462,455.955
1777,0.361932,0.981336,456.339
1778,0.64321,0.555452,456.347
1779,0.0176429,-0.815849,457.041
1780,0.228426,0.695431,457.26
1781,0.000206792,0.738194,457.804
1782,-0.258156,-0.124143,457.822
1783,-0.0602026,0.714859,458.423
1784,-0.244017,-0.426951,458.456
1785,0.436835,0.723757,458.539
1786,0.250868,0.997276,459.096
1787,-0.11874,-0.97732,459.833
1788,-0.044185,0.75488,460.471
1789,-0.0850192,-0.939572,461.202
1790,-0.642475,-0.658275,461.202
1791,-0.0938302,-0.32053,461.253
1792,-0.140423,0.373093,461.517
1793,0.222192,0.320356,461.527
1794,0.0189228,0.555698,461.815
1795,-0.54684,-0.114953,462.001
1796,-0.595528,-0.591538,462.001
1797,-1.5154,-0.777061,462.546
1798,-0.97166,-0.659277,462.644
1799,-0.226248,-0.279606,462.647
1800,0.031512,0.94709,463.485
1801,0.165739,-0.955364,464.742
1802,0.651515,0.361143,464.826
1803,0.416527,0.453169,464.828
1804,-0.249261,-0.00524111,464.887
1805,-0.185685,0.907506,466.082
1806,0.160498,0.701367,466.375
1807,0.0329894,0.368852,466.488
1808,0.0355141,0.442303,466.653
1809,-0.0195549,-0.566373,466.952
1810,0.0117832,-0.992026,467.96
1811,-0.28567,-0.480649,467.998
1812,-0.075711,0.99994,469.155
1813,-0.473875,-0.388727,469.162
1814,-0.207254,-0.158229,469.165
1815,-0.0952985,0.829581,470.02
1816,-0.398724,-0.351144,470.022
1817,-0.590323,-0.194596,470.179
1818,0.607314,0.48947,470.193
1819,0.823741,0.716095,470.204
1820,0.502904,0.993339,470.445
1821,0.0845122,-0.126173,470.489
1822,-0.480054,-0.00639333,470.714
1823,-0.38024,-0.0649847,470.813
1824,0.27548,0.933577,471.246
1825,0.845693,0.735713,471.258
1826,0.76766,0.977515,471.302
1827,-0.734913,-0.886069,471.325
1828,-0.280568,-0.884334,471.69
1829,0.214865,0.603761,471.841
1830,0.797114,0.42189,471.982
1831,0.41904,0.995623,472.314
1832,0.424392,0.999991,472.645
1833,0.150983,0.160473,472.645
1834,-0.469167,-0.314748,472.669
1835,-0.665417,-0.999742,472.781
1836,-0.676615,-0.6039,472.786
1837,-0.369412,-0.284665,472.793
1838,-0.126382,-0.894503,473.383
1839,0.204551,0.436631,473.437
1840,0.146813,-0.396761,473.733
1841,0.385028,0.997572,474.108
1842,0.077693,-0.242824,474.211
1843,-0.634891,-0.166694,474.43
1844,-0.579296,-0.996845,474.604
1845,0.126586,0.331658,474.646
1846,0.585298,0.863589,474.724
1847,-0.0783577,0.899657,475.68
1848,-0.0377859,-0.674589,476.086
1849,-0.636599,-0.886508,476.148
1850,-0.887834,-0.471761,476.321
1851,-0.66199,-0.348185,476.42
1852,-0.825841,-0.111325,476.93
1853,-1.10279,-0.656606,477.13
1854,-0.58215,-0.976859,477.285
1855,-0.432856,-0.987631,477.593
1856,-0.374438,-0.153213,477.642
1857,-0.0617398,0.943627,478.653
1858,-0.209375,-0.721801,478.915
1859,-0.488335,-0.855461,479.05
1860,-0.15164,0.0530455,479.092
1861,0.0389221,0.250755,479.137
1862,0.207619,0.741331,479.422
1863,0.404444,-0.50617,480.251
1864,0.237945,0.99929,480.831
1865,0.129369,0.985882,481.564
1866,-0.403009,-0.455312,481.567
1867,-0.350861,-0.998709,481.987
1868,0.233405,0.768127,482.273
1869,-0.120548,0.404538,482.548
1870,-0.233745,-0.982922,483.11
1871,-0.00858686,-0.670612,483.548
1872,-0.024175,0.9636,484.524
1873,0.0540944,0.989451,485.398
1874,0.428929,0.993336,485.717
1875,0.366354,0.0415992,485.822
1876,0.315411,0.217221,485.832
1877,-0.22427,-0.298059,485.838
1878,-0.389761,-0.99989,486.21
1879,-0.236522,-0.154017,486.217
1880,-0.460661,-0.742943,486.296
1881,-0.105159,0.071089,486.327
1882,-0.444961,-0.186395,486.394
1883,-0.496439,-0.981909,486.63
1884,-0.306911,-0.999999,487.11
1885,-0.807926,-0.655923,487.133
1886,-0.325384,-0.799276,487.358
1887,-0.0192229,0.484499,487.612
1888,-0.357489,-0.675253,487.713
1889,-0.608753,-0.796799,487.748
1890,-0.571942,-0.964582,487.902
1891,-0.242149,-0.611315,488.038
1892,0.00367144,0.992244,489.016
1893,-0.0652999,-0.794494,489.547
1894,0.0942571,0.633967,489.839
1895,0.328388,0.845883,490.107
1896,0.383891,0.517385,490.124
1897,0.256694,0.914415,490.557
1898,0.385719,-0.0646053,490.76
1899,0.480766,0.8242,490.878
1900,0.313704,-0.058498,491.016
1901,-0.0732737,0.414555,491.254
1902,0.0785338,0.0584519,491.255
1903,0.663599,0.410029,491.319
1904,0.615135,0.381598,491.373
1905,0.25176,0.402572,491.396
1906,0.00539296,-0.930408,492.272
1907,0.264634,0.584785,492.374
1908,0.494241,0.943466,492.576
1909,0.492867,0.388662,492.587
1910,0.29991,-0.417818,493.102
1911,0.254248,0.999455,493.658
1912,0.42849,0.632136,493.699
1913,0.535716,0.0157227,493.969
1914,0.364705,-0.96218,495.73
1915,-0.731081,-0.957972,495.782
1916,-0.170782,-0.948369,496.386
1917,0.0940099,0.72021,496.778
1918,0.673393,0.965615,496.864
1919,0.506308,-0.577261,498.038
1920,0.0206946,-0.991162,499.062
1921,-0.182822,0.064293,499.123
1922,-0.458226,-0.00356783,499.329
1923,-0.385007,-0.566516,499.362
1924,0.210806,0.80672,499.718
1925,0.444588,-0.790473,501.243
1926,-0.230037,-0.501817,501.317
1927,0.0508427,0.169725,501.331
1928,-0.311131,-0.693445,501.477
1929,-0.591074,-0.22625,501.61
1930,-0.525214,-0.337803,501.645
1931,-0.814613,-0.961887,501.667
1932,-0.977971,-0.94193,501.668
1933,-0.678878,-0.342448,501.781
1934,-0.614878,-0.584126,501.782
1935,-0.247513,-0.94565,502.27
1936,0.278861,0.990117,502.776
1937,0.0860802,0.909008,503.453
1938,-0.311807,-0.600375,503.536
1939,-0.160807,-0.266313,503.547
1940,0.0313779,0.999385,504.484
1941,0.348058,0.481978,504.502
1942,0.153211,0.306078,504.526
1943,-0.117706,0.70848,505.208
1944,-0.415462,0.473719,505.999
1945,-0.933443,-0.49619,506.19
1946,-0.860815,-0.556808,506.282
1947,-0.317292,-0.782302,506.499
1948,-0.501249,-0.989827,506.737
1949,-0.138712,-0.565019,506.919
1950,-0.520797,0.914641,508.98
1951,-0.267201,-0.0293555,509.036
1952,-0.174246,0.97026,510.346
1953,-0.109897,-0.468925,510.475
1954,-0.192904,0.907201,511.685
1955,-0.273093,-0.398499,511.701
1956,0.261701,-0.951252,513.172
1957,-0.425454,0.974054,515.131
1958,-0.119399,-0.575234,515.339
1959,0.0534273,0.944141,516.132
1960,0.135529,0.708075,516.46
1961,0.993614,0.810753,516.493
1962,0.965571,0.890348,516.499
1963,0.252155,0.141301,516.511
1964,-0.338377,-0.275403,516.515
1965,0.421552,0.203774,516.563
1966,0.384258,0.74358,516.692
1967,0.203904,0.930161,517.219
1968,-0.300883,-0.854878,517.526
1969,-0.179336,-0.704716,517.802
1970,-0.457402,0.0343566,518.044
1971,-0.29256,-0.990218,518.531
1972,-0.0209291,-0.0543631,518.532
1973,0.239591,0.301851,518.536
1974,0.180524,0.861007,518.999
1975,0.566537,0.994517,519.182
1976,0.19032,0.995481,519.83
1977,-0.0397843,-0.261052,519.879
1978,-0.488555,-0.988267,520.129
1979,-0.542557,-0.60318,520.132
1980,-0.288944,-0.620971,520.243
1981,-0.170835,-0.00340388,520.271
1982,-0.015488,-0.882314,521.022
1983,0.1759,0.500782,521.128
1984,-0.244317,-0.948701,521.624
1985,-0.504898,-0.996921,521.866
1986,-0.638759,-0.995594,521.993
1987,-0.48936,-0.380855,522.005
1988,-0.10276,0.972558,523.161
1989,-0.232762,-0.9277,523.644
1990,0.0480186,0.657131,524.015
1991,0.19359,-0.281972,524.241
1992,-0.097584,0.815591,525.075
1993,0.48572,0.315391,525.104
1994,0.918047,0.995805,525.11
1995,0.394687,0.800084,525.275
1996,-0.0111886,-0.423758,525.445
1997,0.279178,0.893659,525.823
1998,0.231947,0.179516,525.825
1999,-0.23974,-0.623872,525.973
2000,-0.781015,-0.414665,526.107
2001,-0.718305,-0.43405,526.188
2002,-0.333805,-0.0956575,526.245
2003,0.0371772,-0.984546,527.289
2004,0.549533,0.861907,527.386
2005,0.632303,0.705092,527.391
2006,0.199064,0.768999,527.716
2007,-0.316578,-0.0975147,527.764
2008,-0.720426,-0.288801,527.95
2009,0.32078,0.761245,528.145
2010,0.866727,0.892726,528.145
2011,0.49604,0.656228,528.171
2012,0.334882,-0.0790657,528.342
2013,-0.307437,-0.167272,528.362
2014,-0.342507,-0.924243,528.7
2015,-0.0589363,0.67294,529.236
2016,-0.136294,0.79119,530.096
2017,-0.539282,-0.63671,530.106
2018,-0.644611,-0.535972,530.117
2019,-0.60274,-0.938239,530.23
2020,-0.56579,-0.875024,530.326
2021,0.113676,0.762336,530.746
2022,0.293627,0.87211,531.081
2023,0.238361,0.980411,531.632
2024,-0.135646,-0.719856,531.973
2025,-0.250254,-0.965158,532.484
2026,-0.540846,0.0389117,532.82
2027,-0.172572,-0.328263,532.844
2028,0.246537,0.699039,533.049
2029,-0.197352,-0.723627,533.326
2030,-0.126482,0.775516,534.14
2031,-0.411857,-0.99993,534.486
2032,-0.596808,-0.642311,534.488
2033,-0.122046,-0.998903,535.256
2034,0.610187,0.412847,535.295
2035,0.0335736,0.0558962,535.296
2036,0.224291,-0.775589,536.296
2037,0.496061,0.935067,536.488
2038,0.212528,0.992515,537.097
2039,0.0229399,-0.083157,537.108
2040,-0.200892,-0.0503025,537.131
2041,0.111467,0.322793,537.175
2042,0.031616,-0.21597,537.237
2043,0.0569721,0.92536,537.991
2044,0.47212,0.657725,538.025
2045,0.533648,0.984645,538.229
2046,0.330397,0.116444,538.274
2047,0.269117,-0.821424,539.464
2048,-0.384015,0.162574,539.762
2049,0.279733,0.444515,539.79
2050,0.014991,0.0415805,539.79
2051,-0.0828323,-0.500382,539.965
2052,0.328866,0.739967,540.134
2053,-0.753945,-0.189041,540.453
2054,-0.345383,-0.953981,540.823
2055,0.227438,0.887534,541.259
2056,0.547275,0.0772128,541.48
2057,0.308064,0.842112,541.765
2058,0.257599,0.851737,542.118
2059,0.593835,0.423061,542.147
2060,0.242241,-0.243495,542.383
2061,0.243325,0.18818,542.386
2062,0.0066821,-0.835961,543.096
2063,-0.0594824,-0.839306,543.704
2064,-0.308414,0.816555,544.97
2065,-0.311126,-0.714978,545.133
2066,-0.051637,0.996638,546.232
2067,0.591883,0.956117,546.365
2068,-0.0102634,0.0794224,546.373
2069,-0.110636,-0.628708,546.641
2070,0.0288526,-0.7136,547.192
2071,-0.626712,-0.110934,547.458
2072,-0.607517,-0.949023,547.575
2073,0.711466,0.172142,547.866
2074,0.43618,0.11351,547.97
2075,0.0553386,0.413925,548.098
2076,-0.231433,-0.840881,548.47
2077,-0.590822,-0.145626,548.668
2078,-0.497864,-0.554766,548.671
2079,-0.407531,0.598364,549.683
2080,-0.500578,-0.829572,549.791
2081,-0.937779,-0.856726,549.798
2082,-0.385764,-0.792957,549.964
2083,-0.308523,-0.176757,549.981
2084,-0.37921,-0.916166,550.269
2085,0.164356,0.747742,550.61
2086,-0.588353,-0.615852,550.611
2087,-0.300263,-0.711029,550.779
2088,0.20701,0.455738,550.841
2089,0.646376,0.122186,551.116
2090,0.249569,0.939701,551.592
2091,0.36635,-0.0508879,551.766
2092,0.618305,0.347817,551.839
2093,0.0300913,-0.372971,552.002
2094,0.227546,0.502253,552.077
2095,-0.144713,-0.400288,552.143
2096,0.271016,0.732438,552.356
2097,0.480909,0.637384,552.38
2098,0.600677,0.211462,552.532
2099,0.312337,0.828336,552.798
2100,-0.269408,-0.353666,552.805
2101,-0.187104,0.355616,553.099
2102,0.0450026,-0.730478,553.701
2103,0.0642722,0.996711,554.57
2104,-0.0412195,-0.746567,555.068
2105,0.15397,0.875154,555.588
2106,0.433977,0.997611,555.906
2107,0.154704,-0.943479,557.112
2108,0.386278,0.767707,557.257
2109,-0.226629,0.0159522,557.316
2110,-0.253218,-0.53958,557.398
2111,0.0496518,-0.959676,558.417
2112,-0.286044,0.972836,560.001
2113,0.0194749,-0.86995,560.793
2114,-0.0656859,0.232282,560.881
2115,0.471916,0.821275,561.003
2116,0.464453,0.912621,561.204
2117,0.0794064,-0.578606,561.637
2118,0.10194,0.598943,561.884
2119,-0.198598,-0.565802,562.019
2120,-0.418765,-0.109038,562.115
2121,0.537845,0.999237,562.328
2122,0.638034,0.946966,562.423
2123,0.672723,0.165621,562.68
2124,0.049958,-0.797169,563.398
2125,-0.0776121,-0.947798,564.155
2126,0.183794,0.975053,564.781
2127,-0.268536,0.626496,565.582
2128,-0.629653,-0.992366,565.714
2129,-0.784525,-0.268052,565.981
2130,-0.501661,-0.626227,565.996
2131,-0.512235,-0.834547,566.1
2132,0.384657,0.631398,566.161
2133,0.196498,0.908822,566.668
2134,-0.186239,-0.761999,567
2135,0.0149943,0.933424,567.844
2136,-0.208741,-0.13076,567.85
2137,-0.0557586,0.873963,568.714
2138,-0.0547853,-0.526864,568.937
2139,0.215379,0.994549,569.544
2140,0.50882,0.851225,569.661
2141,0.252809,0.729624,569.889
2142,0.249949,0.706976,570.097
2143,0.344202,0.775395,570.283
2144,0.562072,0.151037,570.452
2145,-0.0521661,0.555872,570.822
2146,-0.190858,-0.99761,571.473
2147,-0.418612,-0.920402,571.725
2148,-0.761183,-0.960241,571.764
2149,-0.077445,-0.385008,571.859
2150,0.267804,0.155358,571.871
2151,0.572951,0.998199,572.052
2152,0.189991,0.998377,572.706
2153,-0.262944,-0.856228,573.058
2154,-0.484576,-0.657191,573.088
2155,-0.405677,-0.612321,573.13
2156,-0.207595,0.674727,573.909
2157,0.0655615,-0.181533,573.97
2158,-0.246168,-0.307094,573.974
2159,-0.33339,-0.996826,574.414
2160,-0.212572,0.533114,574.97
2161,0.14488,-0.982465,576.241
2162,-0.450843,0.112424,576.558
2163,0.0216647,-0.618754,576.968
2164,0.702919,0.81998,576.982
2165,0.101146,0.915586,577.645
2166,0.0373136,-0.99612,578.713
2167,0.496473,0.902176,578.878
2168,0.319748,0.837731,579.146
2169,0.114656,0.582872,579.365
2170,0.0482135,-0.976137,580.414
2171,0.17002,0.371334,580.455
2172,0.188618,0.0860387,580.466
2173,0.461886,0.581717,580.48
2174,0.135617,0.48235,580.6
2175,0.240928,-0.99917,582.138
2176,0.227352,0.88302,582.568
2177,-0.0865318,0.683243,583.16
2178,0.0980596,0.137379,583.162
2179,0.476484,0.698967,583.211
2180,0.534478,0.291997,583.27
2181,0.201571,-0.739366,584.156
2182,0.225423,0.759893,584.441
2183,0.300389,0.282114,584.442
2184,0.0657624,0.541931,584.668
2185,0.202929,0.894844,585.147
2186,0.255246,-0.650353,585.967
2187,-0.246473,-0.943946,586.454
2188,0.0748416,0.529217,586.66
2189,-0.169198,-0.997505,587.346
2190,-0.296283,-0.713658,587.52
2191,-0.148997,0.472579,587.907
2192,-0.109295,-0.30593,587.945
2193,-0.0411085,-0.923163,588.723
2194,0.162399,0.961981,589.363
2195,0.480249,0.761093,589.442
2196,0.409637,0.151169,589.508
2197,0.0131072,-0.868441,590.286
2198,-0.202509,0.842955,591.379
2199,-0.101054,-0.987507,592.164
2200,-0.0588157,0.831741,592.957
2201,-0.204913,-0.974623,593.55
2202,0.109365,0.881412,594.146
2203,-0.0271842,-0.658989,594.545
2204,-0.351082,-0.961674,594.918
2205,-0.0827028,-0.168806,594.925
2206,-0.0343021,-0.783586,595.487
2207,-0.370889,0.381535,596.053
2208,0.396074,0.959783,596.371
2209,0.403894,0.58206,596.403
2210,0.661044,0.321232,596.518
2211,-0.157276,-0.637575,596.749
2212,-0.617129,-0.522638,596.758
2213,-0.516572,-0.136615,596.902
2214,-0.228559,-0.38962,596.928
2215,-0.338758,0.816512,598.263
2216,-0.222811,-0.263541,598.264
2217,0.0215235,0.881989,599.005
2218,0.333269,0.990935,599.437
2219,0.0697135,-0.56141,599.835
2220,0.609079,0.964082,599.961
2221,0.270571,0.859711,600.309
2222,0.241667,-0.148945,600.461
2223,0.113908,0.855352,601.011
2224,-0.0808944,-0.0990955,601.011
2225,-0.0853014,0.693557,601.618
2226,-0.342338,-0.221709,601.632
2227,0.120353,0.904044,602.247
2228,0.166026,-0.497619,602.687
2229,0.257,0.787514,602.968
2230,0.291387,0.221328,602.973
2231,0.122299,0.943157,603.647
2232,0.0945519,0.81041,604.16
2233,-0.553039,-0.458781,604.168
2234,-0.631042,-0.743922,604.181
2235,-0.525564,-0.854576,604.289
2236,-0.352314,-0.997505,604.706
2237,-0.187615,-0.426278,604.763
2238,0.0447464,0.963324,605.606
2239,0.271725,0.57348,605.698
2240,0.257109,0.963979,606.197
2241,0.0896147,0.782655,606.678
2242,-0.199764,-0.916057,607.191
2243,-0.467553,-0.845691,607.334
2244,-0.334395,-0.998122,607.774
2245,0.172005,0.969487,608.41
2246,-0.263325,-0.98418,608.93
2247,-0.0613252,0.533063,609.283
2248,-0.406276,-0.109268,609.371
2249,-0.130224,-0.592313,609.585
2250,-0.239991,-0.499244,609.652
2251,-0.427631,-0.999995,609.98
2252,-0.156053,-0.749616,610.332
2253,0.468774,0.113012,610.458
2254,0.42878,0.731194,610.55
2255,0.191413,-0.981997,611.927
2256,0.181501,0.16927,611.927
2257,0.321415,-0.780419,613.141
2258,0.204674,0.694525,613.381
2259,0.0648205,0.950595,614.166
2260,0.117881,0.866327,614.726
2261,-0.412252,-0.0549322,614.853
2262,-0.341124,-0.99405,615.28
2263,-0.316092,-0.567993,615.343
2264,-0.241826,-0.999873,615.918
2265,0.124254,-0.925111,617.019
2266,0.0291161,0.998113,617.958
2267,-0.430308,-0.816847,618.107
2268,0.331903,0.405333,618.113
2269,0.460712,-0.999691,620.245
2270,0.0726295,0.898116,620.927
2271,-0.0915036,-0.994136,621.742
2272,0.507184,0.145084,621.873
2273,0.685509,0.378461,621.967
2274,0.253363,-0.582139,622.665
2275,-0.0954115,-0.120609,622.666
2276,-0.169091,-0.978918,623.322
2277,-0.0577429,0.771633,624.009
2278,0.0896387,-0.888043,624.965
2279,0.202363,0.981605,625.573
2280,0.451388,0.0564444,625.729
2281,-0.041507,0.444881,625.965
2282,0.0231947,-0.860569,626.746
2283,0.152438,-0.529197,627.211
2284,-0.44132,0.332184,627.809
2285,-0.238283,-0.989759,628.374
2286,0.221296,0.276934,628.377
2287,0.587986,0.259886,628.485
2288,0.473866,0.483466,628.485
2289,0.0619564,0.856151,629.115
2290,-0.238037,0.903344,630.418
2291,-0.635097,-0.871577,630.474
2292,-0.987988,-0.43537,630.779
2293,-0.926013,-0.900068,630.78
2294,-0.44589,-0.959811,631.044
2295,-0.626067,-0.917025,631.129
2296,-0.492515,-0.970848,631.358
2297,-0.0552941,0.803458,632.095
2298,0.391299,0.766042,632.236
2299,0.559971,0.83042,632.309
2300,0.158198,-0.84262,633.31
2301,0.418212,0.749407,633.42
2302,-0.387004,-0.248797,633.439
2303,-0.290684,-0.672106,633.585
2304,0.115409,-0.923093,634.663
2305,-0.181368,0.99852,636.055
2306,-0.246159,-0.29595,636.058
2307,0.226765,0.55809,636.167
2308,0.426602,0.627197,636.208
2309,0.751614,0.435402,636.308
2310,0.194781,0.673675,636.537
2311,-0.154286,0.218099,636.676
2312,-0.0490336,-0.943048,637.475
2313,0.56865,0.00517832,637.792
2314,0.408127,0.924363,638.059
2315,0.513412,0.407248,638.07
2316,0.259159,0.360694,638.081
2317,0.31534,-0.501332,638.748
2318,-0.075307,-0.400316,638.853
2319,-0.282253,-0.423876,638.873
2320,0.109564,0.41993,638.97
2321,-0.105927,-0.886604,639.579
2322,-0.567848,-0.881495,639.677
2323,0.014325,-0.692102,640.176
2324,0.154675,0.826192,640.627
2325,0.00744342,-0.165587,640.657
2326,-0.174792,-0.544983,640.794
2327,-0.455388,-0.843028,640.945
2328,-0.272421,-0.741654,641.165
2329,-0.133944,0.874592,642.182
2330,-0.231834,-0.990947,642.758
2331,-0.435722,-0.537132,642.768
2332,0.0379357,-0.651512,643.244
2333,-0.335404,0.352715,643.717
2334,-0.128606,-0.272625,643.738
2335,-0.442057,-0.568507,643.754
2336,-0.74536,-0.422625,643.858
2337,-0.663157,-0.66126,643.858
2338,-0.553035,-0.403495,643.881
2339,-0.539304,-0.8998,644.01
2340,-0.0335422,-0.683198,644.433
2341,-0.279574,0.94064,645.921
2342,0.491314,0.996447,646.177
2343,0.570154,0.555319,646.177
2344,-0.136272,-0.752433,646.556
2345,-0.394468,0.821652,648.035
2346,-0.660959,-0.531107,648.052
2347,-0.763264,-0.253808,648.312
2348,-0.120488,-0.0651058,648.315
2349,-0.287705,-0.2792,648.315
2350,0.120058,0.860481,648.863
2351,-0.335288,-0.658913,648.968
2352,-0.56387,-0.755415,649.005
2353,-0.557694,-0.254654,649.096
2354,-0.610985,-0.242537,649.232
2355,-0.184845,-0.256324,649.237
2356,0.0435515,-0.580821,649.627
2357,0.0255767,-0.021639,649.629
2358,-0.185706,-0.232863,649.632
2359,-0.574252,-0.494503,649.638
2360,0.114296,0.998609,650.42
2361,0.526542,0.999963,650.644
2362,0.389863,0.24854,650.664
2363,0.115622,-0.501576,651.045
2364,0.342834,0.534474,651.082
2365,0.229607,0.714771,651.317
2366,0.178156,0.931435,651.885
2367,-0.377458,-0.997397,652.269
2368,-0.334475,-0.899498,652.588
2369,0.193664,0.99522,653.231
2370,0.0995721,0.646375,653.53
2371,0.347981,-0.29364,653.941
2372,0.474372,0.845486,654.079
2373,0.365319,0.937193,654.406
2374,-0.135051,-0.901618,654.994
2375,0.0734649,-0.313854,655.144
2376,0.721755,0.153905,655.466
2377,0.276659,0.243251,655.467
2378,-0.257894,-0.95989,655.96
2379,0.124607,0.467992,656.078
2380,0.363215,0.078757,656.159
2381,0.120774,-0.878785,657.158
2382,-0.357589,-0.171522,657.193
2383,-0.133775,-0.960916,657.877
2384,0.112696,0.999347,658.663
2385,-0.00249974,-0.995042,659.648
2386,-0.0623595,0.980606,660.736
2387,-0.306768,-0.231574,660.742
2388,0.212984,0.892293,661.203
2389,0.00461107,0.333478,661.311
2390,-0.139302,0.227262,661.446
2391,-0.746614,-0.859424,661.458
2392,-0.649537,-0.138047,661.72
2393,-0.623414,-0.435264,661.755
2394,0.180025,0.930677,662.319
2395,0.977203,0.295825,662.783
2396,1.02868,0.690576,662.897
2397,0.545428,0.676344,662.914
2398,-0.466784,-0.724251,662.981
2399,0.0424132,0.970064,663.841
2400,0.591869,0.918024,663.948
2401,0.283186,0.264974,663.948
2402,0.129316,-0.0327522,663.974
2403,0.121367,0.685119,664.292
2404,0.487829,0.794344,664.386
2405,0.161595,-0.246181,664.552
2406,0.527645,0.999576,664.775
2407,0.0415067,0.999434,665.693
2408,-0.419576,-0.0824428,665.806
2409,-0.0333952,-0.0757211,665.808
2410,0.308707,0.947363,666.216
2411,0.0315196,-0.891344,667.068
2412,0.122772,0.995719,667.83
2413,-0.00106714,0.927077,668.691
2414,-0.200457,-0.720278,668.961
2415,-0.120553,-0.399946,669.039
2416,-0.0768142,-0.991544,669.876
2417,-0.0102667,0.959036,670.816
2418,-0.150447,-0.830575,671.278
2419,0.003838,-0.984147,672.254
2420,0.324658,0.00132653,672.359
2421,-0.000458496,-0.375457,672.5
2422,-0.246691,-0.967504,673.019
2423,0.424711,0.914394,673.259
2424,0.376401,0.686438,673.355
2425,0.165651,0.361194,673.393
2426,0.351232,0.947964,673.749
2427,-0.699056,-0.952945,673.814
2428,-0.289558,0.125088,673.986
2429,0.0882684,-0.965492,675.096
2430,0.244463,0.0901278,675.12
2431,0.26262,-0.638432,675.932
2432,0.440095,0.918098,676.16
2433,0.370414,0.156875,676.206
2434,-0.105941,-0.813447,676.707
2435,-0.20219,-0.206236,676.707
2436,-0.0135385,0.632452,677.124
2437,-0.0708859,-0.58028,677.383
2438,-0.168373,-0.528612,677.513
2439,-0.120613,-0.239204,677.527
2440,0.0334061,0.251174,677.575
2441,0.094705,-0.431844,677.852
2442,0.12485,0.999615,678.617
2443,0.0606343,-0.353099,678.788
2444,0.0356373,-0.788766,679.468
2445,-0.265786,-0.22303,679.47
2446,-0.169072,-0.826493,679.902
2447,0.121724,0.25309,679.919
2448,-0.0651458,-0.795676,680.453
2449,-0.0747734,0.609314,680.921
2450,0.0808683,-0.908111,681.899
2451,0.185687,0.96318,682.503
2452,0.188925,0.316864,682.52
2453,-0.296154,-0.982138,682.99
2454,-0.495844,-0.992441,683.237
2455,-0.0283197,-0.280815,683.301
2456,0.555115,0.306456,683.363
2457,0.48162,0.867008,683.511
2458,-0.0393289,-0.969972,684.377
2459,0.221119,0.931569,684.882
2460,0.269592,0.876375,685.25
2461,0.11042,-0.999493,686.482
2462,-0.538381,0.127207,686.925
2463,-0.0732869,-0.7242,687.349
2464,0.244082,0.792762,687.65
2465,0.184581,-0.467628,688.075
2466,-0.264062,0.112434,688.217
2467,-0.449281,-0.103766,688.336
2468,-0.114026,-0.0453028,688.341
2469,0.274697,0.968417,688.822
2470,0.244165,0.331365,688.83
2471,0.225966,-0.758045,689.798
2472,0.150249,0.999355,690.519
2473,-0.139712,0.383896,690.793
2474,-0.257725,-0.568648,690.89
2475,0.397717,0.281922,690.903
2476,-0.0766061,0.0124551,690.911
2477,0.150525,0.876339,691.438
2478,0.119789,0.565495,691.637
2479,-0.250625,-0.757614,691.894
2480,-0.127708,0.82588,692.803
2481,-0.295414,-0.922447,693.196
2482,-0.413022,-0.843119,693.381
2483,-0.230488,0.355668,693.725
2484,0.1835,0.762665,694.06
2485,0.0724058,0.68679,694.438
2486,0.438778,0.970436,694.72
2487,0.335478,0.287968,694.723
2488,0.0324869,-0.667524,695.213
2489,0.0487036,0.971238,696.064
2490,-0.807515,-0.618528,696.099
2491,-0.4896,-0.921714,696.286
2492,-0.0848993,-0.994549,697.114
2493,-0.140768,0.978319,698.366
2494,0.205887,-0.989114,699.794
2495,0.387653,0.0917294,699.882
2496,0.350109,0.981535,700.28
2497,0.0741008,-0.982885,701.397
2498,-0.195709,-0.831481,701.802
2499,0.083153,0.913816,702.492
2500,-0.078569,-0.882262,703.138
2501,-0.447901,-0.997249,703.439
2502,-0.0674175,0.331855,703.599
2503,0.145075,0.438699,703.685
2504,-0.256512,-0.887353,704.083
2505,-0.0911946,0.438914,704.364
2506,-0.0653845,-0.718092,704.79
2507,-0.21589,-0.915092,705.279
2508,0.0819166,0.942009,706.019
2509,-0.0368813,-0.644675,706.388
2510,-0.25366,-0.994409,706.937
2511,0.0183051,0.88941,707.696
2512,-0.0921559,0.531722,708.085
2513,-0.425361,-0.993479,708.408
2514,-0.542043,-0.966416,708.588
2515,-0.378405,-0.895909,708.856
2516,-0.0908648,-0.82727,709.398
2517,0.180936,0.994122,710.059
2518,-0.0602056,-0.0643879,710.059
2519,-0.173376,-0.798934,710.45
2520,0.191867,0.999632,711.103
2521,0.326873,0.731811,711.267
2522,0.323021,-0.181648,711.522
2523,-0.251591,0.0546815,711.615
2524,-0.122953,-0.999877,712.384
2525,0.451055,0.801598,712.507
2526,0.762478,0.448803,712.606
2527,0.0636479,-0.29028,712.731
2528,-0.636375,-0.997121,712.861
2529,0.140958,0.994895,713.59
2530,0.586563,0.997831,713.759
2531,0.224072,0.469479,713.82
2532,0.582094,-0.175412,714.393
2533,0.939521,0.299958,714.802
2534,0.537945,0.804333,714.873
2535,-0.0400734,-0.828702,715.495
2536,0.327733,0.945933,715.878
2537,0.521773,0.365963,715.902
2538,0.362757,-0.767641,717.18
2539,-0.464211,-0.99268,717.459
2540,-0.697294,-0.71937,717.459
2541,0.232204,0.600209,717.595
2542,0.244828,0.157258,717.602
2543,0.330015,4.85624e-05,717.711
2544,0.0227598,0.791228,718.302
2545,-0.401968,-0.997443,718.656
2546,-0.36374,-0.694455,718.766
2547,-0.751493,-0.582252,718.794
2548,-0.401645,-0.51646,718.808
2549,0.525328,0.992143,719.026
2550,0.568817,0.97533,719.191
2551,0.389573,0.896446,719.448
2552,-0.139024,-0.171918,719.449
2553,0.0154936,-0.400349,719.622
2554,0.260704,0.987283,720.15
2555,0.313347,0.829304,720.416
2556,-0.168646,-0.926139,720.99
2557,0.11467,0.998837,721.771
2558,0.353437,0.184242,721.8
2559,0.34938,0.051097,721.889
2560,0.0603729,-0.707899,722.479
2561,0.122909,0.460532,722.593
2562,0.216555,0.930905,723.104
2563,0.285309,-0.172902,723.314
2564,-0.0827004,-0.311707,723.366
2565,-0.542563,-0.91168,723.502
2566,0.115026,0.997345,724.281
2567,0.571951,0.320923,724.344
2568,0.53971,0.327761,724.389
2569,0.289244,-0.0343556,724.493
2570,0.281964,0.313539,724.494
2571,0.271557,0.973654,724.987
2572,-0.0708503,-0.916919,725.703
2573,0.0811168,0.397263,725.803
2574,0.375319,0.905997,726.085
2575,0.428026,0.990232,726.401
2576,0.283495,0.897608,726.778
2577,0.0477358,-0.965509,727.805
2578,0.321881,0.974693,728.231
2579,0.306674,-0.275482,728.57
2580,0.490325,0.427735,728.574
2581,0.0584257,-0.823457,729.351
2582,-0.231682,-0.99829,729.939
2583,-0.0992393,-0.682897,730.28
2584,-0.0598399,0.874303,731.152
2585,0.0877542,-0.983288,732.299
2586,0.267745,0.290283,732.3
2587,0.0136526,-0.814633,732.986
2588,0.13818,0.7249,733.33
2589,0.0747643,-0.957301,734.395
2590,-0.146136,0.460407,734.763
2591,-0.212863,0.931567,736.073
2592,-0.29811,-0.984369,736.544
2593,-0.525297,-0.82244,736.632
2594,-0.237539,-0.945189,737.133
2595,-0.275522,0.00225936,737.21
2596,-0.54697,-0.370959,737.241
2597,-0.37312,-0.0165379,737.368
2598,0.613464,0.954172,737.484
2599,0.789857,0.547149,737.543
2600,0.34642,-0.169295,737.809
2601,0.0632252,0.738316,738.265
2602,-0.133237,-0.999844,739.016
2603,-0.682652,-0.204584,739.245
2604,-0.518608,-0.171934,739.365
2605,0.270175,0.304639,739.366
2606,0.302229,0.617451,739.465
2607,0.487339,0.234626,739.529
2608,-0.347218,-0.196002,739.552
2609,-0.751752,-0.982831,739.605
2610,-0.178751,-0.674346,739.851
2611,-0.970216,-0.330097,740.261
2612,-0.248276,-0.913981,740.704
2613,0.585733,0.776294,740.74
2614,0.396582,0.399897,740.74
2615,-0.454346,-0.786553,740.851
2616,0.26841,0.80534,741.139
2617,0.626893,0.265637,741.269
2618,0.164334,-0.823824,742.246
2619,-0.0154821,0.892904,743.071
2620,-0.44691,-0.869005,743.249
2621,-0.274048,-0.92903,743.678
2622,-0.159394,0.265212,743.858
2623,0.0831874,0.906612,744.537
2624,-0.0835165,-0.529268,744.735
2625,0.616065,0.770565,744.759
2626,0.187006,0.588238,744.92
2627,0.0841642,0.385853,745.011
2628,0.159445,0.999795,745.717
2629,-0.39158,-0.390634,745.717
2630,-0.903211,-0.811473,745.726
2631,-0.411516,-0.556858,745.747
2632,-0.0553875,0.929352,746.717
2633,0.365619,0.981362,747.096
2634,1.01045,0.976004,747.097
2635,1.10546,0.381441,747.621
2636,0.5684,0.967381,747.78
2637,-0.527353,-0.0226417,748.035
2638,0.0888986,0.778215,748.51
2639,0.657865,0.161255,748.757
2640,0.413395,0.646266,748.811
2641,-0.0854807,-0.80689,749.331
2642,-0.413016,-0.584625,749.361
2643,-0.206927,-0.470188,749.43
2644,-0.0341276,-0.878154,750.143
2645,0.0842373,0.838512,750.711
2646,-0.157036,-0.0731695,750.719
2647,-0.130995,-0.854326,751.242
2648,-0.64284,-0.94069,751.33
2649,-0.389536,-0.822291,751.518
2650,-0.0803981,0.780414,752.259
2651,-0.483428,-0.571667,752.266
2652,-0.534744,-0.885945,752.39
2653,-0.647927,-0.985363,752.504
2654,-0.262486,-0.813678,752.808
2655,0.169984,0.817197,753.226
2656,-0.173515,0.0787796,753.29
2657,0.206215,0.0796064,753.306
2658,0.281688,0.966546,753.775
2659,0.639316,0.969757,753.884
2660,0.0712125,0.227947,753.909
2661,-0.0706939,-0.997201,754.767
2662,0.0281688,0.495168,754.985
2663,0.20229,-0.885158,756.168
2664,-0.152995,-0.90795,756.738
2665,-0.167037,-0.857097,757.214
2666,0.413335,0.999985,757.558
2667,0.522189,0.108703,757.729
2668,-0.166633,-0.543652,757.871
2669,-0.647143,-0.340451,757.965
2670,-0.585553,-0.227583,758.094
2671,-0.11071,0.98776,759.3
2672,0.186882,0.314856,759.317
2673,0.405541,0.968844,759.634
2674,0.6035,0.854638,759.697
2675,0.349807,0.923145,760.026
2676,-0.47374,-0.444604,760.026
2677,-0.0650363,0.561471,760.419
2678,0.184197,0.477144,760.505
2679,0.421011,0.120765,760.595
2680,0.845231,0.59619,760.657
2681,1.13628,0.80085,760.769
2682,0.360387,0.665526,760.863
2683,-0.501721,-0.654061,760.886
2684,0.0617625,0.979395,761.728
2685,0.76866,0.20529,762.045
2686,-0.0579243,-0.711519,762.472
2687,0.064374,0.749926,762.942
2688,-0.375751,-0.99224,763.322
2689,-0.613343,-0.0373628,763.654
2690,-0.346356,0.746521,764.849
2691,-0.155191,-0.999748,765.562
2692,-0.383613,-0.947061,765.879
2693,0.115788,-0.972859,767.065
2694,0.511999,0.647242,767.083
2695,0.198447,0.761882,767.4
2696,-0.402347,-0.72657,767.505
2697,-0.224699,0.965622,768.922
2698,0.432603,0.575316,768.943
2699,0.813696,0.720527,768.951
2700,0.768342,0.743747,768.952
2701,0.0208718,-0.241611,769.021
2702,-0.0930531,-0.151507,769.024
2703,0.175329,0.838574,769.464
2704,0.280878,0.888633,769.833
2705,0.450071,0.981049,770.115
2706,0.357483,-0.246923,770.481
2707,0.248251,0.655012,770.646
2708,0.249101,-0.42458,771.1
2709,-0.123023,0.461345,771.442
2710,0.122727,0.938645,772.107
2711,0.792475,0.978751,772.142
2712,0.855247,0.170354,772.611
2713,0.243575,0.922385,773.072
2714,-0.193189,-0.930976,773.616
2715,0.0498017,0.671244,774.002
2716,0.616528,0.935696,774.104
2717,0.386357,0.992696,774.472
2718,-0.0810033,-0.357524,774.548
2719,-0.232856,-0.992073,775.125
2720,-0.535568,-0.452584,775.132
2721,-0.224831,0.393415,775.514
2722,0.0312041,0.774773,776.067
2723,0.316719,0.992612,776.524
2724,0.632226,0.914922,776.603
2725,0.276988,-0.905885,778.003
2726,0.176557,0.23522,778.006
2727,-0.00335575,-0.145244,778.026
2728,-0.0833089,-0.705578,778.413
2729,-0.256356,0.25494,778.675
2730,-0.119427,-0.976389,779.409
2731,-0.155505,0.298787,779.616
2732,-0.20915,-0.35871,779.638
2733,-0.104862,0.336115,779.832
2734,-0.331358,-0.894148,780.149
2735,-0.147519,-0.00214493,780.17
2736,-0.322475,-0.902577,780.507
2737,-0.396357,-0.989647,780.859
2738,0.16352,0.891775,781.389
2739,0.118543,0.795416,781.847
2740,0.0876253,-0.480804,782.17
2741,0.220576,0.738468,782.439
2742,0.141024,0.431569,782.523
2743,-0.310567,-0.772018,782.736
2744,-0.00479525,-0.927547,783.587
2745,0.157859,0.922361,784.172
2746,0.126859,0.976601,784.894
2747,-0.123805,-0.874695,785.458
2748,0.0319418,0.417504,785.607
2749,0.353202,0.26972,785.613
2750,0.524421,0.68324,785.639
2751,0.251653,-0.257545,785.898
2752,0.0225034,0.0992081,785.904
2753,-0.303942,-0.889629,786.247
2754,0.244109,0.946561,786.74
2755,0.253311,0.982279,787.272
2756,0.221128,0.741232,787.542
2757,0.0107228,-0.409744,787.719
2758,-0.363093,-0.760105,787.877
2759,-0.736898,-0.845968,787.889
2760,-0.246677,-0.794341,788.188
2761,-0.268565,-0.943625,788.644
2762,-0.817435,-0.984103,788.672
2763,0.0200492,-0.785043,789.32
2764,0.334614,0.151196,789.354
2765,0.218707,-0.964213,790.753
2766,0.645461,0.9097,790.823
2767,-0.629496,-0.769823,790.843
2768,-0.0123114,-0.986308,791.791
2769,0.664532,0.554803,791.803
2770,0.767801,0.435792,791.914
2771,0.200802,0.326827,791.929
2772,-0.352585,-0.42619,791.935
2773,0.195693,0.0133309,791.968
2774,0.185444,-0.956039,793.271
2775,0.276859,0.723433,793.47
2776,0.657268,-0.0595543,793.984
2777,0.672253,0.170602,794.236
2778,0.356876,0.876661,794.506
2779,-0.604623,-0.416471,794.542
2780,-0.606858,-0.489329,794.555
2781,0.14957,0.76037,794.928
2782,0.374691,0.957371,795.268
2783,0.395254,0.432532,795.269
2784,0.466502,0.780673,795.368
2785,-0.229759,0.450212,795.83
2786,0.101981,0.1908,795.838
2787,0.552006,0.950724,795.997
2788,0.295685,0.690589,796.153
2789,-0.0929252,0.240196,796.264
2790,0.299831,0.982246,796.73
2791,0.706026,0.198958,796.987
2792,0.426131,0.998061,797.314
2793,0.344187,0.630901,797.396
2794,0.118214,-0.461324,797.732
2795,-0.0606971,0.550619,798.106
2796,0.625744,0.863684,798.163
2797,0.784571,0.754307,798.163
2798,0.579397,0.53537,798.165
2799,-0.428378,-0.860485,798.352
2800,-0.27277,-0.737733,798.568
2801,0.284708,0.781517,798.815
2802,0.380502,0.645695,798.885
2803,0.305473,0.56781,798.954
2804,0.47541,0.953319,799.183
2805,0.512646,0.481826,799.184
2806,0.00279675,0.10549,799.194
2807,-0.321089,-0.887139,799.515
2808,0.159747,-0.568336,800.045
2809,-0.209186,0.0732996,800.124
2810,-0.209672,-0.787502,800.458
2811,0.11274,-0.478426,800.808
2812,0.255191,0.0369515,800.855
2813,0.212282,0.00166569,800.9
2814,0.347074,0.995941,801.321
2815,0.505137,0.651294,801.342
2816,0.430059,0.0651613,801.475
2817,0.20004,0.825614,801.867
2818,-0.0466279,0.0401029,801.874
2819,-0.226237,-0.99677,802.468
2820,0.27373,0.0342569,802.525
2821,0.309502,0.306491,802.525
2822,0.3274,-0.0913607,802.701
2823,0.163526,0.634712,802.923
2824,-0.552737,-0.959223,803.088
2825,-0.0380651,-0.968229,803.953
2826,0.356514,0.5732,804
2827,0.333105,0.999283,804.444
2828,-0.199598,0.199662,804.603
2829,0.266068,0.94453,805.064
2830,0.797343,0.589274,805.107
2831,0.593666,0.374169,805.155
2832,-0.0374778,0.877584,805.992
2833,-0.185196,-0.650959,806.209
2834,-0.293879,-0.825261,806.492
2835,-0.104686,0.970658,807.648
2836,-0.450971,-0.246213,807.69
2837,0.206249,0.112864,807.699
2838,0.848222,0.910705,807.703
2839,0.555311,0.083992,807.925
2840,0.123331,0.0630279,807.928
2841,-0.157316,-0.813928,808.36
2842,-0.669098,-0.723885,808.363
2843,-0.120406,-0.97853,809.099
2844,0.386264,0.33193,809.102
2845,0.298352,0.46086,809.128
2846,-0.220737,-0.999153,809.734
2847,-0.68637,-0.988329,809.825
2848,0.256968,0.861447,810.191
2849,0.712114,0.744808,810.192
2850,0.412684,-0.754809,811.555
2851,0.108034,0.948929,812.262
2852,-0.282573,-0.607665,812.368
2853,-0.408331,-0.645373,812.424
2854,0.445235,0.677311,812.478
2855,0.610401,0.980597,812.615
2856,0.038284,-0.9068,813.508
2857,-0.025865,0.972361,814.504
2858,-0.306051,-0.941942,814.909
2859,-0.237628,-0.208091,814.91
2860,0.0183617,0.238163,814.958
2861,0.093904,-0.836935,815.824
2862,-0.472201,-0.397259,815.83
2863,0.369468,0.922575,816.136
2864,0.656035,0.989208,816.247
2865,-0.107242,-0.903318,816.881
2866,0.173078,0.392708,816.929
2867,-0.295402,-0.249061,816.931
2868,-0.434982,-0.799063,817.064
2869,0.100979,0.984017,817.843
2870,0.285643,-0.167248,818.048
2871,0.0506634,-0.92024,818.991
2872,-0.0355792,-0.510785,819.217
2873,0.0420673,0.327441,819.298
2874,-0.154891,-0.976331,819.973
2875,-0.54649,-0.730732,820.007
2876,-0.428404,-0.924392,820.253
2877,0.366875,0.845123,820.482
2878,0.100634,-0.92748,821.539
2879,-0.169658,-0.958635,822.161
2880,0.415641,0.723809,822.256
2881,0.358817,0.665203,822.35
2882,-0.204369,-0.356441,822.373
2883,0.0901524,0.972728,823.152
2884,-3.38307e-05,-0.945159,824.045
2885,-0.0395677,0.999282,825.125
2886,0.265192,0.13158,825.143
2887,0.385733,0.606108,825.191
2888,0.62573,0.90747,825.27
2889,0.339445,-0.451061,825.895
2890,0.179838,0.948781,826.487
2891,0.0960496,0.295431,826.526
2892,0.194916,0.999009,827.173
2893,0.633287,0.189016,827.37
2894,0.451473,-0.8812,829.146
2895,0.116381,0.464749,829.268
2896,0.336527,-0.959868,830.948
2897,0.349338,0.686103,831.062
2898,0.383043,0.945194,831.378
2899,-0.0294272,-0.909915,832.153
2900,-0.054909,-0.868081,832.814
2901,0.0202784,-0.521316,833.108
2902,-0.246281,0.648906,833.909
2903,-0.348049,-0.999672,834.334
2904,-0.197172,-0.269276,834.339
2905,-0.13432,0.991456,835.606
2906,0.06812,-0.795462,836.352
2907,0.680782,0.836921,836.376
2908,0.398679,0.716644,836.477
2909,-0.182856,-0.631161,836.678
2910,0.046938,0.794627,837.237
2911,0.142392,0.85195,837.741
2912,0.273255,-0.961548,839.266
2913,0.0612779,0.758605,839.752
2914,-0.0593124,-0.86561,840.402
2915,-0.45204,0.0968505,840.703
2916,-0.471056,-0.696907,840.754
2917,-0.178211,-0.260004,840.761
2918,-0.0134584,0.116128,840.778
2919,0.105212,-0.964551,841.922
2920,0.118401,0.636306,842.19
2921,0.413335,0.781874,842.326
2922,0.385985,0.649684,842.396
2923,0.183666,-0.759945,843.286
2924,-0.448364,-0.485181,843.288
2925,-0.508075,-0.0729409,843.477
2926,0.35102,0.288987,843.481
2927,0.315032,0.992018,843.939
2928,0.103745,0.000815771,843.95
2929,-0.200002,-0.518725,844.051
2930,-0.168579,-0.997663,844.739
2931,-0.0934148,0.785656,845.511
2932,-0.181612,-0.134068,845.514
2933,-0.388913,-0.949202,845.828
2934,-0.332777,-0.825038,846.07
2935,0.138103,-0.044605,846.103
2936,0.373437,0.934827,846.418
2937,0.238171,1,846.999
2938,-0.437165,-0.348476,847.007
2939,-0.530514,-0.869878,847.122
2940,0.00424667,0.851674,847.84
2941,0.447186,0.997352,848.143
2942,0.392017,0.997442,848.509
2943,-0.0528092,-0.995546,849.398
2944,-0.641987,-0.838945,849.437
2945,0.0909754,-0.296978,849.587
2946,0.397961,0.817007,849.763
2947,-0.120438,0.914177,850.833
2948,0.159906,-0.501968,851.271
2949,0.77215,0.397021,851.412
2950,0.232694,0.714226,851.644
2951,0.141716,-0.97653,852.894
2952,0.616156,0.338425,852.972
2953,0.498387,0.759828,853.04
2954,0.213955,-0.678319,853.836
2955,0.277299,0.548027,853.909
2956,0.387308,0.555258,853.938
2957,-0.463423,-0.340345,853.953
2958,-0.108266,-0.999795,854.748
2959,-0.0409485,0.924415,855.679
2960,0.141066,0.966901,856.361
2961,-0.0219387,0.350144,856.5
2962,-0.636416,-0.26511,856.638
2963,-0.562346,-0.914644,856.762
2964,-0.507495,-0.942165,856.951
2965,-0.605621,-0.649497,856.953
2966,-0.450658,0.000852835,857.157
2967,-0.205347,-0.958307,857.724
2968,0.271225,-0.0563351,857.831
2969,-0.193609,-0.934523,858.38
2970,0.1421,0.802282,858.816
2971,-0.337309,-0.725448,858.966
2972,-0.497353,-0.0240257,859.19
2973,-0.236453,0.897459,860.476
2974,-0.214713,-0.996444,861.087
2975,-0.0891338,-0.4945,861.252
2976,-0.438178,-0.769104,861.361
2977,-0.341849,-0.980639,861.769
2978,0.175635,0.999778,862.448
2979,0.412338,0.940104,862.727
2980,0.172697,0.164951,862.727
2981,0.050674,0.858553,863.38
2982,0.23413,0.606991,863.519
2983,-0.163814,0.719328,864.299
2984,0.321255,0.843347,864.571
2985,0.204899,0.0877735,864.585
2986,-0.164497,-0.953067,865.207
2987,-0.0835015,0.456017,865.498
2988,-0.454494,-0.473115,865.498
2989,-0.689152,-0.964349,865.574
2990,0.0617251,0.946505,866.357
2991,0.60772,0.3114,866.444
2992,0.733632,-0.987487,869.407
2993,-0.0462625,0.272853,869.509
2994,-0.312834,-0.442779,869.525
2995,0.264651,0.57115,869.619
2996,0.495164,0.340155,869.643
2997,0.033677,0.45238,869.819
2998,0.0811831,0.409547,869.927
2999,0.4526,0.469686,869.927
