t,predict_test,teacher
501,1.17287,1.17238,2.43358e-07
502,-0.856476,-0.856198,3.20562e-07
503,0.325564,0.325409,3.44787e-07
504,0.595309,0.594893,5.17729e-07
505,0.60242,0.602165,5.82495e-07
506,0.671052,0.670824,6.34301e-07
507,0.550863,0.550643,6.82862e-07
508,0.777074,0.776757,7.83833e-07
509,0.320608,0.320502,7.95247e-07
510,1.08968,1.08922,1.00508e-06
511,-0.565008,-0.564801,1.04768e-06
512,0.880513,0.880165,1.16894e-06
513,-0.254126,-0.254006,1.18326e-06
514,1.17417,1.17372,1.38311e-06
515,-1.00536,-1.00488,1.61381e-06
516,-0.0615407,-0.0615716,1.61477e-06
517,0.693482,0.693229,1.67851e-06
518,0.308846,0.308735,1.69095e-06
519,1.07492,1.07452,1.84573e-06
520,-0.524013,-0.523825,1.88094e-06
521,0.938579,0.938208,2.01908e-06
522,-0.389683,-0.389475,2.06243e-06
523,1.0695,1.0691,2.22615e-06
524,-0.717393,-0.716994,2.38503e-06
525,0.60128,0.601016,2.45446e-06
526,0.279431,0.279193,2.51118e-06
527,1.07164,1.07118,2.72424e-06
528,-0.522851,-0.522628,2.77403e-06
529,0.93933,0.938957,2.91386e-06
530,-0.391292,-0.391084,2.95735e-06
531,1.06797,1.06756,3.12081e-06
532,-0.713286,-0.712889,3.27827e-06
533,0.609039,0.608773,3.34894e-06
534,0.267517,0.267287,3.40195e-06
535,1.08308,1.08261,3.61865e-06
536,-0.560918,-0.560684,3.6734e-06
537,0.885026,0.884671,3.79942e-06
538,-0.26403,-0.263905,3.81511e-06
539,1.16834,1.1679,4.01293e-06
540,-0.989227,-0.988749,4.24184e-06
541,-0.0182559,-0.0183049,4.24424e-06
542,0.70319,0.702906,4.32475e-06
543,0.302908,0.3028,4.33631e-06
544,1.0829,1.08251,4.49333e-06
545,-0.549909,-0.549714,4.5311e-06
546,0.902051,0.901692,4.65974e-06
547,-0.303335,-0.303183,4.68292e-06
548,1.14225,1.14182,4.87038e-06
549,-0.916674,-0.916208,5.08694e-06
550,0.167454,0.167333,5.10153e-06
551,0.686318,0.685937,5.24687e-06
552,0.39164,0.391486,5.27063e-06
553,0.991579,0.991215,5.40304e-06
554,-0.258169,-0.258064,5.41396e-06
555,1.2046,1.20413,5.64012e-06
556,-1.10781,-1.10732,5.88769e-06
557,-0.355472,-0.355367,5.89861e-06
558,0.491015,0.491005,5.8987e-06
559,0.556141,0.555869,5.97273e-06
560,0.714971,0.714715,6.03847e-06
561,0.451784,0.451616,6.06656e-06
562,0.929268,0.928875,6.22133e-06
563,-0.0724962,-0.0724465,6.2238e-06
564,1.27183,1.27131,6.48727e-06
565,-1.28491,-1.28447,6.68285e-06
566,-0.928875,-0.928417,6.89261e-06
567,-0.592102,-0.592082,6.89302e-06
568,0.230812,0.23069,6.90806e-06
569,0.748196,0.747871,7.01386e-06
570,0.286275,0.286172,7.02436e-06
571,1.11015,1.10971,7.22223e-06
572,-0.6384,-0.638183,7.26949e-06
573,0.763034,0.762725,7.36548e-06
574,-0.00584716,-0.00590313,7.36861e-06
575,1.22926,1.22877,7.61021e-06
576,-1.116,-1.11559,7.77734e-06
577,-0.373863,-0.373733,7.79425e-06
578,0.469786,0.469775,7.79438e-06
579,0.5792,0.578916,7.87495e-06
580,0.671969,0.671731,7.93162e-06
581,0.54217,0.541963,7.97464e-06
582,0.790636,0.790307,8.08301e-06
583,0.288265,0.288171,8.09186e-06
584,1.1213,1.12083,8.31418e-06
585,-0.672556,-0.672322,8.36899e-06
586,0.703715,0.703427,8.45187e-06
587,0.105706,0.10557,8.47042e-06
588,1.19592,1.19543,8.71156e-06
589,-0.969335,-0.968986,8.83301e-06
590,0.0441744,0.0441194,8.83605e-06
591,0.70692,0.706579,8.95244e-06
592,0.31439,0.31428,8.96452e-06
593,1.07409,1.07369,9.11894e-06
594,-0.519843,-0.519658,9.15323e-06
595,0.944419,0.944045,9.29257e-06
596,-0.403825,-0.403607,9.33975e-06
597,1.05555,1.05515,9.49939e-06
598,-0.680157,-0.679775,9.64554e-06
599,0.669899,0.669615,9.7263e-06
600,0.168493,0.16833,9.75262e-06
601,1.1617,1.16122,9.99205e-06
602,-0.837599,-0.83729,1.00877e-05
603,0.367066,0.366888,1.01193e-05
604,0.560771,0.560364,1.02852e-05
605,0.670744,0.670456,1.03679e-05
606,0.538963,0.538793,1.03967e-05
607,0.795054,0.79472,1.0508e-05
608,0.277516,0.277426,1.05162e-05
609,1.13114,1.13066,1.07425e-05
610,-0.706778,-0.706536,1.08013e-05
611,0.640596,0.640329,1.08723e-05
612,0.214222,0.214009,1.09176e-05
613,1.12845,1.12798,1.11429e-05
614,-0.717347,-0.717069,1.12204e-05
615,0.618796,0.618531,1.12905e-05
616,0.249505,0.249267,1.13469e-05
617,1.09904,1.09857,1.15641e-05
618,-0.615073,-0.614823,1.16267e-05
619,0.800687,0.800361,1.17331e-05
620,-0.081254,-0.0812563,1.17331e-05
621,1.23135,1.23086,1.19675e-05
622,-1.14586,-1.14542,1.21656e-05
623,-0.467682,-0.46751,1.21952e-05
624,0.350327,0.350383,1.21983e-05
625,0.688214,0.687871,1.23158e-05
626,0.442821,0.442682,1.23353e-05
627,0.932387,0.932008,1.24793e-05
628,-0.0833352,-0.0832892,1.24815e-05
629,1.2704,1.26989,1.27448e-05
630,-1.2831,-1.28266,1.2945e-05
631,-0.922778,-0.922325,1.31496e-05
632,-0.575781,-0.575755,1.31503e-05
633,0.259333,0.259212,1.31649e-05
634,0.733532,0.733207,1.32706e-05
635,0.325255,0.325135,1.32852e-05
636,1.0724,1.07196,1.34714e-05
637,-0.511394,-0.511211,1.35049e-05
638,0.956095,0.955718,1.36465e-05
639,-0.432355,-0.43212,1.37018e-05
640,1.02569,1.0253,1.38532e-05
641,-0.601708,-0.601363,1.3972e-05
642,0.80162,0.801297,1.40768e-05
643,-0.0793301,-0.0793157,1.4077e-05
644,1.23207,1.23158,1.43169e-05
645,-1.14775,-1.14731,1.45134e-05
646,-0.473534,-0.473359,1.45442e-05
647,0.342053,0.342113,1.45477e-05
648,0.69448,0.694135,1.46671e-05
649,0.428214,0.428081,1.46848e-05
650,0.952074,0.951686,1.48352e-05
651,-0.13963,-0.139564,1.48396e-05
652,1.25874,1.25824,1.50935e-05
653,-1.25877,-1.25829,1.53183e-05
654,-0.839535,-0.839146,1.54698e-05
655,-0.36341,-0.363319,1.54781e-05
656,0.563615,0.563456,1.55034e-05
657,0.446721,0.446529,1.55404e-05
658,0.890258,0.889893,1.56736e-05
659,0.0252743,0.0252855,1.56737e-05
660,1.2666,1.26607,1.59485e-05
661,-1.23692,-1.23653,1.6099e-05
662,-0.76115,-0.76079,1.62285e-05
663,-0.181394,-0.181281,1.62412e-05
664,0.725995,0.725755,1.6299e-05
665,0.208249,0.208207,1.63007e-05
666,1.15749,1.15704,1.65095e-05
667,-0.812031,-0.811763,1.65813e-05
668,0.424763,0.424568,1.66196e-05
669,0.504497,0.50411,1.67692e-05
670,0.771926,0.771592,1.68806e-05
671,0.317812,0.317737,1.68862e-05
672,1.09061,1.09014,1.71041e-05
673,-0.568646,-0.568441,1.71463e-05
674,0.875013,0.874666,1.72664e-05
675,-0.2417,-0.241589,1.72788e-05
676,1.18114,1.18069,1.74816e-05
677,-1.02459,-1.02411,1.77138e-05
678,-0.114112,-0.11412,1.77139e-05
679,0.674745,0.674534,1.77587e-05
680,0.328894,0.32877,1.77742e-05
681,1.05142,1.05103,1.79227e-05
682,-0.448079,-0.447912,1.79504e-05
683,1.03484,1.03443,1.81159e-05
684,-0.632798,-0.632451,1.82368e-05
685,0.750642,0.750339,1.83286e-05
686,0.0221086,0.0220526,1.83318e-05
687,1.22492,1.22442,1.85805e-05
688,-1.09267,-1.09227,1.87352e-05
689,-0.303056,-0.302959,1.87445e-05
690,0.543888,0.54382,1.87491e-05
691,0.495307,0.495076,1.88026e-05
692,0.820305,0.820006,1.88919e-05
693,0.207213,0.207149,1.8896e-05
694,1.18643,1.18593,1.91485e-05
695,-0.907136,-0.906847,1.92319e-05
696,0.204568,0.204458,1.92441e-05
697,0.669832,0.669422,1.94122e-05
698,0.434134,0.433962,1.94416e-05
699,0.937516,0.937174,1.95583e-05
700,-0.0994745,-0.0994249,1.95607e-05
701,1.26782,1.26731,1.98224e-05
702,-1.2788,-1.27834,2.00298e-05
703,-0.908067,-0.907627,2.02234e-05
704,-0.536846,-0.536805,2.0225e-05
705,0.324409,0.324288,2.02396e-05
706,0.692047,0.691731,2.034e-05
707,0.427566,0.427399,2.0368e-05
708,0.952166,0.951782,2.05156e-05
709,-0.140089,-0.140024,2.05199e-05
710,1.25859,1.25809,2.07739e-05
711,-1.25837,-1.2579,2.09987e-05
712,-0.838189,-0.8378,2.11495e-05
713,-0.360135,-0.360042,2.11581e-05
714,0.567338,0.567177,2.11837e-05
715,0.44181,0.441621,2.12195e-05
716,0.89748,0.897112,2.13548e-05
717,0.00573358,0.00575217,2.13551e-05
718,1.26961,1.26909,2.16296e-05
719,-1.25349,-1.25309,2.17883e-05
720,-0.817996,-0.817602,2.19436e-05
721,-0.311883,-0.31179,2.19523e-05
722,0.6188,0.618621,2.19843e-05
723,0.370838,0.370694,2.20052e-05
724,0.993611,0.993207,2.21684e-05
725,-0.269952,-0.269837,2.21818e-05
726,1.1965,1.19603,2.24063e-05
727,-1.08411,-1.08362,2.26512e-05
728,-0.285185,-0.285115,2.26562e-05
729,0.561173,0.561108,2.26605e-05
730,0.473907,0.473687,2.27089e-05
731,0.854514,0.854201,2.28067e-05
732,0.120611,0.120582,2.28076e-05
733,1.23642,1.2359,2.30765e-05
734,-1.10261,-1.10227,2.31903e-05
735,-0.330348,-0.330224,2.32056e-05
736,0.516701,0.516652,2.3208e-05
737,0.527483,0.527232,2.32709e-05
738,0.76611,0.765833,2.33476e-05
739,0.337188,0.337069,2.33615e-05
740,1.07114,1.07069,2.35699e-05
741,-0.503989,-0.5038,2.36054e-05
742,0.966244,0.965866,2.37487e-05
743,-0.457446,-0.457195,2.38116e-05
744,0.997501,0.997121,2.39555e-05
745,-0.529416,-0.52911,2.40495e-05
746,0.907553,0.907196,2.41764e-05
747,-0.311113,-0.31094,2.42063e-05
748,1.13724,1.1368,2.43968e-05
749,-0.902988,-0.902527,2.46093e-05
750,0.200796,0.200663,2.46269e-05
751,0.67326,0.67287,2.47794e-05
752,0.426516,0.426344,2.4809e-05
753,0.947731,0.947384,2.49291e-05
754,-0.128709,-0.128649,2.49327e-05
755,1.26155,1.26104,2.51895e-05
756,-1.26539,-1.26492,2.54095e-05
757,-0.862129,-0.861724,2.55739e-05
758,-0.419149,-0.419072,2.55798e-05
759,0.495754,0.495613,2.55995e-05
760,0.530635,0.530393,2.56582e-05
761,0.755151,0.754841,2.57544e-05
762,0.361545,0.361419,2.57701e-05
763,1.04402,1.04358,2.59683e-05
764,-0.416416,-0.416253,2.59949e-05
765,1.07092,1.0705,2.61691e-05
766,-0.72963,-0.729235,2.63249e-05
767,0.576904,0.576653,2.63878e-05
768,0.315949,0.315689,2.64552e-05
769,1.03392,1.03347,2.66561e-05
770,-0.400772,-0.400585,2.66911e-05
771,1.08581,1.08539,2.68743e-05
772,-0.769873,-0.769463,2.70425e-05
773,0.49694,0.496714,2.70939e-05
774,0.424072,0.423747,2.71994e-05
775,0.898022,0.897628,2.73546e-05
776,-0.00095733,-0.000906481,2.73572e-05
777,1.26981,1.26929,2.76324e-05
778,-1.2562,-1.2558,2.77934e-05
779,-0.827454,-0.827054,2.79529e-05
780,-0.334455,-0.334366,2.79608e-05
781,0.595532,0.595363,2.79895e-05
782,0.403616,0.403451,2.80168e-05
783,0.951115,0.950727,2.81676e-05
784,-0.144473,-0.1444,2.8173e-05
785,1.25653,1.25603,2.84289e-05
786,-1.25244,-1.25196,2.86542e-05
787,-0.817943,-0.817568,2.87945e-05
788,-0.311476,-0.311373,2.88052e-05
789,0.619175,0.618995,2.88376e-05
790,0.370316,0.370171,2.88584e-05
791,0.994265,0.993861,2.90218e-05
792,-0.271928,-0.271811,2.90353e-05
793,1.1952,1.19472,2.92593e-05
794,-1.08035,-1.07986,2.95039e-05
795,-0.274171,-0.274106,2.95081e-05
796,0.57093,0.570855,2.95137e-05
797,0.461754,0.461542,2.95587e-05
798,0.873347,0.873027,2.96612e-05
799,0.0714253,0.0714155,2.96613e-05
800,1.25529,1.25477,2.99347e-05
801,-1.18316,-1.18279,3.00667e-05
802,-0.582431,-0.582175,3.01325e-05
803,0.17056,0.170663,3.01429e-05
804,0.784935,0.784571,3.0275e-05
805,0.189449,0.189425,3.02756e-05
806,1.18561,1.18514,3.04975e-05
807,-0.909826,-0.909541,3.05791e-05
808,0.197481,0.197371,3.05911e-05
809,0.673009,0.6726,3.07579e-05
810,0.426031,0.425863,3.07859e-05
811,0.948222,0.947877,3.09055e-05
812,-0.13016,-0.130099,3.09092e-05
813,1.26117,1.26067,3.11657e-05
814,-1.26449,-1.26402,3.13864e-05
815,-0.85906,-0.858656,3.15489e-05
816,-0.411493,-0.411414,3.15552e-05
817,0.50558,0.505437,3.15756e-05
818,0.519158,0.518923,3.16311e-05
819,0.774957,0.774638,3.17324e-05
820,0.315693,0.315587,3.17436e-05
821,1.09342,1.09296,3.19611e-05
822,-0.577913,-0.577705,3.20046e-05
823,0.860989,0.860647,3.21213e-05
824,-0.2104,-0.21031,3.21293e-05
825,1.19673,1.19627,3.23395e-05
826,-1.06707,-1.06658,3.25719e-05
827,-0.233809,-0.233763,3.2574e-05
828,0.603634,0.603521,3.25868e-05
829,0.420122,0.419938,3.26207e-05
830,0.934513,0.934169,3.27387e-05
831,-0.0958128,-0.0957604,3.27414e-05
832,1.26793,1.26741,3.30057e-05
833,-1.27805,-1.2776,3.32107e-05
834,-0.905372,-0.904933,3.3403e-05
835,-0.529787,-0.529745,3.34048e-05
836,0.33576,0.335639,3.34194e-05
837,0.683676,0.683362,3.35182e-05
838,0.447091,0.446915,3.35493e-05
839,0.925756,0.925382,3.36884e-05
840,-0.0648302,-0.0647914,3.36899e-05
841,1.27225,1.27174,3.39557e-05
842,-1.28412,-1.28368,3.41474e-05
843,-0.925906,-0.925449,3.43562e-05
844,-0.584166,-0.584144,3.43567e-05
845,0.244774,0.244652,3.43715e-05
846,0.741286,0.74096,3.44774e-05
847,0.304875,0.304764,3.44898e-05
848,1.09269,1.09225,3.46823e-05
849,-0.579,-0.578798,3.4723e-05
850,0.859008,0.858666,3.48403e-05
851,-0.205956,-0.205869,3.48478e-05
852,1.19872,1.19826,3.5059e-05
853,-1.07242,-1.07193,3.5291e-05
854,-0.249235,-0.249181,3.52939e-05
855,0.591592,0.591492,3.5304e-05
856,0.435633,0.435438,3.53418e-05
857,0.912334,0.911999,3.5454e-05
858,-0.0338365,-0.0338066,3.54549e-05
859,1.27252,1.272,3.57266e-05
860,-1.27574,-1.27532,3.59031e-05
861,-0.895851,-0.89541,3.60974e-05
862,-0.505105,-0.505059,3.60995e-05
863,0.374381,0.374258,3.61145e-05
864,0.652688,0.652385,3.62062e-05
865,0.516636,0.516429,3.62492e-05
866,0.822666,0.822338,3.63572e-05
867,0.208261,0.208193,3.63618e-05
868,1.18652,1.18602,3.66103e-05
869,-0.907129,-0.90684,3.66942e-05
870,0.204614,0.204504,3.67063e-05
871,0.669807,0.669397,3.68745e-05
872,0.434193,0.434021,3.69039e-05
873,0.937437,0.937095,3.70205e-05
874,-0.0992495,-0.0991999,3.70229e-05
875,1.26786,1.26735,3.72847e-05
876,-1.27887,-1.27841,3.7492e-05
877,-0.908308,-0.907868,3.76857e-05
878,-0.537478,-0.537437,3.76874e-05
879,0.323386,0.323265,3.77019e-05
880,0.692785,0.692468,3.78024e-05
881,0.425829,0.425662,3.78302e-05
882,0.954462,0.954077,3.79785e-05
883,-0.146736,-0.146668,3.79831e-05
884,1.25661,1.25611,3.82358e-05
885,-1.2534,-1.25293,3.84632e-05
886,-0.821299,-0.820923,3.8605e-05
887,-0.319459,-0.319357,3.86154e-05
888,0.611115,0.610939,3.86466e-05
889,0.3818,0.381649,3.86696e-05
890,0.979763,0.979364,3.88287e-05
891,-0.228422,-0.22832,3.88391e-05
892,1.22131,1.22083,3.90753e-05
893,-1.15558,-1.15508,3.93217e-05
894,-0.501835,-0.501654,3.93544e-05
895,0.301071,0.301156,3.93617e-05
896,0.722889,0.722531,3.94897e-05
897,0.359578,0.359475,3.95002e-05
898,1.03627,1.03585,3.96782e-05
899,-0.394479,-0.39433,3.97004e-05
900,1.09349,1.09306,3.98831e-05
901,-0.791411,-0.790991,4.00598e-05
902,0.452197,0.451985,4.0105e-05
903,0.477048,0.476696,4.0229e-05
904,0.81782,0.81746,4.03581e-05
905,0.207501,0.207471,4.0359e-05
906,1.18548,1.18498,4.0613e-05
907,-0.903882,-0.903595,4.06957e-05
908,0.212529,0.212416,4.07085e-05
909,0.666165,0.665753,4.08781e-05
910,0.443383,0.443207,4.09091e-05
911,0.925057,0.924721,4.10223e-05
912,-0.0642262,-0.0641895,4.10237e-05
913,1.27216,1.27165,4.12901e-05
914,-1.28362,-1.28318,4.14814e-05
915,-0.924133,-0.923678,4.16892e-05
916,-0.57943,-0.579406,4.16897e-05
917,0.253022,0.2529,4.17045e-05
918,0.736961,0.736636,4.18103e-05
919,0.316301,0.316184,4.18238e-05
920,1.08146,1.08103,4.20129e-05
921,-0.54141,-0.541219,4.20495e-05
922,0.914586,0.914224,4.21804e-05
923,-0.332666,-0.332494,4.22099e-05
924,1.11992,1.11949,4.23894e-05
925,-0.854771,-0.854322,4.25909e-05
926,0.314207,0.314035,4.26206e-05
927,0.606037,0.605638,4.27794e-05
928,0.580943,0.580694,4.28414e-05
929,0.709849,0.709603,4.29017e-05
930,0.46944,0.469257,4.29353e-05
931,0.904976,0.904598,4.30779e-05
932,-0.00486559,-0.00483996,4.30785e-05
933,1.27187,1.27135,4.33476e-05
934,-1.26471,-1.2643,4.35122e-05
935,-0.856862,-0.856444,4.36875e-05
936,-0.406257,-0.406185,4.36927e-05
937,0.512229,0.512086,4.37133e-05
938,0.511251,0.51102,4.37665e-05
939,0.788352,0.788028,4.38715e-05
940,0.284015,0.283923,4.388e-05
941,1.12403,1.12355,4.41095e-05
942,-0.682373,-0.682138,4.41648e-05
943,0.685911,0.685629,4.42443e-05
944,0.137396,0.137238,4.42696e-05
945,1.17981,1.17932,4.45078e-05
946,-0.906275,-0.905945,4.46165e-05
947,0.204883,0.204765,4.46304e-05
948,0.669926,0.669516,4.47981e-05
949,0.434048,0.433876,4.48277e-05
950,0.937648,0.937307,4.49445e-05
951,-0.0998484,-0.0997986,4.4947e-05
952,1.26776,1.26725,4.52086e-05
953,-1.27868,-1.27823,4.54162e-05
954,-0.907669,-0.907229,4.56095e-05
955,-0.5358,-0.535759,4.56112e-05
956,0.326099,0.325978,4.56257e-05
957,0.690822,0.690506,4.57259e-05
958,0.430445,0.430276,4.57544e-05
959,0.948342,0.947959,4.59007e-05
960,-0.129057,-0.128995,4.59045e-05
961,1.2616,1.26109,4.61606e-05
962,-1.26566,-1.26519,4.6381e-05
963,-0.86308,-0.862674,4.65458e-05
964,-0.421523,-0.421446,4.65517e-05
965,0.492674,0.492534,4.65712e-05
966,0.534184,0.53394,4.66308e-05
967,0.748939,0.748631,4.67254e-05
968,0.375685,0.375554,4.67426e-05
969,1.02757,1.02713,4.69345e-05
970,-0.364482,-0.364334,4.69563e-05
971,1.12274,1.1223,4.71479e-05
972,-0.873145,-0.872694,4.73509e-05
973,0.270611,0.270458,4.73744e-05
974,0.636182,0.635785,4.7532e-05
975,0.515442,0.515225,4.75791e-05
976,0.819389,0.819096,4.7665e-05
977,0.215355,0.215282,4.76704e-05
978,1.18134,1.18084,4.79177e-05
979,-0.88785,-0.887565,4.79989e-05
980,0.251502,0.251374,4.80153e-05
981,0.645684,0.645266,4.81896e-05
982,0.492697,0.492496,4.82299e-05
983,0.854313,0.854006,4.83242e-05
984,0.126729,0.126692,4.83255e-05
985,1.23425,1.23373,4.85908e-05
986,-1.09325,-1.09292,4.87031e-05
987,-0.302254,-0.302144,4.87152e-05
988,0.544389,0.544317,4.87204e-05
989,0.494794,0.494564,4.87732e-05
990,0.821163,0.820864,4.88626e-05
991,0.205086,0.205023,4.88666e-05
992,1.18791,1.18741,4.91197e-05
993,-0.912706,-0.912416,4.92038e-05
994,0.190824,0.19072,4.92148e-05
995,0.675758,0.675352,4.93803e-05
996,0.41884,0.418676,4.94071e-05
997,0.95755,0.9572,4.95293e-05
998,-0.157192,-0.157122,4.95342e-05
999,1.2531,1.2526,4.97854e-05
1000,-1.24422,-1.24374,5.00164e-05
1001,-0.790214,-0.789858,5.01428e-05
1002,-0.246664,-0.246548,5.01562e-05
1003,0.678152,0.677942,5.02002e-05
1004,0.282677,0.282588,5.0208e-05
1005,1.09202,1.09158,5.03995e-05
1006,-0.583611,-0.583402,5.04432e-05
1007,0.851317,0.850975,5.05602e-05
1008,-0.188916,-0.188842,5.05657e-05
1009,1.20583,1.20537,5.07809e-05
1010,-1.0912,-1.09072,5.10109e-05
1011,-0.304024,-0.303943,5.10173e-05
1012,0.543504,0.543448,5.10204e-05
1013,0.49558,0.495346,5.10749e-05
1014,0.819818,0.819519,5.11642e-05
1015,0.208412,0.208348,5.11684e-05
1016,1.18559,1.18508,5.14206e-05
1017,-0.903976,-0.903688,5.15036e-05
1018,0.212326,0.212213,5.15164e-05
1019,0.666257,0.665846,5.16859e-05
1020,0.443149,0.442973,5.17169e-05
1021,0.925375,0.925039,5.18302e-05
1022,-0.0651201,-0.0650831,5.18316e-05
1023,1.2721,1.27158,5.20979e-05
1024,-1.28365,-1.28321,5.22896e-05
1025,-0.924268,-0.923812,5.24974e-05
1026,-0.579788,-0.579764,5.24979e-05
1027,0.252401,0.25228,5.25127e-05
1028,0.737293,0.736968,5.26185e-05
1029,0.31543,0.315314,5.26319e-05
1030,1.08233,1.0819,5.28213e-05
1031,-0.544303,-0.544111,5.28582e-05
1032,0.910451,0.910091,5.2988e-05
1033,-0.322969,-0.322804,5.30154e-05
1034,1.12757,1.12714,5.31976e-05
1035,-0.87593,-0.875475,5.34046e-05
1036,0.265258,0.265103,5.34288e-05
1037,0.639366,0.638966,5.35885e-05
1038,0.508156,0.507942,5.3634e-05
1039,0.83078,0.830482,5.37227e-05
1040,0.186863,0.186802,5.37265e-05
1041,1.2008,1.20029,5.39808e-05
1042,-0.961242,-0.96094,5.40721e-05
1043,0.0673745,0.0673189,5.40752e-05
1044,0.705729,0.705373,5.42017e-05
1045,0.323738,0.323623,5.42147e-05
1046,1.06538,1.06499,5.43668e-05
1047,-0.490966,-0.490789,5.4398e-05
1048,0.982659,0.982273,5.45477e-05
1049,-0.498314,-0.49804,5.4623e-05
1050,0.947784,0.947421,5.4755e-05
1051,-0.406295,-0.40606,5.48102e-05
1052,1.05379,1.05339,5.49739e-05
1053,-0.675671,-0.675293,5.51174e-05
1054,0.677874,0.677588,5.51995e-05
1055,0.154789,0.154637,5.52228e-05
1056,1.17029,1.1698,5.54643e-05
1057,-0.869729,-0.86941,5.55654e-05
1058,0.292866,0.292715,5.55882e-05
1059,0.61964,0.619222,5.57631e-05
1060,0.551235,0.551005,5.58162e-05
1061,0.760985,0.760718,5.58875e-05
1062,0.355266,0.355134,5.59051e-05
1063,1.05209,1.05165,5.61025e-05
1064,-0.441979,-0.441807,5.6132e-05
1065,1.04263,1.04222,5.62971e-05
1066,-0.653621,-0.653262,5.6426e-05
1067,0.715507,0.715215,5.65115e-05
1068,0.0879795,0.0878764,5.65221e-05
1069,1.20425,1.20375,5.67702e-05
1070,-1.00263,-1.00227,5.6898e-05
1071,-0.0452127,-0.0452308,5.68984e-05
1072,0.696736,0.696456,5.69772e-05
1073,0.307468,0.30736,5.69887e-05
1074,1.07707,1.07668,5.71436e-05
1075,-0.530911,-0.530722,5.71795e-05
1076,0.929039,0.928671,5.73151e-05
1077,-0.366812,-0.366619,5.73526e-05
1078,1.09084,1.09043,5.75228e-05
1079,-0.775055,-0.774633,5.77006e-05
1080,0.487278,0.48705,5.77528e-05
1081,0.435839,0.435506,5.7864e-05
1082,0.88097,0.880583,5.80135e-05
1083,0.04502,0.0450536,5.80146e-05
1084,1.26186,1.26133,5.82904e-05
1085,-1.21421,-1.21383,5.84321e-05
1086,-0.684652,-0.684338,5.8531e-05
1087,-0.0199151,-0.0197941,5.85456e-05
1088,0.794465,0.79415,5.86446e-05
1089,0.111102,0.111117,5.86449e-05
1090,1.22143,1.22096,5.88687e-05
1091,-1.05403,-1.0537,5.89765e-05
1092,-0.188167,-0.188117,5.89791e-05
1093,0.634513,0.634346,5.90069e-05
1094,0.380367,0.380212,5.90309e-05
1095,0.988281,0.987918,5.91625e-05
1096,-0.252418,-0.252312,5.91737e-05
1097,1.20773,1.20725,5.94029e-05
1098,-1.11662,-1.11613,5.965e-05
1099,-0.381977,-0.381859,5.96638e-05
1100,0.461009,0.461019,5.96639e-05
1101,0.58818,0.587888,5.97488e-05
1102,0.654679,0.654448,5.98023e-05
1103,0.576967,0.576744,5.98519e-05
1104,0.730948,0.730647,5.99427e-05
1105,0.425794,0.42564,5.99665e-05
1106,0.96596,0.965557,6.01293e-05
1107,-0.177617,-0.177528,6.01371e-05
1108,1.24604,1.24554,6.03818e-05
1109,-1.22568,-1.22519,6.06202e-05
1110,-0.728183,-0.727868,6.07193e-05
1111,-0.109398,-0.109266,6.07368e-05
1112,0.765202,0.764925,6.08135e-05
1113,0.148071,0.148066,6.08135e-05
1114,1.19925,1.19878,6.10319e-05
1115,-0.967805,-0.967499,6.11259e-05
1116,0.0492128,0.0491597,6.11287e-05
1117,0.706712,0.706367,6.12477e-05
1118,0.316322,0.316212,6.12599e-05
1119,1.07232,1.07192,6.14138e-05
1120,-0.51395,-0.513767,6.14475e-05
1121,0.952415,0.952039,6.15889e-05
1122,-0.423288,-0.423059,6.16415e-05
1123,1.03543,1.03504,6.17955e-05
1124,-0.627109,-0.626752,6.19232e-05
1125,0.760879,0.760567,6.20202e-05
1126,0.00217042,0.00212668,6.20221e-05
1127,1.22866,1.22816,6.22698e-05
1128,-1.11151,-1.1111,6.24328e-05
1129,-0.360045,-0.359921,6.24481e-05
1130,0.485331,0.485309,6.24486e-05
1131,0.562563,0.562289,6.25235e-05
1132,0.703207,0.702956,6.25866e-05
1133,0.47706,0.476882,6.26185e-05
1134,0.892881,0.892504,6.27604e-05
1135,0.0278629,0.027875,6.27606e-05
1136,1.26718,1.26666,6.30305e-05
1137,-1.23824,-1.23785,6.3181e-05
1138,-0.76554,-0.765177,6.3313e-05
1139,-0.19116,-0.191049,6.33254e-05
1140,0.719583,0.719347,6.33809e-05
1141,0.218288,0.218241,6.33832e-05
1142,1.14958,1.14912,6.359e-05
1143,-0.783468,-0.783207,6.3658e-05
1144,0.486176,0.485958,6.37053e-05
1145,0.434773,0.43442,6.38295e-05
1146,0.88196,0.881578,6.39756e-05
1147,0.0422391,0.0422747,6.39769e-05
1148,1.2625,1.26197,6.42527e-05
1149,-1.2173,-1.21692,6.43955e-05
1150,-0.694974,-0.694654,6.44982e-05
1151,-0.0407581,-0.040637,6.45129e-05
1152,0.789598,0.789292,6.46066e-05
1153,0.115621,0.115634,6.46068e-05
1154,1.21854,1.21807,6.48297e-05
1155,-1.0428,-1.04247,6.49357e-05
1156,-0.156069,-0.156033,6.4937e-05
1157,0.653367,0.653173,6.49746e-05
1158,0.35604,0.355901,6.49939e-05
1159,1.01899,1.01862,6.51334e-05
1160,-0.345986,-0.34585,6.51519e-05
1161,1.13858,1.13813,6.53523e-05
1162,-0.917689,-0.917226,6.55668e-05
1163,0.163729,0.163613,6.55803e-05
1164,0.687732,0.687355,6.57223e-05
1165,0.387797,0.387644,6.57455e-05
1166,0.996197,0.995831,6.58793e-05
1167,-0.272168,-0.272059,6.58912e-05
1168,1.1956,1.19513,6.61133e-05
1169,-1.08177,-1.08128,6.63591e-05
1170,-0.278355,-0.278288,6.63636e-05
1171,0.567265,0.567194,6.63687e-05
1172,0.466335,0.46612,6.64149e-05
1173,0.866301,0.865983,6.65157e-05
1174,0.0899556,0.0899385,6.6516e-05
1175,1.24899,1.24847,6.67881e-05
1176,-1.15552,-1.15517,6.69131e-05
1177,-0.493846,-0.493638,6.69563e-05
1178,0.312237,0.3123,6.69603e-05
1179,0.715717,0.715365,6.70845e-05
1180,0.377354,0.377244,6.70967e-05
1181,1.01579,1.01537,6.72679e-05
1182,-0.330327,-0.330197,6.72847e-05
1183,1.15242,1.15197,6.74885e-05
1184,-0.95738,-0.956906,6.77136e-05
1185,0.0637335,0.0636549,6.77198e-05
1186,0.707587,0.707256,6.78299e-05
1187,0.318918,0.318802,6.78433e-05
1188,1.07028,1.06989,6.79975e-05
1189,-0.507066,-0.506885,6.80303e-05
1190,0.961641,0.961262,6.81742e-05
1191,-0.445942,-0.445699,6.82334e-05
1192,1.01066,1.01027,6.83808e-05
1193,-0.562943,-0.562618,6.84862e-05
1194,0.860268,0.859926,6.86029e-05
1195,-0.20415,-0.204048,6.86132e-05
1196,1.20015,1.19969,6.88303e-05
1197,-1.07665,-1.07617,6.90614e-05
1198,-0.26154,-0.261481,6.90649e-05
1199,0.581519,0.581429,6.9073e-05
1200,0.448475,0.448272,6.91141e-05
1201,0.893429,0.893101,6.92216e-05
1202,0.0177892,0.0177998,6.92217e-05
1203,1.26801,1.26749,6.94961e-05
1204,-1.24418,-1.24379,6.96498e-05
1205,-0.785955,-0.78558,6.97903e-05
1206,-0.237233,-0.237128,6.98015e-05
1207,0.685818,0.685605,6.98469e-05
1208,0.270867,0.270787,6.98535e-05
1209,1.10347,1.10303,7.00481e-05
1210,-0.622316,-0.622097,7.00963e-05
1211,0.789423,0.789102,7.01993e-05
1212,-0.0583652,-0.0583837,7.01996e-05
1213,1.23245,1.23196,7.04367e-05
1214,-1.14276,-1.14233,7.06256e-05
1215,-0.457452,-0.457283,7.06541e-05
1216,0.364503,0.364552,7.06565e-05
1217,0.677096,0.676758,7.07704e-05
1218,0.468314,0.468163,7.07931e-05
1219,0.896544,0.89618,7.09258e-05
1220,0.0160467,0.0160557,7.09259e-05
1221,1.26901,1.26849,7.1197e-05
1222,-1.24828,-1.24789,7.13523e-05
1223,-0.799949,-0.799565,7.14997e-05
1224,-0.269493,-0.269393,7.15097e-05
1225,0.658727,0.658529,7.15489e-05
1226,0.312164,0.312057,7.15603e-05
1227,1.06165,1.06123,7.17433e-05
1228,-0.483248,-0.483067,7.17761e-05
1229,0.992064,0.991673,7.19295e-05
1230,-0.521989,-0.521701,7.20122e-05
1231,0.916815,0.916461,7.21373e-05
1232,-0.33256,-0.332371,7.21728e-05
1233,1.12071,1.12028,7.23576e-05
1234,-0.857196,-0.856748,7.25586e-05
1235,0.308631,0.308461,7.25876e-05
1236,0.610167,0.609768,7.27468e-05
1237,0.572239,0.571994,7.28067e-05
1238,0.725135,0.724883,7.28703e-05
1239,0.43613,0.435961,7.28987e-05
1240,0.951777,0.951378,7.3058e-05
1241,-0.136453,-0.136379,7.30634e-05
1242,1.25988,1.25937,7.33167e-05
1243,-1.26182,-1.26135,7.35405e-05
1244,-0.849979,-0.849583,7.36977e-05
1245,-0.388997,-0.388911,7.3705e-05
1246,0.533522,0.533373,7.37275e-05
1247,0.485262,0.485046,7.3774e-05
1248,0.830976,0.830634,7.38905e-05
1249,0.179628,0.179579,7.38929e-05
1250,1.20455,1.20404,7.41523e-05
1251,-0.976036,-0.975732,7.42452e-05
1252,0.0283795,0.0283398,7.42468e-05
1253,0.706489,0.706156,7.43575e-05
1254,0.31049,0.310383,7.4369e-05
1255,1.07737,1.07697,7.45241e-05
1256,-0.530897,-0.530708,7.45597e-05
1257,0.929149,0.928781,7.4695e-05
1258,-0.367093,-0.366899,7.47326e-05
1259,1.09059,1.09017,7.49027e-05
1260,-0.77436,-0.773938,7.50804e-05
1261,0.488708,0.488479,7.51327e-05
1262,0.434095,0.433762,7.52434e-05
1263,0.883522,0.883134,7.53936e-05
1264,0.0381959,0.038232,7.53949e-05
1265,1.26342,1.26289,7.56708e-05
1266,-1.22177,-1.22139,7.58153e-05
1267,-0.709978,-0.709649,7.59237e-05
1268,-0.0715807,-0.0714602,7.59382e-05
1269,0.780249,0.779956,7.60239e-05
1270,0.126891,0.126898,7.6024e-05
1271,1.21191,1.21144,7.62452e-05
1272,-1.01688,-1.01656,7.6347e-05
1273,-0.0833248,-0.0833216,7.6347e-05
1274,0.685565,0.685312,7.64109e-05
1275,0.317603,0.317489,7.64239e-05
1276,1.06486,1.06447,7.65754e-05
1277,-0.491279,-0.491101,7.66073e-05
1278,0.982078,0.98169,7.67573e-05
1279,-0.496806,-0.496532,7.68321e-05
1280,0.949709,0.949345,7.69646e-05
1281,-0.410956,-0.410718,7.70211e-05
1282,1.04904,1.04864,7.71834e-05
1283,-0.663088,-0.662715,7.73226e-05
1284,0.700017,0.699724,7.74085e-05
1285,0.115851,0.115726,7.74242e-05
1286,1.19166,1.19117,7.76701e-05
1287,-0.952056,-0.951714,7.77868e-05
1288,0.089359,0.0892858,7.77922e-05
1289,0.703691,0.703325,7.79264e-05
1290,0.334374,0.334253,7.79409e-05
1291,1.05497,1.05458,7.80903e-05
1292,-0.456891,-0.456724,7.81181e-05
1293,1.02474,1.02434,7.82798e-05
1294,-0.606329,-0.605994,7.83916e-05
1295,0.793496,0.793181,7.84913e-05
1296,-0.0625926,-0.0625882,7.84913e-05
1297,1.23296,1.23247,7.87335e-05
1298,-1.14579,-1.14535,7.89233e-05
1299,-0.466995,-0.466822,7.89534e-05
1300,0.351248,0.351303,7.89564e-05
1301,0.687517,0.687174,7.90736e-05
1302,0.444439,0.444299,7.90932e-05
1303,0.930169,0.92979,7.92366e-05
1304,-0.0770677,-0.077024,7.92385e-05
1305,1.27115,1.27063,7.95027e-05
1306,-1.28386,-1.28341,7.97e-05
1307,-0.925272,-0.924818,7.99069e-05
1308,-0.58245,-0.582426,7.99075e-05
1309,0.247768,0.247646,7.99223e-05
1310,0.739738,0.739412,8.00282e-05
1311,0.308985,0.308871,8.0041e-05
1312,1.0887,1.08826,8.02323e-05
1313,-0.565575,-0.565377,8.02715e-05
1314,0.879317,0.878967,8.03936e-05
1315,-0.251347,-0.251229,8.04074e-05
1316,1.17578,1.17533,8.06081e-05
1317,-1.0098,-1.00932,8.08391e-05
1318,-0.0735972,-0.0736231,8.08398e-05
1319,0.689858,0.689615,8.0899e-05
1320,0.31223,0.312116,8.0912e-05
1321,1.07089,1.0705,8.10657e-05
1322,-0.510911,-0.510727,8.10996e-05
1323,0.95635,0.955972,8.12425e-05
1324,-0.432888,-0.432653,8.12977e-05
1325,1.02512,1.02473,8.1449e-05
1326,-0.600234,-0.59989,8.15673e-05
1327,0.803927,0.803603,8.16725e-05
1328,-0.0840732,-0.0840554,8.16729e-05
1329,1.23168,1.23119,8.19121e-05
1330,-1.14782,-1.14737,8.21105e-05
1331,-0.473875,-0.4737,8.21412e-05
1332,0.341579,0.341639,8.21447e-05
1333,0.694831,0.694486,8.22642e-05
1334,0.42739,0.427257,8.22818e-05
1335,0.953166,0.952777,8.24326e-05
1336,-0.142788,-0.142721,8.24371e-05
1337,1.25782,1.25732,8.26905e-05
1338,-1.25647,-1.256,8.29164e-05
1339,-0.831732,-0.831348,8.30637e-05
1340,-0.344491,-0.344395,8.3073e-05
1341,0.584711,0.584545,8.31006e-05
1342,0.418487,0.418312,8.31312e-05
1343,0.930765,0.930385,8.3276e-05
1344,-0.0864205,-0.086368,8.32788e-05
1345,1.26919,1.26867,8.35448e-05
1346,-1.2797,-1.27925,8.37454e-05
1347,-0.910919,-0.910475,8.39421e-05
1348,-0.544363,-0.544326,8.39435e-05
1349,0.312171,0.31205,8.3958e-05
1350,0.700696,0.700377,8.40599e-05
1351,0.407035,0.406877,8.40849e-05
1352,0.97874,0.978345,8.4241e-05
1353,-0.218051,-0.217958,8.42496e-05
1354,1.22748,1.227,8.44859e-05
1355,-1.17361,-1.17311,8.47327e-05
1356,-0.558781,-0.558568,8.47779e-05
1357,0.211158,0.211269,8.47903e-05
1358,0.770309,0.769941,8.49253e-05
1359,0.233492,0.233447,8.49273e-05
1360,1.15515,1.15469,8.51419e-05
1361,-0.796842,-0.796584,8.52082e-05
1362,0.458246,0.458041,8.52504e-05
1363,0.467672,0.467303,8.53869e-05
1364,0.832052,0.831692,8.55168e-05
1365,0.17181,0.171795,8.55171e-05
1366,1.2087,1.20819,8.57792e-05
1367,-0.992378,-0.99207,8.58743e-05
1368,-0.0154051,-0.0154264,8.58748e-05
1369,0.70235,0.702046,8.5967e-05
1370,0.305461,0.305356,8.5978e-05
1371,1.08047,1.08007,8.61338e-05
1372,-0.54177,-0.541578,8.61707e-05
1373,0.913755,0.913393,8.63023e-05
1374,-0.330644,-0.330474,8.63313e-05
1375,1.12154,1.12112,8.65114e-05
1376,-0.859266,-0.858815,8.67141e-05
1377,0.303915,0.303747,8.67426e-05
1378,0.613588,0.613189,8.69021e-05
1379,0.564965,0.564724,8.69602e-05
1380,0.737737,0.737479,8.70267e-05
1381,0.408148,0.407992,8.7051e-05
1382,0.988619,0.988203,8.7224e-05
1383,-0.244877,-0.244766,8.72362e-05
1384,1.21306,1.21259,8.74641e-05
1385,-1.13244,-1.13194,8.77132e-05
1386,-0.430176,-0.430033,8.77335e-05
1387,0.401474,0.401517,8.77354e-05
1388,0.645611,0.645287,8.784e-05
1389,0.537682,0.537501,8.78728e-05
1390,0.789433,0.789116,8.79737e-05
1391,0.289567,0.289465,8.7984e-05
1392,1.1199,1.11943,8.82071e-05
1393,-0.667763,-0.66753,8.82613e-05
1394,0.712284,0.711993,8.83458e-05
1395,0.0901582,0.0900332,8.83615e-05
1396,1.20274,1.20225,8.86036e-05
1397,-0.996913,-0.996556,8.87313e-05
1398,-0.0296727,-0.0296974,8.87319e-05
1399,0.700091,0.699799,8.88172e-05
1400,0.305591,0.305485,8.88285e-05
1401,1.07968,1.07929,8.89841e-05
1402,-0.539359,-0.539167,8.90208e-05
1403,0.917169,0.916805,8.91533e-05
1404,-0.33867,-0.338495,8.91841e-05
1405,1.11505,1.11463,8.9362e-05
1406,-0.841357,-0.840913,8.95598e-05
1407,0.344584,0.344402,8.95931e-05
1408,0.582063,0.581669,8.97484e-05
1409,0.629919,0.629646,8.98226e-05
1410,0.61967,0.619464,8.98651e-05
1411,0.651931,0.651664,8.99363e-05
1412,0.591538,0.591307,8.99897e-05
1413,0.70628,0.705997,9.00694e-05
1414,0.479764,0.479587,9.01008e-05
1415,0.890162,0.889794,9.02363e-05
1416,0.035439,0.0354497,9.02364e-05
1417,1.2657,1.26518,9.05061e-05
1418,-1.2307,-1.23031,9.06535e-05
1419,-0.739934,-0.739586,9.07746e-05
1420,-0.134994,-0.134877,9.07883e-05
1421,0.752919,0.752656,9.08575e-05
1422,0.166466,0.16645,9.08577e-05
1423,1.18747,1.18701,9.10736e-05
1424,-0.922947,-0.922651,9.11608e-05
1425,0.164402,0.164303,9.11706e-05
1426,0.68581,0.685411,9.13295e-05
1427,0.391738,0.391588,9.1352e-05
1428,0.991309,0.990946,9.14837e-05
1429,-0.257392,-0.257287,9.14946e-05
1430,1.20508,1.20461,9.1721e-05
1431,-1.1092,-1.1087,9.19686e-05
1432,-0.359626,-0.359519,9.198e-05
1433,0.486441,0.486434,9.198e-05
1434,0.561154,0.560879,9.20557e-05
1435,0.705764,0.705511,9.21195e-05
1436,0.471595,0.471419,9.21506e-05
1437,0.900904,0.900523,9.22953e-05
1438,0.00608602,0.00610638,9.22957e-05
1439,1.27062,1.2701,9.25653e-05
1440,-1.257,-1.2566,9.27251e-05
1441,-0.830035,-0.829632,9.2887e-05
1442,-0.340673,-0.340586,9.28945e-05
1443,0.588879,0.588712,9.29224e-05
1444,0.412781,0.41261,9.29516e-05
1445,0.938652,0.938268,9.30988e-05
1446,-0.108763,-0.108703,9.31025e-05
1447,1.26545,1.26494,9.3365e-05
1448,-1.27316,-1.2727,9.35756e-05
1449,-0.888633,-0.888208,9.37566e-05
1450,-0.486346,-0.486289,9.37599e-05
1451,0.402595,0.40247,9.37756e-05
1452,0.627631,0.627339,9.3861e-05
1453,0.569996,0.569766,9.39143e-05
1454,0.734005,0.733716,9.39981e-05
1455,0.417413,0.417255,9.40231e-05
1456,0.976782,0.976372,9.4191e-05
1457,-0.209545,-0.209446,9.42008e-05
1458,1.23198,1.2315,9.44379e-05
1459,-1.18655,-1.18605,9.46839e-05
1460,-0.600194,-0.599957,9.47399e-05
1461,0.140132,0.140256,9.47554e-05
1462,0.792834,0.792472,9.48866e-05
1463,0.162871,0.16286,9.48867e-05
1464,1.20108,1.20061,9.51115e-05
1465,-0.96949,-0.969189,9.52021e-05
1466,0.0451737,0.0451242,9.52045e-05
1467,0.706735,0.706393,9.5322e-05
1468,0.31506,0.314951,9.5334e-05
1469,1.07344,1.07305,9.54882e-05
1470,-0.517699,-0.517515,9.55223e-05
1471,0.947338,0.946964,9.56624e-05
1472,-0.410913,-0.410691,9.57115e-05
1473,1.04835,1.04796,9.58691e-05
1474,-0.661075,-0.660702,9.60086e-05
1475,0.703544,0.703249,9.60952e-05
1476,0.109526,0.109406,9.61098e-05
1477,1.19471,1.19422,9.63562e-05
1478,-0.964141,-0.963795,9.64755e-05
1479,0.0578635,0.057803,9.64792e-05
1480,0.706533,0.706184,9.66011e-05
1481,0.31928,0.319167,9.66138e-05
1482,1.06963,1.06924,9.67671e-05
1483,-0.505015,-0.504834,9.67998e-05
1484,0.964351,0.963971,9.69444e-05
1485,-0.452634,-0.452387,9.70055e-05
1486,1.00306,1.00268,9.7151e-05
1487,-0.543533,-0.543219,9.72497e-05
1488,0.888032,0.887681,9.73724e-05
1489,-0.266279,-0.266135,9.7393e-05
1490,1.16759,1.16715,9.75951e-05
1491,-0.987437,-0.98696,9.7823e-05
1492,-0.0135313,-0.0135822,9.78256e-05
1493,0.703941,0.703654,9.79079e-05
1494,0.302853,0.302745,9.79194e-05
1495,1.08318,1.08278,9.80766e-05
1496,-0.550747,-0.550553,9.81144e-05
1497,0.900841,0.900482,9.82427e-05
1498,-0.300532,-0.300382,9.82653e-05
1499,1.14426,1.14382,9.84535e-05
1500,-0.922247,-0.92178,9.86713e-05
1501,0.153712,0.153596,9.86847e-05
1502,0.690814,0.690437,9.88265e-05
1503,0.378841,0.378694,9.88482e-05
1504,1.00673,1.00636,9.89849e-05
1505,-0.304373,-0.304253,9.89992e-05
1506,1.17277,1.17231,9.92117e-05
1507,-1.0158,-1.01531,9.94487e-05
1508,-0.0914878,-0.0915042,9.9449e-05
1509,0.68391,0.683685,9.94997e-05
1510,0.318272,0.318154,9.95137e-05
1511,1.06378,1.06339,9.96656e-05
1512,-0.487863,-0.487685,9.96971e-05
1513,0.986436,0.986047,9.98484e-05
1514,-0.50779,-0.50751,9.99267e-05
1515,0.93558,0.935221,0.000100056
1516,-0.376963,-0.376747,0.000100103
1517,1.08227,1.08185,0.000100275
1518,-0.752004,-0.751593,0.000100444
1519,0.533951,0.533708,0.000100503
1520,0.37604,0.375741,0.000100593
1521,0.962879,0.962459,0.00010077
1522,-0.184252,-0.184136,0.000100783
1523,1.24177,1.24127,0.000101032
1524,-1.21278,-1.21229,0.000101269
1525,-0.685414,-0.685125,0.000101352
1526,-0.020978,-0.0208426,0.00010137
1527,0.79417,0.793854,0.00010147
1528,0.111446,0.111461,0.00010147
1529,1.22124,1.22076,0.000101694
1530,-1.05326,-1.05293,0.000101802
1531,-0.185947,-0.185897,0.000101804
1532,0.635909,0.63574,0.000101833
1533,0.378553,0.378399,0.000101856
1534,0.990625,0.990262,0.000101989
1535,-0.259455,-0.259346,0.000102
1536,1.20339,1.20291,0.000102228
1537,-1.1041,-1.10361,0.000102474
1538,-0.344351,-0.344252,0.000102484
1539,0.503023,0.503005,0.000102484
1540,0.542769,0.542505,0.000102554
1541,0.739131,0.738865,0.000102625
1542,0.398607,0.398462,0.000102646
1543,0.999804,0.999379,0.000102827
1544,-0.278843,-0.278722,0.000102841
1545,1.19152,1.19105,0.00010306
1546,-1.07016,-1.06967,0.000103305
1547,-0.244599,-0.244548,0.000103308
1548,0.595474,0.595375,0.000103317
1549,0.430568,0.430376,0.000103354
1550,0.919637,0.919299,0.000103468
1551,-0.0540803,-0.054043,0.00010347
1552,1.27222,1.2717,0.000103739
1553,-1.28076,-1.28033,0.000103925
1554,-0.913866,-0.913416,0.000104128
1555,-0.55219,-0.552158,0.000104129
1556,0.299266,0.299146,0.000104143
1557,0.709391,0.709069,0.000104247
1558,0.386001,0.385853,0.000104269
1559,1.00469,1.00429,0.000104433
1560,-0.296388,-0.29627,0.000104447
1561,1.17886,1.1784,0.000104662
1562,-1.03345,-1.03296,0.000104902
1563,-0.140283,-0.140279,0.000104902
1564,0.66275,0.662564,0.000104936
1565,0.343464,0.34333,0.000104954
1566,1.03412,1.03374,0.000105098
1567,-0.393228,-0.393078,0.000105121
1568,1.09424,1.09381,0.000105306
1569,-0.793328,-0.792908,0.000105482
1570,0.448171,0.447959,0.000105527
1571,0.481548,0.481193,0.000105653
1572,0.810578,0.810222,0.000105779
1573,0.225352,0.225314,0.000105781
1574,1.17249,1.17199,0.00010603
1575,-0.855678,-0.855402,0.000106106
1576,0.327357,0.327201,0.000106131
1577,0.593911,0.593495,0.000106304
1578,0.605285,0.605029,0.000106369
1579,0.665789,0.665564,0.00010642
1580,0.561568,0.561343,0.000106471
1581,0.75883,0.758521,0.000106566
1582,0.363033,0.362907,0.000106582
1583,1.04361,1.04317,0.000106774
1584,-0.414788,-0.414624,0.000106801
1585,1.07269,1.07227,0.000106975
1586,-0.734464,-0.734067,0.000107133
1587,0.567533,0.567285,0.000107195
1588,0.32951,0.329242,0.000107266
1589,1.01887,1.01843,0.000107462
1590,-0.353466,-0.353294,0.000107492
1591,1.13123,1.13078,0.000107691
1592,-0.896587,-0.896132,0.000107899
1593,0.215097,0.214963,0.000107917
1594,0.666858,0.666468,0.00010807
1595,0.442818,0.442638,0.000108102
1596,0.925979,0.925641,0.000108216
1597,-0.0667822,-0.0667445,0.000108218
1598,1.27197,1.27146,0.000108484
1599,-1.2837,-1.28326,0.000108676
1600,-0.924486,-0.92403,0.000108884
1601,-0.580367,-0.580343,0.000108885
1602,0.251395,0.251274,0.000108899
1603,0.737828,0.737503,0.000109005
1604,0.314023,0.313907,0.000109019
1605,1.08373,1.0833,0.000109208
1606,-0.54897,-0.548777,0.000109246
1607,0.903729,0.903371,0.000109374
1608,-0.307299,-0.307144,0.000109398
1609,1.13937,1.13894,0.000109584
1610,-0.908661,-0.908198,0.000109799
1611,0.187057,0.186929,0.000109815
1612,0.679008,0.678621,0.000109965
1613,0.411506,0.411341,0.000109992
1614,0.967059,0.966704,0.000110118
1615,-0.185001,-0.184922,0.000110124
1616,1.24263,1.24214,0.000110369
1617,-1.21603,-1.21554,0.000110609
1618,-0.696213,-0.695919,0.000110696
1619,-0.0428222,-0.0426868,0.000110714
1620,0.78898,0.788673,0.000110808
1621,0.116374,0.116386,0.000110809
1622,1.21811,1.21764,0.000111031
1623,-1.04111,-1.04078,0.000111137
1624,-0.151264,-0.151231,0.000111138
1625,0.655944,0.655746,0.000111177
1626,0.352764,0.352627,0.000111196
1627,1.02301,1.02264,0.000111337
1628,-0.35846,-0.358321,0.000111356
1629,1.12748,1.12704,0.000111553
1630,-0.886259,-0.885805,0.000111758
1631,0.239744,0.239601,0.000111779
1632,0.654281,0.653886,0.000111934
1633,0.473483,0.473286,0.000111973
1634,0.882886,0.882566,0.000112075
1635,0.0515017,0.0514947,0.000112075
1636,1.26158,1.26106,0.000112347
1637,-1.2113,-1.21092,0.000112487
1638,-0.674862,-0.674553,0.000112583
1639,-0.000427081,-0.000306642,0.000112598
1640,0.797956,0.797634,0.000112701
1641,0.109183,0.1092,0.000112702
1642,1.22307,1.2226,0.000112926
1643,-1.06021,-1.05988,0.000113035
1644,-0.205954,-0.205895,0.000113038
1645,0.622839,0.622687,0.000113062
1646,0.395562,0.395397,0.000113089
1647,0.968287,0.967932,0.000113215
1648,-0.193116,-0.19303,0.000113223
1649,1.23871,1.23821,0.000113467
1650,-1.20485,-1.20436,0.000113708
1651,-0.659468,-0.659196,0.000113782
1652,0.0302044,0.030339,0.0001138
1653,0.801288,0.800953,0.000113913
1654,0.110951,0.110966,0.000113913
1655,1.22352,1.22305,0.000114138
1656,-1.06122,-1.06089,0.000114247
1657,-0.208832,-0.208772,0.00011425
1658,0.620862,0.620713,0.000114273
1659,0.398137,0.39797,0.0001143
1660,0.964835,0.964481,0.000114426
1661,-0.183006,-0.182923,0.000114433
1662,1.243,1.2425,0.00011468
1663,-1.21669,-1.2162,0.000114918
1664,-0.698357,-0.698061,0.000115006
1665,-0.0472005,-0.0470652,0.000115024
1666,0.787786,0.787481,0.000115117
1667,0.117693,0.117704,0.000115117
1668,1.21732,1.21685,0.00011534
1669,-1.03802,-1.0377,0.000115445
1670,-0.142512,-0.142483,0.000115446
1671,0.660474,0.660269,0.000115488
1672,0.34705,0.346917,0.000115506
1673,1.02997,1.02959,0.000115648
1674,-0.380145,-0.379999,0.00011567
1675,1.10715,1.10672,0.000115859
1676,-0.829189,-0.828754,0.000116047
1677,0.370635,0.370448,0.000116082
1678,0.559635,0.559249,0.00011623
1679,0.673564,0.673271,0.000116317
1680,0.533332,0.533164,0.000116345
1681,0.80435,0.804013,0.000116459
1682,0.255019,0.254939,0.000116466
1683,1.1507,1.15021,0.000116699
1684,-0.775962,-0.775703,0.000116767
1685,0.502881,0.502662,0.000116815
1686,0.413893,0.413552,0.000116931
1687,0.911757,0.911363,0.000117086
1688,-0.0388158,-0.0387498,0.000117091
1689,1.27183,1.27131,0.000117363
1690,-1.27476,-1.27433,0.000117541
1691,-0.892544,-0.892106,0.000117733
1692,-0.496544,-0.496495,0.000117735
1693,0.387382,0.387258,0.00011775
1694,0.641393,0.641095,0.000117839
1695,0.540991,0.540773,0.000117887
1696,0.78323,0.782919,0.000117984
1697,0.304194,0.304086,0.000117996
1698,1.10589,1.10542,0.000118213
1699,-0.619731,-0.61951,0.000118262
1700,0.794635,0.794316,0.000118364
1701,-0.0691567,-0.0691668,0.000118364
1702,1.23208,1.2316,0.000118599
1703,-1.14475,-1.14431,0.000118793
1704,-0.46393,-0.463759,0.000118822
1705,0.355552,0.355605,0.000118825
1706,0.684177,0.683836,0.000118941
1707,0.452141,0.451997,0.000118961
1708,0.919503,0.919129,0.000119101
1709,-0.0471497,-0.047117,0.000119103
1710,1.27315,1.27263,0.00011937
1711,-1.28199,-1.28156,0.000119554
1712,-0.918016,-0.917562,0.00011976
1713,-0.563184,-0.563155,0.000119761
1714,0.280851,0.28073,0.000119775
1715,0.721044,0.72072,0.00011988
1716,0.357142,0.357007,0.000119898
1717,1.0382,1.03778,0.000120073
1718,-0.400834,-0.400683,0.000120096
1719,1.08699,1.08657,0.000120277
1720,-0.773503,-0.77309,0.000120447
1721,0.48946,0.489236,0.000120498
1722,0.43331,0.43298,0.000120606
1723,0.884699,0.88431,0.000120757
1724,0.0350503,0.0350876,0.000120758
1725,1.26409,1.26357,0.000121034
1726,-1.22511,-1.22472,0.00012118
1727,-0.721196,-0.72086,0.000121293
1728,-0.0950319,-0.0949122,0.000121307
1729,0.771412,0.77113,0.000121387
1730,0.139028,0.139028,0.000121387
1731,1.20475,1.20428,0.000121606
1732,-0.989007,-0.988695,0.000121704
1733,-0.00721112,-0.00724069,0.000121705
1734,0.703627,0.703318,0.0001218
1735,0.305414,0.305309,0.000121811
1736,1.08089,1.0805,0.000121967
1737,-0.543062,-0.542869,0.000122004
1738,0.911921,0.911559,0.000122135
1739,-0.326344,-0.326176,0.000122163
1740,1.12495,1.12452,0.000122344
1741,-0.86867,-0.868217,0.00012255
1742,0.282195,0.282034,0.000122576
1743,0.628575,0.628174,0.000122736
1744,0.532391,0.532166,0.000122786
1745,0.792253,0.791972,0.000122866
1746,0.281644,0.281543,0.000122876
1747,1.12709,1.12662,0.000123102
1748,-0.692753,-0.692514,0.000123159
1749,0.666855,0.66658,0.000123235
1750,0.170368,0.170186,0.000123269
1751,1.15991,1.15943,0.000123502
1752,-0.831227,-0.830918,0.000123598
1753,0.381416,0.381233,0.000123631
1754,0.547654,0.547251,0.000123794
1755,0.695392,0.695093,0.000123883
1756,0.487907,0.487759,0.000123905
1757,0.875827,0.875455,0.000124043
1758,0.0733432,0.0733367,0.000124043
1759,1.25563,1.25511,0.000124311
1760,-1.18377,-1.18341,0.000124444
1761,-0.584369,-0.584112,0.00012451
1762,0.167213,0.167316,0.000124521
1763,0.785937,0.785574,0.000124653
1764,0.18624,0.186218,0.000124653
1765,1.1876,1.18712,0.000124875
1766,-0.917392,-0.917104,0.000124958
1767,0.178727,0.178625,0.000124969
1768,0.680602,0.680199,0.000125131
1769,0.406005,0.405848,0.000125156
1770,0.973818,0.973462,0.000125283
1771,-0.205012,-0.204925,0.00012529
1772,1.23374,1.23325,0.000125531
1773,-1.19123,-1.19073,0.000125775
1774,-0.615257,-0.615012,0.000125835
1775,0.113117,0.113245,0.000125852
1776,0.7979,0.797542,0.000125979
1777,0.143472,0.14347,0.000125979
1778,1.21092,1.21045,0.000126205
1779,-1.00852,-1.00821,0.000126303
1780,-0.05994,-0.0599453,0.000126303
1781,0.692778,0.692507,0.000126376
1782,0.310734,0.310625,0.000126388
1783,1.07306,1.07267,0.000126542
1784,-0.517864,-0.517679,0.000126576
1785,0.946988,0.946613,0.000126717
1786,-0.410031,-0.40981,0.000126765
1787,1.04926,1.04886,0.000126923
1788,-0.663473,-0.663098,0.000127064
1789,0.699373,0.69908,0.000127149
1790,0.116998,0.116872,0.000127165
1791,1.1911,1.1906,0.000127411
1792,-0.949823,-0.949482,0.000127527
1793,0.0951329,0.0950575,0.000127533
1794,0.702874,0.702505,0.000127669
1795,0.337721,0.337599,0.000127684
1796,1.05157,1.05119,0.000127833
1797,-0.445883,-0.44572,0.00012786
1798,1.03763,1.03722,0.000128025
1799,-0.640235,-0.639883,0.000128149
1800,0.738236,0.737936,0.000128238
1801,0.0457376,0.0456647,0.000128244
1802,1.21896,1.21846,0.000128493
1803,-1.06519,-1.06481,0.000128638
1804,-0.221865,-0.221806,0.000128641
1805,0.611817,0.61168,0.00012866
1806,0.409819,0.409644,0.000128691
1807,0.948921,0.948573,0.000128812
1808,-0.13688,-0.136813,0.000128816
1809,1.25887,1.25837,0.000129074
1810,-1.2584,-1.25793,0.000129296
1811,-0.838208,-0.837819,0.000129447
1812,-0.360188,-0.360096,0.000129456
1813,0.567278,0.567118,0.000129481
1814,0.441889,0.4417,0.000129517
1815,0.897365,0.896997,0.000129652
1816,0.00604583,0.0060643,0.000129653
1817,1.26957,1.26905,0.000129927
1818,-1.25325,-1.25286,0.000130086
1819,-0.817185,-0.816791,0.000130241
1820,-0.309958,-0.309864,0.000130249
1821,0.62072,0.62054,0.000130282
1822,0.368085,0.367942,0.000130302
1823,0.997033,0.996628,0.000130466
1824,-0.280311,-0.280192,0.00013048
1825,1.18955,1.18908,0.000130702
1826,-1.06402,-1.06353,0.000130945
1827,-0.226845,-0.226802,0.000130947
1828,0.609041,0.608927,0.00013096
1829,0.41303,0.41285,0.000130992
1830,0.944402,0.944055,0.000131113
1831,-0.123943,-0.123881,0.000131117
1832,1.26224,1.26173,0.000131376
1833,-1.26638,-1.26592,0.000131593
1834,-0.865453,-0.865045,0.00013176
1835,-0.427474,-0.427399,0.000131766
1836,0.484887,0.484748,0.000131785
1837,0.543056,0.542807,0.000131847
1838,0.733231,0.73293,0.000131937
1839,0.410928,0.410782,0.000131959
1840,0.984059,0.98364,0.000132134
1841,-0.231438,-0.231333,0.000132145
1842,1.22065,1.22017,0.000132377
1843,-1.15424,-1.15374,0.000132625
1844,-0.497706,-0.497527,0.000132657
1845,0.307247,0.30733,0.000132664
1846,0.718866,0.718509,0.000132791
1847,0.369548,0.369441,0.000132803
1848,1.02489,1.02447,0.000132977
1849,-0.358665,-0.358526,0.000132996
1850,1.12782,1.12738,0.000133191
1851,-0.887405,-0.88695,0.000133398
1852,0.237004,0.236863,0.000133418
1853,0.655764,0.65537,0.000133573
1854,0.46994,0.469746,0.000133611
1855,0.888007,0.887685,0.000133714
1856,0.0377466,0.037745,0.000133714
1857,1.26483,1.26431,0.000133986
1858,-1.22693,-1.22655,0.000134132
1859,-0.727247,-0.726907,0.000134248
1860,-0.107836,-0.107717,0.000134262
1861,0.76596,0.765684,0.000134338
1862,0.146909,0.146905,0.000134339
1863,1.19996,1.19949,0.000134557
1864,-0.970528,-0.970221,0.000134652
1865,0.0420375,0.0419873,0.000134654
1866,0.706806,0.706466,0.00013477
1867,0.313974,0.313865,0.000134782
1868,1.07442,1.07402,0.000134936
1869,-0.520964,-0.520779,0.000134971
1870,0.942885,0.942513,0.00013511
1871,-0.400111,-0.399896,0.000135156
1872,1.05927,1.05887,0.000135317
1873,-0.690045,-0.689659,0.000135466
1874,0.652059,0.651781,0.000135544
1875,0.19854,0.198357,0.000135578
1876,1.14093,1.14045,0.000135812
1877,-0.761659,-0.761371,0.000135895
1878,0.530811,0.530576,0.00013595
1879,0.377794,0.377474,0.000136053
1880,0.960107,0.959692,0.000136225
1881,-0.176285,-0.17617,0.000136238
1882,1.24496,1.24446,0.000136488
1883,-1.22148,-1.22099,0.000136723
1884,-0.714128,-0.713822,0.000136817
1885,-0.0797906,-0.0796567,0.000136835
1886,0.777261,0.77697,0.000136919
1887,0.130943,0.130947,0.000136919
1888,1.20955,1.20908,0.00013714
1889,-1.00767,-1.00736,0.00013724
1890,-0.0579418,-0.0579497,0.00013724
1891,0.693364,0.693091,0.000137314
1892,0.310198,0.310089,0.000137326
1893,1.0737,1.07331,0.00013748
1894,-0.519952,-0.519766,0.000137515
1895,0.944147,0.943774,0.000137654
1896,-0.403139,-0.402922,0.000137701
1897,1.05625,1.05585,0.000137861
1898,-0.681999,-0.681616,0.000138008
1899,0.666596,0.666313,0.000138088
1900,0.174119,0.173952,0.000138116
1901,1.15802,1.15753,0.000138354
1902,-0.823948,-0.823643,0.000138448
1903,0.397706,0.397517,0.000138483
1904,0.532077,0.531679,0.000138641
1905,0.723811,0.723499,0.000138739
1906,0.426793,0.426672,0.000138754
1907,0.962592,0.962181,0.000138922
1908,-0.16819,-0.168107,0.000138929
1909,1.24959,1.24909,0.000139176
1910,-1.23523,-1.23475,0.000139412
1911,-0.760055,-0.75972,0.000139524
1912,-0.178595,-0.178469,0.00013954
1913,0.727736,0.727492,0.000139599
1914,0.205556,0.205516,0.000139601
1915,1.15957,1.15912,0.00013981
1916,-0.819585,-0.819316,0.000139883
1917,0.408135,0.407945,0.000139919
1918,0.521612,0.521218,0.000140074
1919,0.742369,0.742048,0.000140177
1920,0.385579,0.385476,0.000140187
1921,1.01502,1.01459,0.000140376
1922,-0.325632,-0.325497,0.000140394
1923,1.1565,1.15605,0.000140598
1924,-0.969154,-0.968676,0.000140826
1925,0.0332149,0.0331481,0.000140831
1926,0.708173,0.707859,0.000140929
1927,0.308565,0.308455,0.000140942
1928,1.07955,1.07916,0.000141098
1929,-0.538062,-0.537872,0.000141134
1930,0.919083,0.918718,0.000141267
1931,-0.343201,-0.343022,0.000141299
1932,1.11131,1.11089,0.000141476
1933,-0.831041,-0.8306,0.00014167
1934,0.367601,0.367411,0.000141707
1935,0.562222,0.561833,0.000141858
1936,0.668595,0.668304,0.000141942
1937,0.54344,0.543267,0.000141972
1938,0.787627,0.787296,0.000142081
1939,0.295308,0.29521,0.000142091
1940,1.11465,1.11418,0.000142311
1941,-0.649622,-0.649393,0.000142363
1942,0.744159,0.743858,0.000142454
1943,0.0306103,0.0305282,0.00014246
1944,1.22235,1.22185,0.000142703
1945,-1.08132,-1.08093,0.000142855
1946,-0.269313,-0.269232,0.000142862
1947,0.574336,0.57424,0.000142871
1948,0.457786,0.457579,0.000142914
1949,0.879464,0.879142,0.000143018
1950,0.0552301,0.0552264,0.000143018
1951,1.26,1.25947,0.000143292
1952,-1.20458,-1.20421,0.00014343
1953,-0.652632,-0.652336,0.000143518
1954,0.0428589,0.0429774,0.000143532
1955,0.802051,0.801713,0.000143646
1956,0.113037,0.113051,0.000143646
1957,1.2231,1.22262,0.000143872
1958,-1.05914,-1.05881,0.000143979
1959,-0.202776,-0.202719,0.000143983
1960,0.624979,0.624825,0.000144007
1961,0.392779,0.392616,0.000144033
1962,0.971998,0.971641,0.00014416
1963,-0.204026,-0.203936,0.000144169
1964,1.23376,1.23327,0.000144411
1965,-1.191,-1.19051,0.000144654
1966,-0.61449,-0.614245,0.000144714
1967,0.114505,0.114633,0.00014473
1968,0.797687,0.79733,0.000144858
1969,0.144364,0.144362,0.000144858
1970,1.2105,1.21002,0.000145084
1971,-1.00682,-1.00651,0.000145181
1972,-0.0552655,-0.0552729,0.000145181
1973,0.694045,0.693771,0.000145257
1974,0.309682,0.309573,0.000145268
1975,1.07435,1.07396,0.000145422
1976,-0.522065,-0.521878,0.000145457
1977,0.941261,0.940889,0.000145596
1978,-0.396156,-0.395944,0.000145641
1979,1.06319,1.06279,0.000145803
1980,-0.700496,-0.700105,0.000145956
1981,0.632903,0.63263,0.000146031
1982,0.229864,0.229659,0.000146073
1983,1.11642,1.11595,0.0001463
1984,-0.674845,-0.67458,0.00014637
1985,0.697995,0.697704,0.000146455
1986,0.116264,0.116119,0.000146476
1987,1.19092,1.19043,0.000146717
1988,-0.949493,-0.949151,0.000146834
1989,0.0959641,0.0958883,0.00014684
1990,0.702752,0.702382,0.000146976
1991,0.338212,0.338089,0.000146991
1992,1.05107,1.05069,0.00014714
1993,-0.444262,-0.444099,0.000147166
1994,1.0395,1.03909,0.000147332
1995,-0.645184,-0.64483,0.000147458
1996,0.729897,0.7296,0.000147546
1997,0.0613926,0.0613085,0.000147553
1998,1.21412,1.21362,0.000147802
1999,-1.044,-1.04362,0.000147941
2000,-0.160754,-0.160722,0.000147942
2001,0.650937,0.650749,0.000147977
2002,0.359061,0.35892,0.000147997
2003,1.01524,1.01487,0.000148136
2004,-0.334408,-0.334275,0.000148153
2005,1.14848,1.14803,0.000148357
2006,-0.945901,-0.945431,0.000148579
2007,0.093123,0.0930332,0.000148587
2008,0.704601,0.704254,0.000148708
2009,0.333672,0.333548,0.000148723
2010,1.05591,1.05552,0.000148874
2011,-0.459876,-0.459709,0.000148902
2012,1.02119,1.02079,0.000149062
2013,-0.597063,-0.596733,0.000149171
2014,0.808031,0.80771,0.000149273
2015,-0.0924001,-0.0923745,0.000149274
2016,1.23085,1.23037,0.000149512
2017,-1.14748,-1.14704,0.000149714
2018,-0.473032,-0.472858,0.000149744
2019,0.342797,0.342857,0.000149748
2020,0.693917,0.693572,0.000149867
2021,0.429532,0.429399,0.000149885
2022,0.950322,0.949935,0.000150035
2023,-0.134572,-0.134508,0.000150039
2024,1.26016,1.25965,0.000150294
2025,-1.26223,-1.26176,0.000150516
2026,-0.851363,-0.850966,0.000150674
2027,-0.392413,-0.392329,0.000150681
2028,0.529368,0.52922,0.000150704
2029,0.490417,0.490199,0.000150751
2030,0.822691,0.822353,0.000150866
2031,0.200346,0.200289,0.000150869
2032,1.19105,1.19054,0.000151124
2033,-0.92456,-0.924267,0.000151209
2034,0.161279,0.161186,0.000151218
2035,0.686745,0.686347,0.000151376
2036,0.389003,0.388855,0.000151398
2037,0.994576,0.994212,0.000151531
2038,-0.267293,-0.267185,0.000151543
2039,1.19879,1.19832,0.000151766
2040,-1.09101,-1.09052,0.000152013
2041,-0.305503,-0.305423,0.000152019
2042,0.542298,0.542249,0.000152021
2043,0.496961,0.496726,0.000152077
2044,0.817541,0.817243,0.000152165
2045,0.214044,0.213977,0.00015217
2046,1.18157,1.18107,0.000152421
2047,-0.888996,-0.888711,0.000152502
2048,0.248718,0.248591,0.000152518
2049,0.647288,0.64687,0.000152692
2050,0.488958,0.488759,0.000152732
2051,0.859931,0.859621,0.000152827
2052,0.112131,0.1121,0.000152828
2053,1.24081,1.24029,0.000153095
2054,-1.12037,-1.12003,0.000153213
2055,-0.384314,-0.384163,0.000153236
2056,0.457385,0.457377,0.000153236
2057,0.59217,0.59188,0.00015332
2058,0.64699,0.646763,0.000153372
2059,0.59217,0.591941,0.000153425
2060,0.703766,0.703478,0.000153508
2061,0.48493,0.484749,0.000153541
2062,0.882434,0.882069,0.000153674
2063,0.0561578,0.0561604,0.000153674
2064,1.26072,1.26021,0.000153943
2065,-1.20689,-1.20652,0.000154082
2066,-0.660192,-0.659891,0.000154173
2067,0.0282882,0.0284074,0.000154187
2068,0.801235,0.800903,0.000154297
2069,0.110483,0.110498,0.000154298
2070,1.22365,1.22318,0.000154523
2071,-1.06181,-1.06148,0.000154631
2072,-0.210537,-0.210475,0.000154635
2073,0.619685,0.619537,0.000154657
2074,0.399669,0.399501,0.000154685
2075,0.962773,0.962419,0.00015481
2076,-0.176982,-0.176901,0.000154817
2077,1.24541,1.24491,0.000155065
2078,-1.22329,-1.22281,0.000155302
2079,-0.720192,-0.719882,0.000155398
2080,-0.0924983,-0.0923649,0.000155416
2081,0.772376,0.772091,0.000155497
2082,0.137715,0.137715,0.000155497
2083,1.20554,1.20508,0.000155717
2084,-0.992089,-0.991776,0.000155814
2085,-0.0155191,-0.0155451,0.000155815
2086,0.702432,0.702129,0.000155907
2087,0.305263,0.305158,0.000155918
2088,1.08066,1.08027,0.000156074
2089,-0.542419,-0.542226,0.000156111
2090,0.91283,0.912467,0.000156242
2091,-0.328472,-0.328303,0.000156271
2092,1.12327,1.12284,0.000156451
2093,-0.864032,-0.863581,0.000156655
2094,0.292938,0.292773,0.000156683
2095,0.621323,0.620923,0.000156843
2096,0.548301,0.548068,0.000156897
2097,0.766018,0.765748,0.00015697
2098,0.343631,0.343503,0.000156986
2099,1.06498,1.06453,0.000157188
2100,-0.483653,-0.48347,0.000157222
2101,0.992507,0.992119,0.000157373
2102,-0.523352,-0.523062,0.000157456
2103,0.914957,0.914604,0.000157581
2104,-0.328205,-0.328019,0.000157615
2105,1.12418,1.12375,0.000157801
2106,-0.866785,-0.866333,0.000158005
2107,0.28654,0.286377,0.000158031
2108,0.625684,0.625284,0.000158191
2109,0.53877,0.538542,0.000158244
2110,0.781824,0.781547,0.00015832
2111,0.306532,0.30642,0.000158333
2112,1.10348,1.10301,0.00015855
2113,-0.611585,-0.611367,0.000158598
2114,0.807949,0.807626,0.000158702
2115,-0.0965836,-0.0965741,0.000158702
2116,1.22971,1.22923,0.000158934
2117,-1.14484,-1.14438,0.000159138
2118,-0.464859,-0.46469,0.000159167
2119,0.354319,0.354374,0.00015917
2120,0.685121,0.68478,0.000159286
2121,0.449962,0.449819,0.000159307
2122,0.922537,0.922162,0.000159448
2123,-0.055625,-0.0555892,0.000159449
2124,1.27284,1.27232,0.000159716
2125,-1.28344,-1.283,0.000159903
2126,-0.923293,-0.922836,0.000160111
2127,-0.577202,-0.577178,0.000160112
2128,0.256882,0.256761,0.000160127
2129,0.734875,0.73455,0.000160232
2130,0.321758,0.321639,0.000160247
2131,1.07597,1.07553,0.000160434
2132,-0.523174,-0.522987,0.000160469
2133,0.940109,0.939738,0.000160606
2134,-0.393457,-0.393246,0.000160651
2135,1.06582,1.06542,0.000160813
2136,-0.707541,-0.707147,0.000160969
2137,0.619816,0.619547,0.000161041
2138,0.2507,0.250481,0.000161089
2139,1.0985,1.09803,0.000161311
2140,-0.613032,-0.612784,0.000161372
2141,0.80403,0.803703,0.000161479
2142,-0.0881508,-0.0881483,0.000161479
2143,1.23072,1.23023,0.000161713
2144,-1.14575,-1.14531,0.000161914
2145,-0.467517,-0.467346,0.000161943
2146,0.350575,0.350632,0.000161946
2147,0.688019,0.687677,0.000162064
2148,0.44327,0.44313,0.000162083
2149,0.931772,0.931393,0.000162227
2150,-0.0815954,-0.08155,0.000162229
2151,1.27062,1.27011,0.000162493
2152,-1.28335,-1.28291,0.000162692
2153,-0.923609,-0.923156,0.000162897
2154,-0.578001,-0.577975,0.000162898
2155,0.255497,0.255376,0.000162913
2156,0.735629,0.735304,0.000163018
2157,0.31979,0.319672,0.000163032
2158,1.07796,1.07753,0.00016322
2159,-0.529771,-0.529583,0.000163256
2160,0.930984,0.930616,0.000163391
2161,-0.371537,-0.37134,0.00016343
2162,1.08654,1.08613,0.000163598
2163,-0.763381,-0.762964,0.000163773
2164,0.511117,0.510881,0.000163828
2165,0.406029,0.405712,0.000163929
2166,0.923226,0.922821,0.000164092
2167,-0.0706024,-0.0705258,0.000164098
2168,1.2704,1.26988,0.000164367
2169,-1.27924,-1.2788,0.00016456
2170,-0.908947,-0.908502,0.000164757
2171,-0.539206,-0.539168,0.000164759
2172,0.320587,0.320466,0.000164773
2173,0.694789,0.694472,0.000164874
2174,0.421097,0.420933,0.000164901
2175,0.960671,0.960283,0.000165051
2176,-0.164796,-0.164721,0.000165057
2177,1.2506,1.2501,0.000165306
2178,-1.23775,-1.23726,0.00016554
2179,-0.768454,-0.768113,0.000165656
2180,-0.197298,-0.197175,0.000165671
2181,0.715371,0.715137,0.000165726
2182,0.224911,0.224858,0.000165729
2183,1.14421,1.14376,0.000165934
2184,-0.764245,-0.763989,0.000165999
2185,0.526207,0.525975,0.000166053
2186,0.383817,0.383493,0.000166158
2187,0.95231,0.951899,0.000166327
2188,-0.153615,-0.153507,0.000166338
2189,1.25308,1.25258,0.000166593
2190,-1.24307,-1.24259,0.000166821
2191,-0.786217,-0.785864,0.000166946
2192,-0.237509,-0.237392,0.00016696
2193,0.685558,0.685344,0.000167005
2194,0.271289,0.271208,0.000167012
2195,1.10307,1.10263,0.000167207
2196,-0.62096,-0.620741,0.000167255
2197,0.791663,0.791341,0.000167358
2198,-0.062916,-0.0629312,0.000167358
2199,1.23234,1.23186,0.000167595
2200,-1.14378,-1.14334,0.000167786
2201,-0.460738,-0.460568,0.000167815
2202,0.359975,0.360025,0.000167817
2203,0.680703,0.680364,0.000167932
2204,0.460101,0.459954,0.000167954
2205,0.908297,0.907928,0.00016809
2206,-0.0161014,-0.0160802,0.000168091
2207,1.27254,1.27202,0.000168361
2208,-1.27047,-1.27006,0.00016853
2209,-0.877099,-0.876669,0.000168715
2210,-0.457044,-0.456985,0.000168719
2211,0.44476,0.44463,0.000168736
2212,0.586403,0.586131,0.00016881
2213,0.652687,0.65242,0.000168881
2214,0.580147,0.579926,0.00016893
2215,0.725185,0.724886,0.000169019
2216,0.438495,0.438334,0.000169045
2217,0.94887,0.948474,0.000169202
2218,-0.128015,-0.127944,0.000169207
2219,1.26213,1.26162,0.000169461
2220,-1.26723,-1.26676,0.000169682
2221,-0.868472,-0.868062,0.00016985
2222,-0.435045,-0.434972,0.000169855
2223,0.474836,0.4747,0.000169874
2224,0.554287,0.554032,0.000169939
2225,0.712971,0.712678,0.000170024
2226,0.455301,0.455135,0.000170052
2227,0.924187,0.923796,0.000170205
2228,-0.058262,-0.0582177,0.000170207
2229,1.27291,1.27239,0.000170472
2230,-1.28448,-1.28405,0.000170661
2231,-0.927022,-0.926564,0.000170872
2232,-0.587163,-0.587142,0.000170872
2233,0.239523,0.239401,0.000170887
2234,0.743945,0.74362,0.000170993
2235,0.29777,0.297662,0.000171004
2236,1.09948,1.09904,0.000171199
2237,-0.601961,-0.601753,0.000171242
2238,0.823094,0.822763,0.000171351
2239,-0.128273,-0.128241,0.000171352
2240,1.22428,1.2238,0.000171579
2241,-1.13571,-1.13525,0.000171794
2242,-0.43732,-0.437168,0.000171817
2243,0.391823,0.391862,0.000171819
2244,0.654198,0.653871,0.000171925
2245,0.519166,0.518993,0.000171955
2246,0.819397,0.819066,0.000172065
2247,0.216552,0.216481,0.00017207
2248,1.18061,1.18011,0.000172316
2249,-0.885065,-0.884781,0.000172397
2250,0.258192,0.258061,0.000172414
2251,0.64175,0.641332,0.000172589
2252,0.501795,0.501589,0.000172631
2253,0.840472,0.840171,0.000172722
2254,0.162285,0.162234,0.000172724
2255,1.21571,1.2152,0.000172984
2256,-1.01905,-1.01874,0.000173084
2257,-0.0884034,-0.0883928,0.000173084
2258,0.68369,0.68344,0.000173146
2259,0.31967,0.319555,0.000173159
2260,1.06246,1.06207,0.00017331
2261,-0.483501,-0.483325,0.000173341
2262,0.991968,0.991577,0.000173494
2263,-0.5218,-0.521512,0.000173577
2264,0.917061,0.916708,0.000173702
2265,-0.333137,-0.332948,0.000173737
2266,1.12025,1.11982,0.000173922
2267,-0.855916,-0.855468,0.000174123
2268,0.311562,0.31139,0.000174152
2269,0.608009,0.60761,0.000174311
2270,0.576798,0.576551,0.000174372
2271,0.717157,0.716908,0.000174434
2272,0.453601,0.453425,0.000174465
2273,0.927629,0.927241,0.000174616
2274,-0.0677072,-0.0676582,0.000174618
2275,1.27228,1.27176,0.000174882
2276,-1.28507,-1.28463,0.000175075
2277,-0.929325,-0.928866,0.000175286
2278,-0.593317,-0.593298,0.000175286
2279,0.22866,0.228537,0.000175301
2280,0.749215,0.74889,0.000175407
2281,0.283492,0.283391,0.000175417
2282,1.11268,1.11223,0.000175616
2283,-0.647088,-0.646868,0.000175664
2284,0.748161,0.747856,0.000175757
2285,0.0230115,0.0229347,0.000175763
2286,1.22411,1.22362,0.000176006
2287,-1.08966,-1.08927,0.000176161
2288,-0.294106,-0.294013,0.00017617
2289,0.552274,0.552199,0.000176175
2290,0.485128,0.484903,0.000176226
2291,0.836782,0.836476,0.000176319
2292,0.165948,0.165901,0.000176321
2293,1.21292,1.21241,0.000176583
2294,-1.00846,-1.00814,0.000176681
2295,-0.0591714,-0.0591738,0.000176681
2296,0.692927,0.692655,0.000176755
2297,0.310678,0.310569,0.000176767
2298,1.07315,1.07276,0.00017692
2299,-0.51816,-0.517974,0.000176955
2300,0.946587,0.946213,0.000177095
2301,-0.409059,-0.408838,0.000177144
2302,1.05025,1.04986,0.000177302
2303,-0.666103,-0.665727,0.000177443
2304,0.694779,0.694488,0.000177528
2305,0.125175,0.125043,0.000177546
2306,1.18695,1.18646,0.000177791
2307,-0.933573,-0.933236,0.000177904
2308,0.136726,0.136635,0.000177912
2309,0.69428,0.693892,0.000178063
2310,0.367047,0.366909,0.000178082
2311,1.02007,1.0197,0.000178221
2312,-0.345754,-0.345621,0.000178239
2313,1.13912,1.13867,0.000178438
2314,-0.919359,-0.918895,0.000178654
2315,0.159602,0.159487,0.000178667
2316,0.689096,0.688721,0.000178808
2317,0.383926,0.383775,0.00017883
2318,1.00079,1.00042,0.000178966
2319,-0.286156,-0.286042,0.000178978
2320,1.18604,1.18558,0.000179197
2321,-1.05414,-1.05364,0.000179439
2322,-0.19859,-0.19856,0.00017944
2323,0.628848,0.62871,0.000179459
2324,0.387208,0.387045,0.000179486
2325,0.979248,0.978888,0.000179615
2326,-0.225495,-0.225398,0.000179625
2327,1.22303,1.22254,0.000179861
2328,-1.16056,-1.16007,0.000180108
2329,-0.517485,-0.517296,0.000180144
2330,0.277253,0.277347,0.000180152
2331,0.737484,0.737122,0.000180284
2332,0.322603,0.322517,0.000180291
2333,1.07595,1.07551,0.000180482
2334,-0.52285,-0.522663,0.000180517
2335,0.940577,0.940206,0.000180654
2336,-0.394592,-0.394381,0.000180699
2337,1.06471,1.06431,0.000180861
2338,-0.704569,-0.704175,0.000181016
2339,0.625356,0.625085,0.000181089
2340,0.241936,0.241723,0.000181134
2341,1.1062,1.10572,0.000181358
2342,-0.639412,-0.639157,0.000181424
2343,0.7601,0.759787,0.000181521
2344,0.000126309,6.5467e-05,0.000181525
2345,1.22843,1.22794,0.000181767
2346,-1.11134,-1.11094,0.000181932
2347,-0.359601,-0.359478,0.000181947
2348,0.485827,0.485805,0.000181948
2349,0.562021,0.561748,0.000182022
2350,0.704208,0.703956,0.000182086
2351,0.474926,0.474748,0.000182117
2352,0.896024,0.895646,0.00018226
2353,0.0193539,0.0193692,0.00018226
2354,1.26869,1.26817,0.00018253
2355,-1.24613,-1.24574,0.000182684
2356,-0.79255,-0.792171,0.000182829
2357,-0.252374,-0.252271,0.000182839
2358,0.673458,0.673252,0.000182882
2359,0.289836,0.289744,0.00018289
2360,1.08488,1.08444,0.00018308
2361,-0.559705,-0.559502,0.000183121
2362,0.887428,0.887073,0.000183246
2363,-0.269639,-0.26951,0.000183263
2364,1.16488,1.16443,0.000183459
2365,-0.979594,-0.979117,0.000183687
2366,0.00725164,0.00719233,0.000183691
2367,0.706494,0.706193,0.000183781
2368,0.304074,0.303967,0.000183793
2369,1.0829,1.0825,0.00018395
2370,-0.549544,-0.54935,0.000183988
2371,0.90261,0.902251,0.000184116
2372,-0.304638,-0.304485,0.00018414
2373,1.14131,1.14088,0.000184327
2374,-0.91406,-0.913595,0.000184543
2375,0.173869,0.173746,0.000184558
2376,0.684042,0.683659,0.000184705
2377,0.397936,0.397779,0.00018473
2378,0.98394,0.983579,0.00018486
2379,-0.235161,-0.235065,0.000184869
2380,1.2182,1.21772,0.000185102
2381,-1.14698,-1.14648,0.00018535
2382,-0.47505,-0.474884,0.000185377
2383,0.340263,0.340334,0.000185383
2384,0.695724,0.695377,0.000185503
2385,0.425264,0.425132,0.000185521
2386,0.955971,0.955582,0.000185672
2387,-0.150921,-0.150851,0.000185677
2388,1.25532,1.25482,0.000185929
2389,-1.25012,-1.24964,0.000186158
2390,-0.810178,-0.809809,0.000186294
2391,-0.293106,-0.292999,0.000186306
2392,0.637058,0.636869,0.000186341
2393,0.344384,0.344257,0.000186357
2394,1.02556,1.02514,0.00018653
2395,-0.368156,-0.368009,0.000186551
2396,1.11838,1.11794,0.000186745
2397,-0.860554,-0.860109,0.000186943
2398,0.299842,0.299679,0.00018697
2399,0.616634,0.616237,0.000187127
2400,0.558495,0.558257,0.000187184
2401,0.748823,0.74856,0.000187253
2402,0.383143,0.382998,0.000187274
2403,1.01964,1.01921,0.000187459
2404,-0.339532,-0.339391,0.000187479
2405,1.14495,1.1445,0.000187678
2406,-0.936121,-0.935651,0.000187899
2407,0.117829,0.11773,0.000187908
2408,0.700259,0.6999,0.000188037
2409,0.349647,0.349515,0.000188055
2410,1.03933,1.03895,0.0001882
2411,-0.406468,-0.406316,0.000188223
2412,1.08098,1.08055,0.000188403
2413,-0.756935,-0.756529,0.000188567
2414,0.523131,0.522896,0.000188623
2415,0.390559,0.390253,0.000188716
2416,0.944066,0.943652,0.000188887
2417,-0.129693,-0.129596,0.000188896
2418,1.26009,1.25958,0.000189156
2419,-1.26051,-1.26005,0.000189375
2420,-0.845323,-0.844929,0.00018953
2421,-0.377569,-0.377481,0.000189537
2422,0.547186,0.547033,0.000189561
2423,0.468018,0.467813,0.000189603
2424,0.858073,0.857721,0.000189727
2425,0.110406,0.110384,0.000189728
2426,1.24078,1.24026,0.000189998
2427,-1.12076,-1.12042,0.000190116
2428,-0.38555,-0.385398,0.000190139
2429,0.455937,0.45593,0.000190139
2430,0.593651,0.59336,0.000190223
2431,0.644099,0.643872,0.000190275
2432,0.59784,0.597608,0.000190329
2433,0.693457,0.693173,0.000190409
2434,0.506789,0.506598,0.000190446
2435,0.849002,0.848653,0.000190568
2436,0.143714,0.143682,0.000190569
2437,1.2262,1.22569,0.000190829
2438,-1.06048,-1.06015,0.000190936
2439,-0.205841,-0.205777,0.00019094
2440,0.622826,0.622673,0.000190963
2441,0.395621,0.395456,0.00019099
2442,0.968218,0.967862,0.000191117
2443,-0.19291,-0.192823,0.000191124
2444,1.2388,1.23831,0.000191369
2445,-1.2051,-1.20461,0.00019161
2446,-0.660292,-0.660019,0.000191684
2447,0.0286071,0.0287418,0.000191702
2448,0.801172,0.800838,0.000191814
2449,0.11073,0.110745,0.000191814
2450,1.22356,1.22308,0.00019204
2451,-1.0614,-1.06107,0.000192148
2452,-0.209367,-0.209306,0.000192152
2453,0.620494,0.620345,0.000192174
2454,0.398616,0.398449,0.000192202
2455,0.964191,0.963837,0.000192327
2456,-0.181123,-0.181041,0.000192334
2457,1.24376,1.24327,0.000192581
2458,-1.21879,-1.2183,0.000192819
2459,-0.70529,-0.70499,0.000192909
2460,-0.0614409,-0.0613061,0.000192928
2461,0.78354,0.783241,0.000193017
2462,0.122746,0.122755,0.000193017
2463,1.21435,1.21388,0.000193239
2464,-1.02639,-1.02607,0.000193342
2465,-0.109792,-0.109777,0.000193342
2466,0.67554,0.675309,0.000193396
2467,0.32873,0.328609,0.000193411
2468,1.0518,1.05142,0.000193559
2469,-0.449248,-0.449081,0.000193587
2470,1.03349,1.03308,0.000193752
2471,-0.629229,-0.628883,0.000193871
2472,0.756538,0.756233,0.000193964
2473,0.0107386,0.0106907,0.000193967
2474,1.22721,1.22671,0.000194215
2475,-1.10394,-1.10354,0.000194374
2476,-0.337012,-0.336899,0.000194387
2477,0.510078,0.510037,0.000194389
2478,0.534993,0.534737,0.000194454
2479,0.752962,0.75269,0.000194528
2480,0.367392,0.367261,0.000194545
2481,1.03742,1.03697,0.000194741
2482,-0.39542,-0.395263,0.000194765
2483,1.09279,1.09237,0.000194947
2484,-0.789569,-0.789149,0.000195123
2485,0.456064,0.455851,0.000195169
2486,0.472685,0.472336,0.000195291
2487,0.824776,0.824414,0.000195423
2488,0.190202,0.190179,0.000195423
2489,1.1972,1.19669,0.000195681
2490,-0.948135,-0.947837,0.00019577
2491,0.101324,0.101254,0.000195775
2492,0.701669,0.701296,0.000195914
2493,0.341959,0.341835,0.000195929
2494,1.04718,1.0468,0.000196077
2495,-0.431707,-0.431548,0.000196102
2496,1.05373,1.05331,0.000196273
2497,-0.68309,-0.682717,0.000196411
2498,0.663727,0.66345,0.000196488
2499,0.179121,0.178953,0.000196516
2500,1.15469,1.1542,0.000196754
2501,-0.811667,-0.811365,0.000196845
2502,0.42482,0.424621,0.000196885
2503,0.504552,0.504166,0.000197034
2504,0.771864,0.77153,0.000197146
2505,0.317963,0.317888,0.000197151
2506,1.09045,1.08999,0.000197369
2507,-0.568134,-0.567929,0.000197411
2508,0.875782,0.875435,0.000197532
2509,-0.243432,-0.24332,0.000197544
2510,1.18019,1.17974,0.000197747
2511,-1.02199,-1.02151,0.000197979
2512,-0.106943,-0.106954,0.000197979
2513,0.677749,0.677532,0.000198026
2514,0.325367,0.325245,0.000198041
2515,1.05555,1.05516,0.000198191
2516,-0.46131,-0.46114,0.00019822
2517,1.01924,1.01884,0.00019838
2518,-0.591913,-0.591586,0.000198487
2519,0.81601,0.815687,0.000198591
2520,-0.108997,-0.10896,0.000198593
2521,1.22857,1.22808,0.000198828
2522,-1.14461,-1.14416,0.000199036
2523,-0.464478,-0.464311,0.000199064
2524,0.354879,0.354935,0.000199067
2525,0.684678,0.684337,0.000199184
2526,0.45098,0.450837,0.000199204
2527,0.92112,0.920746,0.000199345
2528,-0.051665,-0.0516306,0.000199346
2529,1.27301,1.27249,0.000199613
2530,-1.28285,-1.28242,0.000199799
2531,-0.921144,-0.920688,0.000200006
2532,-0.571484,-0.571458,0.000200007
2533,0.266724,0.266603,0.000200021
2534,0.729379,0.729055,0.000200127
2535,0.335978,0.335852,0.000200142
2536,1.06123,1.0608,0.000200325
2537,-0.474835,-0.474663,0.000200355
2538,1.00321,1.00281,0.00020051
2539,-0.550593,-0.550288,0.000200602
2540,0.877241,0.8769,0.000200719
2541,-0.24175,-0.241621,0.000200735
2542,1.18179,1.18134,0.000200944
2543,-1.02675,-1.02627,0.000201175
2544,-0.120103,-0.120109,0.000201175
2545,0.67213,0.671924,0.000201218
2546,0.33202,0.331893,0.000201234
2547,1.04775,1.04736,0.000201382
2548,-0.436351,-0.436188,0.000201408
2549,1.04826,1.04785,0.000201578
2550,-0.668394,-0.668028,0.000201711
2551,0.689872,0.689587,0.000201792
2552,0.133985,0.133849,0.000201811
2553,1.18229,1.18179,0.000202055
2554,-0.91547,-0.915139,0.000202165
2555,0.182177,0.182068,0.000202177
2556,0.679454,0.67905,0.00020234
2557,0.409227,0.409067,0.000202365
2558,0.969799,0.969445,0.000202491
2559,-0.193114,-0.193032,0.000202498
2560,1.23916,1.23867,0.000202741
2561,-1.20642,-1.20593,0.000202983
2562,-0.664636,-0.66436,0.000203058
2563,0.0201623,0.0202974,0.000203077
2564,0.800447,0.800115,0.000203186
2565,0.109816,0.109831,0.000203187
2566,1.22362,1.22315,0.000203412
2567,-1.0619,-1.06157,0.00020352
2568,-0.210828,-0.210767,0.000203524
2569,0.619484,0.619336,0.000203546
2570,0.399929,0.399761,0.000203574
2571,0.962422,0.962068,0.000203699
2572,-0.175958,-0.175877,0.000203705
2573,1.24581,1.24531,0.000203954
2574,-1.22438,-1.22389,0.000204191
2575,-0.723804,-0.723491,0.000204288
2576,-0.100117,-0.0999843,0.000204306
2577,0.769238,0.768957,0.000204385
2578,0.142194,0.142192,0.000204385
2579,1.20285,1.20238,0.000204604
2580,-0.981661,-0.981351,0.0002047
2581,0.0124828,0.012445,0.000204702
2582,0.7057,0.705378,0.000204805
2583,0.307258,0.307152,0.000204817
2584,1.07993,1.07953,0.000204972
2585,-0.539596,-0.539405,0.000205009
2586,0.916883,0.916519,0.000205141
2587,-0.338008,-0.337833,0.000205172
2588,1.11559,1.11517,0.00020535
2589,-0.842849,-0.842404,0.000205548
2590,0.341231,0.34105,0.000205581
2591,0.584833,0.584438,0.000205737
2592,0.62439,0.62412,0.00020581
2593,0.630206,0.629995,0.000205854
2594,0.631842,0.631584,0.00020592
2595,0.63079,0.630541,0.000205982
2596,0.633109,0.632861,0.000206044
2597,0.62869,0.628445,0.000206104
2598,0.637188,0.636938,0.000206167
2599,0.620809,0.620567,0.000206225
2600,0.652193,0.651936,0.000206291
2601,0.591369,0.591141,0.000206343
2602,0.706637,0.706355,0.000206423
2603,0.479007,0.47883,0.000206454
2604,0.891286,0.890917,0.00020659
2605,0.0324101,0.0324219,0.00020659
2606,1.26632,1.2658,0.00020686
2607,-1.23382,-1.23344,0.000207008
2608,-0.750521,-0.750167,0.000207134
2609,-0.157996,-0.157881,0.000207147
2610,0.740305,0.740053,0.00020721
2611,0.185914,0.185886,0.000207211
2612,1.1741,1.17364,0.000207424
2613,-0.872922,-0.872639,0.000207504
2614,0.286138,0.285993,0.000207525
2615,0.624118,0.6237,0.000207701
2616,0.541421,0.541196,0.000207751
2617,0.777334,0.777059,0.000207826
2618,0.317125,0.317009,0.00020784
2619,1.09289,1.09243,0.000208053
2620,-0.575857,-0.575648,0.000208097
2621,0.864151,0.863809,0.000208214
2622,-0.217421,-0.217326,0.000208223
2623,1.19348,1.19302,0.000208432
2624,-1.05829,-1.05781,0.000208664
2625,-0.208682,-0.208648,0.000208666
2626,0.621843,0.621709,0.000208684
2627,0.396444,0.396275,0.000208712
2628,0.967021,0.966665,0.000208838
2629,-0.189421,-0.189336,0.000208846
2630,1.24031,1.23981,0.000209091
2631,-1.20928,-1.20879,0.000209331
2632,-0.673975,-0.673694,0.00020941
2633,0.00181881,0.00195426,0.000209429
2634,0.798211,0.797886,0.000209534
2635,0.109298,0.109314,0.000209534
2636,1.22311,1.22264,0.000209759
2637,-1.06031,-1.05998,0.000209868
2638,-0.206253,-0.206194,0.000209871
2639,0.622635,0.622483,0.000209894
2640,0.395828,0.395662,0.000209921
2641,0.967932,0.967577,0.000210048
2642,-0.192074,-0.191988,0.000210055
2643,1.23916,1.23867,0.0002103
2644,-1.20611,-1.20562,0.000210541
2645,-0.663603,-0.663329,0.000210616
2646,0.0221721,0.022307,0.000210634
2647,0.800637,0.800305,0.000210745
2648,0.109994,0.110009,0.000210745
2649,1.22362,1.22315,0.00021097
2650,-1.06186,-1.06153,0.000211079
2651,-0.210691,-0.21063,0.000211083
2652,0.619579,0.619431,0.000211104
2653,0.399806,0.399638,0.000211133
2654,0.962588,0.962235,0.000211257
2655,-0.176443,-0.176362,0.000211264
2656,1.24562,1.24513,0.000211513
2657,-1.22387,-1.22338,0.000211749
2658,-0.722098,-0.721787,0.000211846
2659,-0.0965137,-0.0963806,0.000211864
2660,0.770742,0.770459,0.000211944
2661,0.140037,0.140036,0.000211944
2662,1.20415,1.20368,0.000212163
2663,-0.986697,-0.986386,0.00021226
2664,-0.00100194,-0.00103413,0.000212261
2665,0.704396,0.704083,0.000212359
2666,0.305769,0.305664,0.00021237
2667,1.08082,1.08042,0.000212526
2668,-0.542729,-0.542537,0.000212563
2669,0.912403,0.912041,0.000212694
2670,-0.327476,-0.327308,0.000212723
2671,1.12406,1.12363,0.000212904
2672,-0.866206,-0.865754,0.000213108
2673,0.28791,0.287747,0.000213135
2674,0.624756,0.624356,0.000213295
2675,0.540805,0.540576,0.000213347
2676,0.778472,0.778196,0.000213423
2677,0.314463,0.314348,0.000213436
2678,1.09558,1.09512,0.000213651
2679,-0.584906,-0.584694,0.000213695
2680,0.850259,0.849921,0.00021381
2681,-0.186794,-0.186721,0.000213815
2682,1.20663,1.20617,0.00021403
2683,-1.09327,-1.09279,0.00021426
2684,-0.31009,-0.310006,0.000214267
2685,0.537669,0.537618,0.000214269
2686,0.502589,0.502351,0.000214326
2687,0.80828,0.807986,0.000214413
2688,0.236803,0.236727,0.000214418
2689,1.16443,1.16394,0.000214663
2690,-0.825911,-0.825641,0.000214736
2691,0.395007,0.394826,0.000214769
2692,0.534464,0.534065,0.000214927
2693,0.719442,0.719132,0.000215023
2694,0.436333,0.436208,0.000215039
2695,0.949757,0.949352,0.000215203
2696,-0.130983,-0.130914,0.000215208
2697,1.26132,1.26081,0.000215462
2698,-1.26525,-1.26478,0.000215684
2699,-0.861693,-0.861289,0.000215848
2700,-0.418057,-0.417979,0.000215854
2701,0.497165,0.497024,0.000215874
2702,0.529001,0.52876,0.000215932
2703,0.757997,0.757686,0.000216029
2704,0.355028,0.354906,0.000216044
2705,1.05141,1.05096,0.000216245
2706,-0.440035,-0.439865,0.000216274
2707,1.04482,1.04442,0.00021644
2708,-0.659447,-0.659085,0.000216571
2709,0.705463,0.705174,0.000216655
2710,0.106213,0.106097,0.000216668
2711,1.19629,1.19579,0.000216915
2712,-0.970407,-0.97006,0.000217035
2713,0.0413685,0.0413147,0.000217038
2714,0.706932,0.706592,0.000217154
2715,0.313522,0.313413,0.000217166
2716,1.07485,1.07446,0.00021732
2717,-0.52241,-0.522224,0.000217355
2718,0.940905,0.940533,0.000217493
2719,-0.395322,-0.39511,0.000217538
2720,1.06401,1.0636,0.0002177
2721,-0.702678,-0.702285,0.000217854
2722,0.628866,0.628595,0.000217928
2723,0.23634,0.236131,0.000217972
2724,1.11099,1.11052,0.000218197
2725,-0.65597,-0.655709,0.000218265
2726,0.731521,0.731219,0.000218357
2727,0.0548345,0.0547342,0.000218367
2728,1.21567,1.21517,0.00021861
2729,-1.05125,-1.05088,0.000218752
2730,-0.181572,-0.181531,0.000218754
2731,0.638772,0.638602,0.000218783
2732,0.374756,0.374604,0.000218806
2733,0.995487,0.995121,0.00021894
2734,-0.274105,-0.273992,0.000218952
2735,1.19391,1.19344,0.000219175
2736,-1.0767,-1.0762,0.00021942
2737,-0.263528,-0.263468,0.000219423
2738,0.580041,0.579958,0.00021943
2739,0.450273,0.450069,0.000219472
2740,0.890728,0.890401,0.000219579
2741,0.0250734,0.0250813,0.000219579
2742,1.26676,1.26624,0.000219854
2743,-1.23757,-1.23718,0.000220004
2744,-0.763361,-0.763,0.000220135
2745,-0.186303,-0.186191,0.000220147
2746,0.722804,0.722566,0.000220204
2747,0.213245,0.2132,0.000220206
2748,1.15359,1.15313,0.000220414
2749,-0.79791,-0.797645,0.000220484
2750,0.455414,0.455207,0.000220527
2751,0.470978,0.470607,0.000220664
2752,0.826861,0.826502,0.000220793
2753,0.184854,0.184834,0.000220793
2754,1.20063,1.20012,0.000221052
2755,-0.961261,-0.96096,0.000221143
2756,0.0672718,0.067216,0.000221146
2757,0.705743,0.705387,0.000221273
2758,0.32368,0.323566,0.000221286
2759,1.06543,1.06504,0.000221438
2760,-0.491151,-0.490975,0.000221469
2761,0.982421,0.982034,0.000221619
2762,-0.497715,-0.497441,0.000221694
2763,0.948548,0.948184,0.000221826
2764,-0.408143,-0.407907,0.000221882
2765,1.05192,1.05151,0.000222045
2766,-0.670698,-0.670321,0.000222187
2767,0.68668,0.686391,0.00022227
2768,0.13946,0.139318,0.00022229
2769,1.17924,1.17874,0.000222534
2770,-0.903744,-0.903416,0.000222641
2771,0.211118,0.210998,0.000222656
2772,0.667058,0.666647,0.000222824
2773,0.44129,0.441114,0.000222855
2774,0.927918,0.92758,0.000222969
2775,-0.0722724,-0.0722326,0.000222971
2776,1.27148,1.27097,0.000223236
2777,-1.28362,-1.28318,0.000223431
2778,-0.92433,-0.923875,0.000223638
2779,-0.579941,-0.579917,0.000223639
2780,0.252134,0.252013,0.000223654
2781,0.737436,0.73711,0.000223759
2782,0.315056,0.31494,0.000223773
2783,1.08271,1.08227,0.000223962
2784,-0.545547,-0.545354,0.000223999
2785,0.908666,0.908306,0.000224129
2786,-0.318797,-0.318634,0.000224155
2787,1.13078,1.13035,0.000224338
2788,-0.884825,-0.884368,0.000224548
2789,0.244305,0.244157,0.00022457
2790,0.65163,0.651232,0.000224728
2791,0.479701,0.479502,0.000224768
2792,0.873794,0.873478,0.000224868
2793,0.0757179,0.0757015,0.000224868
2794,1.25454,1.25402,0.000225138
2795,-1.17925,-1.17888,0.000225269
2796,-0.569717,-0.569467,0.000225332
2797,0.192228,0.192325,0.000225341
2798,0.77774,0.777375,0.000225474
2799,0.211695,0.21166,0.000225476
2800,1.17096,1.17049,0.000225694
2801,-0.854848,-0.854576,0.000225768
2802,0.328887,0.328728,0.000225793
2803,0.592756,0.59234,0.000225966
2804,0.607662,0.607405,0.000226032
2805,0.661409,0.661185,0.000226082
2806,0.570419,0.570189,0.000226135
2807,0.743495,0.743193,0.000226226
2808,0.397927,0.397786,0.000226246
2809,1.00185,1.00143,0.000226422
2810,-0.284797,-0.284673,0.000226437
2811,1.18744,1.18697,0.000226653
2812,-1.05837,-1.05787,0.000226897
2813,-0.210681,-0.210646,0.000226899
2814,0.620645,0.620517,0.000226915
2815,0.397918,0.397748,0.000226944
2816,0.965025,0.964671,0.00022707
2817,-0.183584,-0.183501,0.000227077
2818,1.24276,1.24226,0.000227324
2819,-1.21603,-1.21554,0.000227562
2820,-0.69618,-0.695885,0.000227649
2821,-0.0427564,-0.042621,0.000227668
2822,0.788998,0.788691,0.000227762
2823,0.116354,0.116366,0.000227762
2824,1.21812,1.21765,0.000227985
2825,-1.04116,-1.04083,0.000228091
2826,-0.151397,-0.151363,0.000228092
2827,0.655873,0.655676,0.000228131
2828,0.352853,0.352716,0.000228149
2829,1.02291,1.02253,0.00022829
2830,-0.358121,-0.357982,0.000228309
2831,1.12779,1.12735,0.000228506
2832,-0.887127,-0.886673,0.000228712
2833,0.237682,0.23754,0.000228732
2834,0.655397,0.655003,0.000228888
2835,0.470817,0.470622,0.000228926
2836,0.886743,0.886422,0.000229029
2837,0.0411486,0.0411456,0.000229029
2838,1.26408,1.26356,0.000229301
2839,-1.22324,-1.22286,0.000229446
2840,-0.71481,-0.714477,0.000229556
2841,-0.0816476,-0.0815276,0.000229571
2842,0.776639,0.776351,0.000229654
2843,0.131728,0.131732,0.000229654
2844,1.20908,1.20861,0.000229874
2845,-1.00583,-1.00552,0.000229974
2846,-0.0528957,-0.0529057,0.000229975
2847,0.694702,0.694426,0.000230051
2848,0.309117,0.309009,0.000230062
2849,1.07504,1.07465,0.000230217
2850,-0.524297,-0.524109,0.000230252
2851,0.938199,0.937828,0.00023039
2852,-0.388769,-0.388562,0.000230433
2853,1.07038,1.06998,0.000230597
2854,-0.719757,-0.719357,0.000230757
2855,0.596791,0.596528,0.000230825
2856,0.286251,0.286008,0.000230884
2857,1.0649,1.06444,0.000231095
2858,-0.500652,-0.500435,0.000231142
2859,0.969106,0.968721,0.00023129
2860,-0.464173,-0.46392,0.000231354
2861,0.989683,0.989306,0.000231497
2862,-0.509688,-0.509393,0.000231584
2863,0.933883,0.933518,0.000231717
2864,-0.37307,-0.372857,0.000231762
2865,1.08584,1.08542,0.000231935
2866,-0.761677,-0.761261,0.000232108
2867,0.514538,0.514301,0.000232164
2868,0.401629,0.401314,0.000232263
2869,0.929223,0.928816,0.000232428
2870,-0.0874674,-0.0873847,0.000232435
2871,1.26847,1.26795,0.000232702
2872,-1.27745,-1.27701,0.000232902
2873,-0.903096,-0.902658,0.000233094
2874,-0.523855,-0.523811,0.000233096
2875,0.345194,0.345073,0.000233111
2876,0.676463,0.676151,0.000233208
2877,0.463654,0.46347,0.000233242
2878,0.902482,0.902119,0.000233373
2879,-0.00032012,-0.000305344,0.000233374
2880,1.27116,1.27064,0.000233644
2881,-1.26082,-1.26041,0.000233807
2882,-0.843314,-0.842904,0.000233975
2883,-0.372886,-0.372806,0.000233981
2884,0.552705,0.55255,0.000234005
2885,0.460922,0.460721,0.000234046
2886,0.868952,0.868595,0.000234173
2887,0.0819864,0.0819758,0.000234173
2888,1.25169,1.25117,0.000234446
2889,-1.16736,-1.16701,0.000234574
2890,-0.531541,-0.531313,0.000234626
2891,0.254606,0.254688,0.000234633
2892,0.750157,0.749794,0.000234764
2893,0.289409,0.289339,0.000234769
2894,1.10818,1.10773,0.00023497
2895,-0.631321,-0.631105,0.000235017
2896,0.775023,0.774709,0.000235115
2897,-0.0295369,-0.0295758,0.000235117
2898,1.23168,1.23119,0.000235356
2899,-1.13145,-1.13103,0.000235533
2900,-0.421706,-0.421554,0.000235557
2901,0.411878,0.411901,0.000235557
2902,0.636323,0.636006,0.000235658
2903,0.557455,0.557265,0.000235693
2904,0.756342,0.756039,0.000235785
2905,0.367082,0.366946,0.000235804
2906,1.03874,1.0383,0.000235995
2907,-0.399376,-0.399216,0.00023602
2908,1.08879,1.08837,0.0002362
2909,-0.778542,-0.778126,0.000236373
2910,0.479058,0.478838,0.000236422
2911,0.445899,0.445562,0.000236535
2912,0.866095,0.865715,0.00023668
2913,0.084403,0.0844213,0.00023668
2914,1.25026,1.24974,0.000236954
2915,-1.16161,-1.16125,0.00023708
2916,-0.513207,-0.512989,0.000237128
2917,0.283131,0.283204,0.000237133
2918,0.734176,0.733817,0.000237262
2919,0.331168,0.331078,0.00023727
2920,1.06712,1.06669,0.000237458
2921,-0.493805,-0.493627,0.00023749
2922,0.979257,0.978872,0.000237638
2923,-0.489825,-0.489555,0.00023771
2924,0.958499,0.958132,0.000237845
2925,-0.432341,-0.43209,0.000237908
2926,1.02645,1.02606,0.000238064
2927,-0.603881,-0.603537,0.000238182
2928,0.79818,0.797858,0.000238286
2929,-0.0722781,-0.0722687,0.000238286
2930,1.23254,1.23205,0.000238527
2931,-1.14723,-1.14679,0.000238721
2932,-0.471743,-0.471568,0.000238752
2933,0.344578,0.344636,0.000238755
2934,0.69259,0.692246,0.000238874
2935,0.43264,0.432505,0.000238892
2936,0.946175,0.945789,0.00023904
2937,-0.122633,-0.122573,0.000239044
2938,1.26321,1.2627,0.000239301
2939,-1.26943,-1.26896,0.000239519
2940,-0.875962,-0.875547,0.000239691
2941,-0.453969,-0.453902,0.000239696
2942,0.44903,0.448898,0.000239713
2943,0.581986,0.581716,0.000239786
2944,0.661189,0.660919,0.000239859
2945,0.563189,0.562976,0.000239905
2946,0.75487,0.754557,0.000240003
2947,0.371925,0.371794,0.00024002
2948,1.03328,1.03284,0.000240208
2949,-0.38209,-0.381935,0.000240232
2950,1.10606,1.10563,0.000240417
2951,-0.826396,-0.825961,0.000240606
2952,0.37678,0.376592,0.000240641
2953,0.554045,0.553662,0.000240789
2954,0.684118,0.683819,0.000240878
2955,0.511605,0.511446,0.000240903
2956,0.839292,0.838938,0.000241028
2957,0.168134,0.168089,0.00024103
2958,1.21263,1.21213,0.000241287
2959,-1.00683,-1.00652,0.000241385
2960,-0.054678,-0.0546821,0.000241385
2961,0.694133,0.693857,0.000241461
2962,0.30969,0.309582,0.000241472
2963,1.07437,1.07398,0.000241626
2964,-0.522118,-0.521931,0.000241661
2965,0.94119,0.940818,0.0002418
2966,-0.395984,-0.395772,0.000241845
2967,1.06336,1.06296,0.000242007
2968,-0.700947,-0.700555,0.00024216
2969,0.63207,0.631798,0.000242235
2970,0.231204,0.230998,0.000242277
2971,1.11531,1.11484,0.000242504
2972,-0.670966,-0.670701,0.000242574
2973,0.704968,0.704674,0.00024266
2974,0.103733,0.103598,0.000242678
2975,1.19687,1.19638,0.00024292
2976,-0.973115,-0.972765,0.000243042
2977,0.0341833,0.0341323,0.000243045
2978,0.706875,0.706539,0.000243157
2979,0.311471,0.311362,0.000243169
2980,1.07663,1.07624,0.000243324
2981,-0.528378,-0.528191,0.000243359
2982,0.932661,0.932292,0.000243495
2983,-0.375491,-0.375292,0.000243535
2984,1.08292,1.08251,0.000243703
2985,-0.753547,-0.753134,0.000243874
2986,0.530898,0.530656,0.000243932
2987,0.380127,0.379825,0.000244023
2988,0.957642,0.957223,0.000244199
2989,-0.168951,-0.168839,0.000244211
2990,1.24776,1.24726,0.000244463
2991,-1.22905,-1.22856,0.000244696
2992,-0.739262,-0.73894,0.000244799
2993,-0.133144,-0.133014,0.000244816
2994,0.753814,0.753548,0.000244887
2995,0.165143,0.165127,0.000244887
2996,1.18836,1.18789,0.000245103
2997,-0.926276,-0.92598,0.000245191
2998,0.156048,0.155952,0.0002452
2999,0.688552,0.688156,0.000245357
