t,predict_test,teacher
0,-3.26461,-0.521355,7.52547
1,3.72414,0.348949,18.9174
2,0.226864,0.673122,19.1165
3,0.725381,0.470355,19.1816
4,0.711762,0.892209,19.2141
5,0.205393,0.0266539,19.2461
6,0.93958,1.26667,19.3531
7,-0.145608,-1.23823,20.5469
8,-0.396324,-0.766504,20.6839
9,0.100289,-0.194008,20.7705
10,0.39049,0.717354,20.8774
11,1.09087,0.221362,21.6334
12,0.768779,1.1466,21.7762
13,-0.427817,-0.774174,21.8961
14,0.350153,0.504897,21.9201
15,0.0522011,0.410858,22.0487
16,0.163067,0.915143,22.6143
17,0.24226,-0.0492227,22.6993
18,1.25438,1.27115,22.6996
19,-1.02,-1.27692,22.7656
20,-0.0224927,-0.901392,23.538
21,0.221453,-0.520586,24.0887
22,0.379645,0.350168,24.0895
23,0.832658,0.672159,24.1153
24,0.716462,0.472533,24.1748
25,0.709471,0.889045,24.207
26,0.217251,0.0351991,24.2402
27,0.94137,1.26498,24.3449
28,-0.140509,-1.22968,25.5312
29,-0.401876,-0.737466,25.6438
30,0.0969762,-0.130303,25.6955
31,0.401678,0.75499,25.8203
32,1.09157,0.162896,26.6828
33,0.791307,1.18935,26.8412
34,-0.637329,-0.931499,26.9277
35,0.247863,0.142037,26.9389
36,0.320902,0.692306,27.0769
37,0.117919,0.371608,27.1412
38,0.614571,1.01436,27.3011
39,-0.492916,-0.32902,27.3279
40,0.797246,1.15275,27.4543
41,0.0229184,-0.959081,28.4186
42,0.0472208,0.058054,28.4187
43,-0.126206,0.707557,29.1139
44,0.473335,0.316524,29.1385
45,0.600017,1.072,29.3613
46,-0.538522,-0.513914,29.3619
47,1.33677,0.95185,29.51
48,-0.438985,-0.422601,29.5103
49,0.316277,1.03553,30.0276
50,-0.264793,-0.628023,30.1596
51,0.40032,0.758481,30.2878
52,-0.0515882,0.0061833,30.2912
53,0.934634,1.22749,30.3769
54,-0.360559,-1.10757,30.935
55,0.537613,-0.349154,31.7213
56,0.501589,0.497057,31.7214
57,0.123866,0.549362,31.9024
58,0.888762,0.726599,31.9287
59,0.694882,0.425684,32.0012
60,0.430299,0.96429,32.2863
61,-0.0302315,-0.174092,32.307
62,0.104269,1.24686,33.6125
63,0.123634,-1.22874,35.4414
64,-0.315857,-0.739655,35.621
65,0.0930159,-0.134546,35.6728
66,0.559321,0.75276,35.7102
67,0.175008,0.16633,35.7103
68,1.05137,1.1871,35.7287
69,-0.524816,-0.922977,35.8873
70,0.243308,0.163487,35.8936
71,0.312153,0.685687,36.0332
72,0.114017,0.390812,36.1098
73,0.597702,0.991879,36.2651
74,-0.431839,-0.260109,36.2946
75,0.720812,1.20284,36.527
76,0.079919,-1.1036,37.9277
77,-0.0427503,-0.344256,38.0186
78,-0.024212,0.503003,38.2966
79,0.381623,0.542507,38.3225
80,0.382389,0.738862,38.4495
81,0.726463,0.398468,38.5571
82,0.604694,0.999371,38.7129
83,-0.0881538,-0.278699,38.7492
84,0.0690489,1.19107,40.0081
85,0.0897858,-1.06971,41.3526
86,-0.198153,-0.244681,41.3547
87,-0.0522295,0.59527,41.774
88,0.361881,0.430511,41.7787
89,0.47329,0.919105,41.9774
90,0.378571,-0.0535033,42.1641
91,1.00767,1.27172,42.2338
92,-0.814183,-1.28025,42.4511
93,-0.0101884,-0.913123,43.2663
94,0.195055,-0.551385,43.8235
95,0.429175,0.300428,43.8401
96,0.822368,0.708225,43.8531
97,0.712872,0.387912,43.9587
98,0.823066,1.0018,43.9907
99,0.0497126,-0.288674,44.1052
100,0.836374,1.18387,44.2259
101,-0.269937,-1.04878,44.8325
102,-0.0244612,-0.184767,44.8582
103,-0.122395,0.63757,45.4358
104,0.374317,0.375476,45.4358
105,0.521436,0.993896,45.659
106,0.138438,-0.270319,45.8261
107,1.22389,1.19587,45.8269
108,-0.890846,-1.08323,45.8639
109,0.211432,-0.283994,46.1093
110,0.0326278,0.562116,46.3897
111,0.346423,0.472438,46.4056
112,0.434769,0.856158,46.5831
113,0.531675,0.115522,46.7563
114,0.835677,1.23816,46.9183
115,-0.577979,-1.11161,47.2031
116,-0.108911,-0.35851,47.2654
117,0.031165,0.486575,47.4728
118,0.555821,0.56099,47.4728
119,0.95099,0.705379,47.5331
120,0.596585,0.471713,47.5487
121,0.335683,0.900095,47.8673
122,0.0420915,0.00727467,47.8685
123,0.162112,1.26995,49.0958
124,0.169815,-1.25572,51.1279
125,-0.463881,-0.826563,51.2595
126,0.171507,-0.333205,51.5142
127,0.366593,0.596595,51.5671
128,1.07375,0.401742,52.0187
129,0.722088,0.953023,52.072
130,0.0487984,-0.151032,52.112
131,0.275377,1.25397,53.0696
132,-0.0792779,-1.24673,54.4326
133,-0.0376831,-0.799891,55.0135
134,0.168001,-0.269776,55.2052
135,0.554454,0.658142,55.2159
136,0.23329,0.312656,55.2222
137,0.987626,1.06059,55.2276
138,-0.0944727,-0.480988,55.377
139,0.418258,0.994287,55.7088
140,-0.374079,-0.528347,55.7326
141,0.336523,0.907476,56.0586
142,-0.203866,-0.311421,56.0701
143,0.599506,1.13647,56.3584
144,-0.404473,-0.901605,56.6056
145,0.631941,0.202893,56.7897
146,0.37241,0.671887,56.8794
147,0.366726,0.428863,56.8832
148,0.618507,0.944073,56.9892
149,-0.209425,-0.119125,56.9974
150,0.666643,1.26335,57.3534
151,0.0725689,-1.27023,59.1565
152,-0.206014,-0.879868,59.6106
153,0.128246,-0.464904,59.9624
154,0.575275,0.433449,59.9826
155,0.399009,0.597499,60.022
156,0.872397,0.630227,60.0806
157,0.543167,0.623189,60.087
158,0.214399,0.645358,60.2727
159,0.974544,0.603875,60.4101
160,0.0515097,0.683076,60.809
161,0.101989,0.527933,60.9904
162,0.0938746,0.814724,61.5101
163,0.249544,0.229096,61.5105
164,0.0187684,1.17094,62.838
165,0.386871,-0.850806,64.3698
166,-0.41332,0.337862,64.9341
167,0.156934,0.584947,65.1173
168,0.322396,0.62233,65.2072
169,0.495587,0.633272,65.2262
170,0.427748,0.625253,65.2652
171,0.494543,0.642664,65.2871
172,-0.124288,0.609352,65.8254
173,0.349349,0.672966,65.9301
174,0.140025,0.548769,66.0972
175,0.130377,0.780284,66.5196
176,0.252899,0.31225,66.5231
177,0.0576821,1.09758,67.6045
178,0.367952,-0.592895,68.5277
179,-0.32528,0.837142,69.8789
180,0.22509,-0.158997,70.0265
181,0.0719991,1.21575,71.3346
182,-0.132625,-1.11697,72.3035
183,0.0609831,-0.381939,72.4997
184,0.819958,0.460681,72.6288
185,0.229106,0.5883,72.7578
186,0.357284,0.653668,72.8457
187,0.837952,0.578295,72.9131
188,0.463986,0.727905,72.9827
189,0.130243,0.431704,73.0736
190,0.265204,0.957456,73.5528
191,0.148633,-0.153899,73.6444
192,-0.191391,1.25408,75.7337
193,0.348866,-1.24797,78.2836
194,-0.360516,-0.804162,78.4804
195,0.130799,-0.279737,78.649
196,0.582065,0.649197,78.6535
197,0.228211,0.326039,78.6631
198,0.989648,1.04594,78.6662
199,-0.0604147,-0.433768,78.8056
200,0.40344,1.05036,79.2241
201,-0.379105,-0.674703,79.3115
202,0.320324,0.677796,79.4393
203,-0.179875,0.154419,79.551
204,0.757232,1.16996,79.7214
205,-0.327862,-0.869989,80.0153
206,1.05316,0.291354,80.5956
207,0.0649802,0.620161,80.9039
208,-0.114466,0.548966,81.344
209,0.638335,0.764139,81.3598
210,0.211549,0.347219,81.3782
211,0.766389,1.06046,81.4647
212,-0.10628,-0.47023,81.5972
213,-0.0782834,1.00857,82.7784
214,0.159074,-0.56518,83.303
215,-0.0330074,0.855373,84.0922
216,-0.226764,-0.193882,84.0933
217,0.64619,1.20399,84.4044
218,-0.449799,-1.08758,84.8112
219,0.52042,-0.29476,85.4757
220,0.772963,0.552089,85.5245
221,0.195145,0.484848,85.6084
222,0.360147,0.836518,85.8353
223,0.608096,0.165787,86.031
224,0.749579,1.21248,86.2452
225,-0.486923,-1.0084,86.5172
226,-0.109198,-0.0598808,86.5196
227,-0.0162303,0.692459,87.0219
228,0.539232,0.310736,87.0741
229,0.803736,1.07256,87.1463
230,-0.444418,-0.517314,87.1516
231,1.46148,0.947108,87.4162
232,-0.757769,-0.411013,87.5365
233,0.403972,1.04763,87.9507
234,-0.267154,-0.659837,88.1049
235,0.372256,0.704749,88.2155
236,-0.000561026,0.106709,88.227
237,0.913228,1.19548,88.3067
238,-0.258845,-0.96884,88.8108
239,0.787825,0.0445332,89.3633
240,0.18021,0.706571,89.6403
241,-0.0677555,0.314419,89.7864
242,0.851619,1.07357,89.8356
243,-0.543968,-0.519242,89.8362
244,1.38901,0.944614,90.0337
245,-0.506482,-0.404985,90.044
246,0.341051,1.05377,90.552
247,-0.265811,-0.676087,90.7203
248,0.364073,0.676199,90.8177
249,0.0279295,0.15703,90.8344
250,0.897938,1.16834,90.9075
251,-0.196171,-0.86391,91.3534
252,0.933784,0.305625,91.748
253,0.0476147,0.610058,92.0643
254,-0.11687,0.570649,92.537
255,0.622561,0.727121,92.5479
256,0.300122,0.431007,92.5651
257,0.725451,0.958062,92.6192
258,-0.123707,-0.155734,92.6202
259,0.0517947,1.25346,94.0642
260,0.264929,-1.24636,96.3482
261,-0.364259,-0.798748,96.537
262,0.128766,-0.267105,96.6937
263,0.580335,0.660492,96.7001
264,0.22167,0.309118,96.7078
265,0.995778,1.06437,96.7125
266,-0.102168,-0.493307,96.8655
267,0.420752,0.978619,97.1767
268,-0.36977,-0.488765,97.1908
269,0.338159,0.959137,97.5765
270,-0.205557,-0.434552,97.6289
271,0.52623,1.02337,97.8761
272,-0.306608,-0.596571,97.9601
273,0.815347,0.808757,97.9602
274,-0.200157,-0.0946931,97.9713
275,0.825076,1.23007,98.1353
276,-0.447092,-1.14672,98.6248
277,0.399109,-0.471934,99.3835
278,0.772004,0.344173,99.5666
279,0.222327,0.692583,99.7877
280,0.511076,0.431713,99.794
281,0.954964,0.946849,99.7941
282,0.230289,-0.125618,99.9207
283,0.202915,1.26196,101.042
284,-0.148988,-1.26726,102.293
285,-0.246913,-0.869723,102.681
286,0.0705804,-0.439162,102.941
287,0.575999,0.469075,102.952
288,0.360373,0.560207,102.992
289,0.893319,0.701357,103.029
290,0.458491,0.479399,103.029
291,0.16594,0.888654,103.552
292,0.918941,0.0382314,104.327
293,-0.0953208,1.26455,106.176
294,0.194515,-1.22725,108.198
295,-0.478204,-0.72924,108.261
296,0.159029,-0.112684,108.335
297,0.397712,0.763451,108.468
298,1.09281,0.150194,109.357
299,0.796985,1.19745,109.517
300,-0.690795,-0.962395,109.591
301,0.255858,0.0625492,109.628
302,0.316997,0.705804,109.78
303,0.146774,0.321342,109.81
304,0.671271,1.06718,109.967
305,-0.589664,-0.498009,109.975
306,1.27904,0.972934,110.069
307,-0.404318,-0.474644,110.074
308,0.302508,0.976478,110.528
309,-0.268051,-0.477307,110.572
310,0.507775,0.973992,110.789
311,-0.256963,-0.471318,110.835
312,0.872016,0.981201,110.847
313,-0.347018,-0.489254,110.867
314,0.737475,0.959244,110.917
315,-0.340235,-0.434984,110.926
316,0.764581,1.02288,110.992
317,-0.39018,-0.595285,111.034
318,0.693191,0.810753,111.048
319,-0.210606,-0.098834,111.061
320,0.830467,1.22955,111.22
321,-0.448654,-1.14616,111.706
322,0.395869,-0.470298,112.457
323,0.778327,0.346499,112.643
324,0.223638,0.690824,112.861
325,0.494207,0.435816,112.865
326,0.955378,0.941337,112.865
327,0.239352,-0.109817,112.987
328,0.20577,1.26552,114.11
329,-0.136212,-1.27509,115.407
330,-0.26784,-0.896553,115.802
331,0.0813113,-0.507857,116.149
332,0.553935,0.369948,116.183
333,0.457033,0.656037,116.223
334,0.839695,0.508446,116.333
335,0.688244,0.834887,116.354
336,0.231939,0.176684,116.357
337,0.963836,1.20676,116.416
338,-0.0559279,-0.985778,117.281
339,-0.433229,0.00156572,117.47
340,0.0510824,0.704263,117.897
341,0.470069,0.306089,117.923
342,0.779928,1.08011,118.014
343,-0.591872,-0.541474,118.016
344,1.50101,0.913563,118.361
345,-0.671326,-0.330878,118.477
346,0.398743,1.1208,118.998
347,-0.260033,-0.857923,119.356
348,0.224184,0.305795,119.363
349,0.378818,0.611709,119.417
350,0.552359,0.567876,119.417
351,0.560871,0.732036,119.446
352,0.362223,0.420136,119.45
353,0.716945,0.972491,119.515
354,-0.150174,-0.197994,119.517
355,0.0239462,1.23687,120.988
356,0.25461,-1.20117,123.108
357,-0.322662,-0.648867,123.214
358,0.0798048,0.0502105,123.215
359,0.511453,0.80181,123.299
360,0.165868,0.115003,123.302
361,1.09601,1.22203,123.318
362,-0.747273,-1.05619,123.413
363,0.268363,-0.195143,123.628
364,-0.0479248,0.62983,124.087
365,0.479063,0.386097,124.096
366,0.816888,0.98025,124.123
367,0.0852309,-0.229417,124.222
368,1.03592,1.22039,124.256
369,-0.888129,-1.15392,124.326
370,0.17439,-0.498017,124.779
371,0.0951945,0.306596,124.823
372,0.41031,0.718994,124.919
373,0.241989,0.368246,124.934
374,1.03789,1.02585,124.935
375,0.190524,-0.362843,125.241
376,0.110357,1.12344,126.267
377,-0.290692,-0.875812,126.61
378,0.0929282,0.263167,126.639
379,-0.243611,0.640297,127.42
380,0.607768,0.504978,127.43
381,0.440148,0.835085,127.586
382,0.138827,0.175178,127.588
383,0.744932,1.20756,127.802
384,-0.0708781,-0.988939,128.645
385,-0.269986,-0.00693097,128.714
386,0.0457973,0.703251,129.146
387,0.487141,0.305534,129.179
388,0.784589,1.08028,129.266
389,-0.576209,-0.542159,129.268
390,1.51084,0.912574,129.625
391,-0.692797,-0.328556,129.758
392,0.404595,1.12264,130.274
393,-0.26013,-0.863028,130.637
394,0.220082,0.29405,130.643
395,0.389457,0.62004,130.696
396,0.540434,0.549985,130.696
397,0.573386,0.762535,130.732
398,0.288038,0.350953,130.736
399,0.746767,1.05633,130.832
400,-0.135818,-0.456867,130.935
401,-0.0828109,1.02468,132.161
402,0.165722,-0.607016,132.758
403,-0.0467536,0.791549,133.461
404,-0.224759,-0.0592735,133.488
405,0.702863,1.23255,133.769
406,-0.448886,-1.14462,134.253
407,0.569616,-0.46445,135.322
408,0.706507,0.354614,135.446
409,0.198476,0.684613,135.682
410,0.664382,0.450211,135.728
411,0.928934,0.921617,135.728
412,0.229953,-0.0540669,135.809
413,0.218257,1.27239,136.92
414,-0.0885479,-1.2828,138.346
415,-0.335825,-0.922076,138.69
416,0.1018,-0.575153,139.148
417,0.43144,0.260255,139.178
418,0.82737,0.732628,139.187
419,0.705422,0.326635,139.33
420,0.911415,1.07042,139.355
421,-0.171099,-0.506133,139.468
422,0.713183,0.962488,139.53
423,-0.211216,-0.448776,139.586
424,0.222644,1.00679,140.201
425,-0.303381,-0.553699,140.264
426,0.447974,0.87282,140.444
427,-0.161958,-0.23265,140.449
428,0.935359,1.18607,140.512
429,-0.461627,-1.03926,140.846
430,0.4051,-0.156266,141.161
431,0.676191,0.654035,141.161
432,0.196904,0.354254,141.186
433,0.46961,1.02052,141.49
434,0.0868399,-0.35176,141.682
435,1.2839,1.13293,141.705
436,-0.853854,-0.902457,141.707
437,0.283718,0.199677,141.714
438,-0.106171,0.673444,142.322
439,0.544098,0.424966,142.336
440,0.515127,0.949198,142.525
441,-0.209334,-0.133878,142.53
442,0.653848,1.25967,142.897
443,0.0785863,-1.26163,144.694
444,-0.193148,-0.850487,145.126
445,0.119555,-0.391147,145.387
446,0.58921,0.530659,145.39
447,0.316043,0.488417,145.42
448,0.923667,0.825227,145.429
449,0.302128,0.193126,145.441
450,0.129396,1.19535,146.577
451,0.581869,-0.942472,148.901
452,-0.375584,0.11505,149.142
453,-0.0540803,0.698727,149.709
454,0.486219,0.351007,149.727
455,0.682236,1.03713,149.853
456,-0.599484,-0.40059,149.892
457,0.924817,1.08648,149.918
458,-0.0939071,-0.772783,150.379
459,0.148443,0.489871,150.496
460,-0.216034,0.432202,150.916
461,0.748549,0.885444,150.935
462,0.0382881,0.0320451,150.935
463,1.40776,1.2642,150.956
464,-0.859683,-1.22785,151.091
465,-0.074634,-0.731414,151.522
466,0.140678,-0.117308,151.589
467,0.394744,0.76131,151.723
468,1.06706,0.153377,152.558
469,0.79908,1.19546,152.715
470,-0.673982,-0.954758,152.794
471,0.251764,0.0824509,152.823
472,0.321215,0.704055,152.969
473,0.137903,0.330764,153.007
474,0.657863,1.05805,153.167
475,-0.584358,-0.468029,153.18
476,1.15391,1.01074,153.201
477,-0.285407,-0.570653,153.282
478,0.251381,0.84732,153.637
479,-0.262715,-0.176328,153.645
480,0.68035,1.21067,153.926
481,-0.45061,-1.1049,154.354
482,0.511734,-0.345931,155.09
483,0.798464,0.500994,155.178
484,0.203985,0.544828,155.294
485,0.338749,0.734725,155.451
486,0.75597,0.407699,155.572
487,0.555166,0.987711,155.759
488,-0.0697934,-0.243494,155.79
489,0.0808909,1.21331,157.072
490,0.10152,-1.13401,158.599
491,-0.238748,-0.436387,158.638
492,0.000542056,0.393189,158.792
493,0.398552,0.652647,158.856
494,0.297014,0.52163,158.907
495,0.943966,0.814858,158.923
496,0.415438,0.226899,158.959
497,0.224213,1.17238,159.858
498,0.146462,-0.856198,160.863
499,-0.443687,0.325409,161.455
500,0.0579652,0.594893,161.743
501,0.33423,0.602165,161.815
502,0.507044,0.670824,161.842
503,0.350329,0.550643,161.882
504,0.586882,0.776757,161.918
505,-0.123366,0.320502,162.115
506,0.246377,1.08922,162.825
507,0.281811,-0.564801,163.542
508,-0.340316,0.880165,165.032
509,0.232985,-0.254006,165.269
510,0.0463698,1.17372,166.54
511,-0.171609,-1.00488,167.234
512,0.0909797,-0.0615716,167.257
513,0.679719,0.693229,167.258
514,0.273954,0.308735,167.259
515,0.564244,1.07452,167.519
516,-0.269958,-0.523825,167.584
517,1.54421,0.938208,167.951
518,-0.761474,-0.389475,168.089
519,0.401875,1.0691,168.534
520,-0.263752,-0.716994,168.74
521,0.328943,0.601016,168.814
522,0.0996848,0.279193,168.846
523,0.844352,1.07118,168.898
524,-0.016712,-0.522628,169.153
525,1.25355,0.938957,169.252
526,-0.340239,-0.391084,169.255
527,0.0880337,1.06756,170.215
528,-0.137076,-0.712889,170.546
529,0.308645,0.608773,170.636
530,0.0802143,0.267287,170.671
531,0.848406,1.08261,170.726
532,-0.0364278,-0.560684,171.001
533,1.22879,0.884671,171.119
534,-0.289986,-0.263905,171.12
535,0.0630257,1.1679,172.341
536,-0.10782,-0.988749,173.117
537,0.116595,-0.0183049,173.135
538,0.64227,0.702906,173.139
539,0.294819,0.3028,173.139
540,0.595357,1.08251,173.376
541,-0.394287,-0.549714,173.4
542,1.59296,0.901692,173.878
543,-0.726475,-0.303183,174.057
544,0.410474,1.14182,174.592
545,-0.254402,-0.916208,175.03
546,0.18092,0.167333,175.03
547,0.501746,0.685937,175.064
548,0.421215,0.391486,175.065
549,0.649143,0.991215,175.182
550,-0.349541,-0.258064,175.19
551,0.700072,1.20413,175.444
552,0.07572,-1.10732,176.844
553,-0.054067,-0.355367,176.935
554,-0.0205148,0.491005,177.196
555,0.383823,0.555869,177.226
556,0.371894,0.714715,177.344
557,0.758415,0.451616,177.438
558,0.573334,0.928875,177.564
559,-0.0127149,-0.0724465,177.568
560,0.134114,1.27131,178.861
561,0.152489,-1.28447,180.926
562,-0.412257,-0.928417,181.192
563,0.168909,-0.592082,181.771
564,0.46735,0.23069,181.827
565,0.712015,0.747871,181.829
566,0.734359,0.286172,182.029
567,0.982507,1.10971,182.046
568,-0.373512,-0.638183,182.116
569,0.63657,0.762725,182.132
570,-0.0981109,-0.00590313,182.14
571,0.310833,1.22877,182.983
572,-0.139553,-1.11559,183.935
573,0.308188,-0.373733,184.4
574,0.44627,0.469775,184.401
575,0.0825991,0.578916,184.647
576,0.868537,0.671731,184.686
577,0.758379,0.541963,184.733
578,0.378544,0.790307,184.902
579,0.107623,0.288171,184.935
580,0.236956,1.12083,185.716
581,0.181713,-0.672322,186.446
582,-0.386768,0.703427,187.634
583,0.182695,0.10557,187.64
584,0.141495,1.19543,188.751
585,0.0252306,-0.968986,189.739
586,0.596455,0.0441194,190.044
587,0.0568038,0.706579,190.467
588,-0.174045,0.31428,190.705
589,0.855779,1.07369,190.753
590,-0.543709,-0.519658,190.753
591,1.39147,0.944045,190.953
592,-0.508652,-0.403607,190.964
593,0.341849,1.05515,191.473
594,-0.265719,-0.679775,191.645
595,0.361269,0.669615,191.74
596,0.0342957,0.16833,191.758
597,0.893937,1.16122,191.829
598,-0.181134,-0.83729,192.26
599,0.96683,0.366888,192.62
600,0.0190564,0.560364,192.913
601,-0.115757,0.670456,193.531
602,0.55057,0.538793,193.531
603,0.685754,0.79472,193.543
604,0.235463,0.277426,193.544
605,-0.128063,1.13066,195.129
606,0.450135,-0.706536,196.467
607,-0.402331,0.640329,197.554
608,0.151846,0.214009,197.558
609,0.173155,1.12798,198.469
610,0.1096,-0.717069,199.153
611,0.938848,0.618531,199.255
612,-0.252244,0.249267,199.507
613,-0.157418,1.09857,201.084
614,0.208291,-0.614823,201.762
615,1.11766,0.800361,201.863
616,-0.385801,-0.0812563,201.955
617,-0.0488296,1.23086,203.593
618,-0.0297468,-1.14542,204.838
619,0.165831,-0.46751,205.239
620,0.698349,0.350383,205.36
621,0.198894,0.687871,205.599
622,0.580791,0.442682,205.618
623,0.944182,0.932008,205.618
624,0.236713,-0.0832892,205.721
625,0.211997,1.26989,206.84
626,-0.113859,-1.28266,208.206
627,-0.301461,-0.922325,208.591
628,0.0943943,-0.575755,209.04
629,0.498406,0.259212,209.098
630,0.636336,0.733207,209.107
631,0.761795,0.325135,209.298
632,0.925086,1.07196,209.319
633,-0.185283,-0.511211,209.426
634,0.710342,0.955718,209.486
635,-0.207982,-0.43212,209.536
636,0.226934,1.0253,210.173
637,-0.301377,-0.601363,210.263
638,0.41334,0.801297,210.414
639,-0.0933708,-0.0793157,210.414
640,0.943043,1.23158,210.497
641,-0.420448,-1.14731,211.026
642,0.407213,-0.473359,211.801
643,0.744277,0.342113,211.963
644,0.215604,0.694135,212.192
645,0.576855,0.428081,212.214
646,0.94848,0.951686,212.214
647,0.21338,-0.139564,212.338
648,0.201151,1.25824,213.456
649,-0.159868,-1.25829,214.662
650,-0.227972,-0.839146,215.036
651,0.0593142,-0.363319,215.215
652,0.585436,0.563456,215.215
653,0.28718,0.446529,215.24
654,0.942203,0.889893,215.243
655,0.212296,0.0252855,215.278
656,0.170217,1.26607,216.479
657,0.263346,-1.23653,218.729
658,-0.294097,-0.76079,218.947
659,0.10818,-0.181281,219.03
660,0.399996,0.725755,219.136
661,1.07799,0.208207,219.893
662,0.775478,1.15704,220.039
663,-0.469395,-0.811763,220.156
664,0.31982,0.424568,220.167
665,0.135077,0.50411,220.303
666,0.13386,0.771592,220.71
667,0.339394,0.317737,220.71
668,0.988191,1.09014,220.72
669,-0.502508,-0.568441,220.725
670,-0.120883,0.874666,221.716
671,0.0906799,-0.241589,221.826
672,0.150065,1.18069,222.889
673,-0.21103,-1.02411,223.55
674,0.0832668,-0.11412,223.589
675,0.715856,0.674534,223.59
676,0.255399,0.32877,223.596
677,0.520713,1.05103,223.877
678,-0.0813514,-0.447912,224.011
679,1.40445,1.03443,224.148
680,-0.79278,-0.632451,224.174
681,0.352925,0.750339,224.332
682,-0.233266,0.0220526,224.397
683,0.740747,1.22442,224.631
684,-0.418483,-1.09227,225.085
685,0.705154,-0.302959,226.101
686,0.457407,0.54382,226.109
687,0.0952795,0.495076,226.269
688,0.916187,0.820006,226.278
689,0.560327,0.207149,226.403
690,0.588639,1.18593,226.759
691,-0.395651,-0.906847,227.021
692,-0.0974144,0.204458,227.112
693,-0.0391186,0.669422,227.614
694,0.451033,0.433962,227.614
695,0.611166,0.937174,227.72
696,-0.325669,-0.0994249,227.772
697,0.665059,1.26731,228.134
698,0.0900267,-1.27834,230.007
699,-0.214274,-0.907627,230.487
700,0.135599,-0.536805,230.94
701,0.542472,0.324288,230.987
702,0.526008,0.691731,231.015
703,0.808513,0.427399,231.16
704,0.787826,0.951782,231.187
705,0.133638,-0.140024,231.262
706,0.896336,1.25809,231.392
707,-0.232024,-1.2579,232.445
708,-0.225942,-0.8378,232.819
709,0.0723155,-0.360042,233.006
710,0.585954,0.567177,233.007
711,0.285111,0.441621,233.031
712,0.943974,0.897112,233.033
713,0.201666,0.00575217,233.072
714,0.177888,1.26909,234.262
715,0.223872,-1.25309,236.444
716,-0.271957,-0.817602,236.741
717,0.128137,-0.31179,236.935
718,0.380244,0.618621,236.992
719,1.0564,0.370694,237.462
720,0.732849,0.993207,237.53
721,-0.0209082,-0.269837,237.592
722,0.340588,1.19603,238.324
723,-0.261558,-1.08362,238.999
724,0.152134,-0.285115,239.191
725,0.0367738,0.561108,239.465
726,0.335948,0.473687,239.484
727,0.431138,0.854201,239.663
728,0.536672,0.120582,239.837
729,0.830599,1.2359,240.001
730,-0.569375,-1.10227,240.285
731,-0.109646,-0.330224,240.333
732,0.0257059,0.516652,240.574
733,0.55926,0.527232,240.576
734,0.93837,0.765833,240.605
735,0.519124,0.337069,240.638
736,0.422195,1.07069,241.059
737,-0.15437,-0.5038,241.181
738,0.00151383,0.965866,242.111
739,0.0145626,-0.457195,242.334
740,0.0502422,0.997121,243.23
741,-0.237445,-0.52911,243.315
742,0.443809,0.907196,243.53
743,-0.1966,-0.31094,243.543
744,0.922286,1.1368,243.589
745,-0.448155,-0.902527,243.796
746,0.497014,0.200663,243.883
747,0.369592,0.67287,243.975
748,0.370985,0.426344,243.978
749,0.62004,0.947384,244.086
750,-0.219219,-0.128649,244.094
751,0.665661,1.26104,244.448
752,0.0754955,-1.26492,246.245
753,-0.197272,-0.861724,246.686
754,0.122811,-0.419072,246.98
755,0.585523,0.495613,246.988
756,0.343915,0.530393,247.023
757,0.905352,0.754841,247.046
758,0.392673,0.361419,247.047
759,0.136493,1.04358,247.869
760,0.818785,-0.416253,249.395
761,-0.251617,1.0705,251.143
762,0.0428393,-0.729235,251.739
763,-0.040893,0.576653,252.12
764,-0.225307,0.315689,252.413
765,0.75632,1.03347,252.49
766,-0.145214,-0.400585,252.555
767,1.43496,1.08539,252.677
768,-0.496862,-0.769463,252.751
769,0.13373,0.496714,252.883
770,-0.095008,0.423747,253.152
771,0.681402,0.897628,253.199
772,0.0186836,-0.000906481,253.199
773,1.41868,1.26929,253.222
774,-0.866068,-1.2558,253.374
775,-0.0564868,-0.827054,253.967
776,0.176071,-0.334366,254.228
777,0.354367,0.595363,254.286
778,1.03064,0.403451,254.679
779,0.729095,0.950727,254.728
780,0.0571955,-0.1444,254.769
781,0.270727,1.25603,255.74
782,-0.0675387,-1.25196,257.143
783,-0.0487004,-0.817568,257.734
784,0.171629,-0.311373,257.967
785,0.556523,0.618995,257.971
786,0.259807,0.370171,257.983
787,0.965227,0.993861,257.984
788,0.0423831,-0.271811,258.083
789,0.325091,1.19472,258.839
790,-0.266181,-1.07986,259.501
791,0.155285,-0.274106,259.686
792,0.033849,0.570855,259.974
793,0.335297,0.461542,259.99
794,0.441194,0.873027,260.176
795,0.496771,0.0714155,260.357
796,0.879197,1.25477,260.498
797,-0.650134,-1.18279,260.782
798,-0.0963238,-0.582175,261.018
799,0.0818729,0.170663,261.026
800,0.489539,0.784571,261.113
801,1.04532,0.189425,261.846
802,0.865261,1.18514,261.948
803,-0.624838,-0.909541,262.029
804,-0.245164,0.197371,262.225
805,0.117076,0.6726,262.533
806,0.45367,0.425863,262.534
807,0.548832,0.947877,262.693
808,-0.324227,-0.130099,262.731
809,0.672885,1.26067,263.077
810,0.0955287,-1.26402,264.925
811,-0.187302,-0.858656,265.376
812,0.120808,-0.411414,265.659
813,0.58701,0.505437,265.666
814,0.336012,0.518923,265.699
815,0.910454,0.774638,265.718
816,0.367786,0.315587,265.72
817,0.129951,1.09296,266.648
818,0.764927,-0.577705,268.45
819,-0.302317,0.860647,269.803
820,-0.013648,-0.21031,269.841
821,0.124026,1.19627,270.991
822,-0.176568,-1.06658,271.783
823,0.0640837,-0.233763,271.872
824,0.784077,0.603521,271.905
825,0.232872,0.419938,271.94
826,0.417779,0.934169,272.206
827,0.392644,-0.0957604,272.445
828,1.01908,1.26741,272.506
829,-0.850497,-1.2776,272.689
830,0.0308876,-0.904933,273.565
831,0.202966,-0.529745,274.101
832,0.515935,0.335639,274.134
833,0.544421,0.683362,274.153
834,0.802758,0.446915,274.28
835,0.761338,0.925382,274.307
836,0.169886,-0.0647914,274.362
837,0.918711,1.27174,274.487
838,-0.196817,-1.28368,275.668
839,-0.315395,-0.925449,276.04
840,0.111807,-0.584144,276.524
841,0.455601,0.244652,276.569
842,0.760341,0.74096,276.569
843,0.722005,0.304764,276.743
844,0.949671,1.09225,276.764
845,-0.275437,-0.578798,276.856
846,0.668622,0.858666,276.892
847,-0.155596,-0.205869,276.894
848,0.276872,1.19826,277.743
849,-0.24093,-1.07193,278.434
850,0.0881064,-0.249181,278.548
851,0.79473,0.591492,278.589
852,0.232415,0.435438,278.63
853,0.405882,0.911999,278.886
854,0.450068,-0.0338066,279.12
855,0.953472,1.272,279.222
856,-0.791402,-1.27532,279.456
857,-0.0275363,-0.89541,280.209
858,0.184755,-0.505059,280.685
859,0.398764,0.374258,280.686
860,0.92863,0.652385,280.762
861,0.698686,0.516429,280.795
862,0.646624,0.822338,280.826
863,0.255477,0.208193,280.828
864,0.966866,1.18602,280.876
865,-0.0379762,-0.90684,281.631
866,-0.423666,0.204504,282.026
867,0.055675,0.669397,282.403
868,0.39081,0.434021,282.404
869,0.626634,0.937095,282.501
870,-0.32803,-0.0991999,282.553
871,0.66448,1.26735,282.917
872,0.0901113,-1.27841,284.789
873,-0.214447,-0.907868,285.27
874,0.135675,-0.537437,285.723
875,0.542021,0.323265,285.771
876,0.527526,0.692468,285.798
877,0.807832,0.425662,285.944
878,0.790029,0.954077,285.971
879,0.130181,-0.146668,286.048
880,0.894121,1.25611,286.179
881,-0.234714,-1.25293,287.216
882,-0.217365,-0.820923,287.58
883,0.0664648,-0.319357,287.729
884,0.586553,0.610939,287.73
885,0.25556,0.381649,287.745
886,0.967031,0.979364,287.746
887,0.0694217,-0.22832,287.834
888,0.299711,1.22083,288.683
889,-0.207307,-1.15508,289.581
890,0.0893673,-0.501654,289.93
891,0.0942527,0.301156,289.973
892,0.401648,0.722531,290.076
893,0.236677,0.359475,290.091
894,1.04236,1.03585,290.091
895,0.170201,-0.39433,290.41
896,0.0940861,1.09306,291.408
897,-0.298379,-0.790991,291.651
898,0.133986,0.451985,291.752
899,-0.278957,0.476696,292.323
900,0.726162,0.81746,292.331
901,0.113941,0.207471,292.34
902,1.28402,1.18498,292.35
903,-0.678413,-0.903595,292.4
904,-0.130612,0.212416,292.518
905,-0.00600726,0.665753,292.969
906,0.474758,0.443207,292.97
907,0.579657,0.924721,293.089
908,-0.287548,-0.0641895,293.139
909,0.672596,1.27165,293.498
910,0.0780247,-1.28318,295.351
911,-0.241126,-0.923678,295.817
912,0.14204,-0.579406,296.337
913,0.463533,0.2529,296.382
914,0.763973,0.736636,296.382
915,0.722555,0.316184,296.547
916,0.931666,1.08103,296.57
917,-0.220724,-0.541219,296.673
918,0.69141,0.914224,296.722
919,-0.186582,-0.332494,296.743
920,0.250696,1.11949,297.498
921,-0.282229,-0.854322,297.826
922,0.220779,0.314035,297.834
923,0.370739,0.605638,297.889
924,0.560959,0.580694,297.89
925,0.551679,0.709603,297.915
926,0.414761,0.469257,297.918
927,0.685236,0.904598,297.966
928,-0.156721,-0.00483996,297.989
929,0.104417,1.27135,299.351
930,0.29828,-1.2643,301.792
931,-0.474347,-0.856444,301.938
932,0.190057,-0.406185,302.294
933,0.365964,0.512086,302.315
934,1.04821,0.51102,302.604
935,0.702506,0.788028,302.611
936,0.294943,0.283923,302.611
937,0.152826,1.12355,303.553
938,0.722852,-0.682138,305.527
939,-0.331102,0.685629,306.561
940,-0.0414522,0.137238,306.593
941,0.223396,1.17932,307.507
942,0.0263459,-0.905945,308.376
943,0.70159,0.204765,308.623
944,-0.0312472,0.669516,309.114
945,-0.219483,0.433876,309.541
946,0.729133,0.937307,309.584
947,-0.254069,-0.0997986,309.608
948,0.701257,1.26725,309.928
949,0.0817403,-1.27823,311.778
950,-0.215026,-0.907229,312.257
951,0.135671,-0.535759,312.708
952,0.543155,0.325978,312.755
953,0.523487,0.690506,312.783
954,0.809642,0.430276,312.927
955,0.784184,0.947959,312.954
956,0.13923,-0.128995,313.026
957,0.899925,1.26109,313.156
958,-0.227394,-1.26519,314.233
959,-0.239982,-0.862674,314.621
960,0.0812036,-0.421446,314.873
961,0.57962,0.492534,314.881
962,0.341536,0.53394,314.918
963,0.905289,0.748631,314.943
964,0.400592,0.375554,314.943
965,0.138973,1.02713,315.732
966,0.833692,-0.364334,317.167
967,-0.234216,1.1223,319.007
968,0.062744,-0.872694,319.883
969,-0.0989956,0.270458,320.019
970,-0.175495,0.635785,320.677
971,0.60304,0.515225,320.685
972,0.428048,0.819096,320.838
973,0.184524,0.215282,320.839
974,0.751201,1.18084,321.023
975,-0.0888897,-0.887565,321.661
976,-0.241423,0.251374,321.904
977,0.0483956,0.645266,322.26
978,0.3839,0.492496,322.272
979,0.582075,0.854006,322.346
980,-0.0938646,0.126692,322.395
981,0.730202,1.23373,322.648
982,-0.0105549,-1.09292,323.82
983,-0.281525,-0.302144,323.82
984,0.0579797,0.544317,324.057
985,0.536719,0.494564,324.059
986,0.93489,0.820864,324.072
987,0.431107,0.205023,324.123
988,0.534825,1.18741,324.548
989,-0.387323,-0.912416,324.824
990,-0.0973699,0.19072,324.907
991,-0.0381176,0.675352,325.416
992,0.456669,0.418676,325.418
993,0.623471,0.9572,325.529
994,-0.383565,-0.157122,325.58
995,0.662147,1.2526,325.929
996,0.10162,-1.24374,327.739
997,-0.160559,-0.789858,328.135
998,0.100672,-0.246548,328.256
999,0.58794,0.677942,328.264
1000,0.217626,0.282588,328.268
1001,1.00322,1.09158,328.276
1002,-0.170602,-0.583402,328.446
1003,0.427533,0.850975,328.625
1004,-0.298284,-0.188842,328.637
1005,0.318933,1.20537,329.423
1006,-0.155397,-1.09072,330.298
1007,0.0930989,-0.303943,330.456
1008,0.814776,0.543448,330.529
1009,0.232117,0.495346,330.599
1010,0.370812,0.819519,330.8
1011,0.635937,0.208348,330.983
1012,0.709149,1.18508,331.209
1013,-0.409853,-0.903688,331.453
1014,-0.097574,0.212213,331.549
1015,-0.0397312,0.665846,332.047
1016,0.447788,0.442973,332.047
1017,0.604074,0.925039,332.15
1018,-0.290706,-0.0650831,332.201
1019,0.67197,1.27158,332.56
1020,0.0784971,-1.28321,334.415
1021,-0.240497,-0.923812,334.882
1022,0.14201,-0.579764,335.402
1023,0.465538,0.25228,335.448
1024,0.758209,0.736968,335.448
1025,0.724129,0.315314,335.616
1026,0.933366,1.0819,335.638
1027,-0.224995,-0.544111,335.739
1028,0.689632,0.910091,335.788
1029,-0.184364,-0.322804,335.807
1030,0.25285,1.12714,336.572
1031,-0.279728,-0.875475,336.927
1032,0.204948,0.265103,336.93
1033,0.415083,0.638966,336.98
1034,0.51168,0.507942,336.98
1035,0.600334,0.830482,337.033
1036,0.111636,0.186802,337.039
1037,0.755927,1.20029,337.236
1038,-0.0768882,-0.96094,338.018
1039,-0.261818,0.0673189,338.126
1040,0.0448757,0.705373,338.562
1041,0.461505,0.323623,338.581
1042,0.735448,1.06499,338.69
1043,-0.644441,-0.490789,338.714
1044,1.23426,0.982273,338.777
1045,-0.373052,-0.49804,338.793
1046,0.290759,0.947421,339.224
1047,-0.267754,-0.40606,339.243
1048,0.554398,1.05339,339.492
1049,-0.329361,-0.675293,339.612
1050,0.775728,0.677588,339.621
1051,-0.078855,0.154637,339.676
1052,0.787685,1.1698,339.822
1053,-0.22209,-0.86941,340.241
1054,0.931819,0.292715,340.649
1055,0.0538764,0.619222,340.969
1056,-0.11635,0.551005,341.414
1057,0.636923,0.760718,341.43
1058,0.219886,0.355134,341.448
1059,0.763627,1.05165,341.531
1060,-0.108297,-0.441807,341.642
1061,-0.0667746,1.04222,342.872
1062,0.169458,-0.653262,343.549
1063,-0.061704,0.715215,344.153
1064,-0.219844,0.0878764,344.247
1065,0.744126,1.20375,344.459
1066,-0.381422,-1.00227,344.844
1067,0.870507,-0.0452308,345.683
1068,0.245128,0.696456,345.886
1069,-0.0331942,0.30736,346.002
1070,0.898503,1.07668,346.034
1071,-0.375722,-0.530722,346.058
1072,1.51119,0.928671,346.397
1073,-0.751532,-0.366619,346.545
1074,0.409364,1.09043,347.009
1075,-0.264744,-0.774633,347.269
1076,0.285586,0.48705,347.31
1077,0.209124,0.435506,347.361
1078,0.739911,0.880583,347.381
1079,0.253727,0.0450536,347.424
1080,1.3,1.26133,347.426
1081,-0.866009,-1.21383,347.547
1082,-0.0826485,-0.684338,347.909
1083,0.126055,-0.0197941,347.93
1084,0.420477,0.79415,348.07
1085,1.06219,0.111117,348.974
1086,0.831198,1.22096,349.126
1087,-0.892964,-1.0537,349.152
1088,0.447087,-0.188117,349.556
1089,-0.0136099,0.634346,349.976
1090,0.389455,0.380212,349.976
1091,0.806355,0.987918,350.009
1092,0.0646125,-0.252312,350.109
1093,1.06424,1.20725,350.129
1094,-0.887007,-1.11613,350.182
1095,0.197663,-0.381859,350.518
1096,0.0604475,0.461019,350.678
1097,0.364104,0.587888,350.728
1098,0.342972,0.654448,350.825
1099,0.831146,0.576744,350.89
1100,0.513082,0.730647,350.937
1101,0.123714,0.42564,351.029
1102,0.262984,0.965557,351.522
1103,0.150907,-0.177528,351.63
1104,-0.201113,1.24554,353.723
1105,0.34305,-1.22519,356.182
1106,-0.338688,-0.727868,356.334
1107,0.105144,-0.109266,356.38
1108,0.555345,0.764925,356.424
1109,0.170419,0.148066,356.424
1110,1.0601,1.19878,356.443
1111,-0.593335,-0.967499,356.583
1112,0.252852,0.0491597,356.625
1113,0.308205,0.706367,356.783
1114,0.15459,0.316212,356.809
1115,0.679927,1.07192,356.963
1116,-0.586501,-0.513767,356.968
1117,1.35351,0.952039,357.13
1118,-0.479075,-0.423059,357.133
1119,0.331707,1.03504,357.627
1120,-0.266938,-0.626752,357.757
1121,0.40121,0.760567,357.886
1122,-0.0536356,0.00212668,357.889
1123,0.935177,1.22816,357.975
1124,-0.363983,-1.1111,358.533
1125,0.529454,-0.359921,359.324
1126,0.515123,0.485309,359.325
1127,0.130294,0.562289,359.512
1128,0.879752,0.702956,359.543
1129,0.722703,0.476882,359.603
1130,0.404272,0.892504,359.842
1131,0.0368191,0.027875,359.842
1132,0.166785,1.26666,361.052
1133,0.173539,-1.23785,363.044
1134,-0.472754,-0.765177,363.129
1135,0.166106,-0.191049,363.257
1136,0.383661,0.719347,363.369
1137,1.09338,0.218241,364.135
1138,0.769206,1.14912,364.28
1139,-0.438393,-0.783207,364.398
1140,0.34309,0.485958,364.419
1141,0.0723022,0.43442,364.55
1142,0.155493,0.881578,365.077
1143,0.265685,0.0422747,365.127
1144,1.21667,1.26197,365.129
1145,-0.994607,-1.21692,365.179
1146,-0.0718579,-0.694654,365.566
1147,0.13523,-0.040637,365.597
1148,0.414773,0.789292,365.738
1149,1.06389,0.115634,366.637
1150,0.824737,1.21807,366.792
1151,-0.860955,-1.04247,366.824
1152,0.413918,-0.156033,367.149
1153,0.0640175,0.653173,367.496
1154,0.338427,0.355901,367.497
1155,0.790992,1.01862,367.549
1156,-0.0569269,-0.34585,367.632
1157,1.17735,1.13813,367.634
1158,-0.853958,-0.917226,367.638
1159,0.28363,0.163613,367.652
1160,-0.0982114,0.687355,368.269
1161,0.518602,0.387644,368.286
1162,0.546869,0.995831,368.488
1163,-0.357178,-0.272059,368.495
1164,0.698647,1.19513,368.742
1165,0.0724779,-1.08128,370.073
1166,-0.0374745,-0.278288,370.131
1167,-0.0410506,0.567194,370.501
1168,0.372825,0.46612,370.509
1169,0.443799,0.865983,370.688
1170,0.508322,0.0899385,370.863
1171,0.861185,1.24847,371.013
1172,-0.620505,-1.15517,371.298
1173,-0.102934,-0.493638,371.451
1174,0.0601442,0.3123,371.515
1175,0.52369,0.715365,371.551
1176,1.00969,0.377244,371.951
1177,0.828325,1.01537,371.986
1178,-0.0211028,-0.330197,372.082
1179,0.16019,1.15197,373.066
1180,-0.275397,-0.956906,373.53
1181,0.0478431,0.0636549,373.53
1182,-0.19981,0.707256,374.353
1183,0.473011,0.318802,374.377
1184,0.597264,1.06989,374.6
1185,-0.539222,-0.506885,374.601
1186,1.30067,0.961262,374.716
1187,-0.406497,-0.445699,374.718
1188,0.303501,1.01027,375.218
1189,-0.265782,-0.562618,375.306
1190,0.448231,0.859926,375.475
1191,-0.149178,-0.204048,375.478
1192,0.938136,1.19969,375.547
1193,-0.46074,-1.07617,375.925
1194,0.38457,-0.261481,376.343
1195,0.748705,0.581429,376.371
1196,0.197153,0.448272,376.434
1197,0.382461,0.893101,376.694
1198,0.49555,0.0177998,376.923
1199,0.899466,1.26749,377.058
1200,-0.726831,-1.24379,377.325
1201,-0.067182,-0.78558,377.841
1202,0.141823,-0.237128,377.985
1203,0.395963,0.685605,378.069
1204,1.07625,0.270787,378.718
1205,0.756096,1.10303,378.838
1206,-0.277619,-0.622097,378.957
1207,0.430887,0.789102,379.085
1208,-0.243419,-0.0583837,379.119
1209,0.295447,1.23196,379.996
1210,-0.100913,-1.14233,381.081
1211,0.211253,-0.457283,381.528
1212,0.634743,0.364552,381.601
1213,0.170413,0.676758,381.857
1214,0.680105,0.468163,381.902
1215,0.921462,0.89618,381.903
1216,0.252358,0.0160557,381.959
1217,0.227049,1.26849,383.043
1218,-0.0270352,-1.24789,384.534
1219,-0.403814,-0.799565,384.69
1220,0.0941101,-0.269393,384.823
1221,0.379236,0.658529,384.901
1222,1.08354,0.312057,385.496
1223,0.742911,1.06123,385.597
1224,-0.167938,-0.483067,385.696
1225,0.431092,0.991673,386.011
1226,-0.370364,-0.521701,386.033
1227,0.336545,0.916461,386.37
1228,-0.20426,-0.332371,386.386
1229,0.587796,1.12028,386.67
1230,-0.391313,-0.856748,386.886
1231,0.662034,0.308461,387.011
1232,0.273336,0.609768,387.125
1233,0.462847,0.571994,387.136
1234,0.535692,0.724883,387.172
1235,0.382576,0.435961,387.175
1236,0.707507,0.951378,387.235
1237,-0.152539,-0.136379,387.235
1238,0.0496521,1.25937,388.698
1239,0.271615,-1.26135,391.048
1240,-0.382417,-0.849583,391.267
1241,0.146945,-0.388911,391.554
1242,0.58131,0.533373,391.556
1243,0.303786,0.485046,391.589
1244,0.929171,0.830634,391.599
1245,0.295412,0.179579,391.612
1246,0.130555,1.20404,392.764
1247,0.558491,-0.975732,395.118
1248,-0.37696,0.0283398,395.282
1249,-0.0474943,0.706156,395.85
1250,0.515155,0.310383,395.892
1251,0.744928,1.07697,396.003
1252,-0.62469,-0.530708,396.011
1253,1.4319,0.928781,396.265
1254,-0.576758,-0.366899,396.309
1255,0.368095,1.09017,396.83
1256,-0.263188,-0.773938,397.091
1257,0.28887,0.488479,397.131
1258,0.208325,0.433762,397.182
1259,0.741489,0.883134,397.202
1260,0.25064,0.038232,397.247
1261,1.30329,1.26289,397.248
1262,-0.868772,-1.22139,397.373
1263,-0.0792424,-0.709649,397.77
1264,0.134006,-0.0714602,397.812
1265,0.406465,0.779956,397.952
1266,1.06591,0.126898,398.834
1267,0.814648,1.21144,398.991
1268,-0.79714,-1.01656,399.039
1269,0.336492,-0.0833216,399.215
1270,0.197002,0.685312,399.454
1271,0.252021,0.317489,399.458
1272,0.755657,1.06447,399.553
1273,-0.317107,-0.491101,399.584
1274,1.40877,0.98169,399.766
1275,-0.771605,-0.496532,399.842
1276,0.387208,0.949345,400.158
1277,-0.262806,-0.410718,400.18
1278,0.544791,1.04864,400.434
1279,-0.326524,-0.662715,400.547
1280,0.781877,0.699724,400.553
1281,-0.0996818,0.115726,400.6
1282,0.79888,1.19117,400.754
1283,-0.270293,-0.951714,401.218
1284,0.818624,0.0892858,401.75
1285,0.155366,0.703325,402.05
1286,-0.0817833,0.334253,402.223
1287,0.821862,1.05458,402.277
1288,-0.546315,-0.456724,402.285
1289,1.12186,1.02434,402.295
1290,-0.247006,-0.605994,402.424
1291,0.232153,0.793181,402.739
1292,-0.25807,-0.0625882,402.777
1293,0.726234,1.23247,403.033
1294,-0.446915,-1.14535,403.521
1295,0.563128,-0.466822,404.582
1296,0.714531,0.351303,404.714
1297,0.201025,0.687174,404.95
1298,0.649944,0.444299,404.992
1299,0.933135,0.92979,404.992
1300,0.224412,-0.077024,405.083
1301,0.21441,1.27063,406.199
1302,-0.10827,-1.28341,407.58
1303,-0.309121,-0.924818,407.959
1304,0.0965836,-0.582426,408.42
1305,0.483662,0.247646,408.475
1306,0.679107,0.739412,408.479
1307,0.746699,0.308871,408.671
1308,0.947836,1.08826,408.691
1309,-0.258591,-0.565377,408.785
1310,0.67678,0.878967,408.826
1311,-0.167217,-0.251229,408.833
1312,0.267972,1.17533,409.656
1313,-0.257846,-1.00932,410.221
1314,0.114963,-0.0736231,410.256
1315,0.691619,0.689615,410.256
1316,0.269645,0.312116,410.258
1317,0.554597,1.0705,410.524
1318,-0.229619,-0.510727,410.603
1319,1.51605,0.955972,410.917
1320,-0.765757,-0.432653,411.028
1321,0.393731,1.02473,411.426
1322,-0.264133,-0.59989,411.539
1323,0.416004,0.803603,411.689
1324,-0.0962672,-0.0840554,411.689
1325,0.94207,1.23119,411.773
1326,-0.423237,-1.14737,412.297
1327,0.402778,-0.4737,413.065
1328,0.753517,0.341639,413.235
1329,0.218025,0.694486,413.462
1330,0.556196,0.427257,413.479
1331,0.95127,0.952777,413.479
1332,0.215662,-0.142721,413.607
1333,0.200081,1.25732,414.725
1334,-0.162416,-1.256,415.921
1335,-0.223606,-0.831348,416.29
1336,0.0565396,-0.344395,416.451
1337,0.586114,0.584545,416.451
1338,0.272573,0.418312,416.472
1339,0.953218,0.930385,416.473
1340,0.150961,-0.086368,416.529
1341,0.220508,1.26867,417.627
1342,0.0398412,-1.27925,419.367
1343,-0.142789,-0.910475,419.957
1344,0.182536,-0.544326,420.485
1345,0.488341,0.31205,420.516
1346,0.605169,0.700377,420.525
1347,0.778191,0.406877,420.663
1348,0.810631,0.978345,420.691
1349,0.0914018,-0.217958,420.787
1350,0.867687,1.227,420.916
1351,-0.258193,-1.17311,421.753
1352,-0.121444,-0.558568,421.944
1353,-0.0168298,0.211269,421.996
1354,0.464026,0.769941,422.09
1355,0.203282,0.233447,422.091
1356,1.08404,1.15469,422.096
1357,-0.224276,-0.796584,422.423
1358,-0.241377,0.458041,422.912
1359,-0.0366367,0.467303,423.166
1360,0.425578,0.831692,423.331
1361,0.253268,0.171795,423.338
1362,1.10252,1.20819,423.349
1363,-0.847158,-0.99207,423.37
1364,-0.1112,-0.0154264,423.379
1365,0.0089335,0.702046,423.86
1366,0.54748,0.305356,423.918
1367,0.754816,1.08007,424.024
1368,-0.554396,-0.541578,424.024
1369,1.51541,0.913393,424.387
1370,-0.710597,-0.330474,424.531
1371,0.408641,1.12112,425.039
1372,-0.260751,-0.858815,425.397
1373,0.222914,0.303747,425.403
1374,0.380573,0.613189,425.457
1375,0.550256,0.564724,425.457
1376,0.56311,0.737479,425.488
1377,0.349215,0.407992,425.491
1378,0.723416,0.988203,425.561
1379,-0.1481,-0.244766,425.571
1380,0.00444303,1.21259,427.03
1381,0.240222,-1.13194,428.913
1382,-0.273475,-0.430033,428.938
1383,0.0145569,0.401517,429.087
1384,0.396703,0.645287,429.149
1385,0.302992,0.537501,429.204
1386,0.932018,0.789116,429.225
1387,0.428637,0.289465,429.244
1388,0.222341,1.11943,430.049
1389,0.190161,-0.66753,430.784
1390,-0.403282,0.711993,432.028
1391,0.105742,0.0900332,432.028
1392,0.14179,1.20225,433.153
1393,0.0128058,-0.996556,434.172
1394,0.547382,-0.0296974,434.505
1395,0.103282,0.699799,434.861
1396,-0.141784,0.305485,435.061
1397,0.896418,1.07929,435.094
1398,-0.417472,-0.539167,435.109
1399,1.5324,0.916805,435.488
1400,-0.736875,-0.338495,435.647
1401,0.411352,1.11463,436.141
1402,-0.261828,-0.840913,436.477
1403,0.235786,0.344402,436.488
1404,0.34316,0.581669,436.545
1405,0.592106,0.629646,436.547
1406,0.512982,0.619464,436.558
1407,0.60925,0.651664,436.56
1408,0.487722,0.591307,436.571
1409,-0.159868,0.705997,437.32
1410,0.368185,0.479587,437.333
1411,0.0635,0.889794,438.015
1412,0.266907,0.0354497,438.069
1413,-0.0675787,1.26518,439.845
1414,0.395652,-1.23031,442.489
1415,-0.471778,-0.739586,442.561
1416,0.180445,-0.134877,442.66
1417,0.395343,0.752656,442.788
1418,1.09424,0.16645,443.649
1419,0.789093,1.18701,443.807
1420,-0.623601,-0.922651,443.896
1421,0.24895,0.164303,443.904
1422,0.316136,0.685411,444.04
1423,0.112878,0.391588,444.118
1424,0.59712,0.990946,444.273
1425,-0.429212,-0.257287,444.302
1426,0.718706,1.20461,444.538
1427,0.081335,-1.1087,445.955
1428,-0.0462801,-0.359519,446.053
1429,-0.0201009,0.486434,446.309
1430,0.384987,0.560879,446.34
1431,0.367981,0.705511,446.454
1432,0.770012,0.471419,446.543
1433,0.562633,0.900523,446.657
1434,0.0128624,0.00610638,446.658
1435,0.158016,1.2701,447.894
1436,0.169959,-1.2566,449.929
1437,-0.463392,-0.829632,450.063
1438,0.171702,-0.340586,450.326
1439,0.366148,0.588712,450.375
1440,1.07173,0.41261,450.81
1441,0.719919,0.938268,450.858
1442,0.0736949,-0.108703,450.891
1443,0.252988,1.26494,451.915
1444,-0.00151856,-1.2727,453.531
1445,-0.10743,-0.888208,454.14
1446,0.18281,-0.486289,454.588
1447,0.52937,0.40247,454.604
1448,0.455872,0.627339,454.634
1449,0.843671,0.569766,454.709
1450,0.613042,0.733716,454.723
1451,0.242191,0.417255,454.754
1452,0.980864,0.976372,454.754
1453,0.0514204,-0.209446,454.822
1454,-0.223221,1.2315,456.938
1455,0.268712,-1.18605,459.054
1456,-0.31436,-0.599957,459.136
1457,0.0648937,0.140256,459.142
1458,0.482675,0.792472,459.238
1459,0.181912,0.16286,459.238
1460,1.09719,1.20061,459.249
1461,-0.526934,-0.969189,459.444
1462,-0.234022,0.0451242,459.522
1463,0.153335,0.706393,459.828
1464,0.465912,0.314951,459.851
1465,0.677554,1.07305,460.007
1466,-0.602637,-0.517515,460.015
1467,1.36794,0.946964,460.192
1468,-0.498914,-0.410691,460.2
1469,0.339547,1.04796,460.701
1470,-0.26635,-0.660702,460.857
1471,0.375724,0.703249,460.964
1472,0.00176842,0.109406,460.976
1473,0.912821,1.19422,461.055
1474,-0.255587,-0.963795,461.557
1475,0.795454,0.057803,462.101
1476,0.172648,0.706184,462.385
1477,-0.0721598,0.319167,462.538
1478,0.84322,1.06924,462.59
1479,-0.551053,-0.504834,462.592
1480,1.31909,0.963971,462.718
1481,-0.434646,-0.452387,462.718
1482,0.313658,1.00268,463.193
1483,-0.267776,-0.543219,463.269
1484,0.462072,0.887681,463.45
1485,-0.175686,-0.266135,463.458
1486,0.929425,1.16715,463.515
1487,-0.458893,-0.98696,463.793
1488,0.438969,-0.0135822,463.998
1489,0.561439,0.703654,464.018
1490,0.233494,0.302745,464.023
1491,0.583414,1.08278,464.273
1492,-0.404077,-0.550553,464.294
1493,1.59127,0.900482,464.771
1494,-0.71848,-0.300382,464.946
1495,0.409004,1.14382,465.486
1496,-0.253722,-0.92178,465.932
1497,0.177155,0.153596,465.933
1498,0.513573,0.690437,465.964
1499,0.40963,0.378694,465.965
1500,0.65118,1.00636,466.091
1501,-0.391672,-0.304253,466.099
1502,0.743951,1.17231,466.282
1503,0.0490361,-1.01531,467.415
1504,0.00496464,-0.0915042,467.425
1505,-0.0892311,0.683685,468.022
1506,0.401249,0.318154,468.029
1507,0.578986,1.06339,468.263
1508,-0.228074,-0.487685,468.331
1509,1.48358,0.986047,468.578
1510,-0.771155,-0.50751,468.648
1511,0.378146,0.935221,468.958
1512,-0.258354,-0.376747,468.972
1513,0.56539,1.08185,469.239
1514,-0.355936,-0.751593,469.396
1515,0.730325,0.533708,469.434
1516,0.0579787,0.375741,469.535
1517,0.681448,0.962459,469.614
1518,0.122226,-0.184136,469.708
1519,1.36176,1.24127,469.723
1520,-0.785655,-1.21229,469.905
1521,0.0627367,-0.685125,470.464
1522,0.194718,-0.0208426,470.51
1523,0.452602,0.793854,470.627
1524,0.158348,0.111461,470.629
1525,1.08234,1.22076,470.648
1526,-0.755796,-1.05293,470.736
1527,0.428529,-0.185897,471.114
1528,-0.0125122,0.63574,471.534
1529,0.387497,0.378399,471.534
1530,0.805213,0.990262,471.568
1531,0.0561475,-0.259346,471.668
1532,1.07251,1.20291,471.685
1533,-0.885979,-1.10361,471.732
1534,0.204689,-0.344252,472.034
1535,0.0491767,0.503005,472.24
1536,0.354882,0.542505,472.275
1537,0.378431,0.738865,472.405
1538,0.729039,0.398462,472.514
1539,0.604293,0.999379,472.67
1540,-0.0881497,-0.278722,472.706
1541,0.0690468,1.19105,473.965
1542,0.0897768,-1.06967,475.31
1543,-0.198126,-0.244548,475.312
1544,-0.0522646,0.595375,475.731
1545,0.361883,0.430376,475.736
1546,0.473405,0.919299,475.935
1547,0.378053,-0.054043,476.122
1548,1.00823,1.2717,476.191
1549,-0.814727,-1.28033,476.408
1550,-0.00969276,-0.913416,477.224
1551,0.195281,-0.552158,477.783
1552,0.430173,0.299146,477.8
1553,0.81915,0.709069,477.812
1554,0.713535,0.385853,477.92
1555,0.82615,1.00429,477.951
1556,0.0436137,-0.29627,478.067
1557,0.832752,1.1784,478.186
1558,-0.27042,-1.03296,478.768
1559,-0.0142263,-0.140279,478.784
1560,-0.134017,0.662564,479.418
1561,0.383472,0.34333,479.42
1562,0.551847,1.03374,479.652
1563,-0.0430767,-0.393078,479.775
1564,1.35034,1.09381,479.841
1565,-0.825564,-0.792908,479.842
1566,0.314543,0.447959,479.859
1567,-0.169234,0.481193,480.282
1568,0.710774,0.810222,480.292
1569,0.124218,0.225314,480.303
1570,1.2655,1.17199,480.311
1571,-0.645414,-0.855402,480.355
1572,-0.132634,0.327201,480.567
1573,-0.00368816,0.593495,480.923
1574,0.427703,0.605029,480.955
1575,0.463774,0.665564,480.996
1576,0.366406,0.561343,481.034
1577,0.57604,0.758521,481.067
1578,-0.12409,0.362907,481.304
1579,0.262471,1.04317,481.914
1580,0.269265,-0.414624,482.381
1581,-0.282199,1.07227,484.216
1582,0.28484,-0.734067,485.254
1583,-0.0946722,0.567285,485.692
1584,-0.203744,0.329242,485.976
1585,0.7545,1.01843,486.046
1586,-0.126382,-0.353294,486.097
1587,1.45032,1.13078,486.2
1588,-0.563409,-0.896132,486.31
1589,0.133294,0.214963,486.317
1590,-0.0359822,0.666468,486.81
1591,0.492379,0.442638,486.813
1592,0.494464,0.925641,486.999
1593,-0.134688,-0.0667445,487.003
1594,0.666789,1.27146,487.369
1595,0.0534473,-1.28326,489.156
1596,-0.248966,-0.92403,489.612
1597,0.143401,-0.580343,490.135
1598,0.468858,0.251274,490.183
1599,0.747426,0.737503,490.183
1600,0.72711,0.313907,490.353
1601,0.936198,1.0833,490.375
1602,-0.231997,-0.548777,490.475
1603,0.686776,0.903371,490.522
1604,-0.180727,-0.307144,490.538
1605,0.256276,1.13894,491.317
1606,-0.275451,-0.908198,491.718
1607,0.180993,0.186929,491.718
1608,0.48422,0.678621,491.756
1609,0.43827,0.411341,491.756
1610,0.6444,0.966704,491.86
1611,-0.278771,-0.184922,491.869
1612,0.668225,1.24214,492.198
1613,0.0860132,-1.21554,493.892
1614,-0.139956,-0.695919,494.202
1615,0.0745502,-0.0426868,494.215
1616,0.548193,0.788673,494.273
1617,0.165599,0.116386,494.276
1618,1.07875,1.21764,494.295
1619,-0.729071,-1.04078,494.392
1620,0.395403,-0.151231,494.691
1621,0.0698068,0.655746,495.034
1622,0.333414,0.352627,495.035
1623,0.788642,1.02264,495.089
1624,-0.0750985,-0.358321,495.17
1625,1.19335,1.12704,495.174
1626,-0.847035,-0.885805,495.175
1627,0.293781,0.239601,495.178
1628,-0.118774,0.653886,495.775
1629,0.573205,0.473286,495.785
1630,0.471719,0.882566,495.954
1631,-0.00160887,0.0514947,495.957
1632,0.707615,1.26106,496.263
1633,-0.00714543,-1.21092,497.712
1634,-0.299181,-0.674553,497.853
1635,0.102514,-0.000306642,497.864
1636,0.440164,0.797634,497.992
1637,1.08163,0.1092,498.937
1638,0.834615,1.2226,499.088
1639,-0.915967,-1.05988,499.108
1640,0.45054,-0.205895,499.539
1641,-0.0619768,0.622687,500.008
1642,0.42777,0.395397,500.009
1643,0.815759,0.967932,500.032
1644,0.130965,-0.19303,500.137
1645,0.994589,1.23821,500.197
1646,-0.884246,-1.20436,500.299
1647,0.135967,-0.659196,500.931
1648,0.142559,0.030339,500.944
1649,0.502176,0.800953,501.033
1650,0.163911,0.110966,501.036
1651,1.09353,1.22305,501.053
1652,-0.764874,-1.06089,501.14
1653,0.357995,-0.208772,501.462
1654,-0.0775859,0.620713,501.949
1655,0.467008,0.39797,501.954
1656,0.820534,0.964481,501.975
1657,0.139117,-0.182923,502.079
1658,0.982038,1.2425,502.146
1659,-0.881509,-1.2162,502.258
1660,0.125183,-0.698061,502.936
1661,0.15362,-0.0470652,502.976
1662,0.524189,0.787481,503.046
1663,0.16499,0.117704,503.048
1664,1.07691,1.21685,503.068
1665,-0.723356,-1.0377,503.166
1666,0.386093,-0.142483,503.446
1667,0.0884339,0.660269,503.773
1668,0.321556,0.346917,503.773
1669,0.784496,1.02959,503.833
1670,-0.107915,-0.379999,503.907
1671,1.22215,1.10672,503.921
1672,-0.834205,-0.828754,503.921
1673,0.31071,0.370448,503.924
1674,-0.152732,0.559249,504.431
1675,0.664832,0.673271,504.431
1676,0.273342,0.533164,504.499
1677,0.842556,0.804013,504.5
1678,0.228901,0.254939,504.501
1679,-0.147403,1.15021,506.185
1680,0.438801,-0.775703,507.66
1681,-0.422224,0.502662,508.515
1682,0.133921,0.413552,508.593
1683,0.241161,0.911363,509.043
1684,0.295079,-0.0387498,509.154
1685,1.18068,1.27131,509.162
1686,-1.0305,-1.27433,509.222
1687,-0.0266198,-0.892106,509.971
1688,0.21508,-0.496495,510.477
1689,0.366109,0.387258,510.478
1690,0.889192,0.641095,510.539
1691,0.708961,0.540773,510.567
1692,0.619082,0.782919,510.594
1693,0.260959,0.304086,510.596
1694,0.975168,1.10542,510.613
1695,0.0107108,-0.61951,511.01
1696,-0.358332,0.794316,512.339
1697,0.124757,-0.0691668,512.376
1698,0.0978515,1.2316,513.662
1699,-0.0880729,-1.14431,514.778
1700,0.148974,-0.463759,515.153
1701,0.662026,0.355605,515.247
1702,0.178645,0.683836,515.502
1703,0.633668,0.451997,515.535
1704,0.934151,0.919129,515.535
1705,0.240313,-0.047117,515.618
1706,0.218591,1.27263,516.729
1707,-0.0826863,-1.28156,518.166
1708,-0.343486,-0.917562,518.496
1709,0.102539,-0.563155,518.939
1710,0.417544,0.28073,518.958
1711,0.867871,0.72072,518.979
1712,0.697772,0.357007,519.095
1713,0.86351,1.03778,519.126
1714,-0.0484366,-0.400683,519.25
1715,0.777243,1.08657,519.346
1716,-0.259364,-0.77309,519.609
1717,0.116981,0.489236,519.748
1718,-0.269659,0.43298,520.242
1719,0.744293,0.88431,520.261
1720,0.0377424,0.0350876,520.261
1721,1.40685,1.26357,520.282
1722,-0.858706,-1.22472,520.416
1723,-0.0762032,-0.72086,520.831
1724,0.137188,-0.0949122,520.885
1725,0.400407,0.77113,521.023
1726,1.06678,0.139028,521.883
1727,0.80675,1.20428,522.041
1728,-0.737666,-0.988695,522.105
1729,0.281905,-0.00724069,522.188
1730,0.28065,0.703318,522.367
1731,0.187742,0.305309,522.381
1732,0.714456,1.0805,522.515
1733,-0.518706,-0.542869,522.515
1734,1.52368,0.911559,522.89
1735,-0.696334,-0.326176,523.027
1736,0.404784,1.12452,523.545
1737,-0.259661,-0.868217,523.915
1738,0.216205,0.282034,523.92
1739,0.400351,0.628174,523.971
1740,0.528357,0.532166,523.971
1741,0.585209,0.791972,524.014
1742,0.213486,0.281543,524.019
1743,0.760347,1.12662,524.153
1744,-0.115075,-0.692514,524.486
1745,-0.174208,0.66658,525.193
1746,0.0866845,0.170186,525.2
1747,0.178221,1.15943,526.163
1748,0.0721009,-0.830918,526.979
1749,0.805582,0.381233,527.159
1750,-0.120652,0.547251,527.605
1751,-0.225635,0.695093,528.452
1752,0.534303,0.487759,528.455
1753,0.7716,0.875455,528.465
1754,0.0606489,0.0733367,528.466
1755,-0.124237,1.25511,530.368
1756,0.410416,-1.18341,532.908
1757,-0.479926,-0.584112,532.919
1758,0.126209,0.167316,532.921
1759,0.458077,0.785574,533.028
1760,1.05317,0.186218,533.78
1761,0.86333,1.18712,533.885
1762,-0.639951,-0.917104,533.962
1763,-0.242576,0.178625,534.139
1764,0.124886,0.680199,534.447
1765,0.455243,0.405848,534.45
1766,0.566418,0.973462,534.615
1767,-0.397933,-0.204925,534.653
1768,0.682408,1.23325,534.956
1769,0.0988992,-1.19073,536.619
1770,-0.108818,-0.615012,536.875
1771,0.0506074,0.113245,536.879
1772,0.501759,0.797542,536.967
1773,0.176741,0.14347,536.968
1774,1.09933,1.21045,536.98
1775,-0.617442,-1.00821,537.133
1776,-0.110608,-0.0599453,537.136
1777,0.121906,0.692507,537.461
1778,0.475141,0.310625,537.488
1779,0.748576,1.07267,537.593
1780,-0.406017,-0.517679,537.606
1781,1.46783,0.946613,537.877
1782,-0.758806,-0.40981,537.999
1783,0.403756,1.04886,538.415
1784,-0.267007,-0.663098,538.572
1785,0.369806,0.69908,538.681
1786,0.00492397,0.116872,538.693
1787,0.910357,1.1906,538.772
1788,-0.246798,-0.949482,539.266
1789,0.816814,0.0950575,539.786
1790,0.152051,0.702505,540.089
1791,-0.083532,0.337599,540.267
1792,0.817727,1.05119,540.321
1793,-0.542033,-0.44572,540.331
1794,1.08374,1.03722,540.333
1795,-0.212454,-0.639883,540.515
1796,0.214822,0.737936,540.789
1797,-0.252297,0.0456647,540.878
1798,0.757953,1.21846,541.09
1799,-0.404684,-1.06481,541.526
1800,0.760351,-0.221806,542.49
1801,0.378507,0.61168,542.545
1802,0.0510219,0.409644,542.673
1803,0.934908,0.948573,542.674
1804,0.27372,-0.136813,542.842
1805,0.95077,1.25837,542.937
1806,-0.866034,-1.25793,543.09
1807,0.074877,-0.837819,543.923
1808,0.190526,-0.360096,544.226
1809,0.566313,0.567118,544.226
1810,0.297048,0.4417,544.247
1811,0.938003,0.896997,544.249
1812,0.201004,0.0060643,544.287
1813,0.178261,1.26905,545.477
1814,0.224527,-1.25286,547.66
1815,-0.272333,-0.816791,547.956
1816,0.127834,-0.309864,548.148
1817,0.380436,0.62054,548.205
1818,1.05696,0.367942,548.68
1819,0.733415,0.996628,548.749
1820,-0.0274545,-0.280192,548.813
1821,0.346231,1.18908,549.523
1822,-0.274124,-1.06353,550.147
1823,0.166933,-0.226802,550.302
1824,0.0213615,0.608927,550.647
1825,0.335699,0.41285,550.653
1826,0.482665,0.944055,550.866
1827,0.314537,-0.123881,551.058
1828,1.079,1.26173,551.091
1829,-0.870788,-1.26592,551.247
1830,0.0596242,-0.865045,552.102
1831,0.196902,-0.427399,552.492
1832,0.558003,0.484748,552.498
1833,0.365905,0.542807,552.529
1834,0.893182,0.73293,552.555
1835,0.418907,0.410782,552.555
1836,0.147578,0.98364,553.254
1837,0.867342,-0.231333,554.461
1838,-0.18836,1.22017,556.445
1839,0.113598,-1.15374,558.051
1840,-0.253024,-0.497527,558.111
1841,0.0144091,0.30733,558.196
1842,0.425544,0.718509,558.282
1843,0.245762,0.369441,558.298
1844,1.03385,1.02447,558.298
1845,0.194253,-0.358526,558.603
1846,0.112345,1.12738,559.633
1847,-0.289406,-0.88695,559.991
1848,0.0871322,0.236863,560.013
1849,-0.23817,0.65537,560.811
1850,0.589234,0.469746,560.826
1851,0.473197,0.887685,560.997
1852,-0.0171546,0.037745,561
1853,0.702226,1.26431,561.316
1854,0.000292597,-1.22655,562.822
1855,-0.297029,-0.726907,563.006
1856,0.110581,-0.107717,563.054
1857,0.417478,0.765684,563.175
1858,1.09072,0.146905,564.066
1859,0.799596,1.19949,564.226
1860,-0.70445,-0.970221,564.297
1861,0.261444,0.0419873,564.345
1862,0.309832,0.706466,564.502
1863,0.157225,0.313865,564.527
1864,0.684594,1.07402,564.678
1865,-0.582617,-0.520779,564.682
1866,1.38887,0.942513,564.881
1867,-0.516229,-0.399896,564.895
1868,0.345545,1.05887,565.404
1869,-0.265629,-0.689659,565.584
1870,0.35373,0.651781,565.672
1871,0.0515289,0.198357,565.694
1872,0.882407,1.14045,565.76
1873,-0.139525,-0.761371,566.147
1874,1.05314,0.530576,566.42
1875,-0.0594926,0.377474,566.611
1876,-0.0881296,0.959692,567.709
1877,0.332582,-0.17617,567.968
1878,1.29813,1.24446,567.971
1879,-0.96188,-1.22099,568.038
1880,0.0530514,-0.713822,568.626
1881,0.206993,-0.0796567,568.708
1882,0.467277,0.77697,568.804
1883,0.164981,0.130947,568.805
1884,1.06539,1.20908,568.826
1885,-0.665031,-1.00736,568.943
1886,0.306818,-0.0579497,569.076
1887,0.226132,0.693091,569.294
1888,0.229376,0.310089,569.301
1889,0.742426,1.07331,569.41
1890,-0.395385,-0.519766,569.426
1891,1.47568,0.943774,569.709
1892,-0.758163,-0.402922,569.835
1893,0.404671,1.05585,570.259
1894,-0.266807,-0.681616,570.431
1895,0.355948,0.666313,570.527
1896,0.0366532,0.173952,570.546
1897,0.891569,1.15753,570.617
1898,-0.173616,-0.823643,571.039
1899,0.983222,0.397517,571.382
1900,0.00475938,0.531679,571.66
1901,-0.113295,0.723499,572.36
1902,0.512332,0.426672,572.368
1903,0.866028,0.962181,572.377
1904,-0.150687,-0.168107,572.377
1905,-0.12233,1.24909,574.258
1906,0.305059,-1.23475,576.629
1907,-0.302992,-0.75972,576.838
1908,0.0741648,-0.178469,576.901
1909,0.567791,0.727492,576.927
1910,0.186241,0.205516,576.927
1911,1.03469,1.15912,576.943
1912,-0.392189,-0.819316,577.125
1913,0.307849,0.407945,577.135
1914,0.147552,0.521218,577.275
1915,0.129529,0.742048,577.65
1916,0.358598,0.385476,577.651
1917,0.903635,1.01459,577.663
1918,-0.294913,-0.325497,577.664
1919,-0.118718,1.15605,579.289
1920,0.219292,-0.968676,580.7
1921,-0.11593,0.0331481,580.723
1922,-0.147194,0.707859,581.454
1923,0.447763,0.308455,581.473
1924,0.60126,1.07916,581.701
1925,-0.528496,-0.537872,581.702
1926,1.4733,0.918718,582.009
1927,-0.568127,-0.343022,582.06
1928,0.363761,1.11089,582.618
1929,-0.257656,-0.8306,582.946
1930,0.245584,0.367411,582.961
1931,0.322252,0.561833,583.018
1932,0.616207,0.668304,583.021
1933,0.479683,0.543267,583.025
1934,0.753297,0.787296,583.026
1935,0.261088,0.29521,583.028
1936,-0.150085,1.11418,584.626
1937,0.441511,-0.649393,585.816
1938,-0.384081,0.743858,587.088
1939,0.169429,0.0305282,587.108
1940,0.120361,1.22185,588.321
1941,-0.0266692,-1.08093,589.432
1942,0.370082,-0.269232,589.841
1943,0.304841,0.57424,589.914
1944,0.00125778,0.457579,590.122
1945,0.933227,0.879142,590.125
1946,0.449354,0.0552264,590.28
1947,0.739619,1.25947,590.55
1948,-0.656658,-1.20421,590.85
1949,-0.0882803,-0.652336,591.168
1950,0.100997,0.0429774,591.172
1951,0.457193,0.801713,591.29
1952,1.06876,0.113051,592.204
1953,0.847451,1.22262,592.344
1954,-0.923014,-1.05881,592.363
1955,0.33561,-0.202719,592.653
1956,-0.0609376,0.624825,593.123
1957,0.47549,0.392616,593.13
1958,0.81957,0.971641,593.153
1959,0.114923,-0.203936,593.255
1960,1.00629,1.23327,593.306
1961,-0.886106,-1.19051,593.399
1962,0.147637,-0.614245,593.979
1963,0.129535,0.114633,593.98
1964,0.475448,0.79733,594.083
1965,0.174335,0.144362,594.084
1966,1.09988,1.21002,594.096
1967,-0.613986,-1.00651,594.25
1968,-0.118049,-0.0552729,594.254
1969,0.12473,0.693771,594.578
1970,0.474708,0.309573,594.605
1971,0.745715,1.07396,594.713
1972,-0.419684,-0.521878,594.723
1973,1.47825,0.940889,595.012
1974,-0.756122,-0.395944,595.142
1975,0.406045,1.06279,595.573
1976,-0.266687,-0.700105,595.761
1977,0.342065,0.63263,595.846
1978,0.0692481,0.229659,595.871
1979,0.868695,1.11595,595.932
1980,-0.0938068,-0.67458,596.27
1981,1.1382,0.697704,596.464
1982,-0.152492,0.116119,596.536
1983,-0.0269626,1.19043,598.018
1984,0.0968367,-0.949151,599.112
1985,0.695787,0.0958883,599.472
1986,0.0229953,0.702382,599.933
1987,-0.179773,0.338089,600.202
1988,0.82028,1.05069,600.255
1989,-0.541602,-0.444099,600.264
1990,1.07871,1.03909,600.266
1991,-0.207565,-0.64483,600.457
1992,0.212282,0.7296,600.725
1993,-0.251336,0.0613085,600.822
1994,0.761486,1.21362,601.027
1995,-0.395502,-1.04362,601.447
1996,0.798735,-0.160722,602.367
1997,0.327491,0.650749,602.472
1998,0.0197169,0.35892,602.587
1999,0.932076,1.01487,602.594
2000,0.0344903,-0.334275,602.73
2001,1.17492,1.14803,602.731
2002,-0.861196,-0.945431,602.738
2003,0.272834,0.0930332,602.77
2004,-0.0783951,0.704254,603.382
2005,0.470706,0.333548,603.401
2006,0.588134,1.05552,603.62
2007,-0.520088,-0.459709,603.623
2008,1.0952,1.02079,603.629
2009,-0.228548,-0.596733,603.764
2010,0.224818,0.80771,604.104
2011,-0.258194,-0.0923745,604.132
2012,0.715337,1.23037,604.397
2013,-0.451937,-1.14704,604.88
2014,0.533689,-0.472858,605.893
2015,0.774918,0.342857,606.08
2016,0.217214,0.693572,606.307
2017,0.520126,0.429399,606.315
2018,0.954636,0.949935,606.315
2019,0.225072,-0.134508,606.444
2020,0.201216,1.25965,607.565
2021,-0.156056,-1.26176,608.787
2022,-0.234871,-0.850966,609.167
2023,0.0635929,-0.392329,609.375
2024,0.583206,0.52922,609.378
2025,0.312157,0.490199,609.409
2026,0.924465,0.822353,609.42
2027,0.306146,0.200289,609.431
2028,0.128559,1.19054,610.559
2029,0.593999,-0.924267,612.864
2030,-0.374277,0.161186,613.151
2031,-0.0567443,0.686347,613.703
2032,0.468855,0.388855,613.709
2033,0.644864,0.994212,613.831
2034,-0.489002,-0.267185,613.88
2035,0.707957,1.19832,614.121
2036,0.0788973,-1.09052,615.488
2037,-0.0332984,-0.305423,615.563
2038,-0.0346494,0.542249,615.895
2039,0.375399,0.496726,615.91
2040,0.418854,0.817243,616.069
2041,0.6036,0.213977,616.221
2042,0.744427,1.18107,616.411
2043,-0.403552,-0.888711,616.647
2044,-0.0955067,0.248591,616.765
2045,-0.0414201,0.64687,617.239
2046,0.432303,0.488759,617.242
2047,0.56974,0.859621,617.326
2048,-0.106982,0.1121,617.374
2049,0.726863,1.24029,617.638
2050,-0.00369217,-1.12003,618.884
2051,-0.285571,-0.384163,618.894
2052,0.0650737,0.457377,619.047
2053,0.530993,0.59188,619.051
2054,0.970495,0.646763,619.156
2055,0.656584,0.591941,619.16
2056,0.279069,0.703478,619.34
2057,0.162076,0.484749,619.444
2058,0.277852,0.882069,619.809
2059,0.12777,0.0561604,619.815
2060,-0.1037,1.26021,621.675
2061,0.380212,-1.20652,624.192
2062,-0.478373,-0.659891,624.225
2063,0.17366,0.0284074,624.247
2064,0.429098,0.800903,624.385
2065,1.07935,0.110498,625.323
2066,0.841802,1.22318,625.469
2067,-0.928318,-1.06148,625.487
2068,0.393248,-0.210475,625.851
2069,-0.0778486,0.619537,626.337
2070,0.465033,0.399501,626.342
2071,0.821151,0.962419,626.362
2072,0.145784,-0.176901,626.466
2073,0.975048,1.24491,626.539
2074,-0.879681,-1.22281,626.656
2075,0.118715,-0.719882,627.36
2076,0.159731,-0.0923649,627.423
2077,0.535564,0.772091,627.479
2078,0.170598,0.137715,627.48
2079,1.06339,1.20508,627.5
2080,-0.635725,-0.991776,627.627
2081,0.279211,-0.0155451,627.714
2082,0.269489,0.702129,627.901
2083,0.194939,0.305158,627.913
2084,0.719145,1.08027,628.044
2085,-0.502098,-0.542226,628.045
2086,1.52713,0.912467,628.423
2087,-0.71329,-0.328303,628.571
2088,0.40865,1.12284,629.081
2089,-0.260315,-0.863581,629.445
2090,0.219352,0.292773,629.451
2091,0.390557,0.620923,629.504
2092,0.539137,0.548068,629.504
2093,0.574683,0.765748,629.54
2094,0.280042,0.343503,629.544
2095,0.748982,1.06453,629.644
2096,-0.133898,-0.48347,629.766
2097,-0.0935137,0.992119,630.945
2098,0.156038,-0.523062,631.406
2099,-0.0202081,0.914604,632.28
2100,-0.226457,-0.328019,632.29
2101,0.574279,1.12375,632.592
2102,-0.392098,-0.866333,632.817
2103,0.659954,0.286377,632.957
2104,0.294336,0.625284,633.066
2105,0.441546,0.538542,633.075
2106,0.559269,0.781547,633.125
2107,0.243505,0.30642,633.129
2108,0.75702,1.10301,633.249
2109,-0.123186,-0.611367,633.487
2110,-0.143752,0.807626,634.392
2111,0.111481,-0.0965741,634.435
2112,0.101474,1.22923,635.707
2113,-0.103403,-1.14438,636.791
2114,0.11027,-0.46469,637.121
2115,0.7361,0.354374,637.267
2116,0.204975,0.68478,637.497
2117,0.517083,0.449819,637.502
2118,0.948794,0.922162,637.502
2119,0.257715,-0.0555892,637.601
2120,0.21535,1.27232,638.718
2121,-0.0904374,-1.283,640.14
2122,-0.334009,-0.922836,640.487
2123,0.1016,-0.577178,640.947
2124,0.43465,0.256761,640.979
2125,0.818168,0.73455,640.986
2126,0.707414,0.321639,641.135
2127,0.919669,1.07553,641.159
2128,-0.193608,-0.522987,641.268
2129,0.702653,0.939738,641.324
2130,-0.199903,-0.393246,641.361
2131,0.236564,1.06542,642.048
2132,-0.295343,-0.707147,642.218
2133,0.333653,0.619547,642.3
2134,0.0821422,0.250481,642.328
2135,0.859697,1.09803,642.385
2136,-0.0617949,-0.612784,642.688
2137,1.19013,0.803703,642.838
2138,-0.224623,-0.0881483,642.856
2139,0.0232603,1.23023,644.313
2140,-0.0341707,-1.14531,645.548
2141,0.15621,-0.467346,645.937
2142,0.716631,0.350632,646.071
2143,0.205042,0.687677,646.303
2144,0.551411,0.44313,646.315
2145,0.947459,0.931393,646.315
2146,0.242448,-0.08155,646.42
2147,0.211781,1.27011,647.54
2148,-0.112493,-1.28291,648.91
2149,-0.303567,-0.923156,649.294
2150,0.0950402,-0.577975,649.747
2151,0.494333,0.255376,649.804
2152,0.648253,0.735304,649.812
2153,0.757457,0.319672,650.004
2154,0.932771,1.07753,650.024
2155,-0.209239,-0.529583,650.127
2156,0.698842,0.930616,650.181
2157,-0.195272,-0.37134,650.212
2158,0.241794,1.08613,650.925
2159,-0.291132,-0.762964,651.147
2160,0.290705,0.510881,651.196
2161,0.18644,0.405712,651.244
2162,0.763965,0.922821,651.269
2163,0.200294,-0.0705258,651.342
2164,1.34246,1.26988,651.348
2165,-0.866385,-1.2788,651.518
2166,-0.013754,-0.908502,652.318
2167,0.22565,-0.539168,652.903
2168,0.416238,0.320466,652.913
2169,0.701242,0.694472,652.913
2170,0.747962,0.420933,653.02
2171,0.785849,0.960283,653.05
2172,0.127748,-0.164721,653.135
2173,0.887663,1.2501,653.267
2174,-0.241574,-1.23726,654.258
2175,-0.193668,-0.768113,654.588
2176,0.0487624,-0.197175,654.649
2177,0.575725,0.715137,654.668
2178,0.194747,0.224858,654.669
2179,1.02602,1.14376,654.683
2180,-0.332586,-0.763989,654.869
2181,0.351358,0.525975,654.9
2182,0.0258684,0.383493,655.027
2183,0.17248,0.951899,655.635
2184,0.215844,-0.153507,655.771
2185,1.27554,1.25258,655.772
2186,-0.978021,-1.24259,655.842
2187,0.0410252,-0.785864,656.526
2188,0.223279,-0.237392,656.738
2189,0.497222,0.685344,656.773
2190,0.218346,0.271208,656.776
2191,1,1.10263,656.787
2192,-0.202332,-0.620741,656.962
2193,0.4223,0.791341,657.098
2194,-0.248742,-0.0629312,657.132
2195,0.296763,1.23186,658.007
2196,-0.103166,-1.14334,659.089
2197,0.203086,-0.460568,659.529
2198,0.649231,0.360025,659.613
2199,0.176019,0.680364,659.867
2200,0.660555,0.459954,659.907
2201,0.927466,0.907928,659.908
2202,0.245798,-0.0160802,659.976
2203,0.223156,1.27202,661.076
2204,-0.055463,-1.27006,662.552
2205,-0.375403,-0.876669,662.803
2206,0.101479,-0.456985,663.115
2207,0.376516,0.44463,663.119
2208,1.01111,0.586131,663.3
2209,0.694142,0.65242,663.302
2210,0.470799,0.579926,663.314
2211,0.224827,0.724886,663.564
2212,0.963826,0.438334,663.84
2213,0.0203712,0.948474,664.701
2214,0.178349,-0.127944,664.795
2215,-0.18224,1.26162,666.88
2216,0.351475,-1.26676,669.499
2217,-0.383267,-0.868062,669.734
2218,0.154152,-0.434972,670.081
2219,0.575954,0.4747,670.091
2220,0.348749,0.554032,670.133
2221,0.899429,0.712678,670.168
2222,0.445167,0.455135,670.168
2223,0.158297,0.923796,670.754
2224,0.902755,-0.0582177,671.677
2225,-0.128077,1.27239,673.639
2226,0.1711,-1.28405,675.756
2227,-0.42462,-0.926564,676.008
2228,0.168961,-0.587142,676.58
2229,0.43436,0.239401,676.618
2230,0.804162,0.74362,676.622
2231,0.708754,0.297662,676.791
2232,0.958271,1.09904,676.81
2233,-0.309373,-0.601753,676.896
2234,0.655348,0.822763,676.924
2235,-0.134488,-0.128241,676.924
2236,0.291007,1.2238,677.794
2237,-0.206669,-1.13525,678.656
2238,0.10704,-0.437168,678.952
2239,0.799775,0.391862,679.119
2240,0.224363,0.653871,679.303
2241,0.408709,0.518993,679.315
2242,0.927788,0.819066,679.327
2243,0.352336,0.216481,679.346
2244,0.231432,1.18011,680.246
2245,0.14051,-0.884781,681.297
2246,-0.448463,0.258061,681.796
2247,0.0534717,0.641332,682.142
2248,0.36575,0.501589,682.16
2249,0.576494,0.840171,682.23
2250,-0.0570995,0.162234,682.278
2251,0.738063,1.2152,682.505
2252,-0.0271181,-1.01874,683.489
2253,-0.26645,-0.0883928,683.52
2254,0.0457732,0.68344,683.927
2255,0.51066,0.319555,683.964
2256,0.831875,1.06207,684.017
2257,-0.356995,-0.483325,684.033
2258,1.38479,0.991577,684.187
2259,-0.773859,-0.521512,684.251
2260,0.383059,0.916708,684.536
2261,-0.259953,-0.332948,684.541
2262,0.591421,1.11982,684.82
2263,-0.388115,-0.855468,685.039
2264,0.663972,0.31139,685.163
2265,0.2706,0.60761,685.276
2266,0.465626,0.576551,685.289
2267,0.532306,0.716908,685.323
2268,0.401283,0.453425,685.326
2269,0.696242,0.927241,685.379
2270,-0.154862,-0.0676582,685.387
2271,0.0783094,1.27176,686.811
2272,0.287381,-1.28463,689.282
2273,-0.438017,-0.928866,689.523
2274,0.186574,-0.593298,690.131
2275,0.45701,0.228537,690.183
2276,0.744275,0.74889,690.183
2277,0.724519,0.283391,690.378
2278,0.985326,1.11223,690.394
2279,-0.387445,-0.646868,690.461
2280,0.632478,0.747856,690.475
2281,-0.0889587,0.0229347,690.487
2282,0.315126,1.22362,691.313
2283,-0.121466,-1.08927,692.249
2284,0.382368,-0.294013,692.707
2285,0.337937,0.552199,692.753
2286,0.021251,0.484903,692.968
2287,0.925002,0.836476,692.975
2288,0.533154,0.165901,693.11
2289,0.62793,1.21241,693.452
2290,-0.470205,-1.00814,693.741
2291,-0.108595,-0.0591738,693.744
2292,-0.0160851,0.692655,694.246
2293,0.539106,0.310569,694.298
2294,0.803356,1.07276,694.371
2295,-0.446494,-0.517974,694.376
2296,1.46309,0.946213,694.643
2297,-0.757365,-0.408838,694.765
2298,0.404338,1.04986,695.181
2299,-0.267126,-0.665727,695.34
2300,0.367867,0.694488,695.447
2301,0.00937834,0.125043,695.46
2302,0.907949,1.18646,695.538
2303,-0.236891,-0.933236,696.023
2304,0.840376,0.136635,696.518
2305,0.130037,0.693892,696.836
2306,-0.0944117,0.366909,697.049
2307,0.785988,1.0197,697.103
2308,-0.478806,-0.345621,697.121
2309,0.836144,1.13867,697.213
2310,5.68456e-05,-0.918895,698.057
2311,0.0691553,0.159487,698.065
2312,-0.149474,0.688721,698.768
2313,0.538848,0.383775,698.792
2314,0.550729,1.00042,698.994
2315,-0.371868,-0.286042,699.001
2316,0.711343,1.18558,699.226
2317,0.0649051,-1.05364,700.478
2318,-0.0196706,-0.19856,700.51
2319,-0.0619206,0.62871,700.987
2320,0.375573,0.387045,700.987
2321,0.511516,0.978888,701.205
2322,0.196249,-0.225398,701.383
2323,1.18016,1.22254,701.385
2324,-0.898478,-1.16007,701.453
2325,0.16669,-0.517296,701.921
2326,0.102053,0.277347,701.952
2327,0.419937,0.737122,702.052
2328,0.22765,0.322517,702.061
2329,1.05719,1.07551,702.062
2330,0.075344,-0.522663,702.419
2331,0.0109457,0.940206,703.283
2332,-0.291739,-0.394381,703.293
2333,0.274024,1.06431,703.918
2334,-0.310577,-0.704175,704.073
2335,0.334321,0.625085,704.157
2336,0.0766339,0.241723,704.185
2337,0.863926,1.10572,704.243
2338,-0.0752607,-0.639157,704.561
2339,1.16879,0.759787,704.728
2340,-0.193132,6.5467e-05,704.766
2341,0.001835,1.22794,706.269
2342,0.0165996,-1.11094,707.54
2343,0.338316,-0.359478,708.027
2344,0.420044,0.485805,708.031
2345,0.0785444,0.561748,708.265
2346,0.883178,0.703956,708.297
2347,0.723327,0.474748,708.359
2348,0.406937,0.895646,708.598
2349,0.0340566,0.0193692,708.598
2350,0.164231,1.26817,709.817
2351,0.172051,-1.24574,711.827
2352,-0.469336,-0.792171,711.931
2353,0.168537,-0.252271,712.108
2354,0.37463,0.673252,712.197
2355,1.08883,0.289744,712.836
2356,0.747955,1.08444,712.949
2357,-0.227397,-0.559502,713.059
2358,0.439207,0.887073,713.26
2359,-0.320611,-0.26951,713.262
2360,0.328732,1.16443,713.961
2361,-0.179429,-0.979117,714.6
2362,0.137982,0.00719233,714.617
2363,0.630632,0.706193,714.623
2364,0.307848,0.303967,714.623
2365,0.611636,1.0825,714.845
2366,-0.449173,-0.54935,714.855
2367,1.56209,0.902251,715.29
2368,-0.668975,-0.304485,715.423
2369,0.395869,1.14088,715.978
2370,-0.253341,-0.913595,716.414
2371,0.183586,0.173746,716.414
2372,0.49636,0.683659,716.449
2373,0.426734,0.397779,716.45
2374,0.647821,0.983579,716.563
2375,-0.327736,-0.235065,716.572
2376,0.685703,1.21772,716.855
2377,0.0826144,-1.14648,718.365
2378,-0.0822072,-0.474884,718.519
2379,0.0121697,0.340334,718.627
2380,0.425455,0.695377,718.7
2381,0.26418,0.425132,718.726
2382,1.00744,0.955582,718.729
2383,0.299849,-0.150851,718.932
2384,0.185955,1.25482,720.074
2385,-0.1708,-1.24964,721.238
2386,-0.212059,-0.809809,721.595
2387,0.0490905,-0.292999,721.712
2388,0.585287,0.636869,721.715
2389,0.238717,0.344257,721.726
2390,0.981137,1.02514,721.728
2391,-0.0169723,-0.368009,721.851
2392,0.375694,1.11794,722.402
2393,-0.355983,-0.860109,722.656
2394,0.27208,0.299679,722.657
2395,-0.108473,0.616237,723.182
2396,0.606794,0.558257,723.185
2397,0.389632,0.74856,723.314
2398,0.373042,0.382998,723.314
2399,0.729105,1.01921,723.398
2400,-0.142603,-0.339391,723.437
2401,-0.0356793,1.1445,724.829
2402,0.2084,-0.935651,726.138
2403,-0.170419,0.11773,726.221
2404,-0.124206,0.6999,726.9
2405,0.498867,0.349515,726.923
2406,0.574647,1.03895,727.138
2407,-0.48465,-0.406316,727.144
2408,0.923192,1.08055,727.169
2409,-0.08899,-0.756529,727.615
2410,0.144358,0.522896,727.758
2411,-0.220731,0.390253,728.131
2412,0.761084,0.943652,728.165
2413,-0.0304894,-0.129596,728.175
2414,1.46161,1.25958,728.215
2415,-0.819675,-1.26005,728.409
2416,0.0278726,-0.844929,729.171
2417,0.227551,-0.377481,729.537
2418,0.50166,0.547033,729.539
2419,0.324049,0.467813,729.56
2420,0.918836,0.857721,729.564
2421,0.255999,0.110384,729.585
2422,0.144903,1.24026,730.785
2423,0.431555,-1.12042,733.193
2424,-0.361636,-0.385398,733.194
2425,0.0115385,0.45593,733.391
2426,0.548556,0.59336,733.393
2427,0.959836,0.643872,733.493
2428,0.661384,0.597608,733.497
2429,0.277517,0.693173,733.67
2430,0.166182,0.506598,733.786
2431,0.281112,0.848653,734.108
2432,0.118118,0.143682,734.109
2433,-0.0666814,1.22569,735.779
2434,0.379834,-1.06015,737.852
2435,-0.4679,-0.205777,737.921
2436,0.146047,0.622673,738.148
2437,0.509928,0.395456,738.161
2438,0.893359,0.967862,738.167
2439,0.0823946,-0.192823,738.243
2440,0.983766,1.23831,738.307
2441,-0.881659,-1.20461,738.412
2442,0.136335,-0.660019,739.046
2443,0.142747,0.0287418,739.059
2444,0.502674,0.800838,739.148
2445,0.163831,0.110745,739.151
2446,1.09328,1.22308,739.168
2447,-0.765676,-1.06107,739.255
2448,0.363793,-0.209306,739.583
2449,-0.0787577,0.620345,740.072
2450,0.465618,0.398449,740.076
2451,0.820563,0.963837,740.097
2452,0.141292,-0.181041,740.201
2453,0.979878,1.24327,740.27
2454,-0.880967,-1.2183,740.384
2455,0.123162,-0.70499,741.07
2456,0.15557,-0.0613061,741.117
2457,0.527899,0.783241,741.182
2458,0.166345,0.122755,741.184
2459,1.07293,1.21388,741.204
2460,-0.699966,-1.02607,741.31
2461,0.352035,-0.109777,741.524
2462,0.150455,0.675309,741.799
2463,0.281601,0.328609,741.801
2464,0.768755,1.05142,741.881
2465,-0.227156,-0.449081,741.93
2466,1.32748,1.03308,742.017
2467,-0.792319,-0.628883,742.044
2468,0.359702,0.756233,742.201
2469,-0.236862,0.0106907,742.262
2470,0.738057,1.22671,742.501
2471,-0.423788,-1.10354,742.963
2472,0.681215,-0.336899,744
2473,0.495518,0.510037,744
2474,0.114597,0.534737,744.176
2475,0.897498,0.75269,744.197
2476,0.661463,0.367261,744.284
2477,0.465003,1.03697,744.611
2478,-0.11757,-0.395263,744.688
2479,0.0338689,1.09237,745.809
2480,0.0497716,-0.789149,746.512
2481,-0.0646677,0.455851,746.783
2482,-0.204162,0.472336,747.241
2483,0.716029,0.824414,747.253
2484,0.103467,0.190179,747.26
2485,1.30041,1.19669,747.271
2486,-0.707821,-0.947837,747.329
2487,-0.128112,0.101254,747.381
2488,-0.00391163,0.701296,747.879
2489,0.514251,0.341835,747.908
2490,0.673571,1.0468,748.048
2491,-0.617177,-0.431548,748.082
2492,1.01324,1.05331,748.084
2493,-0.170278,-0.682717,748.346
2494,0.19464,0.66345,748.566
2495,-0.243102,0.178953,748.744
2496,0.778757,1.1542,748.885
2497,-0.302021,-0.811365,749.145
2498,1.1258,0.424621,749.636
2499,0.00307609,0.504166,749.887
2500,-0.107719,0.77153,750.66
2501,0.477353,0.317888,750.686
2502,1.00842,1.08999,750.692
2503,-0.496542,-0.567929,750.698
2504,-0.124556,0.875435,751.697
2505,0.0907578,-0.24332,751.809
2506,0.149461,1.17974,752.871
2507,-0.211653,-1.02151,753.526
2508,0.0846229,-0.106954,753.563
2509,0.711138,0.677532,753.564
2510,0.2576,0.325245,753.569
2511,0.526876,1.05516,753.848
2512,-0.108747,-0.46114,753.972
2513,1.42498,1.01884,754.137
2514,-0.785599,-0.591586,754.175
2515,0.36162,0.815687,754.381
2516,-0.24392,-0.10896,754.399
2517,0.699107,1.22808,754.679
2518,-0.455071,-1.14416,755.154
2519,0.520991,-0.464311,756.125
2520,0.797842,0.354935,756.321
2521,0.221353,0.684337,756.535
2522,0.454606,0.450837,756.535
2523,0.953856,0.920746,756.536
2524,0.267306,-0.0516306,756.638
2525,0.214991,1.27249,757.756
2526,-0.087208,-1.28242,759.185
2527,-0.338404,-0.920688,759.524
2528,0.102118,-0.571458,759.978
2529,0.426422,0.266603,760.003
2530,0.841859,0.729055,760.016
2531,0.702469,0.335852,760.15
2532,0.896509,1.0608,760.177
2533,-0.131343,-0.474663,760.295
2534,0.732797,1.00281,760.368
2535,-0.229672,-0.550288,760.471
2536,0.194427,0.8769,760.937
2537,-0.307984,-0.241621,760.941
2538,0.642667,1.18134,761.231
2539,-0.434229,-1.02627,761.582
2540,0.552291,-0.120109,762.034
2541,0.652943,0.671924,762.034
2542,0.195654,0.331893,762.053
2543,0.500667,1.04736,762.352
2544,-0.0568843,-0.436188,762.495
2545,1.38759,1.04785,762.611
2546,-0.79966,-0.668028,762.628
2547,0.345106,0.689587,762.747
2548,-0.222152,0.133849,762.874
2549,0.761407,1.18179,763.05
2550,-0.34406,-0.915139,763.376
2551,0.995126,0.182068,764.037
2552,0.117442,0.67905,764.353
2553,-0.102458,0.409067,764.615
2554,0.747265,0.969445,764.664
2555,-0.344666,-0.193032,764.687
2556,0.702012,1.23867,764.975
2557,0.0952669,-1.20593,766.668
2558,-0.123166,-0.66436,766.961
2559,0.0647476,0.0202974,766.963
2560,0.530748,0.800115,767.035
2561,0.165239,0.109831,767.039
2562,1.09203,1.22315,767.056
2563,-0.76801,-1.06157,767.142
2564,0.390542,-0.210767,767.503
2565,-0.0816037,0.619336,767.995
2566,0.457138,0.399761,767.998
2567,0.820128,0.962068,768.018
2568,0.147603,-0.175877,768.123
2569,0.974055,1.24531,768.196
2570,-0.879391,-1.22389,768.315
2571,0.117604,-0.723491,769.023
2572,0.160734,-0.0999843,769.091
2573,0.537349,0.768957,769.144
2574,0.17192,0.142192,769.145
2575,1.06087,1.20238,769.165
2576,-0.617562,-0.981351,769.297
2577,0.265666,0.012445,769.362
2578,0.290044,0.705378,769.534
2579,0.175773,0.307152,769.551
2580,0.702766,1.07953,769.693
2581,-0.551736,-0.539405,769.693
2582,1.49357,0.916519,770.026
2583,-0.641044,-0.337833,770.118
2584,0.38866,1.11517,770.646
2585,-0.260282,-0.842404,770.985
2586,0.236181,0.34105,770.996
2587,0.346546,0.584438,771.053
2588,0.588674,0.62412,771.054
2589,0.517577,0.629995,771.067
2590,0.587893,0.631584,771.068
2591,0.515627,0.630541,771.082
2592,-0.160771,0.632861,771.711
2593,0.345815,0.628445,771.791
2594,0.123594,0.636938,772.055
2595,0.167358,0.620567,772.26
2596,0.187676,0.651936,772.476
2597,0.203562,0.591141,772.626
2598,0.178489,0.706355,772.905
2599,0.226234,0.47883,772.968
2600,0.130615,0.890917,773.547
2601,0.298386,0.0324219,773.617
2602,-0.0652006,1.2658,775.389
2603,0.395537,-1.23344,778.042
2604,-0.471058,-0.750167,778.12
2605,0.181393,-0.157881,778.235
2606,0.391144,0.740053,778.357
2607,1.09456,0.185886,779.183
2608,0.780919,1.17364,779.337
2609,-0.549729,-0.872639,779.441
2610,0.272501,0.285993,779.442
2611,0.254925,0.6237,779.577
2612,0.106029,0.541196,779.767
2613,0.488838,0.777059,779.85
2614,0.161276,0.317009,779.874
2615,0.760576,1.09243,779.984
2616,-0.0923209,-0.575648,780.218
2617,-0.119619,0.863809,781.185
2618,0.121482,-0.217326,781.3
2619,0.0685169,1.19302,782.564
2620,-0.159149,-1.05781,783.372
2621,0.0655974,-0.208648,783.447
2622,0.771491,0.621709,783.47
2623,0.235499,0.396275,783.495
2624,0.438292,0.966665,783.775
2625,0.295622,-0.189336,784.01
2626,1.11638,1.23981,784.025
2627,-0.895822,-1.20879,784.123
2628,0.129305,-0.673694,784.768
2629,0.147378,0.00195426,784.789
2630,0.510402,0.797886,784.872
2631,0.163074,0.109314,784.874
2632,1.08847,1.22264,784.892
2633,-0.768143,-1.05998,784.978
2634,0.426244,-0.206194,785.378
2635,-0.0674715,0.622483,785.854
2636,0.431883,0.395662,785.855
2637,0.816015,0.967577,785.878
2638,0.131879,-0.191988,785.983
2639,0.99332,1.23867,786.043
2640,-0.883999,-1.20562,786.146
2641,0.134856,-0.663329,786.784
2642,0.143745,0.022307,786.798
2643,0.50459,0.800305,786.886
2644,0.16354,0.110009,786.889
2645,1.09223,1.22315,786.906
2646,-0.76815,-1.06153,786.992
2647,0.384857,-0.21063,787.346
2648,-0.0814434,0.619431,787.838
2649,0.459331,0.399638,787.841
2650,0.820322,0.962235,787.861
2651,0.146901,-0.176362,787.966
2652,0.974571,1.24513,788.039
2653,-0.879539,-1.22338,788.157
2654,0.118128,-0.721787,788.863
2655,0.160261,-0.0963806,788.929
2656,0.53651,0.770459,788.983
2657,0.171281,0.140036,788.984
2658,1.06207,1.20368,789.004
2659,-0.626259,-0.986386,789.134
2660,0.27175,-0.00103413,789.208
2661,0.280904,0.704083,789.388
2662,0.184665,0.305664,789.402
2663,0.71076,1.08042,789.539
2664,-0.530139,-0.542537,789.539
2665,1.51759,0.912041,789.906
2666,-0.681278,-0.327308,790.031
2667,0.400774,1.12363,790.554
2668,-0.259518,-0.865754,790.921
2669,0.21825,0.287747,790.926
2670,0.395215,0.624356,790.978
2671,0.53409,0.540576,790.978
2672,0.579716,0.778196,791.018
2673,0.248731,0.314348,791.022
2674,0.755868,1.09512,791.137
2675,-0.125674,-0.584694,791.348
2676,-0.133456,0.849921,792.315
2677,0.120346,-0.186721,792.409
2678,0.0765705,1.20617,793.685
2679,-0.146485,-1.09279,794.581
2680,0.0575218,-0.310006,794.716
2681,0.812663,0.537618,794.791
2682,0.229547,0.502351,794.866
2683,0.368096,0.807986,795.059
2684,0.654441,0.236727,795.234
2685,0.683792,1.16394,795.464
2686,-0.358245,-0.825641,795.683
2687,-0.0837726,0.394826,795.912
2688,-0.0443172,0.534065,796.246
2689,0.365981,0.719132,796.371
2690,0.411733,0.436208,796.372
2691,0.771854,0.949352,796.403
2692,-0.142398,-0.130914,796.403
2693,-0.113331,1.26081,798.292
2694,0.324594,-1.26478,800.818
2695,-0.342872,-0.861289,801.087
2696,0.110101,-0.417979,801.365
2697,0.576828,0.497024,801.372
2698,0.331575,0.52876,801.411
2699,0.910188,0.757686,801.434
2700,0.389631,0.354906,801.435
2701,0.134953,1.05096,802.274
2702,0.811646,-0.439865,803.84
2703,-0.259387,1.04442,805.54
2704,0.0339488,-0.659085,806.021
2705,-0.0152737,0.705174,806.54
2706,-0.238974,0.106097,806.659
2707,0.74814,1.19579,806.859
2708,-0.368335,-0.97006,807.221
2709,0.92031,0.0413147,807.994
2710,0.192331,0.706592,808.258
2711,-0.0658182,0.313413,808.402
2712,0.853384,1.07446,808.451
2713,-0.541474,-0.522224,808.451
2714,1.40421,0.940533,808.666
2715,-0.522766,-0.39511,808.683
2716,0.347037,1.0636,809.196
2717,-0.265148,-0.702285,809.387
2718,0.344088,0.628595,809.468
2719,0.0739225,0.236131,809.494
2720,0.866008,1.11052,809.554
2721,-0.0839537,-0.655709,809.881
2722,1.1548,0.731219,810.061
2723,-0.17391,0.0547342,810.113
2724,-0.0116958,1.21517,811.618
2725,0.0525191,-1.05088,812.836
2726,0.495171,-0.181531,813.293
2727,0.217844,0.638602,813.471
2728,-0.0456367,0.374604,813.647
2729,0.939981,0.995121,813.65
2730,0.117596,-0.273992,813.804
2731,1.10523,1.19344,813.811
2732,-0.885021,-1.0762,813.848
2733,0.218023,-0.263468,814.08
2734,0.0252131,0.579958,814.387
2735,0.345714,0.450069,814.398
2736,0.453405,0.890401,814.589
2737,0.456189,0.0250813,814.775
2738,0.92633,1.26624,814.891
2739,-0.719029,-1.23718,815.159
2740,-0.0720701,-0.763,815.637
2741,0.134298,-0.186191,815.739
2742,0.404784,0.722566,815.84
2743,1.08126,0.2132,816.594
2744,0.77352,1.15313,816.738
2745,-0.452979,-0.797645,816.857
2746,0.331383,0.455207,816.872
2747,0.104208,0.470607,817.006
2748,0.144068,0.826502,817.472
2749,0.303075,0.184834,817.486
2750,1.12074,1.20012,817.492
2751,-0.818453,-0.96096,817.513
2752,-0.115272,0.067216,817.546
2753,0.00368631,0.705387,818.038
2754,0.525809,0.323566,818.079
2755,0.698665,1.06504,818.213
2756,-0.639713,-0.490975,818.235
2757,1.23556,0.982034,818.3
2758,-0.373875,-0.497441,818.315
2759,0.291027,0.948184,818.747
2760,-0.267767,-0.407907,818.767
2761,0.553229,1.05151,819.015
2762,-0.32769,-0.670321,819.132
2763,0.778485,0.686391,819.141
2764,-0.0871303,0.139318,819.192
2765,0.792327,1.17874,819.341
2766,-0.241591,-0.903416,819.779
2767,0.886983,0.210998,820.236
2768,0.0928874,0.666647,820.565
2769,-0.108663,0.441114,820.868
2770,0.720747,0.92758,820.91
2771,-0.22585,-0.0722326,820.934
2772,0.706401,1.27097,821.253
2773,0.0723827,-1.28318,823.09
2774,-0.236475,-0.923875,823.563
2775,0.141749,-0.579917,824.084
2776,0.481796,0.252013,824.136
2777,0.711182,0.73711,824.137
2778,0.737978,0.31494,824.316
2779,0.936713,1.08227,824.337
2780,-0.228596,-0.545354,824.438
2781,0.68895,0.908306,824.486
2782,-0.183419,-0.318634,824.504
2783,0.253771,1.13035,825.272
2784,-0.278618,-0.884368,825.639
2785,0.198366,0.244157,825.641
2786,0.433829,0.651232,825.689
2787,0.491274,0.479502,825.689
2788,0.616131,0.873478,825.755
2789,-0.00742034,0.0757015,825.762
2790,0.726158,1.25402,826.041
2791,-0.02099,-1.17888,827.381
2792,-0.299646,-0.569467,827.454
2793,0.0877354,0.192325,827.465
2794,0.483432,0.777375,827.552
2795,1.04716,0.21166,828.25
2796,0.863387,1.17049,828.344
2797,-0.536146,-0.854576,828.445
2798,-0.233315,0.328728,828.761
2799,0.0464877,0.59234,829.059
2800,0.441433,0.607405,829.087
2801,0.411422,0.661185,829.149
2802,0.40695,0.570189,829.176
2803,0.575898,0.743193,829.204
2804,-0.126811,0.397786,829.479
2805,0.275333,1.00143,830.006
2806,0.2569,-0.284673,830.299
2807,-0.229248,1.18697,832.305
2808,0.327746,-1.05787,834.225
2809,-0.228448,-0.210646,834.225
2810,-0.0453515,0.620517,834.669
2811,0.364922,0.397748,834.67
2812,0.501898,0.964671,834.884
2813,0.242551,-0.183501,835.066
2814,1.13923,1.24226,835.076
2815,-0.894847,-1.21554,835.179
2816,0.122821,-0.695885,835.849
2817,0.1538,-0.042621,835.888
2818,0.522788,0.788691,835.959
2819,0.164619,0.116366,835.961
2820,1.07809,1.21765,835.98
2821,-0.729783,-1.04083,836.077
2822,0.395628,-0.151363,836.376
2823,0.0695463,0.655676,836.72
2824,0.333587,0.352716,836.72
2825,0.788705,1.02253,836.775
2826,-0.0745988,-0.357982,836.855
2827,1.19291,1.12735,836.859
2828,-0.847228,-0.886673,836.861
2829,0.29351,0.23754,836.864
2830,-0.118224,0.655003,837.462
2831,0.571709,0.470622,837.472
2832,0.474172,0.886422,837.642
2833,-0.0133168,0.0411456,837.645
2834,0.70378,1.26356,837.959
2835,-0.00154819,-1.22286,839.45
2836,-0.297647,-0.714477,839.624
2837,0.108618,-0.0815276,839.66
2838,0.422765,0.776351,839.785
2839,1.08935,0.131732,840.702
2840,0.808631,1.20861,840.862
2841,-0.775109,-1.00552,840.915
2842,0.311315,-0.0529057,841.048
2843,0.236738,0.694426,841.257
2844,0.223571,0.309009,841.265
2845,0.739832,1.07465,841.377
2846,-0.409757,-0.524109,841.39
2847,1.48662,0.937828,841.691
2848,-0.755194,-0.388562,841.825
2849,0.406967,1.06998,842.265
2850,-0.266327,-0.719357,842.47
2851,0.327521,0.596528,842.543
2852,0.104114,0.286008,842.576
2853,0.840721,1.06444,842.626
2854,-0.00569237,-0.500435,842.87
2855,1.26687,0.968721,842.959
2856,-0.370378,-0.46392,842.968
2857,0.100467,0.989306,843.758
2858,-0.144297,-0.509393,843.891
2859,0.452037,0.933518,844.123
2860,-0.232793,-0.372857,844.143
2861,0.900869,1.08542,844.177
2862,-0.42146,-0.761261,844.292
2863,0.591946,0.514301,844.298
2864,0.0701983,0.401314,844.408
2865,0.669742,0.928816,844.475
2866,0.168289,-0.0873847,844.541
2867,1.35066,1.26795,844.547
2868,-0.858564,-1.27701,844.722
2869,-0.00223329,-0.902658,845.533
2870,0.230353,-0.523811,846.102
2871,0.447665,0.345073,846.113
2872,0.588405,0.676151,846.12
2873,0.786731,0.46347,846.225
2874,0.737203,0.902119,846.252
2875,0.196209,-0.000305344,846.291
2876,0.934291,1.27064,846.404
2877,-0.16136,-1.26041,847.612
2878,-0.376384,-0.842904,847.829
2879,0.108899,-0.372806,848.061
2880,0.372692,0.55255,848.094
2881,1.05648,0.460721,848.449
2882,0.712073,0.868595,848.473
2883,0.182875,0.0819758,848.483
2884,0.174752,1.25117,849.642
2885,0.377117,-1.16701,852.026
2886,-0.344984,-0.531313,852.061
2887,0.0435003,0.254688,852.106
2888,0.506234,0.749794,852.165
2889,1.02249,0.289339,852.702
2890,0.853862,1.10773,852.767
2891,-0.255064,-0.631105,852.908
2892,-0.0362437,0.774709,853.566
2893,-0.229823,-0.0295758,853.606
2894,0.355029,1.23119,854.374
2895,-0.168178,-1.13103,855.301
2896,0.252117,-0.421554,855.755
2897,0.533688,0.411901,855.769
2898,0.125138,0.636006,856.03
2899,0.794703,0.557265,856.087
2900,0.85891,0.756039,856.097
2901,0.311936,0.366946,856.1
2902,0.229611,1.0383,856.754
2903,0.2387,-0.399216,857.161
2904,-0.324882,1.08837,859.159
2905,0.202148,-0.778126,860.119
2906,-0.113343,0.478838,860.47
2907,-0.191469,0.445562,860.876
2908,0.726279,0.865715,860.895
2909,0.0563071,0.0844213,860.896
2910,1.37984,1.24974,860.913
2911,-0.832391,-1.16125,861.021
2912,-0.0987647,-0.512989,861.193
2913,0.0793522,0.283204,861.234
2914,0.50755,0.733817,861.286
2915,1.00345,0.331078,861.738
2916,0.844681,1.06669,861.787
2917,-0.131567,-0.493627,861.918
2918,0.0719923,0.978872,862.741
2919,-0.296794,-0.489555,862.778
2920,0.246484,0.958132,863.284
2921,-0.322107,-0.43209,863.296
2922,0.529723,1.02606,863.543
2923,-0.305374,-0.603537,863.631
2924,0.814574,0.797858,863.632
2925,-0.190135,-0.0722687,863.646
2926,0.824766,1.23205,863.812
2927,-0.435516,-1.14679,864.317
2928,0.41992,-0.471568,865.112
2929,0.72948,0.344636,865.26
2930,0.211411,0.692246,865.491
2931,0.607862,0.432505,865.522
2932,0.943054,0.945789,865.522
2933,0.214771,-0.122573,865.636
2934,0.205288,1.2627,866.754
2935,-0.14621,-1.26896,868.015
2936,-0.251054,-0.875547,868.405
2937,0.0728084,-0.453902,868.682
2938,0.572616,0.448898,868.697
2939,0.378017,0.581716,868.739
2940,0.882749,0.660919,868.788
2941,0.50699,0.562976,868.791
2942,0.193869,0.754557,869.106
2943,0.958933,0.371794,869.45
2944,0.00447148,1.03284,870.508
2945,0.196515,-0.381935,870.843
2946,-0.284254,1.10563,872.774
2947,0.277222,-0.825961,873.991
2948,-0.129561,0.376592,874.248
2949,-0.174707,0.553662,874.778
2950,0.672954,0.683819,874.778
2951,0.257294,0.511446,874.843
2952,0.883324,0.838938,874.845
2953,0.158893,0.168089,874.845
2954,-0.144622,1.21213,876.686
2955,0.426362,-1.00652,878.739
2956,-0.473737,-0.0546821,878.914
2957,0.103891,0.693857,879.262
2958,0.477894,0.309582,879.291
2959,0.815249,1.07398,879.358
2960,-0.46313,-0.521931,879.361
2961,1.47254,0.940818,879.644
2962,-0.754588,-0.395772,879.773
2963,0.406484,1.06296,880.204
2964,-0.266816,-0.700555,880.392
2965,0.341751,0.631798,880.476
2966,0.07006,0.230998,880.502
2967,0.86809,1.11484,880.563
2968,-0.0917944,-0.670701,880.898
2969,1.14167,0.704674,881.089
2970,-0.156852,0.103598,881.157
2971,-0.0238496,1.19638,882.645
2972,0.087457,-0.972765,883.77
2973,0.653637,0.0341323,884.153
2974,0.0595337,0.706539,884.572
2975,-0.157366,0.311362,884.792
2976,0.86168,1.07624,884.838
2977,-0.534883,-0.528191,884.838
2978,1.43593,0.932292,885.091
2979,-0.557307,-0.375292,885.125
2980,0.35946,1.08251,885.647
2981,-0.263578,-0.753134,885.887
2982,0.304973,0.530656,885.938
2983,0.168092,0.379825,885.983
2984,0.782549,0.957223,886.013
2985,0.154036,-0.168839,886.118
2986,1.35681,1.24726,886.13
2987,-0.800522,-1.22856,886.313
2988,0.0528376,-0.73894,886.94
2989,0.207257,-0.133014,887.055
2990,0.480767,0.753548,887.13
2991,0.176801,0.165127,887.13
2992,1.04636,1.18789,887.15
2993,-0.531021,-0.92598,887.306
2994,0.243011,0.155952,887.314
2995,0.314085,0.688156,887.454
2996,0.115584,0.383803,887.525
2997,0.603679,1.00022,887.683
2998,-0.454976,-0.285477,887.711
2999,0.743116,1.18597,887.908
