t,predict_test,teacher
501,0.465683,0.550643,0.00721812
502,0.330553,0.776757,0.206316
503,-0.117551,0.320502,0.398206
504,0.361889,1.08922,0.927211
505,-0.520418,-0.564801,0.929181
506,-0.0562766,0.880165,1.8061
507,-0.227186,-0.254006,1.80682
508,0.121798,1.17372,2.91337
509,0.245176,-1.00488,4.476
510,0.479279,-0.0615716,4.76852
511,0.205952,0.693229,5.00596
512,0.416001,0.308735,5.01747
513,0.831911,1.07452,5.07633
514,0.0075666,-0.523825,5.3587
515,1.66149,0.938208,5.88184
516,-0.469571,-0.389475,5.88825
517,1.07337,1.0691,5.88827
518,-0.355891,-0.716994,6.01867
519,0.605521,0.601016,6.01869
520,0.188565,0.279193,6.0269
521,0.608369,1.07118,6.24109
522,-0.233671,-0.522628,6.32459
523,0.58709,0.938957,6.4484
524,-0.801287,-0.391084,6.61666
525,0.554179,1.06756,6.88022
526,0.201694,-0.712889,7.71669
527,0.290091,0.608773,7.81825
528,0.38156,0.267287,7.8313
529,0.625452,1.08261,8.0403
530,-0.232895,-0.560684,8.14775
531,0.57366,0.884671,8.24447
532,-0.786146,-0.263905,8.51721
533,0.538429,1.1679,8.91344
534,0.213049,-0.988749,10.3578
535,0.458575,-0.0183049,10.5852
536,0.647494,0.702906,10.5882
537,0.510301,0.3028,10.6313
538,0.749994,1.08251,10.7419
539,-0.0702901,-0.549714,10.9717
540,1.80579,0.901692,11.7891
541,-0.21934,-0.303183,11.7961
542,0.950287,1.14182,11.8328
543,0.0302362,-0.916208,12.7286
544,0.665079,0.167333,12.9763
545,0.297671,0.685937,13.1271
546,0.505433,0.391486,13.1401
547,0.317262,0.991215,13.5943
548,-0.0930328,-0.258064,13.6215
549,1.67375,1.20413,13.8421
550,-0.98712,-1.10732,13.8565
551,-0.0926813,-0.355367,13.9255
552,0.316356,0.491005,13.956
553,0.605223,0.555869,13.9584
554,0.580136,0.714715,13.9766
555,0.40612,0.451616,13.9786
556,0.584078,0.928875,14.0975
557,0.249374,-0.0724465,14.2011
558,0.308387,1.27131,15.1283
559,-0.735805,-1.28447,15.4293
560,0.0584761,-0.928417,16.4033
561,0.0939353,-0.592082,16.8739
562,0.498005,0.23069,16.9454
563,0.342638,0.747871,17.1096
564,0.76086,0.286172,17.3349
565,0.503709,1.10971,17.7022
566,0.279295,-0.638183,18.5439
567,-0.239041,0.762725,19.5474
568,-0.0617389,-0.00590313,19.5506
569,0.0680124,1.22877,20.8979
570,0.297923,-1.11559,22.8959
571,0.493269,-0.373733,23.6476
572,0.334336,0.469775,23.666
573,0.150304,0.578916,23.8497
574,0.215395,0.671731,24.0579
575,0.679111,0.541963,24.0767
576,0.219604,0.790307,24.4024
577,0.493671,0.288171,24.4447
578,0.498234,1.12083,24.8323
579,-0.234444,-0.672322,25.024
580,0.0709217,0.703427,25.4241
581,-0.234544,0.10557,25.5398
582,0.227909,1.19543,26.4759
583,0.229638,-0.968986,27.9126
584,0.657245,0.0441194,28.2885
585,0.0116756,0.706579,28.7714
586,0.17195,0.31428,28.7916
587,0.577746,1.07369,29.0376
588,-0.168407,-0.519658,29.161
589,0.907073,0.944045,29.1623
590,-0.0596491,-0.403607,29.2807
591,0.501357,1.05515,29.5873
592,-0.181142,-0.679775,29.836
593,0.506961,0.669615,29.8624
594,0.177026,0.16833,29.8625
595,0.617516,1.16122,30.1581
596,-0.206587,-0.83729,30.5559
597,0.453255,0.366888,30.5634
598,-0.560997,0.560364,31.8208
599,0.229857,0.670456,32.0149
600,0.174136,0.538793,32.1479
601,0.157535,0.79472,32.5539
602,0.262811,0.277426,32.5541
603,0.116581,1.13066,33.5825
604,0.325659,-0.706536,34.6479
605,0.00686573,0.640329,35.0492
606,-0.398449,0.214009,35.4243
607,0.220397,1.12798,36.248
608,0.23324,-0.717069,37.1511
609,0.72244,0.618531,37.1619
610,-0.0411692,0.249267,37.2463
611,0.394967,1.09857,37.7413
612,0.0968784,-0.614823,38.2478
613,0.684477,0.800361,38.2613
614,0.483928,-0.0812563,38.5807
615,0.458407,1.23086,39.1774
616,0.195894,-1.14542,40.9765
617,0.664974,-0.46751,42.259
618,0.842177,0.350383,42.5009
619,0.293115,0.687871,42.6567
620,-0.0539863,0.442682,42.9034
621,0.742158,0.932008,42.9394
622,0.712699,-0.0832892,43.573
623,0.832617,1.26989,43.7642
624,-0.137901,-1.28266,45.0747
625,-0.217819,-0.922325,45.571
626,-0.0252452,-0.575755,45.8741
627,0.250255,0.259212,45.8742
628,0.413,0.733207,45.9767
629,0.82752,0.325135,46.2291
630,0.430599,1.07196,46.6404
631,0.284376,-0.511211,47.2734
632,0.18528,0.955718,47.867
633,-0.168727,-0.43212,47.9364
634,0.276733,1.0253,48.4967
635,0.300445,-0.601363,49.31
636,0.16356,0.801297,49.7167
637,0.194173,-0.0793157,49.7915
638,0.621832,1.23158,50.1633
639,-0.0633984,-1.14731,51.3381
640,0.260918,-0.473359,51.8773
641,0.298217,0.342113,51.8792
642,0.480498,0.694135,51.9248
643,0.0471676,0.428081,52.0699
644,0.689052,0.951686,52.1389
645,0.704338,-0.139564,52.8511
646,0.818103,1.25824,53.0448
647,0.00857078,-1.25829,54.6497
648,-0.163889,-0.839146,55.1057
649,-0.0529351,-0.363319,55.2021
650,0.214697,0.563456,55.3237
651,0.722092,0.446529,55.3996
652,0.478204,0.889893,55.5691
653,-0.12586,0.0252855,55.592
654,0.270422,1.26607,56.5833
655,-0.128827,-1.23653,57.8103
656,0.465725,-0.76079,59.3146
657,-0.374797,-0.181281,59.3521
658,0.493031,0.725755,59.4062
659,0.313217,0.208207,59.4173
660,1.12536,1.15704,59.4183
661,-0.151872,-0.811763,59.8537
662,-0.00720999,0.424568,60.0402
663,0.0569538,0.50411,60.2401
664,-0.4734,0.771592,61.7901
665,0.0332595,0.317737,61.871
666,0.433605,1.09014,62.3021
667,0.336552,-0.568441,63.1211
668,0.288851,0.874666,63.4643
669,-0.129889,-0.241589,63.4767
670,0.0992744,1.18069,64.6462
671,0.271033,-1.02411,66.3236
672,0.601631,-0.11412,66.8359
673,0.228558,0.674534,67.0348
674,0.410189,0.32877,67.0414
675,0.92167,1.05103,67.0582
676,0.0811235,-0.447912,67.338
677,1.44541,1.03443,67.5069
678,-0.928231,-0.632451,67.5944
679,1.02459,0.750339,67.6696
680,0.0046666,0.0220526,67.6699
681,0.454293,1.22442,68.263
682,-0.17238,-1.09227,69.1092
683,0.231951,-0.302959,69.3954
684,0.161843,0.54382,69.5413
685,0.0996838,0.495076,69.6976
686,0.448981,0.820006,69.8353
687,0.657302,0.207149,70.0379
688,0.0876743,1.18593,71.2441
689,-0.44469,-0.906847,71.4577
690,-0.276993,0.204458,71.6894
691,-0.52558,0.669422,73.1175
692,0.691311,0.433962,73.1837
693,0.555578,0.937174,73.3293
694,0.260102,-0.0994249,73.4586
695,0.557681,1.26731,73.9622
696,-0.99985,-1.27834,74.0397
697,-0.513033,-0.907627,74.1954
698,0.105233,-0.536805,74.6076
699,0.307019,0.324288,74.6079
700,0.504328,0.691731,74.6431
701,0.847579,0.427399,74.8196
702,0.287091,0.951782,75.2614
703,0.30419,-0.140024,75.4587
704,1.05069,1.25809,75.5018
705,-0.467897,-1.2579,76.1259
706,0.147917,-0.8378,77.0975
707,-0.206344,-0.360042,77.1211
708,0.204271,0.567177,77.2528
709,0.717906,0.441621,77.3291
710,0.47235,0.897112,77.5096
711,-0.130879,0.00575217,77.5282
712,0.267352,1.26909,78.5317
713,-0.168055,-1.25309,79.709
714,0.478417,-0.817602,81.3887
715,-0.330661,-0.31179,81.389
716,0.450726,0.618621,81.4172
717,0.268201,0.370694,81.4277
718,0.978997,0.993207,81.4279
719,0.022872,-0.269837,81.5136
720,0.245104,1.19603,82.4179
721,-0.433021,-1.08362,82.8411
722,0.118505,-0.285115,83.0041
723,0.440986,0.561108,83.0185
724,0.495909,0.473687,83.019
725,0.435086,0.854201,83.1946
726,0.316208,0.120582,83.2329
727,0.917101,1.2359,83.3345
728,-0.68606,-1.10227,83.5078
729,-0.221772,-0.330224,83.5195
730,-0.25108,0.516652,84.1089
731,0.722578,0.527232,84.1471
732,0.716444,0.765833,84.1495
733,0.600751,0.337069,84.2191
734,0.985027,1.07069,84.2264
735,-0.119979,-0.5038,84.3737
736,-0.0687415,0.965866,85.4441
737,-0.913318,-0.457195,85.6522
738,0.289222,0.997121,86.1533
739,0.194602,-0.52911,86.6771
740,0.53436,0.907196,86.8161
741,0.159723,-0.31094,87.0376
742,0.607443,1.1368,87.3178
743,0.122241,-0.902527,88.368
744,0.239395,0.200663,88.3695
745,0.669814,0.67287,88.3695
746,0.355828,0.426344,88.3744
747,0.122127,0.947384,89.0555
748,0.0518418,-0.128649,89.0881
749,1.48396,1.26104,89.1378
750,-0.997693,-1.26492,89.2092
751,-0.46645,-0.861724,89.3654
752,0.134875,-0.419072,89.6723
753,0.307688,0.495613,89.7076
754,0.661807,0.530393,89.7249
755,0.606938,0.754841,89.7467
756,-0.0131082,0.361419,89.887
757,0.308633,1.04358,90.4272
758,0.775365,-0.416253,91.8471
759,-0.278272,1.0705,93.6663
760,-0.673628,-0.729235,93.6694
761,0.180726,0.576653,93.8261
762,0.241451,0.315689,93.8317
763,0.635213,1.03347,93.9903
764,0.0175323,-0.400585,94.1651
765,0.199437,1.08539,94.95
766,-0.36531,-0.769463,95.1133
767,0.521393,0.496714,95.1139
768,0.0837527,0.423747,95.2295
769,0.158471,0.897628,95.7759
770,-0.377914,-0.000906481,95.918
771,0.494405,1.26929,96.5185
772,-0.361779,-1.2558,97.3177
773,0.321965,-0.827054,98.638
774,0.162828,-0.334366,98.8852
775,0.203346,0.595363,99.0389
776,0.27932,0.403451,99.0543
777,0.876419,0.950727,99.0598
778,0.102952,-0.1444,99.121
779,0.281893,1.25603,100.07
780,-0.385483,-1.25196,100.821
781,0.358316,-0.817568,102.203
782,0.0391394,-0.311373,102.326
783,0.366316,0.618995,102.39
784,0.772501,0.370171,102.552
785,0.398859,0.993861,102.906
786,-0.188733,-0.271811,102.913
787,0.213135,1.19472,103.876
788,-0.432402,-1.07986,104.296
789,0.119331,-0.274106,104.45
790,0.448604,0.570855,104.465
791,0.496294,0.461542,104.467
792,0.419888,0.873027,104.672
793,0.303907,0.0714155,104.726
794,0.966429,1.25477,104.809
795,-0.82104,-1.18279,104.94
796,-0.207421,-0.582175,105.08
797,-0.143271,0.170663,105.179
798,0.630071,0.784571,105.203
799,0.521552,0.189425,105.313
800,0.919757,1.18514,105.384
801,0.172932,-0.909541,106.555
802,-0.0154462,0.197371,106.601
803,-0.57607,0.6726,108.16
804,0.0801905,0.425863,108.279
805,0.448911,0.947877,108.528
806,0.226223,-0.130099,108.655
807,0.561736,1.26067,109.144
808,-0.997788,-1.26402,109.215
809,-0.465847,-0.858656,109.369
810,0.133377,-0.411414,109.666
811,0.315879,0.505437,109.702
812,0.668995,0.518923,109.724
813,0.589055,0.774638,109.759
814,-0.028508,0.315587,109.877
815,0.304893,1.09296,110.498
816,0.641047,-0.577705,111.983
817,-0.196696,0.860647,113.101
818,-0.75782,-0.21031,113.401
819,0.320219,1.19627,114.169
820,0.205775,-1.06658,115.787
821,0.548457,-0.233763,116.399
822,0.210845,0.603521,116.554
823,0.384447,0.419938,116.555
824,1.01031,0.934169,116.561
825,-0.0324108,-0.0957604,116.565
826,0.92131,1.26741,116.684
827,-1.16086,-1.2776,116.698
828,-0.272998,-0.904933,117.097
829,0.090201,-0.529745,117.482
830,0.219037,0.335639,117.495
831,0.54039,0.683362,117.516
832,0.836443,0.446915,117.667
833,0.316785,0.925382,118.038
834,0.302538,-0.0647914,118.173
835,1.16704,1.27174,118.184
836,-0.449613,-1.28368,118.879
837,0.0425452,-0.925449,119.816
838,-0.209954,-0.584144,119.956
839,0.295965,0.244652,119.959
840,0.313044,0.74096,120.142
841,0.707309,0.304764,120.304
842,0.541486,1.09225,120.608
843,0.289009,-0.578798,121.361
844,-0.0300924,0.858666,122.151
845,-0.0973537,-0.205869,122.162
846,0.166268,1.19826,123.227
847,0.326064,-1.07193,125.182
848,0.288743,-0.249181,125.471
849,0.32548,0.591492,125.542
850,0.400151,0.435438,125.543
851,1.00811,0.911999,125.552
852,-0.0754264,-0.0338066,125.554
853,0.856905,1.272,125.726
854,-1.03787,-1.27532,125.783
855,-0.243003,-0.89541,126.208
856,0.00100978,-0.505059,126.465
857,0.330247,0.374258,126.466
858,0.280859,0.652385,126.605
859,0.6071,0.516429,126.613
860,0.488534,0.822338,126.724
861,0.35745,0.208193,126.746
862,1.44517,1.18602,126.814
863,-0.245513,-0.90684,127.251
864,-0.027376,0.204504,127.305
865,-0.0400739,0.669397,127.808
866,0.685924,0.434021,127.872
867,0.440357,0.937095,128.118
868,0.246801,-0.0991999,128.238
869,0.555289,1.26735,128.745
870,-1.00098,-1.27841,128.822
871,-0.513391,-0.907868,128.978
872,0.105026,-0.537437,129.39
873,0.307093,0.323265,129.391
874,0.503045,0.692468,129.427
875,0.848071,0.425662,129.605
876,0.289262,0.954077,130.047
877,0.303885,-0.146668,130.25
878,1.03953,1.25611,130.297
879,-0.468196,-1.25293,130.913
880,0.157738,-0.820923,131.87
881,-0.2038,-0.319357,131.884
882,0.20323,0.610939,132.05
883,0.745401,0.381649,132.182
884,0.401401,0.979364,132.516
885,-0.199107,-0.22832,132.517
886,0.222873,1.22083,133.513
887,-0.430771,-1.15508,134.038
888,0.199738,-0.501654,134.53
889,0.300322,0.301156,134.53
890,0.469021,0.722531,134.594
891,0.705876,0.359475,134.714
892,0.594561,1.03585,134.909
893,-0.121781,-0.39433,134.983
894,0.767861,1.09306,135.089
895,0.619892,-0.790991,137.079
896,0.262,0.451985,137.115
897,-0.0284984,0.476696,137.371
898,0.34314,0.81746,137.596
899,0.0158433,0.207471,137.632
900,0.492413,1.18498,138.112
901,-0.239119,-0.903595,138.553
902,0.271688,0.212416,138.557
903,-0.049859,0.665753,139.069
904,0.229542,0.443207,139.115
905,0.550847,0.924721,139.255
906,0.310411,-0.0641895,139.395
907,0.545017,1.27165,139.923
908,-0.98622,-1.28318,140.011
909,-0.540848,-0.923678,140.158
910,0.0785845,-0.579406,140.591
911,0.341093,0.2529,140.598
912,0.314172,0.736636,140.777
913,0.70158,0.316184,140.925
914,0.544254,1.08103,141.213
915,0.291758,-0.541219,141.907
916,0.0931577,0.914224,142.581
917,-0.134456,-0.332494,142.621
918,0.230279,1.11949,143.411
919,0.319878,-0.854322,144.79
920,0.198619,0.314035,144.803
921,0.267205,0.605638,144.918
922,0.521052,0.580694,144.922
923,0.0130464,0.709603,145.407
924,0.35541,0.469257,145.42
925,0.646394,0.904598,145.486
926,-0.199095,-0.00483996,145.524
927,0.300464,1.27135,146.467
928,-0.634351,-1.2643,146.864
929,0.116303,-0.856444,147.81
930,0.0875944,-0.406185,148.054
931,0.652763,0.512086,148.073
932,0.187261,0.51102,148.178
933,0.849166,0.788028,148.182
934,0.154544,0.283923,148.199
935,0.347276,1.12355,148.801
936,0.544935,-0.682138,150.307
937,-0.128014,0.685629,150.969
938,-0.780264,0.137238,151.811
939,0.426008,1.17932,152.378
940,0.236465,-0.905945,153.683
941,0.742182,0.204765,153.972
942,0.0199576,0.669516,154.394
943,0.230558,0.433876,154.435
944,0.327826,0.937307,154.807
945,-0.0441175,-0.0997986,154.81
946,0.662109,1.26725,155.176
947,-1.05206,-1.27823,155.227
948,-0.518916,-0.907229,155.378
949,0.106163,-0.535759,155.79
950,0.306436,0.325978,155.791
951,0.506426,0.690506,155.825
952,0.846722,0.430276,155.998
953,0.283481,0.947959,156.439
954,0.304694,-0.128995,156.628
955,1.0689,1.26109,156.664
956,-0.466901,-1.26519,157.302
957,0.131678,-0.862674,158.291
958,-0.209718,-0.421446,158.335
959,0.208485,0.492534,158.416
960,0.665978,0.53394,158.433
961,0.605553,0.748631,158.454
962,-0.0148153,0.375554,158.606
963,0.310178,1.02713,159.12
964,0.816338,-0.364334,160.514
965,-0.296768,1.1223,162.528
966,-0.634949,-0.872694,162.585
967,0.14546,0.270458,162.6
968,0.251642,0.635785,162.748
969,0.66062,0.515225,162.769
970,0.0809543,0.819096,163.314
971,0.830891,0.215282,163.693
972,0.504845,1.18084,164.15
973,-0.556811,-0.887565,164.259
974,-0.133869,0.251374,164.408
975,-0.351463,0.645266,165.401
976,0.787671,0.492496,165.488
977,0.440709,0.854006,165.659
978,0.322881,0.126692,165.697
979,0.47273,1.23373,166.277
980,-0.791601,-1.09292,166.367
981,-0.366447,-0.302144,166.372
982,-0.137462,0.544317,166.836
983,0.826878,0.494564,166.947
984,0.618529,0.820864,166.988
985,0.54222,0.205023,167.101
986,1.02824,1.18741,167.127
987,-0.481274,-0.912416,167.313
988,-0.291885,0.19072,167.546
989,-0.521178,0.675352,168.977
990,0.695381,0.418676,169.054
991,0.56621,0.9572,169.207
992,0.240728,-0.157122,169.365
993,0.580703,1.2526,169.816
994,-0.997097,-1.24374,169.877
995,-0.4049,-0.789858,170.025
996,0.163994,-0.246548,170.194
997,0.35316,0.677942,170.299
998,0.7731,0.282588,170.54
999,0.317016,1.09158,171.14
1000,-0.301304,-0.583402,171.22
1001,0.119308,0.850975,171.755
1002,-0.0864351,-0.188842,171.765
1003,0.0638592,1.20537,173.068
1004,0.533781,-1.09072,175.707
1005,0.5864,-0.303943,176.5
1006,0.537547,0.543448,176.5
1007,0.413561,0.495346,176.507
1008,0.952788,0.819519,176.525
1009,-0.223548,0.208348,176.711
1010,0.635953,1.18508,177.013
1011,-0.393178,-0.903688,177.273
1012,-0.240564,0.212213,177.478
1013,-0.52511,0.665846,178.897
1014,0.688759,0.442973,178.957
1015,0.549543,0.925039,179.098
1016,0.271768,-0.0650831,179.212
1017,0.544495,1.27158,179.74
1018,-0.987776,-1.28321,179.828
1019,-0.540593,-0.923812,179.974
1020,0.0792042,-0.579764,180.409
1021,0.339672,0.25228,180.416
1022,0.318418,0.736968,180.591
1023,0.707877,0.315314,180.746
1024,0.540973,1.0819,181.038
1025,0.290699,-0.544111,181.735
1026,0.0837974,0.910091,182.418
1027,-0.131297,-0.322804,182.455
1028,0.225527,1.12714,183.267
1029,0.321079,-0.875475,184.699
1030,0.203809,0.265103,184.703
1031,0.273169,0.638966,184.837
1032,0.509119,0.507942,184.837
1033,0.104932,0.830482,185.363
1034,0.188602,0.186802,185.363
1035,1.04758,1.20029,185.386
1036,-0.635948,-0.96094,185.492
1037,-0.189256,0.0673189,185.558
1038,-0.282822,0.705373,186.534
1039,0.831801,0.323623,186.793
1040,0.552616,1.06499,187.055
1041,0.135249,-0.490789,187.447
1042,0.770189,0.982273,187.492
1043,-0.0824904,-0.49804,187.665
1044,0.408033,0.947421,187.956
1045,-0.12549,-0.40606,188.034
1046,0.483393,1.05339,188.359
1047,0.0667718,-0.675293,188.91
1048,0.592414,0.677588,188.917
1049,0.42819,0.154637,188.992
1050,0.248444,1.1698,189.841
1051,-0.122671,-0.86941,190.399
1052,0.444076,0.292715,190.422
1053,-0.500912,0.619222,191.676
1054,0.182819,0.551005,191.812
1055,0.248887,0.760718,192.074
1056,0.0496308,0.355134,192.167
1057,0.424639,1.05165,192.56
1058,-0.465175,-0.441807,192.561
1059,0.0708488,1.04222,193.504
1060,-0.589089,-0.653262,193.508
1061,0.38821,0.715215,193.615
1062,0.272989,0.0878764,193.65
1063,0.576151,1.20375,194.044
1064,0.0382725,-1.00227,195.126
1065,0.148358,-0.0452308,195.164
1066,0.00466847,0.696456,195.642
1067,-0.00152109,0.30736,195.738
1068,0.687128,1.07668,195.889
1069,-0.11749,-0.530722,196.06
1070,0.829498,0.928671,196.07
1071,-0.256569,-0.366619,196.082
1072,1.06033,1.09043,196.083
1073,-0.188486,-0.774633,196.427
1074,0.631883,0.48705,196.448
1075,0.220823,0.435506,196.494
1076,0.582314,0.880583,196.583
1077,-0.202694,0.0450536,196.644
1078,0.69624,1.26133,196.963
1079,-0.622557,-1.21383,197.313
1080,0.303403,-0.684338,198.289
1081,0.166115,-0.0197941,198.323
1082,0.211771,0.79415,198.662
1083,0.377519,0.111117,198.733
1084,1.08583,1.22096,198.752
1085,-0.141837,-1.0537,199.583
1086,-0.266653,-0.188117,199.589
1087,0.81889,0.634346,199.623
1088,0.378299,0.380212,199.623
1089,0.58753,0.987918,199.784
1090,0.232773,-0.252312,200.019
1091,0.949477,1.20725,200.085
1092,-1.39816,-1.11613,200.165
1093,-0.208022,-0.381859,200.195
1094,0.519216,0.461019,200.199
1095,0.344655,0.587888,200.258
1096,0.566466,0.654448,200.265
1097,0.455735,0.576744,200.28
1098,0.441778,0.730647,200.364
1099,0.542536,0.42564,200.377
1100,0.453128,0.965557,200.64
1101,0.0204075,-0.177528,200.679
1102,0.0799592,1.24554,202.038
1103,-0.211816,-1.22519,203.064
1104,0.0877643,-0.727868,203.73
1105,0.247627,-0.109266,203.857
1106,0.490418,0.764925,203.932
1107,0.812166,0.148066,204.373
1108,0.315289,1.19878,205.154
1109,-0.445035,-0.967499,205.427
1110,-0.0900828,0.0491597,205.446
1111,-0.207366,0.706367,206.281
1112,-0.0101596,0.316212,206.388
1113,0.0746547,1.07192,207.382
1114,0.047668,-0.513767,207.698
1115,0.824432,0.952039,207.714
1116,-0.0105411,-0.423059,207.884
1117,0.482461,1.03504,208.189
1118,-0.186682,-0.626752,208.383
1119,0.495723,0.760567,208.453
1120,0.154105,0.00212668,208.476
1121,0.630652,1.22816,208.833
1122,-0.118889,-1.1111,209.818
1123,0.300822,-0.359921,210.254
1124,0.0234951,0.485309,210.468
1125,0.204074,0.562289,210.596
1126,0.267281,0.702956,210.786
1127,0.732541,0.476882,210.851
1128,0.146318,0.892504,211.408
1129,0.334932,0.027875,211.502
1130,0.384756,1.26666,212.28
1131,-0.640739,-1.23785,212.637
1132,0.0520945,-0.765177,213.304
1133,-0.0148282,-0.191049,213.336
1134,0.658642,0.719347,213.339
1135,0.264698,0.218241,213.341
1136,1.11275,1.14912,213.343
1137,-0.181789,-0.783207,213.704
1138,-0.00146468,0.485958,213.942
1139,0.0784878,0.43442,214.069
1140,-0.422691,0.881578,215.77
1141,-0.0218558,0.0422747,215.774
1142,0.57987,1.26197,216.239
1143,0.354912,-1.21692,218.71
1144,0.295019,-0.694654,219.689
1145,0.219332,-0.040637,219.757
1146,0.178944,0.789292,220.129
1147,0.367017,0.115634,220.193
1148,1.09643,1.21807,220.207
1149,-0.156162,-1.04247,220.993
1150,-0.247914,-0.156033,221.001
1151,0.402205,0.653173,221.064
1152,0.265877,0.355901,221.072
1153,0.335075,1.01862,221.54
1154,0.143052,-0.34585,221.779
1155,0.97685,1.13813,221.805
1156,-1.28564,-0.917226,221.94
1157,0.324598,0.163613,221.966
1158,0.618511,0.687355,221.971
1159,0.44262,0.387644,221.974
1160,-0.103549,0.995831,223.183
1161,0.849937,-0.272059,224.442
1162,0.971043,1.19513,224.492
1163,-0.970621,-1.08128,224.504
1164,-0.0443885,-0.278288,224.559
1165,0.341258,0.567194,224.61
1166,0.63994,0.46612,224.64
1167,0.494836,0.865983,224.778
1168,0.294611,0.0899385,224.82
1169,0.949792,1.24847,224.909
1170,-0.771518,-1.15517,225.056
1171,-0.212148,-0.493638,225.135
1172,-0.17965,0.3123,225.377
1173,0.672476,0.715365,225.379
1174,0.609573,0.377244,225.433
1175,0.778979,1.01537,225.489
1176,0.518646,-0.330197,226.21
1177,0.558572,1.15197,226.562
1178,0.516401,-0.956906,228.732
1179,0.154648,0.0636549,228.741
1180,-0.0687309,0.707256,229.343
1181,0.399287,0.318802,229.349
1182,0.221565,1.06989,230.069
1183,0.677903,-0.506885,231.473
1184,1.28706,0.961262,231.579
1185,-0.387397,-0.445699,231.582
1186,0.291676,1.01027,232.099
1187,-0.156278,-0.562618,232.264
1188,0.47545,0.859926,232.411
1189,0.130171,-0.204048,232.523
1190,0.635383,1.19969,232.842
1191,0.0358945,-1.07617,234.078
1192,0.238423,-0.261481,234.328
1193,0.593794,0.581429,234.328
1194,0.564723,0.448272,234.342
1195,1.02271,0.893101,234.359
1196,-0.0752796,0.0177998,234.367
1197,0.802315,1.26749,234.584
1198,-0.918693,-1.24379,234.689
1199,-0.225938,-0.78558,235.003
1200,-0.0606935,-0.237128,235.034
1201,0.477113,0.685605,235.077
1202,0.295362,0.270787,235.078
1203,1.08937,1.10303,235.078
1204,-0.10232,-0.622097,235.348
1205,0.107936,0.789102,235.812
1206,-0.0262301,-0.0583837,235.813
1207,0.025933,1.23196,237.268
1208,0.355581,-1.14233,239.511
1209,0.717951,-0.457283,240.893
1210,0.621307,0.364552,240.959
1211,0.229309,0.676758,241.159
1212,-0.107152,0.468163,241.49
1213,0.56055,0.89618,241.602
1214,0.727325,0.0160557,242.108
1215,0.859766,1.26849,242.275
1216,-0.331013,-1.24789,243.116
1217,-0.218791,-0.799565,243.453
1218,0.0204487,-0.269393,243.537
1219,0.47454,0.658529,243.571
1220,0.202985,0.312057,243.583
1221,1.06534,1.06123,243.583
1222,-0.0954715,-0.483067,243.733
1223,0.161721,0.991673,244.422
1224,-0.244521,-0.521701,244.499
1225,0.0277696,0.916461,245.289
1226,0.8425,-0.332371,246.669
1227,0.345079,1.12028,247.27
1228,-0.00836487,-0.856748,247.99
1229,0.55311,0.308461,248.05
1230,0.541446,0.609768,248.054
1231,0.291521,0.571994,248.133
1232,-0.0791704,0.724883,248.779
1233,0.400385,0.435961,248.781
1234,0.675439,0.951378,248.857
1235,-0.246125,-0.136379,248.869
1236,0.254497,1.25937,249.879
1237,-0.653566,-1.26135,250.248
1238,0.183681,-0.849583,251.316
1239,0.22192,-0.388911,251.689
1240,0.478214,0.533373,251.692
1241,0.684249,0.485046,251.732
1242,0.516684,0.830634,251.83
1243,-0.0893339,0.179579,251.902
1244,0.291742,1.20404,252.735
1245,0.248733,-0.975732,254.234
1246,0.16123,0.0283398,254.252
1247,-0.695339,0.706156,256.216
1248,0.671352,0.310383,256.346
1249,0.676905,1.07697,256.506
1250,0.166431,-0.530708,256.992
1251,0.830177,0.928781,257.002
1252,0.122008,-0.366899,257.241
1253,0.680939,1.09017,257.408
1254,-0.108102,-0.773938,257.852
1255,0.55126,0.488479,257.856
1256,0.219867,0.433762,257.901
1257,0.579283,0.883134,257.994
1258,-0.20372,0.038232,258.052
1259,0.69627,1.26289,258.373
1260,-0.629115,-1.22139,258.724
1261,0.306208,-0.709649,259.756
1262,0.168431,-0.0714602,259.814
1263,0.208513,0.779956,260.14
1264,0.353661,0.126898,260.192
1265,1.10908,1.21144,260.202
1266,-0.169425,-1.01656,260.92
1267,-0.208813,-0.0833216,260.936
1268,-0.0615816,0.685312,261.493
1269,0.0775921,0.317489,261.551
1270,-0.00461121,1.06447,262.694
1271,0.0480963,-0.491101,262.985
1272,0.985822,0.98169,262.985
1273,-0.588524,-0.496532,262.993
1274,1.06812,0.949345,263.007
1275,-0.378891,-0.410718,263.008
1276,0.525271,1.04864,263.282
1277,0.0245733,-0.662715,263.754
1278,0.599606,0.699724,263.765
1279,0.420134,0.115726,263.857
1280,0.248614,1.19117,264.746
1281,-0.0937409,-0.951714,265.482
1282,0.401736,0.0892858,265.579
1283,-0.371044,0.703325,266.734
1284,0.086016,0.334253,266.795
1285,0.533017,1.05458,267.067
1286,-0.130386,-0.456724,267.174
1287,0.882273,1.02434,267.194
1288,-0.371468,-0.605994,267.249
1289,0.378401,0.793181,267.421
1290,0.0929618,-0.0625882,267.445
1291,0.538245,1.23247,267.927
1292,-0.0439481,-1.14535,269.14
1293,0.292376,-0.466822,269.717
1294,0.349417,0.351303,269.717
1295,0.400286,0.687174,269.799
1296,-0.00964426,0.444299,270.005
1297,0.555526,0.92979,270.145
1298,0.725376,-0.077024,270.789
1299,0.841732,1.27063,270.973
1300,-0.148864,-1.28341,272.26
1301,-0.221944,-0.924818,272.754
1302,-0.0219911,-0.582426,273.068
1303,0.259418,0.247646,273.068
1304,0.378442,0.739412,273.199
1305,0.792973,0.308871,273.433
1306,0.476401,1.08826,273.807
1307,0.28201,-0.565377,274.525
1308,0.0134762,0.878967,275.274
1309,-0.109341,-0.251229,275.295
1310,0.189568,1.17533,276.266
1311,0.326189,-1.00932,278.05
1312,0.251223,-0.0736231,278.155
1313,0.309629,0.689615,278.3
1314,0.436231,0.312116,278.315
1315,0.856693,1.0705,278.361
1316,0.0284663,-0.510727,278.652
1317,1.61509,0.955972,279.086
1318,-0.568471,-0.432653,279.105
1319,1.09738,1.02473,279.11
1320,-0.411038,-0.59989,279.145
1321,0.568114,0.803603,279.201
1322,0.124155,-0.0840554,279.244
1323,0.638645,1.23119,279.595
1324,-0.0579853,-1.14737,280.782
1325,0.259789,-0.4737,281.32
1326,0.312928,0.341639,281.321
1327,0.493908,0.694486,281.361
1328,0.0760806,0.427257,281.485
1329,0.724095,0.952777,281.537
1330,0.680283,-0.142721,282.214
1331,0.81771,1.25732,282.407
1332,0.0164479,-1.256,284.027
1333,-0.159733,-0.831348,284.478
1334,-0.0543707,-0.344395,284.562
1335,0.215252,0.584545,284.698
1336,0.735848,0.418312,284.799
1337,0.442727,0.930385,285.037
1338,-0.15861,-0.086368,285.042
1339,0.251647,1.26867,286.076
1340,-0.319818,-1.27925,286.997
1341,0.446999,-0.910475,288.84
1342,-0.113477,-0.544326,289.025
1343,0.33725,0.31205,289.026
1344,0.500791,0.700377,289.066
1345,0.819054,0.406877,289.236
1346,0.400759,0.978345,289.569
1347,0.295013,-0.217958,289.832
1348,0.910726,1.227,289.932
1349,-0.45679,-1.17311,290.445
1350,0.259807,-0.558568,291.115
1351,-0.151523,0.211269,291.247
1352,0.246984,0.769941,291.52
1353,0.793486,0.233447,291.834
1354,0.5887,1.15469,292.154
1355,-0.300492,-0.796584,292.4
1356,0.395675,0.458041,292.404
1357,-0.404992,0.467303,293.165
1358,-0.11979,0.831692,294.07
1359,0.186109,0.171795,294.071
1360,0.518446,1.20819,294.546
1361,0.288674,-0.99207,296.187
1362,0.285073,-0.0154264,296.277
1363,0.0455063,0.702046,296.708
1364,0.24454,0.305356,296.712
1365,0.67455,1.08007,296.876
1366,0.222947,-0.541578,297.461
1367,0.89294,0.913393,297.461
1368,0.0689211,-0.330474,297.621
1369,1.02335,1.12112,297.63
1370,0.0535709,-0.858815,298.463
1371,0.648063,0.303747,298.581
1372,0.26588,0.613189,298.702
1373,0.536766,0.564724,298.703
1374,0.03202,0.737479,299.2
1375,0.321635,0.407992,299.208
1376,0.732909,0.988203,299.273
1377,-0.28909,-0.244766,299.275
1378,0.212025,1.21259,300.276
1379,-0.653681,-1.13194,300.505
1380,0.245298,-0.430033,300.961
1381,0.286276,0.401517,300.974
1382,0.548183,0.645287,300.984
1383,0.686655,0.537501,301.006
1384,0.523791,0.789116,301.076
1385,0.222726,0.289465,301.081
1386,0.859727,1.11943,301.148
1387,-0.360209,-0.66753,301.243
1388,0.279897,0.711993,301.429
1389,0.0159188,0.0900332,301.435
1390,0.4742,1.20225,301.965
1391,0.198772,-0.996556,303.394
1392,0.652347,-0.0296974,303.859
1393,0.024931,0.699799,304.314
1394,0.150862,0.305485,304.338
1395,0.668919,1.07929,304.507
1396,-0.16192,-0.539167,304.649
1397,0.845925,0.916805,304.654
1398,-0.141689,-0.338495,304.693
1399,1.03821,1.11463,304.698
1400,-0.0338756,-0.840913,305.35
1401,0.650964,0.344402,305.444
1402,0.257117,0.581669,305.549
1403,0.547235,0.629646,305.556
1404,-0.0373978,0.619464,305.987
1405,0.453213,0.651664,306.027
1406,0.387978,0.591307,306.068
1407,0.0300684,0.705997,306.525
1408,0.426649,0.479587,306.528
1409,-0.251544,0.889794,307.83
1410,-0.336538,0.0354497,307.969
1411,-0.0462922,1.26518,309.689
1412,-0.353064,-1.23031,310.458
1413,-0.00391943,-0.739586,310.999
1414,0.0138001,-0.134877,311.022
1415,0.713962,0.752656,311.023
1416,0.292242,0.16645,311.039
1417,1.11591,1.18701,311.044
1418,-0.198736,-0.922651,311.568
1419,-0.118263,0.164303,311.648
1420,-0.172314,0.685411,312.384
1421,-0.195132,0.391588,312.728
1422,0.234813,0.990946,313.3
1423,0.0714729,-0.257287,313.408
1424,0.606406,1.20461,313.765
1425,-0.925216,-1.1087,313.799
1426,-0.0482868,-0.359519,313.896
1427,0.334656,0.486434,313.919
1428,0.622641,0.560879,313.923
1429,0.584374,0.705511,313.938
1430,0.413214,0.471419,313.941
1431,0.563197,0.900523,314.055
1432,0.299574,0.00610638,314.141
1433,0.359312,1.2701,314.97
1434,-0.646748,-1.2566,315.342
1435,0.0523667,-0.829632,316.12
1436,0.00989237,-0.340586,316.243
1437,0.628774,0.588712,316.245
1438,0.204727,0.41261,316.288
1439,0.969254,0.938268,316.289
1440,0.0105796,-0.108703,316.303
1441,0.276916,1.26494,317.279
1442,-0.35109,-1.2727,318.129
1443,0.414517,-0.888208,319.826
1444,-0.0578535,-0.486289,320.009
1445,0.339944,0.40247,320.013
1446,0.617697,0.627339,320.013
1447,0.787714,0.569766,320.061
1448,0.185357,0.733716,320.361
1449,0.314468,0.417255,320.372
1450,1.49421,0.976372,320.64
1451,-0.119886,-0.209446,320.648
1452,0.249576,1.2315,321.612
1453,0.0624541,-1.18605,323.171
1454,0.298262,-0.599957,323.978
1455,0.266047,0.140256,323.994
1456,0.511175,0.792472,324.073
1457,0.804851,0.16286,324.485
1458,0.547636,1.20061,324.911
1459,-0.39768,-0.969189,325.238
1460,0.116079,0.0451242,325.243
1461,0.00197621,0.706393,325.739
1462,0.329285,0.314951,325.739
1463,0.710372,1.07305,325.871
1464,0.30531,-0.517515,326.548
1465,0.800918,0.946964,326.569
1466,0.0414019,-0.410691,326.774
1467,0.520028,1.04796,327.052
1468,-0.181835,-0.660702,327.282
1469,0.504221,0.703249,327.321
1470,0.168539,0.109406,327.325
1471,0.623126,1.19422,327.651
1472,-0.180788,-0.963795,328.264
1473,0.389046,0.057803,328.374
1474,-0.366961,0.706184,329.526
1475,0.0778391,0.319167,329.584
1476,0.575373,1.06924,329.828
1477,-0.143985,-0.504834,329.958
1478,0.906092,0.963971,329.961
1479,-0.13144,-0.452387,330.064
1480,0.410884,1.00268,330.414
1481,-0.175581,-0.543219,330.55
1482,0.483312,0.887681,330.713
1483,0.119997,-0.266135,330.862
1484,0.634796,1.16715,331.146
1485,0.0879939,-0.98696,332.301
1486,0.238249,-0.0135822,332.365
1487,0.660238,0.703654,332.366
1488,0.443418,0.302745,332.386
1489,0.634524,1.08278,332.587
1490,-0.0431644,-0.550553,332.845
1491,1.82957,0.900482,333.708
1492,-0.206179,-0.300382,333.717
1493,0.92656,1.14382,333.764
1494,0.0464204,-0.92178,334.701
1495,0.662213,0.153596,334.96
1496,0.300038,0.690437,335.112
1497,0.502144,0.378694,335.128
1498,0.349081,1.00636,335.56
1499,-0.119363,-0.304253,335.594
1500,1.73384,1.17231,335.909
1501,-0.942256,-1.01531,335.914
1502,0.0964649,-0.0915042,335.95
1503,0.400559,0.683685,336.03
1504,0.708393,0.318154,336.182
1505,0.28558,1.06339,336.787
1506,0.352933,-0.487685,337.494
1507,1.44181,0.986047,337.702
1508,-0.777276,-0.50751,337.774
1509,1.11179,0.935221,337.806
1510,-0.340165,-0.376747,337.807
1511,0.510365,1.08185,338.134
1512,0.00667369,-0.751593,338.708
1513,0.580376,0.533708,338.711
1514,0.48176,0.375741,338.722
1515,0.255315,0.962459,339.222
1516,-0.228296,-0.184136,339.224
1517,0.700119,1.24127,339.517
1518,-0.778044,-1.21229,339.705
1519,0.441535,-0.685125,340.975
1520,0.00484705,-0.0208426,340.975
1521,0.474664,0.793854,341.077
1522,0.772443,0.111461,341.514
1523,0.326032,1.22076,342.315
1524,-0.46818,-1.05293,342.657
1525,-0.147083,-0.185897,342.658
1526,0.843337,0.63574,342.701
1527,0.38115,0.378399,342.701
1528,0.57852,0.990262,342.871
1529,0.22769,-0.259346,343.108
1530,0.952104,1.20291,343.171
1531,-1.39576,-1.10361,343.256
1532,-0.178894,-0.344252,343.284
1533,0.539344,0.503005,343.285
1534,0.356027,0.542505,343.32
1535,0.518003,0.738865,343.368
1536,0.393113,0.398462,343.368
1537,0.632679,0.999379,343.503
1538,0.109321,-0.278722,343.653
1539,0.150675,1.19105,344.736
1540,-0.883207,-1.06967,344.771
1541,0.123094,-0.244548,344.906
1542,0.223159,0.595375,345.044
1543,0.588949,0.430376,345.07
1544,0.509678,0.919299,345.237
1545,0.264113,-0.054043,345.339
1546,1.08784,1.2717,345.372
1547,-1.12403,-1.28033,345.397
1548,-0.225789,-0.913416,345.87
1549,0.0263171,-0.552158,346.204
1550,0.283994,0.299146,346.204
1551,0.34168,0.709069,346.339
1552,0.625518,0.385853,346.397
1553,0.563213,1.00429,346.591
1554,0.315101,-0.29627,346.965
1555,0.752128,1.1784,347.147
1556,-0.412652,-1.03296,347.532
1557,0.346094,-0.140279,347.768
1558,-0.0444989,0.662564,348.268
1559,0.317956,0.34333,348.269
1560,0.400652,1.03374,348.67
1561,0.287226,-0.393078,349.132
1562,1.38051,1.09381,349.215
1563,-1.17779,-0.792908,349.363
1564,0.738052,0.447959,349.447
1565,0.466042,0.481193,349.447
1566,0.443794,0.810222,349.581
1567,-0.256683,0.225314,349.814
1568,0.547288,1.17199,350.204
1569,-0.238722,-0.855402,350.584
1570,0.271348,0.327201,350.587
1571,-0.0770734,0.593495,351.037
1572,0.210032,0.605029,351.193
1573,0.472151,0.665564,351.23
1574,0.528634,0.561343,351.232
1575,0.338113,0.758521,351.408
1576,-0.101201,0.362907,351.624
1577,0.372333,1.04317,352.074
1578,-0.499392,-0.414624,352.081
1579,-0.0840486,1.07227,353.418
1580,-0.241506,-0.734067,353.661
1581,0.0622521,0.567285,353.916
1582,0.299059,0.329242,353.917
1583,0.602503,1.01843,354.09
1584,0.0148817,-0.353294,354.225
1585,0.21218,1.13078,355.069
1586,-0.370609,-0.896132,355.345
1587,0.510801,0.214963,355.433
1588,0.0295408,0.666468,355.838
1589,0.271694,0.442638,355.868
1590,-0.316485,0.925641,357.41
1591,0.929675,-0.0667445,358.403
1592,0.753976,1.27146,358.671
1593,-0.940148,-1.28326,358.789
1594,-0.516218,-0.92403,358.955
1595,0.0907878,-0.580343,359.406
1596,0.338921,0.251274,359.413
1597,0.326422,0.737503,359.582
1598,0.719828,0.313907,359.747
1599,0.534242,1.0833,360.048
1600,0.288889,-0.548777,360.75
1601,0.068597,0.903371,361.447
1602,-0.126283,-0.307144,361.48
1603,0.217777,1.13894,362.328
1604,0.322762,-0.908198,363.843
1605,0.212838,0.186929,363.844
1606,0.282307,0.678621,364.001
1607,0.490705,0.411341,364.008
1608,0.271723,0.966704,364.491
1609,-0.0491228,-0.184922,364.509
1610,1.57476,1.24214,364.62
1611,-1.01129,-1.21554,364.661
1612,-0.347806,-0.695919,364.782
1613,0.194872,-0.0426868,364.839
1614,0.399503,0.788673,364.99
1615,0.814222,0.116386,365.477
1616,0.351276,1.21764,366.228
1617,-0.471113,-1.04078,366.552
1618,-0.144122,-0.151231,366.552
1619,0.410328,0.655746,366.613
1620,0.257402,0.352627,366.622
1621,0.307627,1.02264,367.133
1622,0.133783,-0.358321,367.375
1623,0.979962,1.12704,367.397
1624,-1.25515,-0.885805,367.533
1625,0.411685,0.239601,367.563
1626,0.587874,0.653886,367.567
1627,0.444924,0.473286,367.568
1628,-0.164035,0.882566,368.663
1629,0.884611,0.0514947,369.357
1630,0.642221,1.26106,369.74
1631,-0.805181,-1.21092,369.905
1632,-0.424836,-0.674553,369.967
1633,-0.0232855,-0.000306642,369.968
1634,0.671966,0.797634,369.984
1635,0.333016,0.1092,370.034
1636,1.06502,1.2226,370.059
1637,-0.113958,-1.05988,370.953
1638,-0.289084,-0.205895,370.96
1639,1.20677,0.622687,371.302
1640,0.369059,0.395397,371.302
1641,0.685468,0.967932,371.382
1642,0.299356,-0.19303,371.624
1643,0.929534,1.23821,371.72
1644,-1.38614,-1.20436,371.753
1645,-0.373249,-0.659196,371.835
1646,0.33134,0.030339,371.925
1647,0.249429,0.800953,372.229
1648,0.819411,0.110966,372.731
1649,0.397693,1.22305,373.412
1650,-0.475247,-1.06089,373.755
1651,-0.124559,-0.208772,373.762
1652,1.69296,0.620713,374.912
1653,0.176573,0.39797,374.961
1654,0.5522,0.964481,375.131
1655,0.352318,-0.182923,375.418
1656,0.930069,1.2425,375.515
1657,-1.37695,-1.2162,375.541
1658,-0.388525,-0.698061,375.637
1659,0.299953,-0.0470652,375.757
1660,0.236196,0.787481,376.061
1661,0.827773,0.117704,376.565
1662,0.319626,1.21685,377.37
1663,-0.467999,-1.0377,377.695
1664,-0.141686,-0.142483,377.695
1665,0.33189,0.660269,377.803
1666,0.225962,0.346917,377.817
1667,0.247917,1.02959,378.429
1668,0.116054,-0.379999,378.675
1669,0.984485,1.10672,378.69
1670,-1.1917,-0.828754,378.821
1671,0.563409,0.370448,378.858
1672,0.499473,0.559249,378.862
1673,0.444649,0.673271,378.914
1674,-0.23526,0.533164,379.505
1675,0.728365,0.804013,379.511
1676,0.0385573,0.254939,379.557
1677,0.1902,1.15021,380.479
1678,0.301451,-0.775703,381.639
1679,0.0526288,0.502662,381.842
1680,-0.365706,0.413552,382.449
1681,0.27835,0.911363,382.85
1682,0.28484,-0.0387498,382.954
1683,0.733296,1.27131,383.244
1684,0.0141883,-1.27433,384.904
1685,0.312806,-0.892106,386.356
1686,0.202487,-0.496495,386.845
1687,0.195095,0.387258,386.881
1688,0.327802,0.641095,386.98
1689,0.558352,0.540773,386.98
1690,0.515562,0.782919,387.051
1691,0.349609,0.304086,387.053
1692,1.4858,1.10542,387.198
1693,-0.173053,-0.61951,387.397
1694,0.0849471,0.794316,387.901
1695,0.0123478,-0.0691668,387.907
1696,0.481439,1.2316,388.47
1697,0.199662,-1.14431,390.276
1698,0.552381,-0.463759,391.309
1699,0.133916,0.355605,391.358
1700,0.225063,0.683836,391.569
1701,-0.109014,0.451997,391.883
1702,0.640455,0.919129,391.961
1703,0.745694,-0.047117,392.589
1704,0.842825,1.27263,392.774
1705,-0.217979,-1.28156,393.905
1706,-0.233057,-0.917562,394.374
1707,-0.00699179,-0.563155,394.683
1708,0.315576,0.28073,394.684
1709,0.241562,0.72072,394.914
1710,0.612728,0.357007,394.979
1711,0.554752,1.03778,395.213
1712,0.322404,-0.400683,395.736
1713,0.502156,1.08657,396.077
1714,-0.307569,-0.77309,396.294
1715,0.37627,0.489236,396.307
1716,0.143265,0.43298,396.391
1717,0.254526,0.88431,396.787
1718,-0.00287204,0.0350876,396.789
1719,0.401125,1.26357,397.532
1720,-0.323622,-1.22472,398.344
1721,0.306085,-0.72086,399.399
1722,0.16295,-0.0949122,399.466
1723,0.208682,0.77113,399.782
1724,0.34366,0.139028,399.824
1725,1.11369,1.20428,399.832
1726,-0.173452,-0.988695,400.497
1727,-0.171349,-0.00724069,400.524
1728,-0.225534,0.703318,401.386
1729,0.0212274,0.305309,401.467
1730,-0.0146949,1.0805,402.666
1731,0.0393991,-0.542869,403.005
1732,0.91532,0.911559,403.005
1733,0.0461162,-0.326176,403.144
1734,0.971665,1.12452,403.167
1735,0.0647234,-0.868217,404.038
1736,0.641174,0.282034,404.167
1737,0.270074,0.628174,404.295
1738,0.531152,0.532166,404.295
1739,0.0725048,0.791972,404.813
1740,0.247363,0.281543,404.814
1741,0.912401,1.12662,404.86
1742,-0.486398,-0.692514,404.902
1743,-0.0087348,0.66658,405.358
1744,-0.495577,0.170186,405.802
1745,0.611598,1.15943,406.102
1746,0.228562,-0.830918,407.224
1747,0.706352,0.381233,407.33
1748,-0.0185092,0.547251,407.65
1749,0.302152,0.695093,407.804
1750,0.121415,0.487759,407.939
1751,0.184982,0.875455,408.415
1752,0.238596,0.0733367,408.443
1753,0.173232,1.25511,409.613
1754,0.190612,-1.18341,411.501
1755,0.0582584,-0.584112,411.914
1756,-0.0921264,0.167316,411.981
1757,0.623388,0.785574,412.007
1758,0.458815,0.186218,412.082
1759,0.879659,1.18712,412.176
1760,0.177327,-0.917104,413.374
1761,-0.0303381,0.178625,413.418
1762,-0.544885,0.680199,414.918
1763,0.109764,0.405848,415.006
1764,0.482601,0.973462,415.247
1765,0.225858,-0.204925,415.433
1766,0.588756,1.23325,415.848
1767,-0.967984,-1.19073,415.898
1768,-0.256571,-0.615012,416.026
1769,0.235701,0.113245,416.041
1770,0.469086,0.797542,416.149
1771,0.796996,0.14347,416.576
1772,0.512093,1.21045,417.064
1773,-0.429565,-1.00821,417.399
1774,0.0321066,-0.0599453,417.407
1775,0.703972,0.692507,417.407
1776,0.355905,0.310625,417.409
1777,0.716996,1.07267,417.536
1778,0.390627,-0.517679,418.361
1779,0.948441,0.946613,418.361
1780,-0.308342,-0.40981,418.371
1781,1.08146,1.04886,418.372
1782,-0.328739,-0.663098,418.484
1783,0.596318,0.69908,418.494
1784,0.159212,0.116872,418.496
1785,0.62654,1.1906,418.814
1786,-0.184087,-0.949482,419.4
1787,0.396763,0.0950575,419.491
1788,-0.392942,0.702505,420.691
1789,0.0894741,0.337599,420.753
1790,0.524712,1.05119,421.03
1791,-0.12726,-0.44572,421.131
1792,0.875783,1.03722,421.157
1793,-0.422558,-0.639883,421.205
1794,0.389107,0.737936,421.326
1795,0.162315,0.0456647,421.34
1796,0.565669,1.21846,421.766
1797,-0.0710011,-1.06481,422.754
1798,0.204944,-0.221806,422.936
1799,0.10532,0.61168,423.192
1800,0.0406668,0.409644,423.328
1801,0.623311,0.948573,423.434
1802,0.355152,-0.136813,423.676
1803,0.262661,1.25837,424.668
1804,-1.30993,-1.25793,424.67
1805,-0.391599,-0.837819,424.869
1806,0.173378,-0.360096,425.154
1807,0.201762,0.567118,425.288
1808,0.738015,0.4417,425.375
1809,0.487106,0.896997,425.543
1810,-0.108264,0.0060643,425.556
1811,0.266627,1.26905,426.561
1812,-0.167474,-1.25286,427.739
1813,0.47817,-0.816791,429.416
1814,-0.331396,-0.309864,429.417
1815,0.451376,0.62054,429.445
1816,0.268655,0.367942,429.455
1817,0.982308,0.996628,429.455
1818,0.0191186,-0.280192,429.545
1819,0.242087,1.18908,430.442
1820,-0.431235,-1.06353,430.842
1821,0.10126,-0.226802,430.949
1822,0.476668,0.608927,430.967
1823,0.497179,0.41285,430.974
1824,0.354161,0.944055,431.322
1825,0.26932,-0.123881,431.476
1826,1.15759,1.26173,431.487
1827,-1.25012,-1.26592,431.488
1828,-0.251932,-0.865045,431.863
1829,0.145999,-0.427399,432.192
1830,0.203381,0.484748,432.271
1831,0.682766,0.542807,432.291
1832,0.645372,0.73293,432.299
1833,0.0282629,0.410782,432.445
1834,0.309768,0.98364,432.899
1835,0.916465,-0.231333,434.216
1836,-0.328116,1.22017,436.614
1837,-0.51386,-1.15374,437.023
1838,0.0801071,-0.497527,437.357
1839,0.234531,0.30733,437.362
1840,0.516965,0.718509,437.403
1841,0.753244,0.369441,437.55
1842,0.594937,1.02447,437.735
1843,-0.0806585,-0.358526,437.812
1844,0.789024,1.12738,437.926
1845,0.562753,-0.88695,440.028
1846,0.215805,0.236863,440.028
1847,-0.0530169,0.65537,440.53
1848,0.38513,0.469746,440.537
1849,0.0984484,0.887685,441.16
1850,0.85936,0.037745,441.835
1851,0.657724,1.26431,442.203
1852,-0.823108,-1.22655,442.366
1853,-0.44379,-0.726907,442.446
1854,-0.00483953,-0.107717,442.457
1855,0.629338,0.765684,442.475
1856,0.275122,0.146905,442.492
1857,1.127,1.19949,442.497
1858,-0.186027,-0.970221,443.112
1859,-0.164267,0.0419873,443.154
1860,-0.248014,0.706466,444.065
1861,-0.0121802,0.313865,444.172
1862,0.0641168,1.07402,445.192
1863,0.0470323,-0.520779,445.514
1864,0.837243,0.942513,445.525
1865,0.0242203,-0.399896,445.705
1866,0.539092,1.05887,445.975
1867,-0.17459,-0.689659,446.241
1868,0.512009,0.651781,446.26
1869,0.181238,0.198357,446.26
1870,0.614353,1.14045,446.537
1871,-0.216978,-0.761371,446.833
1872,0.488912,0.530576,446.835
1873,-0.645927,0.377474,447.883
1874,0.338859,0.959692,448.268
1875,0.108363,-0.17617,448.349
1876,0.511537,1.24446,448.886
1877,0.264986,-1.22099,451.094
1878,0.349338,-0.713822,452.225
1879,0.0467278,-0.0796567,452.241
1880,0.465601,0.77697,452.338
1881,0.778123,0.130947,452.756
1882,0.279469,1.20908,453.621
1883,-0.44264,-1.00736,453.939
1884,-0.118091,-0.0579497,453.943
1885,-0.0947182,0.693091,454.564
1886,0.0588421,0.310089,454.627
1887,-0.0365724,1.07331,455.859
1888,0.0391659,-0.519766,456.171
1889,0.970607,0.943774,456.172
1890,-0.316109,-0.402922,456.179
1891,1.0782,1.05585,456.18
1892,-0.312994,-0.681616,456.316
1893,0.602024,0.666313,456.32
1894,0.169387,0.173952,456.32
1895,0.620999,1.15753,456.608
1896,-0.208413,-0.823643,456.986
1897,0.459926,0.397517,456.99
1898,-0.577685,0.531679,458.221
1899,0.249651,0.723499,458.445
1900,0.151193,0.426672,458.521
1901,0.212584,0.962181,459.083
1902,0.219251,-0.168107,459.233
1903,0.218194,1.24909,460.296
1904,0.02012,-1.23475,461.871
1905,0.0492697,-0.75972,462.525
1906,0.260395,-0.178469,462.718
1907,0.421093,0.727492,462.812
1908,0.814967,0.205516,463.183
1909,0.293928,1.15912,463.932
1910,-0.388377,-0.819316,464.117
1911,0.00885841,0.407945,464.277
1912,0.061326,0.521218,464.488
1913,-0.47342,0.742048,465.965
1914,0.054297,0.385476,466.075
1915,0.394881,1.01459,466.459
1916,0.337716,-0.325497,466.899
1917,0.277786,1.15605,467.67
1918,-0.0666206,-0.968676,468.484
1919,0.0491405,0.0331481,468.484
1920,0.336895,0.707859,468.622
1921,0.666167,0.308455,468.75
1922,0.251909,1.07916,469.434
1923,0.613685,-0.537872,470.76
1924,1.34831,0.918718,470.945
1925,-0.253386,-0.343022,470.953
1926,0.505961,1.11089,471.319
1927,-0.145298,-0.8306,471.788
1928,0.544959,0.367411,471.82
1929,0.247056,0.561833,471.919
1930,0.549434,0.668304,471.933
1931,-0.0727042,0.543267,472.313
1932,0.519114,0.787296,472.385
1933,0.194462,0.29521,472.395
1934,0.151661,1.11418,473.321
1935,0.330603,-0.649393,474.281
1936,0.0316442,0.743858,474.789
1937,-0.409079,0.0305282,474.982
1938,0.182726,1.22185,476.062
1939,0.217002,-1.08093,477.746
1940,0.60718,-0.269232,478.515
1941,0.0632899,0.57424,478.776
1942,0.122491,0.457579,478.888
1943,0.560592,0.879142,478.989
1944,0.506745,0.0552264,479.193
1945,0.122954,1.25947,480.485
1946,-0.887551,-1.20421,480.585
1947,-0.286625,-0.652336,480.719
1948,-0.112882,0.0429774,480.743
1949,0.586167,0.801713,480.79
1950,0.442062,0.113051,480.898
1951,1.05148,1.22262,480.927
1952,-0.060828,-1.05881,481.923
1953,-0.278993,-0.202719,481.929
1954,1.70368,0.624825,483.093
1955,0.0941798,0.392616,483.182
1956,0.470507,0.971641,483.433
1957,0.366738,-0.203936,483.759
1958,0.939995,1.23327,483.845
1959,-1.3885,-1.19051,483.884
1960,-0.354131,-0.614245,483.952
1961,0.36607,0.114633,484.015
1962,0.265271,0.79733,484.298
1963,0.798203,0.144362,484.725
1964,0.490842,1.21002,485.243
1965,-0.433786,-1.00651,485.571
1966,0.0358195,-0.0552729,485.579
1967,0.666688,0.693771,485.58
1968,0.360194,0.309573,485.582
1969,0.722955,1.07396,485.705
1970,0.388018,-0.521878,486.533
1971,0.943514,0.940889,486.533
1972,-0.261059,-0.395944,486.552
1973,1.0808,1.06279,486.552
1974,-0.288459,-0.700105,486.721
1975,0.60835,0.63263,486.722
1976,0.179611,0.229659,486.724
1977,0.614649,1.11595,486.976
1978,-0.225353,-0.67458,487.178
1979,0.527239,0.697704,487.207
1980,-0.720404,0.116119,487.906
1981,0.447016,1.19043,488.459
1982,0.156978,-0.949151,489.683
1983,0.784123,0.0958883,490.156
1984,0.721575,0.702382,490.157
1985,0.215773,0.338089,490.172
1986,0.516769,1.05069,490.457
1987,-0.138657,-0.444099,490.55
1988,0.87596,1.03909,490.577
1989,-0.430465,-0.64483,490.623
1990,0.390357,0.7296,490.738
1991,0.172237,0.0613085,490.75
1992,0.5699,1.21362,491.164
1993,-0.0744821,-1.04362,492.104
1994,0.195457,-0.160722,492.23
1995,0.0683581,0.650749,492.57
1996,0.0149034,0.35892,492.688
1997,0.69031,1.01487,492.793
1998,0.12667,-0.334275,493.006
1999,0.482584,1.14803,493.449
2000,-1.30983,-0.945431,493.581
2001,0.256678,0.0930332,493.608
2002,0.637216,0.704254,493.613
2003,0.438268,0.333548,493.624
2004,-0.0363191,1.05552,494.816
2005,0.742786,-0.459709,496.262
2006,1.21717,1.02079,496.3
2007,-0.576759,-0.596733,496.301
2008,0.308757,0.80771,496.55
2009,0.131696,-0.0923745,496.6
2010,0.535502,1.23037,497.083
2011,-0.0318193,-1.14704,498.326
2012,0.320638,-0.472858,498.956
2013,0.407361,0.342857,498.96
2014,0.49035,0.693572,499.001
2015,0.145272,0.429399,499.082
2016,0.76513,0.949935,499.116
2017,0.622462,-0.134508,499.689
2018,0.824323,1.25965,499.879
2019,-0.00716581,-1.26176,501.453
2020,-0.169701,-0.850966,501.917
2021,-0.0506427,-0.392329,502.034
2022,0.214369,0.52922,502.133
2023,0.698709,0.490199,502.176
2024,0.538529,0.822353,502.257
2025,-0.0728006,0.200289,502.331
2026,0.293781,1.19054,503.136
2027,0.306327,-0.924267,504.65
2028,0.103337,0.161186,504.653
2029,-0.726861,0.686347,506.651
2030,0.645272,0.388855,506.716
2031,0.592923,0.994212,506.877
2032,0.210042,-0.267185,507.105
2033,0.629053,1.19832,507.429
2034,-0.889858,-1.09052,507.469
2035,0.00236046,-0.305423,507.564
2036,0.355632,0.542249,507.599
2037,0.650479,0.496726,507.623
2038,0.52481,0.817243,507.708
2039,0.328204,0.213977,507.721
2040,0.827113,1.18107,507.846
2041,-0.418169,-0.888711,508.068
2042,-0.221055,0.248591,508.288
2043,-0.544638,0.64687,509.708
2044,0.677234,0.488759,509.744
2045,0.520571,0.859621,509.859
2046,0.332312,0.1121,509.907
2047,0.480693,1.24029,510.484
2048,-0.811089,-1.12003,510.579
2049,-0.390934,-0.384163,510.58
2050,-0.111855,0.457377,510.904
2051,0.80735,0.59188,510.95
2052,0.58637,0.646763,510.954
2053,0.632205,0.591941,510.955
2054,0.880145,0.703478,510.986
2055,0.459781,0.484749,510.987
2056,0.496357,0.882069,511.136
2057,0.104015,0.0561604,511.138
2058,0.0781363,1.26021,512.535
2059,-0.16424,-1.20652,513.622
2060,0.0729964,-0.659891,514.159
2061,-0.0174114,0.0284074,514.161
2062,0.72484,0.800903,514.167
2063,0.383002,0.110498,514.241
2064,1.01897,1.22318,514.283
2065,-0.0798846,-1.06148,515.246
2066,-0.293598,-0.210475,515.253
2067,1.62219,0.619537,516.258
2068,0.182422,0.399501,516.306
2069,0.564702,0.962419,516.464
2070,0.351344,-0.176901,516.743
2071,0.92713,1.24491,516.844
2072,-1.37244,-1.22281,516.866
2073,-0.39558,-0.719882,516.971
2074,0.281749,-0.0923649,517.111
2075,0.229109,0.772091,517.406
2076,0.82762,0.137715,517.882
2077,0.286878,1.20508,518.725
2078,-0.446134,-0.991776,519.023
2079,-0.107253,-0.0155451,519.031
2080,-0.174073,0.702129,519.799
2081,0.0334727,0.305158,519.873
2082,-0.0254826,1.08027,521.096
2083,0.0380102,-0.542226,521.432
2084,0.926327,0.912467,521.432
2085,0.010889,-0.328303,521.548
2086,1.01251,1.12284,521.56
2087,0.0521778,-0.863581,522.398
2088,0.649326,0.292773,522.525
2089,0.268468,0.620923,522.65
2090,0.534152,0.548068,522.65
2091,0.0522042,0.765748,523.159
2092,0.284247,0.343503,523.163
2093,0.824353,1.06453,523.22
2094,-0.388422,-0.48347,523.229
2095,0.104194,0.992119,524.018
2096,-0.601454,-0.523062,524.024
2097,0.417529,0.914604,524.271
2098,0.255205,-0.328019,524.611
2099,0.523575,1.12375,524.971
2100,0.116969,-0.866333,525.938
2101,0.516775,0.286377,525.991
2102,0.538669,0.625284,525.999
2103,0.29475,0.538542,526.058
2104,-0.0452082,0.781547,526.742
2105,0.327378,0.30642,526.742
2106,0.859075,1.10301,526.802
2107,-0.445766,-0.611367,526.829
2108,0.037514,0.807626,527.422
2109,-0.543312,-0.0965741,527.622
2110,0.532988,1.22923,528.106
2111,0.216327,-1.14438,529.958
2112,0.540676,-0.46469,530.969
2113,0.151462,0.354374,531.01
2114,0.264192,0.68478,531.187
2115,0.0283541,0.449819,531.364
2116,0.81685,0.922162,531.376
2117,0.612174,-0.0555892,531.821
2118,0.846629,1.27232,532.003
2119,-0.204545,-1.283,533.166
2120,-0.230557,-0.922836,533.645
2121,-0.0112568,-0.577178,533.965
2122,0.297841,0.256761,533.967
2123,0.274375,0.73455,534.179
2124,0.64818,0.321639,534.285
2125,0.561973,1.07553,534.549
2126,0.303448,-0.522987,535.232
2127,0.151809,0.939738,535.853
2128,-0.15528,-0.393246,535.909
2129,0.259175,1.06542,536.56
2130,0.309564,-0.707147,537.593
2131,0.17322,0.619547,537.792
2132,0.224915,0.250481,537.793
2133,0.594483,1.09803,538.047
2134,-0.230685,-0.612784,538.193
2135,0.55232,0.803703,538.256
2136,-0.760698,-0.0881483,538.708
2137,0.504715,1.23023,539.235
2138,0.201058,-1.14531,541.047
2139,0.682801,-0.467346,542.37
2140,0.837554,0.350632,542.607
2141,0.305128,0.687677,542.754
2142,-0.0156497,0.44313,542.964
2143,0.788327,0.931393,542.984
2144,0.673479,-0.08155,543.555
2145,0.83506,1.27011,543.744
2146,-0.143259,-1.28291,545.043
2147,-0.218763,-0.923156,545.539
2148,-0.0243765,-0.577975,545.845
2149,0.252718,0.255376,545.845
2150,0.403274,0.735304,545.955
2151,0.819015,0.319672,546.205
2152,0.443999,1.07753,546.606
2153,0.283357,-0.529583,547.267
2154,0.128437,0.930616,547.911
2155,-0.147132,-0.37134,547.961
2156,0.24899,1.08613,548.662
2157,0.313833,-0.762964,549.821
2158,0.180938,0.510881,549.93
2159,0.241074,0.405712,549.957
2160,0.569855,0.922821,550.082
2161,-0.217651,-0.0705258,550.103
2162,0.69263,1.26988,550.437
2163,-0.718921,-1.2788,550.75
2164,0.363834,-0.908502,552.369
2165,0.121731,-0.539168,552.806
2166,0.264073,0.320466,552.809
2167,0.450188,0.694472,552.868
2168,0.702496,0.420933,552.948
2169,0.510097,0.960283,553.15
2170,0.299397,-0.164721,553.366
2171,1.01001,1.2501,553.423
2172,-0.468444,-1.23726,554.015
2173,0.184363,-0.768113,554.922
2174,-0.194927,-0.197175,554.922
2175,0.205711,0.715137,555.181
2176,0.802603,0.224858,555.515
2177,0.294017,1.14376,556.237
2178,-0.3643,-0.763989,556.397
2179,0.0394399,0.525975,556.634
2180,0.0940445,0.383493,556.717
2181,-0.364341,0.951899,558.45
2182,-0.0367841,-0.153507,558.463
2183,0.66939,1.25258,558.804
2184,0.385237,-1.24259,561.453
2185,0.351481,-0.785864,562.747
2186,0.0706385,-0.237392,562.842
2187,0.422174,0.685344,562.911
2188,0.769384,0.271208,563.159
2189,0.308707,1.10263,563.79
2190,-0.282589,-0.620741,563.904
2191,0.106974,0.791341,564.372
2192,-0.0280915,-0.0629312,564.374
2193,0.0325328,1.23186,565.812
2194,0.361307,-1.14334,568.076
2195,0.713788,-0.460568,569.455
2196,0.619922,0.360025,569.523
2197,0.236807,0.680364,569.719
2198,-0.108197,0.459954,570.042
2199,0.590417,0.907928,570.143
2200,0.740273,-0.0160802,570.715
2201,0.852039,1.27202,570.891
2202,-0.278255,-1.27006,571.875
2203,-0.232598,-0.876669,572.29
2204,0.00750345,-0.456985,572.506
2205,0.38999,0.44463,572.509
2206,0.175004,0.586131,572.678
2207,0.736322,0.65242,572.685
2208,0.30561,0.579926,572.76
2209,0.371402,0.724886,572.885
2210,1.329,0.438334,573.678
2211,-0.224251,0.948474,575.053
2212,0.2529,-0.127944,575.198
2213,0.121583,1.26162,576.498
2214,-0.236569,-1.26676,577.559
2215,0.0889675,-0.868062,578.475
2216,0.204707,-0.434972,578.885
2217,0.492606,0.4747,578.885
2218,0.640733,0.554032,578.892
2219,0.619098,0.712678,578.901
2220,-0.00031173,0.455135,579.109
2221,0.316334,0.923796,579.478
2222,1.03788,-0.0582177,580.679
2223,-0.336721,1.27239,583.268
2224,-0.319934,-1.28405,584.198
2225,0.0474136,-0.926564,585.146
2226,0.0979575,-0.587142,585.616
2227,0.512262,0.239401,585.69
2228,0.279445,0.74362,585.906
2229,0.661197,0.297662,586.038
2230,0.557179,1.09904,586.331
2231,0.295242,-0.601753,587.136
2232,-0.107728,0.822763,588.002
2233,-0.0797835,-0.128241,588.004
2234,0.126532,1.2238,589.208
2235,0.320103,-1.13525,591.326
2236,0.363291,-0.437168,591.967
2237,0.339734,0.391862,591.97
2238,0.321524,0.653871,592.08
2239,0.353859,0.518993,592.107
2240,0.496932,0.819066,592.211
2241,0.367437,0.216481,592.234
2242,0.891533,1.18011,592.317
2243,-0.417395,-0.884781,592.536
2244,0.114765,0.258061,592.556
2245,0.0316444,0.641332,592.928
2246,0.61766,0.501589,592.941
2247,0.402601,0.840171,593.133
2248,0.336397,0.162234,593.163
2249,0.460111,1.2152,593.733
2250,-0.739278,-1.01874,593.812
2251,-0.303122,-0.0883928,593.858
2252,-0.205907,0.68344,594.649
2253,0.843144,0.319555,594.923
2254,0.616834,1.06207,595.121
2255,0.243973,-0.483325,595.65
2256,0.982726,0.991577,595.65
2257,-0.590659,-0.521512,595.655
2258,1.05924,0.916708,595.675
2259,-0.345201,-0.332948,595.675
2260,0.508617,1.11982,596.049
2261,-0.0146109,-0.855468,596.756
2262,0.55062,0.31139,596.813
2263,0.539658,0.60761,596.818
2264,0.29033,0.576551,596.9
2265,-0.0835594,0.716908,597.54
2266,0.40988,0.453425,597.542
2267,0.650768,0.927241,597.619
2268,-0.220586,-0.0676582,597.642
2269,0.279296,1.27176,598.627
2270,-0.646063,-1.28463,599.035
2271,0.147884,-0.928866,600.194
2272,0.157255,-0.593298,600.758
2273,0.547637,0.228537,600.859
2274,0.314904,0.74889,601.048
2275,0.725795,0.283391,601.243
2276,0.527905,1.11223,601.585
2277,0.281964,-0.646868,602.448
2278,-0.270502,0.747856,603.485
2279,-0.0598325,0.0229347,603.492
2280,0.0556687,1.22362,604.856
2281,0.290905,-1.08927,606.76
2282,0.523317,-0.294013,607.429
2283,0.329429,0.552199,607.478
2284,0.129279,0.484903,607.605
2285,0.497844,0.836476,607.719
2286,0.592611,0.165901,607.901
2287,0.0918683,1.21241,609.157
2288,-0.565641,-1.00814,609.353
2289,-0.289003,-0.0591738,609.406
2290,-0.38313,0.692655,610.563
2291,0.73961,0.310569,610.747
2292,0.716611,1.07276,610.874
2293,0.232774,-0.517974,611.437
2294,0.950517,0.946213,611.437
2295,-0.270685,-0.408838,611.457
2296,1.08435,1.04986,611.458
2297,-0.321677,-0.665727,611.576
2298,0.597649,0.694488,611.586
2299,0.160695,0.125043,611.587
2300,0.625798,1.18646,611.901
2301,-0.187957,-0.933236,612.457
2302,0.405276,0.136635,612.529
2303,-0.421071,0.693892,613.772
2304,0.105163,0.366909,613.84
2305,0.464457,1.0197,614.149
2306,-0.100142,-0.345621,614.209
2307,0.811869,1.13867,614.316
2308,-0.789565,-0.918895,614.332
2309,0.295951,0.159487,614.351
2310,0.454281,0.688721,614.406
2311,0.75247,0.383775,614.542
2312,0.0464524,1.00042,615.452
2313,0.835261,-0.286042,616.709
2314,0.985286,1.18558,616.749
2315,-0.958304,-1.05364,616.759
2316,0.0130051,-0.19856,616.803
2317,0.367325,0.62871,616.872
2318,0.672401,0.387045,616.953
2319,0.404551,0.978888,617.283
2320,0.253659,-0.225398,617.512
2321,1.24588,1.22254,617.513
2322,-1.35175,-1.16007,617.55
2323,-0.146609,-0.517296,617.687
2324,0.435991,0.277347,617.712
2325,0.299109,0.737122,617.904
2326,0.720726,0.322517,618.063
2327,0.591986,1.07551,618.297
2328,-0.178131,-0.522663,618.415
2329,0.679453,0.940206,618.483
2330,0.63309,-0.394381,619.539
2331,0.290914,1.06431,620.137
2332,0.0920998,-0.704175,620.771
2333,0.201728,0.625085,620.95
2334,0.224827,0.241723,620.951
2335,0.594355,1.10572,621.212
2336,-0.229126,-0.639157,621.38
2337,0.541601,0.759787,621.428
2338,-0.74486,6.5467e-05,621.983
2339,0.482354,1.22794,622.539
2340,0.184813,-1.11094,624.218
2341,0.756394,-0.359478,625.463
2342,0.832186,0.485805,625.583
2343,0.166582,0.561748,625.739
2344,0.281196,0.703956,625.918
2345,0.69524,0.474748,625.966
2346,0.165834,0.895646,626.499
2347,0.332851,0.0193692,626.597
2348,0.379279,1.26817,627.387
2349,-0.651493,-1.24574,627.74
2350,0.0521819,-0.792171,628.453
2351,-0.00522357,-0.252271,628.514
2352,0.647925,0.673252,628.515
2353,0.237081,0.289744,628.518
2354,1.07802,1.08444,628.518
2355,-0.128906,-0.559502,628.703
2356,0.125579,0.887073,629.283
2357,-0.124453,-0.26951,629.304
2358,0.062476,1.16443,630.518
2359,0.63555,-0.979117,633.126
2360,0.505713,0.00719233,633.374
2361,0.439809,0.706193,633.445
2362,0.480768,0.303967,633.476
2363,0.692831,1.0825,633.628
2364,-0.114258,-0.54935,633.818
2365,1.86717,0.902251,634.749
2366,-0.176754,-0.304485,634.765
2367,0.778706,1.14088,634.896
2368,0.0146707,-0.913595,635.758
2369,0.626039,0.173746,635.962
2370,0.291992,0.683659,636.116
2371,0.505325,0.397779,636.127
2372,0.302488,0.983579,636.591
2373,-0.0793745,-0.235065,636.615
2374,1.64302,1.21772,636.796
2375,-1.00042,-1.14648,636.818
2376,-0.182559,-0.474884,636.903
2377,0.273743,0.340334,636.908
2378,0.539394,0.695377,636.932
2379,0.699695,0.425132,637.007
2380,0.580321,0.955582,637.148
2381,0.00430398,-0.150851,637.172
2382,0.872288,1.25482,637.318
2383,0.0213447,-1.24964,638.934
2384,-0.144323,-0.809809,639.377
2385,-0.0583498,-0.292999,639.432
2386,0.217918,0.636869,639.607
2387,0.767956,0.344257,639.787
2388,0.364445,1.02514,640.223
2389,-0.240477,-0.368009,640.24
2390,0.188254,1.11794,641.104
2391,-0.384162,-0.860109,641.33
2392,0.0102753,0.299679,641.414
2393,0.750255,0.616237,641.432
2394,0.424343,0.558257,641.45
2395,-0.230039,0.74856,642.408
2396,0.86048,0.382998,642.636
2397,0.357477,1.01921,643.074
2398,-0.289729,-0.339391,643.076
2399,0.17231,1.1445,644.021
2400,-0.643955,-0.935651,644.106
2401,0.306132,0.11773,644.142
2402,0.298023,0.6999,644.303
2403,0.63825,0.349515,644.387
2404,0.165253,1.03895,645.15
2405,0.774224,-0.406316,646.544
2406,1.12925,1.08055,646.546
2407,-0.744804,-0.756529,646.546
2408,0.349957,0.522896,646.576
2409,0.384984,0.390253,646.576
2410,0.667657,0.943652,646.652
2411,-0.107071,-0.129596,646.653
2412,0.340539,1.25958,647.498
2413,-0.370966,-1.26005,648.288
2414,0.392463,-0.844929,649.819
2415,0.0550282,-0.377481,650.006
2416,0.37763,0.547033,650.035
2417,0.713084,0.467813,650.095
2418,0.562732,0.857721,650.182
2419,-0.0437173,0.110384,650.206
2420,0.279291,1.24026,651.129
2421,0.0661311,-1.12042,652.537
2422,0.334722,-0.385398,653.056
2423,-0.562334,0.45593,654.093
2424,0.657862,0.59336,654.097
2425,0.679997,0.643872,654.098
2426,0.659799,0.597608,654.102
2427,0.867305,0.693173,654.132
2428,0.464492,0.506598,654.134
2429,0.487871,0.848653,654.264
2430,0.141263,0.143682,654.264
2431,0.0772285,1.22569,655.583
2432,-0.141757,-1.06015,656.427
2433,0.058592,-0.205777,656.497
2434,-0.134474,0.622673,657.07
2435,0.630542,0.395456,657.125
2436,0.647337,0.967862,657.228
2437,0.405953,-0.192823,657.586
2438,1.07007,1.23831,657.615
2439,-1.34327,-1.20461,657.634
2440,-0.383548,-0.660019,657.71
2441,0.330491,0.0287418,657.801
2442,0.249074,0.800838,658.106
2443,0.819702,0.110745,658.608
2444,0.39593,1.22308,659.293
2445,-0.475512,-1.06107,659.635
2446,-0.126086,-0.209306,659.642
2447,1.67898,0.620345,660.763
2448,0.187927,0.398449,660.807
2449,0.563328,0.963837,660.968
2450,0.350501,-0.181041,661.25
2451,0.92908,1.24327,661.349
2452,-1.37567,-1.2183,661.374
2453,-0.39084,-0.70499,661.473
2454,0.294221,-0.0613061,661.599
2455,0.233913,0.783241,661.901
2456,0.828134,0.122755,662.398
2457,0.307974,1.21388,663.219
2458,-0.462443,-1.02607,663.537
2459,-0.133774,-0.109777,663.537
2460,0.108267,0.675309,663.859
2461,0.132595,0.328609,663.897
2462,0.0766043,1.05142,664.847
2463,0.0686179,-0.449081,665.115
2464,0.991621,1.03308,665.117
2465,-0.88243,-0.628883,665.181
2466,0.962612,0.756233,665.224
2467,-0.0591568,0.0106907,665.229
2468,0.457191,1.22671,665.821
2469,-0.167486,-1.10354,666.697
2470,0.239913,-0.336899,667.03
2471,0.18847,0.510037,667.133
2472,0.134855,0.534737,667.293
2473,0.348436,0.75269,667.457
2474,0.725582,0.367261,667.585
2475,0.0988021,1.03697,668.465
2476,0.0362212,-0.395263,668.651
2477,0.0335411,1.09237,669.772
2478,-0.926246,-0.789149,669.791
2479,0.19728,0.455851,669.858
2480,0.220922,0.472336,669.921
2481,0.645194,0.824414,669.953
2482,0.0210891,0.190179,669.982
2483,0.463519,1.19669,670.52
2484,-0.244596,-0.947837,671.014
2485,0.272524,0.101254,671.043
2486,-0.0215809,0.701296,671.566
2487,0.244322,0.341835,671.576
2488,0.619105,1.0468,671.758
2489,0.19649,-0.431548,672.153
2490,0.722155,1.05331,672.263
2491,-0.383574,-0.682717,672.352
2492,0.425959,0.66345,672.408
2493,0.236702,0.178953,672.412
2494,0.602629,1.1542,672.716
2495,-0.0972714,-0.811365,673.226
2496,0.162751,0.424621,673.295
2497,-0.190548,0.504166,673.777
2498,0.199581,0.77153,674.104
2499,0.143604,0.317888,674.135
2500,0.267087,1.08999,674.812
2501,0.196196,-0.567929,675.396
2502,0.249264,0.875435,675.788
2503,-0.13128,-0.24332,675.8
2504,0.0981438,1.17974,676.97
2505,0.271147,-1.02151,678.641
2506,0.601098,-0.106954,679.143
2507,0.228686,0.677532,679.344
2508,0.411571,0.325245,679.351
2509,0.910837,1.05516,679.372
2510,0.0741584,-0.46114,679.659
2511,1.47649,1.01884,679.868
2512,-0.865521,-0.591586,679.943
2513,1.06792,0.815687,680.007
2514,-0.124497,-0.10896,680.007
2515,0.467211,1.22808,680.586
2516,-0.119559,-1.14416,681.636
2517,0.345047,-0.464311,682.291
2518,0.438274,0.354935,682.298
2519,0.528257,0.684337,682.322
2520,0.296113,0.450837,682.346
2521,0.730347,0.920746,682.382
2522,0.479658,-0.0516306,682.665
2523,0.862737,1.27249,682.833
2524,-0.214435,-1.28242,683.973
2525,-0.231371,-0.920688,684.448
2526,-0.00933188,-0.571458,684.764
2527,0.306007,0.266603,684.766
2528,0.258356,0.729055,684.987
2529,0.628617,0.335852,685.073
2530,0.561916,1.0608,685.322
2531,0.311829,-0.474663,685.941
2532,0.29776,1.00281,686.438
2533,-0.214846,-0.550288,686.55
2534,0.323679,0.8769,686.856
2535,0.261,-0.241621,687.109
2536,0.164769,1.18134,688.142
2537,0.0937915,-1.02627,689.397
2538,0.457287,-0.120109,689.73
2539,0.572406,0.671924,689.74
2540,0.46241,0.331893,689.757
2541,0.863735,1.04736,689.791
2542,0.12038,-0.436188,690.101
2543,1.42798,1.04785,690.245
2544,-0.979568,-0.668028,690.342
2545,0.975512,0.689587,690.424
2546,0.11852,0.133849,690.424
2547,0.447242,1.18179,690.964
2548,-0.210647,-0.915139,691.46
2549,0.18089,0.182068,691.46
2550,-0.0979828,0.67905,692.064
2551,0.058717,0.409067,692.187
2552,0.406864,0.969445,692.503
2553,-0.0632602,-0.193032,692.52
2554,0.713877,1.23867,692.795
2555,-1.03767,-1.20593,692.824
2556,-0.310579,-0.66436,692.949
2557,0.214221,0.0202974,692.986
2558,0.434006,0.800115,693.12
2559,0.812183,0.109831,693.614
2560,0.413956,1.22315,694.269
2561,-0.475369,-1.06157,694.612
2562,-0.133515,-0.210767,694.618
2563,1.58658,0.619336,695.554
2564,0.250777,0.399761,695.576
2565,0.619727,0.962068,695.693
2566,0.339685,-0.175877,695.959
2567,0.925775,1.24531,696.061
2568,-1.37225,-1.22389,696.083
2569,-0.396509,-0.723491,696.19
2570,0.278698,-0.0999843,696.333
2571,0.227971,0.768957,696.626
2572,0.827218,0.142192,697.095
2573,0.282725,1.20238,697.941
2574,-0.441286,-0.981351,698.233
2575,-0.0990652,0.012445,698.245
2576,-0.198647,0.705378,699.062
2577,0.0182157,0.307152,699.146
2578,0.0111066,1.07953,700.287
2579,0.0416712,-0.539405,700.625
2580,0.886313,0.916519,700.626
2581,0.0850306,-0.337833,700.805
2582,0.823036,1.11517,700.89
2583,-0.00475085,-0.842404,701.592
2584,0.599853,0.34105,701.659
2585,0.254464,0.584438,701.768
2586,0.544231,0.62412,701.774
2587,-0.0320314,0.629995,702.212
2588,0.442864,0.631584,702.248
2589,0.416491,0.630541,702.294
2590,0.00826211,0.632861,702.684
2591,0.425871,0.628445,702.725
2592,-0.305247,0.636938,703.613
2593,-0.282409,0.620567,704.428
2594,-0.119271,0.651936,705.023
2595,-0.24643,0.591141,705.724
2596,-0.248792,0.706355,706.637
2597,-0.268036,0.47883,707.194
2598,-0.23423,0.890917,708.46
2599,-0.296776,0.0324219,708.569
2600,-0.170675,1.2658,710.632
2601,-0.36327,-1.23344,711.389
2602,-0.00577725,-0.750167,711.944
2603,0.0182302,-0.157881,711.975
2604,0.711417,0.740053,711.975
2605,0.280353,0.185886,711.984
2606,1.11712,1.17364,711.987
2607,-0.19601,-0.872639,712.445
2608,-0.0716809,0.285993,712.573
2609,-0.0487867,0.6237,713.025
2610,-0.410472,0.541196,713.931
2611,0.201863,0.777059,714.262
2612,0.166949,0.317009,714.284
2613,0.419747,1.09243,714.737
2614,-0.477586,-0.575648,714.747
2615,-0.00100248,0.863809,715.495
2616,-0.529617,-0.217326,715.592
2617,0.503086,1.19302,716.068
2618,0.223412,-1.05781,717.71
2619,0.495258,-0.208648,718.205
2620,0.200765,0.621709,718.382
2621,0.387804,0.396275,718.382
2622,1.00891,0.966665,718.384
2623,0.0282824,-0.189336,718.431
2624,1.02827,1.23981,718.476
2625,-1.28527,-1.20879,718.482
2626,-0.243088,-0.673694,718.667
2627,0.321323,0.00195426,718.769
2628,0.244932,0.797886,719.075
2629,0.823619,0.109314,719.585
2630,0.366831,1.22264,720.318
2631,-0.477274,-1.05998,720.657
2632,-0.14387,-0.206194,720.661
2633,1.29751,0.622483,721.117
2634,0.366632,0.395662,721.118
2635,0.686662,0.967577,721.197
2636,0.304251,-0.191988,721.443
2637,0.929731,1.23867,721.538
2638,-1.38532,-1.20562,721.571
2639,-0.374972,-0.663329,721.654
2640,0.328063,0.022307,721.747
2641,0.247994,0.800305,722.052
2642,0.820776,0.110009,722.558
2643,0.388824,1.22315,723.254
2644,-0.476397,-1.06153,723.596
2645,-0.131695,-0.21063,723.602
2646,1.61123,0.619431,724.586
2647,0.235649,0.399638,724.613
2648,0.607004,0.962235,724.739
2649,0.342485,-0.176362,725.008
2650,0.926257,1.24513,725.11
2651,-1.37249,-1.22338,725.132
2652,-0.396038,-0.721787,725.238
2653,0.280142,-0.0963806,725.38
2654,0.228508,0.770459,725.674
2655,0.827422,0.140036,726.146
2656,0.284635,1.20368,726.991
2657,-0.443619,-0.986386,727.285
2658,-0.103012,-0.00103413,727.296
2659,-0.189085,0.704083,728.094
2660,0.0259587,0.305664,728.172
2661,-0.00849065,1.08042,729.358
2662,0.0396947,-0.542537,729.697
2663,0.906502,0.912041,729.697
2664,0.0653111,-0.327308,729.851
2665,0.932367,1.12363,729.887
2666,0.0561154,-0.865754,730.737
2667,0.631254,0.287747,730.855
2668,0.268031,0.624356,730.982
2669,0.532162,0.540576,730.982
2670,0.0616294,0.778196,731.496
2671,0.26697,0.314348,731.498
2672,0.865768,1.09512,731.551
2673,-0.434343,-0.584694,731.573
2674,0.0519257,0.849921,732.21
2675,-0.557119,-0.186721,732.347
2676,0.507828,1.20617,732.835
2677,0.220327,-1.09279,734.559
2678,0.503644,-0.310006,735.221
2679,0.192348,0.537618,735.34
2680,0.363855,0.502351,735.36
2681,0.932089,0.807986,735.375
2682,-0.235667,0.236727,735.598
2683,0.612629,1.16394,735.902
2684,-0.310165,-0.825641,736.168
2685,-0.221227,0.394826,736.547
2686,-0.624784,0.534065,737.89
2687,0.62243,0.719132,737.9
2688,0.401998,0.436208,737.901
2689,0.615123,0.949352,738.012
2690,0.203753,-0.130914,738.124
2691,0.254724,1.26081,739.137
2692,0.0454823,-1.26478,740.853
2693,0.0514837,-0.861289,741.687
2694,0.220745,-0.417979,742.095
2695,0.404283,0.497024,742.103
2696,0.67376,0.52876,742.124
2697,0.583595,0.757686,742.154
2698,-0.0321759,0.354906,742.304
2699,0.309237,1.05096,742.854
2700,0.756472,-0.439865,744.286
2701,-0.268575,1.04442,746.01
2702,-0.689448,-0.659085,746.011
2703,0.198472,0.705174,746.267
2704,0.235133,0.106097,746.284
2705,0.610877,1.19579,746.626
2706,0.0390565,-0.97006,747.644
2707,0.141983,0.0413147,747.655
2708,-0.0367675,0.706592,748.207
2709,0.00919942,0.313413,748.3
2710,0.604759,1.07446,748.52
2711,-0.146843,-0.522224,748.661
2712,0.910308,0.940533,748.662
2713,-0.0468451,-0.39511,748.783
2714,0.525479,1.0636,749.073
2715,-0.173516,-0.702285,749.353
2716,0.514127,0.628595,749.366
2717,0.186948,0.236131,749.368
2718,0.609881,1.11052,749.619
2719,-0.227032,-0.655709,749.802
2720,0.535068,0.731219,749.841
2721,-0.733806,0.0547342,750.463
2722,0.466569,1.21517,751.023
2723,0.172322,-1.05088,752.519
2724,0.780424,-0.181531,753.445
2725,0.7938,0.638602,753.469
2726,0.147484,0.374604,753.52
2727,0.709311,0.995121,753.602
2728,0.164537,-0.273992,753.794
2729,0.385569,1.19344,754.447
2730,-1.37927,-1.0762,754.539
2731,-0.0948244,-0.263468,754.567
2732,0.577845,0.579958,754.567
2733,0.378204,0.450069,754.572
2734,0.409936,0.890401,754.803
2735,0.28518,0.0250813,754.871
2736,1.0121,1.26624,754.936
2737,-0.941395,-1.23718,755.023
2738,-0.202621,-0.763,755.337
2739,-0.0711049,-0.186191,755.35
2740,0.499409,0.722566,755.4
2741,0.316953,0.2132,755.411
2742,1.12761,1.15313,755.412
2743,-0.151513,-0.797645,755.829
2744,0.00157017,0.455207,756.035
2745,0.070242,0.470607,756.195
2746,-0.453326,0.826502,757.833
2747,0.00195789,0.184834,757.867
2748,0.506756,1.20012,758.347
2749,0.341296,-0.96096,760.043
2750,0.287951,0.067216,760.092
2751,0.0228361,0.705387,760.558
2752,0.241281,0.323566,760.565
2753,0.639028,1.06504,760.746
2754,0.189733,-0.490975,761.209
2755,0.773313,0.982034,761.253
2756,-0.0810364,-0.497441,761.426
2757,0.407957,0.948184,761.718
2758,-0.1262,-0.407907,761.798
2759,0.483287,1.05151,762.12
2760,0.0674671,-0.670321,762.665
2761,0.593392,0.686391,762.673
2762,0.424562,0.139318,762.755
2763,0.248339,1.17874,763.62
2764,-0.111536,-0.903416,764.247
2765,0.426859,0.210998,764.294
2766,-0.451207,0.666647,765.544
2767,0.137883,0.441114,765.636
2768,0.355859,0.92758,765.962
2769,-0.0379761,-0.0722326,765.964
2770,0.64149,1.27097,766.36
2771,-1.04087,-1.28318,766.419
2772,-0.541238,-0.923875,766.565
2773,0.0852736,-0.579917,767.008
2774,0.329349,0.252013,767.013
2775,0.353897,0.73711,767.16
2776,0.758846,0.31494,767.357
2777,0.506709,1.08227,767.689
2778,0.28509,-0.545354,768.378
2779,0.0790463,0.908306,769.066
2780,-0.129816,-0.318634,769.102
2781,0.223483,1.13035,769.924
2782,0.321558,-0.884368,771.378
2783,0.206136,0.244157,771.38
2784,0.275663,0.651232,771.521
2785,0.504098,0.479502,771.521
2786,0.147489,0.873478,772.048
2787,0.118458,0.0757015,772.05
2788,1.20626,1.25402,772.053
2789,-0.799264,-1.17888,772.197
2790,-0.387784,-0.569467,772.23
2791,-0.059375,0.192325,772.293
2792,0.739301,0.777375,772.294
2793,0.445048,0.21166,772.349
2794,0.8701,1.17049,772.439
2795,0.231722,-0.854576,773.619
2796,0.0631418,0.328728,773.69
2797,-0.617908,0.59234,775.154
2798,-0.0792184,0.607405,775.626
2799,0.263147,0.661185,775.784
2800,0.326764,0.570189,775.844
2801,0.399177,0.743193,775.962
2802,-0.0840745,0.397786,776.194
2803,0.381719,1.00143,776.578
2804,-0.480647,-0.284673,776.617
2805,-0.107859,1.18697,778.293
2806,-0.246245,-1.05787,778.952
2807,0.038161,-0.210646,779.014
2808,0.305984,0.620517,779.113
2809,0.597547,0.397748,779.153
2810,0.464754,0.964671,779.403
2811,0.253875,-0.183501,779.594
2812,1.20494,1.24226,779.595
2813,-1.32422,-1.21554,779.607
2814,-0.223508,-0.695885,779.83
2815,0.303199,-0.042621,779.95
2816,0.237641,0.788691,780.254
2817,0.827465,0.116366,780.759
2818,0.323395,1.21765,781.559
2819,-0.469461,-1.04083,781.885
2820,-0.143537,-0.151363,781.885
2821,0.411479,0.655676,781.945
2822,0.257843,0.352716,781.954
2823,0.308526,1.02253,782.464
2824,0.13406,-0.357982,782.706
2825,0.979884,1.12735,782.728
2826,-1.25603,-0.886673,782.864
2827,0.409305,0.23754,782.894
2828,0.588895,0.655003,782.898
2829,0.44489,0.470622,782.899
2830,-0.16257,0.886422,783.999
2831,0.88493,0.0411456,784.711
2832,0.651733,1.26356,785.085
2833,-0.819,-1.22286,785.248
2834,-0.439175,-0.714477,785.324
2835,-0.00924492,-0.0815276,785.329
2836,0.640055,0.776351,785.348
2837,0.288674,0.131732,785.373
2838,1.11777,1.20861,785.381
2839,-0.178019,-1.00552,786.066
2840,-0.208306,-0.0529057,786.09
2841,-0.155241,0.694426,786.812
2842,0.0468566,0.309009,786.88
2843,-0.039184,1.07465,788.121
2844,0.0385848,-0.524109,788.438
2845,0.966599,0.937828,788.439
2846,-0.266773,-0.388562,788.453
2847,1.07679,1.06998,788.453
2848,-0.266407,-0.719357,788.659
2849,0.614427,0.596528,788.659
2850,0.19024,0.286008,788.668
2851,0.60726,1.06444,788.877
2852,-0.234265,-0.500435,788.948
2853,0.594989,0.968721,789.088
2854,-0.808257,-0.46392,789.206
2855,0.55994,0.989306,789.391
2856,0.187471,-0.509393,789.876
2857,0.211448,0.933518,790.398
2858,0.203341,-0.372857,790.73
2859,0.64332,1.08542,790.925
2860,0.184166,-0.761261,791.819
2861,0.245917,0.514301,791.891
2862,0.629868,0.401314,791.943
2863,0.287471,0.928816,792.354
2864,-0.22978,-0.0873847,792.375
2865,0.716137,1.26795,792.679
2866,-0.727736,-1.27701,792.981
2867,0.375393,-0.902658,794.614
2868,0.104348,-0.523811,795.009
2869,0.293089,0.345073,795.012
2870,0.529286,0.676151,795.033
2871,0.801797,0.46347,795.148
2872,0.386754,0.902119,795.413
2873,0.298836,-0.000305344,795.503
2874,1.25243,1.27064,795.503
2875,-0.415122,-1.26041,796.218
2876,-0.0276872,-0.842904,796.882
2877,-0.183473,-0.372806,796.918
2878,0.465034,0.55255,796.926
2879,0.17472,0.460721,797.007
2880,0.90948,0.868595,797.009
2881,0.0965221,0.0819758,797.009
2882,0.318573,1.25117,797.879
2883,-0.00690934,-1.16701,799.225
2884,0.386338,-0.531313,800.067
2885,-0.501851,0.254688,800.639
2886,0.613784,0.749794,800.658
2887,0.563467,0.289339,800.733
2888,0.833353,1.10773,800.808
2889,0.368303,-0.631105,801.807
2890,0.326677,0.774709,802.008
2891,0.358969,-0.0295758,802.159
2892,0.127297,1.23119,803.377
2893,0.165893,-1.13103,805.059
2894,0.43374,-0.421554,805.791
2895,0.313621,0.411901,805.801
2896,0.177232,0.636006,806.011
2897,0.00832327,0.557265,806.312
2898,0.55707,0.756039,806.352
2899,0.489379,0.366946,806.367
2900,0.835681,1.0383,806.408
2901,-0.165201,-0.399216,806.463
2902,0.440181,1.08837,806.883
2903,0.00323148,-0.778126,807.493
2904,0.342652,0.478838,807.512
2905,0.275224,0.445562,807.541
2906,0.621845,0.865715,807.6
2907,0.0151181,0.0844213,807.605
2908,0.403706,1.24974,808.321
2909,-0.297989,-1.16125,809.066
2910,0.28974,-0.512989,809.711
2911,0.132664,0.283204,809.733
2912,0.237129,0.733817,809.98
2913,0.542639,0.331078,810.025
2914,0.797937,1.06669,810.097
2915,0.420595,-0.493627,810.933
2916,0.446714,0.978872,811.216
2917,0.667505,-0.489555,812.555
2918,0.292377,0.958132,812.998
2919,0.060762,-0.43209,813.241
2920,0.205339,1.02606,813.914
2921,0.151551,-0.603537,814.485
2922,0.59318,0.797858,814.526
2923,0.371772,-0.0722687,814.724
2924,0.248133,1.23205,815.692
2925,0.0676221,-1.14679,817.167
2926,0.273584,-0.471568,817.722
2927,0.290264,0.344636,817.725
2928,0.458841,0.692246,817.779
2929,0.0127202,0.432505,817.955
2930,0.63095,0.945789,818.055
2931,0.726238,-0.122573,818.775
2932,0.824504,1.2627,818.967
2933,-0.0359641,-1.26896,820.487
2934,-0.18397,-0.875547,820.966
2935,-0.0449323,-0.453902,821.133
2936,0.216286,0.448898,821.187
2937,0.637909,0.581716,821.19
2938,0.681893,0.660919,821.191
2939,0.0531302,0.562976,821.451
2940,0.320066,0.754557,821.639
2941,1.29334,0.371794,822.489
2942,-0.244307,1.03284,824.12
2943,0.191015,-0.381935,824.448
2944,0.11103,1.10563,825.437
2945,-0.263297,-0.825961,825.754
2946,0.106937,0.376592,825.826
2947,0.298252,0.553662,825.892
2948,0.629595,0.683819,825.895
2949,0.0351607,0.511446,826.121
2950,0.656783,0.838938,826.155
2951,0.0278332,0.168089,826.174
2952,0.211087,1.21213,827.176
2953,0.244856,-1.00652,828.742
2954,0.0760127,-0.0546821,828.759
2955,-0.243794,0.693857,829.639
2956,0.512695,0.309582,829.68
2957,0.603095,1.07398,829.902
2958,0.201505,-0.521931,830.425
2959,0.940479,0.940818,830.425
2960,-0.226092,-0.395772,830.454
2961,1.08402,1.06296,830.454
2962,-0.282024,-0.700555,830.629
2963,0.608992,0.631798,830.63
2964,0.179896,0.230998,830.633
2965,0.614475,1.11484,830.883
2966,-0.225668,-0.670701,831.081
2967,0.528881,0.704674,831.112
2968,-0.723226,0.103598,831.795
2969,0.451166,1.19638,832.351
2970,0.160174,-0.972765,833.634
2971,0.785481,0.0341323,834.199
2972,0.738586,0.706539,834.2
2973,0.194959,0.311362,834.213
2974,0.608164,1.07624,834.433
2975,-0.169174,-0.528191,834.561
2976,0.906609,0.932292,834.562
2977,-0.0223851,-0.375292,834.687
2978,0.591093,1.08251,834.928
2979,-0.143064,-0.753134,835.3
2980,0.534752,0.530656,835.3
2981,0.21008,0.379825,835.329
2982,0.58892,0.957223,835.465
2983,-0.225823,-0.168839,835.468
2984,0.681434,1.24726,835.788
2985,-0.776445,-1.22856,835.993
2986,0.430115,-0.73894,837.359
2987,0.0180335,-0.133014,837.382
2988,0.452249,0.753548,837.473
2989,0.78505,0.165127,837.857
2990,0.260491,1.18789,838.717
2991,-0.402811,-0.92598,838.991
2992,-0.0558734,0.155952,839.036
2993,-0.147948,0.688156,839.735
2994,-0.170464,0.383803,840.042
2995,0.227709,1.00022,840.639
2996,0.0684233,-0.285477,840.764
2997,0.621829,1.18597,841.082
2998,-0.878903,-1.05478,841.113
2999,0.0751439,-0.201791,841.19
