t,predict_test,teacher
501,1.1728,1.17238,1.73613e-07
502,-0.856572,-0.856198,3.13284e-07
503,0.325582,0.325409,3.43401e-07
504,0.595096,0.594893,3.84286e-07
505,0.602414,0.602165,4.46094e-07
506,0.671136,0.670824,5.43439e-07
507,0.550836,0.550643,5.80769e-07
508,0.777022,0.776757,6.51394e-07
509,0.320591,0.320502,6.59414e-07
510,1.0896,1.08922,8.05748e-07
511,-0.56506,-0.564801,8.72686e-07
512,0.880527,0.880165,1.00384e-06
513,-0.254109,-0.254006,1.01439e-06
514,1.17421,1.17372,1.25291e-06
515,-1.00523,-1.00488,1.37844e-06
516,-0.0616233,-0.0615716,1.38112e-06
517,0.693507,0.693229,1.45788e-06
518,0.308777,0.308735,1.45971e-06
519,1.07501,1.07452,1.69781e-06
520,-0.524036,-0.523825,1.74223e-06
521,0.938587,0.938208,1.88648e-06
522,-0.389627,-0.389475,1.90957e-06
523,1.06953,1.0691,2.09805e-06
524,-0.717231,-0.716994,2.15417e-06
525,0.601237,0.601016,2.20304e-06
526,0.279316,0.279193,2.21801e-06
527,1.07166,1.07118,2.44771e-06
528,-0.522802,-0.522628,2.47783e-06
529,0.939336,0.938957,2.62215e-06
530,-0.391235,-0.391084,2.64503e-06
531,1.068,1.06756,2.8328e-06
532,-0.713125,-0.712889,2.88817e-06
533,0.608997,0.608773,2.93853e-06
534,0.267405,0.267287,2.95253e-06
535,1.0831,1.08261,3.18671e-06
536,-0.560873,-0.560684,3.22252e-06
537,0.885033,0.884671,3.3538e-06
538,-0.264009,-0.263905,3.36462e-06
539,1.16838,1.1679,3.59985e-06
540,-0.989096,-0.988749,3.72061e-06
541,-0.0183396,-0.0183049,3.72181e-06
542,0.703185,0.702906,3.79936e-06
543,0.302846,0.3028,3.80143e-06
544,1.083,1.08251,4.03898e-06
545,-0.549938,-0.549714,4.08894e-06
546,0.902061,0.901692,4.22462e-06
547,-0.303303,-0.303183,4.239e-06
548,1.14229,1.14182,4.46089e-06
549,-0.916526,-0.916208,4.56144e-06
550,0.167373,0.167333,4.56301e-06
551,0.686203,0.685937,4.63352e-06
552,0.391607,0.391486,4.64812e-06
553,0.991656,0.991215,4.84249e-06
554,-0.25818,-0.258064,4.85601e-06
555,1.20458,1.20413,5.06356e-06
556,-1.10776,-1.10732,5.25717e-06
557,-0.355545,-0.355367,5.28879e-06
558,0.491225,0.491005,5.3372e-06
559,0.556029,0.555869,5.36288e-06
560,0.71508,0.714715,5.49629e-06
561,0.45181,0.451616,5.53408e-06
562,0.929204,0.928875,5.64245e-06
563,-0.0725091,-0.0724465,5.64636e-06
564,1.27178,1.27131,5.86304e-06
565,-1.285,-1.28447,6.14178e-06
566,-0.928791,-0.928417,6.28196e-06
567,-0.592346,-0.592082,6.35168e-06
568,0.230751,0.23069,6.35546e-06
569,0.748193,0.747871,6.45916e-06
570,0.286316,0.286172,6.47973e-06
571,1.11017,1.10971,6.69365e-06
572,-0.638455,-0.638183,6.76778e-06
573,0.763049,0.762725,6.8727e-06
574,-0.00591552,-0.00590313,6.87285e-06
575,1.2293,1.22877,7.15569e-06
576,-1.116,-1.11559,7.32509e-06
577,-0.373865,-0.373733,7.34227e-06
578,0.469977,0.469775,7.38326e-06
579,0.57909,0.578916,7.41353e-06
580,0.672079,0.671731,7.53406e-06
581,0.542193,0.541963,7.58725e-06
582,0.790584,0.790307,7.66416e-06
583,0.288249,0.288171,7.67026e-06
584,1.12123,1.12083,7.82629e-06
585,-0.672623,-0.672322,7.9171e-06
586,0.703732,0.703427,8.01024e-06
587,0.105597,0.10557,8.01095e-06
588,1.19595,1.19543,8.28731e-06
589,-0.969341,-0.968986,8.41347e-06
590,0.0441725,0.0441194,8.41629e-06
591,0.706837,0.706579,8.48304e-06
592,0.314341,0.31428,8.48673e-06
593,1.07417,1.07369,8.71684e-06
594,-0.519873,-0.519658,8.76296e-06
595,0.944427,0.944045,8.90861e-06
596,-0.403765,-0.403607,8.9334e-06
597,1.05558,1.05515,9.11601e-06
598,-0.679997,-0.679775,9.16543e-06
599,0.669865,0.669615,9.22829e-06
600,0.168415,0.16833,9.23542e-06
601,1.16173,1.16122,9.49927e-06
602,-0.837593,-0.83729,9.59093e-06
603,0.367068,0.366888,9.62326e-06
604,0.560556,0.560364,9.66012e-06
605,0.670743,0.670456,9.74216e-06
606,0.539052,0.538793,9.80937e-06
607,0.795005,0.79472,9.89033e-06
608,0.277501,0.277426,9.89593e-06
609,1.13106,1.13066,1.00551e-05
610,-0.706851,-0.706536,1.01543e-05
611,0.640613,0.640329,1.0235e-05
612,0.214074,0.214009,1.02392e-05
613,1.12848,1.12798,1.04918e-05
614,-0.717322,-0.717069,1.05557e-05
615,0.618802,0.618531,1.06295e-05
616,0.249347,0.249267,1.06359e-05
617,1.09906,1.09857,1.0877e-05
618,-0.615034,-0.614823,1.09215e-05
619,0.800696,0.800361,1.10333e-05
620,-0.0812938,-0.0812563,1.10347e-05
621,1.23139,1.23086,1.1312e-05
622,-1.14584,-1.14542,1.14884e-05
623,-0.467697,-0.46751,1.15235e-05
624,0.350547,0.350383,1.15501e-05
625,0.688114,0.687871,1.16093e-05
626,0.442923,0.442682,1.16676e-05
627,0.932394,0.932008,1.18168e-05
628,-0.0833456,-0.0832892,1.182e-05
629,1.27036,1.26989,1.20376e-05
630,-1.28318,-1.28266,1.23143e-05
631,-0.922701,-0.922325,1.2455e-05
632,-0.57601,-0.575755,1.25202e-05
633,0.259291,0.259212,1.25266e-05
634,0.73352,0.733207,1.26245e-05
635,0.3253,0.325135,1.26519e-05
636,1.07241,1.07196,1.28515e-05
637,-0.511433,-0.511211,1.29011e-05
638,0.956104,0.955718,1.30496e-05
639,-0.432288,-0.43212,1.3078e-05
640,1.02571,1.0253,1.32485e-05
641,-0.601555,-0.601363,1.32853e-05
642,0.801605,0.801297,1.33805e-05
643,-0.0793172,-0.0793157,1.33805e-05
644,1.23211,1.23158,1.36567e-05
645,-1.14773,-1.14731,1.38345e-05
646,-0.473548,-0.473359,1.38703e-05
647,0.342273,0.342113,1.38959e-05
648,0.694383,0.694135,1.39572e-05
649,0.428315,0.428081,1.40121e-05
650,0.95208,0.951686,1.41674e-05
651,-0.139642,-0.139564,1.41735e-05
652,1.2587,1.25824,1.43907e-05
653,-1.2588,-1.25829,1.46517e-05
654,-0.839502,-0.839146,1.4779e-05
655,-0.363464,-0.363319,1.48002e-05
656,0.563715,0.563456,1.48677e-05
657,0.446691,0.446529,1.48939e-05
658,0.89032,0.889893,1.50762e-05
659,0.0253121,0.0252855,1.50769e-05
660,1.26654,1.26607,1.52915e-05
661,-1.23705,-1.23653,1.55574e-05
662,-0.761066,-0.76079,1.56337e-05
663,-0.181344,-0.181281,1.56376e-05
664,0.726091,0.725755,1.57508e-05
665,0.208265,0.208207,1.57542e-05
666,1.15755,1.15704,1.60168e-05
667,-0.812083,-0.811763,1.61193e-05
668,0.424773,0.424568,1.61613e-05
669,0.50428,0.50411,1.61901e-05
670,0.771932,0.771592,1.63056e-05
671,0.317907,0.317737,1.63347e-05
672,1.09053,1.09014,1.64906e-05
673,-0.568699,-0.568441,1.65571e-05
674,0.875026,0.874666,1.6687e-05
675,-0.241687,-0.241589,1.66966e-05
676,1.18118,1.18069,1.6939e-05
677,-1.02447,-1.02411,1.70704e-05
678,-0.114192,-0.11412,1.70757e-05
679,0.674807,0.674534,1.71502e-05
680,0.328817,0.32877,1.71524e-05
681,1.05152,1.05103,1.73863e-05
682,-0.44809,-0.447912,1.74178e-05
683,1.03484,1.03443,1.75852e-05
684,-0.632695,-0.632451,1.76451e-05
685,0.750626,0.750339,1.77272e-05
686,0.0220882,0.0220526,1.77285e-05
687,1.22495,1.22442,1.80101e-05
688,-1.09268,-1.09227,1.81733e-05
689,-0.303056,-0.302959,1.81826e-05
690,0.544045,0.54382,1.82333e-05
691,0.495202,0.495076,1.82492e-05
692,0.820414,0.820006,1.84153e-05
693,0.207244,0.207149,1.84244e-05
694,1.18635,1.18593,1.86069e-05
695,-0.90724,-0.906847,1.8761e-05
696,0.204587,0.204458,1.87775e-05
697,0.669654,0.669422,1.88318e-05
698,0.43411,0.433962,1.88537e-05
699,0.937593,0.937174,1.90292e-05
700,-0.0994799,-0.0994249,1.90322e-05
701,1.26778,1.26731,1.92506e-05
702,-1.27886,-1.27834,1.95236e-05
703,-0.908001,-0.907627,1.96634e-05
704,-0.53704,-0.536805,1.97185e-05
705,0.324409,0.324288,1.97331e-05
706,0.692019,0.691731,1.98164e-05
707,0.427619,0.427399,1.98648e-05
708,0.95218,0.951782,2.00234e-05
709,-0.140101,-0.140024,2.00295e-05
710,1.25855,1.25809,2.02467e-05
711,-1.25841,-1.2579,2.05075e-05
712,-0.838157,-0.8378,2.06344e-05
713,-0.360186,-0.360042,2.06552e-05
714,0.567439,0.567177,2.07237e-05
715,0.441781,0.441621,2.07492e-05
716,0.897542,0.897112,2.09337e-05
717,0.00577087,0.00575217,2.09341e-05
718,1.26955,1.26909,2.11505e-05
719,-1.25361,-1.25309,2.14217e-05
720,-0.817907,-0.817602,2.15148e-05
721,-0.311914,-0.31179,2.15301e-05
722,0.61891,0.618621,2.16135e-05
723,0.37082,0.370694,2.16295e-05
724,0.993672,0.993207,2.18451e-05
725,-0.269931,-0.269837,2.1854e-05
726,1.19648,1.19603,2.20611e-05
727,-1.08405,-1.08362,2.22451e-05
728,-0.285264,-0.285115,2.22675e-05
729,0.561351,0.561108,2.23267e-05
730,0.473801,0.473687,2.23397e-05
731,0.854622,0.854201,2.25165e-05
732,0.120642,0.120582,2.25201e-05
733,1.23635,1.2359,2.27207e-05
734,-1.10274,-1.10227,2.29395e-05
735,-0.330307,-0.330224,2.29464e-05
736,0.516865,0.516652,2.29918e-05
737,0.527376,0.527232,2.30125e-05
738,0.766219,0.765833,2.31617e-05
739,0.337218,0.337069,2.31837e-05
740,1.07107,1.07069,2.333e-05
741,-0.504034,-0.5038,2.33844e-05
742,0.966254,0.965866,2.35353e-05
743,-0.457374,-0.457195,2.35671e-05
744,0.997521,0.997121,2.37267e-05
745,-0.529274,-0.52911,2.37537e-05
746,0.907553,0.907196,2.38807e-05
747,-0.311025,-0.31094,2.38878e-05
748,1.13727,1.1368,2.41056e-05
749,-0.902839,-0.902527,2.42032e-05
750,0.200717,0.200663,2.4206e-05
751,0.67313,0.67287,2.42737e-05
752,0.426488,0.426344,2.42944e-05
753,0.947807,0.947384,2.4473e-05
754,-0.128715,-0.128649,2.44774e-05
755,1.26151,1.26104,2.46954e-05
756,-1.26544,-1.26492,2.496e-05
757,-0.862087,-0.861724,2.50919e-05
758,-0.419245,-0.419072,2.51221e-05
759,0.495836,0.495613,2.51717e-05
760,0.530596,0.530393,2.52129e-05
761,0.755213,0.754841,2.53518e-05
762,0.361582,0.361419,2.53784e-05
763,1.04395,1.04358,2.55175e-05
764,-0.416452,-0.416253,2.55569e-05
765,1.07092,1.0705,2.57326e-05
766,-0.729518,-0.729235,2.58131e-05
767,0.576864,0.576653,2.58573e-05
768,0.315826,0.315689,2.58759e-05
769,1.03394,1.03347,2.60907e-05
770,-0.400709,-0.400585,2.61059e-05
771,1.08581,1.08539,2.62868e-05
772,-0.76976,-0.769463,2.63754e-05
773,0.496889,0.496714,2.64062e-05
774,0.42392,0.423747,2.64363e-05
775,0.89803,0.897628,2.65979e-05
776,-0.000865714,-0.000906481,2.65996e-05
777,1.26976,1.26929,2.68191e-05
778,-1.25632,-1.2558,2.70902e-05
779,-0.827365,-0.827054,2.71868e-05
780,-0.334501,-0.334366,2.7205e-05
781,0.59564,0.595363,2.72817e-05
782,0.403592,0.403451,2.73017e-05
783,0.951177,0.950727,2.75037e-05
784,-0.144443,-0.1444,2.75055e-05
785,1.25649,1.25603,2.7725e-05
786,-1.25247,-1.25196,2.7982e-05
787,-0.817917,-0.817568,2.81038e-05
788,-0.311493,-0.311373,2.81182e-05
789,0.619283,0.618995,2.82014e-05
790,0.370298,0.370171,2.82173e-05
791,0.994325,0.993861,2.84331e-05
792,-0.271907,-0.271811,2.84422e-05
793,1.19518,1.19472,2.8649e-05
794,-1.08028,-1.07986,2.88316e-05
795,-0.274252,-0.274106,2.88527e-05
796,0.571102,0.570855,2.89134e-05
797,0.46165,0.461542,2.8925e-05
798,0.873455,0.873027,2.91076e-05
799,0.0714554,0.0714155,2.91092e-05
800,1.25522,1.25477,2.93176e-05
801,-1.18329,-1.18279,2.9565e-05
802,-0.582368,-0.582175,2.96021e-05
803,0.170752,0.170663,2.961e-05
804,0.784891,0.784571,2.97119e-05
805,0.189528,0.189425,2.97225e-05
806,1.18563,1.18514,2.99641e-05
807,-0.909918,-0.909541,3.01067e-05
808,0.197494,0.197371,3.01219e-05
809,0.672835,0.6726,3.01771e-05
810,0.426006,0.425863,3.01975e-05
811,0.9483,0.947877,3.03767e-05
812,-0.130166,-0.130099,3.03812e-05
813,1.26113,1.26067,3.05991e-05
814,-1.26454,-1.26402,3.08632e-05
815,-0.859019,-0.858656,3.09945e-05
816,-0.411584,-0.411414,3.10234e-05
817,0.505665,0.505437,3.10755e-05
818,0.51912,0.518923,3.11144e-05
819,0.775019,0.774638,3.12595e-05
820,0.315731,0.315587,3.12804e-05
821,1.09335,1.09296,3.14339e-05
822,-0.577967,-0.577705,3.15028e-05
823,0.861003,0.860647,3.16295e-05
824,-0.210397,-0.21031,3.1637e-05
825,1.19677,1.19627,3.18884e-05
826,-1.06697,-1.06658,3.20337e-05
827,-0.23388,-0.233763,3.20475e-05
828,0.603774,0.603521,3.21115e-05
829,0.420024,0.419938,3.2119e-05
830,0.934618,0.934169,3.23205e-05
831,-0.0957894,-0.0957604,3.23214e-05
832,1.26788,1.26741,3.25415e-05
833,-1.27812,-1.2776,3.2814e-05
834,-0.905305,-0.904933,3.29521e-05
835,-0.529976,-0.529745,3.30055e-05
836,0.335767,0.335639,3.30219e-05
837,0.683646,0.683362,3.31025e-05
838,0.447145,0.446915,3.31554e-05
839,0.92577,0.925382,3.33057e-05
840,-0.0648396,-0.0647914,3.3308e-05
841,1.2722,1.27174,3.35253e-05
842,-1.28421,-1.28368,3.38042e-05
843,-0.92582,-0.925449,3.39417e-05
844,-0.584404,-0.584144,3.40093e-05
845,0.244723,0.244652,3.40143e-05
846,0.741278,0.74096,3.41152e-05
847,0.304918,0.304764,3.41389e-05
848,1.09271,1.09225,3.43462e-05
849,-0.579047,-0.578798,3.44082e-05
850,0.859021,0.858666,3.45342e-05
851,-0.205954,-0.205869,3.45414e-05
852,1.19877,1.19826,3.4794e-05
853,-1.07232,-1.07193,3.49411e-05
854,-0.249305,-0.249181,3.49563e-05
855,0.591741,0.591492,3.50184e-05
856,0.435532,0.435438,3.50273e-05
857,0.91244,0.911999,3.5222e-05
858,-0.0338101,-0.0338066,3.52221e-05
859,1.27247,1.272,3.54406e-05
860,-1.27584,-1.27532,3.5718e-05
861,-0.895759,-0.89541,3.58397e-05
862,-0.505279,-0.505059,3.58879e-05
863,0.37441,0.374258,3.5911e-05
864,0.652652,0.652385,3.59822e-05
865,0.516693,0.516429,3.60521e-05
866,0.822685,0.822338,3.61724e-05
867,0.208251,0.208193,3.61757e-05
868,1.18644,1.18602,3.6354e-05
869,-0.907233,-0.90684,3.65089e-05
870,0.204633,0.204504,3.65255e-05
871,0.66963,0.669397,3.65797e-05
872,0.434169,0.434021,3.66016e-05
873,0.937514,0.937095,3.67772e-05
874,-0.0992548,-0.0991999,3.67802e-05
875,1.26782,1.26735,3.69985e-05
876,-1.27893,-1.27841,3.72716e-05
877,-0.908242,-0.907868,3.74115e-05
878,-0.537672,-0.537437,3.74666e-05
879,0.323386,0.323265,3.74811e-05
880,0.692757,0.692468,3.75647e-05
881,0.425882,0.425662,3.76127e-05
882,0.954476,0.954077,3.7772e-05
883,-0.146748,-0.146668,3.77785e-05
884,1.25657,1.25611,3.79954e-05
885,-1.25343,-1.25293,3.82536e-05
886,-0.821274,-0.820923,3.83768e-05
887,-0.319481,-0.319357,3.83921e-05
888,0.611223,0.610939,3.8473e-05
889,0.38178,0.381649,3.84902e-05
890,0.979823,0.979364,3.87014e-05
891,-0.228397,-0.22832,3.87074e-05
892,1.22129,1.22083,3.89201e-05
893,-1.15554,-1.15508,3.91324e-05
894,-0.501889,-0.501654,3.91875e-05
895,0.301307,0.301156,3.92102e-05
896,0.722798,0.722531,3.92817e-05
897,0.359675,0.359475,3.93214e-05
898,1.03628,1.03585,3.95046e-05
899,-0.394508,-0.39433,3.95363e-05
900,1.09349,1.09306,3.97176e-05
901,-0.791299,-0.790991,3.98125e-05
902,0.452141,0.451985,3.98369e-05
903,0.476888,0.476696,3.98737e-05
904,0.817823,0.81746,4.00055e-05
905,0.207596,0.207471,4.00212e-05
906,1.18541,1.18498,4.02071e-05
907,-0.903985,-0.903595,4.03596e-05
908,0.212547,0.212416,4.03769e-05
909,0.665984,0.665753,4.04304e-05
910,0.443361,0.443207,4.0454e-05
911,0.925135,0.924721,4.06253e-05
912,-0.0642308,-0.0641895,4.0627e-05
913,1.27211,1.27165,4.08448e-05
914,-1.28371,-1.28318,4.11233e-05
915,-0.924047,-0.923678,4.12601e-05
916,-0.579664,-0.579406,4.13265e-05
917,0.252976,0.2529,4.13322e-05
918,0.736951,0.736636,4.14315e-05
919,0.316345,0.316184,4.14572e-05
920,1.08148,1.08103,4.16602e-05
921,-0.541453,-0.541219,4.17152e-05
922,0.914597,0.914224,4.1854e-05
923,-0.332625,-0.332494,4.18712e-05
924,1.11995,1.11949,4.20823e-05
925,-0.854614,-0.854322,4.21674e-05
926,0.314135,0.314035,4.21774e-05
927,0.605873,0.605638,4.22325e-05
928,0.580931,0.580694,4.22886e-05
929,0.70993,0.709603,4.23955e-05
930,0.469419,0.469257,4.24219e-05
931,0.904912,0.904598,4.25206e-05
932,-0.00487697,-0.00483996,4.25219e-05
933,1.27181,1.27135,4.27348e-05
934,-1.26483,-1.2643,4.30112e-05
935,-0.856768,-0.856444,4.31162e-05
936,-0.406355,-0.406185,4.31451e-05
937,0.512318,0.512086,4.31992e-05
938,0.511213,0.51102,4.32366e-05
939,0.788414,0.788028,4.33859e-05
940,0.284055,0.283923,4.34033e-05
941,1.12395,1.12355,4.35661e-05
942,-0.682442,-0.682138,4.36584e-05
943,0.685928,0.685629,4.37479e-05
944,0.137275,0.137238,4.37494e-05
945,1.17984,1.17932,4.40206e-05
946,-0.906275,-0.905945,4.41294e-05
947,0.204882,0.204765,4.41432e-05
948,0.669752,0.669516,4.41989e-05
949,0.434024,0.433876,4.42208e-05
950,0.937726,0.937307,4.43963e-05
951,-0.0998538,-0.0997986,4.43993e-05
952,1.26772,1.26725,4.46177e-05
953,-1.27875,-1.27823,4.48906e-05
954,-0.907603,-0.907229,4.50304e-05
955,-0.535993,-0.535759,4.50852e-05
956,0.3261,0.325978,4.51001e-05
957,0.690794,0.690506,4.5183e-05
958,0.430498,0.430276,4.52321e-05
959,0.948356,0.947959,4.53895e-05
960,-0.129068,-0.128995,4.53948e-05
961,1.26156,1.26109,4.56123e-05
962,-1.26571,-1.26519,4.58772e-05
963,-0.863037,-0.862674,4.60095e-05
964,-0.421621,-0.421446,4.60401e-05
965,0.492755,0.492534,4.6089e-05
966,0.534145,0.53394,4.61309e-05
967,0.749001,0.748631,4.62678e-05
968,0.375723,0.375554,4.62963e-05
969,1.0275,1.02713,4.64309e-05
970,-0.364512,-0.364334,4.64624e-05
971,1.12274,1.1223,4.66505e-05
972,-0.873036,-0.872694,4.6767e-05
973,0.270537,0.270458,4.67733e-05
974,0.636033,0.635785,4.68348e-05
975,0.515424,0.515225,4.68744e-05
976,0.819467,0.819096,4.70117e-05
977,0.215348,0.215282,4.70161e-05
978,1.18126,1.18084,4.71932e-05
979,-0.88795,-0.887565,4.73421e-05
980,0.25152,0.251374,4.73635e-05
981,0.645489,0.645266,4.7413e-05
982,0.492681,0.492496,4.7447e-05
983,0.854391,0.854006,4.75954e-05
984,0.126724,0.126692,4.75965e-05
985,1.23417,1.23373,4.7793e-05
986,-1.09338,-1.09292,4.80093e-05
987,-0.302215,-0.302144,4.80143e-05
988,0.544538,0.544317,4.80633e-05
989,0.494689,0.494564,4.80791e-05
990,0.821272,0.820864,4.82455e-05
991,0.205118,0.205023,4.82544e-05
992,1.18784,1.18741,4.84374e-05
993,-0.912811,-0.912416,4.85932e-05
994,0.190843,0.19072,4.86085e-05
995,0.675587,0.675352,4.8664e-05
996,0.418814,0.418676,4.86831e-05
997,0.957627,0.9572,4.88656e-05
998,-0.1572,-0.157122,4.88716e-05
999,1.25306,1.2526,4.90885e-05
1000,-1.24424,-1.24374,4.93418e-05
1001,-0.790199,-0.789858,4.94579e-05
1002,-0.246637,-0.246548,4.94657e-05
1003,0.678258,0.677942,4.95656e-05
1004,0.282676,0.282588,4.95733e-05
1005,1.09208,1.09158,4.98189e-05
1006,-0.583626,-0.583402,4.98694e-05
1007,0.851327,0.850975,4.99932e-05
1008,-0.188919,-0.188842,4.99992e-05
1009,1.20587,1.20537,5.02562e-05
1010,-1.09112,-1.09072,5.04099e-05
1011,-0.304086,-0.303943,5.04303e-05
1012,0.543682,0.543448,5.04851e-05
1013,0.495473,0.495346,5.0501e-05
1014,0.819926,0.819519,5.06668e-05
1015,0.208444,0.208348,5.0676e-05
1016,1.18551,1.18508,5.08582e-05
1017,-0.904079,-0.903688,5.10114e-05
1018,0.212344,0.212213,5.10287e-05
1019,0.666077,0.665846,5.10822e-05
1020,0.443127,0.442973,5.11058e-05
1021,0.925453,0.925039,5.12772e-05
1022,-0.0651248,-0.0650831,5.1279e-05
1023,1.27205,1.27158,5.14967e-05
1024,-1.28374,-1.28321,5.17752e-05
1025,-0.924182,-0.923812,5.19122e-05
1026,-0.580022,-0.579764,5.19787e-05
1027,0.252355,0.25228,5.19844e-05
1028,0.737283,0.736968,5.20838e-05
1029,0.315474,0.315314,5.21094e-05
1030,1.08235,1.0819,5.23127e-05
1031,-0.544346,-0.544111,5.23682e-05
1032,0.910462,0.910091,5.2506e-05
1033,-0.322932,-0.322804,5.25223e-05
1034,1.12761,1.12714,5.2737e-05
1035,-0.875776,-0.875475,5.28272e-05
1036,0.265183,0.265103,5.28336e-05
1037,0.639213,0.638966,5.28946e-05
1038,0.508137,0.507942,5.29324e-05
1039,0.830857,0.830482,5.30732e-05
1040,0.186857,0.186802,5.30762e-05
1041,1.20072,1.20029,5.32602e-05
1042,-0.961355,-0.96094,5.3432e-05
1043,0.0673958,0.0673189,5.34379e-05
1044,0.705626,0.705373,5.35019e-05
1045,0.323693,0.323623,5.35067e-05
1046,1.06546,1.06499,5.37323e-05
1047,-0.490994,-0.490789,5.37741e-05
1048,0.982666,0.982273,5.39288e-05
1049,-0.498233,-0.49804,5.39661e-05
1050,0.947797,0.947421,5.41076e-05
1051,-0.406179,-0.40606,5.41215e-05
1052,1.05381,1.05339,5.4302e-05
1053,-0.675514,-0.675293,5.43512e-05
1054,0.677842,0.677588,5.44158e-05
1055,0.154716,0.154637,5.44222e-05
1056,1.17032,1.1698,5.4689e-05
1057,-0.869726,-0.86941,5.47887e-05
1058,0.292867,0.292715,5.48117e-05
1059,0.619437,0.619222,5.48579e-05
1060,0.551224,0.551005,5.4906e-05
1061,0.761065,0.760718,5.50269e-05
1062,0.355253,0.355134,5.50412e-05
1063,1.05202,1.05165,5.51782e-05
1064,-0.442017,-0.441807,5.52221e-05
1065,1.04263,1.04222,5.53911e-05
1066,-0.653516,-0.653262,5.54555e-05
1067,0.715486,0.715215,5.55289e-05
1068,0.0879349,0.0878764,5.55323e-05
1069,1.20428,1.20375,5.58098e-05
1070,-1.00264,-1.00227,5.59461e-05
1071,-0.0452144,-0.0452308,5.59464e-05
1072,0.696717,0.696456,5.60145e-05
1073,0.307404,0.30736,5.60165e-05
1074,1.07717,1.07668,5.62543e-05
1075,-0.530936,-0.530722,5.63002e-05
1076,0.929048,0.928671,5.64422e-05
1077,-0.366762,-0.366619,5.64628e-05
1078,1.09087,1.09043,5.66606e-05
1079,-0.774893,-0.774633,5.6728e-05
1080,0.487222,0.48705,5.67578e-05
1081,0.435681,0.435506,5.67886e-05
1082,0.880977,0.880583,5.69437e-05
1083,0.0451131,0.0450536,5.69473e-05
1084,1.2618,1.26133,5.71624e-05
1085,-1.21434,-1.21383,5.74197e-05
1086,-0.684578,-0.684338,5.74773e-05
1087,-0.0197843,-0.0197941,5.74774e-05
1088,0.794503,0.79415,5.76019e-05
1089,0.111151,0.111117,5.7603e-05
1090,1.22148,1.22096,5.78721e-05
1091,-1.05413,-1.0537,5.8052e-05
1092,-0.188149,-0.188117,5.8053e-05
1093,0.634594,0.634346,5.81143e-05
1094,0.38028,0.380212,5.81189e-05
1095,0.988384,0.987918,5.83363e-05
1096,-0.252406,-0.252312,5.83453e-05
1097,1.20771,1.20725,5.85545e-05
1098,-1.11657,-1.11613,5.87512e-05
1099,-0.382047,-0.381859,5.87866e-05
1100,0.461228,0.461019,5.88305e-05
1101,0.588068,0.587888,5.88626e-05
1102,0.654787,0.654448,5.8978e-05
1103,0.576989,0.576744,5.90378e-05
1104,0.730902,0.730647,5.91028e-05
1105,0.425771,0.42564,5.912e-05
1106,0.965892,0.965557,5.92324e-05
1107,-0.177634,-0.177528,5.92435e-05
1108,1.24601,1.24554,5.94581e-05
1109,-1.22569,-1.22519,5.97025e-05
1110,-0.728187,-0.727868,5.98047e-05
1111,-0.109289,-0.109266,5.98053e-05
1112,0.765274,0.764925,5.99268e-05
1113,0.148103,0.148066,5.99282e-05
1114,1.1993,1.19878,6.01982e-05
1115,-0.967885,-0.967499,6.03471e-05
1116,0.0492226,0.0491597,6.0351e-05
1117,0.706623,0.706367,6.04166e-05
1118,0.316274,0.316212,6.04206e-05
1119,1.0724,1.07192,6.06497e-05
1120,-0.513979,-0.513767,6.06949e-05
1121,0.952423,0.952039,6.08425e-05
1122,-0.423224,-0.423059,6.08696e-05
1123,1.03546,1.03504,6.1044e-05
1124,-0.626954,-0.626752,6.10847e-05
1125,0.760858,0.760567,6.11691e-05
1126,0.00215369,0.00212668,6.11698e-05
1127,1.22869,1.22816,6.14515e-05
1128,-1.11151,-1.1111,6.16203e-05
1129,-0.360045,-0.359921,6.16356e-05
1130,0.485516,0.485309,6.16786e-05
1131,0.562453,0.562289,6.17055e-05
1132,0.703316,0.702956,6.18354e-05
1133,0.477086,0.476882,6.18773e-05
1134,0.89282,0.892504,6.19768e-05
1135,0.0278518,0.027875,6.19774e-05
1136,1.26712,1.26666,6.21872e-05
1137,-1.23837,-1.23785,6.24551e-05
1138,-0.765454,-0.765177,6.2532e-05
1139,-0.191116,-0.191049,6.25365e-05
1140,0.719681,0.719347,6.26481e-05
1141,0.218302,0.218241,6.26519e-05
1142,1.14963,1.14912,6.29127e-05
1143,-0.783515,-0.783207,6.30077e-05
1144,0.486185,0.485958,6.30593e-05
1145,0.434565,0.43442,6.30802e-05
1146,0.881972,0.881578,6.32358e-05
1147,0.0423336,0.0422747,6.32393e-05
1148,1.26244,1.26197,6.34547e-05
1149,-1.21743,-1.21692,6.37131e-05
1150,-0.694899,-0.694654,6.37731e-05
1151,-0.0406363,-0.040637,6.37731e-05
1152,0.789645,0.789292,6.38978e-05
1153,0.115667,0.115634,6.38989e-05
1154,1.21859,1.21807,6.41689e-05
1155,-1.04289,-1.04247,6.43442e-05
1156,-0.156052,-0.156033,6.43445e-05
1157,0.653425,0.653173,6.4408e-05
1158,0.355959,0.355901,6.44113e-05
1159,1.0191,1.01862,6.46372e-05
1160,-0.345984,-0.34585,6.46552e-05
1161,1.13857,1.13813,6.48481e-05
1162,-0.917585,-0.917226,6.49767e-05
1163,0.163648,0.163613,6.49779e-05
1164,0.687624,0.687355,6.505e-05
1165,0.387763,0.387644,6.5064e-05
1166,0.996274,0.995831,6.52601e-05
1167,-0.27218,-0.272059,6.52749e-05
1168,1.19558,1.19513,6.54804e-05
1169,-1.08171,-1.08128,6.56642e-05
1170,-0.278435,-0.278288,6.56858e-05
1171,0.56744,0.567194,6.57459e-05
1172,0.46623,0.46612,6.57581e-05
1173,0.866408,0.865983,6.59384e-05
1174,0.089986,0.0899385,6.59407e-05
1175,1.24892,1.24847,6.61464e-05
1176,-1.15566,-1.15517,6.6384e-05
1177,-0.493791,-0.493638,6.64074e-05
1178,0.312443,0.3123,6.6428e-05
1179,0.715628,0.715365,6.6497e-05
1180,0.377453,0.377244,6.65404e-05
1181,1.01579,1.01537,6.67166e-05
1182,-0.33035,-0.330197,6.674e-05
1183,1.15241,1.15197,6.69353e-05
1184,-0.957282,-0.956906,6.70766e-05
1185,0.0636474,0.0636549,6.70766e-05
1186,0.707535,0.707256,6.71545e-05
1187,0.318868,0.318802,6.7159e-05
1188,1.07036,1.06989,6.73861e-05
1189,-0.507095,-0.506885,6.74305e-05
1190,0.961649,0.961262,6.75802e-05
1191,-0.445872,-0.445699,6.76103e-05
1192,1.01068,1.01027,6.77749e-05
1193,-0.562795,-0.562618,6.78062e-05
1194,0.860261,0.859926,6.79183e-05
1195,-0.204094,-0.204048,6.79205e-05
1196,1.20019,1.19969,6.81721e-05
1197,-1.07655,-1.07617,6.83212e-05
1198,-0.261609,-0.261481,6.83376e-05
1199,0.581675,0.581429,6.83983e-05
1200,0.448373,0.448272,6.84085e-05
1201,0.893536,0.893101,6.85973e-05
1202,0.0178177,0.0177998,6.85977e-05
1203,1.26795,1.26749,6.88124e-05
1204,-1.24431,-1.24379,6.90809e-05
1205,-0.785868,-0.78558,6.91641e-05
1206,-0.237216,-0.237128,6.91719e-05
1207,0.685925,0.685605,6.92744e-05
1208,0.270869,0.270787,6.92812e-05
1209,1.10352,1.10303,6.95301e-05
1210,-0.622337,-0.622097,6.95881e-05
1211,0.789434,0.789102,6.96981e-05
1212,-0.0584139,-0.0583837,6.9699e-05
1213,1.23249,1.23196,6.99788e-05
1214,-1.14275,-1.14233,7.01552e-05
1215,-0.45746,-0.457283,7.01866e-05
1216,0.364719,0.364552,7.02147e-05
1217,0.676994,0.676758,7.02703e-05
1218,0.468417,0.468163,7.03348e-05
1219,0.896552,0.89618,7.04731e-05
1220,0.0160379,0.0160557,7.04735e-05
1221,1.26895,1.26849,7.06853e-05
1222,-1.24841,-1.24789,7.09563e-05
1223,-0.79986,-0.799565,7.10431e-05
1224,-0.269496,-0.269393,7.10538e-05
1225,0.658837,0.658529,7.11486e-05
1226,0.312157,0.312057,7.11587e-05
1227,1.06171,1.06123,7.13954e-05
1228,-0.48325,-0.483067,7.14289e-05
1229,0.992069,0.991673,7.1586e-05
1230,-0.521903,-0.521701,7.16266e-05
1231,0.916823,0.916461,7.17575e-05
1232,-0.332462,-0.332371,7.17658e-05
1233,1.12074,1.12028,7.19756e-05
1234,-0.857041,-0.856748,7.20619e-05
1235,0.308558,0.308461,7.20714e-05
1236,0.610005,0.609768,7.21273e-05
1237,0.572226,0.571994,7.21811e-05
1238,0.725216,0.724883,7.22919e-05
1239,0.436111,0.435961,7.23144e-05
1240,0.95171,0.951378,7.24245e-05
1241,-0.136468,-0.136379,7.24324e-05
1242,1.25984,1.25937,7.2649e-05
1243,-1.26186,-1.26135,7.29118e-05
1244,-0.849943,-0.849583,7.30416e-05
1245,-0.38907,-0.388911,7.30667e-05
1246,0.533616,0.533373,7.31261e-05
1247,0.485226,0.485046,7.31587e-05
1248,0.831038,0.830634,7.33217e-05
1249,0.179668,0.179579,7.33297e-05
1250,1.20448,1.20404,7.35192e-05
1251,-0.976151,-0.975732,7.36949e-05
1252,0.0284014,0.0283398,7.36987e-05
1253,0.706412,0.706156,7.37642e-05
1254,0.310439,0.310383,7.37674e-05
1255,1.07746,1.07697,7.39998e-05
1256,-0.530927,-0.530708,7.40475e-05
1257,0.929157,0.928781,7.41895e-05
1258,-0.367043,-0.366899,7.42102e-05
1259,1.09062,1.09017,7.44079e-05
1260,-0.774198,-0.773938,7.44752e-05
1261,0.488652,0.488479,7.45051e-05
1262,0.433937,0.433762,7.45357e-05
1263,0.883529,0.883134,7.46918e-05
1264,0.0382888,0.038232,7.4695e-05
1265,1.26336,1.26289,7.49109e-05
1266,-1.2219,-1.22139,7.51708e-05
1267,-0.709901,-0.709649,7.52344e-05
1268,-0.071473,-0.0714602,7.52345e-05
1269,0.780308,0.779956,7.53587e-05
1270,0.126931,0.126898,7.53598e-05
1271,1.21196,1.21144,7.56304e-05
1272,-1.01697,-1.01656,7.57961e-05
1273,-0.0833114,-0.0833216,7.57962e-05
1274,0.68557,0.685312,7.58627e-05
1275,0.317534,0.317489,7.58647e-05
1276,1.06496,1.06447,7.61012e-05
1277,-0.491297,-0.491101,7.61398e-05
1278,0.982083,0.98169,7.62944e-05
1279,-0.496725,-0.496532,7.63314e-05
1280,0.949722,0.949345,7.64735e-05
1281,-0.410838,-0.410718,7.64879e-05
1282,1.04906,1.04864,7.66664e-05
1283,-0.662932,-0.662715,7.67134e-05
1284,0.699988,0.699724,7.6783e-05
1285,0.115793,0.115726,7.67875e-05
1286,1.19169,1.19117,7.70613e-05
1287,-0.952063,-0.951714,7.71831e-05
1288,0.0893575,0.0892858,7.71883e-05
1289,0.703579,0.703325,7.72529e-05
1290,0.334332,0.334253,7.7259e-05
1291,1.05505,1.05458,7.74795e-05
1292,-0.456916,-0.456724,7.75163e-05
1293,1.02474,1.02434,7.76812e-05
1294,-0.606229,-0.605994,7.77363e-05
1295,0.793486,0.793181,7.78297e-05
1296,-0.0625823,-0.0625882,7.78298e-05
1297,1.233,1.23247,7.81077e-05
1298,-1.14577,-1.14535,7.82857e-05
1299,-0.467004,-0.466822,7.83189e-05
1300,0.351466,0.351303,7.83455e-05
1301,0.687417,0.687174,7.84044e-05
1302,0.444541,0.444299,7.84631e-05
1303,0.930176,0.92979,7.86116e-05
1304,-0.0770779,-0.077024,7.86145e-05
1305,1.2711,1.27063,7.8832e-05
1306,-1.28394,-1.28341,7.91096e-05
1307,-0.925192,-0.924818,7.92497e-05
1308,-0.582685,-0.582426,7.93167e-05
1309,0.247718,0.247646,7.9322e-05
1310,0.739729,0.739412,7.94223e-05
1311,0.309028,0.308871,7.94468e-05
1312,1.08872,1.08826,7.96525e-05
1313,-0.565621,-0.565377,7.9712e-05
1314,0.879328,0.878967,7.98426e-05
1315,-0.251331,-0.251229,7.98528e-05
1316,1.17582,1.17533,8.00922e-05
1317,-1.00968,-1.00932,8.02191e-05
1318,-0.0736795,-0.0736231,8.02223e-05
1319,0.689891,0.689615,8.02987e-05
1320,0.312159,0.312116,8.03005e-05
1321,1.07099,1.0705,8.05381e-05
1322,-0.510932,-0.510727,8.05801e-05
1323,0.956357,0.955972,8.07286e-05
1324,-0.432821,-0.432653,8.07568e-05
1325,1.02514,1.02473,8.09271e-05
1326,-0.600082,-0.59989,8.09637e-05
1327,0.803912,0.803603,8.10596e-05
1328,-0.0840586,-0.0840554,8.10596e-05
1329,1.23171,1.23119,8.13351e-05
1330,-1.1478,-1.14737,8.15128e-05
1331,-0.47389,-0.4737,8.1549e-05
1332,0.3418,0.341639,8.15747e-05
1333,0.694733,0.694486,8.16361e-05
1334,0.427491,0.427257,8.16907e-05
1335,0.953172,0.952777,8.18464e-05
1336,-0.142801,-0.142721,8.18527e-05
1337,1.25778,1.25732,8.20698e-05
1338,-1.25651,-1.256,8.23296e-05
1339,-0.831702,-0.831348,8.24551e-05
1340,-0.344531,-0.344395,8.24737e-05
1341,0.584816,0.584545,8.25471e-05
1342,0.41846,0.418312,8.25691e-05
1343,0.930827,0.930385,8.27645e-05
1344,-0.086387,-0.086368,8.27649e-05
1345,1.26914,1.26867,8.29855e-05
1346,-1.27977,-1.27925,8.32594e-05
1347,-0.910846,-0.910475,8.33972e-05
1348,-0.544565,-0.544326,8.34542e-05
1349,0.312164,0.31205,8.34671e-05
1350,0.70067,0.700377,8.35533e-05
1351,0.407086,0.406877,8.35971e-05
1352,0.978754,0.978345,8.37643e-05
1353,-0.218066,-0.217958,8.37759e-05
1354,1.22746,1.227,8.39879e-05
1355,-1.17358,-1.17311,8.42085e-05
1356,-0.558825,-0.558568,8.42746e-05
1357,0.211384,0.211269,8.42878e-05
1358,0.770246,0.769941,8.43808e-05
1359,0.233577,0.233447,8.43976e-05
1360,1.15516,1.15469,8.46258e-05
1361,-0.796919,-0.796584,8.47378e-05
1362,0.45826,0.458041,8.4786e-05
1363,0.467458,0.467303,8.48101e-05
1364,0.832062,0.831692,8.49471e-05
1365,0.171906,0.171795,8.49596e-05
1366,1.20863,1.20819,8.51537e-05
1367,-0.992494,-0.99207,8.53342e-05
1368,-0.0153821,-0.0154264,8.53361e-05
1369,0.702304,0.702046,8.54025e-05
1370,0.305403,0.305356,8.54047e-05
1371,1.08056,1.08007,8.56414e-05
1372,-0.541799,-0.541578,8.569e-05
1373,0.913765,0.913393,8.58284e-05
1374,-0.330604,-0.330474,8.58453e-05
1375,1.12158,1.12112,8.60572e-05
1376,-0.859109,-0.858815,8.61434e-05
1377,0.303842,0.303747,8.61525e-05
1378,0.613426,0.613189,8.62089e-05
1379,0.564951,0.564724,8.62608e-05
1380,0.737817,0.737479,8.63751e-05
1381,0.408131,0.407992,8.63945e-05
1382,0.988549,0.988203,8.65141e-05
1383,-0.244897,-0.244766,8.65314e-05
1384,1.21304,1.21259,8.67398e-05
1385,-1.13239,-1.13194,8.69435e-05
1386,-0.430241,-0.430033,8.69865e-05
1387,0.401706,0.401517,8.7022e-05
1388,0.645502,0.645287,8.70682e-05
1389,0.537788,0.537501,8.71506e-05
1390,0.789445,0.789116,8.7259e-05
1391,0.289552,0.289465,8.72667e-05
1392,1.11982,1.11943,8.74232e-05
1393,-0.66783,-0.66753,8.75128e-05
1394,0.712301,0.711993,8.76076e-05
1395,0.0900544,0.0900332,8.76081e-05
1396,1.20278,1.20225,8.78864e-05
1397,-0.996922,-0.996556,8.80205e-05
1398,-0.0296747,-0.0296974,8.8021e-05
1399,0.70006,0.699799,8.80892e-05
1400,0.30553,0.305485,8.80912e-05
1401,1.07978,1.07929,8.83287e-05
1402,-0.539386,-0.539167,8.83766e-05
1403,0.917178,0.916805,8.85158e-05
1404,-0.338628,-0.338495,8.85335e-05
1405,1.11509,1.11463,8.87423e-05
1406,-0.841199,-0.840913,8.88242e-05
1407,0.344514,0.344402,8.88369e-05
1408,0.581895,0.581669,8.88881e-05
1409,0.629911,0.629646,8.8958e-05
1410,0.619755,0.619464,8.90426e-05
1411,0.651895,0.651664,8.9096e-05
1412,0.591502,0.591307,8.91341e-05
1413,0.706234,0.705997,8.91903e-05
1414,0.479738,0.479587,8.92129e-05
1415,0.8901,0.889794,8.93067e-05
1416,0.0354281,0.0354497,8.93072e-05
1417,1.26564,1.26518,8.9516e-05
1418,-1.23083,-1.23031,8.97814e-05
1419,-0.739851,-0.739586,8.98515e-05
1420,-0.134918,-0.134877,8.98532e-05
1421,0.753002,0.752656,8.99728e-05
1422,0.166493,0.16645,8.99747e-05
1423,1.18753,1.18701,9.02431e-05
1424,-0.923018,-0.922651,9.03777e-05
1425,0.164411,0.164303,9.03893e-05
1426,0.685653,0.685411,9.04478e-05
1427,0.391708,0.391588,9.04622e-05
1428,0.991387,0.990946,9.0657e-05
1429,-0.257403,-0.257287,9.06704e-05
1430,1.20506,1.20461,9.08781e-05
1431,-1.10914,-1.1087,9.10722e-05
1432,-0.359699,-0.359519,9.11044e-05
1433,0.486653,0.486434,9.11521e-05
1434,0.561042,0.560879,9.11788e-05
1435,0.705873,0.705511,9.13094e-05
1436,0.471621,0.471419,9.13503e-05
1437,0.900842,0.900523,9.14518e-05
1438,0.00607466,0.00610638,9.14528e-05
1439,1.27057,1.2701,9.16648e-05
1440,-1.25712,-1.2566,9.19389e-05
1441,-0.829942,-0.829632,9.20348e-05
1442,-0.340724,-0.340586,9.20538e-05
1443,0.588985,0.588712,9.21287e-05
1444,0.412756,0.41261,9.21499e-05
1445,0.938713,0.938268,9.23479e-05
1446,-0.108731,-0.108703,9.23487e-05
1447,1.26541,1.26494,9.25692e-05
1448,-1.27322,-1.2727,9.28382e-05
1449,-0.888576,-0.888208,9.29741e-05
1450,-0.486498,-0.486289,9.30174e-05
1451,0.402638,0.40247,9.30459e-05
1452,0.627592,0.627339,9.31101e-05
1453,0.570056,0.569766,9.31942e-05
1454,0.734027,0.733716,9.32913e-05
1455,0.417393,0.417255,9.33102e-05
1456,0.976713,0.976372,9.34262e-05
1457,-0.209564,-0.209446,9.34401e-05
1458,1.23196,1.2315,9.36522e-05
1459,-1.18653,-1.18605,9.38787e-05
1460,-0.60023,-0.599957,9.39531e-05
1461,0.140342,0.140256,9.39605e-05
1462,0.7928,0.792472,9.40677e-05
1463,0.162945,0.16286,9.4075e-05
1464,1.20111,1.20061,9.43242e-05
1465,-0.969589,-0.969189,9.44839e-05
1466,0.0451885,0.0451242,9.4488e-05
1467,0.706648,0.706393,9.45534e-05
1468,0.315012,0.314951,9.45572e-05
1469,1.07353,1.07305,9.4787e-05
1470,-0.517729,-0.517515,9.48328e-05
1471,0.947346,0.946964,9.49791e-05
1472,-0.410851,-0.410691,9.50048e-05
1473,1.04838,1.04796,9.51844e-05
1474,-0.660916,-0.660702,9.52306e-05
1475,0.703515,0.703249,9.5301e-05
1476,0.10947,0.109406,9.53051e-05
1477,1.19474,1.19422,9.55799e-05
1478,-0.964149,-0.963795,9.57051e-05
1479,0.0578619,0.057803,9.57086e-05
1480,0.706441,0.706184,9.57748e-05
1481,0.319233,0.319167,9.5779e-05
1482,1.06972,1.06924,9.60067e-05
1483,-0.505044,-0.504834,9.60506e-05
1484,0.964359,0.963971,9.6201e-05
1485,-0.452563,-0.452387,9.62319e-05
1486,1.00308,1.00268,9.63935e-05
1487,-0.543389,-0.543219,9.64223e-05
1488,0.888029,0.887681,9.6543e-05
1489,-0.266204,-0.266135,9.65477e-05
1490,1.16763,1.16715,9.67809e-05
1491,-0.987307,-0.98696,9.69017e-05
1492,-0.0136152,-0.0135822,9.69028e-05
1493,0.703932,0.703654,9.69804e-05
1494,0.302791,0.302745,9.69825e-05
1495,1.08327,1.08278,9.72198e-05
1496,-0.550777,-0.550553,9.727e-05
1497,0.90085,0.900482,9.74054e-05
1498,-0.300501,-0.300382,9.74196e-05
1499,1.1443,1.14382,9.76424e-05
1500,-0.9221,-0.92178,9.77445e-05
1501,0.15363,0.153596,9.77456e-05
1502,0.690705,0.690437,9.78172e-05
1503,0.378806,0.378694,9.78297e-05
1504,1.00681,1.00636,9.80298e-05
1505,-0.304387,-0.304253,9.80478e-05
1506,1.17276,1.17231,9.82482e-05
1507,-1.01571,-1.01531,9.84084e-05
1508,-0.0915756,-0.0915042,9.84135e-05
1509,0.683963,0.683685,9.84908e-05
1510,0.318198,0.318154,9.84927e-05
1511,1.06388,1.06339,9.87292e-05
1512,-0.487879,-0.487685,9.87671e-05
1513,0.986442,0.986047,9.89228e-05
1514,-0.507707,-0.50751,9.89614e-05
1515,0.935591,0.935221,9.90986e-05
1516,-0.376854,-0.376747,9.91101e-05
1517,1.08229,1.08185,9.93027e-05
1518,-0.751844,-0.751593,9.9366e-05
1519,0.5339,0.533708,9.94029e-05
1520,0.375896,0.375741,9.9427e-05
1521,0.962891,0.962459,9.96138e-05
1522,-0.18417,-0.184136,9.96149e-05
1523,1.24174,1.24127,9.98338e-05
1524,-1.21278,-1.21229,0.000100071
1525,-0.685429,-0.685125,0.000100163
1526,-0.0208264,-0.0208426,0.000100163
1527,0.794206,0.793854,0.000100287
1528,0.111494,0.111461,0.000100288
1529,1.22128,1.22076,0.000100557
1530,-1.05335,-1.05293,0.000100737
1531,-0.185928,-0.185897,0.000100738
1532,0.635988,0.63574,0.000100799
1533,0.378466,0.378399,0.000100804
1534,0.990729,0.990262,0.000101022
1535,-0.259444,-0.259346,0.000101031
1536,1.20337,1.20291,0.000101239
1537,-1.10404,-1.10361,0.000101431
1538,-0.344425,-0.344252,0.000101461
1539,0.503229,0.503005,0.000101511
1540,0.542658,0.542505,0.000101535
1541,0.73924,0.738865,0.000101676
1542,0.398635,0.398462,0.000101705
1543,0.999734,0.999379,0.000101832
1544,-0.278866,-0.278722,0.000101853
1545,1.1915,1.19105,0.000102056
1546,-1.07009,-1.06967,0.000102236
1547,-0.244681,-0.244548,0.000102254
1548,0.595629,0.595375,0.000102319
1549,0.430468,0.430376,0.000102327
1550,0.919743,0.919299,0.000102524
1551,-0.0540548,-0.054043,0.000102524
1552,1.27217,1.2717,0.000102744
1553,-1.28085,-1.28033,0.000103021
1554,-0.913779,-0.913416,0.000103153
1555,-0.552401,-0.552158,0.000103212
1556,0.299251,0.299146,0.000103223
1557,0.709368,0.709069,0.000103312
1558,0.386051,0.385853,0.000103352
1559,1.00471,1.00429,0.000103527
1560,-0.296409,-0.29627,0.000103547
1561,1.17885,1.1784,0.000103748
1562,-1.03336,-1.03296,0.000103914
1563,-0.14037,-0.140279,0.000103923
1564,0.662837,0.662564,0.000103997
1565,0.343382,0.34333,0.000104
1566,1.03422,1.03374,0.00010423
1567,-0.393232,-0.393078,0.000104254
1568,1.09424,1.09381,0.000104436
1569,-0.793216,-0.792908,0.000104531
1570,0.448114,0.447959,0.000104554
1571,0.481386,0.481193,0.000104592
1572,0.810581,0.810222,0.000104721
1573,0.225447,0.225314,0.000104739
1574,1.17242,1.17199,0.00010492
1575,-0.855773,-0.855402,0.000105058
1576,0.327375,0.327201,0.000105088
1577,0.593697,0.593495,0.000105129
1578,0.605279,0.605029,0.000105192
1579,0.665874,0.665564,0.000105288
1580,0.56154,0.561343,0.000105327
1581,0.75878,0.758521,0.000105394
1582,0.363013,0.362907,0.000105405
1583,1.04354,1.04317,0.000105538
1584,-0.414823,-0.414624,0.000105578
1585,1.07269,1.07227,0.000105754
1586,-0.734353,-0.734067,0.000105835
1587,0.567492,0.567285,0.000105878
1588,0.329383,0.329242,0.000105898
1589,1.01888,1.01843,0.000106107
1590,-0.353397,-0.353294,0.000106117
1591,1.13122,1.13078,0.00010631
1592,-0.896481,-0.896132,0.000106432
1593,0.215019,0.214963,0.000106435
1594,0.666728,0.666468,0.000106502
1595,0.442792,0.442638,0.000106526
1596,0.926055,0.925641,0.000106697
1597,-0.066787,-0.0667445,0.000106699
1598,1.27192,1.27146,0.000106917
1599,-1.28379,-1.28326,0.000107195
1600,-0.924401,-0.92403,0.000107333
1601,-0.580601,-0.580343,0.000107399
1602,0.251349,0.251274,0.000107405
1603,0.737819,0.737503,0.000107504
1604,0.314066,0.313907,0.00010753
1605,1.08375,1.0833,0.000107733
1606,-0.549014,-0.548777,0.00010779
1607,0.90374,0.903371,0.000107926
1608,-0.307266,-0.307144,0.000107941
1609,1.13941,1.13894,0.000108161
1610,-0.908512,-0.908198,0.00010826
1611,0.186977,0.186929,0.000108262
1612,0.678884,0.678621,0.000108331
1613,0.411475,0.411341,0.000108349
1614,0.967135,0.966704,0.000108534
1615,-0.18501,-0.184922,0.000108542
1616,1.2426,1.24214,0.000108757
1617,-1.21603,-1.21554,0.000108997
1618,-0.696227,-0.695919,0.000109092
1619,-0.0426803,-0.0426868,0.000109092
1620,0.789026,0.788673,0.000109216
1621,0.116418,0.116386,0.000109217
1622,1.21816,1.21764,0.000109487
1623,-1.0412,-1.04078,0.000109662
1624,-0.151248,-0.151231,0.000109662
1625,0.655998,0.655746,0.000109726
1626,0.352683,0.352627,0.000109729
1627,1.02312,1.02264,0.000109956
1628,-0.35846,-0.358321,0.000109975
1629,1.12748,1.12704,0.000110166
1630,-0.886151,-0.885805,0.000110285
1631,0.239667,0.239601,0.000110289
1632,0.654141,0.653886,0.000110354
1633,0.47346,0.473286,0.000110385
1634,0.882962,0.882566,0.000110542
1635,0.0514978,0.0514947,0.000110542
1636,1.26151,1.26106,0.00011075
1637,-1.21143,-1.21092,0.000111008
1638,-0.674787,-0.674553,0.000111063
1639,-0.000288517,-0.000306642,0.000111063
1640,0.797986,0.797634,0.000111187
1641,0.109236,0.1092,0.000111188
1642,1.22311,1.2226,0.000111456
1643,-1.0603,-1.05988,0.000111639
1644,-0.205935,-0.205895,0.000111641
1645,0.622931,0.622687,0.000111701
1646,0.395472,0.395397,0.000111706
1647,0.968392,0.967932,0.000111918
1648,-0.1931,-0.19303,0.000111923
1649,1.23868,1.23821,0.000112138
1650,-1.20484,-1.20436,0.000112372
1651,-0.65949,-0.659196,0.000112459
1652,0.0303778,0.030339,0.00011246
1653,0.801301,0.800953,0.000112582
1654,0.111008,0.110966,0.000112584
1655,1.22356,1.22305,0.000112849
1656,-1.06132,-1.06089,0.000113034
1657,-0.208812,-0.208772,0.000113035
1658,0.620957,0.620713,0.000113095
1659,0.398046,0.39797,0.000113101
1660,0.96494,0.964481,0.000113311
1661,-0.182988,-0.182923,0.000113316
1662,1.24296,1.2425,0.000113532
1663,-1.21669,-1.2162,0.000113772
1664,-0.698369,-0.698061,0.000113867
1665,-0.0470607,-0.0470652,0.000113867
1666,0.787833,0.787481,0.000113991
1667,0.117737,0.117704,0.000113992
1668,1.21737,1.21685,0.000114262
1669,-1.03811,-1.0377,0.000114436
1670,-0.142497,-0.142483,0.000114436
1671,0.660523,0.660269,0.0001145
1672,0.346971,0.346917,0.000114503
1673,1.03007,1.02959,0.000114732
1674,-0.380147,-0.379999,0.000114754
1675,1.10715,1.10672,0.000114939
1676,-0.829077,-0.828754,0.000115043
1677,0.37057,0.370448,0.000115058
1678,0.55947,0.559249,0.000115106
1679,0.673559,0.673271,0.00011519
1680,0.53342,0.533164,0.000115255
1681,0.8043,0.804013,0.000115338
1682,0.255005,0.254939,0.000115343
1683,1.15062,1.15021,0.000115508
1684,-0.776045,-0.775703,0.000115625
1685,0.502899,0.502662,0.000115681
1686,0.413688,0.413552,0.0001157
1687,0.911772,0.911363,0.000115867
1688,-0.0387238,-0.0387498,0.000115867
1689,1.27178,1.27131,0.000116089
1690,-1.27486,-1.27433,0.000116365
1691,-0.892455,-0.892106,0.000116487
1692,-0.49671,-0.496495,0.000116533
1693,0.387418,0.387258,0.000116558
1694,0.641356,0.641095,0.000116626
1695,0.541049,0.540773,0.000116703
1696,0.78325,0.782919,0.000116812
1697,0.30418,0.304086,0.000116821
1698,1.10581,1.10542,0.000116973
1699,-0.61979,-0.61951,0.000117052
1700,0.794651,0.794316,0.000117164
1701,-0.0692024,-0.0691668,0.000117165
1702,1.23213,1.2316,0.000117444
1703,-1.14473,-1.14431,0.000117621
1704,-0.463941,-0.463759,0.000117654
1705,0.355769,0.355605,0.000117681
1706,0.684076,0.683836,0.000117739
1707,0.452243,0.451997,0.0001178
1708,0.91951,0.919129,0.000117945
1709,-0.0471593,-0.047117,0.000117947
1710,1.2731,1.27263,0.000118163
1711,-1.28209,-1.28156,0.000118443
1712,-0.917924,-0.917562,0.000118574
1713,-0.563404,-0.563155,0.000118636
1714,0.280824,0.28073,0.000118645
1715,0.721026,0.72072,0.000118738
1716,0.357189,0.357007,0.000118772
1717,1.03821,1.03778,0.000118959
1718,-0.400862,-0.400683,0.000118991
1719,1.08699,1.08657,0.000119171
1720,-0.77339,-0.77309,0.000119261
1721,0.489409,0.489236,0.000119291
1722,0.433157,0.43298,0.000119322
1723,0.884706,0.88431,0.000119479
1724,0.035143,0.0350876,0.000119482
1725,1.26403,1.26357,0.000119698
1726,-1.22524,-1.22472,0.000119959
1727,-0.721117,-0.72086,0.000120025
1728,-0.0949354,-0.0949122,0.000120026
1729,0.771481,0.77113,0.000120149
1730,0.139063,0.139028,0.00012015
1731,1.2048,1.20428,0.000120421
1732,-0.98909,-0.988695,0.000120577
1733,-0.00720007,-0.00724069,0.000120578
1734,0.703577,0.703318,0.000120645
1735,0.305357,0.305309,0.000120648
1736,1.08098,1.0805,0.000120884
1737,-0.543091,-0.542869,0.000120933
1738,0.91193,0.911559,0.000121071
1739,-0.326305,-0.326176,0.000121087
1740,1.12498,1.12452,0.000121301
1741,-0.868515,-0.868217,0.000121389
1742,0.282121,0.282034,0.000121397
1743,0.628417,0.628174,0.000121456
1744,0.532375,0.532166,0.0001215
1745,0.792331,0.791972,0.000121629
1746,0.281634,0.281543,0.000121637
1747,1.12702,1.12662,0.000121797
1748,-0.692823,-0.692514,0.000121892
1749,0.666873,0.66658,0.000121978
1750,0.170236,0.170186,0.00012198
1751,1.15994,1.15943,0.000122245
1752,-0.831218,-0.830918,0.000122334
1753,0.381418,0.381233,0.000122369
1754,0.547438,0.547251,0.000122404
1755,0.695393,0.695093,0.000122493
1756,0.487998,0.487759,0.00012255
1757,0.87577,0.875455,0.000122649
1758,0.0733321,0.0733367,0.000122649
1759,1.25556,1.25511,0.000122853
1760,-1.18391,-1.18341,0.000123102
1761,-0.584304,-0.584112,0.000123139
1762,0.167404,0.167316,0.000123147
1763,0.785894,0.785574,0.00012325
1764,0.186318,0.186218,0.00012326
1765,1.18762,1.18712,0.000123502
1766,-0.917485,-0.917104,0.000123647
1767,0.178741,0.178625,0.000123661
1768,0.680438,0.680199,0.000123718
1769,0.405978,0.405848,0.000123734
1770,0.973896,0.973462,0.000123923
1771,-0.205021,-0.204925,0.000123932
1772,1.23371,1.23325,0.000124145
1773,-1.19121,-1.19073,0.000124374
1774,-0.61529,-0.615012,0.000124451
1775,0.113319,0.113245,0.000124457
1776,0.797877,0.797542,0.000124568
1777,0.143541,0.14347,0.000124573
1778,1.21095,1.21045,0.000124828
1779,-1.00862,-1.00821,0.000124999
1780,-0.0599231,-0.0599453,0.000124999
1781,0.692765,0.692507,0.000125066
1782,0.310669,0.310625,0.000125068
1783,1.07316,1.07267,0.000125306
1784,-0.517887,-0.517679,0.000125349
1785,0.946995,0.946613,0.000125495
1786,-0.40997,-0.40981,0.000125521
1787,1.04929,1.04886,0.000125701
1788,-0.663314,-0.663098,0.000125747
1789,0.699344,0.69908,0.000125817
1790,0.116939,0.116872,0.000125821
1791,1.19112,1.1906,0.000126095
1792,-0.94983,-0.949482,0.000126216
1793,0.0951314,0.0950575,0.000126222
1794,0.702759,0.702505,0.000126286
1795,0.33768,0.337599,0.000126293
1796,1.05166,1.05119,0.000126511
1797,-0.445908,-0.44572,0.000126547
1798,1.03763,1.03722,0.000126715
1799,-0.640131,-0.639883,0.000126776
1800,0.738218,0.737936,0.000126855
1801,0.0457085,0.0456647,0.000126857
1802,1.21899,1.21846,0.000127138
1803,-1.0652,-1.06481,0.000127293
1804,-0.221865,-0.221806,0.000127296
1805,0.611925,0.61168,0.000127356
1806,0.409726,0.409644,0.000127363
1807,0.949026,0.948573,0.000127569
1808,-0.136859,-0.136813,0.000127571
1809,1.25884,1.25837,0.00012779
1810,-1.25844,-1.25793,0.00012805
1811,-0.838175,-0.837819,0.000128177
1812,-0.36024,-0.360096,0.000128197
1813,0.56738,0.567118,0.000128266
1814,0.441859,0.4417,0.000128291
1815,0.897427,0.896997,0.000128476
1816,0.00608313,0.0060643,0.000128476
1817,1.26951,1.26905,0.000128693
1818,-1.25338,-1.25286,0.000128964
1819,-0.817096,-0.816791,0.000129057
1820,-0.309987,-0.309864,0.000129072
1821,0.62083,0.62054,0.000129156
1822,0.368067,0.367942,0.000129171
1823,0.997094,0.996628,0.000129388
1824,-0.280291,-0.280192,0.000129398
1825,1.18953,1.18908,0.000129603
1826,-1.06395,-1.06353,0.00012978
1827,-0.226928,-0.226802,0.000129796
1828,0.609185,0.608927,0.000129862
1829,0.412933,0.41285,0.000129869
1830,0.944507,0.944055,0.000130074
1831,-0.123922,-0.123881,0.000130075
1832,1.2622,1.26173,0.000130295
1833,-1.26643,-1.26592,0.00013056
1834,-0.865408,-0.865045,0.000130692
1835,-0.427577,-0.427399,0.000130724
1836,0.484965,0.484748,0.000130771
1837,0.543016,0.542807,0.000130814
1838,0.733293,0.73293,0.000130946
1839,0.410965,0.410782,0.00013098
1840,0.983991,0.98364,0.000131103
1841,-0.231458,-0.231333,0.000131118
1842,1.22063,1.22017,0.000131328
1843,-1.15421,-1.15374,0.000131541
1844,-0.497761,-0.497527,0.000131596
1845,0.307483,0.30733,0.000131619
1846,0.718774,0.718509,0.000131689
1847,0.369645,0.369441,0.000131731
1848,1.02489,1.02447,0.00013191
1849,-0.35869,-0.358526,0.000131937
1850,1.12782,1.12738,0.000132126
1851,-0.887297,-0.88695,0.000132247
1852,0.236928,0.236863,0.000132251
1853,0.655625,0.65537,0.000132316
1854,0.469917,0.469746,0.000132346
1855,0.888083,0.887685,0.000132504
1856,0.0377427,0.037745,0.000132504
1857,1.26477,1.26431,0.000132714
1858,-1.22707,-1.22655,0.000132978
1859,-0.727166,-0.726907,0.000133045
1860,-0.107746,-0.107717,0.000133046
1861,0.766033,0.765684,0.000133168
1862,0.146942,0.146905,0.000133169
1863,1.20001,1.19949,0.00013344
1864,-0.970608,-0.970221,0.000133589
1865,0.0420474,0.0419873,0.000133593
1866,0.706722,0.706466,0.000133659
1867,0.313925,0.313865,0.000133662
1868,1.0745,1.07402,0.000133893
1869,-0.520994,-0.520779,0.000133939
1870,0.942894,0.942513,0.000134084
1871,-0.400052,-0.399896,0.000134109
1872,1.0593,1.05887,0.000134293
1873,-0.689885,-0.689659,0.000134344
1874,0.652024,0.651781,0.000134403
1875,0.198452,0.198357,0.000134412
1876,1.14096,1.14045,0.000134668
1877,-0.761642,-0.761371,0.000134742
1878,0.530816,0.530576,0.0001348
1879,0.377599,0.377474,0.000134816
1880,0.960123,0.959692,0.000135002
1881,-0.176201,-0.17617,0.000135003
1882,1.24493,1.24446,0.000135222
1883,-1.22149,-1.22099,0.000135463
1884,-0.714135,-0.713822,0.000135561
1885,-0.079667,-0.0796567,0.000135561
1886,0.777321,0.77697,0.000135685
1887,0.130981,0.130947,0.000135686
1888,1.20961,1.20908,0.000135956
1889,-1.00776,-1.00736,0.000136119
1890,-0.0579293,-0.0579497,0.000136119
1891,0.69335,0.693091,0.000136186
1892,0.310133,0.310089,0.000136188
1893,1.0738,1.07331,0.000136426
1894,-0.519975,-0.519766,0.00013647
1895,0.944155,0.943774,0.000136615
1896,-0.403079,-0.402922,0.00013664
1897,1.05628,1.05585,0.000136823
1898,-0.681839,-0.681616,0.000136872
1899,0.666563,0.666313,0.000136935
1900,0.174039,0.173952,0.000136942
1901,1.15804,1.15753,0.000137205
1902,-0.82394,-0.823643,0.000137293
1903,0.397709,0.397517,0.00013733
1904,0.531861,0.531679,0.000137362
1905,0.723814,0.723499,0.000137461
1906,0.426887,0.426672,0.000137507
1907,0.962528,0.962181,0.000137628
1908,-0.168207,-0.168107,0.000137638
1909,1.24955,1.24909,0.000137853
1910,-1.23525,-1.23475,0.000138102
1911,-0.760051,-0.75972,0.000138211
1912,-0.178525,-0.178469,0.000138215
1913,0.727829,0.727492,0.000138328
1914,0.205573,0.205516,0.000138331
1915,1.15963,1.15912,0.000138594
1916,-0.819639,-0.819316,0.000138699
1917,0.408144,0.407945,0.000138738
1918,0.521394,0.521218,0.000138769
1919,0.742373,0.742048,0.000138875
1920,0.385674,0.385476,0.000138914
1921,1.01495,1.01459,0.000139048
1922,-0.325659,-0.325497,0.000139074
1923,1.15649,1.15605,0.00013927
1924,-0.969057,-0.968676,0.000139415
1925,0.033128,0.0331481,0.000139416
1926,0.70814,0.707859,0.000139494
1927,0.308511,0.308455,0.000139498
1928,1.07964,1.07916,0.00013973
1929,-0.538093,-0.537872,0.000139779
1930,0.919092,0.918718,0.000139919
1931,-0.343157,-0.343022,0.000139937
1932,1.11134,1.11089,0.000140144
1933,-0.830882,-0.8306,0.000140224
1934,0.367533,0.367411,0.000140239
1935,0.562052,0.561833,0.000140287
1936,0.66859,0.668304,0.000140368
1937,0.543528,0.543267,0.000140436
1938,0.787578,0.787296,0.000140515
1939,0.295292,0.29521,0.000140522
1940,1.11457,1.11418,0.000140676
1941,-0.649686,-0.649393,0.000140761
1942,0.744176,0.743858,0.000140863
1943,0.0305282,0.0305282,0.000140863
1944,1.22238,1.22185,0.000141146
1945,-1.08133,-1.08093,0.000141305
1946,-0.269313,-0.269232,0.000141311
1947,0.574474,0.57424,0.000141366
1948,0.457685,0.457579,0.000141377
1949,0.879572,0.879142,0.000141562
1950,0.0552596,0.0552264,0.000141563
1951,1.25993,1.25947,0.000141774
1952,-1.20472,-1.20421,0.000142029
1953,-0.65256,-0.652336,0.000142079
1954,0.043014,0.0429774,0.00014208
1955,0.802061,0.801713,0.000142201
1956,0.113096,0.113051,0.000142203
1957,1.22314,1.22262,0.000142468
1958,-1.05924,-1.05881,0.000142652
1959,-0.202756,-0.202719,0.000142653
1960,0.62507,0.624825,0.000142713
1961,0.39269,0.392616,0.000142719
1962,0.972102,0.971641,0.000142932
1963,-0.20401,-0.203936,0.000142937
1964,1.23373,1.23327,0.000143152
1965,-1.19098,-1.19051,0.00014338
1966,-0.614522,-0.614245,0.000143457
1967,0.114708,0.114633,0.000143462
1968,0.797663,0.79733,0.000143574
1969,0.144434,0.144362,0.000143579
1970,1.21053,1.21002,0.000143833
1971,-1.00692,-1.00651,0.000144004
1972,-0.0552487,-0.0552729,0.000144004
1973,0.694029,0.693771,0.000144071
1974,0.309617,0.309573,0.000144073
1975,1.07445,1.07396,0.000144311
1976,-0.522089,-0.521878,0.000144355
1977,0.941269,0.940889,0.0001445
1978,-0.396098,-0.395944,0.000144524
1979,1.06322,1.06279,0.00014471
1980,-0.700335,-0.700105,0.000144763
1981,0.632865,0.63263,0.000144818
1982,0.229765,0.229659,0.000144829
1983,1.11645,1.11595,0.000145076
1984,-0.674816,-0.67458,0.000145132
1985,0.698003,0.697704,0.000145221
1986,0.116152,0.116119,0.000145222
1987,1.19096,1.19043,0.000145497
1988,-0.949498,-0.949151,0.000145618
1989,0.0959625,0.0958883,0.000145623
1990,0.702636,0.702382,0.000145687
1991,0.33817,0.338089,0.000145694
1992,1.05116,1.05069,0.000145913
1993,-0.444286,-0.444099,0.000145948
1994,1.0395,1.03909,0.000146116
1995,-0.64508,-0.64483,0.000146179
1996,0.729877,0.7296,0.000146256
1997,0.0613577,0.0613085,0.000146258
1998,1.21415,1.21362,0.000146538
1999,-1.04401,-1.04362,0.000146686
2000,-0.160755,-0.160722,0.000146688
2001,0.651002,0.650749,0.000146752
2002,0.358978,0.35892,0.000146755
2003,1.01535,1.01487,0.00014698
2004,-0.334404,-0.334275,0.000146997
2005,1.14847,1.14803,0.000147192
2006,-0.945801,-0.945431,0.000147329
2007,0.093038,0.0930332,0.000147329
2008,0.70453,0.704254,0.000147406
2009,0.333627,0.333548,0.000147412
2010,1.05599,1.05552,0.000147633
2011,-0.459902,-0.459709,0.00014767
2012,1.0212,1.02079,0.000147834
2013,-0.596964,-0.596733,0.000147887
2014,0.808023,0.80771,0.000147985
2015,-0.0923791,-0.0923745,0.000147985
2016,1.23089,1.23037,0.000148259
2017,-1.14746,-1.14704,0.000148436
2018,-0.47305,-0.472858,0.000148473
2019,0.343018,0.342857,0.000148499
2020,0.693819,0.693572,0.00014856
2021,0.429634,0.429399,0.000148615
2022,0.950328,0.949935,0.00014877
2023,-0.134584,-0.134508,0.000148776
2024,1.26012,1.25965,0.000148993
2025,-1.26227,-1.26176,0.000149256
2026,-0.851326,-0.850966,0.000149386
2027,-0.392489,-0.392329,0.000149412
2028,0.529461,0.52922,0.00014947
2029,0.490382,0.490199,0.000149504
2030,0.822754,0.822353,0.000149664
2031,0.200387,0.200289,0.000149674
2032,1.19097,1.19054,0.000149858
2033,-0.924666,-0.924267,0.000150018
2034,0.161298,0.161186,0.00015003
2035,0.686588,0.686347,0.000150088
2036,0.388973,0.388855,0.000150102
2037,0.994655,0.994212,0.000150298
2038,-0.267305,-0.267185,0.000150313
2039,1.19877,1.19832,0.000150519
2040,-1.09095,-1.09052,0.000150706
2041,-0.30558,-0.305423,0.000150731
2042,0.542486,0.542249,0.000150787
2043,0.496853,0.496726,0.000150803
2044,0.817649,0.817243,0.000150968
2045,0.214075,0.213977,0.000150978
2046,1.1815,1.18107,0.000151159
2047,-0.889097,-0.888711,0.000151308
2048,0.248736,0.248591,0.000151329
2049,0.647094,0.64687,0.000151378
2050,0.488941,0.488759,0.000151412
2051,0.860009,0.859621,0.000151562
2052,0.112126,0.1121,0.000151562
2053,1.24074,1.24029,0.000151762
2054,-1.1205,-1.12003,0.000151987
2055,-0.384269,-0.384163,0.000151999
2056,0.457571,0.457377,0.000152036
2057,0.592062,0.59188,0.000152069
2058,0.647099,0.646763,0.000152182
2059,0.592191,0.591941,0.000152245
2060,0.703722,0.703478,0.000152305
2061,0.484903,0.484749,0.000152329
2062,0.882373,0.882069,0.000152421
2063,0.0561469,0.0561604,0.000152421
2064,1.26066,1.26021,0.000152627
2065,-1.20702,-1.20652,0.000152885
2066,-0.660118,-0.659891,0.000152936
2067,0.0284378,0.0284074,0.000152937
2068,0.801252,0.800903,0.000153059
2069,0.11054,0.110498,0.000153061
2070,1.22369,1.22318,0.000153327
2071,-1.06191,-1.06148,0.000153511
2072,-0.210516,-0.210475,0.000153513
2073,0.619781,0.619537,0.000153572
2074,0.399578,0.399501,0.000153578
2075,0.962878,0.962419,0.000153788
2076,-0.176964,-0.176901,0.000153792
2077,1.24538,1.24491,0.000154009
2078,-1.2233,-1.22281,0.000154252
2079,-0.720199,-0.719882,0.000154352
2080,-0.092381,-0.0923649,0.000154352
2081,0.772442,0.772091,0.000154475
2082,0.13775,0.137715,0.000154476
2083,1.2056,1.20508,0.000154746
2084,-0.992172,-0.991776,0.000154903
2085,-0.0155078,-0.0155451,0.000154905
2086,0.702388,0.702129,0.000154972
2087,0.305204,0.305158,0.000154974
2088,1.08076,1.08027,0.000155211
2089,-0.542447,-0.542226,0.00015526
2090,0.912839,0.912467,0.000155398
2091,-0.328433,-0.328303,0.000155414
2092,1.12331,1.12284,0.000155627
2093,-0.863876,-0.863581,0.000155714
2094,0.292864,0.292773,0.000155723
2095,0.621164,0.620923,0.000155781
2096,0.548286,0.548068,0.000155828
2097,0.766097,0.765748,0.00015595
2098,0.343618,0.343503,0.000155963
2099,1.06491,1.06453,0.000156104
2100,-0.483696,-0.48347,0.000156155
2101,0.992516,0.992119,0.000156312
2102,-0.523266,-0.523062,0.000156354
2103,0.914965,0.914604,0.000156484
2104,-0.328108,-0.328019,0.000156492
2105,1.12421,1.12375,0.000156703
2106,-0.866631,-0.866333,0.000156792
2107,0.286465,0.286377,0.0001568
2108,0.625526,0.625284,0.000156858
2109,0.538754,0.538542,0.000156903
2110,0.781903,0.781547,0.00015703
2111,0.306521,0.30642,0.00015704
2112,1.1034,1.10301,0.000157192
2113,-0.611644,-0.611367,0.000157269
2114,0.807965,0.807626,0.000157384
2115,-0.0966195,-0.0965741,0.000157386
2116,1.22976,1.22923,0.000157661
2117,-1.1448,-1.14438,0.000157837
2118,-0.464879,-0.46469,0.000157873
2119,0.354539,0.354374,0.0001579
2120,0.685021,0.68478,0.000157958
2121,0.450064,0.449819,0.000158018
2122,0.922544,0.922162,0.000158164
2123,-0.0556347,-0.0555892,0.000158166
2124,1.27279,1.27232,0.000158383
2125,-1.28353,-1.283,0.000158663
2126,-0.923203,-0.922836,0.000158797
2127,-0.577435,-0.577178,0.000158863
2128,0.256839,0.256761,0.000158869
2129,0.734864,0.73455,0.000158968
2130,0.321802,0.321639,0.000158994
2131,1.07598,1.07553,0.000159195
2132,-0.523215,-0.522987,0.000159247
2133,0.940118,0.939738,0.000159392
2134,-0.3934,-0.393246,0.000159415
2135,1.06585,1.06542,0.000159602
2136,-0.70738,-0.707147,0.000159657
2137,0.619776,0.619547,0.000159709
2138,0.250594,0.250481,0.000159722
2139,1.09852,1.09803,0.000159962
2140,-0.612994,-0.612784,0.000160006
2141,0.804038,0.803703,0.000160119
2142,-0.0881882,-0.0881483,0.000160121
2143,1.23076,1.23023,0.000160397
2144,-1.14573,-1.14531,0.000160573
2145,-0.467534,-0.467346,0.000160609
2146,0.350795,0.350632,0.000160635
2147,0.68792,0.687677,0.000160695
2148,0.443372,0.44313,0.000160753
2149,0.931779,0.931393,0.000160902
2150,-0.0816057,-0.08155,0.000160905
2151,1.27057,1.27011,0.000161123
2152,-1.28343,-1.28291,0.0001614
2153,-0.923531,-0.923156,0.00016154
2154,-0.578232,-0.577975,0.000161606
2155,0.255453,0.255376,0.000161612
2156,0.735618,0.735304,0.000161711
2157,0.319834,0.319672,0.000161737
2158,1.07797,1.07753,0.000161939
2159,-0.529813,-0.529583,0.000161992
2160,0.930994,0.930616,0.000162134
2161,-0.371486,-0.37134,0.000162156
2162,1.08658,1.08613,0.000162351
2163,-0.763219,-0.762964,0.000162416
2164,0.511064,0.510881,0.00016245
2165,0.405877,0.405712,0.000162477
2166,0.923235,0.922821,0.000162648
2167,-0.0705135,-0.0705258,0.000162649
2168,1.27035,1.26988,0.000162871
2169,-1.27933,-1.2788,0.000163146
2170,-0.908868,-0.908502,0.000163279
2171,-0.539404,-0.539168,0.000163335
2172,0.320585,0.320466,0.000163349
2173,0.694762,0.694472,0.000163434
2174,0.42115,0.420933,0.000163481
2175,0.960685,0.960283,0.000163642
2176,-0.164808,-0.164721,0.00016365
2177,1.25056,1.2501,0.000163866
2178,-1.23776,-1.23726,0.000164116
2179,-0.768446,-0.768113,0.000164227
2180,-0.19724,-0.197175,0.000164231
2181,0.715469,0.715137,0.000164341
2182,0.224922,0.224858,0.000164345
2183,1.14426,1.14376,0.000164605
2184,-0.764289,-0.763989,0.000164695
2185,0.526217,0.525975,0.000164753
2186,0.38362,0.383493,0.000164769
2187,0.952326,0.951899,0.000164952
2188,-0.153529,-0.153507,0.000164953
2189,1.25305,1.25258,0.000165174
2190,-1.24309,-1.24259,0.000165425
2191,-0.786202,-0.785864,0.00016554
2192,-0.237476,-0.237392,0.000165547
2193,0.685663,0.685344,0.000165649
2194,0.271291,0.271208,0.000165655
2195,1.10313,1.10263,0.000165904
2196,-0.620981,-0.620741,0.000165962
2197,0.791673,0.791341,0.000166072
2198,-0.0629631,-0.0629312,0.000166073
2199,1.23239,1.23186,0.000166353
2200,-1.14376,-1.14334,0.000166529
2201,-0.460748,-0.460568,0.000166562
2202,0.360192,0.360025,0.000166589
2203,0.680602,0.680364,0.000166646
2204,0.460204,0.459954,0.000166708
2205,0.908305,0.907928,0.00016685
2206,-0.0161105,-0.0160802,0.000166851
2207,1.27248,1.27202,0.000167066
2208,-1.27059,-1.27006,0.000167343
2209,-0.877004,-0.876669,0.000167456
2210,-0.457181,-0.456985,0.000167494
2211,0.444824,0.44463,0.000167532
2212,0.586362,0.586131,0.000167586
2213,0.652748,0.65242,0.000167693
2214,0.580177,0.579926,0.000167756
2215,0.72514,0.724886,0.00016782
2216,0.43847,0.438334,0.000167839
2217,0.948803,0.948474,0.000167947
2218,-0.128029,-0.127944,0.000167954
2219,1.26209,1.26162,0.000168171
2220,-1.26727,-1.26676,0.000168437
2221,-0.868428,-0.868062,0.000168571
2222,-0.435154,-0.434972,0.000168604
2223,0.474911,0.4747,0.000168648
2224,0.554247,0.554032,0.000168694
2225,0.713033,0.712678,0.00016882
2226,0.455336,0.455135,0.00016886
2227,0.924124,0.923796,0.000168968
2228,-0.0582745,-0.0582177,0.000168971
2229,1.27286,1.27239,0.000169187
2230,-1.28457,-1.28405,0.000169467
2231,-0.926933,-0.926564,0.000169604
2232,-0.587404,-0.587142,0.000169672
2233,0.239468,0.239401,0.000169677
2234,0.743939,0.74362,0.000169779
2235,0.297812,0.297662,0.000169801
2236,1.0995,1.09904,0.000170011
2237,-0.602011,-0.601753,0.000170078
2238,0.823107,0.822763,0.000170196
2239,-0.128298,-0.128241,0.000170199
2240,1.22432,1.2238,0.000170469
2241,-1.13566,-1.13525,0.00017064
2242,-0.437354,-0.437168,0.000170674
2243,0.392043,0.391862,0.000170707
2244,0.654091,0.653871,0.000170755
2245,0.519271,0.518993,0.000170833
2246,0.819407,0.819066,0.000170949
2247,0.21654,0.216481,0.000170953
2248,1.18053,1.18011,0.000171129
2249,-0.885166,-0.884781,0.000171277
2250,0.25821,0.258061,0.000171299
2251,0.641553,0.641332,0.000171348
2252,0.501779,0.501589,0.000171384
2253,0.840551,0.840171,0.000171528
2254,0.16228,0.162234,0.00017153
2255,1.21564,1.2152,0.00017172
2256,-1.01917,-1.01874,0.000171911
2257,-0.0883769,-0.0883928,0.000171911
2258,0.683697,0.68344,0.000171977
2259,0.3196,0.319555,0.000171979
2260,1.06256,1.06207,0.000172215
2261,-0.483518,-0.483325,0.000172252
2262,0.991973,0.991577,0.000172409
2263,-0.521714,-0.521512,0.00017245
2264,0.91707,0.916708,0.000172581
2265,-0.333039,-0.332948,0.000172589
2266,1.12027,1.11982,0.000172799
2267,-0.855761,-0.855468,0.000172885
2268,0.311489,0.31139,0.000172894
2269,0.607846,0.60761,0.00017295
2270,0.576785,0.576551,0.000173005
2271,0.717238,0.716908,0.000173114
2272,0.453581,0.453425,0.000173138
2273,0.927564,0.927241,0.000173242
2274,-0.0677198,-0.0676582,0.000173246
2275,1.27223,1.27176,0.000173462
2276,-1.28516,-1.28463,0.000173742
2277,-0.929239,-0.928866,0.000173881
2278,-0.593563,-0.593298,0.000173951
2279,0.228597,0.228537,0.000173955
2280,0.749212,0.74889,0.000174059
2281,0.283533,0.283391,0.000174079
2282,1.1127,1.11223,0.000174294
2283,-0.647144,-0.646868,0.00017437
2284,0.748175,0.747856,0.000174472
2285,0.0229326,0.0229347,0.000174472
2286,1.22415,1.22362,0.000174754
2287,-1.08967,-1.08927,0.000174916
2288,-0.294106,-0.294013,0.000174925
2289,0.552427,0.552199,0.000174977
2290,0.485023,0.484903,0.000174991
2291,0.83689,0.836476,0.000175162
2292,0.16598,0.165901,0.000175169
2293,1.21285,1.21241,0.00017536
2294,-1.00858,-1.00814,0.000175547
2295,-0.0591465,-0.0591738,0.000175548
2296,0.692912,0.692655,0.000175614
2297,0.310613,0.310569,0.000175616
2298,1.07325,1.07276,0.000175853
2299,-0.518182,-0.517974,0.000175897
2300,0.946595,0.946213,0.000176043
2301,-0.408998,-0.408838,0.000176068
2302,1.05028,1.04986,0.000176249
2303,-0.665944,-0.665727,0.000176296
2304,0.694749,0.694488,0.000176364
2305,0.125113,0.125043,0.000176369
2306,1.18698,1.18646,0.000176641
2307,-0.933578,-0.933236,0.000176758
2308,0.136725,0.136635,0.000176766
2309,0.694141,0.693892,0.000176828
2310,0.367012,0.366909,0.000176838
2311,1.02015,1.0197,0.000177044
2312,-0.345771,-0.345621,0.000177067
2313,1.13911,1.13867,0.000177259
2314,-0.919255,-0.918895,0.000177389
2315,0.15952,0.159487,0.00017739
2316,0.68899,0.688721,0.000177462
2317,0.383891,0.383775,0.000177475
2318,1.00086,1.00042,0.000177673
2319,-0.28617,-0.286042,0.000177689
2320,1.18603,1.18558,0.000177893
2321,-1.05406,-1.05364,0.000178066
2322,-0.198674,-0.19856,0.00017808
2323,0.628974,0.62871,0.000178149
2324,0.387115,0.387045,0.000178154
2325,0.979352,0.978888,0.000178369
2326,-0.225481,-0.225398,0.000178376
2327,1.223,1.22254,0.000178589
2328,-1.16053,-1.16007,0.000178803
2329,-0.517537,-0.517296,0.000178861
2330,0.277488,0.277347,0.000178881
2331,0.7374,0.737122,0.000178959
2332,0.322696,0.322517,0.000178991
2333,1.07596,1.07551,0.000179188
2334,-0.522892,-0.522663,0.00017924
2335,0.940586,0.940206,0.000179385
2336,-0.394535,-0.394381,0.000179409
2337,1.06474,1.06431,0.000179595
2338,-0.704407,-0.704175,0.000179649
2339,0.625317,0.625085,0.000179703
2340,0.241833,0.241723,0.000179715
2341,1.10622,1.10572,0.000179958
2342,-0.639378,-0.639157,0.000180007
2343,0.760108,0.759787,0.00018011
2344,5.72005e-05,6.5467e-05,0.00018011
2345,1.22847,1.22794,0.000180393
2346,-1.11135,-1.11094,0.000180561
2347,-0.359602,-0.359478,0.000180576
2348,0.486012,0.485805,0.000180619
2349,0.561912,0.561748,0.000180646
2350,0.704317,0.703956,0.000180776
2351,0.474952,0.474748,0.000180818
2352,0.895963,0.895646,0.000180918
2353,0.0193427,0.0193692,0.000180919
2354,1.26863,1.26817,0.000181129
2355,-1.24626,-1.24574,0.0001814
2356,-0.792461,-0.792171,0.000181484
2357,-0.252367,-0.252271,0.000181494
2358,0.673566,0.673252,0.000181593
2359,0.289834,0.289744,0.000181601
2360,1.08494,1.08444,0.000181844
2361,-0.559717,-0.559502,0.000181891
2362,0.887437,0.887073,0.000182023
2363,-0.269617,-0.26951,0.000182034
2364,1.16492,1.16443,0.000182268
2365,-0.97946,-0.979117,0.000182386
2366,0.00716768,0.00719233,0.000182386
2367,0.706471,0.706193,0.000182464
2368,0.304017,0.303967,0.000182466
2369,1.08299,1.0825,0.000182702
2370,-0.549575,-0.54935,0.000182752
2371,0.90262,0.902251,0.000182888
2372,-0.304605,-0.304485,0.000182903
2373,1.14135,1.14088,0.000183124
2374,-0.913911,-0.913595,0.000183224
2375,0.173788,0.173746,0.000183226
2376,0.683923,0.683659,0.000183296
2377,0.397904,0.397779,0.000183311
2378,0.984016,0.983579,0.000183503
2379,-0.235172,-0.235065,0.000183514
2380,1.21817,1.21772,0.000183725
2381,-1.14694,-1.14648,0.000183934
2382,-0.475109,-0.474884,0.000183985
2383,0.340499,0.340334,0.000184012
2384,0.695625,0.695377,0.000184074
2385,0.425364,0.425132,0.000184128
2386,0.955977,0.955582,0.000184284
2387,-0.150934,-0.150851,0.000184291
2388,1.25528,1.25482,0.000184508
2389,-1.25015,-1.24964,0.000184764
2390,-0.810156,-0.809809,0.000184885
2391,-0.29311,-0.292999,0.000184897
2392,0.637166,0.636869,0.000184986
2393,0.344371,0.344257,0.000184999
2394,1.02562,1.02514,0.000185224
2395,-0.368144,-0.368009,0.000185243
2396,1.11837,1.11794,0.000185431
2397,-0.860444,-0.860109,0.000185543
2398,0.299771,0.299679,0.000185552
2399,0.616478,0.616237,0.00018561
2400,0.558481,0.558257,0.00018566
2401,0.748902,0.74856,0.000185777
2402,0.383128,0.382998,0.000185794
2403,1.01956,1.01921,0.000185922
2404,-0.33956,-0.339391,0.00018595
2405,1.14494,1.1445,0.000186144
2406,-0.936018,-0.935651,0.000186279
2407,0.117745,0.11773,0.000186279
2408,0.700175,0.6999,0.000186354
2409,0.349606,0.349515,0.000186362
2410,1.03941,1.03895,0.000186575
2411,-0.40649,-0.406316,0.000186605
2412,1.08098,1.08055,0.000186784
2413,-0.756823,-0.756529,0.00018687
2414,0.523083,0.522896,0.000186905
2415,0.390415,0.390253,0.000186932
2416,0.944076,0.943652,0.000187111
2417,-0.129608,-0.129596,0.000187111
2418,1.26005,1.25958,0.000187333
2419,-1.26056,-1.26005,0.000187594
2420,-0.845285,-0.844929,0.000187721
2421,-0.377634,-0.377481,0.000187745
2422,0.547284,0.547033,0.000187808
2423,0.467985,0.467813,0.000187837
2424,0.858135,0.857721,0.000188009
2425,0.110446,0.110384,0.000188013
2426,1.24071,1.24026,0.000188216
2427,-1.12089,-1.12042,0.000188441
2428,-0.385505,-0.385398,0.000188452
2429,0.456123,0.45593,0.00018849
2430,0.593543,0.59336,0.000188523
2431,0.644208,0.643872,0.000188635
2432,0.597861,0.597608,0.000188699
2433,0.693414,0.693173,0.000188757
2434,0.50676,0.506598,0.000188784
2435,0.848944,0.848653,0.000188868
2436,0.143703,0.143682,0.000188869
2437,1.22613,1.22569,0.00018906
2438,-1.0606,-1.06015,0.000189266
2439,-0.205808,-0.205777,0.000189267
2440,0.622917,0.622673,0.000189326
2441,0.395531,0.395456,0.000189331
2442,0.968322,0.967862,0.000189543
2443,-0.192893,-0.192823,0.000189548
2444,1.23877,1.23831,0.000189764
2445,-1.20509,-1.20461,0.000189998
2446,-0.660314,-0.660019,0.000190084
2447,0.0287799,0.0287418,0.000190086
2448,0.801186,0.800838,0.000190208
2449,0.110787,0.110745,0.000190209
2450,1.2236,1.22308,0.000190475
2451,-1.0615,-1.06107,0.000190659
2452,-0.209346,-0.209306,0.000190661
2453,0.620589,0.620345,0.000190721
2454,0.398525,0.398449,0.000190726
2455,0.964296,0.963837,0.000190937
2456,-0.181105,-0.181041,0.000190941
2457,1.24373,1.24327,0.000191158
2458,-1.21879,-1.2183,0.000191398
2459,-0.705301,-0.70499,0.000191495
2460,-0.061308,-0.0613061,0.000191495
2461,0.783593,0.783241,0.000191619
2462,0.122787,0.122755,0.00019162
2463,1.2144,1.21388,0.00019189
2464,-1.02648,-1.02607,0.00019206
2465,-0.109777,-0.109777,0.00019206
2466,0.675565,0.675309,0.000192125
2467,0.328656,0.328609,0.000192127
2468,1.0519,1.05142,0.000192361
2469,-0.449259,-0.449081,0.000192393
2470,1.03349,1.03308,0.00019256
2471,-0.629126,-0.628883,0.000192619
2472,0.756523,0.756233,0.000192703
2473,0.0107223,0.0106907,0.000192704
2474,1.22724,1.22671,0.000192986
2475,-1.10395,-1.10354,0.000193152
2476,-0.337012,-0.336899,0.000193165
2477,0.510252,0.510037,0.000193211
2478,0.534885,0.534737,0.000193233
2479,0.753071,0.75269,0.000193378
2480,0.367422,0.367261,0.000193404
2481,1.03734,1.03697,0.000193541
2482,-0.395453,-0.395263,0.000193577
2483,1.09279,1.09237,0.000193758
2484,-0.789457,-0.789149,0.000193852
2485,0.456009,0.455851,0.000193877
2486,0.472526,0.472336,0.000193914
2487,0.82478,0.824414,0.000194048
2488,0.190297,0.190179,0.000194062
2489,1.19712,1.19669,0.000194252
2490,-0.948244,-0.947837,0.000194418
2491,0.101344,0.101254,0.000194426
2492,0.701545,0.701296,0.000194488
2493,0.341919,0.341835,0.000194496
2494,1.04726,1.0468,0.000194713
2495,-0.43173,-0.431548,0.000194746
2496,1.05373,1.05331,0.000194918
2497,-0.682982,-0.682717,0.000194988
2498,0.663698,0.66345,0.000195049
2499,0.179043,0.178953,0.000195058
2500,1.15471,1.1542,0.000195319
2501,-0.811657,-0.811365,0.000195404
2502,0.424823,0.424621,0.000195445
2503,0.504337,0.504166,0.000195474
2504,0.77187,0.77153,0.000195589
2505,0.318058,0.317888,0.000195619
2506,1.09038,1.08999,0.000195774
2507,-0.568187,-0.567929,0.000195841
2508,0.875796,0.875435,0.000195971
2509,-0.243419,-0.24332,0.000195981
2510,1.18024,1.17974,0.000196223
2511,-1.02187,-1.02151,0.000196353
2512,-0.107024,-0.106954,0.000196358
2513,0.677805,0.677532,0.000196433
2514,0.32529,0.325245,0.000196435
2515,1.05565,1.05516,0.00019667
2516,-0.461323,-0.46114,0.000196703
2517,1.01924,1.01884,0.000196867
2518,-0.591815,-0.591586,0.000196919
2519,0.816003,0.815687,0.000197019
2520,-0.108971,-0.10896,0.000197019
2521,1.22861,1.22808,0.000197291
2522,-1.14458,-1.14416,0.000197467
2523,-0.464503,-0.464311,0.000197504
2524,0.355101,0.354935,0.000197531
2525,0.684578,0.684337,0.000197589
2526,0.451082,0.450837,0.000197649
2527,0.921127,0.920746,0.000197795
2528,-0.0516746,-0.0516306,0.000197797
2529,1.27296,1.27249,0.000198014
2530,-1.28295,-1.28242,0.000198293
2531,-0.921053,-0.920688,0.000198426
2532,-0.571712,-0.571458,0.000198491
2533,0.266688,0.266603,0.000198498
2534,0.729365,0.729055,0.000198594
2535,0.336024,0.335852,0.000198624
2536,1.06124,1.0608,0.000198819
2537,-0.474871,-0.474663,0.000198863
2538,1.00321,1.00281,0.000199022
2539,-0.550502,-0.550288,0.000199068
2540,0.877243,0.8769,0.000199186
2541,-0.241679,-0.241621,0.000199189
2542,1.18183,1.18134,0.00019943
2543,-1.02663,-1.02627,0.000199563
2544,-0.120184,-0.120109,0.000199569
2545,0.672196,0.671924,0.000199643
2546,0.331941,0.331893,0.000199645
2547,1.04785,1.04736,0.000199878
2548,-0.43636,-0.436188,0.000199908
2549,1.04826,1.04785,0.000200079
2550,-0.668287,-0.668028,0.000200146
2551,0.689847,0.689587,0.000200213
2552,0.133923,0.133849,0.000200218
2553,1.18231,1.18179,0.000200489
2554,-0.915473,-0.915139,0.000200601
2555,0.182176,0.182068,0.000200613
2556,0.679291,0.67905,0.000200671
2557,0.409199,0.409067,0.000200688
2558,0.969877,0.969445,0.000200875
2559,-0.193123,-0.193032,0.000200883
2560,1.23913,1.23867,0.000201098
2561,-1.20641,-1.20593,0.000201333
2562,-0.664657,-0.66436,0.000201421
2563,0.0203318,0.0202974,0.000201422
2564,0.800465,0.800115,0.000201544
2565,0.109871,0.109831,0.000201546
2566,1.22366,1.22315,0.000201812
2567,-1.062,-1.06157,0.000201996
2568,-0.210808,-0.210767,0.000201998
2569,0.61958,0.619336,0.000202057
2570,0.399838,0.399761,0.000202063
2571,0.962527,0.962068,0.000202273
2572,-0.17594,-0.175877,0.000202277
2573,1.24578,1.24531,0.000202494
2574,-1.22439,-1.22389,0.000202737
2575,-0.723809,-0.723491,0.000202838
2576,-0.100004,-0.0999843,0.000202839
2577,0.769307,0.768957,0.000202961
2578,0.142228,0.142192,0.000202962
2579,1.2029,1.20238,0.000203232
2580,-0.981743,-0.981351,0.000203386
2581,0.0124934,0.012445,0.000203388
2582,0.705636,0.705378,0.000203455
2583,0.307204,0.307152,0.000203458
2584,1.08002,1.07953,0.000203692
2585,-0.539626,-0.539405,0.000203741
2586,0.916892,0.916519,0.00020388
2587,-0.337965,-0.337833,0.000203898
2588,1.11563,1.11517,0.000204107
2589,-0.842691,-0.842404,0.000204189
2590,0.341161,0.34105,0.000204201
2591,0.584665,0.584438,0.000204253
2592,0.624381,0.62412,0.000204321
2593,0.630291,0.629995,0.000204408
2594,0.631807,0.631584,0.000204458
2595,0.630751,0.630541,0.000204503
2596,0.63307,0.632861,0.000204546
2597,0.628652,0.628445,0.000204589
2598,0.637149,0.636938,0.000204634
2599,0.620771,0.620567,0.000204675
2600,0.652153,0.651936,0.000204722
2601,0.591333,0.591141,0.000204759
2602,0.706592,0.706355,0.000204815
2603,0.47898,0.47883,0.000204838
2604,0.891224,0.890917,0.000204932
2605,0.0323992,0.0324219,0.000204932
2606,1.26626,1.2658,0.000205142
2607,-1.23395,-1.23344,0.000205408
2608,-0.750437,-0.750167,0.000205481
2609,-0.157933,-0.157881,0.000205484
2610,0.740394,0.740053,0.0002056
2611,0.185936,0.185886,0.000205603
2612,1.17416,1.17364,0.000205869
2613,-0.872985,-0.872639,0.000205988
2614,0.286146,0.285993,0.000206012
2615,0.623915,0.6237,0.000206058
2616,0.54141,0.541196,0.000206104
2617,0.777414,0.777059,0.00020623
2618,0.317114,0.317009,0.000206241
2619,1.09281,1.09243,0.000206389
2620,-0.575911,-0.575648,0.000206458
2621,0.864166,0.863809,0.000206586
2622,-0.217415,-0.217326,0.000206594
2623,1.19352,1.19302,0.000206843
2624,-1.05819,-1.05781,0.000206986
2625,-0.208756,-0.208648,0.000206997
2626,0.621967,0.621709,0.000207064
2627,0.39635,0.396275,0.00020707
2628,0.967125,0.966665,0.000207281
2629,-0.189404,-0.189336,0.000207286
2630,1.24028,1.23981,0.000207502
2631,-1.20927,-1.20879,0.000207738
2632,-0.673994,-0.673694,0.000207828
2633,0.00198059,0.00195426,0.000207828
2634,0.798238,0.797886,0.000207951
2635,0.109351,0.109314,0.000207953
2636,1.22315,1.22264,0.000208221
2637,-1.06041,-1.05998,0.000208403
2638,-0.206233,-0.206194,0.000208405
2639,0.622728,0.622483,0.000208465
2640,0.395737,0.395662,0.00020847
2641,0.968037,0.967577,0.000208682
2642,-0.192057,-0.191988,0.000208687
2643,1.23913,1.23867,0.000208903
2644,-1.2061,-1.20562,0.000209137
2645,-0.663624,-0.663329,0.000209225
2646,0.0223423,0.022307,0.000209226
2647,0.800654,0.800305,0.000209348
2648,0.110049,0.110009,0.00020935
2649,1.22366,1.22315,0.000209616
2650,-1.06196,-1.06153,0.0002098
2651,-0.210671,-0.21063,0.000209802
2652,0.619675,0.619431,0.000209861
2653,0.399715,0.399638,0.000209867
2654,0.962693,0.962235,0.000210077
2655,-0.176425,-0.176362,0.000210081
2656,1.24559,1.24513,0.000210298
2657,-1.22387,-1.22338,0.000210541
2658,-0.722103,-0.721787,0.000210641
2659,-0.0963985,-0.0963806,0.000210642
2660,0.770809,0.770459,0.000210764
2661,0.140071,0.140036,0.000210765
2662,1.2042,1.20368,0.000211036
2663,-0.98678,-0.986386,0.000211191
2664,-0.00099104,-0.00103413,0.000211193
2665,0.704342,0.704083,0.00021126
2666,0.305713,0.305664,0.000211262
2667,1.08091,1.08042,0.000211498
2668,-0.542759,-0.542537,0.000211547
2669,0.912413,0.912041,0.000211685
2670,-0.327437,-0.327308,0.000211702
2671,1.12409,1.12363,0.000211915
2672,-0.86605,-0.865754,0.000212003
2673,0.287836,0.287747,0.000212011
2674,0.624598,0.624356,0.000212069
2675,0.540789,0.540576,0.000212115
2676,0.77855,0.778196,0.00021224
2677,0.314451,0.314348,0.000212251
2678,1.09551,1.09512,0.000212401
2679,-0.584961,-0.584694,0.000212472
2680,0.850274,0.849921,0.000212596
2681,-0.186799,-0.186721,0.000212602
2682,1.20667,1.20617,0.00021286
2683,-1.09318,-1.09279,0.000213014
2684,-0.310152,-0.310006,0.000213035
2685,0.53785,0.537618,0.000213089
2686,0.502481,0.502351,0.000213106
2687,0.808389,0.807986,0.000213268
2688,0.236835,0.236727,0.00021328
2689,1.16436,1.16394,0.000213455
2690,-0.826002,-0.825641,0.000213585
2691,0.395025,0.394826,0.000213624
2692,0.534244,0.534065,0.000213656
2693,0.719445,0.719132,0.000213754
2694,0.436426,0.436208,0.000213802
2695,0.949694,0.949352,0.000213919
2696,-0.130998,-0.130914,0.000213926
2697,1.26128,1.26081,0.000214143
2698,-1.26529,-1.26478,0.000214407
2699,-0.861652,-0.861289,0.00021454
2700,-0.418152,-0.417979,0.00021457
2701,0.497248,0.497024,0.00021462
2702,0.528962,0.52876,0.00021466
2703,0.758059,0.757686,0.0002148
2704,0.355066,0.354906,0.000214826
2705,1.05134,1.05096,0.000214967
2706,-0.440073,-0.439865,0.00021501
2707,1.04483,1.04442,0.00021518
2708,-0.659342,-0.659085,0.000215245
2709,0.70544,0.705174,0.000215316
2710,0.106161,0.106097,0.000215321
2711,1.19632,1.19579,0.000215596
2712,-0.970416,-0.97006,0.000215723
2713,0.0413668,0.0413147,0.000215726
2714,0.706851,0.706592,0.000215792
2715,0.313472,0.313413,0.000215796
2716,1.07494,1.07446,0.000216027
2717,-0.52244,-0.522224,0.000216073
2718,0.940913,0.940533,0.000216218
2719,-0.395264,-0.39511,0.000216242
2720,1.06403,1.0636,0.000216428
2721,-0.702516,-0.702285,0.000216481
2722,0.628827,0.628595,0.000216536
2723,0.236239,0.236131,0.000216547
2724,1.11101,1.11052,0.000216792
2725,-0.655938,-0.655709,0.000216844
2726,0.73153,0.731219,0.000216941
2727,0.0547454,0.0547342,0.000216941
2728,1.2157,1.21517,0.000217223
2729,-1.05127,-1.05088,0.000217373
2730,-0.181573,-0.181531,0.000217374
2731,0.638853,0.638602,0.000217437
2732,0.374669,0.374604,0.000217442
2733,0.99559,0.995121,0.000217661
2734,-0.274096,-0.273992,0.000217672
2735,1.19389,1.19344,0.000217878
2736,-1.07663,-1.0762,0.000218059
2737,-0.263609,-0.263468,0.000218079
2738,0.580207,0.579958,0.000218141
2739,0.45017,0.450069,0.000218152
2740,0.890834,0.890401,0.00021834
2741,0.0251022,0.0250813,0.00021834
2742,1.2667,1.26624,0.000218554
2743,-1.2377,-1.23718,0.000218821
2744,-0.763277,-0.763,0.000218897
2745,-0.186256,-0.186191,0.000218902
2746,0.722902,0.722566,0.000219014
2747,0.213259,0.2132,0.000219018
2748,1.15365,1.15313,0.000219279
2749,-0.797959,-0.797645,0.000219378
2750,0.455423,0.455207,0.000219425
2751,0.470765,0.470607,0.00021945
2752,0.82687,0.826502,0.000219585
2753,0.18495,0.184834,0.000219598
2754,1.20056,1.20012,0.00021979
2755,-0.961372,-0.96096,0.00021996
2756,0.0672924,0.067216,0.000219966
2757,0.70564,0.705387,0.00022003
2758,0.323635,0.323566,0.000220035
2759,1.06552,1.06504,0.00022026
2760,-0.491179,-0.490975,0.000220302
2761,0.982428,0.982034,0.000220457
2762,-0.497634,-0.497441,0.000220494
2763,0.948561,0.948184,0.000220636
2764,-0.408026,-0.407907,0.00022065
2765,1.05194,1.05151,0.00022083
2766,-0.670541,-0.670321,0.000220878
2767,0.686649,0.686391,0.000220944
2768,0.139393,0.139318,0.00022095
2769,1.17926,1.17874,0.00022122
2770,-0.903746,-0.903416,0.000221328
2771,0.211118,0.210998,0.000221343
2772,0.666882,0.666647,0.000221398
2773,0.441266,0.441114,0.000221421
2774,0.927995,0.92758,0.000221593
2775,-0.0722771,-0.0722326,0.000221595
2776,1.27144,1.27097,0.000221813
2777,-1.28371,-1.28318,0.000222091
2778,-0.924247,-0.923875,0.00022223
2779,-0.580174,-0.579917,0.000222296
2780,0.252088,0.252013,0.000222302
2781,0.737426,0.73711,0.000222401
2782,0.315099,0.31494,0.000222427
2783,1.08272,1.08227,0.00022263
2784,-0.54559,-0.545354,0.000222686
2785,0.908677,0.908306,0.000222823
2786,-0.31876,-0.318634,0.000222839
2787,1.13082,1.13035,0.000223056
2788,-0.884672,-0.884368,0.000223148
2789,0.244228,0.244157,0.000223153
2790,0.651484,0.651232,0.000223216
2791,0.47968,0.479502,0.000223248
2792,0.873871,0.873478,0.000223402
2793,0.0757138,0.0757015,0.000223402
2794,1.25447,1.25402,0.000223607
2795,-1.17938,-1.17888,0.000223854
2796,-0.569653,-0.569467,0.000223889
2797,0.192423,0.192325,0.000223898
2798,0.777688,0.777375,0.000223996
2799,0.211777,0.21166,0.000224009
2800,1.17098,1.17049,0.000224244
2801,-0.854933,-0.854576,0.000224372
2802,0.328901,0.328728,0.000224401
2803,0.592542,0.59234,0.000224442
2804,0.607656,0.607405,0.000224505
2805,0.661493,0.661185,0.0002246
2806,0.57039,0.570189,0.000224641
2807,0.743446,0.743193,0.000224705
2808,0.397905,0.397786,0.000224719
2809,1.00178,1.00143,0.00022484
2810,-0.284821,-0.284673,0.000224862
2811,1.18743,1.18697,0.000225065
2812,-1.05829,-1.05787,0.000225241
2813,-0.210766,-0.210646,0.000225255
2814,0.620779,0.620517,0.000225323
2815,0.397824,0.397748,0.000225329
2816,0.965129,0.964671,0.00022554
2817,-0.183566,-0.183501,0.000225544
2818,1.24273,1.24226,0.000225761
2819,-1.21603,-1.21554,0.000226
2820,-0.696192,-0.695885,0.000226094
2821,-0.0426145,-0.042621,0.000226094
2822,0.789044,0.788691,0.000226219
2823,0.116398,0.116366,0.00022622
2824,1.21817,1.21765,0.00022649
2825,-1.04125,-1.04083,0.000226665
2826,-0.151381,-0.151363,0.000226665
2827,0.655928,0.655676,0.000226729
2828,0.352772,0.352716,0.000226732
2829,1.02301,1.02253,0.000226959
2830,-0.358121,-0.357982,0.000226978
2831,1.12778,1.12735,0.000227168
2832,-0.887019,-0.886673,0.000227288
2833,0.237605,0.23754,0.000227292
2834,0.655258,0.655003,0.000227358
2835,0.470794,0.470622,0.000227387
2836,0.886819,0.886422,0.000227545
2837,0.0411447,0.0411456,0.000227545
2838,1.26401,1.26356,0.000227755
2839,-1.22337,-1.22286,0.000228017
2840,-0.714731,-0.714477,0.000228081
2841,-0.081545,-0.0815276,0.000228082
2842,0.776703,0.776351,0.000228205
2843,0.131766,0.131732,0.000228207
2844,1.20913,1.20861,0.000228477
2845,-1.00592,-1.00552,0.000228639
2846,-0.0528833,-0.0529057,0.000228639
2847,0.694685,0.694426,0.000228706
2848,0.309053,0.309009,0.000228708
2849,1.07513,1.07465,0.000228946
2850,-0.52432,-0.524109,0.000228991
2851,0.938207,0.937828,0.000229135
2852,-0.388713,-0.388562,0.000229158
2853,1.07041,1.06998,0.000229347
2854,-0.719595,-0.719357,0.000229403
2855,0.596748,0.596528,0.000229451
2856,0.286133,0.286008,0.000229467
2857,1.06491,1.06444,0.000229694
2858,-0.5006,-0.500435,0.000229721
2859,0.969111,0.968721,0.000229873
2860,-0.464099,-0.46392,0.000229905
2861,0.989702,0.989306,0.000230061
2862,-0.50955,-0.509393,0.000230086
2863,0.933887,0.933518,0.000230221
2864,-0.372964,-0.372857,0.000230233
2865,1.08586,1.08542,0.000230427
2866,-0.761517,-0.761261,0.000230492
2867,0.514485,0.514301,0.000230526
2868,0.401478,0.401314,0.000230553
2869,0.929233,0.928816,0.000230727
2870,-0.0873792,-0.0873847,0.000230727
2871,1.26843,1.26795,0.000230949
2872,-1.27753,-1.27701,0.000231222
2873,-0.903027,-0.902658,0.000231357
2874,-0.524039,-0.523811,0.000231409
2875,0.345207,0.345073,0.000231427
2876,0.676431,0.676151,0.000231506
2877,0.463708,0.46347,0.000231562
2878,0.902498,0.902119,0.000231706
2879,-0.000328526,-0.000305344,0.000231706
2880,1.2711,1.27064,0.00023192
2881,-1.26094,-1.26041,0.000232194
2882,-0.843221,-0.842904,0.000232295
2883,-0.37296,-0.372806,0.000232319
2884,0.552805,0.55255,0.000232383
2885,0.46089,0.460721,0.000232412
2886,0.869014,0.868595,0.000232587
2887,0.0820256,0.0819758,0.00023259
2888,1.25163,1.25117,0.000232797
2889,-1.1675,-1.16701,0.000233039
2890,-0.531483,-0.531313,0.000233068
2891,0.254809,0.254688,0.000233082
2892,0.750083,0.749794,0.000233166
2893,0.2895,0.289339,0.000233192
2894,1.10819,1.10773,0.000233401
2895,-0.631376,-0.631105,0.000233474
2896,0.775037,0.774709,0.000233582
2897,-0.0295967,-0.0295758,0.000233582
2898,1.23172,1.23119,0.000233864
2899,-1.13144,-1.13103,0.000234038
2900,-0.42171,-0.421554,0.000234062
2901,0.412085,0.411901,0.000234096
2902,0.636215,0.636006,0.00023414
2903,0.557562,0.557265,0.000234228
2904,0.756355,0.756039,0.000234327
2905,0.367064,0.366946,0.000234341
2906,1.03867,1.0383,0.000234474
2907,-0.399409,-0.399216,0.000234511
2908,1.08879,1.08837,0.000234691
2909,-0.778429,-0.778126,0.000234783
2910,0.479006,0.478838,0.000234811
2911,0.445744,0.445562,0.000234844
2912,0.866102,0.865715,0.000234993
2913,0.0844968,0.0844213,0.000234999
2914,1.25019,1.24974,0.000235209
2915,-1.16174,-1.16125,0.000235448
2916,-0.513151,-0.512989,0.000235474
2917,0.283336,0.283204,0.000235492
2918,0.734093,0.733817,0.000235568
2919,0.331263,0.331078,0.000235602
2920,1.06713,1.06669,0.000235796
2921,-0.493843,-0.493627,0.000235843
2922,0.979265,0.978872,0.000235997
2923,-0.489745,-0.489555,0.000236033
2924,0.958513,0.958132,0.000236178
2925,-0.432218,-0.43209,0.000236195
2926,1.02647,1.02606,0.000236364
2927,-0.603731,-0.603537,0.000236402
2928,0.798165,0.797858,0.000236496
2929,-0.0722677,-0.0722687,0.000236496
2930,1.23257,1.23205,0.000236773
2931,-1.14721,-1.14679,0.000236951
2932,-0.471754,-0.471568,0.000236986
2933,0.344797,0.344636,0.000237012
2934,0.692492,0.692246,0.000237072
2935,0.432741,0.432505,0.000237128
2936,0.946181,0.945789,0.000237282
2937,-0.122645,-0.122573,0.000237287
2938,1.26317,1.2627,0.000237505
2939,-1.26948,-1.26896,0.000237772
2940,-0.875914,-0.875547,0.000237907
2941,-0.454093,-0.453902,0.000237943
2942,0.449094,0.448898,0.000237982
2943,0.581945,0.581716,0.000238034
2944,0.661251,0.660919,0.000238144
2945,0.56322,0.562976,0.000238204
2946,0.754822,0.754557,0.000238274
2947,0.371904,0.371794,0.000238286
2948,1.03321,1.03284,0.000238416
2949,-0.382122,-0.381935,0.000238451
2950,1.10606,1.10563,0.000238635
2951,-0.826284,-0.825961,0.000238739
2952,0.376716,0.376592,0.000238754
2953,0.55388,0.553662,0.000238802
2954,0.684113,0.683819,0.000238889
2955,0.511694,0.511446,0.00023895
2956,0.839239,0.838938,0.00023904
2957,0.168122,0.168089,0.000239042
2958,1.21256,1.21213,0.000239228
2959,-1.00695,-1.00652,0.000239415
2960,-0.0546527,-0.0546821,0.000239416
2961,0.694115,0.693857,0.000239482
2962,0.309626,0.309582,0.000239484
2963,1.07447,1.07398,0.000239722
2964,-0.522141,-0.521931,0.000239766
2965,0.941198,0.940818,0.000239911
2966,-0.395927,-0.395772,0.000239935
2967,1.06339,1.06296,0.000240121
2968,-0.700786,-0.700555,0.000240174
2969,0.632032,0.631798,0.000240229
2970,0.231104,0.230998,0.00024024
2971,1.11533,1.11484,0.000240487
2972,-0.670936,-0.670701,0.000240542
2973,0.704976,0.704674,0.000240633
2974,0.103626,0.103598,0.000240634
2975,1.1969,1.19638,0.00024091
2976,-0.973122,-0.972765,0.000241037
2977,0.0341813,0.0341323,0.00024104
2978,0.706798,0.706539,0.000241107
2979,0.31142,0.311362,0.00024111
2980,1.07672,1.07624,0.000241342
2981,-0.528408,-0.528191,0.000241389
2982,0.93267,0.932292,0.000241532
2983,-0.375439,-0.375292,0.000241554
2984,1.08295,1.08251,0.000241748
2985,-0.753385,-0.753134,0.000241811
2986,0.530847,0.530656,0.000241848
2987,0.379982,0.379825,0.000241872
2988,0.957653,0.957223,0.000242057
2989,-0.168867,-0.168839,0.000242058
2990,1.24773,1.24726,0.000242278
2991,-1.22906,-1.22856,0.000242522
2992,-0.739262,-0.73894,0.000242626
2993,-0.133049,-0.133014,0.000242627
2994,0.753894,0.753548,0.000242747
2995,0.16517,0.165127,0.000242748
2996,1.18841,1.18789,0.000243017
2997,-0.926348,-0.92598,0.000243153
2998,0.156057,0.155952,0.000243163
2999,0.6884,0.688156,0.000243223
