t,predict_test,teacher
0,0.684902,0.380392,0.0927264
1,0.228969,0.0666667,0.119069
2,-0.0568791,0.027451,0.12618
3,0.206682,0.0235294,0.159725
4,0.0779721,0.0156863,0.163605
5,0.196493,0.0156863,0.196296
6,0.388554,0.00784314,0.341236
7,0.652574,0.0196078,0.741883
8,0.377359,0.0823529,0.828911
9,0.477072,0.203922,0.903522
10,0.4493,0.137255,1.00089
11,0.319242,0.113725,1.04313
12,0.32423,0.121569,1.0842
13,0.414739,0.152941,1.15274
14,0.269784,0.203922,1.15708
15,0.136282,0.243137,1.1685
16,0.133779,0.266667,1.18616
17,0.176237,0.254902,1.19234
18,0.137963,0.215686,1.19839
19,0.150416,0.188235,1.19982
20,0.157664,0.180392,1.20033
21,0.141229,0.211765,1.20531
22,0.14679,0.247059,1.21536
23,0.196558,0.270588,1.22084
24,0.256653,0.254902,1.22084
25,0.280837,0.215686,1.22509
26,0.233626,0.188235,1.22715
27,0.168714,0.188235,1.22753
28,0.153581,0.219608,1.23189
29,0.222233,0.258824,1.23323
30,0.308296,0.278431,1.23412
31,0.324119,0.254902,1.23891
32,0.248489,0.215686,1.23999
33,0.15879,0.188235,1.24085
34,0.145202,0.192157,1.24306
35,0.207593,0.223529,1.24331
36,0.287726,0.266667,1.24376
37,0.312839,0.282353,1.24469
38,0.267404,0.25098,1.24496
39,0.195269,0.207843,1.24511
40,0.168828,0.188235,1.24549
41,0.200628,0.196078,1.24551
42,0.248326,0.231373,1.2458
43,0.273776,0.270588,1.24581
44,0.27069,0.282353,1.24595
45,0.24194,0.247059,1.24597
46,0.21324,0.203922,1.24606
47,0.206625,0.184314,1.24656
48,0.217106,0.196078,1.247
49,0.225624,0.239216,1.24718
50,0.244254,0.278431,1.24835
51,0.267607,0.286275,1.2487
52,0.26752,0.243137,1.24929
53,0.237998,0.2,1.25074
54,0.200422,0.184314,1.251
55,0.185758,0.196078,1.2511
56,0.202758,0.247059,1.25307
57,0.255331,0.286275,1.25402
58,0.299574,0.282353,1.25432
59,0.282239,0.235294,1.25652
60,0.220297,0.192157,1.25732
61,0.1725,0.180392,1.25738
62,0.17519,0.2,1.25799
63,0.223263,0.247059,1.25856
64,0.29071,0.294118,1.25857
65,0.311544,0.282353,1.25942
66,0.264443,0.231373,1.26052
67,0.19213,0.188235,1.26053
68,0.166246,0.176471,1.26064
69,0.191399,0.2,1.26071
70,0.243914,0.254902,1.26083
71,0.293124,0.298039,1.26086
72,0.29874,0.282353,1.26112
73,0.24501,0.223529,1.26159
74,0.190852,0.184314,1.26163
75,0.178938,0.176471,1.26163
76,0.202354,0.203922,1.26164
77,0.241418,0.266667,1.26227
78,0.285513,0.309804,1.26286
79,0.292498,0.282353,1.26297
80,0.245019,0.223529,1.26343
81,0.191675,0.180392,1.26356
82,0.176933,0.176471,1.26356
83,0.189032,0.207843,1.26391
84,0.233347,0.270588,1.2653
85,0.290436,0.313725,1.26584
86,0.303604,0.278431,1.26647
87,0.250297,0.211765,1.26796
88,0.188542,0.168627,1.26836
89,0.168008,0.172549,1.26838
90,0.189564,0.215686,1.26906
91,0.24828,0.282353,1.27022
92,0.309968,0.321569,1.27035
93,0.312487,0.27451,1.2718
94,0.239966,0.203922,1.2731
95,0.167832,0.168627,1.2731
96,0.156754,0.172549,1.27335
97,0.193856,0.223529,1.27423
98,0.260209,0.294118,1.27538
99,0.31889,0.329412,1.27549
100,0.304392,0.262745,1.27722
101,0.221194,0.196078,1.27785
102,0.155968,0.164706,1.27793
103,0.164415,0.172549,1.27799
104,0.202436,0.227451,1.27862
105,0.272065,0.305882,1.27976
106,0.32478,0.333333,1.27984
107,0.300127,0.266667,1.28096
108,0.209081,0.192157,1.28124
109,0.156265,0.160784,1.28126
110,0.162292,0.172549,1.28137
111,0.201285,0.235294,1.28253
112,0.272312,0.321569,1.28495
113,0.327052,0.337255,1.28506
114,0.297052,0.262745,1.28623
115,0.204861,0.188235,1.28651
116,0.151293,0.156863,1.28654
117,0.156373,0.172549,1.2868
118,0.199401,0.239216,1.28839
119,0.280719,0.329412,1.29076
120,0.338743,0.341176,1.29076
121,0.299251,0.254902,1.29273
122,0.199547,0.180392,1.2931
123,0.144942,0.152941,1.29316
124,0.154846,0.176471,1.29363
125,0.20507,0.247059,1.29539
126,0.292339,0.341176,1.29778
127,0.346168,0.341176,1.2978
128,0.2955,0.25098,1.29978
129,0.184675,0.172549,1.29993
130,0.136992,0.152941,1.30019
131,0.152657,0.172549,1.30058
132,0.21264,0.254902,1.30237
133,0.300325,0.34902,1.30474
134,0.354046,0.345098,1.30482
135,0.287423,0.243137,1.30678
136,0.177302,0.164706,1.30694
137,0.132663,0.145098,1.30709
138,0.157213,0.176471,1.30746
139,0.215844,0.258824,1.30931
140,0.310731,0.360784,1.31182
141,0.35673,0.345098,1.31195
142,0.286926,0.239216,1.31423
143,0.167923,0.156863,1.31435
144,0.128954,0.141176,1.3145
145,0.153329,0.176471,1.31504
146,0.220366,0.266667,1.31718
147,0.316152,0.372549,1.32036
148,0.364218,0.345098,1.32073
149,0.282877,0.227451,1.3238
150,0.159242,0.152941,1.32384
151,0.122587,0.137255,1.32405
152,0.153402,0.168627,1.32428
153,0.223043,0.270588,1.32654
154,0.328318,0.376471,1.32886
155,0.376397,0.34902,1.32961
156,0.27912,0.223529,1.3327
157,0.153183,0.145098,1.33277
158,0.120482,0.133333,1.33293
159,0.152303,0.168627,1.3332
160,0.225045,0.27451,1.33565
161,0.336159,0.392157,1.33878
162,0.378289,0.352941,1.33942
163,0.275873,0.215686,1.34305
164,0.141382,0.141176,1.34305
165,0.113463,0.12549,1.34319
166,0.150227,0.168627,1.34353
167,0.224071,0.278431,1.34649
168,0.34479,0.403922,1.34998
169,0.38767,0.352941,1.35119
170,0.274437,0.215686,1.35464
171,0.132606,0.137255,1.35466
172,0.112103,0.12549,1.35484
173,0.143664,0.160784,1.35513
174,0.226021,0.282353,1.35831
175,0.349445,0.407843,1.36172
176,0.396764,0.352941,1.36364
177,0.270299,0.207843,1.36754
178,0.131537,0.133333,1.36754
179,0.110607,0.117647,1.36759
180,0.146131,0.160784,1.36781
181,0.226932,0.282353,1.37088
182,0.361686,0.423529,1.3747
183,0.401145,0.356863,1.37666
184,0.270031,0.207843,1.38053
185,0.120448,0.129412,1.38061
186,0.105726,0.113725,1.38067
187,0.137311,0.156863,1.38106
188,0.225558,0.282353,1.38428
189,0.364226,0.427451,1.38828
190,0.409792,0.364706,1.39031
191,0.269281,0.207843,1.39409
192,0.119135,0.12549,1.39413
193,0.10209,0.113725,1.39426
194,0.13539,0.152941,1.39457
195,0.22467,0.27451,1.39706
196,0.365552,0.435294,1.40192
197,0.415378,0.380392,1.40314
198,0.275673,0.207843,1.40774
199,0.114402,0.12549,1.40787
200,0.0956586,0.105882,1.40797
201,0.134342,0.145098,1.40809
202,0.215611,0.27451,1.41156
203,0.364581,0.443137,1.41773
204,0.426903,0.392157,1.41893
205,0.283697,0.215686,1.42356
206,0.111439,0.12549,1.42376
207,0.0914631,0.105882,1.42397
208,0.123159,0.141176,1.42429
209,0.206687,0.262745,1.42743
210,0.363674,0.443137,1.43375
211,0.433943,0.407843,1.43443
212,0.29425,0.215686,1.4406
213,0.11367,0.121569,1.44066
214,0.0861434,0.0980392,1.4408
215,0.12507,0.12549,1.4408
216,0.20323,0.247059,1.44273
217,0.363198,0.443137,1.44912
218,0.449711,0.423529,1.4498
219,0.313452,0.227451,1.4572
220,0.116688,0.121569,1.45722
221,0.0840547,0.0941176,1.45732
222,0.117056,0.12549,1.45739
223,0.188266,0.231373,1.45925
224,0.353478,0.435294,1.46595
225,0.45181,0.443137,1.46602
226,0.327628,0.243137,1.47316
227,0.121026,0.12549,1.47318
228,0.0752685,0.0980392,1.4737
229,0.110861,0.113725,1.47371
230,0.179031,0.215686,1.47505
231,0.335896,0.423529,1.48273
232,0.457331,0.47451,1.48302
233,0.347103,0.258824,1.49082
234,0.132396,0.129412,1.49083
235,0.0669086,0.0941176,1.49157
236,0.109431,0.109804,1.49157
237,0.160191,0.196078,1.49286
238,0.320379,0.403922,1.49983
239,0.459844,0.494118,1.50101
240,0.377608,0.282353,1.51008
241,0.146782,0.133333,1.51026
242,0.063188,0.0901961,1.51099
243,0.104296,0.101961,1.511
244,0.150005,0.176471,1.5117
245,0.30233,0.380392,1.51779
246,0.460428,0.517647,1.52107
247,0.405477,0.317647,1.52878
248,0.167121,0.145098,1.52927
249,0.0549654,0.0941176,1.5308
250,0.0937085,0.0941176,1.5308
251,0.132599,0.14902,1.53107
252,0.272694,0.341176,1.53576
253,0.452309,0.529412,1.5417
254,0.437135,0.352941,1.54879
255,0.199799,0.156863,1.55064
256,0.0580382,0.0901961,1.55167
257,0.0942068,0.0862745,1.55173
258,0.122985,0.129412,1.55177
259,0.246213,0.294118,1.55407
260,0.439683,0.529412,1.56212
261,0.466598,0.4,1.56656
262,0.240257,0.180392,1.57014
263,0.0627676,0.0941176,1.57112
264,0.0834803,0.0823529,1.57112
265,0.109391,0.113725,1.57114
266,0.211586,0.25098,1.57269
267,0.41003,0.513725,1.58345
268,0.487129,0.458824,1.58425
269,0.284162,0.207843,1.59007
270,0.0741279,0.101961,1.59085
271,0.0675012,0.0784314,1.59097
272,0.100691,0.101961,1.59097
273,0.176333,0.207843,1.59196
274,0.376782,0.470588,1.60076
275,0.501174,0.513725,1.60092
276,0.339699,0.239216,1.61101
277,0.0989341,0.109804,1.61113
278,0.0548328,0.0745098,1.61152
279,0.101249,0.0823529,1.61188
280,0.150528,0.168627,1.6122
281,0.339584,0.407843,1.61686
282,0.50666,0.556863,1.61938
283,0.398418,0.298039,1.62946
284,0.137005,0.12549,1.62959
285,0.0461421,0.0745098,1.6304
286,0.0936255,0.0784314,1.63063
287,0.121002,0.137255,1.63089
288,0.289185,0.337255,1.6332
289,0.482711,0.576471,1.64199
290,0.450347,0.368627,1.64867
291,0.187838,0.145098,1.6505
292,0.0395847,0.0784314,1.65201
293,0.0835377,0.0666667,1.65229
294,0.106744,0.109804,1.6523
295,0.236562,0.266667,1.65321
296,0.45439,0.552941,1.66292
297,0.498814,0.458824,1.66452
298,0.253963,0.180392,1.66993
299,0.0540758,0.0862745,1.67097
300,0.0659955,0.0705882,1.67099
301,0.0950357,0.0901961,1.67101
302,0.184114,0.2,1.67127
303,0.401103,0.486275,1.67852
304,0.520953,0.545098,1.6791
305,0.331014,0.243137,1.68683
306,0.0845007,0.101961,1.68713
307,0.0462344,0.0627451,1.6874
308,0.0937839,0.0745098,1.68777
309,0.137535,0.145098,1.68783
310,0.338791,0.388235,1.69028
311,0.517383,0.6,1.6971
312,0.417737,0.321569,1.70635
313,0.146535,0.121569,1.70697
314,0.0356859,0.0666667,1.70793
315,0.0899894,0.0666667,1.70848
316,0.107633,0.109804,1.70848
317,0.266648,0.282353,1.70873
318,0.486134,0.596078,1.72082
319,0.490419,0.443137,1.72305
320,0.219537,0.164706,1.72606
321,0.0375129,0.0784314,1.72773
322,0.0686221,0.0588235,1.72783
323,0.0882427,0.0823529,1.72786
324,0.190051,0.2,1.72796
325,0.422806,0.513725,1.73623
326,0.534818,0.564706,1.73712
327,0.315642,0.239216,1.74296
328,0.077033,0.0941176,1.74326
329,0.0424446,0.0627451,1.74367
330,0.080875,0.0705882,1.74377
331,0.129717,0.137255,1.74383
332,0.341425,0.384314,1.74567
333,0.530811,0.635294,1.75659
334,0.421607,0.345098,1.76244
335,0.144674,0.121569,1.76297
336,0.0234336,0.0627451,1.76452
337,0.0820285,0.0588235,1.76506
338,0.094743,0.0941176,1.76506
339,0.254556,0.254902,1.76506
340,0.490018,0.6,1.77715
341,0.515667,0.498039,1.77747
342,0.239791,0.176471,1.78147
343,0.0427325,0.0784314,1.78275
344,0.0570301,0.0588235,1.78275
345,0.081076,0.0745098,1.7828
346,0.164711,0.160784,1.78281
347,0.40332,0.462745,1.78634
348,0.549087,0.635294,1.79377
349,0.355927,0.282353,1.79919
350,0.0987667,0.101961,1.7992
351,0.0257182,0.0588235,1.80029
352,0.082263,0.0588235,1.80084
353,0.102503,0.101961,1.80084
354,0.297228,0.294118,1.80085
355,0.523305,0.65098,1.81715
356,0.483171,0.45098,1.81819
357,0.196683,0.152941,1.8201
358,0.0295867,0.0705882,1.82178
359,0.0674761,0.054902,1.82194
360,0.0742033,0.0705882,1.82196
361,0.187342,0.168627,1.82231
362,0.436669,0.501961,1.82657
363,0.556398,0.639216,1.83343
364,0.322416,0.258824,1.83747
365,0.0898595,0.0941176,1.83749
366,0.0276163,0.054902,1.83823
367,0.0768994,0.054902,1.83872
368,0.102472,0.0980392,1.83874
369,0.314402,0.298039,1.83901
370,0.538734,0.678431,1.85852
371,0.474067,0.454902,1.85889
372,0.189039,0.141176,1.86118
373,0.0253583,0.0627451,1.86258
374,0.0629882,0.0470588,1.86283
375,0.0694128,0.0588235,1.86294
376,0.187833,0.152941,1.86416
377,0.445967,0.486275,1.86578
378,0.572674,0.67451,1.87616
379,0.329137,0.270588,1.87958
380,0.10141,0.0862745,1.87981
381,0.0210709,0.0509804,1.88071
382,0.0736351,0.0470588,1.88141
383,0.092604,0.0784314,1.88161
384,0.300433,0.25098,1.88406
385,0.538124,0.666667,1.90058
386,0.500116,0.52549,1.90123
387,0.211137,0.156863,1.90417
388,0.0363067,0.0627451,1.90487
389,0.0496155,0.0431373,1.90491
390,0.0636064,0.0470588,1.90519
391,0.154053,0.113725,1.90681
392,0.411881,0.380392,1.90781
393,0.582296,0.745098,1.93431
394,0.377784,0.356863,1.93475
395,0.149103,0.101961,1.93697
396,0.00742169,0.0470588,1.93854
397,0.0686581,0.0392157,1.93941
398,0.0652322,0.054902,1.93951
399,0.235518,0.160784,1.9451
400,0.493135,0.541176,1.94741
401,0.566655,0.698039,1.96467
402,0.277413,0.239216,1.96613
403,0.0967021,0.0745098,1.96662
404,0.00988377,0.0392157,1.96748
405,0.0620952,0.0392157,1.968
406,0.0902192,0.0627451,1.96876
407,0.316256,0.207843,1.98051
408,0.554094,0.670588,1.99408
409,0.500477,0.607843,2.00561
410,0.22801,0.168627,2.00914
411,0.0571228,0.0588235,2.00914
412,0.0251194,0.0392157,2.00934
413,0.0580721,0.0352941,2.00986
414,0.123742,0.0666667,2.01312
415,0.371013,0.247059,2.02848
416,0.589726,0.756863,2.05641
417,0.432492,0.545098,2.06909
418,0.213249,0.137255,2.07487
419,0.0313333,0.0470588,2.07512
420,0.0308286,0.0352941,2.07514
421,0.0472684,0.0313725,2.07539
422,0.143767,0.0627451,2.08195
423,0.399154,0.239216,2.10753
424,0.60909,0.792157,2.14105
425,0.399038,0.560784,2.16721
426,0.233414,0.129412,2.17803
427,0.0234809,0.0470588,2.17858
428,0.0176937,0.0313725,2.17877
429,0.0474024,0.0235294,2.17934
430,0.134068,0.0431373,2.18761
431,0.384236,0.160784,2.23754
432,0.618915,0.698039,2.2438
433,0.4113,0.745098,2.35522
434,0.278157,0.176471,2.36556
435,0.0887029,0.0509804,2.36698
436,-0.0387307,0.0313725,2.3719
437,0.0589841,0.0235294,2.37315
438,0.0814941,0.027451,2.37608
439,0.281969,0.0509804,2.42943
440,0.58157,0.254902,2.53614
441,0.512177,0.976471,2.75171
442,0.318963,0.54902,2.80464
443,0.312125,0.0980392,2.85047
444,-0.0756555,0.0352941,2.86278
445,0.0183429,0.027451,2.86286
446,0.0523977,0.0196078,2.86394
447,0.0481651,0.0196078,2.86475
448,0.316811,0.0117647,2.95781
449,0.682299,0.00784314,3.4127
450,0.431472,0.00784314,3.59216
451,0.380844,0.00392157,3.73423
452,0.447066,0,3.9341
453,0.404837,0,4.09799
454,0.475553,0,4.32414
455,0.540103,0,4.61585
456,0.408221,0,4.7825
457,0.261575,0,4.85092
458,0.243982,0,4.91045
459,0.293111,0.0156863,4.98741
460,0.317521,0.054902,5.05638
461,0.312738,0.180392,5.07389
462,0.295691,0.372549,5.0798
463,0.260156,0.34902,5.0877
464,0.169852,0.196078,5.08839
465,0.0496774,0.121569,5.09355
466,0.0266172,0.113725,5.10114
467,0.0453019,0.168627,5.11635
468,0.0714432,0.282353,5.16083
469,0.175467,0.360784,5.19518
470,0.273464,0.286275,5.19534
471,0.221595,0.180392,5.19704
472,0.142696,0.12549,5.19734
473,0.135562,0.129412,5.19737
474,0.136778,0.188235,5.20002
475,0.217141,0.298039,5.20657
476,0.352939,0.368627,5.20681
477,0.384913,0.290196,5.21578
478,0.260483,0.180392,5.2222
479,0.134946,0.129412,5.22223
480,0.102734,0.133333,5.22316
481,0.14273,0.192157,5.22561
482,0.258458,0.313725,5.22866
483,0.382993,0.376471,5.2287
484,0.37652,0.286275,5.23685
485,0.218865,0.172549,5.23899
486,0.0999406,0.12549,5.23965
487,0.10725,0.129412,5.24014
488,0.182163,0.196078,5.24033
489,0.297466,0.321569,5.24091
490,0.390258,0.388235,5.24092
491,0.342306,0.286275,5.24406
492,0.190591,0.168627,5.24454
493,0.108556,0.121569,5.24471
494,0.140249,0.129412,5.24482
495,0.195059,0.196078,5.24483
496,0.281766,0.329412,5.2471
497,0.364193,0.396078,5.24811
498,0.338273,0.282353,5.25124
499,0.206379,0.164706,5.25298
500,0.12925,0.117647,5.25311
501,0.141686,0.12549,5.25337
502,0.172497,0.196078,5.25393
503,0.265114,0.337255,5.25913
504,0.377278,0.403922,5.25984
505,0.364336,0.286275,5.26594
506,0.21632,0.164706,5.2686
507,0.117794,0.113725,5.26862
508,0.115223,0.117647,5.26862
509,0.155887,0.192157,5.26994
510,0.276236,0.341176,5.27416
511,0.403923,0.411765,5.27422
512,0.376444,0.286275,5.28235
513,0.206031,0.160784,5.2844
514,0.0995036,0.109804,5.2845
515,0.109337,0.117647,5.28457
516,0.165235,0.192157,5.2853
517,0.292558,0.345098,5.28806
518,0.409975,0.427451,5.28836
519,0.368102,0.290196,5.29443
520,0.190722,0.156863,5.29558
521,0.0903539,0.109804,5.29596
522,0.115268,0.113725,5.29596
523,0.169931,0.180392,5.29607
524,0.285678,0.345098,5.2996
525,0.405344,0.443137,5.30103
526,0.375418,0.298039,5.30701
527,0.196037,0.160784,5.30826
528,0.0959994,0.109804,5.30845
529,0.119427,0.113725,5.30848
530,0.15461,0.180392,5.30914
531,0.267636,0.345098,5.31514
532,0.40608,0.45098,5.31716
533,0.388272,0.309804,5.32332
534,0.202444,0.164706,5.32474
535,0.0926323,0.105882,5.32492
536,0.106374,0.109804,5.32493
537,0.143315,0.172549,5.32578
538,0.267337,0.341176,5.33124
539,0.41591,0.466667,5.33381
540,0.404464,0.32549,5.34005
541,0.209377,0.164706,5.34204
542,0.0820962,0.105882,5.34261
543,0.0963448,0.105882,5.3427
544,0.140806,0.164706,5.34327
545,0.261993,0.333333,5.34836
546,0.419049,0.482353,5.35237
547,0.416204,0.34902,5.35688
548,0.214415,0.176471,5.35832
549,0.073868,0.109804,5.35961
550,0.0917745,0.101961,5.35972
551,0.131999,0.152941,5.36016
552,0.246099,0.313725,5.36473
553,0.411178,0.490196,5.37097
554,0.427905,0.368627,5.37449
555,0.23394,0.184314,5.37695
556,0.0806399,0.109804,5.3778
557,0.0943732,0.101961,5.37786
558,0.125811,0.145098,5.37823
559,0.230193,0.294118,5.38232
560,0.401928,0.494118,5.39082
561,0.445031,0.396078,5.39321
562,0.255321,0.196078,5.39672
563,0.0810623,0.109804,5.39755
564,0.0842843,0.0980392,5.39774
565,0.116455,0.137255,5.39817
566,0.212971,0.27451,5.40196
567,0.392408,0.490196,5.41152
568,0.460982,0.431373,5.4124
569,0.279701,0.211765,5.41701
570,0.0838449,0.113725,5.4179
571,0.0713064,0.0980392,5.41862
572,0.110066,0.12549,5.41886
573,0.195657,0.243137,5.42111
574,0.37607,0.478431,5.43159
575,0.471931,0.470588,5.43159
576,0.312247,0.239216,5.43692
577,0.0926267,0.12549,5.438
578,0.064678,0.0941176,5.43887
579,0.106189,0.113725,5.43893
580,0.169803,0.219608,5.44141
581,0.348543,0.45098,5.4519
582,0.476693,0.505882,5.45275
583,0.346603,0.262745,5.45979
584,0.116713,0.12549,5.45986
585,0.0595491,0.0901961,5.4608
586,0.101786,0.101961,5.4608
587,0.152701,0.188235,5.46207
588,0.326346,0.407843,5.46871
589,0.482275,0.537255,5.47173
590,0.393573,0.305882,5.47942
591,0.146812,0.141176,5.47945
592,0.0494851,0.0901961,5.48111
593,0.0939931,0.0980392,5.48113
594,0.129737,0.160784,5.48209
595,0.288662,0.364706,5.48787
596,0.466218,0.556863,5.49609
597,0.431892,0.352941,5.50232
598,0.179077,0.14902,5.50322
599,0.0441809,0.0941176,5.50572
600,0.0860152,0.0862745,5.50572
601,0.119692,0.137255,5.50603
602,0.251246,0.305882,5.50901
603,0.45544,0.556863,5.5193
604,0.470158,0.407843,5.52318
605,0.228155,0.176471,5.52585
606,0.0478504,0.0941176,5.52799
607,0.0824309,0.0784314,5.52801
608,0.105232,0.109804,5.52803
609,0.214156,0.247059,5.52911
610,0.422103,0.521569,5.53901
611,0.500253,0.486275,5.5392
612,0.286027,0.211765,5.54472
613,0.0740397,0.0980392,5.54529
614,0.0629634,0.0784314,5.54553
615,0.0978881,0.0941176,5.54555
616,0.169846,0.196078,5.54623
617,0.372522,0.466667,5.5551
618,0.511244,0.54902,5.55653
619,0.35629,0.262745,5.56528
620,0.101591,0.117647,5.56553
621,0.0443104,0.0784314,5.5667
622,0.0939152,0.0823529,5.56683
623,0.129778,0.14902,5.5672
624,0.319758,0.384314,5.57137
625,0.50595,0.592157,5.5788
626,0.4235,0.337255,5.58624
627,0.152592,0.133333,5.58661
628,0.0379951,0.0784314,5.58824
629,0.088075,0.0745098,5.58843
630,0.107162,0.121569,5.58864
631,0.259426,0.298039,5.59013
632,0.477765,0.592157,5.60321
633,0.483862,0.435294,5.60557
634,0.219589,0.168627,5.60817
635,0.0370928,0.0823529,5.61022
636,0.069748,0.0705882,5.61022
637,0.0905321,0.0941176,5.61023
638,0.199215,0.219608,5.61065
639,0.425721,0.52549,5.6206
640,0.527025,0.537255,5.62071
641,0.303949,0.223529,5.62717
642,0.0704965,0.0941176,5.62773
643,0.0493299,0.0666667,5.62803
644,0.0906847,0.0823529,5.6281
645,0.145688,0.156863,5.62823
646,0.359733,0.419608,5.63181
647,0.52951,0.615686,5.63924
648,0.397857,0.317647,5.64567
649,0.123285,0.121569,5.64567
650,0.0264731,0.0705882,5.64762
651,0.0836794,0.0666667,5.64791
652,0.10425,0.113725,5.648
653,0.274017,0.301961,5.64878
654,0.497945,0.619608,5.66358
655,0.48432,0.443137,5.66528
656,0.20676,0.160784,5.66739
657,0.0332919,0.0784314,5.66943
658,0.0688253,0.0666667,5.66943
659,0.0834325,0.0901961,5.66948
660,0.194379,0.207843,5.66966
661,0.432456,0.529412,5.67906
662,0.537509,0.584314,5.68125
663,0.306357,0.239216,5.68576
664,0.0686033,0.0980392,5.68663
665,0.0337176,0.0705882,5.68799
666,0.079711,0.0745098,5.68801
667,0.125487,0.141176,5.68826
668,0.340949,0.384314,5.69014
669,0.535852,0.662745,5.70624
670,0.422764,0.360784,5.71008
671,0.14187,0.129412,5.71024
672,0.0165395,0.0745098,5.7136
673,0.0802914,0.0666667,5.71378
674,0.0856738,0.0980392,5.71394
675,0.243654,0.247059,5.71395
676,0.48513,0.607843,5.72901
677,0.522107,0.537255,5.72924
678,0.243011,0.2,5.73109
679,0.0433131,0.0862745,5.73293
680,0.0509167,0.0627451,5.73307
681,0.0721944,0.0745098,5.73308
682,0.148738,0.152941,5.73309
683,0.387608,0.435294,5.73537
684,0.554399,0.678431,5.75075
685,0.378735,0.321569,5.75402
686,0.120752,0.117647,5.75403
687,0.015577,0.0705882,5.75706
688,0.0769418,0.0666667,5.75716
689,0.0852057,0.0980392,5.75733
690,0.268167,0.262745,5.75736
691,0.507696,0.643137,5.7757
692,0.510523,0.52549,5.77592
693,0.218358,0.180392,5.77737
694,0.0360625,0.0862745,5.77989
695,0.0520182,0.0588235,5.77993
696,0.069397,0.0745098,5.77996
697,0.153933,0.145098,5.78004
698,0.406817,0.439216,5.78109
699,0.561858,0.705882,5.80183
700,0.367495,0.329412,5.80328
701,0.119064,0.109804,5.80337
702,0.0136767,0.0666667,5.80617
703,0.0706514,0.054902,5.80642
704,0.081606,0.0862745,5.80644
705,0.260946,0.235294,5.8071
706,0.513861,0.639216,5.82282
707,0.52649,0.572549,5.82494
708,0.236458,0.192157,5.8269
709,0.0470385,0.0784314,5.82789
710,0.0433366,0.054902,5.82802
711,0.0605563,0.0627451,5.82802
712,0.136616,0.117647,5.82838
713,0.386526,0.372549,5.82858
714,0.573172,0.741176,5.8568
715,0.403087,0.388235,5.85702
716,0.150789,0.121569,5.85788
717,0.00651478,0.0627451,5.86104
718,0.0662402,0.0509804,5.86127
719,0.0646836,0.0705882,5.86131
720,0.221732,0.160784,5.86502
721,0.483848,0.537255,5.86788
722,0.562977,0.698039,5.88612
723,0.28699,0.25098,5.88741
724,0.0950568,0.0862745,5.88749
725,0.0164212,0.054902,5.88897
726,0.0691967,0.0509804,5.8893
727,0.0931949,0.0784314,5.88952
728,0.306605,0.231373,5.89518
729,0.548789,0.690196,5.91518
730,0.49367,0.588235,5.92412
731,0.217337,0.172549,5.92613
732,0.0453607,0.0705882,5.92676
733,0.0315439,0.0470588,5.927
734,0.0517069,0.0470588,5.92702
735,0.128437,0.0862745,5.9288
736,0.384661,0.301961,5.93564
737,0.590768,0.780392,5.9716
738,0.413944,0.482353,5.97628
739,0.191957,0.129412,5.98019
740,0.0157345,0.054902,5.98172
741,0.0428923,0.0431373,5.98172
742,0.0482194,0.0431373,5.98175
743,0.172209,0.0901961,5.98848
744,0.436818,0.337255,5.99839
745,0.603471,0.835294,6.05213
746,0.356138,0.439216,6.05903
747,0.193777,0.105882,6.06676
748,-0.00759294,0.0470588,6.06975
749,0.0421618,0.0392157,6.06975
750,0.0475301,0.0392157,6.06982
751,0.183417,0.0823529,6.08004
752,0.450334,0.301961,6.10205
753,0.612465,0.866667,6.16667
754,0.340244,0.490196,6.18916
755,0.224546,0.109804,6.20232
756,-0.0134134,0.0470588,6.20598
757,0.0235167,0.0392157,6.20623
758,0.0446068,0.0313725,6.2064
759,0.155057,0.0509804,6.21723
760,0.411965,0.168627,6.27645
761,0.628415,0.729412,6.28665
762,0.373996,0.764706,6.4393
763,0.292039,0.172549,6.45358
764,0.0789639,0.054902,6.45416
765,-0.0502867,0.0352941,6.46148
766,0.0658281,0.0313725,6.46267
767,0.0734763,0.027451,6.46479
768,0.265836,0.0392157,6.51614
769,0.58329,0.145098,6.70816
770,0.521296,0.768627,6.76933
771,0.32995,0.85098,7.0408
772,0.374475,0.168627,7.08317
773,0.0396502,0.0470588,7.08323
774,-0.0667423,0.0313725,7.09286
775,0.100469,0.0313725,7.09763
776,-0.0254539,0.0235294,7.10003
777,0.147667,0.0196078,7.11643
778,0.594554,0.027451,7.43804
779,0.593269,0.0705882,7.71123
780,0.347062,0.211765,7.72954
781,0.429301,0.203922,7.78033
782,0.384822,0.156863,7.8323
783,0.332374,0.145098,7.86737
784,0.402494,0.160784,7.92579
785,0.303375,0.2,7.93648
786,0.12071,0.254902,7.95449
787,0.0979925,0.290196,7.99143
788,0.190728,0.282353,7.99982
789,0.17546,0.235294,8.0034
790,0.135461,0.196078,8.00708
791,0.124381,0.184314,8.01067
792,0.130728,0.211765,8.01724
793,0.162311,0.258824,8.02655
794,0.221217,0.298039,8.03245
795,0.264509,0.282353,8.03277
796,0.268157,0.231373,8.03412
797,0.222359,0.192157,8.03504
798,0.171078,0.188235,8.03533
799,0.157442,0.219608,8.0392
800,0.212632,0.270588,8.04255
801,0.297166,0.309804,8.04271
802,0.327314,0.282353,8.04474
803,0.260814,0.227451,8.04585
804,0.165307,0.192157,8.04657
805,0.138757,0.188235,8.04902
806,0.185608,0.223529,8.05046
807,0.264257,0.278431,8.05066
808,0.316458,0.309804,8.0507
809,0.294159,0.282353,8.05084
810,0.214517,0.219608,8.05087
811,0.162718,0.188235,8.05152
812,0.174701,0.192157,8.05182
813,0.221662,0.227451,8.05186
814,0.265857,0.286275,8.05227
815,0.288816,0.313725,8.05289
816,0.270418,0.27451,8.05291
817,0.219585,0.219608,8.05291
818,0.185208,0.184314,8.05291
819,0.191874,0.188235,8.05292
820,0.209072,0.235294,8.05361
821,0.244335,0.294118,8.05609
822,0.285361,0.321569,8.0574
823,0.283735,0.266667,8.05769
824,0.236154,0.211765,8.05829
825,0.185976,0.176471,8.05838
826,0.172379,0.188235,8.05863
827,0.189804,0.235294,8.0607
828,0.255041,0.305882,8.06328
829,0.310605,0.317647,8.06333
830,0.304488,0.262745,8.06508
831,0.223861,0.2,8.06564
832,0.16678,0.172549,8.06568
833,0.156841,0.184314,8.06643
834,0.202775,0.243137,8.06806
835,0.278972,0.313725,8.06927
836,0.330544,0.32549,8.0693
837,0.289845,0.254902,8.07052
838,0.201729,0.192157,8.07061
839,0.149781,0.168627,8.07096
840,0.164913,0.188235,8.07151
841,0.21627,0.247059,8.07245
842,0.289723,0.32549,8.07373
843,0.32452,0.321569,8.07374
844,0.278402,0.25098,8.07449
845,0.187957,0.184314,8.07451
846,0.156417,0.164706,8.07458
847,0.172732,0.188235,8.07482
848,0.221902,0.258824,8.07618
849,0.288425,0.337255,8.07856
850,0.325479,0.321569,8.07858
851,0.272486,0.243137,8.07944
852,0.1879,0.176471,8.07957
853,0.154328,0.160784,8.07961
854,0.166792,0.188235,8.08007
855,0.218862,0.266667,8.08236
856,0.297116,0.341176,8.0843
857,0.336908,0.321569,8.08454
858,0.274461,0.235294,8.08607
859,0.183262,0.172549,8.08618
860,0.144475,0.156863,8.08634
861,0.163078,0.192157,8.08718
862,0.224438,0.278431,8.0901
863,0.31222,0.352941,8.09176
864,0.341244,0.321569,8.09214
865,0.264932,0.223529,8.09386
866,0.16584,0.164706,8.09386
867,0.135078,0.156863,8.09433
868,0.164862,0.196078,8.09531
869,0.235926,0.286275,8.09784
870,0.324894,0.360784,8.09913
871,0.344053,0.321569,8.09964
872,0.254079,0.223529,8.10057
873,0.153207,0.160784,8.10063
874,0.133954,0.14902,8.10085
875,0.168189,0.196078,8.10163
876,0.241411,0.294118,8.10441
877,0.330422,0.372549,8.10618
878,0.342793,0.321569,8.10664
879,0.249482,0.211765,8.10806
880,0.151398,0.156863,8.10809
881,0.133423,0.14902,8.10833
882,0.16755,0.2,8.10938
883,0.242295,0.301961,8.11294
884,0.337071,0.384314,8.11518
885,0.348735,0.321569,8.11591
886,0.245534,0.211765,8.11705
887,0.139362,0.152941,8.11724
888,0.127958,0.14902,8.11768
889,0.161079,0.203922,8.11952
890,0.24501,0.313725,8.12424
891,0.344548,0.392157,8.12651
892,0.352932,0.317647,8.12775
893,0.236701,0.203922,8.12883
894,0.131966,0.14902,8.12912
895,0.12364,0.145098,8.12958
896,0.163505,0.203922,8.13121
897,0.254447,0.321569,8.13572
898,0.359031,0.4,8.13739
899,0.357444,0.317647,8.13898
900,0.229112,0.196078,8.14007
901,0.124476,0.141176,8.14035
902,0.12182,0.145098,8.14089
903,0.165693,0.207843,8.14267
904,0.261292,0.329412,8.14731
905,0.365254,0.411765,8.14947
906,0.357681,0.313725,8.1514
907,0.222112,0.196078,8.15208
908,0.113945,0.137255,8.15262
909,0.119564,0.141176,8.15309
910,0.163126,0.2,8.15445
911,0.264326,0.337255,8.15977
912,0.371641,0.419608,8.16207
913,0.365622,0.313725,8.16476
914,0.216468,0.184314,8.1658
915,0.114483,0.133333,8.16615
916,0.118424,0.133333,8.16637
917,0.163953,0.2,8.16767
918,0.264572,0.341176,8.17354
919,0.385624,0.431373,8.17564
920,0.371513,0.317647,8.17854
921,0.214686,0.184314,8.17946
922,0.104137,0.129412,8.1801
923,0.112359,0.129412,8.18039
924,0.154751,0.196078,8.1821
925,0.26518,0.345098,8.18848
926,0.391099,0.443137,8.19119
927,0.377834,0.317647,8.19481
928,0.211725,0.180392,8.1958
929,0.0980483,0.12549,8.19655
930,0.11013,0.12549,8.19678
931,0.152436,0.192157,8.19836
932,0.266529,0.345098,8.20454
933,0.399969,0.45098,8.20714
934,0.386548,0.32549,8.21087
935,0.21015,0.180392,8.21175
936,0.0935191,0.121569,8.21254
937,0.105751,0.121569,8.21279
938,0.148544,0.184314,8.21407
939,0.264577,0.337255,8.21935
940,0.402561,0.458824,8.22252
941,0.394496,0.333333,8.22626
942,0.216685,0.176471,8.22787
943,0.0916461,0.117647,8.22855
944,0.104727,0.117647,8.22872
945,0.147985,0.168627,8.22914
946,0.259202,0.329412,8.23407
947,0.403728,0.466667,8.23803
948,0.410418,0.341176,8.24283
949,0.223991,0.176471,8.24509
950,0.0892046,0.113725,8.24569
951,0.104359,0.113725,8.24577
952,0.142505,0.160784,8.24611
953,0.248214,0.313725,8.2504
954,0.404908,0.478431,8.25581
955,0.421542,0.356863,8.25999
956,0.233757,0.184314,8.26243
957,0.0837827,0.109804,8.26311
958,0.0987346,0.105882,8.26316
959,0.132859,0.152941,8.26357
960,0.236767,0.301961,8.26782
961,0.400184,0.482353,8.27457
962,0.436019,0.380392,8.27766
963,0.247272,0.188235,8.28115
964,0.0848052,0.105882,8.28159
965,0.0888004,0.0941176,8.28162
966,0.126463,0.137255,8.28174
967,0.226269,0.282353,8.28488
968,0.398869,0.482353,8.29185
969,0.454018,0.403922,8.29436
970,0.272603,0.196078,8.30022
971,0.0880771,0.109804,8.30069
972,0.0822871,0.0941176,8.30083
973,0.119351,0.12549,8.30087
974,0.208444,0.258824,8.3034
975,0.386449,0.47451,8.31116
976,0.464396,0.435294,8.31201
977,0.293093,0.215686,8.318
978,0.0917396,0.109804,8.31832
979,0.0745095,0.0862745,8.31846
980,0.112317,0.117647,8.31849
981,0.190532,0.231373,8.32016
982,0.370937,0.462745,8.32859
983,0.471953,0.466667,8.32862
984,0.326591,0.235294,8.33695
985,0.104336,0.113725,8.33704
986,0.065665,0.0862745,8.33746
987,0.106087,0.105882,8.33746
988,0.17249,0.207843,8.33871
989,0.346723,0.435294,8.34656
990,0.48072,0.501961,8.34701
991,0.358424,0.266667,8.35543
992,0.122319,0.12549,8.35544
993,0.0553421,0.0862745,8.3564
994,0.100083,0.0980392,8.3564
995,0.149349,0.180392,8.35736
996,0.318672,0.396078,8.36336
997,0.475776,0.533333,8.36667
998,0.39618,0.301961,8.37555
999,0.151308,0.137255,8.37574
1000,0.0491192,0.0901961,8.37743
1001,0.09709,0.0941176,8.37744
1002,0.132098,0.152941,8.37787
1003,0.284628,0.352941,8.38254
1004,0.464415,0.552941,8.39038
1005,0.435699,0.356863,8.39659
1006,0.182844,0.156863,8.39727
1007,0.0464007,0.0941176,8.39954
1008,0.088144,0.0862745,8.39955
1009,0.113917,0.133333,8.39993
1010,0.242603,0.298039,8.403
1011,0.444926,0.54902,8.41383
1012,0.468953,0.419608,8.41627
1013,0.234134,0.180392,8.41916
1014,0.0551244,0.0901961,8.42039
1015,0.0775377,0.0823529,8.42041
1016,0.103774,0.113725,8.42051
1017,0.209035,0.247059,8.42195
1018,0.413117,0.521569,8.43372
1019,0.499849,0.486275,8.4339
1020,0.293735,0.219608,8.4394
1021,0.0698869,0.105882,8.44069
1022,0.0577339,0.0745098,8.44097
1023,0.0955617,0.0941176,8.44097
1024,0.165258,0.2,8.44218
1025,0.371978,0.462745,8.45042
1026,0.511305,0.552941,8.45215
1027,0.356054,0.266667,8.46014
1028,0.10706,0.117647,8.46026
1029,0.0431169,0.0784314,8.4615
1030,0.0908645,0.0862745,8.46152
1031,0.132472,0.152941,8.46194
1032,0.320135,0.384314,8.46606
1033,0.50164,0.592157,8.47426
1034,0.425935,0.345098,8.48079
1035,0.152987,0.137255,8.48104
1036,0.0343655,0.0784314,8.48298
1037,0.0846118,0.0745098,8.48308
1038,0.108154,0.121569,8.48326
1039,0.258024,0.301961,8.48519
1040,0.474644,0.588235,8.4981
1041,0.484858,0.435294,8.50055
1042,0.222693,0.168627,8.50347
1043,0.0403164,0.0862745,8.50559
1044,0.0697346,0.0705882,8.50559
1045,0.0924208,0.0941176,8.50559
1046,0.198862,0.223529,8.5062
1047,0.427881,0.52549,8.51573
1048,0.525475,0.533333,8.51579
1049,0.302977,0.227451,8.52149
1050,0.0701365,0.0980392,8.52227
1051,0.050639,0.0705882,8.52267
1052,0.0879747,0.0784314,8.52276
1053,0.146061,0.160784,8.52298
1054,0.359172,0.419608,8.52663
1055,0.527798,0.607843,8.53304
1056,0.393091,0.309804,8.53997
1057,0.127079,0.117647,8.54006
1058,0.031469,0.0705882,8.54159
1059,0.0884704,0.0705882,8.54191
1060,0.108762,0.113725,8.54194
1061,0.281561,0.305882,8.54253
1062,0.497572,0.615686,8.55648
1063,0.481216,0.431373,8.55896
1064,0.202418,0.152941,8.56141
1065,0.0331708,0.0784314,8.56346
1066,0.0725583,0.0627451,8.56356
1067,0.0890329,0.0862745,8.56356
1068,0.198199,0.203922,8.5636
1069,0.439202,0.529412,8.57173
1070,0.536555,0.564706,8.57253
1071,0.30412,0.227451,8.57841
1072,0.070077,0.0901961,8.57881
1073,0.0458225,0.0588235,8.57898
1074,0.0840764,0.0666667,8.57928
1075,0.133828,0.133333,8.57928
1076,0.351819,0.388235,8.58061
1077,0.54053,0.65098,8.59281
1078,0.420143,0.34902,8.59787
1079,0.141929,0.121569,8.59828
1080,0.0217314,0.0666667,8.6003
1081,0.0781387,0.0588235,8.60067
1082,0.0870158,0.0901961,8.60068
1083,0.247614,0.247059,8.60068
1084,0.490071,0.603922,8.61365
1085,0.519066,0.509804,8.61373
1086,0.240972,0.180392,8.6174
1087,0.0444373,0.0745098,8.61831
1088,0.0585664,0.0509804,8.61836
1089,0.0783876,0.0666667,8.6185
1090,0.16106,0.145098,8.61876
1091,0.40385,0.443137,8.6203
1092,0.558679,0.662745,8.63113
1093,0.372228,0.298039,8.63663
1094,0.113623,0.109804,8.63665
1095,0.0185244,0.054902,8.63797
1096,0.0786169,0.054902,8.63853
1097,0.0879274,0.0941176,8.63857
1098,0.280089,0.262745,8.63887
1099,0.516404,0.643137,8.65493
1100,0.502076,0.494118,8.655
1101,0.213471,0.160784,8.65777
1102,0.0367656,0.0705882,8.65892
1103,0.0564993,0.0509804,8.65895
1104,0.0737377,0.0627451,8.65907
1105,0.169602,0.145098,8.65967
1106,0.417938,0.454902,8.66103
1107,0.567464,0.686275,8.67515
1108,0.354512,0.298039,8.67834
1109,0.10869,0.0980392,8.67845
1110,0.0153047,0.054902,8.68002
1111,0.0736183,0.0470588,8.68073
1112,0.0840789,0.0862745,8.68073
1113,0.279437,0.243137,8.68205
1114,0.525976,0.647059,8.69671
1115,0.512173,0.537255,8.69734
1116,0.222871,0.172549,8.69987
1117,0.0407773,0.0705882,8.70076
1118,0.0476098,0.0470588,8.70076
1119,0.0636543,0.0588235,8.70078
1120,0.15165,0.117647,8.70194
1121,0.401118,0.392157,8.70202
1122,0.572262,0.733333,8.72796
1123,0.384701,0.356863,8.72874
1124,0.140242,0.109804,8.72967
1125,0.00736746,0.054902,8.73193
1126,0.0689856,0.0509804,8.73225
1127,0.0683596,0.0666667,8.73225
1128,0.235353,0.180392,8.73527
1129,0.493573,0.572549,8.74151
1130,0.555023,0.67451,8.75579
1131,0.266132,0.227451,8.75728
1132,0.0783599,0.0784314,8.75728
1133,0.0145325,0.0509804,8.75861
1134,0.0634363,0.0509804,8.75877
1135,0.0973121,0.0784314,8.75912
1136,0.329743,0.254902,8.76472
1137,0.561448,0.713725,8.78791
1138,0.47681,0.545098,8.79258
1139,0.20315,0.152941,8.7951
1140,0.0342399,0.0627451,8.79591
1141,0.040419,0.0431373,8.79592
1142,0.0552569,0.0470588,8.79598
1143,0.147119,0.0941176,8.79879
1144,0.409514,0.333333,8.8046
1145,0.593665,0.796078,8.84557
1146,0.387386,0.435294,8.84786
1147,0.179005,0.113725,8.85213
1148,0.00373771,0.0509804,8.85436
1149,0.0493623,0.0352941,8.85456
1150,0.0503383,0.0470588,8.85457
1151,0.190301,0.101961,8.86237
1152,0.460436,0.384314,8.86816
1153,0.59955,0.835294,8.92374
1154,0.332163,0.380392,8.92607
1155,0.176793,0.0980392,8.93227
1156,-0.0158884,0.0431373,8.93575
1157,0.0472275,0.0352941,8.93589
1158,0.0515624,0.0352941,8.93616
1159,0.210722,0.0901961,8.95069
1160,0.478306,0.360784,8.9645
1161,0.602235,0.878431,9.04078
1162,0.315874,0.407843,9.04924
1163,0.207871,0.0941176,9.06218
1164,-0.027347,0.0392157,9.06661
1165,0.0405788,0.027451,9.06678
1166,0.0452626,0.0313725,9.06698
1167,0.185925,0.054902,9.08414
1168,0.455295,0.215686,9.14155
1169,0.62202,0.839216,9.18873
1170,0.34484,0.627451,9.2686
1171,0.283485,0.133333,9.29114
1172,0.0147245,0.0431373,9.29195
1173,-0.014753,0.027451,9.29373
1174,0.0549047,0.0235294,9.29472
1175,0.0980764,0.0196078,9.30087
1176,0.327448,0.0470588,9.37949
1177,0.628485,0.239216,9.53102
1178,0.455901,0.988235,9.8144
1179,0.342779,0.576471,9.86901
1180,0.331989,0.0980392,9.92375
1181,-0.0852018,0.0313725,9.93734
1182,0.0298988,0.027451,9.93734
1183,0.054557,0.0235294,9.9383
1184,0.00792148,0.0156863,9.93836
1185,0.281592,0.0156863,10.0091
1186,0.692545,0.0156863,10.4672
1187,0.455212,0.054902,10.6275
1188,0.375695,0.141176,10.6825
1189,0.439332,0.0901961,10.8044
1190,0.378962,0.0823529,10.8923
1191,0.400973,0.0980392,10.9841
1192,0.471193,0.133333,11.0982
1193,0.31589,0.188235,11.1145
1194,0.1571,0.227451,11.1195
1195,0.155666,0.247059,11.1278
1196,0.204318,0.25098,11.13
1197,0.160116,0.231373,11.1351
1198,0.134366,0.203922,11.1399
1199,0.11847,0.192157,11.1454
1200,0.117583,0.203922,11.1528
1201,0.142811,0.223529,11.1593
1202,0.179859,0.25098,11.1644
1203,0.224438,0.25098,11.1651
1204,0.255836,0.235294,11.1655
1205,0.231617,0.211765,11.1659
1206,0.189253,0.2,11.166
1207,0.176129,0.211765,11.1673
1208,0.216669,0.235294,11.1676
1209,0.272473,0.262745,11.1677
1210,0.291764,0.254902,11.1691
1211,0.250713,0.235294,11.1693
1212,0.193758,0.207843,11.1695
1213,0.180365,0.2,11.1699
1214,0.20834,0.215686,11.17
1215,0.255162,0.243137,11.1701
1216,0.274609,0.266667,11.1702
1217,0.260093,0.258824,11.1702
1218,0.224409,0.235294,11.1703
1219,0.205132,0.207843,11.1703
1220,0.209951,0.2,11.1704
1221,0.225723,0.219608,11.1704
1222,0.242253,0.247059,11.1705
1223,0.249991,0.270588,11.1709
1224,0.249573,0.262745,11.1711
1225,0.241213,0.227451,11.1713
1226,0.226248,0.207843,11.1716
1227,0.211933,0.2,11.1717
1228,0.211008,0.219608,11.1718
1229,0.224003,0.254902,11.1728
1230,0.254126,0.27451,11.1732
1231,0.272718,0.254902,11.1735
1232,0.25508,0.227451,11.1743
1233,0.216491,0.203922,11.1744
1234,0.196424,0.203922,11.1745
1235,0.197082,0.227451,11.1754
1236,0.235709,0.262745,11.1761
1237,0.27675,0.278431,11.1761
1238,0.278126,0.258824,11.1765
1239,0.236127,0.219608,11.1768
1240,0.195925,0.2,11.1768
1241,0.183521,0.2,11.1771
1242,0.211515,0.231373,11.1775
1243,0.254988,0.266667,11.1776
1244,0.28557,0.282353,11.1776
1245,0.269004,0.254902,11.1778
1246,0.225462,0.219608,11.1778
1247,0.190552,0.196078,11.1779
1248,0.195709,0.2,11.1779
1249,0.220553,0.235294,11.1781
1250,0.258571,0.278431,11.1785
1251,0.277548,0.286275,11.1786
1252,0.260976,0.254902,11.1786
1253,0.220286,0.219608,11.1786
1254,0.195957,0.196078,11.1786
1255,0.194351,0.203922,11.1787
1256,0.213861,0.243137,11.1796
1257,0.252818,0.282353,11.1804
1258,0.27745,0.290196,11.1806
1259,0.26188,0.25098,11.1807
1260,0.223876,0.207843,11.181
1261,0.19265,0.188235,11.181
1262,0.188644,0.203922,11.1812
1263,0.216558,0.247059,11.1822
1264,0.26441,0.286275,11.1826
1265,0.290998,0.286275,11.1827
1266,0.271305,0.243137,11.1835
1267,0.219152,0.203922,11.1837
1268,0.182829,0.188235,11.1837
1269,0.186882,0.207843,11.1842
1270,0.224132,0.25098,11.1849
1271,0.27527,0.298039,11.1854
1272,0.294239,0.286275,11.1855
1273,0.261239,0.243137,11.1858
1274,0.200413,0.196078,11.1858
1275,0.176361,0.188235,11.1859
1276,0.187027,0.211765,11.1866
1277,0.232893,0.258824,11.1872
1278,0.278443,0.301961,11.1878
1279,0.294109,0.286275,11.1878
1280,0.251725,0.231373,11.1883
1281,0.196726,0.188235,11.1883
1282,0.175179,0.180392,11.1884
1283,0.196287,0.211765,11.1886
1284,0.240253,0.266667,11.1893
1285,0.287532,0.305882,11.1896
1286,0.298171,0.286275,11.1898
1287,0.25106,0.227451,11.1903
1288,0.192815,0.184314,11.1904
1289,0.172485,0.180392,11.1905
1290,0.192481,0.211765,11.1908
1291,0.240629,0.27451,11.192
1292,0.290814,0.313725,11.1925
1293,0.29985,0.282353,11.1928
1294,0.246653,0.219608,11.1935
1295,0.185131,0.180392,11.1936
1296,0.167898,0.184314,11.1938
1297,0.192327,0.219608,11.1946
1298,0.245298,0.286275,11.1963
1299,0.299436,0.321569,11.1968
1300,0.301334,0.278431,11.1973
1301,0.234328,0.215686,11.1976
1302,0.171952,0.172549,11.1976
1303,0.163156,0.180392,11.1979
1304,0.194138,0.223529,11.1988
1305,0.25643,0.294118,11.2002
1306,0.310609,0.321569,11.2003
1307,0.302479,0.27451,11.2011
1308,0.227288,0.203922,11.2017
1309,0.170252,0.172549,11.2017
1310,0.16274,0.176471,11.2018
1311,0.202614,0.227451,11.2025
1312,0.263711,0.301961,11.2039
1313,0.318243,0.32549,11.204
1314,0.298346,0.262745,11.2052
1315,0.219807,0.2,11.2056
1316,0.162916,0.160784,11.2056
1317,0.167484,0.180392,11.2058
1318,0.201874,0.235294,11.2069
1319,0.275074,0.313725,11.2084
1320,0.322363,0.329412,11.2085
1321,0.295744,0.262745,11.2096
1322,0.208019,0.188235,11.21
1323,0.156884,0.156863,11.21
1324,0.157173,0.176471,11.2103
1325,0.207349,0.239216,11.2113
1326,0.281115,0.321569,11.213
1327,0.331735,0.333333,11.213
1328,0.296678,0.254902,11.2147
1329,0.203497,0.184314,11.2151
1330,0.148561,0.156863,11.2152
1331,0.159045,0.176471,11.2155
1332,0.208763,0.247059,11.2169
1333,0.287811,0.333333,11.219
1334,0.337839,0.333333,11.219
1335,0.29077,0.243137,11.2213
1336,0.189798,0.172549,11.2216
1337,0.143954,0.152941,11.2217
1338,0.160874,0.176471,11.2219
1339,0.215479,0.254902,11.2235
1340,0.301052,0.345098,11.2254
1341,0.348087,0.333333,11.2256
1342,0.285532,0.239216,11.2278
1343,0.177746,0.164706,11.2279
1344,0.138475,0.14902,11.2281
1345,0.158732,0.176471,11.2284
1346,0.219332,0.262745,11.2303
1347,0.309413,0.352941,11.2321
1348,0.353213,0.337255,11.2324
1349,0.278541,0.235294,11.2343
1350,0.170541,0.164706,11.2343
1351,0.131965,0.145098,11.2345
1352,0.157771,0.176471,11.2348
1353,0.219926,0.266667,11.237
1354,0.316364,0.368627,11.2397
1355,0.355405,0.341176,11.2399
1356,0.27604,0.227451,11.2423
1357,0.160659,0.156863,11.2423
1358,0.129323,0.141176,11.2425
1359,0.155702,0.180392,11.2431
1360,0.222487,0.278431,11.2462
1361,0.324889,0.376471,11.2489
1362,0.364462,0.337255,11.2496
1363,0.271249,0.223529,11.2519
1364,0.151574,0.14902,11.2519
1365,0.124567,0.141176,11.2522
1366,0.15284,0.180392,11.2529
1367,0.231005,0.286275,11.256
1368,0.335644,0.388235,11.2587
1369,0.36949,0.341176,11.2595
1370,0.263714,0.211765,11.2622
1371,0.141913,0.145098,11.2623
1372,0.116783,0.137255,11.2627
1373,0.156371,0.180392,11.2632
1374,0.233542,0.286275,11.266
1375,0.345938,0.392157,11.2682
1376,0.376231,0.337255,11.2697
1377,0.262167,0.211765,11.2722
1378,0.134232,0.141176,11.2723
1379,0.120355,0.133333,11.2724
1380,0.15683,0.180392,11.273
1381,0.23871,0.294118,11.2761
1382,0.350259,0.407843,11.2794
1383,0.376172,0.341176,11.2806
1384,0.253983,0.203922,11.2831
1385,0.126222,0.133333,11.2832
1386,0.114206,0.129412,11.2834
1387,0.152973,0.172549,11.2838
1388,0.238829,0.298039,11.2873
1389,0.357677,0.415686,11.2906
1390,0.389965,0.341176,11.293
1391,0.255265,0.2,11.2961
1392,0.122535,0.129412,11.2961
1393,0.112796,0.121569,11.2962
1394,0.150475,0.172549,11.2967
1395,0.23797,0.294118,11.2998
1396,0.368818,0.427451,11.3033
1397,0.395028,0.345098,11.3058
1398,0.255814,0.196078,11.3093
1399,0.114524,0.12549,11.3095
1400,0.108209,0.117647,11.3096
1401,0.145529,0.168627,11.3101
1402,0.238598,0.298039,11.3136
1403,0.372273,0.431373,11.3171
1404,0.404585,0.352941,11.3198
1405,0.252991,0.196078,11.323
1406,0.109147,0.12549,11.3233
1407,0.102534,0.113725,11.3234
1408,0.142488,0.160784,11.3237
1409,0.235805,0.294118,11.3271
1410,0.376545,0.443137,11.3316
1411,0.409312,0.360784,11.3339
1412,0.257157,0.196078,11.3377
1413,0.105218,0.117647,11.3378
1414,0.101807,0.109804,11.3379
1415,0.138289,0.152941,11.3381
1416,0.231919,0.286275,11.3411
1417,0.378137,0.45098,11.3464
1418,0.422628,0.376471,11.3485
1419,0.265873,0.196078,11.3534
1420,0.103664,0.117647,11.3536
1421,0.0941282,0.105882,11.3537
1422,0.13371,0.145098,11.3538
1423,0.220902,0.278431,11.3571
1424,0.376706,0.454902,11.3633
1425,0.434316,0.396078,11.3647
1426,0.275535,0.203922,11.3698
1427,0.100407,0.117647,11.3701
1428,0.0874291,0.101961,11.3704
1429,0.126104,0.137255,11.3705
1430,0.209702,0.262745,11.3733
1431,0.373207,0.454902,11.38
1432,0.444152,0.407843,11.3813
1433,0.292613,0.215686,11.3872
1434,0.102655,0.117647,11.3874
1435,0.0864302,0.0941176,11.3875
1436,0.121888,0.12549,11.3875
1437,0.201997,0.247059,11.3895
1438,0.367647,0.45098,11.3965
1439,0.454304,0.431373,11.397
1440,0.309278,0.223529,11.4043
1441,0.111655,0.117647,11.4044
1442,0.0790904,0.0941176,11.4046
1443,0.115847,0.117647,11.4046
1444,0.187785,0.227451,11.4062
1445,0.354386,0.443137,11.4141
1446,0.461365,0.462745,11.4141
1447,0.332142,0.243137,11.422
1448,0.116512,0.121569,11.422
1449,0.0682958,0.0901961,11.4225
1450,0.108591,0.109804,11.4225
1451,0.168817,0.207843,11.424
1452,0.336661,0.423529,11.4316
1453,0.467431,0.486275,11.4319
1454,0.360923,0.262745,11.4416
1455,0.132056,0.12549,11.4416
1456,0.0630964,0.0901961,11.4423
1457,0.105502,0.101961,11.4423
1458,0.156645,0.184314,11.4431
1459,0.318659,0.396078,11.4491
1460,0.469609,0.513725,11.4511
1461,0.390516,0.298039,11.4596
1462,0.150356,0.137255,11.4598
1463,0.0548936,0.0862745,11.4608
1464,0.0989487,0.0941176,11.4608
1465,0.138417,0.160784,11.4613
1466,0.290452,0.356863,11.4657
1467,0.460857,0.533333,11.4709
1468,0.423958,0.333333,11.4792
1469,0.183955,0.14902,11.4804
1470,0.0534155,0.0862745,11.4815
1471,0.0945417,0.0901961,11.4815
1472,0.125681,0.137255,11.4816
1473,0.260488,0.317647,11.4849
1474,0.446345,0.537255,11.4931
1475,0.458632,0.384314,11.4987
1476,0.217344,0.164706,11.5014
1477,0.0553688,0.0941176,11.5029
1478,0.0826835,0.0784314,11.503
1479,0.114415,0.121569,11.503
1480,0.222446,0.270588,11.5053
1481,0.428847,0.52549,11.5147
1482,0.482081,0.443137,11.5162
1483,0.26553,0.196078,11.521
1484,0.0642599,0.0980392,11.5221
1485,0.0708025,0.0784314,11.5222
1486,0.100048,0.105882,11.5222
1487,0.190321,0.223529,11.5233
1488,0.392394,0.494118,11.5337
1489,0.498588,0.505882,11.5337
1490,0.320272,0.235294,11.541
1491,0.0846526,0.105882,11.5414
1492,0.0540975,0.0745098,11.5418
1493,0.0956176,0.0901961,11.5419
1494,0.155785,0.180392,11.5425
1495,0.350377,0.427451,11.5484
1496,0.507497,0.556863,11.5508
1497,0.383265,0.286275,11.5603
1498,0.127019,0.121569,11.5603
1499,0.0430779,0.0745098,11.5613
1500,0.0942004,0.0784314,11.5615
1501,0.127713,0.145098,11.5618
1502,0.301176,0.356863,11.5649
1503,0.492363,0.584314,11.5734
1504,0.44278,0.356863,11.5808
1505,0.174572,0.145098,11.5816
1506,0.0361295,0.0784314,11.5834
1507,0.0836643,0.0705882,11.5836
1508,0.10365,0.113725,11.5837
1509,0.246215,0.278431,11.5847
1510,0.462237,0.568627,11.596
1511,0.493463,0.45098,11.5979
1512,0.240847,0.176471,11.602
1513,0.0487358,0.0862745,11.6034
1514,0.0668621,0.0705882,11.6034
1515,0.0947321,0.0901961,11.6034
1516,0.189646,0.207843,11.6038
1517,0.41031,0.501961,11.6122
1518,0.524002,0.541176,11.6125
1519,0.321113,0.235294,11.6198
1520,0.0798348,0.0980392,11.6202
1521,0.048971,0.0666667,11.6205
1522,0.0923654,0.0745098,11.6208
1523,0.140783,0.14902,11.6209
1524,0.34665,0.403922,11.6241
1525,0.52395,0.611765,11.6319
1526,0.409725,0.32549,11.6389
1527,0.136707,0.121569,11.6392
1528,0.0297449,0.0705882,11.6408
1529,0.0838388,0.0666667,11.6411
1530,0.101037,0.113725,11.6413
1531,0.265674,0.290196,11.6419
1532,0.491658,0.603922,11.6545
1533,0.48857,0.443137,11.6566
1534,0.215903,0.164706,11.6592
1535,0.0357538,0.0745098,11.6607
1536,0.0695719,0.0588235,11.6608
1537,0.0867504,0.0823529,11.6608
1538,0.196961,0.2,11.6608
1539,0.429913,0.513725,11.6679
1540,0.538951,0.572549,11.669
1541,0.315886,0.235294,11.6755
1542,0.0787081,0.0941176,11.6757
1543,0.0390157,0.0588235,11.6761
1544,0.0846697,0.0666667,11.6764
1545,0.129186,0.129412,11.6764
1546,0.343471,0.380392,11.6778
1547,0.534023,0.643137,11.6897
1548,0.429119,0.34902,11.6961
1549,0.145797,0.121569,11.6967
1550,0.0245321,0.0627451,11.6982
1551,0.0816385,0.0588235,11.6987
1552,0.0905385,0.0901961,11.6987
1553,0.248009,0.243137,11.6987
1554,0.488658,0.596078,11.7103
1555,0.520577,0.513725,11.7103
1556,0.244754,0.184314,11.714
1557,0.0453997,0.0784314,11.715
1558,0.054071,0.054902,11.715
1559,0.0785845,0.0705882,11.7151
1560,0.157137,0.152941,11.7151
1561,0.395679,0.443137,11.7174
1562,0.55164,0.65098,11.7273
1563,0.368529,0.298039,11.7322
1564,0.110557,0.101961,11.7323
1565,0.0213805,0.0588235,11.7337
1566,0.0797741,0.0509804,11.7345
1567,0.0973925,0.0941176,11.7345
1568,0.284586,0.270588,11.7347
1569,0.520322,0.647059,11.7508
1570,0.500037,0.486275,11.751
1571,0.213022,0.160784,11.7537
1572,0.0321194,0.0666667,11.7549
1573,0.0600991,0.0470588,11.7551
1574,0.0690161,0.0627451,11.7551
1575,0.172186,0.14902,11.7557
1576,0.423492,0.462745,11.7572
1577,0.567723,0.67451,11.7686
1578,0.351349,0.286275,11.7728
1579,0.107665,0.0980392,11.7729
1580,0.0163768,0.054902,11.7744
1581,0.0750113,0.0509804,11.775
1582,0.0892341,0.0862745,11.775
1583,0.288208,0.254902,11.7761
1584,0.527018,0.658824,11.7935
1585,0.503264,0.513725,11.7936
1586,0.211772,0.160784,11.7962
1587,0.0343115,0.0666667,11.7972
1588,0.0533286,0.0470588,11.7973
1589,0.0668456,0.0588235,11.7973
1590,0.160121,0.12549,11.7985
1591,0.41411,0.419608,11.7986
1592,0.575341,0.721569,11.8199
1593,0.368927,0.333333,11.8212
1594,0.127413,0.101961,11.8219
1595,0.009485,0.0509804,11.8236
1596,0.0691458,0.0470588,11.8241
1597,0.0727254,0.0666667,11.8241
1598,0.252678,0.192157,11.8278
1599,0.50882,0.6,11.8361
1600,0.54416,0.627451,11.843
1601,0.255783,0.203922,11.8457
1602,0.0680327,0.0705882,11.8457
1603,0.0290886,0.0431373,11.8459
1604,0.0654836,0.0470588,11.8463
1605,0.115169,0.0901961,11.8469
1606,0.355844,0.286275,11.8517
1607,0.57186,0.737255,11.8791
1608,0.446019,0.482353,11.8804
1609,0.188312,0.137255,11.883
1610,0.016797,0.054902,11.8845
1611,0.0485457,0.0431373,11.8845
1612,0.0533461,0.0470588,11.8845
1613,0.173205,0.105882,11.8891
1614,0.432933,0.384314,11.8914
1615,0.593569,0.788235,11.9293
1616,0.352262,0.360784,11.9294
1617,0.160341,0.0980392,11.9333
1618,-0.00129219,0.0431373,11.9352
1619,0.0653657,0.0352941,11.9361
1620,0.0593619,0.0431373,11.9364
1621,0.226989,0.117647,11.9484
1622,0.491206,0.470588,11.9488
1623,0.584646,0.8,11.9952
1624,0.298043,0.294118,11.9952
1625,0.145189,0.0862745,11.9987
1626,-0.0139296,0.0392157,12.0015
1627,0.0577974,0.0313725,12.0022
1628,0.0575841,0.0392157,12.0025
1629,0.254539,0.113725,12.0223
1630,0.521751,0.482353,12.0239
1631,0.564335,0.835294,12.0973
1632,0.281402,0.286275,12.0973
1633,0.162016,0.0705882,12.1057
1634,-0.031804,0.0352941,12.1102
1635,0.0560882,0.0313725,12.1108
1636,0.0619032,0.0352941,12.1115
1637,0.245543,0.0784314,12.1394
1638,0.518946,0.368627,12.162
1639,0.578064,0.92549,12.2827
1640,0.296261,0.388235,12.2912
1641,0.222304,0.0784314,12.3119
1642,-0.0537646,0.0352941,12.3198
1643,0.0442892,0.0235294,12.3203
1644,0.04645,0.0235294,12.3208
1645,0.167228,0.0313725,12.3392
1646,0.450054,0.117647,12.4497
1647,0.640313,0.639216,12.4497
1648,0.349403,0.898039,12.7507
1649,0.340989,0.203922,12.7695
1650,0.127647,0.0470588,12.776
1651,-0.102063,0.027451,12.7928
1652,0.0923509,0.0196078,12.7981
1653,0.0350007,0.0156863,12.7985
1654,0.170983,0.0117647,12.8238
1655,0.542617,0.0117647,13.1056
1656,0.606373,0.027451,13.4408
1657,0.340837,0.164706,13.4718
1658,0.435499,0.207843,13.5236
1659,0.416482,0.0980392,13.625
1660,0.344825,0.0823529,13.6939
1661,0.404705,0.0941176,13.7904
1662,0.362475,0.152941,13.8343
1663,0.161862,0.27451,13.847
1664,0.125035,0.34902,13.8971
1665,0.230145,0.282353,13.8999
1666,0.207594,0.184314,13.9004
1667,0.0965182,0.145098,13.9028
1668,0.0817032,0.14902,13.9073
1669,0.0827247,0.203922,13.922
1670,0.142418,0.286275,13.9427
1671,0.267667,0.32549,13.946
1672,0.313336,0.258824,13.949
1673,0.244862,0.184314,13.9527
1674,0.167633,0.145098,13.9532
1675,0.138802,0.156863,13.9535
1676,0.153277,0.211765,13.9569
1677,0.254586,0.301961,13.9592
1678,0.361788,0.329412,13.9602
1679,0.355023,0.258824,13.9695
1680,0.224039,0.180392,13.9714
1681,0.12326,0.14902,13.972
1682,0.118263,0.156863,13.9735
1683,0.193687,0.223529,13.9744
1684,0.304005,0.313725,13.9745
1685,0.369554,0.337255,13.9756
1686,0.30237,0.254902,13.9778
1687,0.175113,0.172549,13.9778
1688,0.121246,0.145098,13.9784
1689,0.161527,0.160784,13.9784
1690,0.228939,0.227451,13.9784
1691,0.303199,0.321569,13.9787
1692,0.335593,0.341176,13.9788
1693,0.280318,0.247059,13.9799
1694,0.186189,0.168627,13.9802
1695,0.153886,0.141176,13.9803
1696,0.180008,0.160784,13.9807
1697,0.211984,0.231373,13.9811
1698,0.277594,0.337255,13.9846
1699,0.334151,0.345098,13.9848
1700,0.302533,0.247059,13.9878
1701,0.201191,0.164706,13.9892
1702,0.15156,0.141176,13.9893
1703,0.149907,0.160784,13.9894
1704,0.188373,0.239216,13.992
1705,0.284181,0.34902,13.9962
1706,0.365325,0.345098,13.9966
1707,0.314607,0.235294,14.0029
1708,0.186401,0.156863,14.0038
1709,0.12553,0.129412,14.0038
1710,0.139978,0.156863,14.0041
1711,0.204296,0.247059,14.0059
1712,0.322429,0.356863,14.0071
1713,0.386328,0.34902,14.0085
1714,0.300838,0.231373,14.0133
1715,0.162088,0.14902,14.0135
1716,0.115688,0.129412,14.0136
1717,0.146735,0.160784,14.0138
1718,0.222174,0.25098,14.0147
1719,0.329145,0.368627,14.0162
1720,0.373882,0.34902,14.0168
1721,0.284285,0.227451,14.0201
1722,0.151368,0.141176,14.0202
1723,0.122254,0.12549,14.0202
1724,0.156404,0.152941,14.0202
1725,0.224116,0.254902,14.0212
1726,0.324414,0.380392,14.0243
1727,0.379175,0.352941,14.025
1728,0.287486,0.219608,14.0296
1729,0.156855,0.141176,14.0298
1730,0.123279,0.121569,14.0298
1731,0.14948,0.156863,14.0299
1732,0.209799,0.262745,14.0327
1733,0.329924,0.392157,14.0366
1734,0.389552,0.360784,14.0374
1735,0.289188,0.219608,14.0422
1736,0.14537,0.137255,14.0423
1737,0.10907,0.117647,14.0424
1738,0.135335,0.152941,14.0427
1739,0.212132,0.258824,14.0449
1740,0.343844,0.4,14.048
1741,0.402807,0.360784,14.0498
1742,0.29214,0.215686,14.0556
1743,0.136533,0.133333,14.0556
1744,0.107439,0.113725,14.0557
1745,0.140249,0.152941,14.0558
1746,0.219938,0.262745,14.0577
1747,0.351316,0.407843,14.0609
1748,0.405934,0.372549,14.062
1749,0.283466,0.211765,14.0671
1750,0.127963,0.129412,14.0671
1751,0.101749,0.113725,14.0673
1752,0.140501,0.141176,14.0673
1753,0.217616,0.258824,14.069
1754,0.349251,0.415686,14.0734
1755,0.413566,0.380392,14.0745
1756,0.290271,0.211765,14.0806
1757,0.127964,0.12549,14.0806
1758,0.104418,0.105882,14.0806
1759,0.13865,0.141176,14.0807
1760,0.207024,0.258824,14.0833
1761,0.352115,0.423529,14.0884
1762,0.422375,0.392157,14.0894
1763,0.296873,0.219608,14.0953
1764,0.124185,0.129412,14.0953
1765,0.0932916,0.105882,14.0955
1766,0.124402,0.137255,14.0957
1767,0.199384,0.25098,14.0983
1768,0.351252,0.431373,14.1048
1769,0.429572,0.411765,14.1051
1770,0.3043,0.223529,14.1116
1771,0.120265,0.12549,14.1116
1772,0.0855153,0.0980392,14.1118
1773,0.122265,0.129412,14.1118
1774,0.19556,0.239216,14.1137
1775,0.35221,0.431373,14.12
1776,0.442896,0.423529,14.1204
1777,0.321112,0.235294,14.1277
1778,0.12282,0.12549,14.1277
1779,0.0843215,0.0980392,14.1279
1780,0.117234,0.121569,14.128
1781,0.188263,0.223529,14.1292
1782,0.342989,0.427451,14.1363
1783,0.447947,0.443137,14.1364
1784,0.334014,0.243137,14.1446
1785,0.129131,0.12549,14.1446
1786,0.0791923,0.0941176,14.1449
1787,0.115778,0.113725,14.1449
1788,0.175919,0.211765,14.1461
1789,0.332196,0.411765,14.1525
1790,0.456357,0.466667,14.1526
1791,0.353901,0.262745,14.1609
1792,0.139956,0.129412,14.161
1793,0.0706785,0.0941176,14.1615
1794,0.107847,0.105882,14.1616
1795,0.16236,0.192157,14.1624
1796,0.316831,0.396078,14.1687
1797,0.455954,0.490196,14.1699
1798,0.378788,0.282353,14.1792
1799,0.153135,0.137255,14.1794
1800,0.0637853,0.0901961,14.1801
1801,0.105644,0.0980392,14.1802
1802,0.147572,0.172549,14.1808
1803,0.298857,0.372549,14.1863
1804,0.456739,0.509804,14.1891
1805,0.406159,0.313725,14.1976
1806,0.172523,0.141176,14.1986
1807,0.0612429,0.0901961,14.1994
1808,0.0970602,0.0901961,14.1995
1809,0.135957,0.152941,14.1998
1810,0.274792,0.341176,14.2042
1811,0.451692,0.521569,14.2091
1812,0.434695,0.34902,14.2164
1813,0.200891,0.156863,14.2183
1814,0.0582512,0.0901961,14.2194
1815,0.0910426,0.0862745,14.2194
1816,0.121519,0.133333,14.2195
1817,0.248565,0.301961,14.2224
1818,0.437417,0.52549,14.2301
1819,0.460229,0.388235,14.2353
1820,0.235167,0.172549,14.2392
1821,0.0614221,0.0901961,14.2401
1822,0.0839937,0.0784314,14.2401
1823,0.113832,0.113725,14.2401
1824,0.221316,0.254902,14.2412
1825,0.419199,0.517647,14.2509
1826,0.485978,0.443137,14.2527
1827,0.279446,0.196078,14.2597
1828,0.0708278,0.0980392,14.2604
1829,0.0718048,0.0784314,14.2605
1830,0.104188,0.101961,14.2605
1831,0.184352,0.215686,14.2615
1832,0.383724,0.478431,14.2704
1833,0.500334,0.501961,14.2704
1834,0.325449,0.235294,14.2786
1835,0.0912165,0.105882,14.2788
1836,0.0571753,0.0784314,14.2792
1837,0.098651,0.0862745,14.2794
1838,0.154651,0.176471,14.2799
1839,0.343951,0.419608,14.2856
1840,0.503474,0.545098,14.2873
1841,0.384355,0.286275,14.2969
1842,0.129572,0.121569,14.297
1843,0.0483709,0.0745098,14.2977
1844,0.0972487,0.0784314,14.298
1845,0.127687,0.141176,14.2982
1846,0.299691,0.352941,14.3011
1847,0.488051,0.580392,14.3096
1848,0.440273,0.356863,14.3165
1849,0.177769,0.141176,14.3179
1850,0.0376705,0.0784314,14.3195
1851,0.0837043,0.0745098,14.3196
1852,0.105434,0.113725,14.3197
1853,0.242345,0.282353,14.3213
1854,0.457912,0.564706,14.3327
1855,0.492811,0.439216,14.3356
1856,0.238295,0.176471,14.3394
1857,0.0472632,0.0862745,14.3409
1858,0.0708399,0.0705882,14.3409
1859,0.0955728,0.0941176,14.3409
1860,0.192563,0.215686,14.3415
1861,0.41469,0.509804,14.3505
1862,0.51947,0.537255,14.3508
1863,0.312157,0.235294,14.3567
1864,0.0757582,0.0980392,14.3572
1865,0.0457732,0.0705882,14.3578
1866,0.0877244,0.0823529,14.3579
1867,0.142921,0.160784,14.3582
1868,0.347965,0.415686,14.3628
1869,0.520339,0.596078,14.3685
1870,0.399639,0.309804,14.3766
1871,0.12894,0.121569,14.3766
1872,0.0327386,0.0666667,14.3778
1873,0.0901161,0.0666667,14.3783
1874,0.111458,0.113725,14.3783
1875,0.283178,0.309804,14.3791
1876,0.49778,0.611765,14.392
1877,0.480209,0.419608,14.3957
1878,0.204876,0.14902,14.3988
1879,0.0350547,0.0745098,14.4004
1880,0.0727956,0.0627451,14.4005
1881,0.090488,0.0901961,14.4005
1882,0.204562,0.219608,14.4007
1883,0.442944,0.541176,14.4104
1884,0.533681,0.541176,14.4104
1885,0.292496,0.219608,14.4157
1886,0.0598911,0.0941176,14.4169
1887,0.0461652,0.0588235,14.4171
1888,0.0818248,0.0745098,14.4171
1889,0.141157,0.152941,14.4173
1890,0.365638,0.415686,14.4198
1891,0.535753,0.635294,14.4297
1892,0.395443,0.317647,14.4357
1893,0.126551,0.113725,14.4359
1894,0.0227871,0.0666667,14.4378
1895,0.0812556,0.0627451,14.4382
1896,0.100844,0.105882,14.4382
1897,0.272693,0.278431,14.4382
1898,0.50187,0.623529,14.453
1899,0.49833,0.466667,14.454
1900,0.215373,0.164706,14.4566
1901,0.0321144,0.0745098,14.4584
1902,0.0664283,0.0588235,14.4584
1903,0.0807938,0.0745098,14.4585
1904,0.182465,0.176471,14.4585
1905,0.422255,0.498039,14.4643
1906,0.551734,0.619608,14.4689
1907,0.332023,0.254902,14.4748
1908,0.0874571,0.0941176,14.4749
1909,0.0304082,0.054902,14.4755
1910,0.0820264,0.0588235,14.476
1911,0.109711,0.109804,14.476
1912,0.321955,0.321569,14.476
1913,0.538395,0.666667,14.4925
1914,0.46453,0.423529,14.4941
1915,0.177055,0.137255,14.4957
1916,0.0221415,0.0627451,14.4974
1917,0.0673412,0.0509804,14.4976
1918,0.0757154,0.0705882,14.4977
1919,0.206195,0.184314,14.4981
1920,0.45745,0.533333,14.5039
1921,0.556173,0.619608,14.5079
1922,0.30176,0.235294,14.5123
1923,0.076317,0.0823529,14.5124
1924,0.0309805,0.0509804,14.5128
1925,0.0757731,0.054902,14.5132
1926,0.114148,0.105882,14.5133
1927,0.337146,0.32549,14.5134
1928,0.550371,0.698039,14.5352
1929,0.453969,0.423529,14.5361
1930,0.170339,0.133333,14.5375
1931,0.0129955,0.0588235,14.5396
1932,0.0652357,0.0470588,14.5399
1933,0.0656071,0.0666667,14.54
1934,0.202664,0.164706,14.5414
1935,0.462554,0.517647,14.5444
1936,0.567264,0.662745,14.5535
1937,0.306167,0.247059,14.557
1938,0.0892834,0.0823529,14.5571
1939,0.0211886,0.0509804,14.558
1940,0.0750752,0.0470588,14.5588
1941,0.102198,0.0862745,14.559
1942,0.317212,0.266667,14.5616
1943,0.549713,0.694118,14.5824
1944,0.482707,0.505882,14.583
1945,0.198002,0.152941,14.585
1946,0.0268786,0.0588235,14.586
1947,0.0518369,0.0431373,14.5861
1948,0.0568977,0.0509804,14.5861
1949,0.163241,0.117647,14.5882
1950,0.421185,0.407843,14.5884
1951,0.585527,0.74902,14.6151
1952,0.36474,0.341176,14.6157
1953,0.141465,0.0980392,14.6175
1954,0.0043925,0.0470588,14.6194
1955,0.0672956,0.0392157,14.6202
1956,0.0664451,0.054902,14.6203
1957,0.2452,0.160784,14.6274
1958,0.507237,0.560784,14.6303
1959,0.5622,0.698039,14.6487
1960,0.271838,0.231373,14.6504
1961,0.0923543,0.0705882,14.6508
1962,0.0101744,0.0431373,14.6519
1963,0.0612804,0.0392157,14.6524
1964,0.0923127,0.0666667,14.6531
1965,0.31802,0.207843,14.6652
1966,0.561181,0.682353,14.6799
1967,0.492578,0.619608,14.696
1968,0.225516,0.172549,14.6988
1969,0.0534535,0.054902,14.6988
1970,0.020266,0.0392157,14.6992
1971,0.0520576,0.0352941,14.6995
1972,0.122745,0.0627451,14.7031
1973,0.366902,0.231373,14.7214
1974,0.594141,0.752941,14.7467
1975,0.440001,0.580392,14.7664
1976,0.224283,0.145098,14.7726
1977,0.0366618,0.0509804,14.7729
1978,0.0220738,0.0313725,14.7729
1979,0.0467943,0.0352941,14.7731
1980,0.130278,0.054902,14.7788
1981,0.385497,0.203922,14.8117
1982,0.6071,0.74902,14.8319
1983,0.417675,0.643137,14.8827
1984,0.247909,0.152941,14.8917
1985,0.0508602,0.0470588,14.8917
1986,-0.00572964,0.0313725,14.8931
1987,0.0535204,0.027451,14.8938
1988,0.111498,0.0352941,14.8996
1989,0.344706,0.109804,14.9548
1990,0.605261,0.537255,14.9594
1991,0.456303,0.909804,15.1651
1992,0.294952,0.254902,15.1667
1993,0.169721,0.0588235,15.179
1994,-0.0842711,0.027451,15.1914
1995,0.0691885,0.0235294,15.1935
1996,0.0494403,0.0196078,15.1944
1997,0.198994,0.0235294,15.2252
1998,0.514105,0.0862745,15.4082
1999,0.612148,0.52549,15.4158
2000,0.330176,1,15.8644
2001,0.387039,0.262745,15.8799
2002,0.175001,0.054902,15.8943
2003,-0.124156,0.0313725,15.9185
2004,0.122987,0.0235294,15.9284
2005,-0.00452377,0.0156863,15.9288
2006,0.0625507,0.0156863,15.931
2007,0.471055,0.0156863,16.1383
2008,0.679432,0.0313725,16.5583
2009,0.349592,0.113725,16.614
2010,0.421364,0.129412,16.6992
2011,0.417767,0.0901961,16.8065
2012,0.354675,0.0901961,16.8764
2013,0.435502,0.109804,16.9825
2014,0.414173,0.14902,17.0528
2015,0.22705,0.211765,17.0531
2016,0.144046,0.278431,17.0711
2017,0.190509,0.298039,17.0827
2018,0.187392,0.247059,17.0862
2019,0.13019,0.184314,17.0892
2020,0.103166,0.160784,17.0925
2021,0.101481,0.172549,17.0975
2022,0.121341,0.219608,17.1072
2023,0.173585,0.282353,17.119
2024,0.244169,0.290196,17.1211
2025,0.277355,0.243137,17.1223
2026,0.241874,0.184314,17.1256
2027,0.183118,0.160784,17.1261
2028,0.148883,0.184314,17.1274
2029,0.181671,0.239216,17.1307
2030,0.275247,0.301961,17.1314
2031,0.342874,0.294118,17.1338
2032,0.302579,0.235294,17.1383
2033,0.194208,0.180392,17.1385
2034,0.131729,0.160784,17.1394
2035,0.152893,0.188235,17.1406
2036,0.234128,0.247059,17.1408
2037,0.315162,0.305882,17.1409
2038,0.329794,0.294118,17.1421
2039,0.256202,0.227451,17.143
2040,0.171044,0.172549,17.143
2041,0.154301,0.156863,17.143
2042,0.19518,0.192157,17.143
2043,0.255395,0.254902,17.143
2044,0.302545,0.317647,17.1432
2045,0.301515,0.298039,17.1432
2046,0.247303,0.223529,17.1438
2047,0.184808,0.168627,17.144
2048,0.172653,0.156863,17.1443
2049,0.191635,0.192157,17.1443
2050,0.232342,0.266667,17.1455
2051,0.286071,0.32549,17.147
2052,0.3121,0.290196,17.1475
2053,0.264144,0.211765,17.1502
2054,0.192418,0.160784,17.1512
2055,0.16377,0.156863,17.1513
2056,0.174146,0.196078,17.1518
2057,0.231244,0.27451,17.1536
2058,0.311891,0.333333,17.1541
2059,0.335985,0.286275,17.1566
2060,0.260794,0.207843,17.1594
2061,0.168917,0.152941,17.1596
2062,0.143483,0.152941,17.1597
2063,0.171901,0.2,17.1605
2064,0.252644,0.286275,17.1616
2065,0.333853,0.341176,17.1617
2066,0.335636,0.286275,17.1641
2067,0.237323,0.2,17.1655
2068,0.150841,0.14902,17.1655
2069,0.140625,0.152941,17.1657
2070,0.185747,0.203922,17.166
2071,0.266434,0.294118,17.1668
2072,0.336101,0.345098,17.1669
2073,0.324149,0.286275,17.1683
2074,0.225241,0.192157,17.1694
2075,0.150085,0.145098,17.1694
2076,0.148974,0.14902,17.1694
2077,0.193282,0.207843,17.1696
2078,0.265212,0.309804,17.1716
2079,0.335182,0.356863,17.1721
2080,0.323376,0.282353,17.1738
2081,0.224542,0.184314,17.1754
2082,0.147259,0.141176,17.1754
2083,0.144093,0.14902,17.1754
2084,0.18281,0.211765,17.1763
2085,0.264637,0.321569,17.1795
2086,0.34847,0.364706,17.1798
2087,0.333341,0.27451,17.1833
2088,0.218886,0.180392,17.1847
2089,0.135853,0.137255,17.1847
2090,0.136676,0.14902,17.1849
2091,0.180491,0.219608,17.1864
2092,0.277842,0.333333,17.1895
2093,0.364648,0.368627,17.1895
2094,0.332202,0.270588,17.1933
2095,0.20195,0.172549,17.1942
2096,0.125095,0.137255,17.1943
2097,0.132937,0.145098,17.1945
2098,0.188625,0.219608,17.1954
2099,0.290412,0.345098,17.1984
2100,0.374024,0.376471,17.1984
2101,0.327007,0.270588,17.2016
2102,0.189889,0.164706,17.2022
2103,0.120948,0.129412,17.2023
2104,0.136436,0.145098,17.2024
2105,0.190819,0.223529,17.2035
2106,0.294136,0.352941,17.2069
2107,0.37794,0.380392,17.2069
2108,0.326404,0.266667,17.2105
2109,0.187178,0.160784,17.2112
2110,0.118585,0.12549,17.2112
2111,0.134607,0.145098,17.2113
2112,0.18985,0.227451,17.2128
2113,0.297304,0.368627,17.2178
2114,0.383938,0.392157,17.2179
2115,0.328436,0.262745,17.2222
2116,0.178048,0.160784,17.2225
2117,0.108232,0.12549,17.2228
2118,0.126869,0.141176,17.223
2119,0.183134,0.227451,17.225
2120,0.301201,0.372549,17.2301
2121,0.39686,0.4,17.2301
2122,0.331771,0.258824,17.2354
2123,0.172416,0.152941,17.2358
2124,0.104967,0.117647,17.236
2125,0.128119,0.137255,17.236
2126,0.186778,0.223529,17.2374
2127,0.312481,0.376471,17.2415
2128,0.406761,0.407843,17.2415
2129,0.337107,0.258824,17.2476
2130,0.167226,0.14902,17.2479
2131,0.100124,0.117647,17.2483
2132,0.12689,0.133333,17.2483
2133,0.185397,0.223529,17.2497
2134,0.309687,0.384314,17.2553
2135,0.410682,0.419608,17.2554
2136,0.337447,0.266667,17.2604
2137,0.160683,0.14902,17.2605
2138,0.0936615,0.109804,17.2608
2139,0.12117,0.129412,17.2609
2140,0.176829,0.215686,17.2624
2141,0.309106,0.388235,17.2686
2142,0.416595,0.431373,17.2689
2143,0.349444,0.266667,17.2757
2144,0.165159,0.145098,17.2761
2145,0.0905578,0.105882,17.2764
2146,0.117512,0.12549,17.2764
2147,0.173524,0.211765,17.2779
2148,0.308382,0.388235,17.2843
2149,0.427271,0.443137,17.2845
2150,0.359782,0.27451,17.2918
2151,0.163039,0.14902,17.292
2152,0.082113,0.101961,17.2924
2153,0.110808,0.117647,17.2924
2154,0.165776,0.2,17.2936
2155,0.306428,0.376471,17.2985
2156,0.432213,0.454902,17.299
2157,0.3709,0.282353,17.3068
2158,0.17166,0.145098,17.3076
2159,0.0818902,0.0980392,17.3078
2160,0.111562,0.109804,17.3078
2161,0.164206,0.192157,17.3086
2162,0.300099,0.372549,17.3138
2163,0.434285,0.470588,17.3152
2164,0.384465,0.298039,17.3226
2165,0.17655,0.145098,17.3236
2166,0.0735286,0.0980392,17.3242
2167,0.10318,0.101961,17.3242
2168,0.152344,0.172549,17.3246
2169,0.286585,0.356863,17.3296
2170,0.436871,0.486275,17.332
2171,0.404912,0.317647,17.3396
2172,0.191781,0.14902,17.3415
2173,0.0712945,0.0941176,17.342
2174,0.101077,0.0941176,17.342
2175,0.141627,0.156863,17.3423
2176,0.270378,0.337255,17.3467
2177,0.437154,0.501961,17.3509
2178,0.426928,0.341176,17.3583
2179,0.209585,0.160784,17.3607
2180,0.0663829,0.0941176,17.3614
2181,0.0931978,0.0941176,17.3614
2182,0.126833,0.145098,17.3618
2183,0.251055,0.313725,17.3657
2184,0.427977,0.505882,17.3718
2185,0.445443,0.372549,17.3771
2186,0.227785,0.172549,17.3801
2187,0.0667141,0.0941176,17.3809
2188,0.08527,0.0901961,17.3809
2189,0.121672,0.129412,17.381
2190,0.232821,0.282353,17.3834
2191,0.416147,0.501961,17.3908
2192,0.464604,0.411765,17.3936
2193,0.2595,0.188235,17.3987
2194,0.0735473,0.0980392,17.3993
2195,0.0777744,0.0862745,17.3993
2196,0.116431,0.113725,17.3993
2197,0.20693,0.243137,17.4006
2198,0.395129,0.490196,17.4097
2199,0.480333,0.454902,17.4103
2200,0.299728,0.215686,17.4174
2201,0.0842346,0.105882,17.4179
2202,0.0705999,0.0823529,17.418
2203,0.107647,0.101961,17.418
2204,0.176476,0.211765,17.4193
2205,0.365009,0.458824,17.4281
2206,0.49058,0.501961,17.4282
2207,0.340871,0.247059,17.437
2208,0.106935,0.113725,17.4371
2209,0.0575904,0.0784314,17.4375
2210,0.100343,0.0941176,17.4375
2211,0.151138,0.176471,17.4382
2212,0.334734,0.411765,17.4441
2213,0.491557,0.541176,17.4466
2214,0.39245,0.294118,17.4562
2215,0.137171,0.129412,17.4563
2216,0.0467591,0.0823529,17.4576
2217,0.0938721,0.0823529,17.4577
2218,0.128999,0.145098,17.458
2219,0.290859,0.352941,17.4618
2220,0.480075,0.564706,17.469
2221,0.438766,0.356863,17.4757
2222,0.18043,0.141176,17.4772
2223,0.0444749,0.0784314,17.4784
2224,0.086596,0.0784314,17.4784
2225,0.112881,0.12549,17.4786
2226,0.248024,0.294118,17.4807
2227,0.455792,0.560784,17.4917
2228,0.482617,0.431373,17.4944
2229,0.235366,0.176471,17.4978
2230,0.0437138,0.0901961,17.5
2231,0.0675591,0.0745098,17.5
2232,0.0977013,0.101961,17.5001
2233,0.198408,0.231373,17.5012
2234,0.415441,0.517647,17.5116
2235,0.510705,0.505882,17.5116
2236,0.301718,0.219608,17.5184
2237,0.0710592,0.101961,17.5193
2238,0.0567382,0.0745098,17.5196
2239,0.0954557,0.0862745,17.5197
2240,0.157004,0.176471,17.5201
2241,0.364361,0.443137,17.5263
2242,0.518324,0.572549,17.5292
2243,0.374596,0.282353,17.5378
2244,0.113315,0.113725,17.5378
2245,0.0410892,0.0705882,17.5386
2246,0.0928725,0.0745098,17.539
2247,0.123087,0.133333,17.5391
2248,0.303687,0.345098,17.5408
2249,0.503934,0.603922,17.5508
2250,0.450915,0.376471,17.5563
2251,0.178343,0.141176,17.5577
2252,0.0336028,0.0745098,17.5594
2253,0.0808061,0.0666667,17.5596
2254,0.0978836,0.101961,17.5596
2255,0.232883,0.254902,17.5601
2256,0.459921,0.572549,17.5728
2257,0.511225,0.486275,17.5734
2258,0.257335,0.188235,17.5782
2259,0.0479058,0.0823529,17.5793
2260,0.0601388,0.0627451,17.5794
2261,0.0866746,0.0784314,17.5794
2262,0.170174,0.180392,17.5795
2263,0.398437,0.47451,17.5853
2264,0.540562,0.592157,17.588
2265,0.351864,0.266667,17.5952
2266,0.0954794,0.101961,17.5953
2267,0.033351,0.0627451,17.5961
2268,0.0852691,0.0666667,17.5965
2269,0.117797,0.12549,17.5965
2270,0.31665,0.34902,17.5976
2271,0.522118,0.635294,17.6104
2272,0.451816,0.384314,17.615
2273,0.167722,0.137255,17.6159
2274,0.0241304,0.0705882,17.618
2275,0.0762932,0.0588235,17.6183
2276,0.0870586,0.0901961,17.6184
2277,0.227479,0.223529,17.6184
2278,0.468305,0.568627,17.6284
2279,0.526905,0.533333,17.6285
2280,0.270403,0.196078,17.634
2281,0.0564352,0.0823529,17.6347
2282,0.0533325,0.054902,17.6347
2283,0.0852375,0.0666667,17.635
2284,0.150451,0.141176,17.6351
2285,0.37932,0.419608,17.6367
2286,0.550597,0.647059,17.646
2287,0.391673,0.313725,17.6521
2288,0.122426,0.109804,17.6523
2289,0.0253139,0.0588235,17.6534
2290,0.0814315,0.054902,17.6541
2291,0.0925779,0.0941176,17.6541
2292,0.271305,0.266667,17.6541
2293,0.507546,0.631373,17.6695
2294,0.504541,0.490196,17.6697
2295,0.21929,0.164706,17.6726
2296,0.0345497,0.0745098,17.6742
2297,0.056653,0.0509804,17.6743
2298,0.0725636,0.0666667,17.6743
2299,0.167398,0.152941,17.6745
2300,0.418305,0.466667,17.6769
2301,0.561198,0.658824,17.6864
2302,0.351875,0.282353,17.6912
2303,0.102218,0.0941176,17.6913
2304,0.0224647,0.054902,17.6923
2305,0.0773143,0.0509804,17.693
2306,0.0969332,0.0941176,17.693
2307,0.294639,0.266667,17.6938
2308,0.531005,0.658824,17.7102
2309,0.495233,0.490196,17.7102
2310,0.207709,0.156863,17.7128
2311,0.0294199,0.0666667,17.7142
2312,0.0584198,0.0470588,17.7143
2313,0.0685383,0.0588235,17.7144
2314,0.171266,0.141176,17.7153
2315,0.422051,0.45098,17.7161
2316,0.57138,0.698039,17.7322
2317,0.351656,0.298039,17.735
2318,0.114351,0.0980392,17.7353
2319,0.0135552,0.0509804,17.7367
2320,0.0734475,0.0470588,17.7374
2321,0.0801281,0.0784314,17.7374
2322,0.277547,0.223529,17.7403
2323,0.524002,0.643137,17.7545
2324,0.520725,0.568627,17.7568
2325,0.230851,0.180392,17.7594
2326,0.0464831,0.0705882,17.7599
2327,0.0393785,0.0470588,17.76
2328,0.0620451,0.0509804,17.7601
2329,0.136351,0.105882,17.761
2330,0.384303,0.352941,17.762
2331,0.577752,0.745098,17.79
2332,0.403776,0.396078,17.7901
2333,0.158919,0.113725,17.7921
2334,0.00964986,0.0509804,17.7938
2335,0.0646697,0.0431373,17.7943
2336,0.0618316,0.054902,17.7944
2337,0.21618,0.145098,17.7994
2338,0.477949,0.501961,17.8
2339,0.576981,0.737255,17.8257
2340,0.29924,0.270588,17.8265
2341,0.111258,0.0823529,17.8273
2342,0.00085418,0.0470588,17.8295
2343,0.0637622,0.0392157,17.8301
2344,0.0764164,0.0627451,17.8303
2345,0.286757,0.188235,17.84
2346,0.540915,0.631373,17.8481
2347,0.525397,0.662745,17.867
2348,0.240152,0.2,17.8686
2349,0.0744823,0.0666667,17.8687
2350,0.0140793,0.0392157,17.8693
2351,0.0536919,0.0352941,17.8696
2352,0.107145,0.0627451,17.8716
2353,0.345927,0.215686,17.8886
2354,0.578847,0.713725,17.9068
2355,0.466468,0.619608,17.9302
2356,0.229685,0.164706,17.9344
2357,0.0533732,0.054902,17.9345
2358,0.0131989,0.0352941,17.9349
2359,0.0479674,0.0313725,17.9352
2360,0.12052,0.054902,17.9395
2361,0.367512,0.2,17.9676
2362,0.599994,0.729412,17.9843
2363,0.440507,0.662745,18.0337
2364,0.246247,0.164706,18.0404
2365,0.0583678,0.054902,18.0404
2366,-0.0076967,0.0313725,18.0419
2367,0.0479769,0.0313725,18.0422
2368,0.104149,0.0352941,18.0469
2369,0.341655,0.121569,18.0954
2370,0.598433,0.572549,18.096
2371,0.466326,0.878431,18.2659
2372,0.285933,0.235294,18.2684
2373,0.150833,0.0588235,18.2769
2374,-0.0730141,0.0313725,18.2878
2375,0.0681775,0.027451,18.2894
2376,0.053965,0.027451,18.2902
2377,0.225143,0.0352941,18.3262
2378,0.534267,0.141176,18.4807
2379,0.587029,0.745098,18.5057
2380,0.318016,0.843137,18.7815
2381,0.360026,0.164706,18.8196
2382,0.0602091,0.0431373,18.8199
2383,-0.0776492,0.027451,18.8309
2384,0.100257,0.0196078,18.8374
2385,0.00993478,0.0156863,18.8375
2386,0.174117,0.0156863,18.8626
2387,0.588091,0.0117647,19.1947
2388,0.584065,0.0196078,19.5133
2389,0.347038,0.0627451,19.5942
2390,0.441995,0.0431373,19.7533
2391,0.412003,0.027451,19.9011
2392,0.404834,0.0392157,20.0348
2393,0.503878,0.0666667,20.226
2394,0.432726,0.109804,20.3302
2395,0.254242,0.14902,20.3413
2396,0.194301,0.180392,20.3415
2397,0.227235,0.211765,20.3417
2398,0.215002,0.247059,20.3428
2399,0.178772,0.258824,20.3492
2400,0.146938,0.231373,20.3563
2401,0.113428,0.2,20.3638
2402,0.0909794,0.180392,20.3718
2403,0.0941205,0.196078,20.3822
2404,0.133487,0.223529,20.3903
2405,0.204483,0.254902,20.3928
2406,0.247863,0.258824,20.393
2407,0.234174,0.231373,20.393
2408,0.188526,0.203922,20.3932
2409,0.178887,0.184314,20.3932
2410,0.210339,0.2,20.3933
2411,0.251578,0.227451,20.3939
2412,0.272255,0.258824,20.3941
2413,0.261225,0.262745,20.3941
2414,0.237617,0.227451,20.3942
2415,0.216319,0.203922,20.3944
2416,0.214644,0.188235,20.3951
2417,0.222108,0.203922,20.3954
2418,0.229029,0.239216,20.3955
2419,0.245875,0.266667,20.3959
2420,0.260869,0.262745,20.3959
2421,0.255937,0.231373,20.3965
2422,0.228974,0.2,20.3974
2423,0.206591,0.188235,20.3977
2424,0.19491,0.203922,20.3978
2425,0.216909,0.247059,20.3987
2426,0.260379,0.27451,20.3989
2427,0.285231,0.266667,20.3993
2428,0.26302,0.227451,20.4005
2429,0.217332,0.196078,20.401
2430,0.182917,0.188235,20.401
2431,0.189424,0.211765,20.4015
2432,0.231794,0.254902,20.402
2433,0.282571,0.278431,20.402
2434,0.289173,0.262745,20.4027
2435,0.247132,0.219608,20.4035
2436,0.196621,0.188235,20.4036
2437,0.180273,0.184314,20.4036
2438,0.206186,0.215686,20.4037
2439,0.253901,0.262745,20.4038
2440,0.290451,0.290196,20.4038
2441,0.280172,0.266667,20.4039
2442,0.234255,0.215686,20.4043
2443,0.190612,0.188235,20.4043
2444,0.184098,0.192157,20.4044
2445,0.209432,0.223529,20.4046
2446,0.24821,0.270588,20.4051
2447,0.279544,0.286275,20.4051
2448,0.27532,0.262745,20.4053
2449,0.231541,0.211765,20.4057
2450,0.193806,0.184314,20.4057
2451,0.186807,0.188235,20.4057
2452,0.211855,0.231373,20.4061
2453,0.252072,0.278431,20.4068
2454,0.289048,0.290196,20.4068
2455,0.278052,0.258824,20.4072
2456,0.232991,0.207843,20.4078
2457,0.18784,0.184314,20.4078
2458,0.178601,0.192157,20.408
2459,0.208634,0.235294,20.4087
2460,0.259874,0.282353,20.4092
2461,0.295412,0.301961,20.4093
2462,0.277772,0.254902,20.4098
2463,0.223649,0.203922,20.4102
2464,0.173862,0.180392,20.4102
2465,0.178251,0.196078,20.4105
2466,0.21391,0.243137,20.4114
2467,0.268247,0.294118,20.4121
2468,0.29839,0.301961,20.4121
2469,0.275353,0.247059,20.4129
2470,0.209541,0.2,20.413
2471,0.170772,0.176471,20.413
2472,0.181882,0.196078,20.4132
2473,0.220213,0.25098,20.4142
2474,0.277202,0.305882,20.415
2475,0.303868,0.305882,20.415
2476,0.269305,0.247059,20.4155
2477,0.201349,0.192157,20.4156
2478,0.168355,0.172549,20.4156
2479,0.177699,0.196078,20.4159
2480,0.22184,0.258824,20.4173
2481,0.281985,0.309804,20.4181
2482,0.309033,0.298039,20.4182
2483,0.268424,0.239216,20.419
2484,0.200659,0.184314,20.4193
2485,0.166889,0.172549,20.4193
2486,0.178625,0.203922,20.42
2487,0.230469,0.266667,20.4213
2488,0.293151,0.321569,20.4221
2489,0.311145,0.298039,20.4223
2490,0.260134,0.235294,20.4229
2491,0.186055,0.180392,20.4229
2492,0.156806,0.168627,20.4231
2493,0.176636,0.207843,20.424
2494,0.236478,0.270588,20.4252
2495,0.300678,0.329412,20.426
2496,0.313666,0.301961,20.4262
2497,0.254974,0.223529,20.4271
2498,0.178693,0.176471,20.4271
2499,0.15391,0.168627,20.4274
2500,0.182392,0.211765,20.4282
2501,0.242464,0.286275,20.4301
2502,0.306137,0.341176,20.4314
2503,0.316194,0.298039,20.4317
2504,0.245208,0.219608,20.4324
2505,0.164641,0.168627,20.4324
2506,0.151784,0.164706,20.4325
2507,0.180062,0.215686,20.4338
2508,0.248112,0.298039,20.4363
2509,0.318219,0.345098,20.437
2510,0.319843,0.294118,20.4377
2511,0.238065,0.211765,20.4384
2512,0.161808,0.164706,20.4384
2513,0.147582,0.164706,20.4387
2514,0.181817,0.215686,20.4398
2515,0.256959,0.305882,20.4422
2516,0.32796,0.352941,20.4428
2517,0.32139,0.286275,20.4441
2518,0.230464,0.2,20.445
2519,0.152983,0.156863,20.445
2520,0.147622,0.160784,20.4452
2521,0.186411,0.219608,20.4463
2522,0.265826,0.313725,20.4486
2523,0.340618,0.360784,20.449
2524,0.323771,0.286275,20.4504
2525,0.220543,0.196078,20.451
2526,0.143387,0.152941,20.4511
2527,0.143023,0.160784,20.4514
2528,0.184666,0.227451,20.4532
2529,0.269909,0.329412,20.4568
2530,0.34417,0.364706,20.4572
2531,0.320143,0.278431,20.4589
2532,0.208556,0.184314,20.4595
2533,0.136096,0.14902,20.4597
2534,0.141075,0.160784,20.4601
2535,0.189731,0.227451,20.4615
2536,0.28068,0.337255,20.4647
2537,0.356853,0.368627,20.4648
2538,0.322666,0.270588,20.4676
2539,0.200842,0.180392,20.468
2540,0.130338,0.145098,20.4682
2541,0.143321,0.156863,20.4684
2542,0.191747,0.231373,20.4699
2543,0.287022,0.34902,20.4738
2544,0.36502,0.372549,20.4738
2545,0.319158,0.266667,20.4766
2546,0.189422,0.172549,20.4769
2547,0.126673,0.137255,20.477
2548,0.139888,0.152941,20.4772
2549,0.191904,0.235294,20.4791
2550,0.29622,0.356863,20.4827
2551,0.374818,0.376471,20.4827
2552,0.318696,0.262745,20.4859
2553,0.184386,0.164706,20.4863
2554,0.121241,0.133333,20.4864
2555,0.13665,0.14902,20.4866
2556,0.194153,0.235294,20.4882
2557,0.302859,0.368627,20.4926
2558,0.382322,0.388235,20.4926
2559,0.319655,0.258824,20.4963
2560,0.176088,0.160784,20.4965
2561,0.112043,0.129412,20.4968
2562,0.133458,0.14902,20.4971
2563,0.189424,0.239216,20.4996
2564,0.305986,0.376471,20.5045
2565,0.390664,0.392157,20.5045
2566,0.320964,0.258824,20.5084
2567,0.167429,0.156863,20.5085
2568,0.107336,0.121569,20.5087
2569,0.129551,0.145098,20.5089
2570,0.190894,0.239216,20.5113
2571,0.314983,0.384314,20.5161
2572,0.399185,0.4,20.5161
2573,0.323645,0.254902,20.5208
2574,0.163997,0.14902,20.521
2575,0.101798,0.121569,20.5214
2576,0.126981,0.145098,20.5218
2577,0.192164,0.239216,20.524
2578,0.317248,0.392157,20.5296
2579,0.406059,0.407843,20.5296
2580,0.325639,0.254902,20.5346
2581,0.154684,0.145098,20.5347
2582,0.0939477,0.117647,20.5352
2583,0.125663,0.141176,20.5355
2584,0.190762,0.235294,20.5375
2585,0.319961,0.4,20.5439
2586,0.414226,0.419608,20.5439
2587,0.330287,0.254902,20.5496
2588,0.150468,0.145098,20.5496
2589,0.0893564,0.113725,20.5502
2590,0.123539,0.141176,20.5505
2591,0.18452,0.231373,20.5527
2592,0.319748,0.403922,20.5598
2593,0.420195,0.431373,20.5599
2594,0.336416,0.262745,20.5654
2595,0.14643,0.145098,20.5654
2596,0.0846129,0.109804,20.566
2597,0.117497,0.12549,20.5661
2598,0.18033,0.223529,20.5679
2599,0.317334,0.4,20.5748
2600,0.431464,0.447059,20.575
2601,0.347844,0.270588,20.581
2602,0.155702,0.145098,20.5811
2603,0.0824953,0.105882,20.5816
2604,0.114079,0.12549,20.5818
2605,0.169086,0.211765,20.5836
2606,0.312864,0.4,20.5912
2607,0.432222,0.462745,20.5921
2608,0.362803,0.278431,20.5992
2609,0.156497,0.145098,20.5994
2610,0.0743257,0.105882,20.6003
2611,0.108201,0.113725,20.6004
2612,0.162165,0.2,20.6018
2613,0.303347,0.388235,20.609
2614,0.443402,0.478431,20.6102
2615,0.378685,0.298039,20.6167
2616,0.165816,0.14902,20.617
2617,0.0716551,0.101961,20.6179
2618,0.103355,0.109804,20.618
2619,0.149817,0.184314,20.6192
2620,0.292458,0.372549,20.6256
2621,0.44092,0.494118,20.6284
2622,0.397427,0.309804,20.6361
2623,0.180455,0.152941,20.6369
2624,0.0668107,0.0980392,20.6378
2625,0.102211,0.105882,20.6378
2626,0.142607,0.168627,20.6385
2627,0.279496,0.352941,20.6439
2628,0.440156,0.509804,20.6488
2629,0.419462,0.345098,20.6543
2630,0.194108,0.160784,20.6554
2631,0.0627646,0.0980392,20.6567
2632,0.08997,0.0980392,20.6567
2633,0.130525,0.152941,20.6572
2634,0.254784,0.317647,20.6612
2635,0.431661,0.517647,20.6686
2636,0.441948,0.372549,20.6734
2637,0.227212,0.172549,20.6764
2638,0.0632076,0.101961,20.6779
2639,0.089475,0.0941176,20.6779
2640,0.123122,0.133333,20.678
2641,0.232443,0.290196,20.6813
2642,0.416907,0.513725,20.6907
2643,0.465698,0.415686,20.6932
2644,0.252431,0.196078,20.6964
2645,0.0688808,0.105882,20.6978
2646,0.0789778,0.0823529,20.6978
2647,0.109437,0.117647,20.6978
2648,0.202505,0.25098,20.7002
2649,0.39961,0.498039,20.7099
2650,0.480206,0.458824,20.7103
2651,0.298011,0.215686,20.7171
2652,0.0868968,0.105882,20.7175
2653,0.0700002,0.0784314,20.7175
2654,0.102773,0.105882,20.7175
2655,0.180113,0.215686,20.7188
2656,0.373188,0.462745,20.7268
2657,0.493898,0.505882,20.727
2658,0.343436,0.25098,20.7355
2659,0.105697,0.113725,20.7356
2660,0.0535113,0.0823529,20.7364
2661,0.0959533,0.0941176,20.7364
2662,0.154132,0.180392,20.7371
2663,0.334494,0.411765,20.7431
2664,0.492429,0.54902,20.7463
2665,0.390588,0.298039,20.7549
2666,0.13674,0.12549,20.755
2667,0.0419757,0.0784314,20.7563
2668,0.0947145,0.0823529,20.7565
2669,0.130493,0.145098,20.7567
2670,0.293457,0.352941,20.7602
2671,0.481694,0.572549,20.7685
2672,0.44512,0.356863,20.7763
2673,0.182461,0.14902,20.7774
2674,0.0396408,0.0823529,20.7792
2675,0.0870182,0.0784314,20.7793
2676,0.107805,0.121569,20.7795
2677,0.243523,0.290196,20.7816
2678,0.454174,0.560784,20.793
2679,0.485332,0.435294,20.7955
2680,0.235416,0.180392,20.7985
2681,0.0491072,0.0862745,20.7999
2682,0.06951,0.0745098,20.7999
2683,0.0964125,0.0980392,20.7999
2684,0.198511,0.223529,20.8006
2685,0.414115,0.517647,20.8113
2686,0.515119,0.513725,20.8113
2687,0.309654,0.223529,20.8187
2688,0.0737425,0.101961,20.8195
2689,0.0533715,0.0705882,20.8198
2690,0.094286,0.0862745,20.8199
2691,0.151207,0.168627,20.8202
2692,0.360371,0.435294,20.8258
2693,0.520426,0.584314,20.8299
2694,0.383083,0.290196,20.8385
2695,0.117727,0.117647,20.8385
2696,0.037115,0.0745098,20.8399
2697,0.0902992,0.0745098,20.8401
2698,0.117538,0.129412,20.8403
2699,0.29258,0.341176,20.8426
2700,0.501073,0.607843,20.854
2701,0.458465,0.388235,20.859
2702,0.179654,0.145098,20.8602
2703,0.0327185,0.0784314,20.8623
2704,0.0787152,0.0666667,20.8624
2705,0.0935417,0.0980392,20.8624
2706,0.224998,0.243137,20.8628
2707,0.458472,0.564706,20.874
2708,0.516817,0.505882,20.8742
2709,0.267631,0.2,20.8787
2710,0.0537433,0.0901961,20.8801
2711,0.0577596,0.0627451,20.8801
2712,0.0848802,0.0784314,20.8801
2713,0.158911,0.172549,20.8803
2714,0.386331,0.458824,20.8856
2715,0.537256,0.611765,20.8911
2716,0.365071,0.278431,20.8986
2717,0.105444,0.109804,20.8986
2718,0.0292375,0.0666667,20.9
2719,0.0847803,0.0666667,20.9004
2720,0.108677,0.117647,20.9005
2721,0.302572,0.32549,20.901
2722,0.517473,0.635294,20.9149
2723,0.468821,0.411765,20.9181
2724,0.181366,0.141176,20.9197
2725,0.0289325,0.0705882,20.9215
2726,0.073918,0.0588235,20.9217
2727,0.0864486,0.0862745,20.9217
2728,0.213687,0.211765,20.9217
2729,0.456551,0.54902,20.9303
2730,0.537969,0.564706,20.931
2731,0.288414,0.215686,20.9363
2732,0.0622301,0.0901961,20.937
2733,0.0429343,0.0588235,20.9373
2734,0.081524,0.0666667,20.9375
2735,0.134213,0.133333,20.9375
2736,0.360128,0.392157,20.9385
2737,0.544572,0.662745,20.9525
2738,0.411698,0.345098,20.9569
2739,0.13626,0.117647,20.9573
2740,0.021676,0.0627451,20.959
2741,0.0795887,0.054902,20.9596
2742,0.0861193,0.0862745,20.9596
2743,0.250724,0.243137,20.9596
2744,0.495388,0.607843,20.9723
2745,0.525077,0.529412,20.9723
2746,0.241908,0.188235,20.9752
2747,0.0463208,0.0745098,20.976
2748,0.0510741,0.054902,20.976
2749,0.0704777,0.0627451,20.9761
2750,0.151837,0.137255,20.9763
2751,0.394297,0.423529,20.9771
2752,0.560933,0.686275,20.9928
2753,0.382036,0.321569,20.9965
2754,0.124056,0.105882,20.9968
2755,0.0124476,0.0588235,20.999
2756,0.0771211,0.054902,20.9995
2757,0.0827929,0.0823529,20.9995
2758,0.263704,0.239216,21.0001
2759,0.510656,0.631373,21.0146
2760,0.523983,0.545098,21.0151
2761,0.22965,0.176471,21.0179
2762,0.0421374,0.0705882,21.0187
2763,0.0478116,0.0470588,21.0187
2764,0.0695221,0.0588235,21.0188
2765,0.146513,0.121569,21.0195
2766,0.39914,0.388235,21.0196
2767,0.572618,0.717647,21.0406
2768,0.391281,0.352941,21.0421
2769,0.140423,0.109804,21.043
2770,0.0111125,0.0509804,21.0446
2771,0.0721769,0.0470588,21.0452
2772,0.0735232,0.0666667,21.0453
2773,0.242728,0.184314,21.0487
2774,0.495088,0.580392,21.056
2775,0.55142,0.635294,21.063
2776,0.266109,0.215686,21.0655
2777,0.0724848,0.0745098,21.0656
2778,0.0277404,0.0431373,21.0658
2779,0.0671034,0.0470588,21.0662
2780,0.109917,0.0862745,21.0667
2781,0.345493,0.286275,21.0703
2782,0.565942,0.72549,21.0957
2783,0.456483,0.482353,21.0964
2784,0.189887,0.137255,21.0992
2785,0.0209252,0.054902,21.1003
2786,0.0500129,0.0392157,21.1004
2787,0.0552348,0.0470588,21.1005
2788,0.172401,0.109804,21.1044
2789,0.437536,0.4,21.1058
2790,0.592608,0.776471,21.1396
2791,0.353661,0.34902,21.1396
2792,0.15035,0.0941176,21.1428
2793,-0.00153087,0.0470588,21.1452
2794,0.0632313,0.0392157,21.1457
2795,0.0626105,0.0470588,21.146
2796,0.234037,0.137255,21.1554
2797,0.498641,0.505882,21.1554
2798,0.573819,0.772549,21.1949
2799,0.282023,0.266667,21.1951
2800,0.123973,0.0784314,21.1972
2801,-0.00890063,0.0392157,21.1995
2802,0.0601885,0.0352941,21.2001
2803,0.068678,0.0470588,21.2006
2804,0.279647,0.141176,21.2198
2805,0.537259,0.556863,21.2202
2806,0.543761,0.776471,21.2743
2807,0.263095,0.239216,21.2749
2808,0.124387,0.0705882,21.2778
2809,-0.0191695,0.0392157,21.2812
2810,0.0572013,0.0352941,21.2817
2811,0.0738963,0.0392157,21.2829
2812,0.283591,0.117647,21.3104
2813,0.546946,0.509804,21.3118
2814,0.535255,0.866667,21.4216
2815,0.271616,0.27451,21.4216
2816,0.161873,0.0705882,21.43
2817,-0.050396,0.0352941,21.4373
2818,0.0559027,0.0313725,21.4379
2819,0.0535726,0.0313725,21.4384
2820,0.23504,0.054902,21.4709
2821,0.519254,0.270588,21.5327
2822,0.587343,0.933333,21.6524
2823,0.309377,0.533333,21.7026
2824,0.284468,0.101961,21.7359
2825,-0.0411124,0.0392157,21.7423
2826,0.0119643,0.027451,21.7426
2827,0.0499265,0.0235294,21.7433
2828,0.0984613,0.0196078,21.7495
2829,0.359028,0.0313725,21.8568
2830,0.656915,0.145098,22.1188
2831,0.414792,0.819608,22.2827
2832,0.36839,0.784314,22.4557
2833,0.381314,0.152941,22.5078
2834,0.00105359,0.0431373,22.5096
2835,-0.00822113,0.0313725,22.5111
2836,0.0970444,0.0196078,22.5171
2837,-0.0683455,0.0235294,22.5256
2838,0.137098,0.0431373,22.5344
2839,0.62743,0.203922,22.7138
2840,0.570996,0.709804,22.733
2841,0.344692,0.584314,22.7905
2842,0.338398,0.164706,22.8206
2843,0.0440804,0.0627451,22.821
2844,0.0378477,0.0431373,22.821
2845,0.137025,0.0588235,22.8271
2846,0.0869691,0.137255,22.8296
2847,0.23661,0.435294,22.8691
2848,0.522072,0.682353,22.8948
2849,0.399229,0.298039,22.9051
2850,0.134867,0.0980392,22.9064
2851,0.0179092,0.0509804,22.9075
2852,0.0698153,0.0509804,22.9079
2853,0.0934197,0.0941176,22.9079
2854,0.293174,0.266667,22.9086
2855,0.518192,0.643137,22.9242
2856,0.507313,0.486275,22.9246
2857,0.221064,0.160784,22.9282
2858,0.0470227,0.0666667,22.9286
2859,0.0491169,0.0509804,22.9286
2860,0.0444243,0.0666667,22.9291
2861,0.168101,0.152941,22.9294
2862,0.444659,0.470588,22.93
2863,0.584873,0.654902,22.9349
2864,0.340364,0.278431,22.9388
2865,0.0770141,0.0941176,22.9391
2866,0.0109484,0.0509804,22.9407
2867,0.0878438,0.0509804,22.942
2868,0.115179,0.0862745,22.9429
2869,0.306737,0.270588,22.9442
2870,0.523165,0.662745,22.9637
2871,0.48016,0.486275,22.9637
2872,0.200092,0.152941,22.9659
2873,0.0407404,0.0627451,22.9664
2874,0.0722255,0.0470588,22.967
2875,0.0704361,0.054902,22.9673
2876,0.159181,0.141176,22.9676
2877,0.4148,0.45098,22.9689
2878,0.575236,0.698039,22.984
2879,0.360109,0.290196,22.9889
2880,0.123382,0.0941176,22.9897
2881,0.0100701,0.0470588,22.9911
2882,0.06551,0.0392157,22.9918
2883,0.0740217,0.0745098,22.9918
2884,0.286935,0.223529,22.9958
2885,0.539635,0.643137,23.0065
2886,0.527394,0.564706,23.0079
2887,0.224747,0.176471,23.0102
2888,0.0394595,0.0666667,23.011
2889,0.036431,0.0431373,23.011
2890,0.0653232,0.0470588,23.0114
2891,0.145942,0.101961,23.0133
2892,0.388366,0.352941,23.0146
2893,0.572436,0.74902,23.0457
2894,0.397525,0.396078,23.0457
2895,0.158745,0.113725,23.0478
2896,0.0129851,0.0470588,23.0489
2897,0.067417,0.0431373,23.0495
2898,0.056733,0.054902,23.0495
2899,0.208751,0.137255,23.0546
2900,0.473303,0.494118,23.0551
2901,0.580399,0.741176,23.0809
2902,0.307559,0.27451,23.082
2903,0.117161,0.0784314,23.0835
2904,-0.0032684,0.0431373,23.0857
2905,0.061234,0.0352941,23.0863
2906,0.0768652,0.0627451,23.0865
2907,0.286119,0.180392,23.0977
2908,0.545207,0.619608,23.1032
2909,0.53013,0.682353,23.1264
2910,0.241621,0.207843,23.1276
2911,0.0749461,0.0666667,23.1276
2912,0.00647909,0.0392157,23.1287
2913,0.054404,0.0352941,23.1291
2914,0.103489,0.0588235,23.1311
2915,0.333444,0.2,23.1489
2916,0.571276,0.694118,23.164
2917,0.47617,0.647059,23.1932
2918,0.236925,0.172549,23.1973
2919,0.0667014,0.054902,23.1974
2920,0.0102871,0.0352941,23.1981
2921,0.0491395,0.0352941,23.1983
2922,0.110007,0.0509804,23.2017
2923,0.353596,0.176471,23.2331
2924,0.595724,0.686275,23.2413
2925,0.458171,0.713725,23.3066
2926,0.252425,0.176471,23.3124
2927,0.0773729,0.0509804,23.3131
2928,-0.0211731,0.0313725,23.3159
2929,0.0571075,0.027451,23.3167
2930,0.0959845,0.0352941,23.3204
2931,0.319157,0.0980392,23.3693
2932,0.588678,0.470588,23.3833
2933,0.493025,0.937255,23.5806
2934,0.289787,0.301961,23.5807
2935,0.199429,0.0705882,23.5973
2936,-0.0827242,0.0352941,23.6113
2937,0.062694,0.027451,23.6125
2938,0.0440457,0.0235294,23.6129
2939,0.174919,0.0235294,23.6359
2940,0.47901,0.0823529,23.7932
2941,0.627593,0.482353,23.8143
2942,0.335965,1,24.2552
2943,0.381806,0.290196,24.2636
2944,0.202572,0.0588235,24.2843
2945,-0.122969,0.0313725,24.3081
2946,0.1209,0.0235294,24.3176
2947,0.0133217,0.0196078,24.3176
2948,0.0635965,0.0196078,24.3196
2949,0.447261,0.0156863,24.5058
2950,0.679672,0.0196078,24.9415
2951,0.355289,0.0627451,25.0271
2952,0.415908,0.0745098,25.1436
2953,0.423121,0.0431373,25.288
2954,0.376783,0.0509804,25.3942
2955,0.465127,0.0745098,25.5468
2956,0.464399,0.121569,25.6643
2957,0.285741,0.180392,25.6754
2958,0.185865,0.258824,25.6807
2959,0.202187,0.298039,25.6899
2960,0.200333,0.262745,25.6938
2961,0.136079,0.2,25.6979
2962,0.0960749,0.168627,25.7031
2963,0.0820967,0.176471,25.712
2964,0.0902905,0.219608,25.7288
2965,0.127855,0.27451,25.7503
2966,0.203224,0.286275,25.7572
2967,0.254771,0.25098,25.7572
2968,0.238297,0.196078,25.759
2969,0.184488,0.172549,25.7591
2970,0.146329,0.184314,25.7606
2971,0.174426,0.231373,25.7638
2972,0.261878,0.290196,25.7646
2973,0.33464,0.298039,25.7659
2974,0.30832,0.239216,25.7707
2975,0.210903,0.192157,25.7711
2976,0.140467,0.164706,25.7717
2977,0.157338,0.188235,25.7726
2978,0.223496,0.243137,25.773
2979,0.30496,0.294118,25.7731
2980,0.325411,0.294118,25.7741
2981,0.264559,0.239216,25.7747
2982,0.181495,0.184314,25.7747
2983,0.159323,0.164706,25.7748
2984,0.189963,0.192157,25.7748
2985,0.248305,0.247059,25.7748
2986,0.293818,0.305882,25.7749
2987,0.294015,0.294118,25.7749
2988,0.250983,0.231373,25.7753
2989,0.194781,0.176471,25.7756
2990,0.180119,0.164706,25.7759
2991,0.195966,0.192157,25.7759
2992,0.231611,0.258824,25.7766
2993,0.276249,0.313725,25.778
2994,0.304136,0.294118,25.7781
2995,0.26646,0.223529,25.78
2996,0.203313,0.172549,25.7809
2997,0.168671,0.160784,25.781
2998,0.175517,0.2,25.7816
2999,0.222112,0.266667,25.7836
