t,predict_test,teacher
501,0.280984,0.286275,2.79938e-05
502,0.15556,0.164706,0.000111642
503,0.111017,0.113725,0.000118979
504,0.118779,0.117647,0.00012026
505,0.191031,0.192157,0.000121527
506,0.350888,0.341176,0.000215835
507,0.420004,0.411765,0.000283714
508,0.282175,0.286275,0.000300523
509,0.152924,0.160784,0.000362312
510,0.104981,0.109804,0.000385574
511,0.108486,0.117647,0.000469496
512,0.181958,0.192157,0.000573513
513,0.342187,0.345098,0.000581987
514,0.42576,0.427451,0.000584848
515,0.281255,0.290196,0.000664796
516,0.147862,0.156863,0.000745801
517,0.0991712,0.109804,0.000858856
518,0.106997,0.113725,0.000904136
519,0.177496,0.180392,0.000912521
520,0.346914,0.345098,0.000915817
521,0.440526,0.443137,0.000922634
522,0.290317,0.298039,0.000982261
523,0.14185,0.160784,0.00134079
524,0.0982654,0.109804,0.00147392
525,0.0999374,0.113725,0.00166404
526,0.16664,0.180392,0.00185316
527,0.341908,0.345098,0.00186333
528,0.454065,0.45098,0.00187285
529,0.301974,0.309804,0.00193415
530,0.138119,0.164706,0.00264102
531,0.0977323,0.105882,0.00270745
532,0.0997037,0.109804,0.00280946
533,0.165993,0.172549,0.00285244
534,0.340379,0.341176,0.00285307
535,0.461719,0.466667,0.00287756
536,0.315081,0.32549,0.0029859
537,0.141761,0.164706,0.00351235
538,0.0924973,0.105882,0.00369151
539,0.095463,0.105882,0.00380008
540,0.152041,0.164706,0.00396048
541,0.330203,0.333333,0.00397028
542,0.474122,0.482353,0.00403804
543,0.337589,0.34902,0.00416869
544,0.146422,0.176471,0.00507162
545,0.0898774,0.109804,0.00546868
546,0.0904239,0.101961,0.00560178
547,0.143251,0.152941,0.00569567
548,0.315664,0.313725,0.00569943
549,0.486937,0.490196,0.00571005
550,0.36953,0.368627,0.00571087
551,0.152116,0.184314,0.00674756
552,0.0924651,0.109804,0.00704819
553,0.0869902,0.101961,0.00727231
554,0.133547,0.145098,0.00740575
555,0.288883,0.294118,0.00743316
556,0.48967,0.494118,0.00745294
557,0.396767,0.396078,0.00745341
558,0.161148,0.196078,0.00867354
559,0.091863,0.109804,0.00899541
560,0.0870548,0.0980392,0.00911607
561,0.124274,0.137255,0.00928457
562,0.272287,0.27451,0.0092895
563,0.487346,0.490196,0.00929763
564,0.431952,0.431373,0.00929796
565,0.179591,0.211765,0.0103331
566,0.0912093,0.113725,0.0108401
567,0.0834468,0.0980392,0.011053
568,0.113767,0.12549,0.0111905
569,0.246665,0.243137,0.0112029
570,0.477691,0.478431,0.0112035
571,0.466321,0.470588,0.0112217
572,0.21402,0.239216,0.0118565
573,0.0905887,0.12549,0.0130746
574,0.086169,0.0941176,0.0131378
575,0.101258,0.113725,0.0132932
576,0.218939,0.219608,0.0132937
577,0.454537,0.45098,0.0133063
578,0.504969,0.505882,0.0133072
579,0.255596,0.262745,0.0133583
580,0.0935999,0.12549,0.0143753
581,0.0827228,0.0901961,0.0144311
582,0.092043,0.101961,0.0145295
583,0.187385,0.188235,0.0145302
584,0.41736,0.407843,0.0146208
585,0.523313,0.537255,0.0148152
586,0.318004,0.305882,0.0149621
587,0.0996858,0.141176,0.0166836
588,0.0809067,0.0901961,0.0167699
589,0.0766881,0.0980392,0.0172257
590,0.154536,0.160784,0.0172648
591,0.365941,0.364706,0.0172663
592,0.537985,0.556863,0.0176227
593,0.389026,0.352941,0.0189248
594,0.112226,0.14902,0.0202786
595,0.0814542,0.0941176,0.0204389
596,0.07494,0.0862745,0.0205674
597,0.128555,0.137255,0.0206431
598,0.32348,0.305882,0.0209528
599,0.540281,0.556863,0.0212277
600,0.456724,0.407843,0.023617
601,0.149205,0.176471,0.0243605
602,0.0814985,0.0941176,0.0245197
603,0.0666162,0.0784314,0.0246593
604,0.108698,0.109804,0.0246605
605,0.253164,0.247059,0.0246978
606,0.517994,0.521569,0.0247106
607,0.506736,0.486275,0.0251292
608,0.175396,0.211765,0.026452
609,0.0849507,0.0980392,0.0266233
610,0.0620463,0.0784314,0.0268917
611,0.0823399,0.0941176,0.0270305
612,0.188166,0.196078,0.0270931
613,0.457063,0.466667,0.0271853
614,0.541898,0.54902,0.027236
615,0.267101,0.262745,0.027255
616,0.091089,0.117647,0.0279603
617,0.0714474,0.0784314,0.0280091
618,0.0638909,0.0823529,0.0283499
619,0.149122,0.14902,0.0283499
620,0.385237,0.384314,0.0283508
621,0.568838,0.592157,0.0288945
622,0.368755,0.337255,0.0298868
623,0.10077,0.133333,0.0309472
624,0.0754772,0.0784314,0.0309559
625,0.0551453,0.0745098,0.0313309
626,0.112678,0.121569,0.03141
627,0.298513,0.298039,0.0314102
628,0.564456,0.592157,0.0321775
629,0.486807,0.435294,0.0348312
630,0.146702,0.168627,0.0353119
631,0.0774251,0.0823529,0.0353362
632,0.0539769,0.0705882,0.0356121
633,0.0879758,0.0941176,0.0356499
634,0.222311,0.219608,0.0356572
635,0.51249,0.52549,0.0358262
636,0.573837,0.537255,0.0371644
637,0.209726,0.223529,0.037355
638,0.0866682,0.0941176,0.0374104
639,0.0618826,0.0666667,0.0374333
640,0.064896,0.0823529,0.0377381
641,0.15561,0.156863,0.0377396
642,0.417607,0.419608,0.0377437
643,0.590821,0.615686,0.0383619
644,0.333688,0.317647,0.0386192
645,0.106607,0.121569,0.0388431
646,0.069608,0.0705882,0.0388441
647,0.0525165,0.0666667,0.0390443
648,0.106772,0.113725,0.0390926
649,0.324198,0.301961,0.0395871
650,0.58519,0.619608,0.0407717
651,0.513713,0.443137,0.0457527
652,0.147727,0.160784,0.0459232
653,0.0787015,0.0784314,0.0459232
654,0.0468195,0.0666667,0.0463171
655,0.0809618,0.0901961,0.0464024
656,0.204363,0.207843,0.0464145
657,0.511372,0.529412,0.04674
658,0.613093,0.584314,0.0475682
659,0.226068,0.239216,0.0477411
660,0.0905986,0.0980392,0.0477964
661,0.0628739,0.0705882,0.0478559
662,0.0614265,0.0745098,0.0480271
663,0.142802,0.141176,0.0480298
664,0.401797,0.384314,0.0483354
665,0.619762,0.662745,0.0501829
666,0.407813,0.360784,0.0523947
667,0.121996,0.129412,0.0524496
668,0.0829081,0.0745098,0.0525202
669,0.0463288,0.0666667,0.0529338
670,0.103132,0.0980392,0.0529597
671,0.279091,0.247059,0.0539858
672,0.571259,0.607843,0.0553242
673,0.634331,0.537255,0.0647479
674,0.181147,0.2,0.0651033
675,0.0936074,0.0862745,0.0651571
676,0.0510794,0.0627451,0.0652932
677,0.0744141,0.0745098,0.0652932
678,0.17085,0.152941,0.0656139
679,0.445812,0.435294,0.0657246
680,0.663204,0.678431,0.0659564
681,0.305221,0.321569,0.0662236
682,0.11759,0.117647,0.0662236
683,0.0728182,0.0705882,0.0662286
684,0.0495551,0.0666667,0.0665214
685,0.10195,0.0980392,0.0665367
686,0.305539,0.262745,0.0683681
687,0.592742,0.643137,0.0709077
688,0.63465,0.52549,0.0828236
689,0.170027,0.180392,0.082931
690,0.0984916,0.0862745,0.0830803
691,0.0455931,0.0588235,0.0832553
692,0.077873,0.0745098,0.0832666
693,0.181638,0.145098,0.0846018
694,0.452765,0.439216,0.0847854
695,0.694703,0.705882,0.0849104
696,0.300535,0.329412,0.0857442
697,0.110491,0.109804,0.0857447
698,0.0719819,0.0666667,0.085773
699,0.049408,0.054902,0.0858032
700,0.0970815,0.0862745,0.0859199
701,0.300741,0.235294,0.0902032
702,0.587885,0.639216,0.0928381
703,0.685759,0.572549,0.105655
704,0.218546,0.192157,0.106351
705,0.105305,0.0784314,0.107073
706,0.0433278,0.054902,0.107207
707,0.0708643,0.0627451,0.107273
708,0.140482,0.117647,0.107795
709,0.403465,0.372549,0.10875
710,0.68977,0.741176,0.111393
711,0.355284,0.388235,0.112479
712,0.1431,0.121569,0.112942
713,0.084139,0.0627451,0.1134
714,0.0422282,0.0509804,0.113477
715,0.0812563,0.0705882,0.113591
716,0.236433,0.160784,0.119313
717,0.526258,0.537255,0.119434
718,0.763223,0.698039,0.123683
719,0.256222,0.25098,0.123711
720,0.117133,0.0862745,0.124663
721,0.0527027,0.054902,0.124668
722,0.0624992,0.0509804,0.1248
723,0.0989056,0.0784314,0.12522
724,0.304048,0.231373,0.130501
725,0.626237,0.690196,0.134592
726,0.595187,0.588235,0.13464
727,0.217972,0.172549,0.136704
728,0.113595,0.0705882,0.138553
729,0.0347934,0.0470588,0.138704
730,0.0713715,0.0470588,0.139295
731,0.13749,0.0862745,0.141918
732,0.350041,0.301961,0.14423
733,0.709908,0.780392,0.149198
734,0.38151,0.482353,0.159367
735,0.167113,0.129412,0.160788
736,0.0979917,0.054902,0.162645
737,0.0377525,0.0431373,0.162674
738,0.0718288,0.0431373,0.163497
739,0.156668,0.0901961,0.167916
740,0.394374,0.337255,0.171178
741,0.776225,0.835294,0.174668
742,0.35245,0.439216,0.182196
743,0.153815,0.105882,0.184493
744,0.0841592,0.0470588,0.18587
745,0.0529456,0.0392157,0.186058
746,0.0694173,0.0392157,0.186971
747,0.161036,0.0823529,0.193162
748,0.374883,0.301961,0.198479
749,0.77693,0.866667,0.206532
750,0.431398,0.490196,0.209989
751,0.16429,0.109804,0.212958
752,0.0861326,0.0470588,0.214485
753,0.0605269,0.0392157,0.214939
754,0.0677883,0.0313725,0.216265
755,0.147064,0.0509804,0.225497
756,0.259372,0.168627,0.233732
757,0.698195,0.729412,0.234706
758,0.474507,0.764706,0.318921
759,0.192002,0.172549,0.3193
760,0.106473,0.054902,0.321959
761,0.0575488,0.0352941,0.322455
762,0.0655838,0.0313725,0.323625
763,0.0901039,0.027451,0.32755
764,0.0993735,0.0392157,0.331169
765,0.330528,0.145098,0.365554
766,0.49701,0.768627,0.439329
767,0.38011,0.85098,0.661048
768,0.202486,0.168627,0.662195
769,0.0356636,0.0470588,0.662324
770,0.080338,0.0313725,0.664722
771,0.0549594,0.0313725,0.665278
772,0.0808196,0.0235294,0.668561
773,-0.0689444,0.0196078,0.676402
774,-0.138849,0.027451,0.704058
775,0.364518,0.0705882,0.790453
776,0.531649,0.211765,0.892779
777,0.271866,0.203922,0.897395
778,0.0376772,0.156863,0.911601
779,0.0875532,0.145098,0.914912
780,0.050067,0.160784,0.92717
781,0.0450914,0.2,0.951167
782,0.0500141,0.254902,0.993146
783,0.115462,0.290196,1.02368
784,0.131294,0.282353,1.0465
785,0.23721,0.235294,1.0465
786,0.191,0.196078,1.04653
787,0.176132,0.184314,1.04659
788,0.232561,0.211765,1.04703
789,0.308464,0.258824,1.04949
790,0.343039,0.298039,1.05151
791,0.319538,0.282353,1.0529
792,0.260339,0.231373,1.05374
793,0.222228,0.192157,1.05464
794,0.216531,0.188235,1.05544
795,0.253508,0.219608,1.05659
796,0.306007,0.270588,1.05785
797,0.347212,0.309804,1.05924
798,0.312901,0.282353,1.06018
799,0.25355,0.227451,1.06086
800,0.21692,0.192157,1.06147
801,0.221016,0.188235,1.06255
802,0.261353,0.223529,1.06398
803,0.320196,0.278431,1.06572
804,0.356033,0.309804,1.06786
805,0.307104,0.282353,1.06847
806,0.244363,0.219608,1.06908
807,0.215271,0.188235,1.06982
808,0.219841,0.192157,1.07058
809,0.267318,0.227451,1.07217
810,0.327474,0.286275,1.07387
811,0.352698,0.313725,1.07539
812,0.305392,0.27451,1.07634
813,0.236397,0.219608,1.07662
814,0.210709,0.184314,1.07732
815,0.224807,0.188235,1.07866
816,0.269817,0.235294,1.07985
817,0.338734,0.294118,1.08184
818,0.353086,0.321569,1.08283
819,0.294881,0.266667,1.08363
820,0.234159,0.211765,1.08413
821,0.207026,0.176471,1.08506
822,0.221175,0.188235,1.08615
823,0.279469,0.235294,1.0881
824,0.341629,0.305882,1.08938
825,0.359603,0.317647,1.09114
826,0.282725,0.262745,1.09154
827,0.222451,0.2,1.09204
828,0.198361,0.172549,1.09271
829,0.220998,0.184314,1.09405
830,0.276066,0.243137,1.09514
831,0.35737,0.313725,1.09704
832,0.348492,0.32549,1.09757
833,0.276348,0.254902,1.09803
834,0.212533,0.192157,1.09845
835,0.193642,0.168627,1.09907
836,0.214538,0.188235,1.09976
837,0.286257,0.247059,1.1013
838,0.36011,0.32549,1.1025
839,0.355031,0.321569,1.10362
840,0.265039,0.25098,1.10382
841,0.200429,0.184314,1.10408
842,0.188881,0.164706,1.10466
843,0.217639,0.188235,1.10553
844,0.288524,0.258824,1.10641
845,0.375035,0.337255,1.10784
846,0.34498,0.321569,1.10838
847,0.257081,0.243137,1.10858
848,0.193748,0.176471,1.10888
849,0.183466,0.160784,1.10939
850,0.216314,0.188235,1.11018
851,0.30054,0.266667,1.11133
852,0.382064,0.341176,1.113
853,0.340407,0.321569,1.11335
854,0.244333,0.235294,1.11343
855,0.184061,0.172549,1.11357
856,0.178387,0.156863,1.11403
857,0.21407,0.192157,1.11451
858,0.307887,0.278431,1.11538
859,0.382267,0.352941,1.11624
860,0.338211,0.321569,1.11652
861,0.23643,0.223529,1.11668
862,0.178403,0.164706,1.11687
863,0.173544,0.156863,1.11715
864,0.218392,0.196078,1.11765
865,0.317111,0.286275,1.1186
866,0.391724,0.360784,1.11955
867,0.332405,0.321569,1.11967
868,0.222446,0.223529,1.11967
869,0.167454,0.160784,1.11972
870,0.172749,0.14902,1.12028
871,0.219799,0.196078,1.12084
872,0.326778,0.294118,1.12191
873,0.397812,0.372549,1.12255
874,0.329655,0.321569,1.12261
875,0.217481,0.211765,1.12265
876,0.16302,0.156863,1.12268
877,0.161799,0.14902,1.12285
878,0.218395,0.2,1.12319
879,0.32643,0.301961,1.12378
880,0.407275,0.384314,1.12431
881,0.324943,0.321569,1.12432
882,0.204585,0.211765,1.12437
883,0.155431,0.152941,1.12438
884,0.160054,0.14902,1.1245
885,0.222026,0.203922,1.12483
886,0.33479,0.313725,1.12527
887,0.417719,0.392157,1.12593
888,0.323255,0.317647,1.12596
889,0.196521,0.203922,1.12601
890,0.151013,0.14902,1.12602
891,0.159234,0.145098,1.12622
892,0.223867,0.203922,1.12661
893,0.346035,0.321569,1.12721
894,0.421027,0.4,1.12766
895,0.317009,0.317647,1.12766
896,0.186454,0.196078,1.12775
897,0.145898,0.141176,1.12777
898,0.15302,0.145098,1.12783
899,0.222391,0.207843,1.12805
900,0.35021,0.329412,1.12848
901,0.426261,0.411765,1.12869
902,0.314684,0.313725,1.12869
903,0.179242,0.196078,1.12897
904,0.135525,0.137255,1.12898
905,0.151405,0.141176,1.12908
906,0.220199,0.2,1.12949
907,0.35873,0.337255,1.12995
908,0.435223,0.419608,1.13019
909,0.313613,0.313725,1.13019
910,0.167878,0.184314,1.13046
911,0.132919,0.133333,1.13046
912,0.145224,0.133333,1.1306
913,0.208721,0.2,1.13068
914,0.364483,0.341176,1.13122
915,0.438523,0.431373,1.13128
916,0.311729,0.317647,1.13131
917,0.161997,0.184314,1.13181
918,0.124511,0.129412,1.13183
919,0.132607,0.129412,1.13184
920,0.206803,0.196078,1.13196
921,0.35802,0.345098,1.13212
922,0.450271,0.443137,1.13218
923,0.316949,0.317647,1.13218
924,0.156369,0.180392,1.13275
925,0.119527,0.12549,1.13279
926,0.12647,0.12549,1.13279
927,0.19841,0.192157,1.13283
928,0.356849,0.345098,1.13297
929,0.459639,0.45098,1.13304
930,0.321602,0.32549,1.13306
931,0.148593,0.180392,1.13407
932,0.114675,0.121569,1.13412
933,0.119645,0.121569,1.13412
934,0.191038,0.184314,1.13416
935,0.35216,0.337255,1.13439
936,0.466182,0.458824,1.13444
937,0.331182,0.333333,1.13445
938,0.149591,0.176471,1.13517
939,0.108719,0.117647,1.13525
940,0.114066,0.117647,1.13526
941,0.177791,0.168627,1.13534
942,0.34086,0.329412,1.13548
943,0.472634,0.466667,1.13551
944,0.344716,0.341176,1.13552
945,0.153019,0.176471,1.13607
946,0.102266,0.113725,1.1362
947,0.107525,0.113725,1.13624
948,0.157398,0.160784,1.13625
949,0.330931,0.313725,1.13655
950,0.475546,0.478431,1.13656
951,0.356126,0.356863,1.13656
952,0.154925,0.184314,1.13742
953,0.0967409,0.109804,1.13759
954,0.101924,0.105882,1.13761
955,0.145128,0.152941,1.13767
956,0.31235,0.301961,1.13778
957,0.484031,0.482353,1.13778
958,0.383049,0.380392,1.13779
959,0.156943,0.188235,1.13877
960,0.0947061,0.105882,1.13889
961,0.0913591,0.0941176,1.1389
962,0.13259,0.137255,1.13892
963,0.286785,0.282353,1.13894
964,0.483507,0.482353,1.13894
965,0.407088,0.403922,1.13895
966,0.176874,0.196078,1.13932
967,0.0884432,0.109804,1.13978
968,0.0784752,0.0941176,1.14002
969,0.11149,0.12549,1.14022
970,0.24707,0.258824,1.14036
971,0.473778,0.47451,1.14036
972,0.42699,0.435294,1.14043
973,0.196726,0.215686,1.14079
974,0.0874135,0.109804,1.14129
975,0.0800958,0.0862745,1.14133
976,0.100893,0.117647,1.14161
977,0.227159,0.231373,1.14162
978,0.45574,0.462745,1.14167
979,0.458155,0.466667,1.14175
980,0.224714,0.235294,1.14186
981,0.0909156,0.113725,1.14238
982,0.0719293,0.0862745,1.14258
983,0.0903384,0.105882,1.14282
984,0.187526,0.207843,1.14324
985,0.436743,0.435294,1.14324
986,0.486719,0.501961,1.14347
987,0.260518,0.266667,1.14351
988,0.0964273,0.12549,1.14435
989,0.0731181,0.0862745,1.14453
990,0.0790565,0.0980392,1.14489
991,0.166773,0.180392,1.14507
992,0.396769,0.396078,1.14507
993,0.51305,0.533333,1.14549
994,0.315824,0.301961,1.14568
995,0.103504,0.137255,1.14682
996,0.0752144,0.0901961,1.14704
997,0.072741,0.0941176,1.1475
998,0.142146,0.152941,1.14761
999,0.351095,0.352941,1.14762
1000,0.531768,0.552941,1.14807
1001,0.38265,0.356863,1.14873
1002,0.113791,0.156863,1.15059
1003,0.0812216,0.0941176,1.15075
1004,0.0695718,0.0862745,1.15103
1005,0.123338,0.133333,1.15113
1006,0.307723,0.298039,1.15123
1007,0.534941,0.54902,1.15142
1008,0.451727,0.419608,1.15246
1009,0.141683,0.180392,1.15395
1010,0.0827625,0.0901961,1.15401
1011,0.0662743,0.0823529,1.15427
1012,0.105473,0.113725,1.15434
1013,0.246002,0.247059,1.15434
1014,0.509751,0.521569,1.15448
1015,0.507144,0.486275,1.15491
1016,0.19148,0.219608,1.1557
1017,0.0835331,0.105882,1.1562
1018,0.0684448,0.0745098,1.15624
1019,0.0808935,0.0941176,1.15641
1020,0.197364,0.2,1.15642
1021,0.46096,0.462745,1.15642
1022,0.546714,0.552941,1.15646
1023,0.258872,0.266667,1.15652
1024,0.0920364,0.117647,1.15718
1025,0.0647963,0.0784314,1.15737
1026,0.0671145,0.0862745,1.15773
1027,0.142113,0.152941,1.15785
1028,0.385346,0.384314,1.15785
1029,0.563034,0.592157,1.1587
1030,0.381306,0.345098,1.16001
1031,0.103359,0.137255,1.16116
1032,0.0764205,0.0784314,1.16116
1033,0.0583424,0.0745098,1.16142
1034,0.114931,0.121569,1.16147
1035,0.310334,0.301961,1.16154
1036,0.563323,0.588235,1.16216
1037,0.496487,0.435294,1.1659
1038,0.149605,0.168627,1.16627
1039,0.0772928,0.0862745,1.16635
1040,0.0552152,0.0705882,1.16658
1041,0.0869754,0.0941176,1.16663
1042,0.222652,0.223529,1.16663
1043,0.51417,0.52549,1.16676
1044,0.565966,0.533333,1.16783
1045,0.212924,0.227451,1.16804
1046,0.0842848,0.0980392,1.16823
1047,0.0618435,0.0705882,1.1683
1048,0.0657948,0.0784314,1.16846
1049,0.157466,0.160784,1.16848
1050,0.420231,0.419608,1.16848
1051,0.585257,0.607843,1.16899
1052,0.323745,0.309804,1.16918
1053,0.104421,0.117647,1.16935
1054,0.0708347,0.0705882,1.16935
1055,0.0513203,0.0705882,1.16973
1056,0.112968,0.113725,1.16973
1057,0.313902,0.305882,1.16979
1058,0.582635,0.615686,1.17088
1059,0.494268,0.431373,1.17484
1060,0.146446,0.152941,1.17488
1061,0.0775591,0.0784314,1.17488
1062,0.048954,0.0627451,1.17507
1063,0.0812187,0.0862745,1.1751
1064,0.218485,0.203922,1.17531
1065,0.514821,0.529412,1.17552
1066,0.59916,0.564706,1.17671
1067,0.228366,0.227451,1.17671
1068,0.0853876,0.0901961,1.17673
1069,0.0590542,0.0588235,1.17673
1070,0.0593508,0.0666667,1.17679
1071,0.13459,0.133333,1.17679
1072,0.392023,0.388235,1.1768
1073,0.612452,0.65098,1.17829
1074,0.37275,0.34902,1.17885
1075,0.121571,0.121569,1.17885
1076,0.0701093,0.0666667,1.17886
1077,0.0433377,0.0588235,1.1791
1078,0.0859127,0.0901961,1.17912
1079,0.257958,0.247059,1.17924
1080,0.575798,0.603922,1.18003
1081,0.590073,0.509804,1.18647
1082,0.18755,0.180392,1.18653
1083,0.0852488,0.0745098,1.18664
1084,0.0473396,0.0509804,1.18665
1085,0.0668594,0.0666667,1.18665
1086,0.152797,0.145098,1.18671
1087,0.438537,0.443137,1.18673
1088,0.637496,0.662745,1.18737
1089,0.29375,0.298039,1.18739
1090,0.110226,0.109804,1.18739
1091,0.0642212,0.054902,1.18748
1092,0.0466816,0.054902,1.18754
1093,0.084583,0.0941176,1.18764
1094,0.283967,0.262745,1.18809
1095,0.603553,0.643137,1.18965
1096,0.576562,0.494118,1.19645
1097,0.159742,0.160784,1.19645
1098,0.0855927,0.0705882,1.19668
1099,0.0381764,0.0509804,1.19684
1100,0.0702782,0.0627451,1.1969
1101,0.154841,0.145098,1.19699
1102,0.449423,0.454902,1.19702
1103,0.673509,0.686275,1.19718
1104,0.29226,0.298039,1.19722
1105,0.110203,0.0980392,1.19737
1106,0.0683771,0.054902,1.19755
1107,0.0460097,0.0470588,1.19755
1108,0.0876649,0.0862745,1.19755
1109,0.273806,0.243137,1.19849
1110,0.604498,0.647059,1.2003
1111,0.61669,0.537255,1.20661
1112,0.209441,0.172549,1.20797
1113,0.0966113,0.0705882,1.20865
1114,0.0399472,0.0470588,1.2087
1115,0.0681101,0.0588235,1.20879
1116,0.12883,0.117647,1.20891
1117,0.412836,0.392157,1.20934
1118,0.688099,0.733333,1.21139
1119,0.330094,0.356863,1.2121
1120,0.131402,0.109804,1.21257
1121,0.0766806,0.054902,1.21304
1122,0.0436009,0.0509804,1.2131
1123,0.0747464,0.0666667,1.21316
1124,0.231821,0.180392,1.21581
1125,0.549661,0.572549,1.21633
1126,0.726506,0.67451,1.21904
1127,0.257337,0.227451,1.21993
1128,0.111166,0.0784314,1.221
1129,0.0513311,0.0509804,1.221
1130,0.0621675,0.0509804,1.22113
1131,0.10793,0.0784314,1.222
1132,0.312968,0.254902,1.22537
1133,0.635601,0.713725,1.23147
1134,0.540791,0.545098,1.23149
1135,0.211139,0.152941,1.23488
1136,0.112129,0.0627451,1.23732
1137,0.0353772,0.0431373,1.23738
1138,0.0699217,0.0470588,1.2379
1139,0.147875,0.0941176,1.24079
1140,0.375035,0.333333,1.24253
1141,0.734348,0.796078,1.24634
1142,0.362485,0.435294,1.25164
1143,0.155904,0.113725,1.25342
1144,0.0928024,0.0509804,1.25517
1145,0.0431817,0.0352941,1.25523
1146,0.0705575,0.0470588,1.25578
1147,0.171962,0.101961,1.26068
1148,0.423925,0.384314,1.26225
1149,0.789924,0.835294,1.26431
1150,0.368074,0.380392,1.26446
1151,0.146328,0.0980392,1.26679
1152,0.0751963,0.0431373,1.26782
1153,0.0597109,0.0352941,1.26842
1154,0.0666594,0.0352941,1.2694
1155,0.190296,0.0901961,1.27942
1156,0.425059,0.360784,1.28355
1157,0.789937,0.878431,1.29138
1158,0.403239,0.407843,1.2914
1159,0.156524,0.0941176,1.2953
1160,0.0682367,0.0392157,1.29614
1161,0.0703204,0.027451,1.29798
1162,0.066197,0.0313725,1.29919
1163,0.141327,0.054902,1.30666
1164,0.330457,0.215686,1.31983
1165,0.730541,0.839216,1.33164
1166,0.487362,0.627451,1.35127
1167,0.180225,0.133333,1.35347
1168,0.0870167,0.0431373,1.35539
1169,0.0749597,0.027451,1.35765
1170,0.0633278,0.0235294,1.35923
1171,0.102667,0.0196078,1.36613
1172,0.079894,0.0470588,1.36721
1173,0.482218,0.239216,1.42626
1174,0.439406,0.988235,1.72747
1175,0.278757,0.576471,1.81611
1176,0.165794,0.0980392,1.8207
1177,0.0568283,0.0313725,1.82135
1178,0.0785064,0.027451,1.82395
1179,0.0619876,0.0235294,1.82543
1180,0.0758084,0.0156863,1.82905
1181,-0.125749,0.0156863,1.84905
1182,0.0105967,0.0156863,1.84908
1183,0.595953,0.054902,2.14181
1184,0.288692,0.141176,2.16357
1185,0.184154,0.0901961,2.1724
1186,0.0682036,0.0823529,2.1726
1187,0.0726074,0.0980392,2.17325
1188,0.0565877,0.133333,2.17914
1189,0.0429166,0.188235,2.20026
1190,0.0494737,0.227451,2.23193
1191,0.065799,0.247059,2.26479
1192,0.0260488,0.25098,2.31538
1193,0.0893077,0.231373,2.33556
1194,0.0975834,0.203922,2.34687
1195,0.104509,0.192157,2.35455
1196,0.202873,0.203922,2.35455
1197,0.27168,0.223529,2.35687
1198,0.313197,0.25098,2.36074
1199,0.307818,0.25098,2.36397
1200,0.274762,0.235294,2.36553
1201,0.243412,0.211765,2.36653
1202,0.232315,0.2,2.36758
1203,0.246886,0.211765,2.36881
1204,0.26892,0.235294,2.36994
1205,0.305536,0.262745,2.37177
1206,0.296105,0.254902,2.37347
1207,0.279046,0.235294,2.37539
1208,0.250782,0.207843,2.37723
1209,0.240143,0.2,2.37884
1210,0.257179,0.215686,2.38056
1211,0.283214,0.243137,2.38217
1212,0.315449,0.266667,2.38455
1213,0.296337,0.258824,2.38595
1214,0.275114,0.235294,2.38754
1215,0.243694,0.207843,2.38883
1216,0.239895,0.2,2.39042
1217,0.260718,0.219608,2.39211
1218,0.292046,0.247059,2.39413
1219,0.31745,0.270588,2.39633
1220,0.299862,0.262745,2.3977
1221,0.272038,0.227451,2.39969
1222,0.242837,0.207843,2.40092
1223,0.239201,0.2,2.40245
1224,0.265506,0.219608,2.40456
1225,0.295048,0.254902,2.40617
1226,0.321443,0.27451,2.40838
1227,0.302301,0.254902,2.41062
1228,0.260972,0.227451,2.41175
1229,0.243731,0.203922,2.41333
1230,0.237007,0.203922,2.41443
1231,0.266605,0.227451,2.41596
1232,0.305512,0.262745,2.41779
1233,0.321693,0.278431,2.41966
1234,0.292115,0.258824,2.42077
1235,0.261382,0.219608,2.42251
1236,0.238227,0.2,2.42397
1237,0.244533,0.2,2.42596
1238,0.274368,0.231373,2.42781
1239,0.314001,0.266667,2.43005
1240,0.323825,0.282353,2.43177
1241,0.293767,0.254902,2.43328
1242,0.249856,0.219608,2.43419
1243,0.23403,0.196078,2.43563
1244,0.237835,0.2,2.43706
1245,0.280166,0.235294,2.43908
1246,0.315586,0.278431,2.44046
1247,0.328047,0.286275,2.4422
1248,0.286994,0.254902,2.44323
1249,0.249244,0.219608,2.44411
1250,0.228751,0.196078,2.44518
1251,0.239229,0.203922,2.44642
1252,0.283571,0.243137,2.44806
1253,0.328697,0.282353,2.45021
1254,0.326882,0.290196,2.45155
1255,0.283748,0.25098,2.45263
1256,0.246463,0.207843,2.45412
1257,0.227509,0.188235,2.45566
1258,0.244603,0.203922,2.45732
1259,0.291775,0.247059,2.45932
1260,0.331048,0.286275,2.46132
1261,0.329808,0.286275,2.46321
1262,0.276884,0.243137,2.46435
1263,0.232801,0.203922,2.46519
1264,0.219151,0.188235,2.46614
1265,0.243279,0.207843,2.4674
1266,0.294487,0.25098,2.46929
1267,0.335197,0.298039,2.47067
1268,0.323511,0.286275,2.47206
1269,0.268705,0.243137,2.47271
1270,0.229814,0.196078,2.47385
1271,0.220061,0.188235,2.47486
1272,0.248807,0.211765,2.47624
1273,0.298842,0.258824,2.47784
1274,0.349239,0.301961,2.48007
1275,0.317649,0.286275,2.48106
1276,0.265117,0.231373,2.4822
1277,0.219724,0.188235,2.48319
1278,0.220168,0.180392,2.48477
1279,0.251028,0.211765,2.48631
1280,0.308067,0.266667,2.48802
1281,0.350731,0.305882,2.49004
1282,0.315836,0.286275,2.49091
1283,0.251772,0.227451,2.4915
1284,0.211154,0.184314,2.49222
1285,0.210222,0.180392,2.49311
1286,0.251023,0.211765,2.49465
1287,0.314257,0.27451,2.49623
1288,0.352119,0.313725,2.49771
1289,0.313396,0.282353,2.49867
1290,0.245868,0.219608,2.49936
1291,0.205999,0.180392,2.50002
1292,0.21045,0.184314,2.5007
1293,0.249277,0.219608,2.50158
1294,0.324934,0.286275,2.50307
1295,0.356321,0.321569,2.50428
1296,0.305752,0.278431,2.50503
1297,0.23528,0.215686,2.50541
1298,0.201134,0.172549,2.50623
1299,0.215181,0.180392,2.50744
1300,0.257551,0.223529,2.5086
1301,0.339149,0.294118,2.51062
1302,0.360631,0.321569,2.51215
1303,0.297199,0.27451,2.51267
1304,0.227291,0.203922,2.51321
1305,0.191564,0.172549,2.51357
1306,0.210268,0.176471,2.51472
1307,0.259182,0.227451,2.51572
1308,0.344879,0.301961,2.51756
1309,0.357244,0.32549,2.51857
1310,0.290854,0.262745,2.51936
1311,0.216349,0.2,2.51963
1312,0.191791,0.160784,2.52059
1313,0.202929,0.180392,2.5211
1314,0.267759,0.235294,2.52215
1315,0.348935,0.313725,2.52339
1316,0.359621,0.329412,2.52431
1317,0.276251,0.262745,2.52449
1318,0.209526,0.188235,2.52494
1319,0.178324,0.156863,2.5254
1320,0.209791,0.176471,2.52651
1321,0.267713,0.239216,2.52732
1322,0.364358,0.321569,2.52916
1323,0.357238,0.333333,2.52973
1324,0.27209,0.254902,2.53002
1325,0.196686,0.184314,2.53017
1326,0.172189,0.156863,2.53041
1327,0.200816,0.176471,2.531
1328,0.271875,0.247059,2.53162
1329,0.368481,0.333333,2.53285
1330,0.358772,0.333333,2.5335
1331,0.261866,0.243137,2.53385
1332,0.189495,0.172549,2.53414
1333,0.172242,0.152941,2.53451
1334,0.199817,0.176471,2.53506
1335,0.282971,0.254902,2.53584
1336,0.377018,0.345098,2.53686
1337,0.354345,0.333333,2.5373
1338,0.247629,0.239216,2.53738
1339,0.176267,0.164706,2.53751
1340,0.167004,0.14902,2.53783
1341,0.196066,0.176471,2.53822
1342,0.291344,0.262745,2.53903
1343,0.386356,0.352941,2.54015
1344,0.35,0.337255,2.54031
1345,0.238792,0.235294,2.54033
1346,0.167611,0.164706,2.54033
1347,0.160943,0.145098,2.54059
1348,0.192888,0.176471,2.54085
1349,0.297442,0.266667,2.5418
1350,0.390804,0.368627,2.54229
1351,0.350892,0.341176,2.54239
1352,0.232677,0.227451,2.54242
1353,0.163791,0.156863,2.54246
1354,0.155482,0.141176,2.54267
1355,0.193551,0.180392,2.54284
1356,0.297188,0.278431,2.54319
1357,0.406557,0.376471,2.5441
1358,0.350159,0.337255,2.54426
1359,0.221117,0.223529,2.54427
1360,0.152461,0.14902,2.54428
1361,0.148373,0.141176,2.54433
1362,0.194831,0.180392,2.54454
1363,0.305571,0.286275,2.54491
1364,0.411558,0.388235,2.54546
1365,0.34254,0.341176,2.54546
1366,0.212882,0.211765,2.54546
1367,0.145753,0.145098,2.54546
1368,0.148052,0.137255,2.54558
1369,0.189868,0.180392,2.54567
1370,0.315877,0.286275,2.54655
1371,0.419052,0.392157,2.54727
1372,0.345089,0.337255,2.54733
1373,0.203449,0.211765,2.5474
1374,0.136093,0.141176,2.54742
1375,0.141575,0.133333,2.54749
1376,0.188072,0.180392,2.54755
1377,0.31219,0.294118,2.54788
1378,0.4241,0.407843,2.54814
1379,0.340585,0.341176,2.54814
1380,0.198894,0.203922,2.54817
1381,0.134612,0.133333,2.54817
1382,0.135525,0.129412,2.54821
1383,0.185962,0.172549,2.54839
1384,0.315122,0.298039,2.54868
1385,0.436459,0.415686,2.54911
1386,0.34373,0.341176,2.54912
1387,0.189403,0.2,2.54923
1388,0.123381,0.129412,2.54927
1389,0.128379,0.121569,2.54931
1390,0.171006,0.172549,2.54931
1391,0.317477,0.294118,2.54986
1392,0.437435,0.427451,2.54996
1393,0.343209,0.345098,2.54996
1394,0.18336,0.196078,2.55013
1395,0.118,0.12549,2.55018
1396,0.117054,0.117647,2.55018
1397,0.168599,0.168627,2.55018
1398,0.301699,0.298039,2.55019
1399,0.451844,0.431373,2.55061
1400,0.349478,0.352941,2.55063
1401,0.178739,0.196078,2.55093
1402,0.112993,0.12549,2.55108
1403,0.109903,0.113725,2.5511
1404,0.161415,0.160784,2.5511
1405,0.300457,0.294118,2.55114
1406,0.451705,0.443137,2.55121
1407,0.355441,0.360784,2.55124
1408,0.181987,0.196078,2.55144
1409,0.109402,0.117647,2.55151
1410,0.105391,0.109804,2.55153
1411,0.151909,0.152941,2.55153
1412,0.291155,0.286275,2.55155
1413,0.459095,0.45098,2.55162
1414,0.366879,0.376471,2.55171
1415,0.180189,0.196078,2.55196
1416,0.101895,0.117647,2.55221
1417,0.0989621,0.105882,2.55226
1418,0.136655,0.145098,2.55233
1419,0.279328,0.278431,2.55233
1420,0.461547,0.454902,2.55237
1421,0.386761,0.396078,2.55246
1422,0.188961,0.203922,2.55268
1423,0.0970781,0.117647,2.55311
1424,0.0942427,0.101961,2.55317
1425,0.127117,0.137255,2.55327
1426,0.265634,0.262745,2.55328
1427,0.460186,0.454902,2.55331
1428,0.407788,0.407843,2.55331
1429,0.202146,0.215686,2.55349
1430,0.0943729,0.117647,2.55403
1431,0.0902958,0.0941176,2.55405
1432,0.116818,0.12549,2.55412
1433,0.243969,0.247059,2.55413
1434,0.454983,0.45098,2.55415
1435,0.421699,0.431373,2.55424
1436,0.207539,0.223529,2.5545
1437,0.0981846,0.117647,2.55487
1438,0.0791915,0.0941176,2.5551
1439,0.104265,0.117647,2.55528
1440,0.21388,0.227451,2.55546
1441,0.440218,0.443137,2.55547
1442,0.443137,0.462745,2.55585
1443,0.231146,0.243137,2.556
1444,0.0950933,0.121569,2.5567
1445,0.0808703,0.0901961,2.55679
1446,0.0937721,0.109804,2.55704
1447,0.197652,0.207843,2.55715
1448,0.423183,0.423529,2.55715
1449,0.477197,0.486275,2.55723
1450,0.265117,0.262745,2.55723
1451,0.0984432,0.12549,2.55797
1452,0.0773193,0.0901961,2.55813
1453,0.085104,0.101961,2.55842
1454,0.172119,0.184314,2.55856
1455,0.395907,0.396078,2.55856
1456,0.495741,0.513725,2.55889
1457,0.301371,0.298039,2.5589
1458,0.104259,0.137255,2.55999
1459,0.0782202,0.0862745,2.56005
1460,0.0767174,0.0941176,2.56036
1461,0.151422,0.160784,2.56044
1462,0.360261,0.356863,2.56045
1463,0.517626,0.533333,2.5607
1464,0.352987,0.333333,2.56109
1465,0.1177,0.14902,2.56207
1466,0.0741852,0.0862745,2.56221
1467,0.0708583,0.0901961,2.56259
1468,0.123537,0.137255,2.56278
1469,0.31341,0.317647,2.56279
1470,0.52347,0.537255,2.56298
1471,0.406868,0.384314,2.56349
1472,0.133124,0.164706,2.56449
1473,0.075916,0.0941176,2.56482
1474,0.0682684,0.0784314,2.56493
1475,0.10316,0.121569,2.56526
1476,0.272634,0.270588,2.56527
1477,0.510752,0.52549,2.56549
1478,0.455797,0.443137,2.56565
1479,0.172925,0.196078,2.56618
1480,0.0782608,0.0980392,2.56657
1481,0.0612077,0.0784314,2.56687
1482,0.0913731,0.105882,2.56708
1483,0.20783,0.223529,2.56733
1484,0.483195,0.494118,2.56745
1485,0.499807,0.505882,2.56748
1486,0.217967,0.235294,2.56778
1487,0.0850412,0.105882,2.56822
1488,0.0656136,0.0745098,2.5683
1489,0.0761136,0.0901961,2.5685
1490,0.169897,0.180392,2.56861
1491,0.430973,0.427451,2.56862
1492,0.54377,0.556863,2.56879
1493,0.29478,0.286275,2.56886
1494,0.098855,0.121569,2.56938
1495,0.0661855,0.0745098,2.56945
1496,0.0622573,0.0784314,2.56971
1497,0.128661,0.145098,2.56998
1498,0.354652,0.356863,2.56998
1499,0.55592,0.584314,2.57079
1500,0.399965,0.356863,2.57265
1501,0.114822,0.145098,2.57356
1502,0.0708474,0.0784314,2.57362
1503,0.052973,0.0705882,2.57393
1504,0.102437,0.113725,2.57406
1505,0.274549,0.278431,2.57407
1506,0.547138,0.568627,2.57454
1507,0.492093,0.45098,2.57623
1508,0.148608,0.176471,2.577
1509,0.0773448,0.0862745,2.57708
1510,0.0514721,0.0705882,2.57745
1511,0.081307,0.0901961,2.57753
1512,0.196945,0.207843,2.57765
1513,0.491532,0.501961,2.57775
1514,0.55223,0.541176,2.57788
1515,0.231198,0.235294,2.57789
1516,0.0838334,0.0980392,2.57809
1517,0.0636111,0.0666667,2.5781
1518,0.0609478,0.0745098,2.57829
1519,0.14753,0.14902,2.57829
1520,0.397748,0.403922,2.57833
1521,0.578368,0.611765,2.57944
1522,0.343889,0.32549,2.57978
1523,0.107874,0.121569,2.57997
1524,0.067518,0.0705882,2.57998
1525,0.0481674,0.0666667,2.58032
1526,0.100677,0.113725,2.58049
1527,0.292147,0.290196,2.5805
1528,0.578439,0.603922,2.58115
1529,0.506481,0.443137,2.58516
1530,0.15645,0.164706,2.58523
1531,0.0767727,0.0745098,2.58523
1532,0.0482458,0.0588235,2.58534
1533,0.0794102,0.0823529,2.58535
1534,0.200011,0.2,2.58535
1535,0.502873,0.513725,2.58547
1536,0.591916,0.572549,2.58584
1537,0.222633,0.235294,2.586
1538,0.0900142,0.0941176,2.58602
1539,0.0554897,0.0588235,2.58603
1540,0.0568964,0.0666667,2.58613
1541,0.121053,0.129412,2.5862
1542,0.380477,0.380392,2.5862
1543,0.601951,0.643137,2.58789
1544,0.392082,0.34902,2.58975
1545,0.119661,0.121569,2.58975
1546,0.0703918,0.0627451,2.58981
1547,0.0425819,0.0588235,2.59007
1548,0.0842208,0.0901961,2.59011
1549,0.251534,0.243137,2.59018
1550,0.571672,0.596078,2.59078
1551,0.573895,0.513725,2.5944
1552,0.186044,0.184314,2.5944
1553,0.0807565,0.0784314,2.59441
1554,0.0482575,0.054902,2.59445
1555,0.0647032,0.0705882,2.59448
1556,0.152085,0.152941,2.59448
1557,0.435932,0.443137,2.59454
1558,0.632246,0.65098,2.59489
1559,0.297283,0.298039,2.59489
1560,0.107415,0.101961,2.59492
1561,0.0659816,0.0588235,2.59497
1562,0.0470285,0.0509804,2.59498
1563,0.0927691,0.0941176,2.59499
1564,0.301248,0.270588,2.59593
1565,0.600214,0.647059,2.59812
1566,0.560549,0.486275,2.60364
1567,0.181596,0.160784,2.60407
1568,0.0850893,0.0666667,2.60441
1569,0.0399235,0.0470588,2.60446
1570,0.0692004,0.0627451,2.6045
1571,0.149117,0.14902,2.6045
1572,0.459475,0.462745,2.60451
1573,0.668073,0.67451,2.60455
1574,0.278189,0.286275,2.60462
1575,0.112333,0.0980392,2.60482
1576,0.0643307,0.054902,2.60491
1577,0.0488307,0.0509804,2.60492
1578,0.0820853,0.0862745,2.60494
1579,0.280084,0.254902,2.60557
1580,0.608357,0.658824,2.60812
1581,0.588772,0.513725,2.61375
1582,0.189398,0.160784,2.61457
1583,0.0935644,0.0666667,2.61529
1584,0.0384631,0.0470588,2.61536
1585,0.0688012,0.0588235,2.61546
1586,0.142668,0.12549,2.61576
1587,0.4237,0.419608,2.61578
1588,0.694442,0.721569,2.61651
1589,0.315339,0.333333,2.61684
1590,0.124566,0.101961,2.61735
1591,0.0749621,0.0509804,2.61792
1592,0.0451801,0.0470588,2.61793
1593,0.0774269,0.0666667,2.61804
1594,0.242421,0.192157,2.62057
1595,0.576106,0.6,2.62114
1596,0.69407,0.627451,2.62558
1597,0.254794,0.203922,2.62816
1598,0.105565,0.0705882,2.62939
1599,0.0487043,0.0431373,2.62942
1600,0.0628513,0.0470588,2.62967
1601,0.10636,0.0901961,2.62993
1602,0.320988,0.286275,2.63113
1603,0.664581,0.737255,2.63642
1604,0.453,0.482353,2.63728
1605,0.186933,0.137255,2.63975
1606,0.0991276,0.054902,2.6417
1607,0.0388933,0.0431373,2.64172
1608,0.0676929,0.0470588,2.64215
1609,0.156573,0.105882,2.64472
1610,0.41458,0.384314,2.64563
1611,0.758861,0.788235,2.64649
1612,0.318457,0.360784,2.64829
1613,0.141218,0.0980392,2.65015
1614,0.0791095,0.0431373,2.65144
1615,0.0523249,0.0352941,2.65173
1616,0.07053,0.0431373,2.65248
1617,0.189246,0.117647,2.65761
1618,0.493477,0.470588,2.65813
1619,0.769744,0.8,2.65905
1620,0.340075,0.294118,2.66116
1621,0.134036,0.0862745,2.66344
1622,0.0603721,0.0392157,2.66389
1623,0.0682604,0.0313725,2.66525
1624,0.068722,0.0392157,2.66612
1625,0.181018,0.113725,2.67065
1626,0.524355,0.482353,2.67241
1627,0.733998,0.835294,2.68268
1628,0.334711,0.286275,2.68502
1629,0.145934,0.0705882,2.6907
1630,0.0446938,0.0352941,2.69079
1631,0.0783461,0.0313725,2.69299
1632,0.0652113,0.0352941,2.69389
1633,0.157216,0.0784314,2.7001
1634,0.466994,0.368627,2.70977
1635,0.728498,0.92549,2.74858
1636,0.444121,0.388235,2.7517
1637,0.175095,0.0784314,2.76104
1638,0.0583106,0.0352941,2.76157
1639,0.0782994,0.0235294,2.76457
1640,0.0637257,0.0235294,2.76619
1641,0.131328,0.0313725,2.77618
1642,0.258152,0.117647,2.79592
1643,0.609441,0.639216,2.79681
1644,0.598809,0.898039,2.88635
1645,0.204775,0.203922,2.88635
1646,0.0983441,0.0470588,2.88898
1647,0.0814877,0.027451,2.8919
1648,0.0689274,0.0196078,2.89433
1649,0.0687151,0.0156863,2.89714
1650,0.0052408,0.0117647,2.89719
1651,0.0883791,0.0117647,2.90306
1652,0.482092,0.027451,3.10975
1653,0.60862,0.164706,3.30681
1654,0.279292,0.207843,3.31192
1655,0.0579518,0.0980392,3.31352
1656,0.0998608,0.0823529,3.31383
1657,0.0673687,0.0941176,3.31455
1658,0.0497061,0.152941,3.3252
1659,0.0490462,0.27451,3.37604
1660,0.0589889,0.34902,3.46016
1661,0.0822182,0.282353,3.50021
1662,0.116873,0.184314,3.50476
1663,0.0881046,0.145098,3.50801
1664,0.0739093,0.14902,3.51365
1665,0.116109,0.203922,3.52136
1666,0.280929,0.286275,3.52139
1667,0.3763,0.32549,3.52397
1668,0.29042,0.258824,3.52497
1669,0.192271,0.184314,3.52503
1670,0.15126,0.145098,3.52507
1671,0.158026,0.156863,3.52507
1672,0.225172,0.211765,3.52525
1673,0.321876,0.301961,3.52565
1674,0.36388,0.329412,3.52683
1675,0.275696,0.258824,3.52712
1676,0.198046,0.180392,3.52743
1677,0.158399,0.14902,3.52752
1678,0.173084,0.156863,3.52778
1679,0.234472,0.223529,3.5279
1680,0.346034,0.313725,3.52895
1681,0.359839,0.337255,3.52946
1682,0.272535,0.254902,3.52977
1683,0.191166,0.172549,3.53011
1684,0.161971,0.145098,3.5304
1685,0.171747,0.160784,3.53052
1686,0.253306,0.227451,3.53119
1687,0.351201,0.321569,3.53206
1688,0.366764,0.341176,3.53272
1689,0.263505,0.247059,3.53299
1690,0.179423,0.168627,3.53311
1691,0.155991,0.141176,3.53333
1692,0.173813,0.160784,3.5335
1693,0.2544,0.231373,3.53403
1694,0.36336,0.337255,3.53471
1695,0.36689,0.345098,3.53518
1696,0.25536,0.247059,3.53525
1697,0.172109,0.164706,3.53531
1698,0.150549,0.141176,3.53539
1699,0.172714,0.160784,3.53554
1700,0.256134,0.239216,3.53582
1701,0.379536,0.34902,3.53675
1702,0.363651,0.345098,3.5371
1703,0.249556,0.235294,3.5373
1704,0.165883,0.156863,3.53738
1705,0.148643,0.129412,3.53775
1706,0.171288,0.156863,3.53796
1707,0.265477,0.247059,3.5383
1708,0.387321,0.356863,3.53923
1709,0.360144,0.34902,3.53935
1710,0.236576,0.231373,3.53938
1711,0.155373,0.14902,3.53942
1712,0.132197,0.129412,3.53943
1713,0.164081,0.160784,3.53944
1714,0.262296,0.25098,3.53957
1715,0.390037,0.368627,3.54002
1716,0.360004,0.34902,3.54014
1717,0.231138,0.227451,3.54016
1718,0.145312,0.141176,3.54018
1719,0.131723,0.12549,3.54021
1720,0.164168,0.152941,3.54034
1721,0.267407,0.254902,3.5405
1722,0.40427,0.380392,3.54107
1723,0.357031,0.352941,3.54108
1724,0.223517,0.219608,3.5411
1725,0.13778,0.141176,3.54111
1726,0.124683,0.121569,3.54112
1727,0.150559,0.156863,3.54116
1728,0.269358,0.262745,3.5412
1729,0.406258,0.392157,3.5414
1730,0.358763,0.360784,3.54141
1731,0.214744,0.219608,3.54143
1732,0.132088,0.137255,3.54146
1733,0.118848,0.117647,3.54146
1734,0.156058,0.152941,3.54147
1735,0.271142,0.258824,3.54162
1736,0.419523,0.4,3.542
1737,0.363741,0.360784,3.54201
1738,0.212326,0.215686,3.54202
1739,0.125517,0.133333,3.54208
1740,0.112939,0.113725,3.54208
1741,0.148303,0.152941,3.5421
1742,0.26204,0.262745,3.5421
1743,0.425443,0.407843,3.54241
1744,0.362961,0.372549,3.54251
1745,0.206684,0.211765,3.54253
1746,0.121521,0.129412,3.54259
1747,0.10618,0.113725,3.54265
1748,0.146466,0.141176,3.54268
1749,0.260237,0.258824,3.54268
1750,0.431988,0.415686,3.54295
1751,0.374363,0.380392,3.54298
1752,0.209624,0.211765,3.54299
1753,0.112172,0.12549,3.54316
1754,0.10655,0.105882,3.54317
1755,0.129105,0.141176,3.54331
1756,0.259812,0.258824,3.54331
1757,0.42688,0.423529,3.54332
1758,0.384245,0.392157,3.54339
1759,0.209043,0.219608,3.5435
1760,0.106726,0.129412,3.54401
1761,0.0954783,0.105882,3.54412
1762,0.126092,0.137255,3.54425
1763,0.246278,0.25098,3.54427
1764,0.435469,0.431373,3.54428
1765,0.395218,0.411765,3.54456
1766,0.213242,0.223529,3.54466
1767,0.107941,0.12549,3.54497
1768,0.0955606,0.0980392,3.54498
1769,0.123459,0.129412,3.54501
1770,0.237364,0.239216,3.54502
1771,0.438765,0.431373,3.54507
1772,0.419445,0.423529,3.54509
1773,0.224983,0.235294,3.54519
1774,0.10178,0.12549,3.54576
1775,0.0855336,0.0980392,3.54591
1776,0.110665,0.121569,3.54603
1777,0.213418,0.223529,3.54613
1778,0.431937,0.427451,3.54615
1779,0.430592,0.443137,3.54631
1780,0.232463,0.243137,3.54643
1781,0.105362,0.12549,3.54683
1782,0.0842888,0.0941176,3.54693
1783,0.101892,0.113725,3.54707
1784,0.198496,0.211765,3.54724
1785,0.418359,0.411765,3.54729
1786,0.453299,0.466667,3.54747
1787,0.251551,0.262745,3.54759
1788,0.103789,0.129412,3.54825
1789,0.0799677,0.0941176,3.54845
1790,0.091718,0.105882,3.54865
1791,0.181363,0.192157,3.54876
1792,0.395302,0.396078,3.54877
1793,0.474231,0.490196,3.54902
1794,0.284631,0.282353,3.54903
1795,0.108407,0.137255,3.54986
1796,0.0809801,0.0901961,3.54994
1797,0.0827879,0.0980392,3.55018
1798,0.162718,0.172549,3.55027
1799,0.368256,0.372549,3.55029
1800,0.497114,0.509804,3.55045
1801,0.318974,0.313725,3.55048
1802,0.111213,0.141176,3.55138
1803,0.0775559,0.0901961,3.55154
1804,0.0748397,0.0901961,3.55177
1805,0.139051,0.152941,3.55196
1806,0.3338,0.341176,3.55202
1807,0.510145,0.521569,3.55215
1808,0.360373,0.34902,3.55228
1809,0.13153,0.156863,3.55292
1810,0.0756577,0.0901961,3.55313
1811,0.0681866,0.0862745,3.55346
1812,0.119697,0.133333,3.55365
1813,0.291661,0.301961,3.55375
1814,0.513177,0.52549,3.5539
1815,0.401417,0.388235,3.55408
1816,0.147601,0.172549,3.5547
1817,0.0762926,0.0901961,3.55489
1818,0.0664123,0.0784314,3.55504
1819,0.100957,0.113725,3.5552
1820,0.250735,0.254902,3.55522
1821,0.499744,0.517647,3.55554
1822,0.445151,0.443137,3.55554
1823,0.17277,0.196078,3.55608
1824,0.0784706,0.0980392,3.55647
1825,0.0603754,0.0784314,3.55679
1826,0.0827258,0.101961,3.55716
1827,0.196244,0.215686,3.55754
1828,0.465201,0.478431,3.55772
1829,0.495359,0.501961,3.55776
1830,0.219676,0.235294,3.558
1831,0.0844165,0.105882,3.55847
1832,0.0648462,0.0784314,3.55865
1833,0.0727691,0.0862745,3.55883
1834,0.164855,0.176471,3.55897
1835,0.416149,0.419608,3.55898
1836,0.530983,0.545098,3.55918
1837,0.296328,0.286275,3.55928
1838,0.0967817,0.121569,3.55989
1839,0.0699329,0.0745098,3.55991
1840,0.0583035,0.0784314,3.56032
1841,0.132283,0.141176,3.5604
1842,0.339882,0.352941,3.56057
1843,0.548092,0.580392,3.56161
1844,0.378303,0.356863,3.56207
1845,0.116458,0.141176,3.56268
1846,0.0677506,0.0784314,3.5628
1847,0.0534782,0.0745098,3.56324
1848,0.0995083,0.113725,3.56344
1849,0.272031,0.282353,3.56355
1850,0.544043,0.564706,3.56398
1851,0.484025,0.439216,3.56598
1852,0.157915,0.176471,3.56633
1853,0.0750682,0.0862745,3.56645
1854,0.0559906,0.0705882,3.56667
1855,0.080505,0.0941176,3.56685
1856,0.210165,0.215686,3.56688
1857,0.49272,0.509804,3.56717
1858,0.537501,0.537255,3.56717
1859,0.214513,0.235294,3.56761
1860,0.0832409,0.0980392,3.56782
1861,0.0606929,0.0705882,3.56792
1862,0.0646418,0.0823529,3.56824
1863,0.152197,0.160784,3.56831
1864,0.412458,0.415686,3.56832
1865,0.578344,0.596078,3.56864
1866,0.334627,0.309804,3.56925
1867,0.109367,0.121569,3.5694
1868,0.0702495,0.0666667,3.56941
1869,0.05384,0.0666667,3.56958
1870,0.112236,0.113725,3.56958
1871,0.323001,0.309804,3.56975
1872,0.576829,0.611765,3.57097
1873,0.474315,0.419608,3.57397
1874,0.137743,0.14902,3.57409
1875,0.0711716,0.0745098,3.57411
1876,0.0462548,0.0627451,3.57438
1877,0.077869,0.0901961,3.57453
1878,0.208788,0.219608,3.57465
1879,0.517375,0.541176,3.57521
1880,0.579471,0.541176,3.57668
1881,0.220292,0.219608,3.57668
1882,0.0826824,0.0941176,3.57681
1883,0.0580262,0.0588235,3.57681
1884,0.0607572,0.0745098,3.577
1885,0.143492,0.152941,3.57709
1886,0.414805,0.415686,3.57709
1887,0.602251,0.635294,3.57818
1888,0.33147,0.317647,3.57837
1889,0.106605,0.113725,3.57842
1890,0.0637306,0.0666667,3.57843
1891,0.048326,0.0627451,3.57864
1892,0.094141,0.105882,3.57878
1893,0.301002,0.278431,3.57929
1894,0.583355,0.623529,3.5809
1895,0.550643,0.466667,3.58795
1896,0.167458,0.164706,3.58796
1897,0.0825819,0.0745098,3.58803
1898,0.0454477,0.0588235,3.58821
1899,0.0753085,0.0745098,3.58821
1900,0.184365,0.176471,3.58827
1901,0.484489,0.498039,3.58845
1902,0.636496,0.619608,3.58874
1903,0.249379,0.254902,3.58877
1904,0.0984544,0.0941176,3.58879
1905,0.0621897,0.054902,3.58884
1906,0.0521377,0.0588235,3.58888
1907,0.110594,0.109804,3.58889
1908,0.337687,0.321569,3.58915
1909,0.62018,0.666667,3.59131
1910,0.476313,0.423529,3.59409
1911,0.149617,0.137255,3.59425
1912,0.0789737,0.0627451,3.59451
1913,0.0395964,0.0509804,3.59464
1914,0.0740861,0.0705882,3.59465
1915,0.199665,0.184314,3.59489
1916,0.517396,0.533333,3.59514
1917,0.664725,0.619608,3.59718
1918,0.245434,0.235294,3.59728
1919,0.0971148,0.0823529,3.5975
1920,0.0581387,0.0509804,3.59755
1921,0.0544482,0.054902,3.59755
1922,0.103722,0.105882,3.59755
1923,0.338574,0.32549,3.59772
1924,0.63312,0.698039,3.60194
1925,0.461842,0.423529,3.60341
1926,0.165357,0.133333,3.60443
1927,0.08421,0.0588235,3.60508
1928,0.0397499,0.0470588,3.60513
1929,0.0711805,0.0666667,3.60515
1930,0.191641,0.164706,3.60588
1931,0.50648,0.517647,3.606
1932,0.708106,0.662745,3.60806
1933,0.253982,0.247059,3.60811
1934,0.107719,0.0823529,3.60875
1935,0.0586471,0.0509804,3.60881
1936,0.056244,0.0470588,3.60889
1937,0.0906837,0.0862745,3.60891
1938,0.307047,0.266667,3.61054
1939,0.630838,0.694118,3.61455
1940,0.543669,0.505882,3.61597
1941,0.197676,0.152941,3.61798
1942,0.0990883,0.0588235,3.6196
1943,0.0370327,0.0431373,3.61963
1944,0.0690826,0.0509804,3.61996
1945,0.142323,0.117647,3.62057
1946,0.419218,0.407843,3.6207
1947,0.723277,0.74902,3.62136
1948,0.309819,0.341176,3.62235
1949,0.137829,0.0980392,3.62393
1950,0.0775636,0.0470588,3.62486
1951,0.0492442,0.0392157,3.62496
1952,0.0711307,0.054902,3.62522
1953,0.211677,0.160784,3.62781
1954,0.549474,0.560784,3.62794
1955,0.730769,0.698039,3.62901
1956,0.293445,0.231373,3.63287
1957,0.116798,0.0705882,3.635
1958,0.0524879,0.0431373,3.63509
1959,0.0643801,0.0392157,3.63572
1960,0.0825511,0.0666667,3.63597
1961,0.255729,0.207843,3.63827
1962,0.624018,0.682353,3.64167
1963,0.57269,0.619608,3.64387
1964,0.256778,0.172549,3.65097
1965,0.122132,0.054902,3.65549
1966,0.0402326,0.0392157,3.65549
1967,0.0678978,0.0352941,3.65655
1968,0.105722,0.0627451,3.6584
1969,0.291971,0.231373,3.66207
1970,0.679346,0.752941,3.66749
1971,0.42733,0.580392,3.69091
1972,0.221212,0.145098,3.69671
1973,0.120782,0.0509804,3.70158
1974,0.0455116,0.0313725,3.70178
1975,0.0661235,0.0352941,3.70273
1976,0.106288,0.054902,3.70537
1977,0.263654,0.203922,3.70894
1978,0.693641,0.74902,3.712
1979,0.40774,0.643137,3.76742
1980,0.205585,0.152941,3.77019
1981,0.120789,0.0470588,3.77562
1982,0.0500404,0.0313725,3.77597
1983,0.0670474,0.027451,3.77754
1984,0.101972,0.0352941,3.78199
1985,0.185674,0.109804,3.78774
1986,0.608436,0.537255,3.79281
1987,0.447956,0.909804,4.00611
1988,0.268916,0.254902,4.00631
1989,0.153886,0.0588235,4.01535
1990,0.05105,0.027451,4.0159
1991,0.0728283,0.0235294,4.01833
1992,0.0706803,0.0196078,4.02094
1993,0.104581,0.0235294,4.02751
1994,0.2524,0.0862745,4.05511
1995,0.594952,0.52549,4.05993
1996,0.585009,1,4.23215
1997,0.241325,0.262745,4.23261
1998,0.063349,0.054902,4.23268
1999,0.0975408,0.0313725,4.23706
2000,0.0619217,0.0235294,4.23853
2001,0.0629372,0.0156863,4.24077
2002,0.0102071,0.0156863,4.2408
2003,0.00188503,0.0156863,4.24099
2004,0.254233,0.0313725,4.29065
2005,0.734719,0.113725,4.67629
2006,0.293173,0.129412,4.7031
2007,0.0668731,0.0901961,4.70365
2008,0.099503,0.0901961,4.70373
2009,0.0681968,0.109804,4.70547
2010,0.0518411,0.14902,4.71491
2011,0.0426968,0.211765,4.74349
2012,0.0617179,0.278431,4.79046
2013,0.0573703,0.298039,4.84838
2014,0.0886397,0.247059,4.87348
2015,0.100759,0.184314,4.88046
2016,0.0921216,0.160784,4.88517
2017,0.137091,0.172549,4.88643
2018,0.242308,0.219608,4.88695
2019,0.337004,0.282353,4.88993
2020,0.345593,0.290196,4.893
2021,0.274819,0.243137,4.894
2022,0.207352,0.184314,4.89454
2023,0.183999,0.160784,4.89507
2024,0.197096,0.184314,4.89524
2025,0.255857,0.239216,4.89551
2026,0.331651,0.301961,4.8964
2027,0.328449,0.294118,4.89757
2028,0.271594,0.235294,4.89889
2029,0.208713,0.180392,4.89969
2030,0.184422,0.160784,4.90025
2031,0.214805,0.188235,4.90096
2032,0.275844,0.247059,4.90179
2033,0.352977,0.305882,4.90401
2034,0.324539,0.294118,4.90493
2035,0.25629,0.227451,4.90576
2036,0.200827,0.172549,4.90656
2037,0.183077,0.156863,4.90725
2038,0.219194,0.192157,4.90798
2039,0.284979,0.254902,4.90888
2040,0.355334,0.317647,4.91031
2041,0.323218,0.298039,4.91094
2042,0.247055,0.223529,4.91149
2043,0.191506,0.168627,4.91202
2044,0.177659,0.156863,4.91245
2045,0.22155,0.192157,4.91331
2046,0.290904,0.266667,4.9139
2047,0.367757,0.32549,4.91569
2048,0.321653,0.290196,4.91668
2049,0.238721,0.211765,4.9174
2050,0.18446,0.160784,4.91796
2051,0.176346,0.156863,4.91834
2052,0.219361,0.196078,4.91888
2053,0.306103,0.27451,4.91988
2054,0.368601,0.333333,4.92113
2055,0.310231,0.286275,4.9217
2056,0.224737,0.207843,4.92199
2057,0.175261,0.152941,4.92248
2058,0.175728,0.152941,4.923
2059,0.221371,0.2,4.92346
2060,0.316174,0.286275,4.92435
2061,0.374993,0.341176,4.9255
2062,0.302979,0.286275,4.92578
2063,0.217263,0.2,4.92607
2064,0.165738,0.14902,4.92635
2065,0.169675,0.152941,4.92663
2066,0.22191,0.203922,4.92696
2067,0.325173,0.294118,4.92792
2068,0.378653,0.345098,4.92905
2069,0.298758,0.286275,4.9292
2070,0.206577,0.192157,4.92941
2071,0.159029,0.145098,4.92961
2072,0.168189,0.14902,4.92997
2073,0.224172,0.207843,4.93024
2074,0.333493,0.309804,4.9308
2075,0.379856,0.356863,4.93133
2076,0.296222,0.282353,4.93152
2077,0.198719,0.184314,4.93173
2078,0.152644,0.141176,4.93186
2079,0.161113,0.14902,4.93201
2080,0.22689,0.211765,4.93224
2081,0.345369,0.321569,4.9328
2082,0.385879,0.364706,4.93325
2083,0.286202,0.27451,4.93339
2084,0.185826,0.180392,4.93342
2085,0.145899,0.137255,4.93349
2086,0.158909,0.14902,4.93359
2087,0.229163,0.219608,4.93368
2088,0.35722,0.333333,4.93425
2089,0.389362,0.368627,4.93468
2090,0.276093,0.270588,4.93471
2091,0.176012,0.172549,4.93472
2092,0.141102,0.137255,4.93474
2093,0.157904,0.145098,4.9349
2094,0.235552,0.219608,4.93516
2095,0.366664,0.345098,4.93562
2096,0.389435,0.376471,4.93579
2097,0.268982,0.270588,4.93579
2098,0.16735,0.164706,4.9358
2099,0.140082,0.129412,4.93591
2100,0.150267,0.145098,4.93594
2101,0.237877,0.223529,4.93615
2102,0.37389,0.352941,4.93659
2103,0.394295,0.380392,4.93678
2104,0.264127,0.266667,4.93678
2105,0.158983,0.160784,4.93679
2106,0.127678,0.12549,4.93679
2107,0.14747,0.145098,4.9368
2108,0.233447,0.227451,4.93683
2109,0.381926,0.368627,4.93701
2110,0.394882,0.392157,4.93702
2111,0.259482,0.262745,4.93703
2112,0.152999,0.160784,4.93709
2113,0.122422,0.12549,4.9371
2114,0.145992,0.141176,4.93712
2115,0.233453,0.227451,4.93716
2116,0.396478,0.372549,4.93773
2117,0.403047,0.4,4.93774
2118,0.254179,0.258824,4.93776
2119,0.143816,0.152941,4.93785
2120,0.122187,0.117647,4.93787
2121,0.140724,0.137255,4.93788
2122,0.234653,0.223529,4.938
2123,0.394432,0.376471,4.93832
2124,0.411125,0.407843,4.93834
2125,0.253946,0.258824,4.93836
2126,0.135004,0.14902,4.93856
2127,0.111787,0.117647,4.93859
2128,0.131674,0.133333,4.93859
2129,0.221996,0.223529,4.93859
2130,0.396321,0.384314,4.93874
2131,0.417213,0.419608,4.93874
2132,0.255985,0.266667,4.93886
2133,0.130024,0.14902,4.93922
2134,0.110953,0.109804,4.93922
2135,0.124564,0.129412,4.93924
2136,0.223224,0.215686,4.9393
2137,0.39724,0.388235,4.93938
2138,0.429727,0.431373,4.93939
2139,0.26107,0.266667,4.93942
2140,0.12875,0.145098,4.93968
2141,0.0997484,0.105882,4.93972
2142,0.119218,0.12549,4.93976
2143,0.202862,0.211765,4.93984
2144,0.398157,0.388235,4.93994
2145,0.4395,0.443137,4.93995
2146,0.267143,0.27451,4.94001
2147,0.122999,0.14902,4.94068
2148,0.0943211,0.101961,4.94074
2149,0.112031,0.117647,4.94077
2150,0.194373,0.2,4.9408
2151,0.393623,0.376471,4.9411
2152,0.45113,0.454902,4.94111
2153,0.278538,0.282353,4.94113
2154,0.121846,0.145098,4.94167
2155,0.0898471,0.0980392,4.94174
2156,0.103062,0.109804,4.94178
2157,0.176927,0.192157,4.94201
2158,0.373071,0.372549,4.94201
2159,0.462219,0.470588,4.94208
2160,0.294984,0.298039,4.94209
2161,0.123307,0.145098,4.94257
2162,0.0845526,0.0980392,4.94275
2163,0.091324,0.101961,4.94286
2164,0.164309,0.172549,4.94293
2165,0.356969,0.356863,4.94293
2166,0.47715,0.486275,4.94301
2167,0.315221,0.317647,4.94302
2168,0.129753,0.14902,4.94339
2169,0.0828721,0.0941176,4.94352
2170,0.0823607,0.0941176,4.94366
2171,0.145609,0.156863,4.94378
2172,0.329542,0.337255,4.94384
2173,0.490983,0.501961,4.94396
2174,0.341753,0.341176,4.94396
2175,0.138908,0.160784,4.94444
2176,0.07749,0.0941176,4.94472
2177,0.07408,0.0941176,4.94512
2178,0.125418,0.145098,4.94551
2179,0.297397,0.313725,4.94577
2180,0.499695,0.505882,4.94581
2181,0.375767,0.372549,4.94582
2182,0.144601,0.172549,4.9466
2183,0.079186,0.0941176,4.94683
2184,0.0747884,0.0901961,4.94706
2185,0.113878,0.129412,4.9473
2186,0.277395,0.282353,4.94733
2187,0.495665,0.501961,4.94737
2188,0.411797,0.411765,4.94737
2189,0.166161,0.188235,4.94786
2190,0.0790882,0.0980392,4.94821
2191,0.0728358,0.0862745,4.9484
2192,0.0976578,0.113725,4.94865
2193,0.242723,0.243137,4.94865
2194,0.479147,0.490196,4.94878
2195,0.449484,0.454902,4.9488
2196,0.199671,0.215686,4.94906
2197,0.0811844,0.105882,4.94967
2198,0.0717221,0.0823529,4.94978
2199,0.0835029,0.101961,4.95013
2200,0.201844,0.211765,4.95022
2201,0.447995,0.458824,4.95034
2202,0.490335,0.501961,4.95048
2203,0.235862,0.247059,4.9506
2204,0.0898787,0.113725,4.95117
2205,0.068709,0.0784314,4.95126
2206,0.0743313,0.0941176,4.95166
2207,0.165613,0.176471,4.95177
2208,0.404195,0.411765,4.95183
2209,0.521567,0.541176,4.95222
2210,0.303503,0.294118,4.9523
2211,0.0977378,0.129412,4.95331
2212,0.0684232,0.0823529,4.9535
2213,0.0661211,0.0823529,4.95376
2214,0.13106,0.145098,4.95396
2215,0.353804,0.352941,4.95396
2216,0.541299,0.564706,4.95451
2217,0.381743,0.356863,4.95513
2218,0.114413,0.141176,4.95585
2219,0.0742327,0.0784314,4.95586
2220,0.0575096,0.0784314,4.9563
2221,0.109687,0.12549,4.95655
2222,0.279811,0.294118,4.95676
2223,0.539287,0.560784,4.95722
2224,0.46061,0.431373,4.95807
2225,0.164035,0.176471,4.95823
2226,0.0708877,0.0901961,4.9586
2227,0.0607118,0.0745098,4.95879
2228,0.0859126,0.101961,4.95905
2229,0.230048,0.231373,4.95905
2230,0.506323,0.517647,4.95918
2231,0.528737,0.505882,4.9597
2232,0.207413,0.219608,4.95985
2233,0.0822094,0.101961,4.96024
2234,0.0631101,0.0745098,4.96037
2235,0.0717458,0.0862745,4.96058
2236,0.170013,0.176471,4.96062
2237,0.436476,0.443137,4.96067
2238,0.557994,0.572549,4.96088
2239,0.290638,0.282353,4.96095
2240,0.0920756,0.113725,4.96142
2241,0.0694313,0.0705882,4.96142
2242,0.0578446,0.0745098,4.96169
2243,0.129045,0.133333,4.96171
2244,0.349416,0.345098,4.96173
2245,0.575694,0.603922,4.96253
2246,0.416177,0.376471,4.9641
2247,0.124474,0.141176,4.96438
2248,0.0707342,0.0745098,4.9644
2249,0.0500005,0.0666667,4.96468
2250,0.0925259,0.101961,4.96476
2251,0.256815,0.254902,4.96477
2252,0.545772,0.572549,4.96549
2253,0.537171,0.486275,4.96808
2254,0.17861,0.188235,4.96817
2255,0.0780794,0.0823529,4.96819
2256,0.0531573,0.0627451,4.96828
2257,0.070702,0.0784314,4.96834
2258,0.173723,0.180392,4.96838
2259,0.46303,0.47451,4.96851
2260,0.588899,0.592157,4.96853
2261,0.262028,0.266667,4.96855
2262,0.0963196,0.101961,4.96858
2263,0.0622693,0.0627451,4.96858
2264,0.0523177,0.0666667,4.96878
2265,0.115439,0.12549,4.96889
2266,0.346935,0.34902,4.96889
2267,0.596406,0.635294,4.9704
2268,0.435759,0.384314,4.97305
2269,0.134588,0.137255,4.97306
2270,0.0724111,0.0705882,4.97306
2271,0.0442799,0.0588235,4.97327
2272,0.0833556,0.0901961,4.97332
2273,0.236431,0.223529,4.97348
2274,0.549817,0.568627,4.97384
2275,0.590162,0.533333,4.97707
2276,0.192728,0.196078,4.97708
2277,0.084402,0.0823529,4.97708
2278,0.0500823,0.054902,4.97711
2279,0.0646727,0.0666667,4.97711
2280,0.13917,0.141176,4.97711
2281,0.418224,0.419608,4.97712
2282,0.621863,0.647059,4.97775
2283,0.3277,0.313725,4.97795
2284,0.108619,0.109804,4.97795
2285,0.067347,0.0588235,4.97802
2286,0.0433597,0.054902,4.97815
2287,0.0876278,0.0941176,4.9782
2288,0.27466,0.266667,4.97826
2289,0.592891,0.631373,4.97974
2290,0.557077,0.490196,4.98421
2291,0.174783,0.164706,4.98432
2292,0.0810747,0.0745098,4.98436
2293,0.0423018,0.0509804,4.98443
2294,0.0679474,0.0666667,4.98444
2295,0.155894,0.152941,4.98444
2296,0.459583,0.466667,4.98449
2297,0.653611,0.658824,4.98452
2298,0.282838,0.282353,4.98452
2299,0.103933,0.0941176,4.98462
2300,0.0639995,0.054902,4.9847
2301,0.047219,0.0509804,4.98471
2302,0.0897818,0.0941176,4.98473
2303,0.292704,0.266667,4.98541
2304,0.613201,0.658824,4.98749
2305,0.558362,0.490196,4.99214
2306,0.191609,0.156863,4.99335
2307,0.0886307,0.0666667,4.99383
2308,0.0404784,0.0470588,4.99387
2309,0.0687544,0.0588235,4.99397
2310,0.151829,0.141176,4.99408
2311,0.448361,0.45098,4.99409
2312,0.687014,0.698039,4.99421
2313,0.288802,0.298039,4.9943
2314,0.115628,0.0980392,4.99461
2315,0.0675718,0.0509804,4.99488
2316,0.0472555,0.0470588,4.99488
2317,0.0810301,0.0784314,4.99489
2318,0.259358,0.223529,4.99617
2319,0.598121,0.643137,4.9982
2320,0.636097,0.568627,5.00275
2321,0.213244,0.180392,5.00383
2322,0.0993946,0.0705882,5.00466
2323,0.0402224,0.0470588,5.00471
2324,0.0669122,0.0509804,5.00496
2325,0.120623,0.105882,5.00518
2326,0.372535,0.352941,5.00556
2327,0.691438,0.745098,5.00844
2328,0.362859,0.396078,5.00955
2329,0.148636,0.113725,5.01076
2330,0.0856992,0.0509804,5.01197
2331,0.0400991,0.0431373,5.01198
2332,0.0726929,0.054902,5.0123
2333,0.191284,0.145098,5.01443
2334,0.504237,0.501961,5.01443
2335,0.752013,0.737255,5.01465
2336,0.296599,0.270588,5.01533
2337,0.11873,0.0823529,5.01665
2338,0.0615685,0.0470588,5.01686
2339,0.0592606,0.0392157,5.01726
2340,0.0819645,0.0627451,5.01763
2341,0.25138,0.188235,5.02162
2342,0.58721,0.631373,5.02357
2343,0.670952,0.662745,5.02364
2344,0.275896,0.2,5.0294
2345,0.125102,0.0666667,5.03281
2346,0.0399235,0.0392157,5.03281
2347,0.0691044,0.0352941,5.03396
2348,0.0949919,0.0627451,5.035
2349,0.285828,0.215686,5.03992
2350,0.643771,0.713725,5.04481
2351,0.48848,0.619608,5.062
2352,0.229744,0.164706,5.06623
2353,0.118946,0.054902,5.07034
2354,0.039229,0.0352941,5.07035
2355,0.0695778,0.0313725,5.07181
2356,0.0980221,0.054902,5.07367
2357,0.27111,0.2,5.07873
2358,0.667102,0.729412,5.08261
2359,0.422113,0.662745,5.14051
2360,0.225041,0.164706,5.14415
2361,0.124935,0.054902,5.14906
2362,0.0464691,0.0313725,5.14929
2363,0.069064,0.0313725,5.15071
2364,0.0898626,0.0352941,5.15369
2365,0.199566,0.121569,5.15977
2366,0.589177,0.572549,5.16005
2367,0.454209,0.878431,5.34001
2368,0.266086,0.235294,5.34096
2369,0.148318,0.0588235,5.34897
2370,0.0440932,0.0313725,5.34913
2371,0.0745046,0.027451,5.35134
2372,0.0737575,0.027451,5.35349
2373,0.101832,0.0352941,5.35791
2374,0.288984,0.141176,5.37976
2375,0.617066,0.745098,5.39615
2376,0.530372,0.843137,5.49398
2377,0.230968,0.164706,5.49837
2378,0.051258,0.0431373,5.49843
2379,0.089711,0.027451,5.50231
2380,0.0566742,0.0196078,5.50368
2381,0.0804091,0.0156863,5.50787
2382,-0.0535475,0.0156863,5.51267
2383,-0.0144806,0.0117647,5.51335
2384,0.421024,0.0196078,5.67449
2385,0.53536,0.0627451,5.89785
2386,0.278911,0.0431373,5.95344
2387,0.0491066,0.027451,5.95391
2388,0.097331,0.0392157,5.95729
2389,0.0659536,0.0666667,5.95729
2390,0.0437105,0.109804,5.96166
2391,0.042264,0.14902,5.97305
2392,0.0507613,0.180392,5.98986
2393,0.0066055,0.211765,6.03195
2394,-0.010801,0.247059,6.09844
2395,0.0423281,0.258824,6.14531
2396,0.0369317,0.231373,6.18312
2397,0.0681529,0.2,6.2005
2398,0.136807,0.180392,6.2024
2399,0.216211,0.196078,6.20281
2400,0.274626,0.223529,6.20542
2401,0.31536,0.254902,6.20907
2402,0.313545,0.258824,6.21207
2403,0.274184,0.231373,6.2139
2404,0.239147,0.203922,6.21514
2405,0.215308,0.184314,6.2161
2406,0.237615,0.2,6.21752
2407,0.26559,0.227451,6.21897
2408,0.308873,0.258824,6.22148
2409,0.305217,0.262745,6.22328
2410,0.271347,0.227451,6.22521
2411,0.241692,0.203922,6.22663
2412,0.219158,0.188235,6.22759
2413,0.243412,0.203922,6.22915
2414,0.270656,0.239216,6.23014
2415,0.312714,0.266667,6.23226
2416,0.308136,0.262745,6.23432
2417,0.264606,0.231373,6.23542
2418,0.241674,0.2,6.23716
2419,0.22285,0.188235,6.23836
2420,0.247917,0.203922,6.24029
2421,0.287301,0.247059,6.24191
2422,0.316692,0.27451,6.24369
2423,0.305974,0.266667,6.24524
2424,0.266997,0.227451,6.2468
2425,0.2341,0.196078,6.24825
2426,0.22436,0.188235,6.24955
2427,0.245585,0.211765,6.2507
2428,0.297685,0.254902,6.25253
2429,0.321534,0.278431,6.25438
2430,0.307643,0.262745,6.2564
2431,0.259402,0.219608,6.25798
2432,0.228154,0.188235,6.25958
2433,0.223678,0.184314,6.26113
2434,0.254682,0.215686,6.26265
2435,0.304678,0.262745,6.26441
2436,0.325491,0.290196,6.26565
2437,0.300357,0.266667,6.26679
2438,0.250203,0.215686,6.26798
2439,0.219362,0.188235,6.26895
2440,0.218921,0.192157,6.26966
2441,0.258693,0.223529,6.2709
2442,0.311621,0.270588,6.27258
2443,0.337539,0.286275,6.27521
2444,0.298796,0.262745,6.27651
2445,0.241992,0.211765,6.27742
2446,0.217479,0.184314,6.27852
2447,0.227233,0.188235,6.28004
2448,0.266737,0.231373,6.2813
2449,0.322579,0.278431,6.28324
2450,0.329188,0.290196,6.28476
2451,0.294801,0.258824,6.28606
2452,0.23818,0.207843,6.28698
2453,0.213693,0.184314,6.28784
2454,0.222957,0.192157,6.28879
2455,0.276622,0.235294,6.2905
2456,0.325918,0.282353,6.2924
2457,0.332246,0.301961,6.29331
2458,0.286746,0.254902,6.29433
2459,0.232537,0.203922,6.29515
2460,0.213739,0.180392,6.29626
2461,0.227455,0.196078,6.29724
2462,0.281227,0.243137,6.29869
2463,0.331173,0.294118,6.30007
2464,0.343864,0.301961,6.30182
2465,0.278277,0.247059,6.3028
2466,0.225113,0.2,6.30343
2467,0.207885,0.176471,6.30442
2468,0.231572,0.196078,6.30568
2469,0.28818,0.25098,6.30706
2470,0.343941,0.305882,6.30851
2471,0.337632,0.305882,6.30952
2472,0.267655,0.247059,6.30994
2473,0.219692,0.192157,6.3107
2474,0.202783,0.172549,6.31161
2475,0.23255,0.196078,6.31294
2476,0.29607,0.258824,6.31433
2477,0.354131,0.309804,6.31629
2478,0.336413,0.298039,6.31777
2479,0.262783,0.239216,6.31832
2480,0.208732,0.184314,6.31892
2481,0.197314,0.172549,6.31953
2482,0.230041,0.203922,6.32021
2483,0.303678,0.266667,6.32158
2484,0.354338,0.321569,6.32266
2485,0.325846,0.298039,6.32343
2486,0.254344,0.235294,6.32379
2487,0.202271,0.180392,6.32427
2488,0.198798,0.168627,6.32518
2489,0.238457,0.207843,6.32612
2490,0.311666,0.270588,6.32781
2491,0.36779,0.329412,6.32928
2492,0.320092,0.301961,6.32961
2493,0.245471,0.223529,6.33009
2494,0.19675,0.176471,6.3305
2495,0.192797,0.168627,6.33109
2496,0.243233,0.211765,6.33208
2497,0.311399,0.286275,6.33271
2498,0.376899,0.341176,6.33398
2499,0.320366,0.298039,6.33448
2500,0.232617,0.219608,6.33465
2501,0.189935,0.168627,6.33511
2502,0.191119,0.164706,6.3358
2503,0.247276,0.215686,6.3368
2504,0.329695,0.298039,6.3378
2505,0.382361,0.345098,6.33919
2506,0.310596,0.294118,6.33946
2507,0.221914,0.211765,6.33957
2508,0.180585,0.164706,6.33982
2509,0.185923,0.164706,6.34027
2510,0.248717,0.215686,6.34136
2511,0.338859,0.305882,6.34245
2512,0.381252,0.352941,6.34325
2513,0.302431,0.286275,6.34351
2514,0.212755,0.2,6.34367
2515,0.175674,0.156863,6.34403
2516,0.185643,0.160784,6.34464
2517,0.247037,0.219608,6.3454
2518,0.349122,0.313725,6.34665
2519,0.385614,0.360784,6.34727
2520,0.292555,0.286275,6.34731
2521,0.198631,0.196078,6.34731
2522,0.166527,0.152941,6.3475
2523,0.178391,0.160784,6.34781
2524,0.24895,0.227451,6.34827
2525,0.353834,0.329412,6.34887
2526,0.391408,0.364706,6.34958
2527,0.289282,0.278431,6.3497
2528,0.191086,0.184314,6.34974
2529,0.160741,0.14902,6.34988
2530,0.17714,0.160784,6.35015
2531,0.255276,0.227451,6.35092
2532,0.367698,0.337255,6.35185
2533,0.389066,0.368627,6.35227
2534,0.276888,0.270588,6.35231
2535,0.178678,0.180392,6.35231
2536,0.155363,0.145098,6.35241
2537,0.174635,0.156863,6.35273
2538,0.253754,0.231373,6.35323
2539,0.377498,0.34902,6.35404
2540,0.390155,0.372549,6.35435
2541,0.268673,0.266667,6.35436
2542,0.171038,0.172549,6.35436
2543,0.150909,0.137255,6.35454
2544,0.168738,0.152941,6.35479
2545,0.256617,0.235294,6.35525
2546,0.384467,0.356863,6.35601
2547,0.390301,0.376471,6.3562
2548,0.260602,0.262745,6.35621
2549,0.162456,0.164706,6.35621
2550,0.139982,0.133333,6.35626
2551,0.161325,0.14902,6.35641
2552,0.254045,0.235294,6.35676
2553,0.387872,0.368627,6.35713
2554,0.391112,0.388235,6.35714
2555,0.255078,0.258824,6.35715
2556,0.154333,0.160784,6.35719
2557,0.134224,0.129412,6.35722
2558,0.153115,0.14902,6.35723
2559,0.251542,0.239216,6.35738
2560,0.395946,0.376471,6.35776
2561,0.400847,0.392157,6.35784
2562,0.251144,0.258824,6.3579
2563,0.143747,0.156863,6.35807
2564,0.128391,0.121569,6.35812
2565,0.150944,0.145098,6.35815
2566,0.251689,0.239216,6.35831
2567,0.402454,0.384314,6.35864
2568,0.402622,0.4,6.35864
2569,0.248843,0.254902,6.35868
2570,0.139887,0.14902,6.35876
2571,0.117532,0.121569,6.35878
2572,0.144297,0.145098,6.35878
2573,0.241349,0.239216,6.35878
2574,0.406807,0.392157,6.359
2575,0.407819,0.407843,6.359
2576,0.247331,0.254902,6.35906
2577,0.131131,0.145098,6.35925
2578,0.11663,0.117647,6.35925
2579,0.140001,0.141176,6.35925
2580,0.243347,0.235294,6.35932
2581,0.413891,0.4,6.35951
2582,0.416817,0.419608,6.35952
2583,0.247858,0.254902,6.35957
2584,0.126505,0.145098,6.35991
2585,0.110708,0.113725,6.35992
2586,0.132952,0.141176,6.35999
2587,0.234571,0.231373,6.36
2588,0.417862,0.403922,6.3602
2589,0.429083,0.431373,6.3602
2590,0.25148,0.262745,6.36033
2591,0.120471,0.145098,6.36093
2592,0.105617,0.109804,6.36095
2593,0.132119,0.12549,6.361
2594,0.224715,0.223529,6.361
2595,0.422987,0.4,6.36153
2596,0.441101,0.447059,6.36156
2597,0.260882,0.270588,6.36166
2598,0.120128,0.145098,6.36228
2599,0.0996356,0.105882,6.36232
2600,0.113023,0.12549,6.36247
2601,0.211267,0.211765,6.36247
2602,0.398897,0.4,6.36248
2603,0.455885,0.462745,6.36252
2604,0.275742,0.278431,6.36253
2605,0.11731,0.145098,6.3633
2606,0.0949708,0.105882,6.36342
2607,0.111074,0.113725,6.36343
2608,0.193966,0.2,6.36346
2609,0.401484,0.388235,6.36364
2610,0.472206,0.478431,6.36368
2611,0.293037,0.298039,6.3637
2612,0.116296,0.14902,6.36477
2613,0.0940736,0.101961,6.36484
2614,0.0966666,0.109804,6.36501
2615,0.182888,0.184314,6.36501
2616,0.372542,0.372549,6.36501
2617,0.487565,0.494118,6.36505
2618,0.317927,0.309804,6.36512
2619,0.123577,0.152941,6.36598
2620,0.0882288,0.0980392,6.36608
2621,0.092253,0.105882,6.36626
2622,0.160881,0.168627,6.36632
2623,0.354226,0.352941,6.36633
2624,0.499699,0.509804,6.36643
2625,0.346188,0.345098,6.36643
2626,0.123388,0.160784,6.36783
2627,0.0851763,0.0980392,6.36799
2628,0.0867776,0.0980392,6.36812
2629,0.141658,0.152941,6.36825
2630,0.332447,0.317647,6.36847
2631,0.508729,0.517647,6.36855
2632,0.391425,0.372549,6.3689
2633,0.145873,0.172549,6.36961
2634,0.0819684,0.101961,6.37001
2635,0.0804289,0.0941176,6.3702
2636,0.123804,0.133333,6.37029
2637,0.287871,0.290196,6.3703
2638,0.507681,0.513725,6.37033
2639,0.429419,0.415686,6.37052
2640,0.159272,0.196078,6.37188
2641,0.0856243,0.105882,6.37229
2642,0.0765123,0.0823529,6.37232
2643,0.108317,0.117647,6.37241
2644,0.254978,0.25098,6.37242
2645,0.49056,0.498039,6.37248
2646,0.465398,0.458824,6.37252
2647,0.189408,0.215686,6.37321
2648,0.087365,0.105882,6.37356
2649,0.0662975,0.0784314,6.3737
2650,0.0920614,0.105882,6.3739
2651,0.195599,0.215686,6.3743
2652,0.459028,0.462745,6.37431
2653,0.495556,0.505882,6.37442
2654,0.238671,0.25098,6.37457
2655,0.0898234,0.113725,6.37514
2656,0.0651715,0.0823529,6.37544
2657,0.0774636,0.0941176,6.37571
2658,0.16099,0.180392,6.37609
2659,0.41521,0.411765,6.3761
2660,0.523871,0.54902,6.37674
2661,0.308973,0.298039,6.37685
2662,0.101289,0.12549,6.37744
2663,0.0728338,0.0784314,6.37747
2664,0.0665912,0.0823529,6.37772
2665,0.13884,0.145098,6.37776
2666,0.353358,0.352941,6.37776
2667,0.547248,0.572549,6.3784
2668,0.398259,0.356863,6.38011
2669,0.123123,0.14902,6.38078
2670,0.0716511,0.0823529,6.3809
2671,0.0578903,0.0784314,6.38132
2672,0.104871,0.121569,6.3816
2673,0.281248,0.290196,6.38168
2674,0.541766,0.560784,6.38204
2675,0.474721,0.435294,6.3836
2676,0.145469,0.180392,6.38482
2677,0.0777794,0.0862745,6.38489
2678,0.0583251,0.0745098,6.38515
2679,0.0884429,0.0980392,6.38524
2680,0.223528,0.223529,6.38524
2681,0.501691,0.517647,6.3855
2682,0.531512,0.513725,6.38581
2683,0.205975,0.223529,6.38612
2684,0.0848267,0.101961,6.38641
2685,0.0632635,0.0705882,6.38647
2686,0.0677078,0.0862745,6.38681
2687,0.164144,0.168627,6.38683
2688,0.424804,0.435294,6.38694
2689,0.568139,0.584314,6.3872
2690,0.297216,0.290196,6.38725
2691,0.095317,0.117647,6.38775
2692,0.0659254,0.0745098,6.38783
2693,0.0577743,0.0745098,6.38811
2694,0.118093,0.129412,6.38823
2695,0.343363,0.341176,6.38824
2696,0.579051,0.607843,6.38907
2697,0.441415,0.388235,6.3919
2698,0.124382,0.145098,6.39233
2699,0.0763381,0.0784314,6.39233
2700,0.0494894,0.0666667,6.39262
2701,0.0943894,0.0980392,6.39264
2702,0.250571,0.243137,6.39269
2703,0.544696,0.564706,6.39309
2704,0.551762,0.505882,6.3952
2705,0.186003,0.2,6.39539
2706,0.0806448,0.0901961,6.39549
2707,0.0543107,0.0627451,6.39556
2708,0.0696721,0.0784314,6.39563
2709,0.16556,0.172549,6.39568
2710,0.44771,0.458824,6.39581
2711,0.597169,0.611765,6.39602
2712,0.280438,0.278431,6.39602
2713,0.0976978,0.109804,6.39617
2714,0.062869,0.0666667,6.39618
2715,0.0521066,0.0666667,6.3964
2716,0.110444,0.117647,6.39645
2717,0.335727,0.32549,6.39655
2718,0.59664,0.635294,6.39805
2719,0.482594,0.411765,6.40306
2720,0.129752,0.141176,6.40319
2721,0.0799344,0.0705882,6.40328
2722,0.0423352,0.0588235,6.40355
2723,0.0844807,0.0862745,6.40356
2724,0.220265,0.211765,6.40363
2725,0.531114,0.54902,6.40395
2726,0.611778,0.564706,6.40617
2727,0.223087,0.215686,6.40622
2728,0.0864931,0.0901961,6.40623
2729,0.0563243,0.0588235,6.40624
2730,0.059686,0.0666667,6.40629
2731,0.13259,0.133333,6.40629
2732,0.40082,0.392157,6.40636
2733,0.622473,0.662745,6.40799
2734,0.37276,0.345098,6.40875
2735,0.114339,0.117647,6.40876
2736,0.0735381,0.0627451,6.40888
2737,0.0415934,0.054902,6.40906
2738,0.0883724,0.0862745,6.40906
2739,0.259024,0.243137,6.40931
2740,0.577156,0.607843,6.41025
2741,0.610095,0.529412,6.41676
2742,0.194879,0.188235,6.41681
2743,0.0875221,0.0745098,6.41698
2744,0.0458468,0.054902,6.41706
2745,0.0652247,0.0627451,6.41707
2746,0.141337,0.137255,6.41708
2747,0.428054,0.423529,6.4171
2748,0.648339,0.686275,6.41854
2749,0.30958,0.321569,6.41869
2750,0.122127,0.105882,6.41895
2751,0.0713315,0.0588235,6.41911
2752,0.0448773,0.054902,6.41921
2753,0.0858504,0.0823529,6.41922
2754,0.261429,0.239216,6.41971
2755,0.591453,0.631373,6.42131
2756,0.63357,0.545098,6.42913
2757,0.209333,0.176471,6.43021
2758,0.0954885,0.0705882,6.43083
2759,0.0447353,0.0470588,6.43084
2760,0.0658986,0.0588235,6.43089
2761,0.142617,0.121569,6.43133
2762,0.40888,0.388235,6.43176
2763,0.678963,0.717647,6.43325
2764,0.345405,0.352941,6.43331
2765,0.131531,0.109804,6.43378
2766,0.078467,0.0509804,6.43454
2767,0.0424808,0.0470588,6.43456
2768,0.07547,0.0666667,6.43464
2769,0.235599,0.184314,6.43727
2770,0.554019,0.580392,6.43796
2771,0.70316,0.635294,6.44257
2772,0.244501,0.215686,6.4434
2773,0.103895,0.0745098,6.44426
2774,0.0501538,0.0431373,6.44431
2775,0.0621196,0.0470588,6.44454
2776,0.101577,0.0862745,6.44477
2777,0.31717,0.286275,6.44573
2778,0.657887,0.72549,6.4503
2779,0.467355,0.482353,6.45052
2780,0.187164,0.137255,6.45301
2781,0.0955268,0.054902,6.45466
2782,0.0388183,0.0392157,6.45466
2783,0.0668044,0.0470588,6.45505
2784,0.151228,0.109804,6.45677
2785,0.425097,0.4,6.4574
2786,0.746315,0.776471,6.45831
2787,0.321464,0.34902,6.45907
2788,0.136382,0.0941176,6.46085
2789,0.0778427,0.0470588,6.4618
2790,0.0523072,0.0392157,6.46197
2791,0.0682505,0.0470588,6.46242
2792,0.192806,0.137255,6.46551
2793,0.518909,0.505882,6.46568
2794,0.757641,0.772549,6.4659
2795,0.33773,0.266667,6.47095
2796,0.129803,0.0784314,6.47359
2797,0.0578008,0.0392157,6.47393
2798,0.0640569,0.0352941,6.47476
2799,0.0786415,0.0470588,6.47576
2800,0.214093,0.141176,6.48108
2801,0.549603,0.556863,6.48113
2802,0.702857,0.776471,6.48655
2803,0.319848,0.239216,6.49305
2804,0.142844,0.0705882,6.49827
2805,0.0427404,0.0392157,6.49828
2806,0.0741921,0.0352941,6.4998
2807,0.0763278,0.0392157,6.50117
2808,0.198253,0.117647,6.50767
2809,0.533084,0.509804,6.50821
2810,0.664719,0.866667,6.549
2811,0.341805,0.27451,6.55352
2812,0.158985,0.0705882,6.56134
2813,0.0397047,0.0352941,6.56136
2814,0.0753008,0.0313725,6.56329
2815,0.0739446,0.0313725,6.5651
2816,0.151239,0.054902,6.57438
2817,0.38687,0.270588,6.5879
2818,0.700403,0.933333,6.64216
2819,0.477346,0.533333,6.64529
2820,0.196169,0.101961,6.65417
2821,0.0522836,0.0392157,6.65434
2822,0.0835747,0.027451,6.65749
2823,0.0591119,0.0235294,6.65875
2824,0.107384,0.0196078,6.66646
2825,0.0718118,0.0313725,6.66809
2826,0.405718,0.145098,6.73602
2827,0.56507,0.819608,6.80081
2828,0.239669,0.784314,7.09744
2829,0.145469,0.152941,7.0975
2830,0.0653319,0.0431373,7.09799
2831,0.0736841,0.0313725,7.09978
2832,0.0557414,0.0196078,7.10109
2833,0.0695725,0.0235294,7.10321
2834,-0.176083,0.0431373,7.15127
2835,-0.0213411,0.203922,7.20201
2836,0.347047,0.709804,7.3336
2837,0.452743,0.584314,7.35091
2838,0.245861,0.164706,7.3575
2839,0.0473957,0.0627451,7.35774
2840,0.0880714,0.0431373,7.35975
2841,0.0648753,0.0588235,7.35979
2842,0.0821838,0.137255,7.36282
2843,0.218856,0.435294,7.40967
2844,0.686689,0.682353,7.40969
2845,0.354679,0.298039,7.4129
2846,0.181017,0.0980392,7.41978
2847,0.102134,0.0509804,7.4224
2848,0.0424975,0.0509804,7.42247
2849,0.0761872,0.0941176,7.42279
2850,0.253734,0.266667,7.42296
2851,0.596447,0.643137,7.42514
2852,0.608366,0.486275,7.44005
2853,0.202028,0.160784,7.44175
2854,0.0929698,0.0666667,7.44244
2855,0.0418037,0.0509804,7.44252
2856,0.0675752,0.0666667,7.44252
2857,0.14952,0.152941,7.44254
2858,0.455343,0.470588,7.44277
2859,0.665032,0.654902,7.44287
2860,0.278906,0.278431,7.44287
2861,0.111329,0.0941176,7.44317
2862,0.0669394,0.0509804,7.44342
2863,0.0487972,0.0509804,7.44343
2864,0.0894275,0.0862745,7.44344
2865,0.295018,0.270588,7.44403
2866,0.61705,0.662745,7.44612
2867,0.546838,0.486275,7.44979
2868,0.185666,0.152941,7.45086
2869,0.0848323,0.0627451,7.45135
2870,0.0406887,0.0470588,7.45139
2871,0.0657342,0.054902,7.45151
2872,0.148733,0.141176,7.45156
2873,0.445114,0.45098,7.4516
2874,0.684287,0.698039,7.45179
2875,0.292014,0.290196,7.45179
2876,0.1161,0.0941176,7.45227
2877,0.0700872,0.0470588,7.4528
2878,0.0471863,0.0392157,7.45287
2879,0.0808151,0.0745098,7.45291
2880,0.248203,0.223529,7.45352
2881,0.598194,0.643137,7.45553
2882,0.630181,0.564706,7.45982
2883,0.215677,0.176471,7.46136
2884,0.0994218,0.0666667,7.46243
2885,0.0384673,0.0431373,7.46245
2886,0.0674006,0.0470588,7.46287
2887,0.100936,0.101961,7.46287
2888,0.367756,0.352941,7.46309
2889,0.683702,0.74902,7.46735
2890,0.364074,0.396078,7.46838
2891,0.150548,0.113725,7.46973
2892,0.0857403,0.0470588,7.47123
2893,0.0413713,0.0431373,7.47123
2894,0.0691235,0.054902,7.47144
2895,0.176647,0.137255,7.47299
2896,0.501644,0.494118,7.47304
2897,0.74966,0.741176,7.47312
2898,0.297131,0.27451,7.47363
2899,0.120016,0.0784314,7.47536
2900,0.0633723,0.0431373,7.47577
2901,0.0606582,0.0352941,7.47641
2902,0.0792885,0.0627451,7.47668
2903,0.242766,0.180392,7.48057
2904,0.590692,0.619608,7.48141
2905,0.674519,0.682353,7.48147
2906,0.298591,0.207843,7.48971
2907,0.126081,0.0666667,7.49324
2908,0.0455372,0.0392157,7.49328
2909,0.0685291,0.0352941,7.49438
2910,0.0868203,0.0588235,7.49517
2911,0.279973,0.2,7.50156
2912,0.624714,0.694118,7.50638
2913,0.520417,0.647059,7.52242
2914,0.250298,0.172549,7.52846
2915,0.125246,0.054902,7.53341
2916,0.0399594,0.0352941,7.53343
2917,0.0697988,0.0352941,7.53462
2918,0.0941071,0.0509804,7.53648
2919,0.247665,0.176471,7.54155
2920,0.643296,0.686275,7.5434
2921,0.452449,0.713725,7.61166
2922,0.247553,0.176471,7.61672
2923,0.134598,0.0509804,7.62371
2924,0.0447691,0.0313725,7.62389
2925,0.0682617,0.027451,7.62555
2926,0.0935151,0.0352941,7.62894
2927,0.18011,0.0980392,7.63568
2928,0.539841,0.470588,7.64047
2929,0.523383,0.937255,7.81176
2930,0.328619,0.301961,7.81248
2931,0.174272,0.0705882,7.82323
2932,0.0469682,0.0352941,7.82336
2933,0.0774828,0.027451,7.82586
2934,0.0673483,0.0235294,7.82778
2935,0.126935,0.0235294,7.83848
2936,0.243296,0.0823529,7.86438
2937,0.578371,0.482353,7.8736
2938,0.587111,1,8.04408
2939,0.226055,0.290196,8.04819
2940,0.063335,0.0588235,8.04821
2941,0.0894276,0.0313725,8.05158
2942,0.0607276,0.0235294,8.05297
2943,0.0634564,0.0196078,8.05489
2944,0.038515,0.0196078,8.05525
2945,0.0722477,0.0156863,8.05845
2946,0.285946,0.0196078,8.12938
2947,0.726628,0.0627451,8.57012
2948,0.275708,0.0745098,8.6106
2949,0.0750734,0.0431373,8.61162
2950,0.0968914,0.0509804,8.61373
2951,0.0662566,0.0745098,8.6138
2952,0.0447314,0.121569,8.6197
2953,0.0367445,0.180392,8.64034
2954,0.0519637,0.258824,8.68313
2955,0.0300314,0.298039,8.75496
2956,0.00100414,0.262745,8.82346
2957,0.0355056,0.2,8.85052
2958,0.0506964,0.168627,8.86443
2959,0.0807479,0.176471,8.87359
2960,0.177062,0.219608,8.8754
2961,0.317497,0.27451,8.87725
2962,0.350115,0.286275,8.88133
2963,0.297013,0.25098,8.88345
2964,0.225516,0.196078,8.88431
2965,0.193091,0.172549,8.88473
2966,0.205299,0.184314,8.88517
2967,0.257231,0.231373,8.88584
2968,0.322877,0.290196,8.88691
2969,0.328041,0.298039,8.88781
2970,0.282099,0.239216,8.88965
2971,0.22251,0.192157,8.89057
2972,0.200537,0.164706,8.89186
2973,0.216645,0.188235,8.89266
2974,0.273596,0.243137,8.89359
2975,0.340721,0.294118,8.89576
2976,0.334947,0.294118,8.89743
2977,0.262808,0.239216,8.89799
2978,0.214038,0.184314,8.89887
2979,0.187993,0.164706,8.89941
2980,0.222647,0.192157,8.90034
2981,0.281699,0.247059,8.90154
2982,0.342659,0.305882,8.90289
2983,0.329092,0.294118,8.90412
2984,0.261577,0.231373,8.90503
2985,0.205827,0.176471,8.90589
2986,0.189443,0.164706,8.9065
2987,0.224649,0.192157,8.90756
2988,0.286096,0.258824,8.9083
2989,0.357124,0.313725,8.91019
2990,0.32287,0.294118,8.91101
2991,0.250728,0.223529,8.91175
2992,0.195994,0.172549,8.9123
2993,0.188477,0.160784,8.91307
2994,0.221762,0.2,8.91354
2995,0.302829,0.266667,8.91485
2996,0.358419,0.32549,8.91593
2997,0.320292,0.290196,8.91684
2998,0.239612,0.215686,8.91741
2999,0.189841,0.164706,8.91804
