t,predict_test,teacher
501,0.162332,0.164706,5.63425e-06
502,0.112553,0.117647,3.15862e-05
503,0.13033,0.12549,5.50073e-05
504,0.196768,0.196078,5.54833e-05
505,0.344288,0.337255,0.000104949
506,0.425982,0.403922,0.000591602
507,0.298692,0.286275,0.000745806
508,0.159733,0.164706,0.000770533
509,0.111032,0.113725,0.000777789
510,0.12482,0.117647,0.000829244
511,0.188924,0.192157,0.000839693
512,0.348695,0.341176,0.000896219
513,0.441792,0.411765,0.00179784
514,0.304892,0.286275,0.00214446
515,0.15467,0.160784,0.00218185
516,0.106258,0.109804,0.00219442
517,0.124499,0.117647,0.00224137
518,0.191444,0.192157,0.00224188
519,0.34967,0.345098,0.00226278
520,0.444439,0.427451,0.00255138
521,0.300139,0.290196,0.00265024
522,0.154275,0.156863,0.00265693
523,0.102264,0.109804,0.00271378
524,0.122647,0.113725,0.00279337
525,0.181841,0.180392,0.00279547
526,0.341759,0.345098,0.00280661
527,0.458103,0.443137,0.00303057
528,0.312725,0.298039,0.00324625
529,0.152855,0.160784,0.00330913
530,0.0994161,0.109804,0.00341704
531,0.115189,0.113725,0.00341918
532,0.179434,0.180392,0.0034201
533,0.339184,0.345098,0.00345507
534,0.452513,0.45098,0.00345742
535,0.307645,0.309804,0.00346208
536,0.158302,0.164706,0.00350309
537,0.102272,0.105882,0.00351612
538,0.108381,0.109804,0.00351814
539,0.174467,0.172549,0.00352182
540,0.331394,0.341176,0.00361752
541,0.463342,0.466667,0.00362857
542,0.314951,0.32549,0.00373965
543,0.162661,0.164706,0.00374383
544,0.0985618,0.105882,0.00379742
545,0.107428,0.105882,0.00379981
546,0.163989,0.164706,0.00380032
547,0.320237,0.333333,0.00397185
548,0.473131,0.482353,0.0040569
549,0.319777,0.34902,0.00491204
550,0.16841,0.176471,0.00497701
551,0.106494,0.109804,0.00498796
552,0.102452,0.101961,0.0049882
553,0.148967,0.152941,0.00500399
554,0.299642,0.313725,0.00520233
555,0.476597,0.490196,0.00538725
556,0.334943,0.368627,0.00652191
557,0.176816,0.184314,0.00657813
558,0.103347,0.109804,0.00661982
559,0.0995071,0.101961,0.00662584
560,0.144644,0.145098,0.00662604
561,0.281088,0.294118,0.00679583
562,0.471842,0.494118,0.00729202
563,0.345935,0.396078,0.0098064
564,0.190309,0.196078,0.00983968
565,0.108286,0.109804,0.00984198
566,0.0943946,0.0980392,0.00985526
567,0.132776,0.137255,0.00987532
568,0.265398,0.27451,0.00995834
569,0.469661,0.490196,0.01038
570,0.364159,0.431373,0.0148976
571,0.199194,0.211765,0.0150557
572,0.116894,0.113725,0.0150657
573,0.0957689,0.0980392,0.0150709
574,0.122255,0.12549,0.0150813
575,0.235188,0.243137,0.0151445
576,0.454191,0.478431,0.0157321
577,0.395006,0.470588,0.0214447
578,0.214219,0.239216,0.0220696
579,0.125456,0.12549,0.0220696
580,0.0977265,0.0941176,0.0220826
581,0.104257,0.113725,0.0221723
582,0.210454,0.219608,0.022256
583,0.432105,0.45098,0.0226123
584,0.433579,0.505882,0.0278401
585,0.22128,0.262745,0.0295595
586,0.129233,0.12549,0.0295735
587,0.0973994,0.0901961,0.0296254
588,0.100629,0.101961,0.0296271
589,0.18186,0.188235,0.0296678
590,0.401935,0.407843,0.0297027
591,0.493345,0.537255,0.0316308
592,0.251141,0.305882,0.0346274
593,0.143404,0.141176,0.0346324
594,0.105203,0.0901961,0.0348576
595,0.0890316,0.0980392,0.0349387
596,0.162385,0.160784,0.0349413
597,0.348565,0.364706,0.0352018
598,0.508364,0.556863,0.0375539
599,0.284082,0.352941,0.0422956
600,0.157817,0.14902,0.042373
601,0.100548,0.0941176,0.0424143
602,0.0848568,0.0862745,0.0424163
603,0.129105,0.137255,0.0424828
604,0.305944,0.305882,0.0424828
605,0.533744,0.556863,0.0430173
606,0.330858,0.407843,0.048944
607,0.17429,0.176471,0.0489488
608,0.107486,0.0941176,0.0491275
609,0.0792443,0.0784314,0.0491282
610,0.108886,0.109804,0.049129
611,0.245026,0.247059,0.0491331
612,0.51472,0.521569,0.04918
613,0.43432,0.486275,0.0518793
614,0.203886,0.211765,0.0519414
615,0.104109,0.0980392,0.0519782
616,0.0784525,0.0784314,0.0519782
617,0.0984345,0.0941176,0.0519968
618,0.189455,0.196078,0.0520407
619,0.455244,0.466667,0.0521712
620,0.50889,0.54902,0.0537816
621,0.240001,0.262745,0.0542988
622,0.113005,0.117647,0.0543204
623,0.0876706,0.0784314,0.0544058
624,0.0800882,0.0823529,0.0544109
625,0.152978,0.14902,0.0544266
626,0.369774,0.384314,0.0546379
627,0.565673,0.592157,0.0553393
628,0.300806,0.337255,0.0566679
629,0.137101,0.133333,0.0566821
630,0.0834443,0.0784314,0.0567072
631,0.0722832,0.0745098,0.0567121
632,0.123222,0.121569,0.0567149
633,0.296519,0.298039,0.0567172
634,0.572616,0.592157,0.057099
635,0.362905,0.435294,0.0623392
636,0.173285,0.168627,0.0623609
637,0.0995782,0.0823529,0.0626576
638,0.0669953,0.0705882,0.0626705
639,0.0961339,0.0941176,0.0626746
640,0.213527,0.219608,0.0627116
641,0.516799,0.52549,0.0627871
642,0.492736,0.537255,0.0647691
643,0.211347,0.223529,0.0649175
644,0.0995483,0.0941176,0.064947
645,0.0728781,0.0666667,0.0649856
646,0.0763316,0.0823529,0.0650218
647,0.169205,0.156863,0.0651742
648,0.407804,0.419608,0.0653135
649,0.58278,0.615686,0.0663963
650,0.277958,0.317647,0.0679715
651,0.133481,0.121569,0.0681134
652,0.0904674,0.0705882,0.0685086
653,0.061178,0.0666667,0.0685387
654,0.115237,0.113725,0.068541
655,0.300622,0.301961,0.0685428
656,0.606742,0.619608,0.0687083
657,0.376915,0.443137,0.0730937
658,0.1637,0.160784,0.0731022
659,0.095187,0.0784314,0.073383
660,0.0623925,0.0666667,0.0734013
661,0.0893092,0.0901961,0.073402
662,0.208169,0.207843,0.0734022
663,0.514503,0.529412,0.0736244
664,0.510117,0.584314,0.0791296
665,0.202923,0.239216,0.0804468
666,0.12114,0.0980392,0.0809804
667,0.0792915,0.0705882,0.0810562
668,0.0675975,0.0745098,0.081104
669,0.143368,0.141176,0.0811088
670,0.382831,0.384314,0.081111
671,0.61269,0.662745,0.0836165
672,0.268158,0.360784,0.0921961
673,0.141143,0.129412,0.0923337
674,0.101911,0.0745098,0.0930845
675,0.0572127,0.0666667,0.0931739
676,0.100095,0.0980392,0.0931781
677,0.253786,0.247059,0.0932234
678,0.573051,0.607843,0.0944338
679,0.42871,0.537255,0.106216
680,0.176438,0.2,0.106771
681,0.127557,0.0862745,0.108475
682,0.065207,0.0627451,0.108481
683,0.0663739,0.0745098,0.108547
684,0.165706,0.152941,0.10871
685,0.42682,0.435294,0.108782
686,0.618661,0.678431,0.112355
687,0.240347,0.321569,0.118952
688,0.136849,0.117647,0.11932
689,0.0995677,0.0705882,0.12016
690,0.0571967,0.0666667,0.12025
691,0.108687,0.0980392,0.120363
692,0.266011,0.262745,0.120374
693,0.597064,0.643137,0.122497
694,0.409458,0.52549,0.13596
695,0.165323,0.180392,0.136187
696,0.119467,0.0862745,0.137289
697,0.0532628,0.0588235,0.13732
698,0.0610282,0.0745098,0.137501
699,0.177274,0.145098,0.138537
700,0.420985,0.439216,0.138869
701,0.626502,0.705882,0.14517
702,0.246436,0.329412,0.152055
703,0.15186,0.109804,0.153824
704,0.0951002,0.0666667,0.154633
705,0.0488373,0.054902,0.154669
706,0.0874667,0.0862745,0.154671
707,0.251093,0.235294,0.15492
708,0.602457,0.639216,0.156272
709,0.469723,0.572549,0.166845
710,0.163653,0.192157,0.167657
711,0.123939,0.0784314,0.169728
712,0.0559766,0.054902,0.169729
713,0.0538103,0.0627451,0.169809
714,0.140798,0.117647,0.170345
715,0.368099,0.372549,0.170365
716,0.697029,0.741176,0.172314
717,0.306323,0.388235,0.179024
718,0.138977,0.121569,0.179327
719,0.0964379,0.0627451,0.180462
720,0.0418358,0.0509804,0.180546
721,0.0713884,0.0705882,0.180546
722,0.194248,0.160784,0.181666
723,0.493817,0.537255,0.183553
724,0.634824,0.698039,0.187549
725,0.221071,0.25098,0.188444
726,0.113792,0.0862745,0.189201
727,0.0541429,0.054902,0.189201
728,0.0429781,0.0509804,0.189265
729,0.0977838,0.0784314,0.18964
730,0.25155,0.231373,0.190047
731,0.634274,0.690196,0.193174
732,0.495479,0.588235,0.201778
733,0.153414,0.172549,0.202144
734,0.107448,0.0705882,0.203503
735,0.0323591,0.0470588,0.203719
736,0.039576,0.0470588,0.203775
737,0.106761,0.0862745,0.204195
738,0.306777,0.301961,0.204218
739,0.745104,0.780392,0.205463
740,0.421008,0.482353,0.209226
741,0.13469,0.129412,0.209254
742,0.0847682,0.054902,0.210146
743,0.0305522,0.0431373,0.210305
744,0.0466979,0.0431373,0.210317
745,0.0962635,0.0901961,0.210354
746,0.337904,0.337255,0.210355
747,0.815125,0.835294,0.210761
748,0.387191,0.439216,0.213468
749,0.125999,0.105882,0.213873
750,0.0724484,0.0470588,0.214517
751,0.0266394,0.0392157,0.214675
752,0.0426811,0.0392157,0.214687
753,0.0837974,0.0823529,0.214689
754,0.324531,0.301961,0.215199
755,0.827265,0.866667,0.216751
756,0.422607,0.490196,0.22132
757,0.130436,0.109804,0.221745
758,0.0818018,0.0470588,0.222952
759,0.0218648,0.0392157,0.223253
760,0.0288714,0.0313725,0.22326
761,0.0489825,0.0509804,0.223264
762,0.22276,0.168627,0.226194
763,0.642707,0.729412,0.233712
764,0.699045,0.764706,0.238023
765,0.143665,0.172549,0.238857
766,0.0885823,0.054902,0.239992
767,0.0240971,0.0352941,0.240117
768,0.0183818,0.0313725,0.240286
769,0.0570367,0.027451,0.241161
770,0.102271,0.0392157,0.245137
771,0.204376,0.145098,0.248651
772,0.661073,0.768627,0.260219
773,0.657746,0.85098,0.297558
774,0.170754,0.168627,0.297563
775,0.114543,0.0470588,0.302117
776,0.0540374,0.0313725,0.302631
777,0.00523836,0.0313725,0.303314
778,0.0498189,0.0235294,0.304005
779,0.068695,0.0196078,0.306414
780,0.11024,0.027451,0.313268
781,0.227116,0.0705882,0.337769
782,0.339859,0.211765,0.354178
783,0.341304,0.203922,0.373051
784,0.064346,0.156863,0.381611
785,0.11185,0.145098,0.382716
786,0.230124,0.160784,0.387524
787,0.254787,0.2,0.390526
788,0.283295,0.254902,0.391332
789,0.295969,0.290196,0.391365
790,0.249772,0.282353,0.392427
791,0.202554,0.235294,0.393499
792,0.169602,0.196078,0.3942
793,0.148002,0.184314,0.395518
794,0.171947,0.211765,0.397104
795,0.235754,0.258824,0.397636
796,0.279985,0.298039,0.397962
797,0.261245,0.282353,0.398407
798,0.208774,0.231373,0.398918
799,0.170735,0.192157,0.399377
800,0.169746,0.188235,0.399719
801,0.202496,0.219608,0.400012
802,0.25527,0.270588,0.400246
803,0.285932,0.309804,0.400816
804,0.256815,0.282353,0.401468
805,0.204746,0.227451,0.401984
806,0.168933,0.192157,0.402523
807,0.171311,0.188235,0.40281
808,0.202952,0.223529,0.403233
809,0.259399,0.278431,0.403595
810,0.287531,0.309804,0.404091
811,0.252544,0.282353,0.40498
812,0.199628,0.219608,0.405379
813,0.165946,0.188235,0.405876
814,0.171189,0.192157,0.406316
815,0.211252,0.227451,0.406578
816,0.264135,0.286275,0.407068
817,0.28702,0.313725,0.407781
818,0.247982,0.27451,0.408485
819,0.192711,0.219608,0.409209
820,0.165981,0.184314,0.409545
821,0.170373,0.188235,0.409864
822,0.211581,0.235294,0.410426
823,0.274577,0.294118,0.410808
824,0.290307,0.321569,0.411785
825,0.239599,0.266667,0.412518
826,0.185296,0.211765,0.413218
827,0.159275,0.176471,0.413514
828,0.171622,0.188235,0.41379
829,0.220445,0.235294,0.414011
830,0.284037,0.305882,0.414488
831,0.294474,0.317647,0.415025
832,0.241489,0.262745,0.415477
833,0.179954,0.2,0.415878
834,0.155785,0.172549,0.41616
835,0.174463,0.184314,0.416257
836,0.227109,0.243137,0.416513
837,0.296008,0.313725,0.416827
838,0.301573,0.32549,0.417399
839,0.234976,0.254902,0.417796
840,0.171543,0.192157,0.418221
841,0.15096,0.168627,0.418534
842,0.175488,0.188235,0.418696
843,0.235188,0.247059,0.418837
844,0.303119,0.32549,0.419337
845,0.297919,0.321569,0.419897
846,0.230711,0.25098,0.420308
847,0.166782,0.184314,0.420615
848,0.148299,0.164706,0.420884
849,0.175387,0.188235,0.421049
850,0.243223,0.258824,0.421293
851,0.314077,0.337255,0.42183
852,0.297459,0.321569,0.422411
853,0.220554,0.243137,0.422921
854,0.157888,0.176471,0.423266
855,0.146085,0.160784,0.423482
856,0.178618,0.188235,0.423575
857,0.250793,0.266667,0.423827
858,0.324303,0.341176,0.424112
859,0.30096,0.321569,0.424536
860,0.215088,0.235294,0.424945
861,0.154072,0.172549,0.425286
862,0.145691,0.156863,0.425411
863,0.179105,0.192157,0.425581
864,0.259514,0.278431,0.425939
865,0.332907,0.352941,0.42634
866,0.293998,0.321569,0.427101
867,0.203889,0.223529,0.427486
868,0.145646,0.164706,0.42785
869,0.143728,0.156863,0.428022
870,0.185691,0.196078,0.42813
871,0.268612,0.286275,0.428442
872,0.339315,0.360784,0.428903
873,0.289229,0.321569,0.429949
874,0.198213,0.223529,0.43059
875,0.146094,0.160784,0.430805
876,0.139521,0.14902,0.430896
877,0.179045,0.196078,0.431186
878,0.277849,0.294118,0.43145
879,0.351928,0.372549,0.431876
880,0.287843,0.321569,0.433013
881,0.191665,0.211765,0.433417
882,0.136448,0.156863,0.433834
883,0.141423,0.14902,0.433892
884,0.184025,0.2,0.434147
885,0.28426,0.301961,0.43446
886,0.355955,0.384314,0.435264
887,0.279139,0.321569,0.437065
888,0.18707,0.211765,0.437674
889,0.137135,0.152941,0.437924
890,0.135615,0.14902,0.438104
891,0.183484,0.203922,0.438522
892,0.290865,0.313725,0.439044
893,0.355686,0.392157,0.440374
894,0.270555,0.317647,0.442592
895,0.179711,0.203922,0.443178
896,0.132881,0.14902,0.443439
897,0.136742,0.145098,0.443508
898,0.184478,0.203922,0.443886
899,0.299321,0.321569,0.444381
900,0.365837,0.4,0.445549
901,0.270786,0.317647,0.447744
902,0.175746,0.196078,0.448158
903,0.128669,0.141176,0.448314
904,0.132898,0.145098,0.448463
905,0.190916,0.207843,0.44875
906,0.308805,0.329412,0.449174
907,0.369815,0.411765,0.450934
908,0.261488,0.313725,0.453663
909,0.172574,0.196078,0.454215
910,0.130175,0.137255,0.454265
911,0.129413,0.141176,0.454404
912,0.187003,0.2,0.454573
913,0.311209,0.337255,0.455251
914,0.378248,0.419608,0.456962
915,0.272278,0.313725,0.45868
916,0.168567,0.184314,0.458928
917,0.119047,0.133333,0.459132
918,0.129279,0.133333,0.459148
919,0.185664,0.2,0.459354
920,0.322132,0.341176,0.459716
921,0.395639,0.431373,0.460993
922,0.26982,0.317647,0.463281
923,0.166751,0.184314,0.463589
924,0.121507,0.129412,0.463652
925,0.12382,0.129412,0.463683
926,0.180978,0.196078,0.463911
927,0.323278,0.345098,0.464387
928,0.403476,0.443137,0.46596
929,0.270965,0.317647,0.468139
930,0.163763,0.180392,0.468416
931,0.116844,0.12549,0.468491
932,0.121907,0.12549,0.468503
933,0.178427,0.192157,0.468692
934,0.326124,0.345098,0.469052
935,0.414167,0.45098,0.470407
936,0.275732,0.32549,0.472883
937,0.165794,0.180392,0.473096
938,0.117247,0.121569,0.473115
939,0.11665,0.121569,0.473139
940,0.174175,0.184314,0.473242
941,0.32197,0.337255,0.473475
942,0.427257,0.458824,0.474472
943,0.286263,0.333333,0.476687
944,0.169054,0.176471,0.476742
945,0.111754,0.117647,0.476777
946,0.113295,0.117647,0.476796
947,0.169433,0.168627,0.476797
948,0.308241,0.329412,0.477245
949,0.443654,0.466667,0.477775
950,0.313325,0.341176,0.47855
951,0.170417,0.176471,0.478587
952,0.104966,0.113725,0.478664
953,0.106736,0.113725,0.478712
954,0.165549,0.160784,0.478735
955,0.300272,0.313725,0.478916
956,0.453598,0.478431,0.479533
957,0.321295,0.356863,0.480798
958,0.180584,0.184314,0.480812
959,0.106288,0.109804,0.480824
960,0.0982982,0.105882,0.480882
961,0.152406,0.152941,0.480882
962,0.293565,0.301961,0.480953
963,0.464051,0.482353,0.481287
964,0.336457,0.380392,0.483218
965,0.187849,0.188235,0.483218
966,0.106129,0.105882,0.483218
967,0.0961194,0.0941176,0.483222
968,0.136075,0.137255,0.483223
969,0.274769,0.282353,0.483281
970,0.484671,0.482353,0.483286
971,0.378453,0.403922,0.483935
972,0.196627,0.196078,0.483935
973,0.102053,0.109804,0.483995
974,0.0975752,0.0941176,0.484007
975,0.128078,0.12549,0.484014
976,0.245167,0.258824,0.4842
977,0.47438,0.47451,0.4842
978,0.40829,0.435294,0.48493
979,0.209748,0.215686,0.484965
980,0.107256,0.109804,0.484971
981,0.0897528,0.0862745,0.484984
982,0.114834,0.117647,0.484991
983,0.231787,0.231373,0.484992
984,0.458486,0.462745,0.48501
985,0.435377,0.466667,0.485989
986,0.232547,0.235294,0.485996
987,0.111778,0.113725,0.486
988,0.0916357,0.0862745,0.486029
989,0.105931,0.105882,0.486029
990,0.200088,0.207843,0.486089
991,0.435104,0.435294,0.486089
992,0.479275,0.501961,0.486604
993,0.246803,0.266667,0.486998
994,0.122929,0.12549,0.487005
995,0.0950935,0.0862745,0.487083
996,0.095912,0.0980392,0.487087
997,0.176305,0.180392,0.487104
998,0.393433,0.396078,0.487111
999,0.509894,0.533333,0.48766
1000,0.270695,0.301961,0.488638
1001,0.134496,0.137255,0.488645
1002,0.0943081,0.0901961,0.488662
1003,0.0916977,0.0941176,0.488668
1004,0.154532,0.152941,0.488671
1005,0.33947,0.352941,0.488852
1006,0.522936,0.552941,0.489753
1007,0.306764,0.356863,0.492262
1008,0.157164,0.156863,0.492263
1009,0.0987862,0.0941176,0.492284
1010,0.0820191,0.0862745,0.492302
1011,0.130027,0.133333,0.492313
1012,0.295691,0.298039,0.492319
1013,0.526173,0.54902,0.492841
1014,0.346894,0.419608,0.498128
1015,0.18047,0.180392,0.498128
1016,0.104149,0.0901961,0.498323
1017,0.0771901,0.0823529,0.498349
1018,0.116267,0.113725,0.498356
1019,0.242135,0.247059,0.49838
1020,0.506035,0.521569,0.498621
1021,0.420816,0.486275,0.502906
1022,0.206386,0.219608,0.503081
1023,0.114628,0.105882,0.503158
1024,0.0870598,0.0745098,0.503315
1025,0.0860619,0.0941176,0.50338
1026,0.196907,0.2,0.50339
1027,0.458822,0.462745,0.503405
1028,0.507478,0.552941,0.505472
1029,0.229785,0.266667,0.506832
1030,0.120521,0.117647,0.50684
1031,0.0921574,0.0784314,0.507029
1032,0.084996,0.0862745,0.50703
1033,0.157058,0.152941,0.507047
1034,0.37031,0.384314,0.507243
1035,0.556743,0.592157,0.508498
1036,0.290772,0.345098,0.511449
1037,0.146396,0.137255,0.511533
1038,0.0949925,0.0784314,0.511807
1039,0.0703366,0.0745098,0.511824
1040,0.122527,0.121569,0.511825
1041,0.296056,0.301961,0.51186
1042,0.573097,0.588235,0.512089
1043,0.366511,0.435294,0.51682
1044,0.17095,0.168627,0.516826
1045,0.0996207,0.0862745,0.517004
1046,0.071972,0.0705882,0.517006
1047,0.0946987,0.0941176,0.517006
1048,0.214285,0.223529,0.517092
1049,0.520369,0.52549,0.517118
1050,0.48971,0.533333,0.519021
1051,0.206492,0.227451,0.51946
1052,0.107264,0.0980392,0.519545
1053,0.0770425,0.0705882,0.519587
1054,0.0804028,0.0784314,0.519591
1055,0.158276,0.160784,0.519597
1056,0.41588,0.419608,0.519611
1057,0.58872,0.607843,0.519977
1058,0.270126,0.309804,0.521551
1059,0.122799,0.117647,0.521577
1060,0.0840447,0.0705882,0.521759
1061,0.0678907,0.0705882,0.521766
1062,0.122735,0.113725,0.521847
1063,0.29536,0.305882,0.521958
1064,0.603997,0.615686,0.522094
1065,0.382536,0.431373,0.524479
1066,0.161549,0.152941,0.524553
1067,0.0826009,0.0784314,0.524571
1068,0.0572425,0.0627451,0.524601
1069,0.0859742,0.0862745,0.524601
1070,0.207284,0.203922,0.524613
1071,0.519519,0.529412,0.52471
1072,0.526676,0.564706,0.526157
1073,0.217686,0.227451,0.526252
1074,0.0984096,0.0901961,0.526319
1075,0.0637017,0.0588235,0.526343
1076,0.0651669,0.0666667,0.526346
1077,0.140249,0.133333,0.526393
1078,0.378505,0.388235,0.526488
1079,0.646633,0.65098,0.526507
1080,0.317443,0.34902,0.527504
1081,0.129105,0.121569,0.527561
1082,0.0819206,0.0666667,0.527793
1083,0.0565189,0.0588235,0.527799
1084,0.0942805,0.0901961,0.527815
1085,0.240602,0.247059,0.527857
1086,0.594344,0.603922,0.527949
1087,0.478146,0.509804,0.528951
1088,0.178258,0.180392,0.528956
1089,0.0795237,0.0745098,0.528981
1090,0.0517262,0.0509804,0.528981
1091,0.0642146,0.0666667,0.528987
1092,0.15626,0.145098,0.529112
1093,0.42757,0.443137,0.529354
1094,0.658757,0.662745,0.52937
1095,0.286707,0.298039,0.529499
1096,0.10485,0.109804,0.529523
1097,0.072516,0.054902,0.529833
1098,0.0494015,0.054902,0.529864
1099,0.103615,0.0941176,0.529954
1100,0.269012,0.262745,0.529993
1101,0.626401,0.643137,0.530273
1102,0.453497,0.494118,0.531923
1103,0.1709,0.160784,0.532026
1104,0.0738298,0.0705882,0.532036
1105,0.0465315,0.0509804,0.532056
1106,0.0596628,0.0627451,0.532065
1107,0.1476,0.145098,0.532072
1108,0.442793,0.454902,0.532218
1109,0.676561,0.686275,0.532313
1110,0.267631,0.298039,0.533237
1111,0.109349,0.0980392,0.533365
1112,0.0695099,0.054902,0.533579
1113,0.048284,0.0470588,0.53358
1114,0.0821106,0.0862745,0.533597
1115,0.260171,0.243137,0.533888
1116,0.632487,0.647059,0.5341
1117,0.487296,0.537255,0.536596
1118,0.169012,0.172549,0.536608
1119,0.0906498,0.0705882,0.537011
1120,0.0447984,0.0470588,0.537016
1121,0.0493832,0.0588235,0.537105
1122,0.138305,0.117647,0.537532
1123,0.378671,0.392157,0.537714
1124,0.718804,0.733333,0.537925
1125,0.324469,0.356863,0.538974
1126,0.121079,0.109804,0.539101
1127,0.0721031,0.054902,0.539397
1128,0.0399174,0.0509804,0.539519
1129,0.0795949,0.0666667,0.539687
1130,0.179659,0.180392,0.539687
1131,0.538542,0.572549,0.540844
1132,0.630964,0.67451,0.54274
1133,0.189529,0.227451,0.544178
1134,0.10119,0.0784314,0.544696
1135,0.0524871,0.0509804,0.544698
1136,0.0437238,0.0509804,0.544751
1137,0.100847,0.0784314,0.545253
1138,0.256522,0.254902,0.545256
1139,0.673098,0.713725,0.546907
1140,0.487476,0.545098,0.550227
1141,0.142182,0.152941,0.550343
1142,0.0833565,0.0627451,0.550767
1143,0.024678,0.0431373,0.551108
1144,0.0423783,0.0470588,0.55113
1145,0.109294,0.0941176,0.55136
1146,0.335524,0.333333,0.551365
1147,0.772939,0.796078,0.551901
1148,0.385553,0.435294,0.554375
1149,0.129057,0.113725,0.55461
1150,0.0751281,0.0509804,0.555193
1151,0.0290137,0.0352941,0.555232
1152,0.0389108,0.0470588,0.555299
1153,0.124124,0.101961,0.55579
1154,0.375359,0.384314,0.55587
1155,0.825091,0.835294,0.555974
1156,0.351792,0.380392,0.556792
1157,0.125834,0.0980392,0.557565
1158,0.0714434,0.0431373,0.558366
1159,0.0331038,0.0352941,0.558371
1160,0.0461845,0.0352941,0.55849
1161,0.0825631,0.0901961,0.558548
1162,0.358287,0.360784,0.558554
1163,0.885057,0.878431,0.558598
1164,0.38508,0.407843,0.559116
1165,0.112679,0.0941176,0.559461
1166,0.0632507,0.0392157,0.560038
1167,0.0354944,0.027451,0.560103
1168,0.0262772,0.0313725,0.560129
1169,0.067823,0.054902,0.560296
1170,0.237036,0.215686,0.560752
1171,0.755965,0.839216,0.567683
1172,0.609901,0.627451,0.567991
1173,0.111791,0.133333,0.568455
1174,0.0531769,0.0431373,0.568555
1175,0.0202496,0.027451,0.568607
1176,0.000208326,0.0235294,0.569151
1177,0.0278503,0.0196078,0.569219
1178,0.0864037,0.0470588,0.570767
1179,0.250051,0.239216,0.570884
1180,0.91002,0.988235,0.577002
1181,0.531895,0.576471,0.578989
1182,0.0829195,0.0980392,0.579218
1183,0.0355249,0.0313725,0.579235
1184,0.039985,0.027451,0.579392
1185,-0.0173845,0.0235294,0.581066
1186,-0.00933838,0.0156863,0.581692
1187,0.0623411,0.0156863,0.583869
1188,0.106513,0.0156863,0.592118
1189,0.190293,0.054902,0.610449
1190,0.138564,0.141176,0.610456
1191,0.0804765,0.0901961,0.61055
1192,-0.215635,0.0823529,0.699347
1193,0.0527027,0.0980392,0.701403
1194,0.197591,0.133333,0.705532
1195,0.223822,0.188235,0.706798
1196,0.304186,0.227451,0.712687
1197,0.301847,0.247059,0.715688
1198,0.251653,0.25098,0.715689
1199,0.22433,0.231373,0.715738
1200,0.185083,0.203922,0.716093
1201,0.160341,0.192157,0.717106
1202,0.17814,0.203922,0.71777
1203,0.222935,0.223529,0.717771
1204,0.257967,0.25098,0.717819
1205,0.264026,0.25098,0.71799
1206,0.233144,0.235294,0.717994
1207,0.204435,0.211765,0.718048
1208,0.196684,0.2,0.718059
1209,0.206926,0.211765,0.718082
1210,0.236866,0.235294,0.718085
1211,0.261337,0.262745,0.718087
1212,0.260914,0.254902,0.718123
1213,0.231761,0.235294,0.718135
1214,0.203899,0.207843,0.718151
1215,0.19582,0.2,0.718168
1216,0.211286,0.215686,0.718188
1217,0.242798,0.243137,0.718188
1218,0.263617,0.266667,0.718197
1219,0.257095,0.258824,0.7182
1220,0.227042,0.235294,0.718268
1221,0.199892,0.207843,0.718332
1222,0.193659,0.2,0.718372
1223,0.209974,0.219608,0.718465
1224,0.244285,0.247059,0.718472
1225,0.264814,0.270588,0.718506
1226,0.254728,0.262745,0.71857
1227,0.22325,0.227451,0.718588
1228,0.192897,0.207843,0.718811
1229,0.194297,0.2,0.718843
1230,0.212551,0.219608,0.718893
1231,0.245857,0.254902,0.718975
1232,0.269718,0.27451,0.718998
1233,0.253179,0.254902,0.719001
1234,0.215008,0.227451,0.719156
1235,0.193337,0.203922,0.719268
1236,0.193826,0.203922,0.71937
1237,0.218163,0.227451,0.719456
1238,0.251513,0.262745,0.719582
1239,0.265128,0.278431,0.719759
1240,0.245349,0.258824,0.719941
1241,0.209472,0.219608,0.720043
1242,0.184014,0.2,0.720299
1243,0.1919,0.2,0.720365
1244,0.220482,0.231373,0.720483
1245,0.259573,0.266667,0.720534
1246,0.272199,0.282353,0.720637
1247,0.243322,0.254902,0.720771
1248,0.204063,0.219608,0.721012
1249,0.184208,0.196078,0.721153
1250,0.190565,0.2,0.721242
1251,0.22213,0.235294,0.721416
1252,0.264538,0.278431,0.721609
1253,0.274227,0.286275,0.721754
1254,0.238561,0.254902,0.722021
1255,0.195236,0.219608,0.722615
1256,0.179154,0.196078,0.722901
1257,0.189501,0.203922,0.723109
1258,0.223761,0.243137,0.723485
1259,0.264062,0.282353,0.723819
1260,0.26857,0.290196,0.724287
1261,0.23183,0.25098,0.724654
1262,0.190532,0.207843,0.724953
1263,0.172885,0.188235,0.725189
1264,0.191219,0.203922,0.72535
1265,0.234528,0.247059,0.725507
1266,0.276891,0.286275,0.725595
1267,0.273964,0.286275,0.725747
1268,0.228953,0.243137,0.725948
1269,0.187611,0.203922,0.726214
1270,0.176806,0.188235,0.726345
1271,0.195287,0.207843,0.726502
1272,0.239309,0.25098,0.726639
1273,0.279552,0.298039,0.72698
1274,0.270873,0.286275,0.727218
1275,0.223239,0.243137,0.727613
1276,0.179974,0.196078,0.727873
1277,0.169093,0.188235,0.728239
1278,0.196879,0.211765,0.728461
1279,0.247004,0.258824,0.728601
1280,0.282124,0.301961,0.728994
1281,0.266128,0.286275,0.7294
1282,0.216742,0.231373,0.729614
1283,0.174107,0.188235,0.729814
1284,0.169418,0.180392,0.729934
1285,0.199798,0.211765,0.730077
1286,0.258989,0.266667,0.730136
1287,0.297682,0.305882,0.730203
1288,0.269438,0.286275,0.730487
1289,0.21072,0.227451,0.730767
1290,0.171309,0.184314,0.730936
1291,0.167781,0.180392,0.731095
1292,0.202254,0.211765,0.731185
1293,0.261116,0.27451,0.731365
1294,0.301481,0.313725,0.731515
1295,0.269237,0.282353,0.731687
1296,0.203388,0.219608,0.73195
1297,0.16379,0.180392,0.732226
1298,0.167801,0.184314,0.732498
1299,0.209762,0.219608,0.732595
1300,0.268377,0.286275,0.732915
1301,0.298039,0.321569,0.733469
1302,0.258053,0.278431,0.733884
1303,0.194381,0.215686,0.734338
1304,0.159816,0.172549,0.7345
1305,0.162791,0.180392,0.73481
1306,0.212489,0.223529,0.734932
1307,0.281398,0.294118,0.735094
1308,0.306056,0.321569,0.735334
1309,0.256177,0.27451,0.735671
1310,0.18905,0.203922,0.735892
1311,0.15533,0.172549,0.736188
1312,0.169662,0.176471,0.736235
1313,0.214859,0.227451,0.736393
1314,0.288984,0.301961,0.736562
1315,0.314121,0.32549,0.736691
1316,0.253146,0.262745,0.736783
1317,0.180157,0.2,0.737177
1318,0.154171,0.160784,0.73722
1319,0.164613,0.180392,0.737469
1320,0.22927,0.235294,0.737506
1321,0.303085,0.313725,0.737619
1322,0.31067,0.329412,0.73797
1323,0.244346,0.262745,0.738309
1324,0.175347,0.188235,0.738475
1325,0.146098,0.156863,0.738591
1326,0.16638,0.176471,0.738693
1327,0.231797,0.239216,0.738748
1328,0.314493,0.321569,0.738798
1329,0.320862,0.333333,0.738953
1330,0.24136,0.254902,0.739137
1331,0.167153,0.184314,0.739431
1332,0.146041,0.156863,0.739548
1333,0.168141,0.176471,0.739618
1334,0.233738,0.247059,0.739795
1335,0.321401,0.333333,0.739937
1336,0.318645,0.333333,0.740153
1337,0.232825,0.243137,0.740259
1338,0.15792,0.172549,0.740474
1339,0.140742,0.152941,0.740622
1340,0.173478,0.176471,0.740631
1341,0.244771,0.254902,0.740734
1342,0.334952,0.345098,0.740837
1343,0.320395,0.333333,0.741004
1344,0.226324,0.239216,0.74117
1345,0.153153,0.164706,0.741304
1346,0.136399,0.14902,0.741463
1347,0.172967,0.176471,0.741475
1348,0.25214,0.262745,0.741588
1349,0.345589,0.352941,0.741642
1350,0.322151,0.337255,0.74187
1351,0.219157,0.235294,0.742131
1352,0.147976,0.164706,0.74241
1353,0.136865,0.145098,0.742478
1354,0.168625,0.176471,0.74254
1355,0.254797,0.266667,0.742681
1356,0.353054,0.368627,0.742923
1357,0.318173,0.341176,0.743452
1358,0.214387,0.227451,0.743623
1359,0.139051,0.156863,0.74394
1360,0.131349,0.141176,0.744037
1361,0.170549,0.180392,0.744134
1362,0.26621,0.278431,0.744283
1363,0.362409,0.376471,0.744481
1364,0.312344,0.337255,0.745101
1365,0.205211,0.223529,0.745437
1366,0.139373,0.14902,0.74553
1367,0.129602,0.141176,0.745664
1368,0.174255,0.180392,0.745702
1369,0.270553,0.286275,0.745949
1370,0.36954,0.388235,0.746298
1371,0.311675,0.341176,0.747169
1372,0.199795,0.211765,0.747312
1373,0.129286,0.145098,0.747562
1374,0.12875,0.137255,0.747634
1375,0.173495,0.180392,0.747682
1376,0.278146,0.286275,0.747748
1377,0.381661,0.392157,0.747858
1378,0.31371,0.337255,0.748412
1379,0.199473,0.211765,0.748564
1380,0.132288,0.141176,0.748643
1381,0.124918,0.133333,0.748713
1382,0.170989,0.180392,0.748802
1383,0.284966,0.294118,0.748886
1384,0.388977,0.407843,0.749241
1385,0.307008,0.341176,0.750409
1386,0.193847,0.203922,0.75051
1387,0.123812,0.133333,0.750601
1388,0.121568,0.129412,0.750663
1389,0.172169,0.172549,0.750663
1390,0.284078,0.298039,0.750858
1391,0.40408,0.415686,0.750992
1392,0.32225,0.341176,0.751351
1393,0.19118,0.2,0.751428
1394,0.119658,0.129412,0.751524
1395,0.118721,0.121569,0.751532
1396,0.166462,0.172549,0.751569
1397,0.2937,0.294118,0.751569
1398,0.416988,0.427451,0.751678
1399,0.319831,0.345098,0.752317
1400,0.194271,0.196078,0.75232
1401,0.1162,0.12549,0.752406
1402,0.115562,0.117647,0.752411
1403,0.161661,0.168627,0.752459
1404,0.293997,0.298039,0.752476
1405,0.42752,0.431373,0.75249
1406,0.327884,0.352941,0.753118
1407,0.190934,0.196078,0.753145
1408,0.116551,0.12549,0.753225
1409,0.114301,0.113725,0.753225
1410,0.155178,0.160784,0.753256
1411,0.28592,0.294118,0.753324
1412,0.437045,0.443137,0.753361
1413,0.336761,0.360784,0.753938
1414,0.191897,0.196078,0.753955
1415,0.110939,0.117647,0.754
1416,0.107006,0.109804,0.754008
1417,0.155192,0.152941,0.754013
1418,0.279795,0.286275,0.754055
1419,0.446204,0.45098,0.754078
1420,0.352877,0.376471,0.754635
1421,0.198968,0.196078,0.754643
1422,0.106948,0.117647,0.754757
1423,0.104526,0.105882,0.754759
1424,0.145026,0.145098,0.754759
1425,0.26883,0.278431,0.754852
1426,0.453381,0.454902,0.754854
1427,0.367006,0.396078,0.755699
1428,0.201085,0.203922,0.755707
1429,0.109884,0.117647,0.755767
1430,0.100117,0.101961,0.755771
1431,0.136276,0.137255,0.755772
1432,0.255453,0.262745,0.755825
1433,0.453089,0.454902,0.755828
1434,0.384621,0.407843,0.756367
1435,0.212586,0.215686,0.756377
1436,0.111914,0.117647,0.75641
1437,0.0978756,0.0941176,0.756424
1438,0.124334,0.12549,0.756425
1439,0.241301,0.247059,0.756459
1440,0.454017,0.45098,0.756468
1441,0.416846,0.431373,0.756679
1442,0.2249,0.223529,0.756681
1443,0.107691,0.117647,0.75678
1444,0.0958993,0.0941176,0.756783
1445,0.122362,0.117647,0.756805
1446,0.219427,0.227451,0.75687
1447,0.440046,0.443137,0.756879
1448,0.439234,0.462745,0.757432
1449,0.237033,0.243137,0.757469
1450,0.115296,0.121569,0.757508
1451,0.092306,0.0901961,0.757513
1452,0.10893,0.109804,0.757514
1453,0.202855,0.207843,0.757539
1454,0.422149,0.423529,0.75754
1455,0.467037,0.486275,0.757911
1456,0.253514,0.262745,0.757996
1457,0.120733,0.12549,0.758018
1458,0.0925274,0.0901961,0.758024
1459,0.104036,0.101961,0.758028
1460,0.180526,0.184314,0.758043
1461,0.392701,0.396078,0.758054
1462,0.497904,0.513725,0.758304
1463,0.276145,0.298039,0.758784
1464,0.135936,0.137255,0.758785
1465,0.0939584,0.0862745,0.758844
1466,0.0903253,0.0941176,0.758859
1467,0.163466,0.160784,0.758866
1468,0.353423,0.356863,0.758878
1469,0.523103,0.533333,0.758982
1470,0.308576,0.333333,0.759595
1471,0.149947,0.14902,0.759596
1472,0.0918927,0.0862745,0.759628
1473,0.0861708,0.0901961,0.759644
1474,0.146022,0.137255,0.759721
1475,0.302525,0.317647,0.75995
1476,0.529953,0.537255,0.760003
1477,0.358404,0.384314,0.760674
1478,0.171894,0.164706,0.760726
1479,0.089041,0.0941176,0.760752
1480,0.0822883,0.0784314,0.760767
1481,0.114197,0.121569,0.760821
1482,0.271368,0.270588,0.760821
1483,0.526769,0.52549,0.760823
1484,0.398894,0.443137,0.762781
1485,0.194401,0.196078,0.762783
1486,0.102619,0.0980392,0.762804
1487,0.0814997,0.0784314,0.762814
1488,0.104336,0.105882,0.762816
1489,0.222005,0.223529,0.762818
1490,0.482816,0.494118,0.762946
1491,0.457528,0.505882,0.765284
1492,0.224319,0.235294,0.765405
1493,0.110195,0.105882,0.765423
1494,0.0837148,0.0745098,0.765508
1495,0.0875605,0.0901961,0.765515
1496,0.180342,0.180392,0.765515
1497,0.426377,0.427451,0.765516
1498,0.539384,0.556863,0.765822
1499,0.264576,0.286275,0.766293
1500,0.120817,0.121569,0.766293
1501,0.0878318,0.0745098,0.766471
1502,0.0788955,0.0784314,0.766471
1503,0.142597,0.145098,0.766477
1504,0.35658,0.356863,0.766477
1505,0.578076,0.584314,0.766516
1506,0.317008,0.356863,0.768104
1507,0.147233,0.145098,0.768109
1508,0.0925236,0.0784314,0.768308
1509,0.0739939,0.0705882,0.768319
1510,0.112364,0.113725,0.768321
1511,0.276416,0.278431,0.768325
1512,0.567281,0.568627,0.768327
1513,0.407676,0.45098,0.770202
1514,0.183268,0.176471,0.770248
1515,0.0881409,0.0862745,0.770252
1516,0.0708824,0.0705882,0.770252
1517,0.0946535,0.0901961,0.770272
1518,0.198348,0.207843,0.770362
1519,0.499466,0.501961,0.770368
1520,0.517833,0.541176,0.770913
1521,0.225856,0.235294,0.771002
1522,0.0979369,0.0980392,0.771002
1523,0.0723133,0.0666667,0.771034
1524,0.07678,0.0745098,0.771039
1525,0.150677,0.14902,0.771042
1526,0.394493,0.403922,0.771131
1527,0.605032,0.611765,0.771176
1528,0.298328,0.32549,0.771914
1529,0.126554,0.121569,0.771939
1530,0.0823551,0.0705882,0.772077
1531,0.0658074,0.0666667,0.772078
1532,0.113016,0.113725,0.772079
1533,0.293659,0.290196,0.772091
1534,0.599554,0.603922,0.77211
1535,0.391205,0.443137,0.774807
1536,0.169791,0.164706,0.774832
1537,0.091214,0.0745098,0.775112
1538,0.0595623,0.0588235,0.775112
1539,0.0823832,0.0823529,0.775112
1540,0.197573,0.2,0.775118
1541,0.515905,0.513725,0.775123
1542,0.557543,0.572549,0.775348
1543,0.223968,0.235294,0.775476
1544,0.0951582,0.0941176,0.775477
1545,0.0726938,0.0588235,0.77567
1546,0.0651004,0.0666667,0.775672
1547,0.136882,0.129412,0.775728
1548,0.365354,0.380392,0.775954
1549,0.644375,0.643137,0.775956
1550,0.334758,0.34902,0.776159
1551,0.124258,0.121569,0.776166
1552,0.0729555,0.0627451,0.77627
1553,0.055963,0.0588235,0.776279
1554,0.0983518,0.0901961,0.776345
1555,0.236806,0.243137,0.776385
1556,0.59084,0.596078,0.776413
1557,0.489986,0.513725,0.776976
1558,0.185956,0.184314,0.776979
1559,0.0815948,0.0784314,0.776989
1560,0.0536887,0.054902,0.77699
1561,0.0652702,0.0705882,0.777019
1562,0.16162,0.152941,0.777094
1563,0.436233,0.443137,0.777142
1564,0.636856,0.65098,0.777341
1565,0.270611,0.298039,0.778094
1566,0.1131,0.101961,0.778218
1567,0.0734002,0.0588235,0.77843
1568,0.0541273,0.0509804,0.77844
1569,0.0887594,0.0941176,0.778469
1570,0.277114,0.270588,0.778511
1571,0.645094,0.647059,0.778515
1572,0.444948,0.486275,0.780223
1573,0.161,0.160784,0.780223
1574,0.0831568,0.0666667,0.780495
1575,0.048563,0.0470588,0.780497
1576,0.0598037,0.0627451,0.780506
1577,0.151979,0.14902,0.780515
1578,0.452509,0.462745,0.780619
1579,0.680774,0.67451,0.780659
1580,0.269908,0.286275,0.780927
1581,0.0989602,0.0980392,0.780927
1582,0.0687327,0.054902,0.781119
1583,0.0502901,0.0509804,0.781119
1584,0.0913698,0.0862745,0.781145
1585,0.256988,0.254902,0.781149
1586,0.640137,0.658824,0.781499
1587,0.475709,0.513725,0.782944
1588,0.160739,0.160784,0.782944
1589,0.0731861,0.0666667,0.782986
1590,0.0388892,0.0470588,0.783053
1591,0.0538287,0.0588235,0.783078
1592,0.138239,0.12549,0.783241
1593,0.401877,0.419608,0.783555
1594,0.716012,0.721569,0.783586
1595,0.307843,0.333333,0.784236
1596,0.117826,0.101961,0.784487
1597,0.0694671,0.0509804,0.784829
1598,0.0391153,0.0470588,0.784892
1599,0.0797889,0.0666667,0.785064
1600,0.189028,0.192157,0.785074
1601,0.569876,0.6,0.785982
1602,0.617464,0.627451,0.786081
1603,0.189001,0.203922,0.786304
1604,0.0760166,0.0705882,0.786333
1605,0.0401146,0.0431373,0.786343
1606,0.0419019,0.0470588,0.786369
1607,0.100724,0.0901961,0.78648
1608,0.300974,0.286275,0.786696
1609,0.715174,0.737255,0.787184
1610,0.430564,0.482353,0.789866
1611,0.141025,0.137255,0.78988
1612,0.0831698,0.054902,0.790679
1613,0.0310926,0.0431373,0.790824
1614,0.0465169,0.0470588,0.790824
1615,0.107311,0.105882,0.790826
1616,0.376741,0.384314,0.790884
1617,0.797068,0.788235,0.790962
1618,0.342187,0.360784,0.791308
1619,0.0958281,0.0980392,0.791313
1620,0.0522138,0.0431373,0.791395
1621,0.0340246,0.0352941,0.791397
1622,0.0524593,0.0431373,0.791484
1623,0.113051,0.117647,0.791505
1624,0.42982,0.470588,0.793167
1625,0.837316,0.8,0.794559
1626,0.29634,0.294118,0.794564
1627,0.0797947,0.0862745,0.794606
1628,0.0431346,0.0392157,0.794621
1629,0.038159,0.0313725,0.794668
1630,0.0553806,0.0392157,0.794929
1631,0.11637,0.113725,0.794936
1632,0.431994,0.482353,0.797472
1633,0.883191,0.835294,0.799766
1634,0.294532,0.286275,0.799834
1635,0.0689821,0.0705882,0.799837
1636,0.0330734,0.0352941,0.799842
1637,0.0403345,0.0313725,0.799922
1638,0.0482116,0.0352941,0.800089
1639,0.0927891,0.0784314,0.800295
1640,0.328694,0.368627,0.80189
1641,0.929079,0.92549,0.801903
1642,0.439521,0.388235,0.804533
1643,0.0798409,0.0784314,0.804535
1644,0.0179755,0.0352941,0.804835
1645,0.0301612,0.0235294,0.804879
1646,0.0161034,0.0235294,0.804934
1647,0.0328106,0.0313725,0.804936
1648,0.144905,0.117647,0.805679
1649,0.523995,0.639216,0.818955
1650,0.920788,0.898039,0.819472
1651,0.221948,0.203922,0.819797
1652,0.02843,0.0470588,0.820144
1653,0.0336643,0.027451,0.820183
1654,0.0328859,0.0196078,0.820359
1655,0.0200167,0.0156863,0.820378
1656,0.0344407,0.0117647,0.820892
1657,0.0689169,0.0117647,0.824159
1658,0.112102,0.027451,0.831324
1659,0.167076,0.164706,0.83133
1660,0.296989,0.207843,0.839277
1661,0.111361,0.0980392,0.839454
1662,-0.11251,0.0823529,0.877426
1663,0.155835,0.0941176,0.881235
1664,0.201828,0.152941,0.883625
1665,0.269263,0.27451,0.883652
1666,0.417329,0.34902,0.888319
1667,0.330956,0.282353,0.890681
1668,0.167767,0.184314,0.890955
1669,0.119835,0.145098,0.891593
1670,0.13149,0.14902,0.8919
1671,0.177534,0.203922,0.892597
1672,0.28303,0.286275,0.892607
1673,0.345318,0.32549,0.893
1674,0.284755,0.258824,0.893673
1675,0.185495,0.184314,0.893674
1676,0.145867,0.145098,0.893675
1677,0.152851,0.156863,0.893691
1678,0.215622,0.211765,0.893706
1679,0.314372,0.301961,0.89386
1680,0.357094,0.329412,0.894626
1681,0.280816,0.258824,0.89511
1682,0.180755,0.180392,0.89511
1683,0.141323,0.14902,0.895169
1684,0.163022,0.156863,0.895207
1685,0.219524,0.223529,0.895223
1686,0.323525,0.313725,0.895319
1687,0.352994,0.337255,0.895567
1688,0.263564,0.254902,0.895642
1689,0.169101,0.172549,0.895654
1690,0.13571,0.145098,0.895742
1691,0.164196,0.160784,0.895753
1692,0.230149,0.227451,0.895761
1693,0.330811,0.321569,0.895846
1694,0.35275,0.341176,0.89598
1695,0.259054,0.247059,0.896124
1696,0.162704,0.168627,0.896159
1697,0.135639,0.141176,0.89619
1698,0.161969,0.160784,0.896191
1699,0.235243,0.231373,0.896206
1700,0.342265,0.337255,0.896231
1701,0.353128,0.345098,0.896296
1702,0.252424,0.247059,0.896324
1703,0.156369,0.164706,0.896394
1704,0.130352,0.141176,0.896511
1705,0.161862,0.160784,0.896512
1706,0.236731,0.239216,0.896518
1707,0.347803,0.34902,0.89652
1708,0.350546,0.345098,0.89655
1709,0.244001,0.235294,0.896625
1710,0.14565,0.156863,0.896751
1711,0.128874,0.129412,0.896751
1712,0.158153,0.156863,0.896753
1713,0.24845,0.247059,0.896755
1714,0.371723,0.356863,0.896976
1715,0.361841,0.34902,0.89714
1716,0.237821,0.231373,0.897182
1717,0.141859,0.14902,0.897233
1718,0.124632,0.129412,0.897256
1719,0.163205,0.160784,0.897262
1720,0.252584,0.25098,0.897264
1721,0.374891,0.368627,0.897304
1722,0.356558,0.34902,0.89736
1723,0.232881,0.227451,0.89739
1724,0.136626,0.141176,0.897411
1725,0.119766,0.12549,0.897443
1726,0.161557,0.152941,0.897518
1727,0.251175,0.254902,0.897531
1728,0.391533,0.380392,0.897656
1729,0.370486,0.352941,0.897963
1730,0.229407,0.219608,0.898059
1731,0.125725,0.141176,0.898298
1732,0.121428,0.121569,0.898298
1733,0.157316,0.156863,0.898298
1734,0.260165,0.262745,0.898305
1735,0.39814,0.392157,0.898341
1736,0.359055,0.360784,0.898344
1737,0.220197,0.219608,0.898344
1738,0.126276,0.137255,0.898465
1739,0.115999,0.117647,0.898467
1740,0.153223,0.152941,0.898468
1741,0.259157,0.258824,0.898468
1742,0.406688,0.4,0.898512
1743,0.36787,0.360784,0.898563
1744,0.22387,0.215686,0.89863
1745,0.120708,0.133333,0.898789
1746,0.11439,0.113725,0.898789
1747,0.150882,0.152941,0.898794
1748,0.264874,0.262745,0.898798
1749,0.414661,0.407843,0.898845
1750,0.366681,0.372549,0.898879
1751,0.219985,0.211765,0.898947
1752,0.117377,0.129412,0.899091
1753,0.111026,0.113725,0.899099
1754,0.150701,0.141176,0.899189
1755,0.247452,0.258824,0.899319
1756,0.425495,0.415686,0.899415
1757,0.388417,0.380392,0.899479
1758,0.221191,0.211765,0.899568
1759,0.110385,0.12549,0.899796
1760,0.105049,0.105882,0.899797
1761,0.143471,0.141176,0.899802
1762,0.255576,0.258824,0.899813
1763,0.433039,0.423529,0.899903
1764,0.387964,0.392157,0.899921
1765,0.220805,0.219608,0.899922
1766,0.116894,0.129412,0.900079
1767,0.106716,0.105882,0.90008
1768,0.135504,0.137255,0.900083
1769,0.24451,0.25098,0.900125
1770,0.428256,0.431373,0.900134
1771,0.389407,0.411765,0.900634
1772,0.223735,0.223529,0.900634
1773,0.113712,0.12549,0.900773
1774,0.0998081,0.0980392,0.900776
1775,0.12722,0.129412,0.900781
1776,0.238477,0.239216,0.900781
1777,0.433902,0.431373,0.900788
1778,0.411712,0.423529,0.900928
1779,0.235374,0.235294,0.900928
1780,0.118737,0.12549,0.900973
1781,0.0993002,0.0980392,0.900975
1782,0.12324,0.121569,0.900978
1783,0.220879,0.223529,0.900985
1784,0.422241,0.427451,0.901012
1785,0.432437,0.443137,0.901126
1786,0.249808,0.243137,0.901171
1787,0.114674,0.12549,0.901288
1788,0.093947,0.0941176,0.901288
1789,0.116068,0.113725,0.901293
1790,0.207726,0.211765,0.90131
1791,0.416561,0.411765,0.901333
1792,0.459976,0.466667,0.901377
1793,0.25712,0.262745,0.901409
1794,0.12562,0.129412,0.901423
1795,0.0941311,0.0941176,0.901423
1796,0.109998,0.105882,0.90144
1797,0.186183,0.192157,0.901476
1798,0.394467,0.396078,0.901479
1799,0.483214,0.490196,0.901527
1800,0.274794,0.282353,0.901584
1801,0.128363,0.137255,0.901663
1802,0.0933767,0.0901961,0.901674
1803,0.0995328,0.0980392,0.901676
1804,0.171271,0.172549,0.901677
1805,0.369002,0.372549,0.90169
1806,0.505806,0.509804,0.901706
1807,0.299881,0.313725,0.901898
1808,0.143747,0.141176,0.901904
1809,0.0889113,0.0901961,0.901906
1810,0.0954507,0.0901961,0.901934
1811,0.150112,0.152941,0.901942
1812,0.335209,0.341176,0.901977
1813,0.528436,0.521569,0.902024
1814,0.333231,0.34902,0.902274
1815,0.156399,0.156863,0.902274
1816,0.0927736,0.0901961,0.90228
1817,0.0876036,0.0862745,0.902282
1818,0.137004,0.133333,0.902296
1819,0.292118,0.301961,0.902393
1820,0.528491,0.52549,0.902402
1821,0.373994,0.388235,0.902604
1822,0.177957,0.172549,0.902634
1823,0.0874182,0.0901961,0.902641
1824,0.0823465,0.0784314,0.902657
1825,0.118982,0.113725,0.902684
1826,0.250933,0.254902,0.9027
1827,0.517673,0.517647,0.9027
1828,0.429598,0.443137,0.902883
1829,0.209636,0.196078,0.903067
1830,0.0859009,0.0980392,0.903215
1831,0.079503,0.0784314,0.903216
1832,0.104027,0.101961,0.90322
1833,0.212014,0.215686,0.903233
1834,0.474205,0.478431,0.903251
1835,0.480359,0.501961,0.903718
1836,0.237158,0.235294,0.903721
1837,0.102112,0.105882,0.903736
1838,0.077571,0.0784314,0.903736
1839,0.0930278,0.0862745,0.903782
1840,0.166476,0.176471,0.903882
1841,0.42066,0.419608,0.903883
1842,0.54964,0.545098,0.903904
1843,0.278415,0.286275,0.903965
1844,0.114799,0.121569,0.904011
1845,0.0817932,0.0745098,0.904064
1846,0.0805407,0.0784314,0.904069
1847,0.144658,0.141176,0.904081
1848,0.346308,0.352941,0.904125
1849,0.578428,0.580392,0.904129
1850,0.330803,0.356863,0.904808
1851,0.147041,0.141176,0.904842
1852,0.0827145,0.0784314,0.904861
1853,0.0737792,0.0745098,0.904861
1854,0.118375,0.113725,0.904883
1855,0.269556,0.282353,0.905047
1856,0.5635,0.564706,0.905048
1857,0.409815,0.439216,0.905912
1858,0.179907,0.176471,0.905924
1859,0.0876659,0.0862745,0.905926
1860,0.0693948,0.0705882,0.905927
1861,0.0965941,0.0941176,0.905934
1862,0.209983,0.215686,0.905966
1863,0.504553,0.509804,0.905994
1864,0.49895,0.537255,0.907461
1865,0.218461,0.235294,0.907744
1866,0.10781,0.0980392,0.90784
1867,0.0771029,0.0705882,0.907882
1868,0.0801386,0.0823529,0.907887
1869,0.163119,0.160784,0.907893
1870,0.407079,0.415686,0.907967
1871,0.576508,0.596078,0.90835
1872,0.279989,0.309804,0.909239
1873,0.123444,0.121569,0.909242
1874,0.0867163,0.0666667,0.909644
1875,0.0639813,0.0666667,0.909651
1876,0.121908,0.113725,0.909718
1877,0.300015,0.309804,0.909814
1878,0.611734,0.611765,0.909814
1879,0.390483,0.419608,0.910662
1880,0.160318,0.14902,0.91079
1881,0.0739574,0.0745098,0.91079
1882,0.0626999,0.0627451,0.91079
1883,0.0903067,0.0901961,0.91079
1884,0.214369,0.219608,0.910818
1885,0.53754,0.541176,0.910831
1886,0.50815,0.541176,0.911922
1887,0.208695,0.219608,0.912041
1888,0.102079,0.0941176,0.912104
1889,0.0704719,0.0588235,0.91224
1890,0.0638408,0.0745098,0.912354
1891,0.163425,0.152941,0.912464
1892,0.413248,0.415686,0.91247
1893,0.612872,0.635294,0.912972
1894,0.275828,0.317647,0.914721
1895,0.126828,0.113725,0.914893
1896,0.0832363,0.0666667,0.915167
1897,0.0630766,0.0627451,0.915168
1898,0.10421,0.105882,0.91517
1899,0.284895,0.278431,0.915212
1900,0.613241,0.623529,0.915318
1901,0.405892,0.466667,0.919011
1902,0.168597,0.164706,0.919027
1903,0.0912107,0.0745098,0.919306
1904,0.0534915,0.0588235,0.919334
1905,0.075286,0.0745098,0.919335
1906,0.174774,0.176471,0.919337
1907,0.486439,0.498039,0.919472
1908,0.595972,0.619608,0.920031
1909,0.234892,0.254902,0.920431
1910,0.0964358,0.0941176,0.920436
1911,0.0676542,0.054902,0.920599
1912,0.0560521,0.0588235,0.920607
1913,0.117953,0.109804,0.920673
1914,0.320993,0.321569,0.920673
1915,0.664354,0.666667,0.920679
1916,0.38161,0.423529,0.922436
1917,0.148843,0.137255,0.92257
1918,0.0814057,0.0627451,0.922919
1919,0.0472346,0.0509804,0.922933
1920,0.0725319,0.0705882,0.922936
1921,0.17879,0.184314,0.922967
1922,0.525375,0.533333,0.92303
1923,0.613425,0.619608,0.923068
1924,0.21933,0.235294,0.923323
1925,0.0892979,0.0823529,0.923371
1926,0.0608379,0.0509804,0.923469
1927,0.0532344,0.054902,0.923471
1928,0.110849,0.105882,0.923496
1929,0.32352,0.32549,0.9235
1930,0.691392,0.698039,0.923544
1931,0.377986,0.423529,0.925618
1932,0.137544,0.133333,0.925636
1933,0.0843355,0.0588235,0.926287
1934,0.0424122,0.0470588,0.926309
1935,0.0643098,0.0666667,0.926314
1936,0.172335,0.164706,0.926372
1937,0.498199,0.517647,0.926751
1938,0.655467,0.662745,0.926804
1939,0.236786,0.247059,0.926909
1940,0.0850768,0.0823529,0.926916
1941,0.0545417,0.0509804,0.926929
1942,0.0479895,0.0470588,0.92693
1943,0.0871893,0.0862745,0.926931
1944,0.275707,0.266667,0.927013
1945,0.676136,0.694118,0.927336
1946,0.459873,0.505882,0.929453
1947,0.148485,0.152941,0.929473
1948,0.0838805,0.0588235,0.930101
1949,0.0352239,0.0431373,0.930163
1950,0.0496175,0.0509804,0.930165
1951,0.118706,0.117647,0.930166
1952,0.395937,0.407843,0.930308
1953,0.763183,0.74902,0.930508
1954,0.32089,0.341176,0.93092
1955,0.103742,0.0980392,0.930953
1956,0.0636689,0.0470588,0.931228
1957,0.0379881,0.0392157,0.93123
1958,0.0617171,0.054902,0.931276
1959,0.156463,0.160784,0.931295
1960,0.526648,0.560784,0.93246
1961,0.716392,0.698039,0.932797
1962,0.214653,0.231373,0.933077
1963,0.0766163,0.0705882,0.933113
1964,0.041917,0.0431373,0.933115
1965,0.0402175,0.0392157,0.933116
1966,0.0717396,0.0666667,0.933141
1967,0.225302,0.207843,0.933446
1968,0.638317,0.682353,0.935385
1969,0.590049,0.619608,0.936259
1970,0.156235,0.172549,0.936525
1971,0.0783244,0.054902,0.937074
1972,0.0252393,0.0392157,0.937269
1973,0.0330664,0.0352941,0.937274
1974,0.0637149,0.0627451,0.937275
1975,0.238792,0.231373,0.93733
1976,0.714261,0.752941,0.938826
1977,0.57565,0.580392,0.938849
1978,0.123886,0.145098,0.939299
1979,0.0559866,0.0509804,0.939324
1980,0.015889,0.0313725,0.939563
1981,0.0232404,0.0352941,0.939709
1982,0.0739881,0.054902,0.940073
1983,0.213665,0.203922,0.940168
1984,0.687235,0.74902,0.943985
1985,0.651737,0.643137,0.944059
1986,0.130514,0.152941,0.944562
1987,0.0485489,0.0470588,0.944564
1988,0.0138408,0.0313725,0.944872
1989,0.0183538,0.027451,0.944955
1990,0.0419941,0.0352941,0.944999
1991,0.144485,0.109804,0.946202
1992,0.466896,0.537255,0.951153
1993,0.94538,0.909804,0.952418
1994,0.279676,0.254902,0.953032
1995,0.0570477,0.0588235,0.953035
1996,0.0326785,0.027451,0.953063
1997,0.0434643,0.0235294,0.95346
1998,0.0342804,0.0196078,0.953675
1999,0.034396,0.0235294,0.953793
2000,0.122156,0.0862745,0.955081
2001,0.440704,0.52549,0.962269
2002,1.00428,1,0.962288
2003,0.342888,0.262745,0.968711
2004,0.0564865,0.054902,0.968713
2005,0.0535065,0.0313725,0.969203
2006,0.0633811,0.0235294,0.970791
2007,0.0272855,0.0156863,0.970926
2008,0.00048647,0.0156863,0.971157
2009,0.0706599,0.0156863,0.974179
2010,0.117428,0.0313725,0.981584
2011,0.229959,0.113725,0.995095
2012,0.171575,0.129412,0.996872
2013,-0.0763303,0.0901961,1.0246
2014,-0.0780826,0.0901961,1.05292
2015,0.142466,0.109804,1.05399
2016,0.203177,0.14902,1.05692
2017,0.250764,0.211765,1.05844
2018,0.330532,0.278431,1.06116
2019,0.322906,0.298039,1.06177
2020,0.242359,0.247059,1.0618
2021,0.169081,0.184314,1.06203
2022,0.12612,0.160784,1.06323
2023,0.148261,0.172549,1.06382
2024,0.215479,0.219608,1.06384
2025,0.292806,0.282353,1.06395
2026,0.314135,0.290196,1.06452
2027,0.251765,0.243137,1.06459
2028,0.182592,0.184314,1.0646
2029,0.157922,0.160784,1.06461
2030,0.178857,0.184314,1.06464
2031,0.244898,0.239216,1.06467
2032,0.30951,0.301961,1.06472
2033,0.309202,0.294118,1.06495
2034,0.240328,0.235294,1.06498
2035,0.174741,0.180392,1.06501
2036,0.161209,0.160784,1.06501
2037,0.185621,0.188235,1.06502
2038,0.251959,0.247059,1.06504
2039,0.316067,0.305882,1.06514
2040,0.306366,0.294118,1.06529
2041,0.233788,0.227451,1.06533
2042,0.170037,0.172549,1.06534
2043,0.157821,0.156863,1.06534
2044,0.189242,0.192157,1.06535
2045,0.265096,0.254902,1.06545
2046,0.327426,0.317647,1.06555
2047,0.303702,0.298039,1.06558
2048,0.224686,0.223529,1.06558
2049,0.162248,0.168627,1.06562
2050,0.154451,0.156863,1.06563
2051,0.189674,0.192157,1.06564
2052,0.267244,0.266667,1.06564
2053,0.335252,0.32549,1.06573
2054,0.301914,0.290196,1.06587
2055,0.212738,0.211765,1.06587
2056,0.154568,0.160784,1.06591
2057,0.155485,0.156863,1.06591
2058,0.199303,0.196078,1.06592
2059,0.279117,0.27451,1.06594
2060,0.34178,0.333333,1.06601
2061,0.298588,0.286275,1.06616
2062,0.206291,0.207843,1.06617
2063,0.150895,0.152941,1.06617
2064,0.148981,0.152941,1.06619
2065,0.201152,0.2,1.06619
2066,0.293068,0.286275,1.06623
2067,0.351274,0.341176,1.06634
2068,0.293356,0.286275,1.06639
2069,0.196691,0.2,1.0664
2070,0.143414,0.14902,1.06643
2071,0.14969,0.152941,1.06644
2072,0.204545,0.203922,1.06644
2073,0.299458,0.294118,1.06647
2074,0.356188,0.345098,1.06659
2075,0.28935,0.286275,1.0666
2076,0.190801,0.192157,1.0666
2077,0.138632,0.145098,1.06664
2078,0.148717,0.14902,1.06664
2079,0.204707,0.207843,1.06665
2080,0.310665,0.309804,1.06666
2081,0.365788,0.356863,1.06673
2082,0.281978,0.282353,1.06673
2083,0.177156,0.184314,1.06679
2084,0.132526,0.141176,1.06686
2085,0.148866,0.14902,1.06686
2086,0.208956,0.211765,1.06687
2087,0.318903,0.321569,1.06688
2088,0.369025,0.364706,1.06689
2089,0.276438,0.27451,1.0669
2090,0.168675,0.180392,1.06704
2091,0.130532,0.137255,1.06708
2092,0.146043,0.14902,1.06709
2093,0.213267,0.219608,1.06713
2094,0.331765,0.333333,1.06713
2095,0.36879,0.368627,1.06713
2096,0.265883,0.270588,1.06715
2097,0.162726,0.172549,1.06725
2098,0.126327,0.137255,1.06737
2099,0.14951,0.145098,1.06739
2100,0.2109,0.219608,1.06747
2101,0.339011,0.345098,1.0675
2102,0.37772,0.376471,1.0675
2103,0.264805,0.270588,1.06754
2104,0.155282,0.164706,1.06763
2105,0.118948,0.129412,1.06774
2106,0.144703,0.145098,1.06774
2107,0.220095,0.223529,1.06775
2108,0.349562,0.352941,1.06776
2109,0.381116,0.380392,1.06776
2110,0.26133,0.266667,1.06779
2111,0.151545,0.160784,1.06787
2112,0.119745,0.12549,1.06791
2113,0.142218,0.145098,1.06792
2114,0.222256,0.227451,1.06794
2115,0.358411,0.368627,1.06805
2116,0.379512,0.392157,1.06821
2117,0.253118,0.262745,1.0683
2118,0.144003,0.160784,1.06858
2119,0.118933,0.12549,1.06862
2120,0.139735,0.141176,1.06863
2121,0.216922,0.227451,1.06874
2122,0.363752,0.372549,1.06881
2123,0.385495,0.4,1.06902
2124,0.250798,0.258824,1.06909
2125,0.140872,0.152941,1.06923
2126,0.111872,0.117647,1.06927
2127,0.136802,0.137255,1.06927
2128,0.221235,0.223529,1.06927
2129,0.374545,0.376471,1.06928
2130,0.399181,0.407843,1.06935
2131,0.256264,0.258824,1.06936
2132,0.139691,0.14902,1.06945
2133,0.109666,0.117647,1.06951
2134,0.135704,0.133333,1.06952
2135,0.213802,0.223529,1.06961
2136,0.378858,0.384314,1.06964
2137,0.404385,0.419608,1.06987
2138,0.251559,0.266667,1.0701
2139,0.139481,0.14902,1.07019
2140,0.108252,0.109804,1.07019
2141,0.125011,0.129412,1.07021
2142,0.213765,0.215686,1.07022
2143,0.379229,0.388235,1.0703
2144,0.414631,0.431373,1.07058
2145,0.260287,0.266667,1.07062
2146,0.135711,0.145098,1.07071
2147,0.104658,0.105882,1.07071
2148,0.122813,0.12549,1.07071
2149,0.209263,0.211765,1.07072
2150,0.38222,0.388235,1.07076
2151,0.426542,0.443137,1.07103
2152,0.262743,0.27451,1.07117
2153,0.139439,0.14902,1.07126
2154,0.106549,0.101961,1.07128
2155,0.113546,0.117647,1.0713
2156,0.1983,0.2,1.0713
2157,0.377327,0.376471,1.0713
2158,0.449382,0.454902,1.07133
2159,0.276527,0.282353,1.07137
2160,0.141168,0.145098,1.07138
2161,0.098648,0.0980392,1.07138
2162,0.112462,0.109804,1.07139
2163,0.186649,0.192157,1.07142
2164,0.374926,0.372549,1.07143
2165,0.469412,0.470588,1.07143
2166,0.28303,0.298039,1.07165
2167,0.145333,0.145098,1.07165
2168,0.0985717,0.0980392,1.07165
2169,0.109045,0.101961,1.0717
2170,0.168421,0.172549,1.07172
2171,0.352519,0.356863,1.07174
2172,0.49445,0.486275,1.07181
2173,0.310879,0.317647,1.07185
2174,0.148986,0.14902,1.07185
2175,0.0921025,0.0941176,1.07186
2176,0.100101,0.0941176,1.07189
2177,0.156093,0.156863,1.07189
2178,0.331599,0.337255,1.07193
2179,0.512656,0.501961,1.07204
2180,0.334572,0.341176,1.07208
2181,0.158833,0.160784,1.07209
2182,0.0937008,0.0941176,1.07209
2183,0.0939796,0.0941176,1.07209
2184,0.148574,0.145098,1.0721
2185,0.3024,0.313725,1.07223
2186,0.507052,0.505882,1.07223
2187,0.355924,0.372549,1.07251
2188,0.176052,0.172549,1.07252
2189,0.0940965,0.0941176,1.07252
2190,0.0882349,0.0901961,1.07252
2191,0.136799,0.129412,1.07258
2192,0.269808,0.282353,1.07273
2193,0.507076,0.501961,1.07276
2194,0.395424,0.411765,1.07303
2195,0.194569,0.188235,1.07307
2196,0.0929442,0.0980392,1.07309
2197,0.0858551,0.0862745,1.07309
2198,0.122009,0.113725,1.07316
2199,0.233197,0.243137,1.07326
2200,0.489793,0.490196,1.07326
2201,0.4385,0.454902,1.07353
2202,0.220093,0.215686,1.07355
2203,0.097701,0.105882,1.07362
2204,0.0831297,0.0823529,1.07362
2205,0.104888,0.101961,1.07363
2206,0.204362,0.211765,1.07368
2207,0.456131,0.458824,1.07369
2208,0.482982,0.501961,1.07405
2209,0.242118,0.247059,1.07407
2210,0.106874,0.113725,1.07412
2211,0.0844609,0.0784314,1.07416
2212,0.0932007,0.0941176,1.07416
2213,0.180518,0.176471,1.07417
2214,0.40472,0.411765,1.07422
2215,0.525927,0.541176,1.07445
2216,0.280974,0.294118,1.07463
2217,0.127456,0.129412,1.07463
2218,0.0881724,0.0823529,1.07467
2219,0.084131,0.0823529,1.07467
2220,0.143403,0.145098,1.07467
2221,0.345396,0.352941,1.07473
2222,0.559122,0.564706,1.07476
2223,0.325882,0.356863,1.07572
2224,0.149593,0.141176,1.07579
2225,0.0818448,0.0784314,1.0758
2226,0.0759339,0.0784314,1.07581
2227,0.12874,0.12549,1.07582
2228,0.288416,0.294118,1.07585
2229,0.556532,0.560784,1.07587
2230,0.376355,0.431373,1.0789
2231,0.180433,0.176471,1.07891
2232,0.102372,0.0901961,1.07906
2233,0.0757405,0.0745098,1.07906
2234,0.0985337,0.101961,1.07907
2235,0.22541,0.231373,1.07911
2236,0.512856,0.517647,1.07913
2237,0.463088,0.505882,1.08096
2238,0.210948,0.219608,1.08104
2239,0.100438,0.101961,1.08104
2240,0.0786576,0.0745098,1.08106
2241,0.0870161,0.0862745,1.08106
2242,0.174612,0.176471,1.08106
2243,0.432927,0.443137,1.08117
2244,0.545712,0.572549,1.08189
2245,0.260877,0.282353,1.08235
2246,0.115468,0.113725,1.08235
2247,0.0792494,0.0705882,1.08243
2248,0.0742109,0.0745098,1.08243
2249,0.138849,0.133333,1.08246
2250,0.341414,0.345098,1.08247
2251,0.599354,0.603922,1.08249
2252,0.337861,0.376471,1.08398
2253,0.150391,0.141176,1.08407
2254,0.0857731,0.0745098,1.08419
2255,0.0649045,0.0666667,1.0842
2256,0.103786,0.101961,1.0842
2257,0.250588,0.254902,1.08422
2258,0.567101,0.572549,1.08425
2259,0.44349,0.486275,1.08608
2260,0.189281,0.188235,1.08608
2261,0.0901246,0.0823529,1.08614
2262,0.0651546,0.0627451,1.08615
2263,0.0804172,0.0784314,1.08615
2264,0.173664,0.180392,1.08619
2265,0.471892,0.47451,1.0862
2266,0.581062,0.592157,1.08632
2267,0.246141,0.266667,1.08675
2268,0.105743,0.101961,1.08676
2269,0.0779703,0.0627451,1.08699
2270,0.0660004,0.0666667,1.08699
2271,0.127997,0.12549,1.087
2272,0.342782,0.34902,1.08704
2273,0.634432,0.635294,1.08704
2274,0.345118,0.384314,1.08857
2275,0.14273,0.137255,1.0886
2276,0.0870561,0.0705882,1.08888
2277,0.0590094,0.0588235,1.08888
2278,0.0887637,0.0901961,1.08888
2279,0.231409,0.223529,1.08894
2280,0.558464,0.568627,1.08904
2281,0.49883,0.533333,1.09023
2282,0.203295,0.196078,1.09029
2283,0.0789426,0.0823529,1.0903
2284,0.0554482,0.054902,1.0903
2285,0.0641717,0.0666667,1.0903
2286,0.148514,0.141176,1.09036
2287,0.409681,0.419608,1.09046
2288,0.651242,0.647059,1.09047
2289,0.304244,0.313725,1.09056
2290,0.112472,0.109804,1.09057
2291,0.0696467,0.0588235,1.09069
2292,0.0540044,0.054902,1.09069
2293,0.0978773,0.0941176,1.0907
2294,0.263612,0.266667,1.09071
2295,0.62589,0.631373,1.09074
2296,0.454594,0.490196,1.09201
2297,0.168565,0.164706,1.09202
2298,0.0792976,0.0745098,1.09205
2299,0.0511545,0.0509804,1.09205
2300,0.0606318,0.0666667,1.09208
2301,0.160159,0.152941,1.09214
2302,0.452243,0.466667,1.09234
2303,0.650353,0.658824,1.09242
2304,0.266128,0.282353,1.09268
2305,0.102563,0.0941176,1.09275
2306,0.0637868,0.054902,1.09283
2307,0.0528295,0.0509804,1.09283
2308,0.0921722,0.0941176,1.09284
2309,0.279814,0.266667,1.09301
2310,0.650062,0.658824,1.09309
2311,0.444317,0.490196,1.09519
2312,0.16112,0.156863,1.09521
2313,0.0813266,0.0666667,1.09542
2314,0.0420971,0.0470588,1.09545
2315,0.0549507,0.0588235,1.09546
2316,0.141905,0.141176,1.09546
2317,0.441809,0.45098,1.09555
2318,0.701484,0.698039,1.09556
2319,0.273434,0.298039,1.09617
2320,0.100459,0.0980392,1.09617
2321,0.0669464,0.0509804,1.09643
2322,0.0468401,0.0470588,1.09643
2323,0.0841778,0.0784314,1.09646
2324,0.234149,0.223529,1.09657
2325,0.614462,0.643137,1.09739
2326,0.530542,0.568627,1.09885
2327,0.17454,0.180392,1.09888
2328,0.0840976,0.0705882,1.09906
2329,0.0406218,0.0470588,1.0991
2330,0.045174,0.0509804,1.09914
2331,0.113308,0.105882,1.09919
2332,0.352404,0.352941,1.09919
2333,0.738889,0.745098,1.09923
2334,0.357921,0.396078,1.10069
2335,0.121893,0.113725,1.10075
2336,0.0684551,0.0509804,1.10106
2337,0.0360864,0.0431373,1.10111
2338,0.061606,0.054902,1.10115
2339,0.141672,0.145098,1.10117
2340,0.479076,0.501961,1.10169
2341,0.740418,0.737255,1.1017
2342,0.239608,0.270588,1.10266
2343,0.0947699,0.0823529,1.10281
2344,0.0573973,0.0470588,1.10292
2345,0.0406874,0.0392157,1.10292
2346,0.0678447,0.0627451,1.10295
2347,0.204149,0.188235,1.1032
2348,0.592053,0.631373,1.10475
2349,0.64053,0.662745,1.10524
2350,0.172824,0.2,1.10598
2351,0.0941329,0.0666667,1.10673
2352,0.0376149,0.0392157,1.10674
2353,0.0333837,0.0352941,1.10674
2354,0.0719197,0.0627451,1.10682
2355,0.230435,0.215686,1.10704
2356,0.674812,0.713725,1.10856
2357,0.601262,0.619608,1.10889
2358,0.142632,0.164706,1.10938
2359,0.0779177,0.054902,1.10991
2360,0.0296812,0.0352941,1.10994
2361,0.0274867,0.0313725,1.10996
2362,0.0578647,0.054902,1.10997
2363,0.216657,0.2,1.11024
2364,0.678144,0.729412,1.11287
2365,0.654839,0.662745,1.11293
2366,0.134392,0.164706,1.11385
2367,0.0736118,0.054902,1.1142
2368,0.0255856,0.0313725,1.11424
2369,0.0181404,0.0313725,1.11441
2370,0.0624041,0.0352941,1.11515
2371,0.137192,0.121569,1.11539
2372,0.499994,0.572549,1.12065
2373,0.916368,0.878431,1.12209
2374,0.234135,0.235294,1.12209
2375,0.0447632,0.0588235,1.12229
2376,0.031397,0.0313725,1.12229
2377,0.0415842,0.027451,1.12249
2378,0.0429818,0.027451,1.12273
2379,0.0744714,0.0352941,1.12427
2380,0.173139,0.141176,1.12529
2381,0.627773,0.745098,1.13905
2382,0.759409,0.843137,1.14607
2383,0.158134,0.164706,1.14611
2384,0.0387741,0.0431373,1.14613
2385,0.0263929,0.027451,1.14613
2386,0.0124217,0.0196078,1.14618
2387,0.0151628,0.0156863,1.14618
2388,0.0491973,0.0156863,1.1473
2389,0.0917847,0.0117647,1.15371
2390,0.120803,0.0196078,1.16395
2391,0.10328,0.0627451,1.16559
2392,-0.11077,0.0431373,1.18928
2393,-0.383808,0.027451,1.35841
2394,-0.246239,0.0392157,1.4399
2395,-0.0511701,0.0666667,1.45378
2396,0.0188922,0.109804,1.46205
2397,0.131276,0.14902,1.46236
2398,0.212155,0.180392,1.46337
2399,0.2441,0.211765,1.46442
2400,0.265754,0.247059,1.46477
2401,0.254408,0.258824,1.46479
2402,0.209134,0.231373,1.46528
2403,0.169607,0.2,1.4662
2404,0.158128,0.180392,1.4667
2405,0.177358,0.196078,1.46705
2406,0.230898,0.223529,1.4671
2407,0.264975,0.254902,1.46721
2408,0.264649,0.258824,1.46724
2409,0.234286,0.231373,1.46725
2410,0.200479,0.203922,1.46726
2411,0.191553,0.184314,1.46731
2412,0.200452,0.2,1.46731
2413,0.241078,0.227451,1.4675
2414,0.276426,0.258824,1.46781
2415,0.279437,0.262745,1.46809
2416,0.246974,0.227451,1.46847
2417,0.203125,0.203922,1.46847
2418,0.194419,0.188235,1.46851
2419,0.206742,0.203922,1.46851
2420,0.243252,0.239216,1.46853
2421,0.278836,0.266667,1.46868
2422,0.271902,0.262745,1.46876
2423,0.233734,0.231373,1.46877
2424,0.199757,0.2,1.46877
2425,0.188192,0.188235,1.46877
2426,0.206928,0.203922,1.46878
2427,0.245755,0.247059,1.46878
2428,0.282624,0.27451,1.46885
2429,0.27301,0.266667,1.46889
2430,0.227347,0.227451,1.46889
2431,0.189935,0.196078,1.46892
2432,0.185471,0.188235,1.46893
2433,0.210228,0.211765,1.46893
2434,0.252963,0.254902,1.46894
2435,0.283283,0.278431,1.46896
2436,0.265783,0.262745,1.46897
2437,0.219201,0.219608,1.46897
2438,0.185862,0.188235,1.46898
2439,0.185186,0.184314,1.46898
2440,0.21492,0.215686,1.46898
2441,0.265108,0.262745,1.46898
2442,0.293057,0.290196,1.46899
2443,0.264887,0.266667,1.46899
2444,0.211117,0.215686,1.46901
2445,0.175798,0.188235,1.46917
2446,0.182553,0.192157,1.46926
2447,0.218464,0.223529,1.46929
2448,0.264567,0.270588,1.46932
2449,0.285818,0.286275,1.46932
2450,0.253688,0.262745,1.46941
2451,0.205072,0.211765,1.46945
2452,0.177234,0.184314,1.4695
2453,0.182258,0.188235,1.46954
2454,0.220539,0.231373,1.46965
2455,0.276535,0.278431,1.46966
2456,0.292139,0.290196,1.46966
2457,0.247672,0.258824,1.46979
2458,0.196112,0.207843,1.46992
2459,0.173665,0.184314,1.47004
2460,0.18609,0.192157,1.47007
2461,0.225168,0.235294,1.47018
2462,0.276905,0.282353,1.47021
2463,0.289415,0.301961,1.47036
2464,0.243414,0.254902,1.47049
2465,0.190093,0.203922,1.47069
2466,0.166691,0.180392,1.47087
2467,0.183123,0.196078,1.47104
2468,0.231202,0.243137,1.47118
2469,0.284968,0.294118,1.47127
2470,0.285434,0.301961,1.47154
2471,0.232732,0.247059,1.47175
2472,0.182297,0.2,1.47206
2473,0.166974,0.176471,1.47215
2474,0.183835,0.196078,1.4723
2475,0.236869,0.25098,1.4725
2476,0.294459,0.305882,1.47263
2477,0.286463,0.305882,1.47301
2478,0.225801,0.247059,1.47346
2479,0.175135,0.192157,1.47375
2480,0.159173,0.172549,1.47393
2481,0.184047,0.196078,1.47407
2482,0.243199,0.258824,1.47432
2483,0.302169,0.309804,1.47437
2484,0.288509,0.298039,1.47447
2485,0.220158,0.239216,1.47483
2486,0.171384,0.184314,1.475
2487,0.161296,0.172549,1.47512
2488,0.191546,0.203922,1.47528
2489,0.253977,0.266667,1.47544
2490,0.304912,0.321569,1.47571
2491,0.280443,0.298039,1.47602
2492,0.212447,0.235294,1.47655
2493,0.163885,0.180392,1.47682
2494,0.158014,0.168627,1.47693
2495,0.189619,0.207843,1.47726
2496,0.262717,0.270588,1.47732
2497,0.311595,0.329412,1.47764
2498,0.275963,0.301961,1.47832
2499,0.208557,0.223529,1.47854
2500,0.156609,0.176471,1.47894
2501,0.157393,0.168627,1.47906
2502,0.193608,0.211765,1.47939
2503,0.269613,0.286275,1.47967
2504,0.317792,0.341176,1.48022
2505,0.267249,0.298039,1.48116
2506,0.19478,0.219608,1.48178
2507,0.152944,0.168627,1.48203
2508,0.152902,0.164706,1.48217
2509,0.195638,0.215686,1.48257
2510,0.281654,0.298039,1.48284
2511,0.325334,0.345098,1.48323
2512,0.264946,0.294118,1.48408
2513,0.18732,0.211765,1.48468
2514,0.148613,0.164706,1.48494
2515,0.154859,0.164706,1.48503
2516,0.200642,0.215686,1.48526
2517,0.286606,0.305882,1.48563
2518,0.330626,0.352941,1.48613
2519,0.265151,0.286275,1.48657
2520,0.181488,0.2,1.48692
2521,0.140805,0.156863,1.48717
2522,0.153721,0.160784,1.48722
2523,0.207382,0.219608,1.48737
2524,0.303075,0.313725,1.48749
2525,0.340315,0.360784,1.48791
2526,0.26051,0.286275,1.48857
2527,0.177849,0.196078,1.4889
2528,0.138589,0.152941,1.48911
2529,0.149785,0.160784,1.48923
2530,0.208616,0.227451,1.48958
2531,0.31121,0.329412,1.48992
2532,0.338919,0.364706,1.49058
2533,0.249781,0.278431,1.4914
2534,0.166575,0.184314,1.49172
2535,0.133992,0.14902,1.49194
2536,0.153534,0.160784,1.49199
2537,0.215512,0.227451,1.49214
2538,0.319771,0.337255,1.49244
2539,0.345395,0.368627,1.49298
2540,0.251909,0.270588,1.49333
2541,0.162046,0.180392,1.49367
2542,0.131836,0.145098,1.49384
2543,0.150576,0.156863,1.49388
2544,0.217653,0.231373,1.49407
2545,0.332565,0.34902,1.49434
2546,0.349623,0.372549,1.49487
2547,0.246799,0.266667,1.49526
2548,0.15573,0.172549,1.49555
2549,0.126555,0.137255,1.49566
2550,0.1486,0.152941,1.49568
2551,0.222936,0.235294,1.49583
2552,0.346201,0.356863,1.49595
2553,0.359452,0.376471,1.49623
2554,0.244247,0.262745,1.49658
2555,0.151178,0.164706,1.49676
2556,0.123683,0.133333,1.49685
2557,0.149222,0.14902,1.49685
2558,0.222625,0.235294,1.49701
2559,0.355866,0.368627,1.49718
2560,0.367928,0.388235,1.49759
2561,0.242442,0.258824,1.49786
2562,0.143857,0.160784,1.49814
2563,0.119551,0.129412,1.49824
2564,0.145166,0.14902,1.49826
2565,0.225769,0.239216,1.49844
2566,0.363895,0.376471,1.4986
2567,0.366775,0.392157,1.49924
2568,0.23711,0.258824,1.49971
2569,0.143736,0.156863,1.49988
2570,0.118274,0.121569,1.49989
2571,0.138507,0.145098,1.49994
2572,0.228179,0.239216,1.50006
2573,0.375687,0.384314,1.50013
2574,0.376631,0.4,1.50068
2575,0.236875,0.254902,1.501
2576,0.138603,0.14902,1.50111
2577,0.114529,0.121569,1.50116
2578,0.142394,0.145098,1.50117
2579,0.227392,0.239216,1.50131
2580,0.379221,0.392157,1.50148
2581,0.377202,0.407843,1.50242
2582,0.235224,0.254902,1.5028
2583,0.137503,0.145098,1.50286
2584,0.111777,0.117647,1.5029
2585,0.136124,0.141176,1.50292
2586,0.226326,0.235294,1.503
2587,0.386077,0.4,1.5032
2588,0.384233,0.419608,1.50445
2589,0.236698,0.254902,1.50478
2590,0.134376,0.145098,1.50489
2591,0.110583,0.113725,1.5049
2592,0.129867,0.141176,1.50503
2593,0.227798,0.231373,1.50504
2594,0.386834,0.403922,1.50534
2595,0.382758,0.431373,1.5077
2596,0.237412,0.262745,1.50834
2597,0.140083,0.145098,1.50837
2598,0.109179,0.109804,1.50837
2599,0.122207,0.12549,1.50838
2600,0.208585,0.223529,1.5086
2601,0.395149,0.4,1.50862
2602,0.419691,0.447059,1.50937
2603,0.241174,0.270588,1.51024
2604,0.136141,0.145098,1.51032
2605,0.107607,0.105882,1.51032
2606,0.120266,0.12549,1.51035
2607,0.206685,0.211765,1.51037
2608,0.382809,0.4,1.51067
2609,0.420806,0.462745,1.51243
2610,0.252272,0.278431,1.51311
2611,0.138886,0.145098,1.51315
2612,0.104771,0.105882,1.51315
2613,0.114582,0.113725,1.51315
2614,0.186157,0.2,1.51335
2615,0.380244,0.388235,1.51341
2616,0.45184,0.478431,1.51412
2617,0.260986,0.298039,1.51549
2618,0.144107,0.14902,1.51551
2619,0.104719,0.101961,1.51552
2620,0.107696,0.109804,1.51553
2621,0.178728,0.184314,1.51556
2622,0.360089,0.372549,1.51571
2623,0.467079,0.494118,1.51644
2624,0.279084,0.309804,1.51739
2625,0.146503,0.152941,1.51743
2626,0.101462,0.0980392,1.51744
2627,0.101541,0.105882,1.51746
2628,0.170225,0.168627,1.51746
2629,0.34002,0.352941,1.51763
2630,0.481744,0.509804,1.51842
2631,0.298641,0.345098,1.52057
2632,0.163793,0.160784,1.52058
2633,0.103035,0.0980392,1.52061
2634,0.0935485,0.0980392,1.52063
2635,0.150817,0.152941,1.52063
2636,0.313916,0.317647,1.52065
2637,0.499947,0.517647,1.52096
2638,0.322271,0.372549,1.52349
2639,0.174522,0.172549,1.52349
2640,0.102002,0.101961,1.52349
2641,0.0922649,0.0941176,1.52349
2642,0.133151,0.133333,1.52349
2643,0.275738,0.290196,1.5237
2644,0.499919,0.513725,1.52389
2645,0.366909,0.415686,1.52627
2646,0.186942,0.196078,1.52636
2647,0.107869,0.105882,1.52636
2648,0.0881377,0.0823529,1.52639
2649,0.111838,0.117647,1.52643
2650,0.248349,0.25098,1.52644
2651,0.490736,0.498039,1.52649
2652,0.416208,0.458824,1.5283
2653,0.210459,0.215686,1.52833
2654,0.1043,0.105882,1.52833
2655,0.0882677,0.0784314,1.52843
2656,0.103092,0.105882,1.52844
2657,0.215376,0.215686,1.52844
2658,0.460996,0.462745,1.52844
2659,0.474115,0.505882,1.52945
2660,0.236706,0.25098,1.52966
2661,0.117658,0.113725,1.52967
2662,0.0901867,0.0823529,1.52973
2663,0.0951008,0.0941176,1.52973
2664,0.174435,0.180392,1.52977
2665,0.409429,0.411765,1.52977
2666,0.525346,0.54902,1.53033
2667,0.263835,0.298039,1.5315
2668,0.129522,0.12549,1.53152
2669,0.0903064,0.0784314,1.53166
2670,0.0821115,0.0823529,1.53166
2671,0.145444,0.145098,1.53166
2672,0.346376,0.352941,1.5317
2673,0.564762,0.572549,1.53177
2674,0.322119,0.356863,1.53297
2675,0.148275,0.14902,1.53297
2676,0.0932988,0.0823529,1.53309
2677,0.0768157,0.0784314,1.5331
2678,0.12299,0.121569,1.5331
2679,0.281849,0.290196,1.53317
2680,0.550981,0.560784,1.53326
2681,0.384217,0.435294,1.53587
2682,0.18082,0.180392,1.53587
2683,0.098777,0.0862745,1.53603
2684,0.0736961,0.0745098,1.53603
2685,0.103646,0.0980392,1.53606
2686,0.214577,0.223529,1.53614
2687,0.50637,0.517647,1.53627
2688,0.478295,0.513725,1.53752
2689,0.219057,0.223529,1.53754
2690,0.0964381,0.101961,1.53757
2691,0.0784757,0.0705882,1.53764
2692,0.0809415,0.0862745,1.53766
2693,0.177933,0.168627,1.53775
2694,0.419596,0.435294,1.538
2695,0.552246,0.584314,1.53903
2696,0.271899,0.290196,1.53936
2697,0.119285,0.117647,1.53936
2698,0.0799135,0.0745098,1.53939
2699,0.0731419,0.0745098,1.53939
2700,0.131954,0.129412,1.5394
2701,0.330668,0.341176,1.53951
2702,0.592767,0.607843,1.53974
2703,0.340067,0.388235,1.54206
2704,0.151809,0.145098,1.5421
2705,0.0882299,0.0784314,1.5422
2706,0.0646304,0.0666667,1.5422
2707,0.100049,0.0980392,1.54221
2708,0.239976,0.243137,1.54222
2709,0.556064,0.564706,1.54229
2710,0.459045,0.505882,1.54449
2711,0.193714,0.2,1.54453
2712,0.0969682,0.0901961,1.54457
2713,0.0671925,0.0627451,1.54459
2714,0.0750479,0.0784314,1.5446
2715,0.174341,0.172549,1.54461
2716,0.452024,0.458824,1.54465
2717,0.581036,0.611765,1.5456
2718,0.247053,0.278431,1.54658
2719,0.110483,0.109804,1.54658
2720,0.0807762,0.0666667,1.54678
2721,0.0670805,0.0666667,1.54678
2722,0.121481,0.117647,1.5468
2723,0.320871,0.32549,1.54682
2724,0.624795,0.635294,1.54693
2725,0.363311,0.411765,1.54928
2726,0.152442,0.141176,1.5494
2727,0.0807158,0.0705882,1.5495
2728,0.0546959,0.0588235,1.54952
2729,0.0862672,0.0862745,1.54952
2730,0.214808,0.211765,1.54953
2731,0.542605,0.54902,1.54957
2732,0.525789,0.564706,1.55109
2733,0.207178,0.215686,1.55116
2734,0.0951432,0.0901961,1.55118
2735,0.0636168,0.0588235,1.55121
2736,0.0618003,0.0666667,1.55123
2737,0.141661,0.133333,1.5513
2738,0.384624,0.392157,1.55136
2739,0.648871,0.662745,1.55155
2740,0.307993,0.345098,1.55293
2741,0.126646,0.117647,1.55301
2742,0.0774099,0.0627451,1.55322
2743,0.0534137,0.054902,1.55322
2744,0.090041,0.0862745,1.55324
2745,0.236309,0.243137,1.55328
2746,0.6016,0.607843,1.55332
2747,0.497516,0.529412,1.55434
2748,0.176674,0.188235,1.55447
2749,0.0930359,0.0745098,1.55482
2750,0.0559673,0.054902,1.55482
2751,0.0657401,0.0627451,1.55483
2752,0.137861,0.137255,1.55483
2753,0.411909,0.423529,1.55496
2754,0.679491,0.686275,1.55501
2755,0.286157,0.321569,1.55626
2756,0.110327,0.105882,1.55628
2757,0.0750783,0.0588235,1.55655
2758,0.0499443,0.054902,1.55657
2759,0.0917671,0.0823529,1.55666
2760,0.230844,0.239216,1.55673
2761,0.610109,0.631373,1.55718
2762,0.503481,0.545098,1.55891
2763,0.168359,0.176471,1.55898
2764,0.0800417,0.0705882,1.55907
2765,0.042102,0.0470588,1.55909
2766,0.0529512,0.0588235,1.55913
2767,0.136598,0.121569,1.55935
2768,0.385594,0.388235,1.55936
2769,0.714816,0.717647,1.55937
2770,0.322759,0.352941,1.56028
2771,0.119483,0.109804,1.56037
2772,0.0718537,0.0509804,1.56081
2773,0.0399064,0.0470588,1.56086
2774,0.0771688,0.0666667,1.56097
2775,0.183896,0.184314,1.56097
2776,0.550797,0.580392,1.56185
2777,0.627893,0.635294,1.5619
2778,0.203076,0.215686,1.56206
2779,0.0814773,0.0745098,1.56211
2780,0.0457452,0.0431373,1.56212
2781,0.0404104,0.0470588,1.56216
2782,0.101433,0.0862745,1.56239
2783,0.284652,0.286275,1.56239
2784,0.710293,0.72549,1.56262
2785,0.454356,0.482353,1.56341
2786,0.139317,0.137255,1.56341
2787,0.0713827,0.054902,1.56368
2788,0.0316059,0.0392157,1.56374
2789,0.0444859,0.0470588,1.56375
2790,0.112408,0.109804,1.56376
2791,0.386293,0.4,1.56394
2792,0.794462,0.776471,1.56427
2793,0.338679,0.34902,1.56437
2794,0.10049,0.0941176,1.56441
2795,0.0545277,0.0470588,1.56447
2796,0.0362503,0.0392157,1.56448
2797,0.0566512,0.0470588,1.56457
2798,0.125404,0.137255,1.56471
2799,0.478333,0.505882,1.56547
2800,0.794612,0.772549,1.56596
2801,0.239667,0.266667,1.56669
2802,0.0795081,0.0784314,1.56669
2803,0.0441539,0.0392157,1.56671
2804,0.0396519,0.0352941,1.56673
2805,0.0641495,0.0470588,1.56702
2806,0.147205,0.141176,1.56706
2807,0.506453,0.556863,1.5696
2808,0.804127,0.776471,1.57037
2809,0.221863,0.239216,1.57067
2810,0.0726425,0.0705882,1.57067
2811,0.033547,0.0392157,1.5707
2812,0.0367519,0.0352941,1.5707
2813,0.0650325,0.0392157,1.57137
2814,0.125106,0.117647,1.57143
2815,0.455756,0.509804,1.57435
2816,0.889947,0.866667,1.57489
2817,0.26337,0.27451,1.57501
2818,0.0781809,0.0705882,1.57507
2819,0.0390034,0.0352941,1.57509
2820,0.0427205,0.0313725,1.57521
2821,0.0514296,0.0313725,1.57562
2822,0.0814561,0.054902,1.57632
2823,0.24795,0.270588,1.57683
2824,0.881256,0.933333,1.57955
2825,0.558295,0.533333,1.58017
2826,0.092307,0.101961,1.58026
2827,0.022045,0.0392157,1.58056
2828,0.0198871,0.027451,1.58061
2829,0.00389585,0.0235294,1.581
2830,0.0168651,0.0196078,1.58101
2831,0.0887698,0.0313725,1.5843
2832,0.183806,0.145098,1.5858
2833,0.701926,0.819608,1.59965
2834,0.575925,0.784314,1.64308
2835,0.136175,0.152941,1.64336
2836,0.0997636,0.0431373,1.64656
2837,0.0421657,0.0313725,1.64668
2838,-0.00822076,0.0196078,1.64745
2839,0.00352328,0.0235294,1.64785
2840,0.0827319,0.0431373,1.64942
2841,0.207298,0.203922,1.64943
2842,0.83496,0.709804,1.6651
2843,0.694718,0.584314,1.67729
2844,0.115957,0.164706,1.67966
2845,0.0434681,0.0627451,1.68003
2846,0.0455728,0.0431373,1.68004
2847,0.0659289,0.0588235,1.68009
2848,0.148173,0.137255,1.68021
2849,0.405604,0.435294,1.68109
2850,0.674197,0.682353,1.68116
2851,0.293088,0.298039,1.68118
2852,0.0750871,0.0980392,1.68171
2853,0.0615187,0.0509804,1.68182
2854,0.0407875,0.0509804,1.68192
2855,0.0877024,0.0941176,1.68197
2856,0.274357,0.266667,1.68202
2857,0.645157,0.643137,1.68203
2858,0.463343,0.486275,1.68255
2859,0.164188,0.160784,1.68257
2860,0.0812452,0.0666667,1.68278
2861,0.0456693,0.0509804,1.68281
2862,0.0605416,0.0666667,1.68284
2863,0.15636,0.152941,1.68286
2864,0.456648,0.470588,1.68305
2865,0.658564,0.654902,1.68306
2866,0.270508,0.278431,1.68313
2867,0.0959529,0.0941176,1.68313
2868,0.0636694,0.0509804,1.68329
2869,0.0468827,0.0509804,1.68331
2870,0.0980307,0.0862745,1.68345
2871,0.257839,0.270588,1.68361
2872,0.659088,0.662745,1.68362
2873,0.478262,0.486275,1.68369
2874,0.153824,0.152941,1.68369
2875,0.0644212,0.0627451,1.68369
2876,0.0404996,0.0470588,1.68373
2877,0.0596674,0.054902,1.68376
2878,0.12634,0.141176,1.68398
2879,0.445483,0.45098,1.68401
2880,0.720035,0.698039,1.68449
2881,0.273358,0.290196,1.68477
2882,0.0823254,0.0941176,1.68491
2883,0.0594043,0.0470588,1.68506
2884,0.0466921,0.0392157,1.68512
2885,0.0695014,0.0745098,1.68515
2886,0.232803,0.223529,1.68523
2887,0.628796,0.643137,1.68544
2888,0.557479,0.564706,1.68549
2889,0.174583,0.176471,1.68549
2890,0.0734349,0.0666667,1.68554
2891,0.040925,0.0431373,1.68554
2892,0.0439913,0.0470588,1.68555
2893,0.102774,0.101961,1.68555
2894,0.345601,0.352941,1.68561
2895,0.755894,0.74902,1.68565
2896,0.376199,0.396078,1.68605
2897,0.116315,0.113725,1.68606
2898,0.0653833,0.0470588,1.68639
2899,0.0357823,0.0431373,1.68645
2900,0.0637711,0.054902,1.68653
2901,0.136756,0.137255,1.68653
2902,0.460697,0.494118,1.68764
2903,0.753461,0.741176,1.68779
2904,0.261057,0.27451,1.68797
2905,0.0865063,0.0784314,1.68804
2906,0.0493848,0.0431373,1.68808
2907,0.0353837,0.0352941,1.68808
2908,0.0603188,0.0627451,1.68808
2909,0.205568,0.180392,1.68872
2910,0.581316,0.619608,1.69018
2911,0.658267,0.682353,1.69076
2912,0.184395,0.207843,1.69131
2913,0.104009,0.0666667,1.69271
2914,0.0434524,0.0392157,1.69273
2915,0.0299233,0.0352941,1.69276
2916,0.0697349,0.0588235,1.69287
2917,0.214704,0.2,1.69309
2918,0.648404,0.694118,1.69518
2919,0.638323,0.647059,1.69526
2920,0.147028,0.172549,1.69591
2921,0.0711225,0.054902,1.69617
2922,0.0269062,0.0352941,1.69624
2923,0.0276904,0.0352941,1.6963
2924,0.0682808,0.0509804,1.6966
2925,0.192776,0.176471,1.69686
2926,0.622935,0.686275,1.70088
2927,0.713548,0.713725,1.70088
2928,0.149727,0.176471,1.70159
2929,0.0543984,0.0509804,1.7016
2930,0.0163162,0.0313725,1.70183
2931,0.0229918,0.027451,1.70185
2932,0.0442814,0.0352941,1.70193
2933,0.135658,0.0980392,1.70335
2934,0.419941,0.470588,1.70591
2935,0.968863,0.937255,1.70691
2936,0.338843,0.301961,1.70827
2937,0.0803298,0.0705882,1.70837
2938,0.041886,0.0352941,1.70841
2939,0.0498084,0.027451,1.70891
2940,0.0365544,0.0235294,1.70908
2941,0.0427926,0.0235294,1.70945
2942,0.117825,0.0823529,1.71071
2943,0.419569,0.482353,1.71465
2944,1.03376,1,1.71579
2945,0.346159,0.290196,1.71892
2946,0.0611171,0.0588235,1.71893
2947,0.0507519,0.0313725,1.7193
2948,0.067751,0.0235294,1.72126
2949,0.0267085,0.0196078,1.72131
2950,0.0122233,0.0196078,1.72136
2951,0.0845608,0.0156863,1.72611
2952,0.106713,0.0196078,1.73369
2953,0.182578,0.0627451,1.74805
2954,0.00511054,0.0745098,1.75287
2955,-0.229123,0.0431373,1.82699
2956,-0.255487,0.0509804,1.92092
2957,-0.0055633,0.0745098,1.92733
2958,0.0845351,0.121569,1.9287
2959,0.184686,0.180392,1.92872
2960,0.29293,0.258824,1.92988
2961,0.346054,0.298039,1.93219
2962,0.27235,0.262745,1.93228
2963,0.180007,0.2,1.93268
2964,0.126661,0.168627,1.93444
2965,0.135859,0.176471,1.93609
2966,0.196059,0.219608,1.93664
2967,0.269141,0.27451,1.93667
2968,0.292698,0.286275,1.93671
2969,0.244506,0.25098,1.93676
2970,0.186883,0.196078,1.93684
2971,0.163334,0.172549,1.93693
2972,0.179334,0.184314,1.93695
2973,0.227819,0.231373,1.93696
2974,0.290093,0.290196,1.93696
2975,0.304896,0.298039,1.93701
2976,0.249337,0.239216,1.93711
2977,0.181383,0.192157,1.93723
2978,0.166036,0.164706,1.93723
2979,0.18233,0.188235,1.93727
2980,0.244355,0.243137,1.93727
2981,0.306716,0.294118,1.93743
2982,0.30051,0.294118,1.93747
2983,0.237691,0.239216,1.93747
2984,0.18262,0.184314,1.93747
2985,0.162428,0.164706,1.93748
2986,0.18705,0.192157,1.9375
2987,0.250512,0.247059,1.93751
2988,0.310089,0.305882,1.93753
2989,0.3007,0.294118,1.93758
2990,0.231641,0.231373,1.93758
2991,0.171084,0.176471,1.93761
2992,0.159753,0.164706,1.93763
2993,0.192458,0.192157,1.93763
2994,0.257083,0.258824,1.93763
2995,0.319745,0.313725,1.93767
2996,0.299242,0.294118,1.9377
2997,0.221206,0.223529,1.9377
2998,0.163947,0.172549,1.93777
2999,0.158835,0.160784,1.93778
