t,predict_test,teacher
501,0.337461,0.337075,1.48756e-07
502,0.506671,0.506931,2.16593e-07
503,0.424987,0.424797,2.52558e-07
504,0.355889,0.355245,6.66587e-07
505,0.276297,0.273552,8.1984e-06
506,0.49028,0.487865,1.40345e-05
507,0.510779,0.51129,1.42957e-05
508,0.316425,0.31657,1.43167e-05
509,0.248646,0.25018,1.66703e-05
510,0.410232,0.411139,1.74924e-05
511,0.383541,0.385571,2.16154e-05
512,0.261815,0.264037,2.65531e-05
513,0.338894,0.338559,2.66659e-05
514,0.414987,0.415043,2.66691e-05
515,0.285959,0.287144,2.80723e-05
516,0.230705,0.231986,2.97147e-05
517,0.415688,0.416575,3.05027e-05
518,0.442443,0.443726,3.21485e-05
519,0.295488,0.297881,3.78742e-05
520,0.246684,0.248317,4.05417e-05
521,0.444383,0.444826,4.07376e-05
522,0.519906,0.520638,4.12739e-05
523,0.414947,0.415451,4.15276e-05
524,0.337349,0.339988,4.84894e-05
525,0.493667,0.49399,4.85936e-05
526,0.481923,0.482621,4.90809e-05
527,0.483557,0.485121,5.15268e-05
528,0.320148,0.323067,6.00492e-05
529,0.307213,0.308636,6.20746e-05
530,0.265901,0.266511,6.24461e-05
531,0.478192,0.479975,6.56235e-05
532,0.323195,0.326908,7.94112e-05
533,0.248423,0.249301,8.01832e-05
534,0.214638,0.215575,8.10613e-05
535,0.402784,0.40265,8.10794e-05
536,0.465888,0.46702,8.23615e-05
537,0.286977,0.288185,8.38206e-05
538,0.290532,0.290989,8.40291e-05
539,0.303824,0.303776,8.40315e-05
540,0.273473,0.271955,8.63347e-05
541,0.217832,0.21851,8.6794e-05
542,0.221204,0.222507,8.84913e-05
543,0.218728,0.222459,0.000102408
544,0.218285,0.221469,0.000112545
545,0.243176,0.24496,0.000115728
546,0.219902,0.219204,0.000116215
547,0.189718,0.188661,0.000117332
548,0.394572,0.393811,0.000117911
549,0.318985,0.317729,0.000119488
550,0.37242,0.371885,0.000119774
551,0.239242,0.239592,0.000119896
552,0.35963,0.358287,0.000121699
553,0.380174,0.380222,0.000121701
554,0.351179,0.351498,0.000121803
555,0.236175,0.23573,0.000122001
556,0.247938,0.2476,0.000122116
557,0.242699,0.242399,0.000122205
558,0.307559,0.307743,0.000122239
559,0.255713,0.255902,0.000122275
560,0.198264,0.198734,0.000122496
561,0.170634,0.173178,0.000128969
562,0.218297,0.219134,0.00012967
563,0.245083,0.244139,0.000130561
564,0.192377,0.186633,0.000163551
565,0.17422,0.168302,0.00019857
566,0.177367,0.172562,0.000221656
567,0.22704,0.222665,0.0002408
568,0.179429,0.178543,0.000241584
569,0.19541,0.192305,0.000251223
570,0.226034,0.222625,0.000262845
571,0.265547,0.26605,0.000263098
572,0.342817,0.348612,0.000296683
573,0.234328,0.237837,0.000308997
574,0.467413,0.471392,0.00032483
575,0.362831,0.362977,0.000324851
576,0.471206,0.468367,0.000332909
577,0.310634,0.308462,0.000337626
578,0.347472,0.344589,0.000345939
579,0.520503,0.519542,0.000346862
580,0.45742,0.457938,0.000347131
581,0.440569,0.443111,0.000353596
582,0.358263,0.360381,0.000358082
583,0.396609,0.397098,0.000358322
584,0.314688,0.31404,0.000358742
585,0.381816,0.381882,0.000358746
586,0.444197,0.443296,0.000359559
587,0.356192,0.35664,0.00035976
588,0.290092,0.28973,0.000359891
589,0.328097,0.328197,0.000359901
590,0.505224,0.505618,0.000360056
591,0.453853,0.453604,0.000360118
592,0.379097,0.379187,0.000360126
593,0.383966,0.383639,0.000360233
594,0.387441,0.386666,0.000360833
595,0.503175,0.501647,0.000363167
596,0.457248,0.456824,0.000363347
597,0.396873,0.39664,0.000363401
598,0.295783,0.296464,0.000363864
599,0.244601,0.245759,0.000365205
600,0.496176,0.497829,0.000367937
601,0.431511,0.433178,0.000370715
602,0.337343,0.33864,0.000372398
603,0.263959,0.262889,0.000373542
604,0.400008,0.397785,0.000378485
605,0.432635,0.430678,0.000382315
606,0.35015,0.350428,0.000382392
607,0.415025,0.412827,0.000387221
608,0.473046,0.469357,0.000400832
609,0.416289,0.411895,0.00042014
610,0.315372,0.31202,0.000431374
611,0.283599,0.282527,0.000432523
612,0.496167,0.495571,0.000432879
613,0.416578,0.417349,0.000433474
614,0.388985,0.389536,0.000433777
615,0.333512,0.334199,0.000434249
616,0.252898,0.253714,0.000434916
617,0.393733,0.392871,0.000435659
618,0.460838,0.460539,0.000435749
619,0.511764,0.512009,0.000435809
620,0.307041,0.305591,0.00043791
621,0.362317,0.361871,0.000438109
622,0.290756,0.289834,0.000438958
623,0.294785,0.293874,0.000439787
624,0.221837,0.216756,0.000465602
625,0.285478,0.283521,0.000469433
626,0.254087,0.254102,0.000469433
627,0.204808,0.206413,0.000472009
628,0.192767,0.192301,0.000472227
629,0.295145,0.294147,0.000473221
630,0.523486,0.524405,0.000474065
631,0.331508,0.331562,0.000474068
632,0.338051,0.339274,0.000475563
633,0.264714,0.266034,0.000477305
634,0.341922,0.340608,0.000479033
635,0.335934,0.334402,0.000481378
636,0.327257,0.327126,0.000481396
637,0.253478,0.253769,0.00048148
638,0.247736,0.248379,0.000481894
639,0.309296,0.308297,0.000482891
640,0.346588,0.34564,0.00048379
641,0.273257,0.272497,0.000484368
642,0.232644,0.232483,0.000484394
643,0.444398,0.444861,0.000484608
644,0.276658,0.277189,0.00048489
645,0.249006,0.249907,0.000485703
646,0.200792,0.198925,0.00048919
647,0.211827,0.212937,0.000490424
648,0.183364,0.184714,0.000492247
649,0.204364,0.204917,0.000492553
650,0.18729,0.187572,0.000492633
651,0.188963,0.189605,0.000493045
652,0.381248,0.382798,0.000495446
653,0.293895,0.292155,0.000498473
654,0.39164,0.392551,0.000499302
655,0.266864,0.267009,0.000499323
656,0.399863,0.397797,0.000503589
657,0.36111,0.35876,0.000509107
658,0.358791,0.357606,0.000510512
659,0.276187,0.272202,0.000526393
660,0.230395,0.227769,0.000533291
661,0.27886,0.277294,0.000535742
662,0.335223,0.335369,0.000535763
663,0.265721,0.265173,0.000536063
664,0.229741,0.228417,0.000537815
665,0.239812,0.2373,0.00054413
666,0.292758,0.289962,0.000551946
667,0.244316,0.24184,0.00055808
668,0.201243,0.198845,0.000563828
669,0.238065,0.237273,0.000564455
670,0.28414,0.283616,0.000564729
671,0.317557,0.313521,0.000581019
672,0.226797,0.223737,0.000590383
673,0.335197,0.33289,0.000595702
674,0.30497,0.302577,0.000601427
675,0.319454,0.316013,0.000613268
676,0.227539,0.222553,0.000638123
677,0.287655,0.284719,0.000646744
678,0.30148,0.299067,0.00065257
679,0.387894,0.385268,0.000659468
680,0.249255,0.246796,0.000665515
681,0.233821,0.232601,0.000667004
682,0.532916,0.534195,0.00066864
683,0.433302,0.43287,0.000668826
684,0.272943,0.270619,0.000674226
685,0.217422,0.217748,0.000674332
686,0.321296,0.320795,0.000674583
687,0.321317,0.321132,0.000674617
688,0.222459,0.222692,0.000674671
689,0.244718,0.242631,0.000679028
690,0.232191,0.233163,0.000679973
691,0.3228,0.323753,0.000680881
692,0.337303,0.33817,0.000681634
693,0.369922,0.370196,0.000681709
694,0.240995,0.239701,0.000683385
695,0.29383,0.293612,0.000683432
696,0.517959,0.518876,0.000684274
697,0.435561,0.434758,0.000684919
698,0.274262,0.272109,0.000689553
699,0.29073,0.288963,0.000692676
700,0.513066,0.513008,0.000692679
701,0.419627,0.420786,0.000694021
702,0.334211,0.334488,0.000694098
703,0.388431,0.387782,0.000694519
704,0.443873,0.442317,0.000696941
705,0.292503,0.290473,0.000701063
706,0.264979,0.26553,0.000701367
707,0.231158,0.232079,0.000702216
708,0.294329,0.295393,0.000703347
709,0.227426,0.228147,0.000703868
710,0.241061,0.241049,0.000703868
711,0.209361,0.210391,0.000704929
712,0.303641,0.303632,0.000704929
713,0.240214,0.240401,0.000704965
714,0.228212,0.229068,0.000705697
715,0.26889,0.269625,0.000706238
716,0.36662,0.366992,0.000706376
717,0.276333,0.276623,0.00070646
718,0.236103,0.236873,0.000707054
719,0.269699,0.270001,0.000707145
720,0.262875,0.263564,0.000707621
721,0.23108,0.232009,0.000708482
722,0.209517,0.210108,0.000708832
723,0.343689,0.344754,0.000709966
724,0.303991,0.30636,0.000715579
725,0.240463,0.241794,0.000717352
726,0.210781,0.212028,0.000718906
727,0.461676,0.462343,0.000719351
728,0.571672,0.572292,0.000719734
729,0.355285,0.356333,0.000720831
730,0.248378,0.248839,0.000721044
731,0.246547,0.245717,0.000721732
732,0.521561,0.522249,0.000722205
733,0.319496,0.321417,0.000725896
734,0.241026,0.241803,0.000726499
735,0.251795,0.25105,0.000727054
736,0.510376,0.510372,0.000727054
737,0.355261,0.354789,0.000727277
738,0.337158,0.33898,0.000730596
739,0.352642,0.354087,0.000732685
740,0.245006,0.24609,0.00073386
741,0.298038,0.297094,0.00073475
742,0.259556,0.260392,0.000735448
743,0.198028,0.198387,0.000735578
744,0.173464,0.173375,0.000735586
745,0.325115,0.326837,0.000738552
746,0.235254,0.232627,0.000745456
747,0.187636,0.184097,0.000757985
748,0.18231,0.174803,0.000814336
749,0.374564,0.367216,0.000868325
750,0.241697,0.241994,0.000868413
751,0.21102,0.212505,0.000870616
752,0.362137,0.364393,0.000875704
753,0.410995,0.413077,0.000880038
754,0.267473,0.268528,0.00088115
755,0.326561,0.326375,0.000881185
756,0.234227,0.235852,0.000883828
757,0.292579,0.292235,0.000883946
758,0.288306,0.288076,0.000883999
759,0.408422,0.408289,0.000884017
760,0.261962,0.26119,0.000884613
761,0.319517,0.315739,0.000898887
762,0.494693,0.491136,0.000911539
763,0.411787,0.406896,0.000935456
764,0.453654,0.44894,0.000957677
765,0.301599,0.300105,0.000959909
766,0.428098,0.425945,0.000964545
767,0.37287,0.370331,0.000970991
768,0.296373,0.293765,0.000977794
769,0.228314,0.227325,0.000978772
770,0.425885,0.426494,0.000979143
771,0.39388,0.392195,0.000981984
772,0.274583,0.274445,0.000982003
773,0.342542,0.341326,0.000983481
774,0.309534,0.308851,0.000983948
775,0.250386,0.250189,0.000983987
776,0.204709,0.204033,0.000984444
777,0.23091,0.231988,0.000985605
778,0.271678,0.272711,0.000986674
779,0.226838,0.230999,0.00100399
780,0.197754,0.200756,0.001013
781,0.229445,0.231146,0.00101589
782,0.245245,0.248025,0.00102362
783,0.359774,0.361509,0.00102663
784,0.46228,0.461182,0.00102784
785,0.445216,0.441932,0.00103863
786,0.297875,0.294422,0.00105055
787,0.339536,0.335115,0.0010701
788,0.460113,0.45613,0.00108597
789,0.352859,0.351718,0.00108727
790,0.312176,0.311109,0.00108841
791,0.340686,0.340253,0.00108859
792,0.284627,0.284916,0.00108868
793,0.237875,0.238062,0.00108871
794,0.362451,0.362609,0.00108874
795,0.410461,0.410916,0.00108894
796,0.26592,0.266106,0.00108898
797,0.252715,0.252048,0.00108942
798,0.303491,0.303557,0.00108943
799,0.267042,0.267897,0.00109016
800,0.239023,0.239619,0.00109052
801,0.381,0.383,0.00109451
802,0.306166,0.307663,0.00109676
803,0.241078,0.242627,0.00109915
804,0.245739,0.247109,0.00110103
805,0.48072,0.481916,0.00110246
806,0.360427,0.360756,0.00110257
807,0.290138,0.290392,0.00110263
808,0.221285,0.222239,0.00110354
809,0.410018,0.409974,0.00110355
810,0.349041,0.348545,0.00110379
811,0.297536,0.29692,0.00110417
812,0.240192,0.240652,0.00110438
813,0.423385,0.422126,0.00110597
814,0.347303,0.346909,0.00110612
815,0.403462,0.40459,0.00110739
816,0.379824,0.380592,0.00110798
817,0.318851,0.318361,0.00110822
818,0.339821,0.338509,0.00110994
819,0.401454,0.4002,0.00111152
820,0.354578,0.352945,0.00111418
821,0.27201,0.27186,0.00111421
822,0.338173,0.337078,0.00111541
823,0.396319,0.393011,0.00112635
824,0.321135,0.319419,0.0011293
825,0.267447,0.265451,0.00113328
826,0.356176,0.353851,0.00113868
827,0.512602,0.510295,0.001144
828,0.404186,0.402715,0.00114617
829,0.302926,0.303068,0.00114619
830,0.450636,0.449715,0.00114703
831,0.545946,0.545024,0.00114788
832,0.368904,0.370485,0.00115038
833,0.38136,0.383502,0.00115497
834,0.412409,0.413586,0.00115636
835,0.456644,0.456079,0.00115668
836,0.354043,0.35399,0.00115668
837,0.528807,0.53046,0.00115941
838,0.453244,0.455603,0.00116498
839,0.290525,0.292078,0.00116739
840,0.426746,0.425735,0.00116841
841,0.499743,0.499741,0.00116841
842,0.33726,0.34014,0.00117671
843,0.241093,0.243592,0.00118296
844,0.288003,0.289055,0.00118406
845,0.224098,0.224325,0.00118412
846,0.196916,0.198712,0.00118734
847,0.22991,0.229959,0.00118735
848,0.305744,0.305446,0.00118743
849,0.22129,0.222096,0.00118808
850,0.215239,0.215722,0.00118832
851,0.197967,0.199301,0.0011901
852,0.275886,0.27705,0.00119145
853,0.220454,0.22115,0.00119194
854,0.18346,0.182956,0.00119219
855,0.250943,0.252776,0.00119555
856,0.280213,0.283107,0.00120393
857,0.214313,0.216596,0.00120914
858,0.175508,0.177614,0.00121358
859,0.369103,0.367608,0.00121581
860,0.49181,0.490725,0.00121699
861,0.424265,0.424916,0.00121741
862,0.264117,0.263593,0.00121768
863,0.289883,0.289376,0.00121794
864,0.30661,0.3046,0.00122198
865,0.45083,0.450494,0.00122209
866,0.29511,0.295859,0.00122265
867,0.292598,0.291631,0.00122359
868,0.303227,0.301064,0.00122827
869,0.356092,0.353639,0.00123428
870,0.276389,0.274949,0.00123636
871,0.375734,0.373574,0.00124102
872,0.376017,0.374207,0.0012443
873,0.389753,0.388543,0.00124576
874,0.266118,0.265047,0.00124691
875,0.323274,0.322074,0.00124835
876,0.253816,0.253381,0.00124854
877,0.343494,0.342849,0.00124896
878,0.296613,0.294834,0.00125212
879,0.239274,0.238098,0.0012535
880,0.211408,0.212253,0.00125422
881,0.229453,0.23118,0.0012572
882,0.333609,0.334699,0.00125839
883,0.25597,0.256548,0.00125872
884,0.264811,0.264591,0.00125877
885,0.262635,0.262793,0.0012588
886,0.249232,0.249544,0.00125889
887,0.327211,0.326426,0.00125951
888,0.318599,0.31877,0.00125954
889,0.224683,0.225276,0.00125989
890,0.268879,0.270631,0.00126296
891,0.366925,0.367256,0.00126307
892,0.28947,0.289279,0.00126311
893,0.217205,0.21637,0.0012638
894,0.246944,0.24664,0.00126389
895,0.341089,0.340248,0.0012646
896,0.275076,0.27529,0.00126465
897,0.380915,0.379856,0.00126577
898,0.302749,0.301501,0.00126733
899,0.240483,0.23907,0.00126933
900,0.198264,0.196405,0.00127278
901,0.332532,0.331191,0.00127458
902,0.274497,0.272543,0.0012784
903,0.203813,0.202383,0.00128045
904,0.190459,0.186524,0.00129593
905,0.220699,0.219159,0.0012983
906,0.248225,0.248079,0.00129832
907,0.192139,0.19253,0.00129847
908,0.190554,0.192137,0.00130098
909,0.167109,0.169225,0.00130545
910,0.426323,0.429952,0.00131862
911,0.311809,0.312621,0.00131928
912,0.239913,0.239633,0.00131936
913,0.195415,0.193739,0.00132217
914,0.244111,0.245218,0.00132339
915,0.214042,0.215187,0.0013247
916,0.441269,0.444073,0.00133257
917,0.302415,0.301987,0.00133275
918,0.289974,0.29101,0.00133383
919,0.228156,0.227673,0.00133406
920,0.275325,0.271907,0.00134575
921,0.247553,0.245382,0.00135046
922,0.449618,0.448397,0.00135195
923,0.457592,0.455468,0.00135646
924,0.29218,0.288704,0.00136854
925,0.389921,0.386903,0.00137765
926,0.375016,0.372704,0.00138299
927,0.487179,0.485595,0.0013855
928,0.315646,0.316552,0.00138632
929,0.430301,0.429618,0.00138679
930,0.416809,0.416457,0.00138692
931,0.277565,0.278187,0.0013873
932,0.24056,0.23749,0.00139673
933,0.397386,0.395947,0.0013988
934,0.343818,0.344043,0.00139885
935,0.240913,0.241729,0.00139951
936,0.216431,0.216686,0.00139958
937,0.27932,0.278234,0.00140076
938,0.206388,0.206359,0.00140076
939,0.40533,0.405404,0.00140076
940,0.254375,0.25095,0.0014125
941,0.237427,0.235561,0.00141598
942,0.189368,0.188505,0.00141672
943,0.361746,0.359659,0.00142108
944,0.23669,0.233796,0.00142945
945,0.210085,0.207114,0.00143828
946,0.208067,0.204519,0.00145087
947,0.362573,0.358104,0.00147083
948,0.231174,0.231939,0.00147142
949,0.191309,0.193387,0.00147574
950,0.30501,0.304868,0.00147576
951,0.477669,0.477737,0.00147576
952,0.430829,0.432321,0.00147799
953,0.293767,0.295956,0.00148278
954,0.478186,0.478752,0.0014831
955,0.464221,0.462021,0.00148794
956,0.396253,0.394607,0.00149065
957,0.268277,0.267859,0.00149082
958,0.505569,0.504899,0.00149127
959,0.376921,0.377571,0.00149169
960,0.255512,0.255095,0.00149187
961,0.200759,0.200278,0.0014921
962,0.309939,0.311941,0.0014961
963,0.335601,0.334343,0.00149769
964,0.22711,0.22727,0.00149771
965,0.188187,0.18656,0.00150036
966,0.248378,0.24458,0.00151479
967,0.242244,0.238847,0.00152633
968,0.245227,0.2451,0.00152635
969,0.201058,0.200603,0.00152655
970,0.288275,0.288864,0.0015269
971,0.227178,0.22936,0.00153166
972,0.306038,0.307106,0.0015328
973,0.262967,0.264106,0.0015341
974,0.407242,0.405944,0.00153578
975,0.294805,0.293533,0.0015374
976,0.356653,0.356671,0.0015374
977,0.310873,0.310781,0.00153741
978,0.280398,0.280369,0.00153741
979,0.235771,0.235165,0.00153778
980,0.225628,0.226783,0.00153911
981,0.211244,0.212903,0.00154186
982,0.211591,0.212788,0.0015433
983,0.197773,0.196906,0.00154405
984,0.22925,0.2248,0.00156385
985,0.249345,0.25051,0.00156521
986,0.261969,0.262638,0.00156566
987,0.202447,0.205785,0.0015768
988,0.283206,0.285341,0.00158136
989,0.446299,0.44979,0.00159355
990,0.298058,0.299588,0.0015959
991,0.261348,0.2628,0.001598
992,0.220816,0.221388,0.00159833
993,0.406597,0.40609,0.00159859
994,0.260806,0.258195,0.0016054
995,0.35302,0.349418,0.00161837
996,0.250812,0.249743,0.00161951
997,0.21514,0.215722,0.00161985
998,0.1927,0.19187,0.00162054
999,0.19777,0.198561,0.00162117
1000,0.235611,0.23892,0.00163212
1001,0.184128,0.187611,0.00164425
1002,0.373041,0.374803,0.00164735
1003,0.281881,0.280731,0.00164868
1004,0.219916,0.21957,0.0016488
1005,0.187306,0.187905,0.00164915
1006,0.359372,0.358099,0.00165077
1007,0.420256,0.41738,0.00165905
1008,0.284165,0.279989,0.00167648
1009,0.23707,0.231991,0.00170229
1010,0.316465,0.313838,0.00170919
1011,0.321483,0.319982,0.00171144
1012,0.270839,0.270355,0.00171168
1013,0.246054,0.245019,0.00171275
1014,0.277873,0.276103,0.00171588
1015,0.269375,0.268318,0.001717
1016,0.248367,0.245069,0.00172788
1017,0.221584,0.220345,0.00172941
1018,0.281383,0.279686,0.00173229
1019,0.310939,0.309744,0.00173372
1020,0.471347,0.469337,0.00173776
1021,0.313132,0.311404,0.00174075
1022,0.337589,0.335448,0.00174533
1023,0.453063,0.450923,0.00174991
1024,0.374795,0.373235,0.00175234
1025,0.266989,0.264768,0.00175728
1026,0.312629,0.312394,0.00175733
1027,0.360646,0.360786,0.00175735
1028,0.282244,0.283055,0.00175801
1029,0.250928,0.249927,0.00175901
1030,0.33675,0.338185,0.00176107
1031,0.389765,0.391125,0.00176292
1032,0.333131,0.331844,0.00176457
1033,0.403927,0.40432,0.00176473
1034,0.301582,0.300917,0.00176517
1035,0.310457,0.308373,0.00176952
1036,0.31269,0.310906,0.0017727
1037,0.224971,0.223499,0.00177487
1038,0.199742,0.199468,0.00177494
1039,0.27296,0.274222,0.00177654
1040,0.271716,0.273415,0.00177942
1041,0.19967,0.200032,0.00177956
1042,0.274169,0.267761,0.00182062
1043,0.451116,0.447345,0.00183484
1044,0.301881,0.301743,0.00183486
1045,0.212662,0.215041,0.00184052
1046,0.495083,0.497286,0.00184537
1047,0.50152,0.503619,0.00184978
1048,0.315919,0.318507,0.00185648
1049,0.227749,0.229738,0.00186044
1050,0.289388,0.289973,0.00186078
1051,0.259727,0.26118,0.00186289
1052,0.266082,0.267018,0.00186376
1053,0.236949,0.238683,0.00186677
1054,0.264881,0.267104,0.00187171
1055,0.204844,0.206001,0.00187305
1056,0.18572,0.188628,0.00188151
1057,0.309805,0.312624,0.00188945
1058,0.228832,0.228404,0.00188964
1059,0.208682,0.211229,0.00189612
1060,0.177313,0.177063,0.00189619
1061,0.29676,0.29689,0.0018962
1062,0.22064,0.221302,0.00189664
1063,0.2331,0.232618,0.00189687
1064,0.185461,0.185602,0.00189689
1065,0.212882,0.211557,0.00189865
1066,0.311349,0.312925,0.00190113
1067,0.22376,0.225486,0.00190411
1068,0.190063,0.191276,0.00190558
1069,0.174275,0.174859,0.00190592
1070,0.2824,0.28176,0.00190633
1071,0.240677,0.239966,0.00190684
1072,0.247537,0.247098,0.00190703
1073,0.218503,0.218487,0.00190703
1074,0.340383,0.341187,0.00190768
1075,0.398463,0.398634,0.00190771
1076,0.37413,0.374617,0.00190794
1077,0.461453,0.460929,0.00190822
1078,0.517038,0.515168,0.00191171
1079,0.394908,0.392595,0.00191706
1080,0.458309,0.456357,0.00192087
1081,0.562928,0.561985,0.00192176
1082,0.356626,0.35878,0.0019264
1083,0.357623,0.359385,0.00192951
1084,0.253659,0.253712,0.00192951
1085,0.380863,0.378768,0.0019339
1086,0.275922,0.275422,0.00193415
1087,0.351384,0.350166,0.00193563
1088,0.237267,0.236803,0.00193585
1089,0.320445,0.319269,0.00193723
1090,0.255783,0.252701,0.00194673
1091,0.35433,0.350463,0.00196168
1092,0.324649,0.321217,0.00197346
1093,0.411977,0.4085,0.00198555
1094,0.268674,0.267069,0.00198813
1095,0.430757,0.4293,0.00199025
1096,0.452882,0.45147,0.00199225
1097,0.359607,0.358925,0.00199271
1098,0.297095,0.296606,0.00199295
1099,0.261691,0.261988,0.00199304
1100,0.260178,0.260907,0.00199357
1101,0.283376,0.283895,0.00199384
1102,0.302594,0.30322,0.00199423
1103,0.258397,0.258444,0.00199423
1104,0.207132,0.207495,0.00199437
1105,0.344359,0.34316,0.0019958
1106,0.371701,0.370713,0.00199678
1107,0.314755,0.313836,0.00199762
1108,0.276194,0.275529,0.00199807
1109,0.227267,0.225592,0.00200087
1110,0.211704,0.210161,0.00200325
1111,0.245908,0.247361,0.00200536
1112,0.487007,0.487687,0.00200583
1113,0.317147,0.314501,0.00201282
1114,0.242678,0.238908,0.00202703
1115,0.341567,0.338506,0.0020364
1116,0.308354,0.306522,0.00203976
1117,0.258073,0.25565,0.00204563
1118,0.256134,0.255474,0.00204606
1119,0.343879,0.343331,0.00204636
1120,0.320793,0.319103,0.00204922
1121,0.262666,0.261522,0.00205053
1122,0.289608,0.289744,0.00205055
1123,0.432797,0.434413,0.00205316
1124,0.624552,0.62646,0.0020568
1125,0.60735,0.605735,0.00205941
1126,0.455166,0.453668,0.00206165
1127,0.347495,0.342942,0.00208237
1128,0.27703,0.26956,0.00213817
1129,0.404446,0.398346,0.00217537
1130,0.30731,0.304964,0.00218088
1131,0.240062,0.239737,0.00218098
1132,0.199778,0.201971,0.00218579
1133,0.203804,0.205863,0.00219003
1134,0.183015,0.182045,0.00219097
1135,0.230725,0.227042,0.00220454
1136,0.322113,0.319455,0.0022116
1137,0.246483,0.247332,0.00221232
1138,0.191992,0.194054,0.00221657
1139,0.305369,0.305119,0.00221663
1140,0.39695,0.397198,0.0022167
1141,0.474534,0.475348,0.00221736
1142,0.338914,0.33933,0.00221753
1143,0.423122,0.42218,0.00221842
1144,0.281589,0.279955,0.00222109
1145,0.240268,0.23811,0.00222574
1146,0.220736,0.217112,0.00223888
1147,0.342755,0.341531,0.00224038
1148,0.237164,0.23709,0.00224038
1149,0.207158,0.2074,0.00224044
1150,0.213624,0.213565,0.00224044
1151,0.322932,0.322254,0.0022409
1152,0.273429,0.27372,0.00224099
1153,0.374361,0.374103,0.00224106
1154,0.468487,0.468419,0.00224106
1155,0.342403,0.342005,0.00224122
1156,0.24509,0.243971,0.00224247
1157,0.351078,0.350379,0.00224296
1158,0.370819,0.370565,0.00224302
1159,0.287119,0.286957,0.00224305
1160,0.238873,0.237717,0.00224439
1161,0.269202,0.269299,0.00224439
1162,0.288603,0.288875,0.00224447
1163,0.274697,0.275676,0.00224543
1164,0.237934,0.239734,0.00224867
1165,0.282317,0.284045,0.00225165
1166,0.384439,0.384467,0.00225165
1167,0.348979,0.347859,0.00225291
1168,0.260534,0.259537,0.0022539
1169,0.22774,0.226549,0.00225532
1170,0.50317,0.503527,0.00225544
1171,0.438565,0.437537,0.0022565
1172,0.317135,0.314934,0.00226134
1173,0.254958,0.254023,0.00226222
1174,0.405284,0.401874,0.00227385
1175,0.48778,0.484682,0.00228344
1176,0.347755,0.344909,0.00229154
1177,0.448604,0.447569,0.00229261
1178,0.415833,0.414201,0.00229527
1179,0.51023,0.508391,0.00229866
1180,0.534227,0.533485,0.00229921
1181,0.328743,0.331031,0.00230444
1182,0.263425,0.260791,0.00231138
1183,0.280714,0.27975,0.00231231
1184,0.236441,0.236149,0.00231239
1185,0.202011,0.201199,0.00231305
1186,0.184499,0.183978,0.00231332
1187,0.256003,0.255012,0.00231431
1188,0.216606,0.217701,0.00231551
1189,0.445064,0.448236,0.00232557
1190,0.266821,0.264832,0.00232952
1191,0.466677,0.464486,0.00233432
1192,0.326911,0.323183,0.00234823
1193,0.391506,0.388122,0.00235969
1194,0.256276,0.253877,0.00236544
1195,0.428543,0.427535,0.00236646
1196,0.325387,0.32483,0.00236677
1197,0.397766,0.398994,0.00236827
1198,0.298986,0.298784,0.00236832
1199,0.312341,0.31292,0.00236865
1200,0.372177,0.372196,0.00236865
1201,0.592973,0.59289,0.00236866
1202,0.433659,0.435443,0.00237184
1203,0.391614,0.392655,0.00237292
1204,0.264732,0.260618,0.00238985
1205,0.396818,0.392125,0.00241187
1206,0.312925,0.312468,0.00241208
1207,0.356276,0.354765,0.00241436
1208,0.23782,0.238271,0.00241457
1209,0.354743,0.353391,0.00241639
1210,0.318376,0.317173,0.00241784
1211,0.345117,0.343828,0.0024195
1212,0.370912,0.370524,0.00241965
1213,0.339661,0.339335,0.00241976
1214,0.317364,0.317067,0.00241985
1215,0.338372,0.338367,0.00241985
1216,0.567578,0.567426,0.00241987
1217,0.429766,0.427427,0.00242534
1218,0.328339,0.324692,0.00243864
1219,0.304216,0.302009,0.00244351
1220,0.500326,0.499564,0.00244409
1221,0.592108,0.593841,0.0024471
1222,0.41523,0.418223,0.00245605
1223,0.421658,0.424724,0.00246545
1224,0.31939,0.321454,0.00246971
1225,0.295572,0.293826,0.00247276
1226,0.342505,0.34173,0.00247336
1227,0.293536,0.294542,0.00247437
1228,0.265052,0.265806,0.00247494
1229,0.21564,0.215813,0.00247497
1230,0.277142,0.276369,0.00247557
1231,0.217744,0.218809,0.0024767
1232,0.454946,0.455004,0.0024767
1233,0.328135,0.326818,0.00247844
1234,0.342595,0.341073,0.00248075
1235,0.25132,0.248949,0.00248638
1236,0.203325,0.204379,0.00248749
1237,0.314834,0.315905,0.00248863
1238,0.27319,0.274348,0.00248997
1239,0.272556,0.273801,0.00249153
1240,0.202046,0.204878,0.00249955
1241,0.19483,0.196377,0.00250194
1242,0.225317,0.225045,0.00250202
1243,0.341896,0.341941,0.00250202
1244,0.374714,0.373091,0.00250465
1245,0.26663,0.264094,0.00251109
1246,0.233583,0.231904,0.00251391
1247,0.238146,0.236686,0.00251604
1248,0.235955,0.234293,0.0025188
1249,0.271773,0.272305,0.00251908
1250,0.225033,0.223937,0.00252028
1251,0.224405,0.22427,0.0025203
1252,0.221209,0.219616,0.00252283
1253,0.220281,0.219874,0.002523
1254,0.189088,0.189278,0.00252304
1255,0.254023,0.253646,0.00252318
1256,0.369426,0.367648,0.00252634
1257,0.328704,0.328385,0.00252644
1258,0.234918,0.234644,0.00252651
1259,0.196451,0.196507,0.00252652
1260,0.348634,0.347617,0.00252755
1261,0.470282,0.468677,0.00253013
1262,0.351135,0.348631,0.0025364
1263,0.241081,0.240929,0.00253642
1264,0.423782,0.421454,0.00254184
1265,0.323632,0.321793,0.00254522
1266,0.231489,0.227791,0.00255889
1267,0.264174,0.262026,0.00256351
1268,0.226755,0.225394,0.00256536
1269,0.211505,0.212664,0.0025667
1270,0.185001,0.186102,0.00256791
1271,0.164418,0.166865,0.0025739
1272,0.174978,0.178925,0.00258949
1273,0.307962,0.311459,0.00260171
1274,0.533912,0.534319,0.00260188
1275,0.300506,0.298091,0.00260771
1276,0.34394,0.341157,0.00261545
1277,0.273902,0.273006,0.00261626
1278,0.427821,0.424922,0.00262466
1279,0.529063,0.525203,0.00263956
1280,0.515177,0.511447,0.00265347
1281,0.321708,0.318401,0.0026644
1282,0.3912,0.389271,0.00266812
1283,0.286909,0.286064,0.00266883
1284,0.510886,0.511199,0.00266893
1285,0.309803,0.307613,0.00267373
1286,0.266755,0.265744,0.00267475
1287,0.205999,0.204451,0.00267715
1288,0.291664,0.293382,0.0026801
1289,0.217966,0.211326,0.00272418
1290,0.216088,0.207758,0.00279357
1291,0.19138,0.186309,0.00281929
1292,0.19602,0.192552,0.00283131
1293,0.170087,0.169315,0.00283191
1294,0.252881,0.251023,0.00283536
1295,0.288254,0.288601,0.00283548
1296,0.210417,0.214866,0.00285527
1297,0.261399,0.263684,0.00286049
1298,0.287012,0.290445,0.00287228
1299,0.255554,0.258793,0.00288277
1300,0.242047,0.243299,0.00288434
1301,0.264105,0.266778,0.00289148
1302,0.318358,0.320903,0.00289796
1303,0.241279,0.242597,0.0028997
1304,0.230475,0.231652,0.00290108
1305,0.20799,0.20967,0.00290391
1306,0.378132,0.379113,0.00290487
1307,0.272571,0.272629,0.00290487
1308,0.236301,0.234922,0.00290677
1309,0.22261,0.221333,0.0029084
1310,0.413514,0.411127,0.0029141
1311,0.256865,0.254896,0.00291798
1312,0.384982,0.384428,0.00291829
1313,0.337685,0.338197,0.00291855
1314,0.40042,0.398714,0.00292146
1315,0.256836,0.255308,0.0029238
1316,0.463811,0.462538,0.00292542
1317,0.503183,0.505941,0.00293303
1318,0.464579,0.466387,0.0029363
1319,0.31027,0.312031,0.0029394
1320,0.495654,0.496501,0.00294012
1321,0.525605,0.52917,0.00295283
1322,0.320299,0.32496,0.00297455
1323,0.450036,0.451908,0.00297806
1324,0.42349,0.425111,0.00298068
1325,0.450775,0.451592,0.00298135
1326,0.290477,0.290617,0.00298137
1327,0.228632,0.230073,0.00298345
1328,0.366503,0.368669,0.00298814
1329,0.279386,0.278299,0.00298932
1330,0.235706,0.231396,0.0030079
1331,0.204339,0.20246,0.00301143
1332,0.206482,0.203579,0.00301986
1333,0.197685,0.19663,0.00302097
1334,0.185602,0.187524,0.00302467
1335,0.235561,0.235963,0.00302483
1336,0.193631,0.193662,0.00302483
1337,0.316671,0.315392,0.00302647
1338,0.335777,0.334244,0.00302881
1339,0.283966,0.281215,0.00303638
1340,0.235197,0.231252,0.00305194
1341,0.5009,0.499944,0.00305285
1342,0.419743,0.418374,0.00305473
1343,0.292377,0.291407,0.00305567
1344,0.222059,0.220207,0.0030591
1345,0.482502,0.481081,0.00306112
1346,0.347866,0.348275,0.00306129
1347,0.241893,0.241245,0.00306171
1348,0.198776,0.195772,0.00307073
1349,0.242947,0.242075,0.00307149
1350,0.250931,0.250311,0.00307188
1351,0.235477,0.23669,0.00307335
1352,0.210587,0.212402,0.00307664
1353,0.23448,0.234662,0.00307667
1354,0.385234,0.385824,0.00307702
1355,0.404483,0.404192,0.00307711
1356,0.318031,0.318377,0.00307723
1357,0.26175,0.261864,0.00307724
1358,0.40956,0.409165,0.00307739
1359,0.419574,0.417566,0.00308142
1360,0.313262,0.31132,0.00308519
1361,0.253147,0.251655,0.00308742
1362,0.359286,0.358345,0.00308831
1363,0.435574,0.434348,0.00308981
1364,0.290596,0.290316,0.00308989
1365,0.328672,0.327728,0.00309078
1366,0.40917,0.408201,0.00309172
1367,0.506816,0.505566,0.00309328
1368,0.32894,0.328738,0.00309332
1369,0.271097,0.272328,0.00309484
1370,0.457425,0.458287,0.00309558
1371,0.293422,0.29529,0.00309907
1372,0.33118,0.33069,0.00309931
1373,0.267242,0.26946,0.00310423
1374,0.393652,0.392234,0.00310624
1375,0.26655,0.263535,0.00311533
1376,0.373788,0.373031,0.0031159
1377,0.326427,0.325344,0.00311707
1378,0.295753,0.295093,0.00311751
1379,0.446166,0.444125,0.00312168
1380,0.561672,0.5591,0.00312829
1381,0.414466,0.41349,0.00312924
1382,0.327479,0.327258,0.00312929
1383,0.405314,0.403889,0.00313132
1384,0.376289,0.376175,0.00313134
1385,0.340803,0.341059,0.0031314
1386,0.376555,0.376212,0.00313152
1387,0.343433,0.344015,0.00313186
1388,0.322617,0.322575,0.00313186
1389,0.295994,0.296339,0.00313198
1390,0.439207,0.438998,0.00313202
1391,0.326886,0.32773,0.00313274
1392,0.432683,0.43278,0.00313275
1393,0.444991,0.444323,0.00313319
1394,0.482428,0.48124,0.0031346
1395,0.328702,0.327353,0.00313642
1396,0.312322,0.312753,0.00313661
1397,0.48599,0.486614,0.003137
1398,0.464407,0.465981,0.00313948
1399,0.297158,0.297072,0.00313948
1400,0.243732,0.245327,0.00314203
1401,0.417057,0.419178,0.00314652
1402,0.498728,0.499924,0.00314795
1403,0.303725,0.305352,0.0031506
1404,0.300799,0.300459,0.00315071
1405,0.330477,0.330263,0.00315076
1406,0.463006,0.462533,0.00315098
1407,0.295347,0.29806,0.00315834
1408,0.25475,0.25724,0.00316454
1409,0.246913,0.249901,0.00317346
1410,0.391702,0.392896,0.00317489
1411,0.323285,0.323084,0.00317493
1412,0.243729,0.243373,0.00317506
1413,0.229585,0.229942,0.00317518
1414,0.404914,0.404692,0.00317523
1415,0.309571,0.310532,0.00317615
1416,0.224958,0.22397,0.00317713
1417,0.231645,0.231489,0.00317715
1418,0.39473,0.394737,0.00317716
1419,0.273201,0.273598,0.00317731
1420,0.205284,0.205141,0.00317733
1421,0.195959,0.195284,0.00317779
1422,0.212488,0.212276,0.00317783
1423,0.223533,0.22305,0.00317807
1424,0.227964,0.227955,0.00317807
1425,0.199758,0.202141,0.00318374
1426,0.217939,0.219221,0.00318539
1427,0.186005,0.187138,0.00318667
1428,0.319522,0.32017,0.00318709
1429,0.369917,0.370883,0.00318803
1430,0.350971,0.350802,0.00318805
1431,0.237282,0.239014,0.00319105
1432,0.254687,0.255904,0.00319253
1433,0.476937,0.478107,0.0031939
1434,0.303228,0.303309,0.00319391
1435,0.284305,0.284038,0.00319398
1436,0.259875,0.261406,0.00319632
1437,0.354181,0.35292,0.00319791
1438,0.240244,0.238726,0.00320022
1439,0.325899,0.324547,0.00320204
1440,0.261894,0.26167,0.00320209
1441,0.272558,0.273396,0.0032028
1442,0.210427,0.210447,0.0032028
1443,0.310937,0.310285,0.00320322
1444,0.278975,0.279533,0.00320353
1445,0.268298,0.269315,0.00320457
1446,0.306541,0.307406,0.00320532
1447,0.318113,0.318933,0.00320599
1448,0.477219,0.478724,0.00320825
1449,0.388054,0.387418,0.00320866
1450,0.336634,0.335892,0.00320921
1451,0.325803,0.324467,0.00321099
1452,0.259794,0.259022,0.00321159
1453,0.258671,0.256432,0.0032166
1454,0.298097,0.296436,0.00321936
1455,0.2591,0.257682,0.00322137
1456,0.208653,0.209185,0.00322165
1457,0.208589,0.209512,0.0032225
1458,0.287451,0.286622,0.00322319
1459,0.243904,0.243136,0.00322378
1460,0.296571,0.29482,0.00322684
1461,0.268829,0.268997,0.00322687
1462,0.248359,0.24902,0.00322731
1463,0.203624,0.203828,0.00322735
1464,0.343966,0.344373,0.00322752
1465,0.319331,0.319488,0.00322754
1466,0.307422,0.308055,0.00322794
1467,0.219109,0.220081,0.00322888
1468,0.334365,0.333367,0.00322988
1469,0.322608,0.322015,0.00323023
1470,0.235885,0.235828,0.00323023
1471,0.237632,0.237678,0.00323024
1472,0.193563,0.193007,0.00323054
1473,0.190937,0.192949,0.00323459
1474,0.175821,0.179064,0.00324511
1475,0.358811,0.361933,0.00325485
1476,0.229355,0.230918,0.0032573
1477,0.217674,0.215994,0.00326012
1478,0.222227,0.220346,0.00326366
1479,0.295197,0.292959,0.00326867
1480,0.215646,0.215509,0.00326869
1481,0.197556,0.199891,0.00327414
1482,0.257203,0.260511,0.00328509
1483,0.218945,0.221558,0.00329192
1484,0.192801,0.194353,0.00329433
1485,0.178074,0.179318,0.00329588
1486,0.317881,0.318126,0.00329594
1487,0.219643,0.219158,0.00329617
1488,0.233238,0.231318,0.00329986
1489,0.237278,0.237385,0.00329987
1490,0.301727,0.300866,0.00330061
1491,0.226242,0.22662,0.00330075
1492,0.199437,0.20305,0.00331381
1493,0.235892,0.239225,0.00332492
1494,0.307367,0.310538,0.00333498
1495,0.302211,0.304126,0.00333864
1496,0.239053,0.240128,0.0033398
1497,0.197341,0.196581,0.00334038
1498,0.181345,0.182095,0.00334094
1499,0.193359,0.193967,0.00334131
1500,0.208846,0.208169,0.00334177
1501,0.187549,0.186981,0.00334209
1502,0.177187,0.176955,0.00334214
1503,0.235564,0.237247,0.00334498
1504,0.226678,0.22826,0.00334748
1505,0.258403,0.261195,0.00335527
1506,0.341765,0.34433,0.00336185
1507,0.534784,0.535426,0.00336226
1508,0.339437,0.339274,0.00336229
1509,0.289588,0.288559,0.00336335
1510,0.353871,0.351596,0.00336852
1511,0.385194,0.38178,0.00338018
1512,0.258199,0.253306,0.00340412
1513,0.224431,0.222657,0.00340727
1514,0.358654,0.358814,0.00340729
1515,0.347372,0.347093,0.00340737
1516,0.236492,0.235822,0.00340782
1517,0.202237,0.201033,0.00340927
1518,0.185349,0.18528,0.00340927
1519,0.336663,0.33944,0.00341698
1520,0.244446,0.245343,0.00341779
1521,0.209997,0.211227,0.0034193
1522,0.176327,0.177774,0.00342139
1523,0.284423,0.284268,0.00342142
1524,0.221503,0.219632,0.00342492
1525,0.189577,0.185742,0.00343962
1526,0.214208,0.210406,0.00345408
1527,0.283701,0.28345,0.00345414
1528,0.242039,0.244285,0.00345919
1529,0.187282,0.191676,0.00347849
1530,0.337656,0.339439,0.00348167
1531,0.261087,0.263113,0.00348578
1532,0.390195,0.392537,0.00349127
1533,0.264805,0.267103,0.00349655
1534,0.315712,0.3157,0.00349655
1535,0.26579,0.265101,0.00349702
1536,0.379394,0.378516,0.00349779
1537,0.341334,0.340444,0.00349858
1538,0.419419,0.417789,0.00350124
1539,0.526749,0.527415,0.00350169
1540,0.439865,0.438174,0.00350455
1541,0.375935,0.374501,0.0035066
1542,0.516913,0.514224,0.00351384
1543,0.311655,0.31355,0.00351743
1544,0.273627,0.270091,0.00352993
1545,0.228826,0.227263,0.00353237
1546,0.335127,0.336318,0.00353379
1547,0.228916,0.229359,0.00353399
1548,0.213637,0.213194,0.00353418
1549,0.212508,0.210764,0.00353722
1550,0.190743,0.189689,0.00353833
1551,0.377074,0.377696,0.00353872
1552,0.316932,0.317628,0.0035392
1553,0.234143,0.235462,0.00354094
1554,0.196484,0.200124,0.00355419
1555,0.405433,0.406482,0.00355529
1556,0.310373,0.311429,0.00355641
1557,0.226593,0.227958,0.00355827
1558,0.263316,0.26271,0.00355864
1559,0.284921,0.285078,0.00355866
1560,0.277557,0.277259,0.00355875
1561,0.215215,0.215031,0.00355878
1562,0.249239,0.248293,0.00355968
1563,0.241588,0.242064,0.0035599
1564,0.471606,0.472765,0.00356125
1565,0.287488,0.288153,0.00356169
1566,0.299363,0.299368,0.00356169
1567,0.2554,0.255899,0.00356194
1568,0.458747,0.457057,0.0035648
1569,0.307041,0.30772,0.00356526
1570,0.315611,0.316135,0.00356553
1571,0.297692,0.298772,0.0035667
1572,0.288632,0.289634,0.0035677
1573,0.240989,0.240924,0.00356771
1574,0.26586,0.267059,0.00356914
1575,0.464282,0.467027,0.00357668
1576,0.325522,0.327473,0.00358049
1577,0.316482,0.318999,0.00358683
1578,0.35121,0.351697,0.00358707
1579,0.3405,0.340186,0.00358716
1580,0.402419,0.401241,0.00358855
1581,0.402905,0.402312,0.0035889
1582,0.37936,0.376712,0.00359592
1583,0.33333,0.330626,0.00360323
1584,0.296724,0.29237,0.00362218
1585,0.352459,0.347194,0.0036499
1586,0.249488,0.24387,0.00368146
1587,0.412972,0.409618,0.00369271
1588,0.275162,0.273901,0.0036943
1589,0.472966,0.472267,0.00369479
1590,0.29573,0.296326,0.00369514
1591,0.216313,0.21655,0.0036952
1592,0.203787,0.201908,0.00369873
1593,0.285025,0.284092,0.0036996
1594,0.387564,0.388922,0.00370144
1595,0.241292,0.245248,0.00371709
1596,0.243082,0.244694,0.00371969
1597,0.219482,0.221394,0.00372334
1598,0.337881,0.338553,0.00372379
1599,0.299879,0.300155,0.00372387
1600,0.234208,0.235551,0.00372568
1601,0.273739,0.27496,0.00372717
1602,0.246017,0.246962,0.00372806
1603,0.309354,0.309671,0.00372816
1604,0.245476,0.245202,0.00372824
1605,0.467782,0.468643,0.00372898
1606,0.35864,0.355317,0.00374003
1607,0.293853,0.291195,0.00374709
1608,0.557496,0.557097,0.00374725
1609,0.476443,0.474308,0.00375181
1610,0.567887,0.567107,0.00375242
1611,0.353976,0.356247,0.00375758
1612,0.48947,0.489964,0.00375782
1613,0.391982,0.39492,0.00376646
1614,0.403405,0.406246,0.00377452
1615,0.294071,0.296534,0.00378059
1616,0.26514,0.268253,0.00379028
1617,0.279071,0.281185,0.00379474
1618,0.2537,0.256691,0.00380369
1619,0.261023,0.262717,0.00380656
1620,0.214259,0.215888,0.00380921
1621,0.345208,0.346236,0.00381027
1622,0.338962,0.339288,0.00381038
1623,0.302253,0.302915,0.00381082
1624,0.300193,0.300773,0.00381115
1625,0.215452,0.216232,0.00381176
1626,0.246587,0.244091,0.00381799
1627,0.218341,0.218673,0.0038181
1628,0.218879,0.220982,0.00382252
1629,0.179336,0.180867,0.00382487
1630,0.18264,0.182214,0.00382505
1631,0.2168,0.215259,0.00382742
1632,0.222239,0.217981,0.00384555
1633,0.287466,0.286845,0.00384594
1634,0.277265,0.276496,0.00384653
1635,0.333288,0.333277,0.00384653
1636,0.344696,0.345096,0.00384669
1637,0.502332,0.502942,0.00384706
1638,0.558251,0.555281,0.00385588
1639,0.533773,0.531348,0.00386176
1640,0.330312,0.324874,0.00389133
1641,0.443435,0.43944,0.00390729
1642,0.396191,0.395727,0.0039075
1643,0.514,0.514299,0.00390759
1644,0.311718,0.311616,0.0039076
1645,0.337111,0.338318,0.00390906
1646,0.26195,0.263438,0.00391127
1647,0.339965,0.340636,0.00391172
1648,0.239456,0.240333,0.00391249
1649,0.194687,0.193705,0.00391345
1650,0.190855,0.191931,0.00391461
1651,0.209632,0.210746,0.00391585
1652,0.278587,0.27982,0.00391737
1653,0.206645,0.206133,0.00391763
1654,0.178411,0.178172,0.00391769
1655,0.215948,0.215943,0.00391769
1656,0.360839,0.362362,0.00392001
1657,0.291413,0.292039,0.0039204
1658,0.221397,0.222867,0.00392256
1659,0.400086,0.400446,0.00392269
1660,0.526081,0.523928,0.00392733
1661,0.326965,0.321979,0.00395219
1662,0.387611,0.384756,0.00396034
1663,0.458248,0.456521,0.00396332
1664,0.298142,0.298859,0.00396384
1665,0.250882,0.249293,0.00396636
1666,0.375259,0.374618,0.00396677
1667,0.262249,0.263755,0.00396904
1668,0.204793,0.207184,0.00397476
1669,0.236554,0.237493,0.00397564
1670,0.45783,0.456882,0.00397654
1671,0.281713,0.282926,0.00397801
1672,0.251994,0.252251,0.00397808
1673,0.388017,0.388069,0.00397808
1674,0.258567,0.26006,0.00398031
1675,0.271803,0.272951,0.00398163
1676,0.32029,0.322848,0.00398817
1677,0.286857,0.288954,0.00399257
1678,0.210165,0.21121,0.00399367
1679,0.228445,0.229361,0.00399451
1680,0.407015,0.408037,0.00399555
1681,0.311154,0.308824,0.00400098
1682,0.222277,0.215849,0.0040423
1683,0.190591,0.187986,0.00404909
1684,0.276744,0.27533,0.00405108
1685,0.40193,0.399297,0.00405801
1686,0.254773,0.251686,0.00406754
1687,0.215224,0.213597,0.00407019
1688,0.280476,0.279821,0.00407062
1689,0.31379,0.312749,0.0040717
1690,0.471741,0.472644,0.00407252
1691,0.390466,0.390262,0.00407256
1692,0.377298,0.376025,0.00407418
1693,0.299062,0.298423,0.00407459
1694,0.464783,0.462419,0.00408018
1695,0.417426,0.416357,0.00408132
1696,0.414975,0.413837,0.00408261
1697,0.363462,0.362654,0.00408327
1698,0.336181,0.335955,0.00408332
1699,0.304781,0.303606,0.0040847
1700,0.262587,0.262573,0.0040847
1701,0.301756,0.302027,0.00408477
1702,0.307377,0.306647,0.00408531
1703,0.225131,0.222853,0.0040905
1704,0.188447,0.188027,0.00409067
1705,0.199121,0.198999,0.00409069
1706,0.196495,0.194167,0.00409611
1707,0.176264,0.170894,0.00412495
1708,0.178639,0.169544,0.00420766
1709,0.185916,0.17978,0.0042453
1710,0.170522,0.166373,0.00426252
1711,0.18617,0.180381,0.00429603
1712,0.225139,0.226044,0.00429685
1713,0.239352,0.241642,0.00430209
1714,0.181552,0.185257,0.00431581
1715,0.498538,0.503501,0.00434044
1716,0.298976,0.299171,0.00434048
1717,0.346456,0.347944,0.00434269
1718,0.234005,0.236439,0.00434862
1719,0.357723,0.356813,0.00434944
1720,0.26002,0.258082,0.0043532
1721,0.304804,0.304417,0.00435335
1722,0.394707,0.394398,0.00435344
1723,0.351197,0.349266,0.00435717
1724,0.266038,0.263332,0.00436449
1725,0.359288,0.356912,0.00437014
1726,0.253488,0.24957,0.0043855
1727,0.327521,0.325154,0.0043911
1728,0.241843,0.242162,0.0043912
1729,0.382145,0.381338,0.00439185
1730,0.257608,0.257537,0.00439186
1731,0.286066,0.285056,0.00439288
1732,0.374514,0.373606,0.0043937
1733,0.353842,0.353156,0.00439417
1734,0.264154,0.262812,0.00439598
1735,0.206272,0.207547,0.0043976
1736,0.39758,0.399403,0.00440092
1737,0.356114,0.356578,0.00440114
1738,0.245248,0.244633,0.00440152
1739,0.216933,0.213092,0.00441627
1740,0.435041,0.436495,0.00441839
1741,0.312044,0.312049,0.00441839
1742,0.271493,0.272369,0.00441915
1743,0.400962,0.40117,0.0044192
1744,0.259525,0.260069,0.00441949
1745,0.236236,0.236364,0.00441951
1746,0.227519,0.227489,0.00441951
1747,0.289346,0.289307,0.00441951
1748,0.20972,0.208811,0.00442034
1749,0.350837,0.350585,0.0044204
1750,0.246332,0.246026,0.00442049
1751,0.240988,0.24025,0.00442104
1752,0.192225,0.189678,0.00442752
1753,0.189004,0.187414,0.00443005
1754,0.262875,0.265093,0.00443497
1755,0.242162,0.245835,0.00444846
1756,0.190072,0.193796,0.00446233
1757,0.172227,0.177278,0.00448784
1758,0.410189,0.414012,0.00450245
1759,0.342764,0.343125,0.00450258
1760,0.451028,0.451408,0.00450273
1761,0.341726,0.3417,0.00450273
1762,0.481265,0.479267,0.00450672
1763,0.342071,0.339665,0.00451251
1764,0.292045,0.291664,0.00451265
1765,0.368054,0.367362,0.00451313
1766,0.284476,0.285297,0.0045138
1767,0.287633,0.288929,0.00451548
1768,0.256064,0.258894,0.00452349
1769,0.286024,0.286708,0.00452396
1770,0.25175,0.251096,0.00452438
1771,0.452859,0.453316,0.00452459
1772,0.308683,0.306951,0.00452759
1773,0.309368,0.307796,0.00453006
1774,0.406407,0.402149,0.00454819
1775,0.265705,0.261988,0.00456201
1776,0.239934,0.23698,0.00457074
1777,0.332029,0.330502,0.00457307
1778,0.376637,0.373651,0.00458199
1779,0.249538,0.24757,0.00458586
1780,0.261056,0.258969,0.00459022
1781,0.302223,0.298966,0.00460082
1782,0.259872,0.258093,0.00460399
1783,0.305323,0.302738,0.00461067
1784,0.219962,0.217033,0.00461925
1785,0.403263,0.403646,0.0046194
1786,0.290127,0.291205,0.00462056
1787,0.295266,0.294674,0.00462091
1788,0.211729,0.210997,0.00462144
1789,0.321051,0.318866,0.00462622
1790,0.251309,0.249199,0.00463067
1791,0.216484,0.217277,0.0046313
1792,0.182913,0.179519,0.00464282
1793,0.270278,0.268916,0.00464468
1794,0.214454,0.213078,0.00464657
1795,0.218967,0.216378,0.00465327
1796,0.190752,0.192409,0.00465601
1797,0.164702,0.168238,0.00466852
1798,0.230327,0.235414,0.0046944
1799,0.399037,0.402833,0.00470881
1800,0.437914,0.439652,0.00471183
1801,0.263333,0.263698,0.00471197
1802,0.304162,0.302233,0.00471569
1803,0.281508,0.278688,0.00472364
1804,0.297412,0.295377,0.00472778
1805,0.376097,0.373452,0.00473477
1806,0.252173,0.249927,0.00473982
1807,0.197498,0.19628,0.0047413
1808,0.305349,0.305601,0.00474137
1809,0.231928,0.229486,0.00474733
1810,0.195446,0.195562,0.00474734
1811,0.178835,0.178887,0.00474735
1812,0.437549,0.439945,0.00475309
1813,0.277969,0.278122,0.00475311
1814,0.286421,0.286186,0.00475317
1815,0.203361,0.205935,0.00475979
1816,0.335865,0.336376,0.00476005
1817,0.428478,0.426222,0.00476514
1818,0.419771,0.416806,0.00477393
1819,0.264094,0.26015,0.00478948
1820,0.263852,0.259439,0.00480895
1821,0.288609,0.284766,0.00482372
1822,0.501798,0.500948,0.00482444
1823,0.545242,0.543372,0.00482794
1824,0.405977,0.4033,0.0048351
1825,0.355228,0.353128,0.00483951
1826,0.572771,0.570447,0.00484491
1827,0.3549,0.356552,0.00484764
1828,0.320624,0.316577,0.00486402
1829,0.258408,0.255628,0.00487175
1830,0.366979,0.366268,0.00487225
1831,0.252042,0.250231,0.00487553
1832,0.248276,0.248795,0.0048758
1833,0.207987,0.209357,0.00487768
1834,0.303191,0.302547,0.00487809
1835,0.269025,0.267564,0.00488023
1836,0.203502,0.20309,0.0048804
1837,0.211784,0.212155,0.00488053
1838,0.43671,0.438501,0.00488374
1839,0.405499,0.406953,0.00488586
1840,0.257756,0.25996,0.00489072
1841,0.231079,0.231769,0.00489119
1842,0.248211,0.249025,0.00489186
1843,0.218618,0.218915,0.00489195
1844,0.292719,0.293383,0.00489239
1845,0.210615,0.20894,0.00489519
1846,0.181468,0.182655,0.0048966
1847,0.171868,0.17165,0.00489664
1848,0.20812,0.206461,0.0048994
1849,0.179244,0.173076,0.00493744
1850,0.206344,0.194441,0.00507914
1851,0.204862,0.197419,0.00513454
1852,0.187762,0.185385,0.0051402
1853,0.16923,0.169152,0.0051402
1854,0.320488,0.321373,0.00514098
1855,0.298122,0.301778,0.00515435
1856,0.228411,0.23372,0.00518254
1857,0.322653,0.32613,0.00519463
1858,0.376155,0.377284,0.0051959
1859,0.260361,0.260475,0.00519591
1860,0.235445,0.235366,0.00519592
1861,0.365918,0.365868,0.00519592
1862,0.403813,0.403345,0.00519614
1863,0.261888,0.262009,0.00519616
1864,0.233843,0.233354,0.0051964
1865,0.357312,0.357012,0.00519649
1866,0.391512,0.390404,0.00519772
1867,0.330628,0.329777,0.00519844
1868,0.36797,0.367543,0.00519862
1869,0.383728,0.382888,0.00519933
1870,0.37445,0.373012,0.00520139
1871,0.319543,0.319006,0.00520168
1872,0.402362,0.40106,0.00520338
1873,0.285414,0.284019,0.00520533
1874,0.297321,0.296836,0.00520556
1875,0.258328,0.258389,0.00520556
1876,0.236631,0.236825,0.0052056
1877,0.20094,0.201045,0.00520561
1878,0.19624,0.194984,0.00520719
1879,0.197413,0.196065,0.00520901
1880,0.247569,0.245227,0.00521449
1881,0.199688,0.197809,0.00521802
1882,0.184032,0.184664,0.00521842
1883,0.176153,0.176275,0.00521844
1884,0.196885,0.197792,0.00521926
1885,0.201852,0.203305,0.00522137
1886,0.215971,0.217627,0.00522411
1887,0.219768,0.223362,0.00523703
1888,0.209619,0.211337,0.00523998
1889,0.342065,0.343862,0.00524321
1890,0.332967,0.332108,0.00524394
1891,0.3352,0.33358,0.00524657
1892,0.490927,0.490447,0.0052468
1893,0.399579,0.397029,0.0052533
1894,0.434327,0.430654,0.00526679
1895,0.36736,0.365443,0.00527047
1896,0.545255,0.542343,0.00527895
1897,0.426622,0.426533,0.00527895
1898,0.471686,0.473033,0.00528077
1899,0.329593,0.331183,0.0052833
1900,0.547342,0.54978,0.00528924
1901,0.470599,0.475599,0.00531423
1902,0.619066,0.624349,0.00534215
1903,0.386338,0.394692,0.00541193
1904,0.511107,0.516805,0.00544439
1905,0.472752,0.480202,0.00549988
1906,0.646054,0.654182,0.00556595
1907,0.404181,0.416935,0.00572862
1908,0.349528,0.359174,0.00582167
1909,0.313222,0.320158,0.00586978
1910,0.553937,0.557946,0.00588585
1911,0.385312,0.392979,0.00594463
1912,0.298149,0.302794,0.0059662
1913,0.241376,0.245964,0.00598726
1914,0.516883,0.51983,0.00599594
1915,0.303675,0.308608,0.00602027
1916,0.235729,0.234349,0.00602217
1917,0.263071,0.262179,0.00602297
1918,0.333384,0.330978,0.00602875
1919,0.227331,0.226786,0.00602905
1920,0.219321,0.21846,0.00602979
1921,0.215409,0.218341,0.00603839
1922,0.182511,0.184057,0.00604078
1923,0.234904,0.235564,0.00604122
1924,0.291071,0.290715,0.00604134
1925,0.212732,0.212829,0.00604135
1926,0.179416,0.176754,0.00604844
1927,0.180553,0.17932,0.00604996
1928,0.187878,0.185372,0.00605623
1929,0.225287,0.221922,0.00606755
1930,0.193098,0.191627,0.00606972
1931,0.170162,0.170454,0.0060698
1932,0.193761,0.193039,0.00607032
1933,0.382355,0.38282,0.00607054
1934,0.383626,0.385301,0.00607335
1935,0.258681,0.262202,0.00608575
1936,0.302517,0.304119,0.00608831
1937,0.375832,0.375967,0.00608833
1938,0.263143,0.262917,0.00608838
1939,0.220116,0.219151,0.00608931
1940,0.215234,0.21488,0.00608944
1941,0.227267,0.228568,0.00609113
1942,0.194829,0.195977,0.00609245
1943,0.193103,0.193882,0.00609305
1944,0.168479,0.168618,0.00609307
1945,0.222745,0.219638,0.00610273
1946,0.194308,0.188728,0.00613387
1947,0.378871,0.37577,0.00614348
1948,0.237294,0.234389,0.00615192
1949,0.265304,0.2642,0.00615314
1950,0.217425,0.21911,0.00615598
1951,0.207655,0.209743,0.00616033
1952,0.191016,0.193629,0.00616716
1953,0.264612,0.267322,0.00617451
1954,0.442693,0.446126,0.0061863
1955,0.28936,0.28832,0.00618738
1956,0.461439,0.462066,0.00618777
1957,0.292197,0.29148,0.00618829
1958,0.520993,0.521194,0.00618833
1959,0.532009,0.527991,0.00620447
1960,0.570939,0.566573,0.00622353
1961,0.344003,0.3427,0.00622523
1962,0.283895,0.286512,0.00623208
1963,0.383039,0.382372,0.00623252
1964,0.32368,0.325447,0.00623564
1965,0.290626,0.29067,0.00623565
1966,0.256986,0.255253,0.00623865
1967,0.321578,0.322301,0.00623917
1968,0.301283,0.300369,0.00624001
1969,0.353652,0.353528,0.00624002
1970,0.397188,0.39632,0.00624077
1971,0.320824,0.31959,0.0062423
1972,0.254414,0.252543,0.0062458
1973,0.309439,0.309117,0.0062459
1974,0.305304,0.30372,0.00624841
1975,0.250268,0.248881,0.00625034
1976,0.230215,0.227925,0.00625558
1977,0.228077,0.228104,0.00625558
1978,0.228008,0.227945,0.00625558
1979,0.214585,0.215065,0.00625581
1980,0.197747,0.198236,0.00625605
1981,0.2481,0.250838,0.00626355
1982,0.215417,0.21699,0.00626603
1983,0.236173,0.238145,0.00626992
1984,0.19258,0.19537,0.00627771
1985,0.342721,0.343535,0.00627837
1986,0.288952,0.288689,0.00627844
1987,0.38253,0.381201,0.0062802
1988,0.388535,0.387221,0.00628193
1989,0.264252,0.264089,0.00628196
1990,0.371888,0.371502,0.00628211
1991,0.521699,0.521375,0.00628221
1992,0.433134,0.432156,0.00628317
1993,0.275756,0.274128,0.00628581
1994,0.229257,0.229859,0.00628618
1995,0.36575,0.366539,0.0062868
1996,0.284964,0.284341,0.00628719
1997,0.226007,0.224844,0.00628854
1998,0.199321,0.1997,0.00628868
1999,0.329118,0.329345,0.00628873
2000,0.224779,0.223557,0.00629023
2001,0.19325,0.192805,0.00629043
2002,0.369809,0.371077,0.00629203
2003,0.503327,0.501733,0.00629458
2004,0.296129,0.296288,0.0062946
2005,0.220797,0.220897,0.00629461
2006,0.190368,0.1924,0.00629874
2007,0.231539,0.230955,0.00629908
2008,0.478518,0.479182,0.00629952
2009,0.397261,0.39571,0.00630193
2010,0.252861,0.249872,0.00631086
2011,0.203256,0.200638,0.00631772
2012,0.278176,0.277149,0.00631877
2013,0.248848,0.246386,0.00632484
2014,0.220985,0.217071,0.00634016
2015,0.20279,0.200622,0.00634485
2016,0.254507,0.254144,0.00634499
2017,0.213868,0.215096,0.00634649
2018,0.223639,0.226447,0.00635438
2019,0.30486,0.30746,0.00636114
2020,0.223582,0.225085,0.0063634
2021,0.300045,0.303697,0.00637674
2022,0.219393,0.220549,0.00637807
2023,0.30098,0.30204,0.0063792
2024,0.21462,0.216161,0.00638157
2025,0.214005,0.215049,0.00638266
2026,0.189278,0.189747,0.00638288
2027,0.393403,0.391956,0.00638498
2028,0.290947,0.291426,0.0063852
2029,0.219511,0.221367,0.00638865
2030,0.255851,0.254366,0.00639086
2031,0.449639,0.448853,0.00639147
2032,0.362579,0.363633,0.00639259
2033,0.237115,0.238888,0.00639573
2034,0.475125,0.476939,0.00639902
2035,0.412493,0.413074,0.00639936
2036,0.388724,0.389622,0.00640016
2037,0.255785,0.256213,0.00640035
2038,0.456538,0.456213,0.00640045
2039,0.453317,0.45357,0.00640052
2040,0.370398,0.370154,0.00640058
2041,0.421837,0.4214,0.00640077
2042,0.424054,0.422906,0.00640209
2043,0.461363,0.458243,0.00641182
2044,0.299395,0.29703,0.00641741
2045,0.39081,0.389458,0.00641924
2046,0.264297,0.262077,0.00642417
2047,0.260929,0.259304,0.00642681
2048,0.225148,0.225233,0.00642682
2049,0.503127,0.504991,0.00643029
2050,0.301404,0.302475,0.00643144
2051,0.288687,0.288367,0.00643154
2052,0.495046,0.497585,0.00643798
2053,0.46551,0.465216,0.00643807
2054,0.59087,0.593198,0.00644349
2055,0.423332,0.426678,0.00645469
2056,0.331549,0.331766,0.00645473
2057,0.3531,0.350611,0.00646093
2058,0.290162,0.289291,0.00646169
2059,0.31238,0.310233,0.00646629
2060,0.266229,0.26697,0.00646684
2061,0.32766,0.326121,0.00646921
2062,0.24121,0.241627,0.00646938
2063,0.292104,0.293043,0.00647027
2064,0.214962,0.214272,0.00647074
2065,0.217603,0.216909,0.00647122
2066,0.322132,0.321961,0.00647125
2067,0.352171,0.354858,0.00647847
2068,0.233606,0.235084,0.00648066
2069,0.196159,0.198174,0.00648472
2070,0.177941,0.181083,0.00649459
2071,0.312149,0.315658,0.0065069
2072,0.342456,0.343204,0.00650746
2073,0.234108,0.234092,0.00650746
2074,0.185816,0.186547,0.006508
2075,0.190288,0.189931,0.00650812
2076,0.277479,0.275541,0.00651188
2077,0.215516,0.210364,0.00653842
2078,0.220853,0.213601,0.00659102
2079,0.186142,0.181342,0.00661406
2080,0.232426,0.230291,0.00661862
2081,0.22122,0.221657,0.00661881
2082,0.410047,0.411488,0.00662089
2083,0.273924,0.276835,0.00662937
2084,0.267803,0.270354,0.00663587
2085,0.402067,0.403719,0.0066386
2086,0.414253,0.414569,0.0066387
2087,0.49797,0.499813,0.0066421
2088,0.308201,0.308649,0.0066423
2089,0.528312,0.52939,0.00664346
2090,0.415229,0.416348,0.00664471
2091,0.600969,0.601995,0.00664577
2092,0.370117,0.37228,0.00665045
2093,0.269486,0.271921,0.00665637
2094,0.340416,0.338988,0.00665841
2095,0.368902,0.369539,0.00665882
2096,0.479433,0.480445,0.00665984
2097,0.29356,0.296064,0.00666611
2098,0.354631,0.354912,0.00666619
2099,0.34599,0.344613,0.00666809
2100,0.319418,0.319148,0.00666816
2101,0.344179,0.342473,0.00667107
2102,0.357831,0.357311,0.00667134
2103,0.264464,0.26378,0.00667181
2104,0.23237,0.234241,0.00667531
2105,0.417505,0.41811,0.00667567
2106,0.290198,0.29086,0.00667611
2107,0.243909,0.242754,0.00667744
2108,0.262298,0.262788,0.00667768
2109,0.417486,0.416269,0.00667916
2110,0.266874,0.265007,0.00668265
2111,0.522531,0.523193,0.00668309
2112,0.325417,0.325143,0.00668316
2113,0.375869,0.374547,0.00668491
2114,0.275791,0.275872,0.00668492
2115,0.479484,0.477124,0.00669049
2116,0.326088,0.325217,0.00669125
2117,0.29166,0.290391,0.00669286
2118,0.26845,0.268675,0.00669291
2119,0.439563,0.438893,0.00669336
2120,0.494965,0.493048,0.00669703
2121,0.330419,0.328404,0.00670109
2122,0.233032,0.231609,0.00670311
2123,0.221354,0.221601,0.00670317
2124,0.222605,0.221279,0.00670493
2125,0.275684,0.273065,0.00671179
2126,0.208491,0.210378,0.00671535
2127,0.179931,0.180863,0.00671622
2128,0.213946,0.211907,0.00672038
2129,0.182956,0.182176,0.00672098
2130,0.332731,0.335325,0.00672772
2131,0.237788,0.240675,0.00673605
2132,0.417311,0.418456,0.00673736
2133,0.262672,0.261147,0.00673969
2134,0.357579,0.355261,0.00674505
2135,0.373655,0.370281,0.00675644
2136,0.43012,0.425897,0.00677428
2137,0.573679,0.573402,0.00677436
2138,0.470599,0.46928,0.00677609
2139,0.371846,0.37069,0.00677743
2140,0.299613,0.296902,0.00678478
2141,0.298425,0.295791,0.00679172
2142,0.31769,0.315739,0.00679553
2143,0.311849,0.309721,0.00680006
2144,0.268814,0.269187,0.0068002
2145,0.258365,0.25912,0.00680077
2146,0.222552,0.223332,0.00680137
2147,0.323641,0.323487,0.0068014
2148,0.249945,0.248567,0.0068033
2149,0.367268,0.366899,0.00680343
2150,0.264883,0.265038,0.00680346
2151,0.264198,0.263588,0.00680383
2152,0.208399,0.207752,0.00680425
2153,0.314025,0.312953,0.00680539
2154,0.266399,0.265469,0.00680626
2155,0.286616,0.284556,0.0068105
2156,0.215976,0.213801,0.00681523
2157,0.366586,0.365107,0.00681742
2158,0.321373,0.321473,0.00681743
2159,0.264954,0.265587,0.00681783
2160,0.231283,0.231628,0.00681795
2161,0.452421,0.453094,0.0068184
2162,0.45644,0.456286,0.00681842
2163,0.295322,0.29535,0.00681842
2164,0.502671,0.502966,0.00681851
2165,0.461378,0.461853,0.00681874
2166,0.4228,0.423172,0.00681888
2167,0.346612,0.346445,0.0068189
2168,0.328887,0.329452,0.00681922
2169,0.361777,0.362336,0.00681954
2170,0.38139,0.382703,0.00682126
2171,0.4311,0.430144,0.00682217
2172,0.355705,0.353189,0.0068285
2173,0.482391,0.478969,0.00684021
2174,0.380829,0.377182,0.00685351
2175,0.421219,0.420129,0.0068547
2176,0.450983,0.448675,0.00686003
2177,0.495137,0.492451,0.00686724
2178,0.395837,0.39556,0.00686732
2179,0.386544,0.386163,0.00686747
2180,0.320546,0.319321,0.00686897
2181,0.431339,0.430408,0.00686983
2182,0.333121,0.333234,0.00686985
2183,0.250586,0.249409,0.00687123
2184,0.261457,0.262085,0.00687163
2185,0.354716,0.353468,0.00687318
2186,0.263125,0.262829,0.00687327
2187,0.236529,0.23571,0.00687394
2188,0.324722,0.325078,0.00687407
2189,0.386549,0.385779,0.00687466
2190,0.267948,0.26552,0.00688056
2191,0.39658,0.395638,0.00688144
2192,0.316291,0.316299,0.00688144
2193,0.463222,0.461769,0.00688356
2194,0.294755,0.294108,0.00688398
2195,0.420035,0.418599,0.00688604
2196,0.304273,0.304843,0.00688636
2197,0.291467,0.291233,0.00688642
2198,0.250733,0.251123,0.00688657
2199,0.305723,0.305716,0.00688657
2200,0.295576,0.297023,0.00688866
2201,0.286647,0.288389,0.0068917
2202,0.365384,0.367025,0.00689439
2203,0.36546,0.364603,0.00689512
2204,0.32306,0.321194,0.0068986
2205,0.246953,0.245798,0.00689994
2206,0.356172,0.354834,0.00690173
2207,0.260246,0.258428,0.00690503
2208,0.293209,0.292845,0.00690517
2209,0.21575,0.210816,0.00692951
2210,0.32691,0.326105,0.00693016
2211,0.238427,0.238763,0.00693027
2212,0.287702,0.286532,0.00693164
2213,0.220254,0.217992,0.00693676
2214,0.388128,0.385759,0.00694237
2215,0.375655,0.373898,0.00694546
2216,0.368791,0.367377,0.00694746
2217,0.246976,0.244879,0.00695186
2218,0.4128,0.411781,0.00695289
2219,0.273079,0.266613,0.0069947
2220,0.461989,0.459541,0.00700069
2221,0.279877,0.280548,0.00700114
2222,0.422002,0.419643,0.00700671
2223,0.271761,0.271606,0.00700673
2224,0.453955,0.451834,0.00701123
2225,0.411482,0.410987,0.00701147
2226,0.278357,0.279325,0.00701241
2227,0.237798,0.236216,0.00701491
2228,0.291041,0.29192,0.00701568
2229,0.294109,0.29519,0.00701685
2230,0.221488,0.223127,0.00701954
2231,0.216319,0.217116,0.00702017
2232,0.2536,0.254303,0.00702067
2233,0.261782,0.261865,0.00702067
2234,0.299542,0.29862,0.00702152
2235,0.291749,0.291991,0.00702158
2236,0.282473,0.282978,0.00702183
2237,0.27216,0.27344,0.00702347
2238,0.371671,0.372651,0.00702443
2239,0.272698,0.273061,0.00702457
2240,0.277534,0.277387,0.00702459
2241,0.250479,0.250743,0.00702466
2242,0.219365,0.220252,0.00702545
2243,0.224471,0.224935,0.00702566
2244,0.237374,0.236654,0.00702618
2245,0.250503,0.251387,0.00702696
2246,0.227871,0.227451,0.00702714
2247,0.313781,0.317337,0.00703978
2248,0.233626,0.235719,0.00704417
2249,0.319048,0.31888,0.00704419
2250,0.350254,0.348848,0.00704617
2251,0.434434,0.432784,0.00704889
2252,0.324872,0.323283,0.00705142
2253,0.530589,0.527815,0.00705911
2254,0.315769,0.311022,0.00708165
2255,0.28863,0.285917,0.00708901
2256,0.320867,0.318641,0.00709397
2257,0.302881,0.301063,0.00709727
2258,0.218853,0.217602,0.00709884
2259,0.257314,0.257064,0.0070989
2260,0.21684,0.217901,0.00710003
2261,0.266052,0.266304,0.00710009
2262,0.226632,0.225453,0.00710148
2263,0.417342,0.415321,0.00710556
2264,0.266164,0.266575,0.00710573
2265,0.53848,0.540499,0.00710981
2266,0.394745,0.395042,0.00710989
2267,0.380302,0.378626,0.0071127
2268,0.294414,0.293338,0.00711386
2269,0.294483,0.295073,0.00711421
2270,0.516003,0.519072,0.00712363
2271,0.349866,0.353584,0.00713746
2272,0.377079,0.379325,0.0071425
2273,0.287934,0.290172,0.00714751
2274,0.511464,0.512446,0.00714847
2275,0.326686,0.326544,0.00714849
2276,0.348535,0.348744,0.00714854
2277,0.341869,0.34273,0.00714928
2278,0.31154,0.312968,0.00715131
2279,0.282698,0.281829,0.00715207
2280,0.352755,0.35504,0.00715729
2281,0.3553,0.356185,0.00715807
2282,0.292568,0.292756,0.00715811
2283,0.454194,0.454643,0.00715831
2284,0.337629,0.336483,0.00715962
2285,0.250396,0.246747,0.00717293
2286,0.24261,0.239189,0.00718463
2287,0.243446,0.242693,0.0071852
2288,0.204826,0.202918,0.00718884
2289,0.18054,0.179426,0.00719009
2290,0.209752,0.207141,0.0071969
2291,0.240899,0.239348,0.00719931
2292,0.243878,0.243091,0.00719993
2293,0.212701,0.21296,0.00719999
2294,0.384459,0.385808,0.00720181
2295,0.388953,0.389131,0.00720185
2296,0.281367,0.282476,0.00720308
2297,0.24422,0.246064,0.00720648
2298,0.438126,0.438614,0.00720671
2299,0.278997,0.278038,0.00720763
2300,0.247044,0.245976,0.00720877
2301,0.294101,0.296785,0.00721598
2302,0.37576,0.374022,0.007219
2303,0.253852,0.253829,0.007219
2304,0.375222,0.376251,0.00722006
2305,0.343004,0.343666,0.0072205
2306,0.447148,0.445568,0.00722299
2307,0.465455,0.461765,0.00723661
2308,0.400025,0.395664,0.00725563
2309,0.369986,0.366014,0.00727141
2310,0.406973,0.402667,0.00728995
2311,0.398688,0.394849,0.00730469
2312,0.275203,0.273159,0.00730887
2313,0.536114,0.535605,0.00730913
2314,0.340835,0.340589,0.00730919
2315,0.288005,0.288812,0.00730984
2316,0.221051,0.222997,0.00731362
2317,0.480761,0.480528,0.00731368
2318,0.316789,0.319856,0.00732308
2319,0.270879,0.272648,0.00732621
2320,0.225278,0.226045,0.0073268
2321,0.301189,0.301351,0.00732683
2322,0.332865,0.333392,0.00732711
2323,0.256325,0.259237,0.00733559
2324,0.217504,0.220349,0.00734368
2325,0.23198,0.234145,0.00734838
2326,0.32573,0.325952,0.00734842
2327,0.258772,0.259253,0.00734866
2328,0.256516,0.256655,0.00734867
2329,0.203205,0.203712,0.00734893
2330,0.253226,0.254621,0.00735088
2331,0.205355,0.204244,0.00735211
2332,0.221517,0.22204,0.00735239
2333,0.189077,0.189186,0.0073524
2334,0.282912,0.283155,0.00735246
2335,0.21835,0.219532,0.00735386
2336,0.285882,0.28752,0.00735654
2337,0.221304,0.22286,0.00735896
2338,0.376703,0.37755,0.00735968
2339,0.264844,0.264131,0.00736019
2340,0.209597,0.211234,0.00736287
2341,0.200349,0.202659,0.0073682
2342,0.282806,0.285243,0.00737414
2343,0.22667,0.226915,0.0073742
2344,0.186085,0.187482,0.00737615
2345,0.190777,0.191706,0.00737701
2346,0.246693,0.246312,0.00737716
2347,0.199689,0.197627,0.00738141
2348,0.235242,0.235982,0.00738196
2349,0.202871,0.203803,0.00738283
2350,0.256039,0.257573,0.00738518
2351,0.196156,0.198734,0.00739183
2352,0.183177,0.18465,0.007394
2353,0.276313,0.276994,0.00739447
2354,0.339115,0.338544,0.00739479
2355,0.387903,0.389371,0.00739695
2356,0.254958,0.256694,0.00739996
2357,0.358712,0.359579,0.00740071
2358,0.413858,0.413611,0.00740077
2359,0.510492,0.509101,0.00740271
2360,0.340005,0.339059,0.0074036
2361,0.272651,0.272929,0.00740368
2362,0.388201,0.387657,0.00740398
2363,0.412558,0.412041,0.00740424
2364,0.303914,0.303663,0.00740431
2365,0.261185,0.26123,0.00740431
2366,0.431054,0.431353,0.0074044
2367,0.308416,0.309167,0.00740496
2368,0.294659,0.295532,0.00740572
2369,0.453478,0.453856,0.00740587
2370,0.438689,0.438983,0.00740595
2371,0.288105,0.287763,0.00740607
2372,0.308439,0.309296,0.00740681
2373,0.579621,0.581588,0.00741068
2374,0.396058,0.401262,0.00743776
2375,0.293098,0.297172,0.00745436
2376,0.258226,0.261516,0.00746518
2377,0.477094,0.478247,0.00746651
2378,0.322136,0.32459,0.00747253
2379,0.362416,0.364459,0.0074767
2380,0.242468,0.243654,0.00747811
2381,0.381939,0.381986,0.00747811
2382,0.303604,0.304082,0.00747834
2383,0.373865,0.37304,0.00747902
2384,0.243894,0.245305,0.00748101
2385,0.196042,0.198162,0.0074855
2386,0.261548,0.263339,0.00748871
2387,0.359719,0.360104,0.00748886
2388,0.29093,0.292728,0.0074921
2389,0.213161,0.214981,0.00749541
2390,0.317683,0.320418,0.00750289
2391,0.257816,0.258517,0.00750338
2392,0.449178,0.450122,0.00750427
2393,0.540845,0.538134,0.00751162
2394,0.629334,0.625947,0.00752309
2395,0.384558,0.380342,0.00754087
2396,0.425306,0.42228,0.00755002
2397,0.540796,0.538654,0.00755461
2398,0.490479,0.494358,0.00756966
2399,0.442653,0.447451,0.00759268
2400,0.45437,0.458479,0.00760956
2401,0.291222,0.295879,0.00763124
2402,0.305344,0.30607,0.00763177
2403,0.444969,0.446594,0.00763441
2404,0.323553,0.326522,0.00764323
2405,0.229214,0.231658,0.0076492
2406,0.313143,0.31415,0.00765021
2407,0.25838,0.258257,0.00765023
2408,0.225241,0.226377,0.00765152
2409,0.248793,0.249027,0.00765158
2410,0.396591,0.396184,0.00765174
2411,0.256357,0.254947,0.00765373
2412,0.240403,0.239496,0.00765455
2413,0.276847,0.274172,0.0076617
2414,0.333992,0.33255,0.00766378
2415,0.238544,0.236907,0.00766646
2416,0.27561,0.27214,0.0076785
2417,0.434463,0.432689,0.00768165
2418,0.356739,0.355248,0.00768387
2419,0.291829,0.290341,0.00768609
2420,0.270818,0.271671,0.00768682
2421,0.325096,0.324507,0.00768717
2422,0.269655,0.268122,0.00768951
2423,0.458715,0.458828,0.00768953
2424,0.303957,0.304042,0.00768953
2425,0.374336,0.374835,0.00768978
2426,0.323122,0.320949,0.0076945
2427,0.280209,0.279883,0.00769461
2428,0.278392,0.276548,0.00769801
2429,0.391789,0.39057,0.0076995
2430,0.397725,0.396029,0.00770237
2431,0.276005,0.275083,0.00770322
2432,0.287722,0.2856,0.00770772
2433,0.334558,0.332279,0.00771292
2434,0.293184,0.292164,0.00771396
2435,0.329146,0.327122,0.00771805
2436,0.30018,0.299472,0.00771855
2437,0.285,0.284865,0.00771857
2438,0.281211,0.282003,0.0077192
2439,0.2485,0.249352,0.00771992
2440,0.350911,0.351997,0.0077211
2441,0.251688,0.250945,0.00772166
2442,0.298277,0.29828,0.00772166
2443,0.227093,0.229358,0.00772678
2444,0.470149,0.470013,0.0077268
2445,0.309068,0.308895,0.00772683
2446,0.267123,0.266548,0.00772716
2447,0.228796,0.228473,0.00772727
2448,0.321497,0.320986,0.00772753
2449,0.418121,0.418387,0.0077276
2450,0.310988,0.312795,0.00773087
2451,0.242374,0.243017,0.00773128
2452,0.309796,0.309205,0.00773163
2453,0.51394,0.513378,0.00773195
2454,0.363601,0.363932,0.00773206
2455,0.296582,0.297291,0.00773256
2456,0.248852,0.248245,0.00773293
2457,0.461891,0.461872,0.00773293
2458,0.322149,0.322504,0.00773305
2459,0.325024,0.32512,0.00773306
2460,0.225005,0.22524,0.00773312
2461,0.343487,0.343274,0.00773316
2462,0.357815,0.356982,0.00773386
2463,0.343171,0.342726,0.00773406
2464,0.23117,0.232374,0.00773551
2465,0.326014,0.324688,0.00773726
2466,0.391224,0.390107,0.00773851
2467,0.26828,0.269146,0.00773926
2468,0.332506,0.331685,0.00773994
2469,0.365537,0.365285,0.00774
2470,0.381707,0.381669,0.00774
2471,0.268479,0.269169,0.00774048
2472,0.249251,0.251485,0.00774547
2473,0.318479,0.318791,0.00774556
2474,0.300315,0.29959,0.00774609
2475,0.250144,0.248316,0.00774943
2476,0.220558,0.220342,0.00774948
2477,0.338028,0.33749,0.00774977
2478,0.300429,0.298137,0.00775502
2479,0.254748,0.252945,0.00775827
2480,0.308748,0.307376,0.00776015
2481,0.306776,0.305782,0.00776114
2482,0.398978,0.398111,0.00776189
2483,0.278473,0.278839,0.00776203
2484,0.244261,0.243407,0.00776276
2485,0.225439,0.225263,0.00776279
2486,0.395427,0.395811,0.00776294
2487,0.260746,0.260135,0.00776331
2488,0.266523,0.265249,0.00776493
2489,0.265347,0.266325,0.00776589
2490,0.273959,0.273837,0.00776591
2491,0.236721,0.237416,0.00776639
2492,0.487508,0.488426,0.00776723
2493,0.378155,0.379944,0.00777043
2494,0.27093,0.272691,0.00777353
2495,0.275641,0.275728,0.00777354
2496,0.382337,0.380762,0.00777602
2497,0.288805,0.288583,0.00777607
2498,0.266004,0.265818,0.0077761
2499,0.276295,0.276829,0.00777639
2500,0.241883,0.243116,0.00777791
2501,0.288455,0.289051,0.00777826
2502,0.288989,0.289799,0.00777892
2503,0.242345,0.243987,0.00778162
2504,0.234793,0.236099,0.00778332
2505,0.363617,0.363956,0.00778344
2506,0.268488,0.268852,0.00778357
2507,0.219664,0.220388,0.00778409
2508,0.262263,0.262567,0.00778418
2509,0.272245,0.272737,0.00778443
2510,0.264044,0.264453,0.00778459
2511,0.232912,0.234697,0.00778778
2512,0.226766,0.22789,0.00778904
2513,0.278818,0.279208,0.00778919
2514,0.37508,0.374908,0.00778922
2515,0.325152,0.324851,0.00778931
2516,0.287674,0.288152,0.00778954
2517,0.276884,0.277194,0.00778964
2518,0.358012,0.357815,0.00778968
2519,0.401172,0.399896,0.0077913
2520,0.340727,0.339359,0.00779318
2521,0.25247,0.252097,0.00779332
2522,0.383414,0.382291,0.00779458
2523,0.506417,0.504559,0.00779803
2524,0.456701,0.455457,0.00779957
2525,0.324075,0.322781,0.00780125
2526,0.500388,0.50113,0.0078018
2527,0.540419,0.540687,0.00780187
2528,0.376486,0.378814,0.00780729
2529,0.396522,0.397329,0.00780794
2530,0.597855,0.597268,0.00780829
2531,0.463434,0.466456,0.00781742
2532,0.305096,0.308909,0.00783196
2533,0.259791,0.26432,0.00785247
2534,0.519102,0.522689,0.00786534
2535,0.441462,0.445116,0.00787869
2536,0.319691,0.321476,0.00788188
2537,0.254468,0.257302,0.00788991
2538,0.279691,0.280801,0.00789114
2539,0.349447,0.348019,0.00789318
2540,0.252719,0.251711,0.00789419
2541,0.214874,0.214781,0.0078942
2542,0.246316,0.247857,0.00789658
2543,0.301135,0.302285,0.0078979
2544,0.241595,0.241841,0.00789796
2545,0.18914,0.188661,0.00789819
2546,0.294515,0.293315,0.00789963
2547,0.420443,0.420095,0.00789975
2548,0.51812,0.517021,0.00790096
2549,0.300564,0.299986,0.00790129
2550,0.341431,0.339219,0.00790618
2551,0.380374,0.377351,0.00791533
2552,0.565043,0.564128,0.00791616
2553,0.353226,0.354895,0.00791895
2554,0.403462,0.404522,0.00792007
2555,0.397556,0.399723,0.00792477
2556,0.436874,0.437588,0.00792528
2557,0.340941,0.341742,0.00792592
2558,0.302526,0.304223,0.0079288
2559,0.409596,0.411179,0.00793131
2560,0.430154,0.43022,0.00793131
2561,0.4286,0.430095,0.00793355
2562,0.328754,0.329123,0.00793368
2563,0.381464,0.382588,0.00793495
2564,0.532649,0.532356,0.00793503
2565,0.424806,0.427687,0.00794333
2566,0.377275,0.378035,0.0079439
2567,0.392523,0.392689,0.00794393
2568,0.47636,0.473969,0.00794965
2569,0.393064,0.391718,0.00795146
2570,0.319669,0.319796,0.00795147
2571,0.427104,0.427747,0.00795189
2572,0.393995,0.395554,0.00795432
2573,0.543604,0.545189,0.00795683
2574,0.354898,0.358136,0.00796732
2575,0.313239,0.315019,0.00797048
2576,0.290929,0.291645,0.007971
2577,0.505105,0.504866,0.00797105
2578,0.33614,0.338542,0.00797682
2579,0.317316,0.318199,0.0079776
2580,0.246824,0.245206,0.00798022
2581,0.466445,0.465682,0.0079808
2582,0.313231,0.314359,0.00798208
2583,0.427888,0.426673,0.00798355
2584,0.303524,0.305018,0.00798578
2585,0.290628,0.290748,0.0079858
2586,0.232514,0.230527,0.00798974
2587,0.252296,0.252675,0.00798989
2588,0.323089,0.324439,0.00799171
2589,0.225101,0.225129,0.00799171
2590,0.21165,0.211103,0.00799201
2591,0.266881,0.267156,0.00799208
2592,0.367495,0.367597,0.0079921
2593,0.246512,0.246654,0.00799212
2594,0.35125,0.352104,0.00799284
2595,0.304195,0.30507,0.00799361
2596,0.225238,0.226154,0.00799445
2597,0.192174,0.189657,0.00800078
2598,0.476162,0.478807,0.00800778
2599,0.36319,0.363671,0.00800801
2600,0.248389,0.249362,0.00800895
2601,0.197704,0.19393,0.0080232
2602,0.252102,0.251087,0.00802423
2603,0.322795,0.322769,0.00802423
2604,0.237915,0.238436,0.0080245
2605,0.189864,0.190226,0.00802463
2606,0.220949,0.221479,0.00802491
2607,0.313976,0.313943,0.00802491
2608,0.217576,0.217276,0.008025
2609,0.280588,0.279017,0.00802747
2610,0.431264,0.431004,0.00802754
2611,0.382924,0.382049,0.0080283
2612,0.281263,0.282127,0.00802905
2613,0.257914,0.260579,0.00803615
2614,0.311054,0.310864,0.00803618
2615,0.289521,0.289565,0.00803619
2616,0.382474,0.381417,0.00803731
2617,0.270519,0.269349,0.00803867
2618,0.303407,0.301242,0.00804336
2619,0.339183,0.335886,0.00805424
2620,0.374154,0.370976,0.00806433
2621,0.359386,0.357226,0.008069
2622,0.25687,0.256964,0.00806901
2623,0.277586,0.276544,0.0080701
2624,0.225833,0.2249,0.00807097
2625,0.410267,0.411073,0.00807162
2626,0.274139,0.273402,0.00807216
2627,0.304614,0.304572,0.00807216
2628,0.249472,0.247123,0.00807768
2629,0.432847,0.432438,0.00807785
2630,0.269503,0.266865,0.0080848
2631,0.392847,0.389355,0.00809699
2632,0.595286,0.591319,0.00811273
2633,0.601208,0.597745,0.00812472
2634,0.351296,0.347872,0.00813645
2635,0.265383,0.266432,0.00813755
2636,0.363793,0.363345,0.00813775
2637,0.356892,0.358073,0.00813914
2638,0.353161,0.352694,0.00813936
2639,0.253275,0.253782,0.00813962
2640,0.221516,0.222168,0.00814004
2641,0.220592,0.221554,0.00814097
2642,0.229433,0.230566,0.00814225
2643,0.340917,0.340969,0.00814225
2644,0.232637,0.229846,0.00815004
2645,0.221385,0.220647,0.00815059
2646,0.191635,0.192748,0.00815182
2647,0.217342,0.218174,0.00815252
2648,0.20247,0.202257,0.00815256
2649,0.235295,0.234239,0.00815368
2650,0.224314,0.225603,0.00815534
2651,0.223829,0.224671,0.00815605
2652,0.371228,0.372853,0.00815869
2653,0.33825,0.338477,0.00815874
2654,0.270693,0.27094,0.0081588
2655,0.47216,0.472956,0.00815944
2656,0.33245,0.332807,0.00815956
2657,0.295225,0.293751,0.00816174
2658,0.227553,0.227856,0.00816183
2659,0.444617,0.44433,0.00816191
2660,0.337739,0.336401,0.0081637
2661,0.278545,0.277266,0.00816534
2662,0.208813,0.208476,0.00816545
2663,0.187763,0.188385,0.00816584
2664,0.452769,0.455779,0.0081749
2665,0.354155,0.354557,0.00817507
2666,0.247833,0.249059,0.00817657
2667,0.201099,0.201939,0.00817728
2668,0.376764,0.374917,0.00818069
2669,0.333393,0.331306,0.00818504
2670,0.401379,0.400631,0.0081856
2671,0.481927,0.480377,0.00818801
2672,0.542392,0.53982,0.00819463
2673,0.46637,0.463093,0.00820536
2674,0.482253,0.480328,0.00820906
2675,0.604485,0.606172,0.00821191
2676,0.396993,0.401469,0.00823195
2677,0.510674,0.512197,0.00823427
2678,0.623155,0.625798,0.00824125
2679,0.486386,0.493902,0.00829774
2680,0.333052,0.340372,0.00835133
2681,0.309276,0.315127,0.00838556
2682,0.229204,0.232736,0.00839803
2683,0.280124,0.282126,0.00840204
2684,0.267241,0.26679,0.00840224
2685,0.229777,0.229769,0.00840224
2686,0.183231,0.184811,0.00840474
2687,0.376662,0.377656,0.00840573
2688,0.298467,0.297566,0.00840654
2689,0.225125,0.224114,0.00840756
2690,0.260822,0.258216,0.00841435
2691,0.496953,0.495295,0.0084171
2692,0.496896,0.49809,0.00841853
2693,0.335172,0.335652,0.00841876
2694,0.353622,0.353559,0.00841876
2695,0.403264,0.401393,0.00842226
2696,0.48008,0.477496,0.00842894
2697,0.562338,0.560928,0.00843093
2698,0.452963,0.452325,0.00843133
2699,0.370168,0.368613,0.00843375
2700,0.472575,0.471055,0.00843606
2701,0.427676,0.429434,0.00843915
2702,0.430908,0.433218,0.00844449
2703,0.413475,0.415767,0.00844974
2704,0.506404,0.507118,0.00845025
2705,0.464487,0.466287,0.00845349
2706,0.439994,0.440834,0.0084542
2707,0.374188,0.37568,0.00845642
2708,0.49062,0.491564,0.00845731
2709,0.596704,0.598065,0.00845917
2710,0.544659,0.548506,0.00847397
2711,0.377468,0.383145,0.0085062
2712,0.346719,0.350272,0.00851882
2713,0.268223,0.269248,0.00851987
2714,0.371732,0.372506,0.00852047
2715,0.352589,0.353792,0.00852192
2716,0.31048,0.310714,0.00852197
2717,0.241774,0.241826,0.00852198
2718,0.258673,0.258905,0.00852203
2719,0.427162,0.428894,0.00852503
2720,0.393697,0.393493,0.00852507
2721,0.290058,0.288344,0.00852801
2722,0.274867,0.274579,0.00852809
2723,0.284327,0.28265,0.0085309
2724,0.381043,0.378534,0.0085372
2725,0.251525,0.246905,0.00855854
2726,0.306709,0.304743,0.0085624
2727,0.239535,0.240243,0.0085629
2728,0.369579,0.367851,0.00856589
2729,0.244685,0.242571,0.00857035
2730,0.240103,0.237002,0.00857997
2731,0.270453,0.269619,0.00858067
2732,0.320648,0.320295,0.00858079
2733,0.225171,0.224471,0.00858128
2734,0.258424,0.255759,0.00858838
2735,0.338478,0.338041,0.00858857
2736,0.258855,0.259239,0.00858872
2737,0.202797,0.205199,0.00859449
2738,0.397054,0.398239,0.00859589
2739,0.400868,0.401685,0.00859656
2740,0.261455,0.26161,0.00859658
2741,0.307998,0.307059,0.00859747
2742,0.356485,0.356264,0.00859751
2743,0.472155,0.473797,0.00860021
2744,0.312257,0.313932,0.00860302
2745,0.400505,0.401234,0.00860355
2746,0.322701,0.323863,0.0086049
2747,0.458404,0.457752,0.00860532
2748,0.406918,0.406233,0.00860579
2749,0.429649,0.428251,0.00860775
2750,0.326177,0.324498,0.00861056
2751,0.264029,0.264793,0.00861115
2752,0.29571,0.296016,0.00861124
2753,0.329181,0.32934,0.00861127
2754,0.257998,0.257716,0.00861135
2755,0.209973,0.210636,0.00861179
2756,0.221804,0.222864,0.00861291
2757,0.311929,0.31104,0.0086137
2758,0.22959,0.22928,0.0086138
2759,0.256191,0.254091,0.00861821
2760,0.211562,0.210511,0.00861931
2761,0.277862,0.277211,0.00861974
2762,0.270641,0.271393,0.0086203
2763,0.432473,0.43562,0.0086302
2764,0.289114,0.291239,0.00863472
2765,0.214928,0.216272,0.00863653
2766,0.517985,0.52019,0.00864139
2767,0.370855,0.37171,0.00864212
2768,0.423899,0.426297,0.00864787
2769,0.275333,0.279693,0.00866689
2770,0.572427,0.573272,0.0086676
2771,0.384811,0.385136,0.00866771
2772,0.274158,0.277087,0.00867629
2773,0.22777,0.224993,0.008684
2774,0.504147,0.50169,0.00869003
2775,0.500334,0.499918,0.00869021
2776,0.309603,0.311832,0.00869518
2777,0.240652,0.241466,0.00869584
2778,0.381102,0.379689,0.00869783
2779,0.408708,0.409131,0.00869801
2780,0.409926,0.410322,0.00869817
2781,0.47062,0.470776,0.00869819
2782,0.403458,0.402225,0.00869971
2783,0.419011,0.417535,0.00870189
2784,0.524992,0.52338,0.00870449
2785,0.557636,0.559081,0.00870658
2786,0.454021,0.456994,0.00871542
2787,0.41142,0.41494,0.0087278
2788,0.487073,0.488907,0.00873117
2789,0.48784,0.491215,0.00874256
2790,0.500264,0.503786,0.00875496
2791,0.451346,0.455075,0.00876886
2792,0.323408,0.326745,0.00877999
2793,0.266725,0.268015,0.00878166
2794,0.48372,0.485543,0.00878498
2795,0.50099,0.503936,0.00879366
2796,0.336381,0.339431,0.00880296
2797,0.268061,0.269199,0.00880425
2798,0.501754,0.501615,0.00880427
2799,0.420433,0.421703,0.00880589
2800,0.306631,0.308256,0.00880853
2801,0.245379,0.246136,0.0088091
2802,0.534972,0.536307,0.00881088
2803,0.341132,0.342867,0.00881389
2804,0.259441,0.262056,0.00882073
2805,0.235744,0.236699,0.00882165
2806,0.376746,0.375639,0.00882287
2807,0.287618,0.286992,0.00882326
2808,0.348184,0.347604,0.0088236
2809,0.421425,0.420774,0.00882402
2810,0.386569,0.384118,0.00883003
2811,0.399324,0.395241,0.0088467
2812,0.336754,0.333741,0.00885578
2813,0.426222,0.421867,0.00887474
2814,0.407659,0.402718,0.00889916
2815,0.356411,0.352014,0.00891849
2816,0.294574,0.293355,0.00891998
2817,0.325898,0.324711,0.00892139
2818,0.288805,0.286364,0.00892734
2819,0.375987,0.37402,0.00893121
2820,0.414371,0.412725,0.00893392
2821,0.319769,0.31769,0.00893824
2822,0.312232,0.309979,0.00894332
2823,0.524834,0.523967,0.00894407
2824,0.464325,0.464496,0.0089441
2825,0.451845,0.451967,0.00894411
2826,0.315311,0.316308,0.00894511
2827,0.282771,0.279701,0.00895453
2828,0.364663,0.36205,0.00896136
2829,0.255718,0.254866,0.00896209
2830,0.240646,0.23922,0.00896412
2831,0.23414,0.236511,0.00896974
2832,0.447688,0.450368,0.00897692
2833,0.278935,0.277429,0.00897919
2834,0.256855,0.259189,0.00898464
2835,0.238376,0.236218,0.00898929
2836,0.270474,0.268377,0.00899369
2837,0.38312,0.381493,0.00899634
2838,0.274253,0.274287,0.00899634
2839,0.215266,0.213515,0.0089994
2840,0.195976,0.197082,0.00900063
2841,0.46653,0.468462,0.00900436
2842,0.465225,0.463678,0.00900675
2843,0.311742,0.309811,0.00901048
2844,0.288168,0.286332,0.00901385
2845,0.244074,0.243141,0.00901472
2846,0.323524,0.320634,0.00902307
2847,0.343328,0.342509,0.00902374
2848,0.445177,0.444354,0.00902442
2849,0.282676,0.282121,0.00902473
2850,0.313087,0.31143,0.00902748
2851,0.286789,0.284547,0.0090325
2852,0.221034,0.218042,0.00904145
2853,0.300694,0.297347,0.00905266
2854,0.302464,0.301345,0.00905391
2855,0.242764,0.243579,0.00905457
2856,0.196072,0.198047,0.00905847
2857,0.433069,0.43392,0.0090592
2858,0.286136,0.285186,0.0090601
2859,0.361095,0.359045,0.0090643
2860,0.248387,0.245317,0.00907373
2861,0.235158,0.232403,0.00908132
2862,0.23695,0.23635,0.00908168
2863,0.353015,0.353029,0.00908168
2864,0.23393,0.233876,0.00908169
2865,0.207667,0.208288,0.00908207
2866,0.43067,0.431849,0.00908346
2867,0.299261,0.299363,0.00908347
2868,0.222534,0.221753,0.00908408
2869,0.212211,0.211185,0.00908514
2870,0.475812,0.476039,0.00908519
2871,0.304716,0.30696,0.00909022
2872,0.223404,0.225324,0.00909391
2873,0.247196,0.24516,0.00909805
2874,0.470178,0.469938,0.00909811
2875,0.288627,0.288241,0.00909826
2876,0.269617,0.268847,0.00909885
2877,0.299576,0.299759,0.00909889
2878,0.460001,0.460161,0.00909891
2879,0.288608,0.290495,0.00910247
2880,0.472822,0.475122,0.00910777
2881,0.377509,0.378209,0.00910826
2882,0.370653,0.368179,0.00911438
2883,0.385833,0.383296,0.00912081
2884,0.437086,0.435425,0.00912358
2885,0.507322,0.507568,0.00912364
2886,0.460682,0.459613,0.00912478
2887,0.374617,0.37344,0.00912616
2888,0.442016,0.44195,0.00912617
2889,0.365537,0.365419,0.00912618
2890,0.568307,0.56876,0.00912639
2891,0.429745,0.432325,0.00913304
2892,0.387078,0.386964,0.00913306
2893,0.27812,0.277092,0.00913411
2894,0.347582,0.347405,0.00913414
2895,0.505831,0.506441,0.00913452
2896,0.329008,0.331622,0.00914135
2897,0.233123,0.232876,0.00914141
2898,0.302946,0.30246,0.00914165
2899,0.335973,0.334464,0.00914393
2900,0.310262,0.309142,0.00914518
2901,0.23023,0.230294,0.00914519
2902,0.214078,0.215041,0.00914611
2903,0.262837,0.265158,0.0091515
2904,0.461304,0.462062,0.00915207
2905,0.370051,0.369172,0.00915284
2906,0.267055,0.265181,0.00915636
2907,0.285138,0.281261,0.00917139
2908,0.37437,0.369402,0.00919607
2909,0.25998,0.256632,0.00920728
2910,0.208447,0.206772,0.00921008
2911,0.300964,0.299024,0.00921385
2912,0.269118,0.267373,0.00921689
2913,0.226861,0.226979,0.00921691
2914,0.195893,0.195812,0.00921691
2915,0.395074,0.395904,0.0092176
2916,0.28648,0.285964,0.00921787
2917,0.301395,0.301303,0.00921788
2918,0.214324,0.215307,0.00921884
2919,0.397789,0.39859,0.00921949
2920,0.352489,0.350654,0.00922285
2921,0.312921,0.311057,0.00922632
2922,0.219255,0.219643,0.00922647
2923,0.274687,0.275581,0.00922727
2924,0.380657,0.380329,0.00922738
2925,0.333831,0.333092,0.00922792
2926,0.25735,0.256081,0.00922953
2927,0.210584,0.210686,0.00922954
2928,0.297094,0.297546,0.00922975
2929,0.336417,0.335485,0.00923062
2930,0.282074,0.280674,0.00923258
2931,0.208962,0.206856,0.00923701
2932,0.207222,0.20686,0.00923714
2933,0.34732,0.347685,0.00923727
2934,0.443062,0.442485,0.00923761
2935,0.281509,0.281281,0.00923766
2936,0.220889,0.220066,0.00923834
2937,0.268076,0.267332,0.00923889
2938,0.330328,0.330128,0.00923893
2939,0.405181,0.405122,0.00923893
2940,0.325477,0.323939,0.0092413
2941,0.277182,0.275558,0.00924393
2942,0.364975,0.363231,0.00924698
2943,0.455932,0.453411,0.00925333
2944,0.366331,0.364429,0.00925695
2945,0.390979,0.38931,0.00925973
2946,0.558563,0.555196,0.00927108
2947,0.366613,0.364423,0.00927587
2948,0.313388,0.311282,0.00928031
2949,0.547101,0.545465,0.00928298
2950,0.337779,0.340585,0.00929085
2951,0.249401,0.249492,0.00929086
2952,0.376579,0.377862,0.00929251
2953,0.489734,0.488776,0.00929343
2954,0.304834,0.307107,0.0092986
2955,0.223108,0.223272,0.00929862
2956,0.282254,0.281689,0.00929894
2957,0.288103,0.289074,0.00929988
2958,0.2332,0.2332,0.00929988
2959,0.1937,0.193528,0.00929991
2960,0.205209,0.204987,0.00929996
2961,0.229545,0.229871,0.00930007
2962,0.194422,0.195178,0.00930064
2963,0.329242,0.328624,0.00930102
2964,0.258464,0.258696,0.00930108
2965,0.193038,0.194059,0.00930212
2966,0.246797,0.248129,0.00930389
2967,0.273424,0.273779,0.00930402
2968,0.255493,0.258055,0.00931058
2969,0.189093,0.193839,0.00933311
2970,0.221895,0.224999,0.00934274
2971,0.252951,0.254744,0.00934595
2972,0.317171,0.31792,0.00934651
2973,0.286514,0.286369,0.00934654
2974,0.259265,0.258673,0.00934689
2975,0.365512,0.364031,0.00934908
2976,0.427461,0.425775,0.00935192
2977,0.395067,0.393138,0.00935564
2978,0.381629,0.379952,0.00935845
2979,0.317912,0.316283,0.00936111
2980,0.362236,0.360052,0.00936588
2981,0.262425,0.261178,0.00936743
2982,0.2422,0.240663,0.0093698
2983,0.269252,0.269166,0.0093698
2984,0.404571,0.405115,0.0093701
2985,0.258915,0.259263,0.00937022
2986,0.271481,0.270731,0.00937078
2987,0.22134,0.21988,0.00937292
2988,0.395882,0.394124,0.009376
2989,0.329925,0.328406,0.00937831
2990,0.430589,0.428737,0.00938174
2991,0.280281,0.279345,0.00938262
2992,0.416944,0.413224,0.00939646
2993,0.541787,0.537168,0.0094178
2994,0.506195,0.50158,0.00943909
2995,0.370782,0.3671,0.00945265
2996,0.451143,0.448323,0.00946061
2997,0.445483,0.445193,0.00946069
2998,0.415201,0.41541,0.00946074
2999,0.303137,0.303907,0.00946133
