t,predict_test,teacher
501,0.339144,0.337075,4.27783e-06
502,0.509021,0.506931,8.64356e-06
503,0.426386,0.424797,1.11674e-05
504,0.356291,0.355245,1.22619e-05
505,0.278113,0.273552,3.3064e-05
506,0.490592,0.487865,4.0502e-05
507,0.509344,0.51129,4.42864e-05
508,0.313584,0.31657,5.32031e-05
509,0.247203,0.25018,6.20685e-05
510,0.410167,0.411139,6.30123e-05
511,0.383668,0.385571,6.66355e-05
512,0.262234,0.264037,6.98859e-05
513,0.337014,0.338559,7.22718e-05
514,0.41243,0.415043,7.91036e-05
515,0.285684,0.287144,8.12359e-05
516,0.232003,0.231986,8.12361e-05
517,0.417389,0.416575,8.18977e-05
518,0.444068,0.443726,8.20148e-05
519,0.297781,0.297881,8.20248e-05
520,0.248554,0.248317,8.20808e-05
521,0.444413,0.444826,8.22514e-05
522,0.518713,0.520638,8.59563e-05
523,0.414001,0.415451,8.80577e-05
524,0.338439,0.339988,9.04583e-05
525,0.494066,0.49399,9.04642e-05
526,0.481652,0.482621,9.14042e-05
527,0.482622,0.485121,9.76476e-05
528,0.321549,0.323067,9.99521e-05
529,0.30959,0.308636,0.000100861
530,0.269399,0.266511,0.000109203
531,0.47795,0.479975,0.000113304
532,0.322,0.326908,0.000137391
533,0.246973,0.249301,0.000142814
534,0.217468,0.215575,0.000146399
535,0.40412,0.40265,0.000148559
536,0.466593,0.46702,0.000148742
537,0.283769,0.288185,0.000168242
538,0.285555,0.290989,0.000197766
539,0.301113,0.303776,0.000204855
540,0.270434,0.271955,0.000207169
541,0.215814,0.21851,0.000214437
542,0.218068,0.222507,0.000234144
543,0.21871,0.222459,0.000248195
544,0.220054,0.221469,0.000250196
545,0.245321,0.24496,0.000250326
546,0.221578,0.219204,0.000255961
547,0.18906,0.188661,0.00025612
548,0.395974,0.393811,0.000260799
549,0.320359,0.317729,0.000267713
550,0.373121,0.371885,0.000269241
551,0.239163,0.239592,0.000269424
552,0.358909,0.358287,0.000269811
553,0.379182,0.380222,0.000270894
554,0.351253,0.351498,0.000270954
555,0.236687,0.23573,0.000271869
556,0.247987,0.2476,0.000272019
557,0.245127,0.242399,0.00027946
558,0.30906,0.307743,0.000281193
559,0.2557,0.255902,0.000281234
560,0.195498,0.198734,0.000291705
561,0.17016,0.173178,0.000300809
562,0.216555,0.219134,0.00030746
563,0.243408,0.244139,0.000307995
564,0.180064,0.186633,0.000351157
565,0.166223,0.168302,0.000355479
566,0.172144,0.172562,0.000355654
567,0.22475,0.222665,0.000360004
568,0.17872,0.178543,0.000360035
569,0.190788,0.192305,0.000362339
570,0.22379,0.222625,0.000363697
571,0.259626,0.26605,0.000404965
572,0.345788,0.348612,0.000412941
573,0.232423,0.237837,0.000442253
574,0.468131,0.471392,0.000452882
575,0.364065,0.362977,0.000454065
576,0.470058,0.468367,0.000456926
577,0.309717,0.308462,0.0004585
578,0.344477,0.344589,0.000458513
579,0.515267,0.519542,0.000476792
580,0.453599,0.457938,0.00049562
581,0.434716,0.443111,0.000566106
582,0.356096,0.360381,0.000584474
583,0.39569,0.397098,0.000586458
584,0.313263,0.31404,0.000587062
585,0.381346,0.381882,0.00058735
586,0.439998,0.443296,0.000598224
587,0.355898,0.35664,0.000598775
588,0.288742,0.28973,0.00059975
589,0.328819,0.328197,0.000600137
590,0.504781,0.505618,0.000600837
591,0.453091,0.453604,0.0006011
592,0.379555,0.379187,0.000601235
593,0.384195,0.383639,0.000601545
594,0.387607,0.386666,0.00060243
595,0.49907,0.501647,0.00060907
596,0.452083,0.456824,0.000631552
597,0.393899,0.39664,0.000639068
598,0.297248,0.296464,0.000639682
599,0.247154,0.245759,0.000641627
600,0.495949,0.497829,0.00064516
601,0.429967,0.433178,0.000655469
602,0.334893,0.33864,0.000669512
603,0.261543,0.262889,0.000671324
604,0.399047,0.397785,0.000672917
605,0.432232,0.430678,0.000675333
606,0.350617,0.350428,0.000675369
607,0.414777,0.412827,0.00067917
608,0.474371,0.469357,0.000704317
609,0.418986,0.411895,0.000754598
610,0.31762,0.31202,0.000785963
611,0.286709,0.282527,0.000803455
612,0.495271,0.495571,0.000803545
613,0.414819,0.417349,0.000809947
614,0.3867,0.389536,0.000817988
615,0.332241,0.334199,0.000821824
616,0.253877,0.253714,0.00082185
617,0.391917,0.392871,0.000822761
618,0.460044,0.460539,0.000823006
619,0.509485,0.512009,0.000829378
620,0.304444,0.305591,0.000830694
621,0.359686,0.361871,0.00083547
622,0.288966,0.289834,0.000836224
623,0.292827,0.293874,0.000837321
624,0.216609,0.216756,0.000837342
625,0.282531,0.283521,0.000838323
626,0.249011,0.254102,0.000864245
627,0.204974,0.206413,0.000866316
628,0.194026,0.192301,0.000869292
629,0.297448,0.294147,0.000880187
630,0.525307,0.524405,0.000881001
631,0.333004,0.331562,0.00088308
632,0.340013,0.339274,0.000883626
633,0.265278,0.266034,0.000884198
634,0.339883,0.340608,0.000884724
635,0.334534,0.334402,0.000884741
636,0.325371,0.327126,0.000887821
637,0.25119,0.253769,0.000894468
638,0.248416,0.248379,0.00089447
639,0.307533,0.308297,0.000895053
640,0.3467,0.34564,0.000896176
641,0.275341,0.272497,0.000904264
642,0.233705,0.232483,0.000905757
643,0.44748,0.444861,0.000912617
644,0.280999,0.277189,0.000927129
645,0.252063,0.249907,0.000931775
646,0.202261,0.198925,0.000942902
647,0.215352,0.212937,0.000948735
648,0.184305,0.184714,0.000948903
649,0.202381,0.204917,0.000955335
650,0.184278,0.187572,0.000966184
651,0.186098,0.189605,0.000978484
652,0.376291,0.382798,0.00102082
653,0.293099,0.292155,0.00102171
654,0.393309,0.392551,0.00102229
655,0.263488,0.267009,0.00103469
656,0.396624,0.397797,0.00103606
657,0.363179,0.35876,0.00105558
658,0.360635,0.357606,0.00106476
659,0.270325,0.272202,0.00106828
660,0.231323,0.227769,0.00108091
661,0.277821,0.277294,0.00108119
662,0.337365,0.335369,0.00108518
663,0.271012,0.265173,0.00111927
664,0.234829,0.228417,0.00116039
665,0.242937,0.2373,0.00119217
666,0.293249,0.289962,0.00120297
667,0.245862,0.24184,0.00121915
668,0.20604,0.198845,0.00127091
669,0.240807,0.237273,0.0012834
670,0.286429,0.283616,0.00129131
671,0.316987,0.313521,0.00130333
672,0.230163,0.223737,0.00134461
673,0.336027,0.33289,0.00135445
674,0.305174,0.302577,0.0013612
675,0.320735,0.316013,0.00138349
676,0.231683,0.222553,0.00146684
677,0.289309,0.284719,0.00148792
678,0.300748,0.299067,0.00149074
679,0.387568,0.385268,0.00149604
680,0.251435,0.246796,0.00151755
681,0.234875,0.232601,0.00152272
682,0.534406,0.534195,0.00152277
683,0.433862,0.43287,0.00152375
684,0.272074,0.270619,0.00152587
685,0.218288,0.217748,0.00152616
686,0.321866,0.320795,0.00152731
687,0.321006,0.321132,0.00152732
688,0.221841,0.222692,0.00152805
689,0.239604,0.242631,0.00153721
690,0.229154,0.233163,0.00155327
691,0.319585,0.323753,0.00157065
692,0.33838,0.33817,0.00157069
693,0.370328,0.370196,0.00157071
694,0.237769,0.239701,0.00157444
695,0.291719,0.293612,0.00157803
696,0.519153,0.518876,0.00157811
697,0.437491,0.434758,0.00158557
698,0.273717,0.272109,0.00158816
699,0.291131,0.288963,0.00159286
700,0.512275,0.513008,0.0015934
701,0.417492,0.420786,0.00160425
702,0.333944,0.334488,0.00160455
703,0.388395,0.387782,0.00160492
704,0.443487,0.442317,0.00160629
705,0.29511,0.290473,0.00162779
706,0.268015,0.26553,0.00163397
707,0.234878,0.232079,0.0016418
708,0.297192,0.295393,0.00164504
709,0.228411,0.228147,0.00164511
710,0.24077,0.241049,0.00164518
711,0.209475,0.210391,0.00164602
712,0.30334,0.303632,0.00164611
713,0.242145,0.240401,0.00164915
714,0.228934,0.229068,0.00164917
715,0.269848,0.269625,0.00164922
716,0.366123,0.366992,0.00164998
717,0.276814,0.276623,0.00165001
718,0.236834,0.236873,0.00165001
719,0.270539,0.270001,0.0016503
720,0.263198,0.263564,0.00165044
721,0.231836,0.232009,0.00165047
722,0.208145,0.210108,0.00165432
723,0.344907,0.344754,0.00165434
724,0.308383,0.30636,0.00165844
725,0.244623,0.241794,0.00166644
726,0.2141,0.212028,0.00167073
727,0.466273,0.462343,0.00168618
728,0.578058,0.572292,0.00171943
729,0.358113,0.356333,0.0017226
730,0.249782,0.248839,0.00172349
731,0.247229,0.245717,0.00172578
732,0.522282,0.522249,0.00172578
733,0.319323,0.321417,0.00173016
734,0.238951,0.241803,0.00173829
735,0.249147,0.25105,0.00174191
736,0.507705,0.510372,0.00174903
737,0.353208,0.354789,0.00175153
738,0.339411,0.33898,0.00175172
739,0.355244,0.354087,0.00175305
740,0.245171,0.24609,0.0017539
741,0.299063,0.297094,0.00175778
742,0.260513,0.260392,0.00175779
743,0.199145,0.198387,0.00175836
744,0.17699,0.173375,0.00177144
745,0.330133,0.326837,0.0017823
746,0.235865,0.232627,0.00179279
747,0.185027,0.184097,0.00179365
748,0.179407,0.174803,0.00181485
749,0.369454,0.367216,0.00181985
750,0.240184,0.241994,0.00182313
751,0.210538,0.212505,0.001827
752,0.364668,0.364393,0.00182708
753,0.412589,0.413077,0.00182732
754,0.265969,0.268528,0.00183386
755,0.326645,0.326375,0.00183394
756,0.235432,0.235852,0.00183411
757,0.289774,0.292235,0.00184017
758,0.288719,0.288076,0.00184058
759,0.409419,0.408289,0.00184186
760,0.26422,0.26119,0.00185104
761,0.317371,0.315739,0.0018537
762,0.492971,0.491136,0.00185707
763,0.412818,0.406896,0.00189213
764,0.451465,0.44894,0.00189851
765,0.30056,0.300105,0.00189872
766,0.427388,0.425945,0.0019008
767,0.373793,0.370331,0.00191279
768,0.298872,0.293765,0.00193886
769,0.22997,0.227325,0.00194586
770,0.425989,0.426494,0.00194612
771,0.390367,0.392195,0.00194946
772,0.275515,0.274445,0.0019506
773,0.340679,0.341326,0.00195102
774,0.306826,0.308851,0.00195512
775,0.25061,0.250189,0.0019553
776,0.202584,0.204033,0.0019574
777,0.230315,0.231988,0.0019602
778,0.272377,0.272711,0.00196031
779,0.231957,0.230999,0.00196123
780,0.201285,0.200756,0.00196151
781,0.232943,0.231146,0.00196474
782,0.247621,0.248025,0.0019649
783,0.362618,0.361509,0.00196613
784,0.468532,0.461182,0.00202015
785,0.450283,0.441932,0.00208989
786,0.302833,0.294422,0.00216064
787,0.340273,0.335115,0.00218724
788,0.45703,0.45613,0.00218805
789,0.352136,0.351718,0.00218822
790,0.310482,0.311109,0.00218861
791,0.339074,0.340253,0.00219001
792,0.286009,0.284916,0.0021912
793,0.240674,0.238062,0.00219802
794,0.363831,0.362609,0.00219951
795,0.411205,0.410916,0.0021996
796,0.266911,0.266106,0.00220025
797,0.252073,0.252048,0.00220025
798,0.303963,0.303557,0.00220041
799,0.267269,0.267897,0.0022008
800,0.239289,0.239619,0.00220091
801,0.381501,0.383,0.00220316
802,0.306702,0.307663,0.00220408
803,0.242142,0.242627,0.00220432
804,0.248695,0.247109,0.00220683
805,0.48566,0.481916,0.00222084
806,0.364585,0.360756,0.0022355
807,0.292359,0.290392,0.00223937
808,0.22402,0.222239,0.00224255
809,0.410632,0.409974,0.00224298
810,0.347398,0.348545,0.00224429
811,0.297028,0.29692,0.00224431
812,0.239772,0.240652,0.00224508
813,0.422322,0.422126,0.00224512
814,0.347941,0.346909,0.00224618
815,0.408351,0.40459,0.00226033
816,0.383546,0.380592,0.00226905
817,0.319006,0.318361,0.00226947
818,0.338834,0.338509,0.00226957
819,0.400514,0.4002,0.00226967
820,0.355059,0.352945,0.00227414
821,0.274448,0.27186,0.00228084
822,0.339252,0.337078,0.00228557
823,0.393943,0.393011,0.00228643
824,0.321091,0.319419,0.00228923
825,0.268971,0.265451,0.00230162
826,0.35772,0.353851,0.00231658
827,0.512656,0.510295,0.00232216
828,0.404027,0.402715,0.00232388
829,0.30455,0.303068,0.00232608
830,0.450838,0.449715,0.00232734
831,0.543992,0.545024,0.0023284
832,0.36926,0.370485,0.0023299
833,0.381364,0.383502,0.00233447
834,0.411335,0.413586,0.00233954
835,0.453776,0.456079,0.00234485
836,0.349538,0.35399,0.00236467
837,0.526444,0.53046,0.0023808
838,0.452975,0.455603,0.0023877
839,0.289716,0.292078,0.00239328
840,0.421877,0.425735,0.00240817
841,0.495286,0.499741,0.00242802
842,0.337624,0.34014,0.00243435
843,0.240344,0.243592,0.0024449
844,0.288547,0.289055,0.00244516
845,0.227018,0.224325,0.00245241
846,0.20042,0.198712,0.00245533
847,0.230501,0.229959,0.00245562
848,0.305525,0.305446,0.00245563
849,0.223242,0.222096,0.00245694
850,0.217268,0.215722,0.00245933
851,0.20021,0.199301,0.00246016
852,0.27617,0.27705,0.00246093
853,0.217616,0.22115,0.00247343
854,0.176315,0.182956,0.00251753
855,0.249463,0.252776,0.0025285
856,0.281266,0.283107,0.00253189
857,0.216488,0.216596,0.0025319
858,0.176783,0.177614,0.00253259
859,0.370432,0.367608,0.00254057
860,0.496446,0.490725,0.0025733
861,0.4309,0.424916,0.00260911
862,0.263209,0.263593,0.00260925
863,0.28734,0.289376,0.0026134
864,0.303897,0.3046,0.0026139
865,0.449621,0.450494,0.00261466
866,0.293328,0.295859,0.00262106
867,0.28804,0.291631,0.00263395
868,0.29501,0.301064,0.00267061
869,0.351504,0.353639,0.00267517
870,0.277792,0.274949,0.00268326
871,0.377846,0.373574,0.0027015
872,0.378563,0.374207,0.00272048
873,0.392544,0.388543,0.00273649
874,0.271002,0.265047,0.00277195
875,0.327045,0.322074,0.00279666
876,0.257767,0.253381,0.0028159
877,0.345145,0.342849,0.00282117
878,0.293231,0.294834,0.00282374
879,0.235275,0.238098,0.00283171
880,0.210663,0.212253,0.00283424
881,0.229566,0.23118,0.00283684
882,0.335003,0.334699,0.00283694
883,0.257089,0.256548,0.00283723
884,0.26407,0.264591,0.0028375
885,0.26112,0.262793,0.0028403
886,0.247661,0.249544,0.00284384
887,0.324254,0.326426,0.00284856
888,0.317463,0.31877,0.00285027
889,0.22328,0.225276,0.00285425
890,0.269857,0.270631,0.00285485
891,0.367989,0.367256,0.00285539
892,0.292059,0.289279,0.00286312
893,0.219037,0.21637,0.00287023
894,0.249555,0.24664,0.00287873
895,0.34317,0.340248,0.00288727
896,0.277613,0.27529,0.00289266
897,0.381117,0.379856,0.00289425
898,0.302844,0.301501,0.00289605
899,0.241498,0.23907,0.00290195
900,0.201254,0.196405,0.00292546
901,0.334376,0.331191,0.00293561
902,0.276901,0.272543,0.0029546
903,0.201107,0.202383,0.00295623
904,0.184044,0.186524,0.00296239
905,0.217558,0.219159,0.00296495
906,0.247816,0.248079,0.00296502
907,0.190229,0.19253,0.00297031
908,0.189827,0.192137,0.00297565
909,0.161426,0.169225,0.00303647
910,0.428707,0.429952,0.00303802
911,0.314193,0.312621,0.00304049
912,0.242518,0.239633,0.00304881
913,0.192314,0.193739,0.00305085
914,0.241198,0.245218,0.003067
915,0.21225,0.215187,0.00307563
916,0.442324,0.444073,0.00307869
917,0.305967,0.301987,0.00309453
918,0.295946,0.29101,0.00311889
919,0.232585,0.227673,0.00314303
920,0.279482,0.271907,0.00320041
921,0.250183,0.245382,0.00322346
922,0.450315,0.448397,0.00322714
923,0.457056,0.455468,0.00322966
924,0.287692,0.288704,0.00323069
925,0.385333,0.386903,0.00323315
926,0.371401,0.372704,0.00323485
927,0.484477,0.485595,0.0032361
928,0.31433,0.316552,0.00324104
929,0.426538,0.429618,0.00325053
930,0.411294,0.416457,0.00327719
931,0.276621,0.278187,0.00327964
932,0.238873,0.23749,0.00328155
933,0.397237,0.395947,0.00328321
934,0.347234,0.344043,0.00329339
935,0.244766,0.241729,0.00330262
936,0.218444,0.216686,0.00330572
937,0.28088,0.278234,0.00331272
938,0.209687,0.206359,0.00332378
939,0.40665,0.405404,0.00332534
940,0.248839,0.25095,0.00332979
941,0.229332,0.235561,0.00336859
942,0.188294,0.188505,0.00336864
943,0.362283,0.359659,0.00337552
944,0.234792,0.233796,0.00337651
945,0.207884,0.207114,0.00337711
946,0.205916,0.204519,0.00337906
947,0.363875,0.358104,0.00341236
948,0.233176,0.231939,0.00341389
949,0.186088,0.193387,0.00346717
950,0.299043,0.304868,0.0035011
951,0.475295,0.477737,0.00350706
952,0.432557,0.432321,0.00350712
953,0.297497,0.295956,0.00350949
954,0.478512,0.478752,0.00350955
955,0.461923,0.462021,0.00350956
956,0.393597,0.394607,0.00351058
957,0.2685,0.267859,0.00351099
958,0.506116,0.504899,0.00351247
959,0.380919,0.377571,0.00352368
960,0.257498,0.255095,0.00352945
961,0.204599,0.200278,0.00354813
962,0.316063,0.311941,0.00356512
963,0.335509,0.334343,0.00356648
964,0.228164,0.22727,0.00356728
965,0.188086,0.18656,0.00356961
966,0.246931,0.24458,0.00357514
967,0.23986,0.238847,0.00357616
968,0.244381,0.2451,0.00357668
969,0.196525,0.200603,0.00359331
970,0.284755,0.288864,0.00361019
971,0.22552,0.22936,0.00362493
972,0.304557,0.307106,0.00363143
973,0.26317,0.264106,0.00363231
974,0.40787,0.405944,0.00363602
975,0.296129,0.293533,0.00364276
976,0.359083,0.356671,0.00364858
977,0.31416,0.310781,0.00365999
978,0.281417,0.280369,0.00366109
979,0.238089,0.235165,0.00366964
980,0.22807,0.226783,0.0036713
981,0.214944,0.212903,0.00367546
982,0.21386,0.212788,0.00367661
983,0.200462,0.196906,0.00368926
984,0.231521,0.2248,0.00373443
985,0.254387,0.25051,0.00374946
986,0.262492,0.262638,0.00374949
987,0.203319,0.205785,0.00375557
988,0.282316,0.285341,0.00376472
989,0.450009,0.44979,0.00376477
990,0.301877,0.299588,0.00377
991,0.263172,0.2628,0.00377014
992,0.221065,0.221388,0.00377025
993,0.403494,0.40609,0.00377699
994,0.255451,0.258195,0.00378452
995,0.350523,0.349418,0.00378574
996,0.249392,0.249743,0.00378586
997,0.213239,0.215722,0.00379202
998,0.187467,0.19187,0.00381141
999,0.191407,0.198561,0.00386259
1000,0.230786,0.23892,0.00392876
1001,0.177358,0.187611,0.00403388
1002,0.368623,0.374803,0.00407208
1003,0.280195,0.280731,0.00407237
1004,0.219114,0.21957,0.00407257
1005,0.18593,0.187905,0.00407647
1006,0.359775,0.358099,0.00407928
1007,0.420916,0.41738,0.00409179
1008,0.288125,0.279989,0.00415798
1009,0.236864,0.231991,0.00418173
1010,0.316509,0.313838,0.00418887
1011,0.321371,0.319982,0.0041908
1012,0.270225,0.270355,0.00419081
1013,0.245673,0.245019,0.00419124
1014,0.276334,0.276103,0.00419129
1015,0.272118,0.268318,0.00420574
1016,0.248528,0.245069,0.0042177
1017,0.224256,0.220345,0.004233
1018,0.284133,0.279686,0.00425278
1019,0.314198,0.309744,0.00427262
1020,0.471887,0.469337,0.00427912
1021,0.314462,0.311404,0.00428847
1022,0.338239,0.335448,0.00429626
1023,0.452718,0.450923,0.00429948
1024,0.374243,0.373235,0.0043005
1025,0.267232,0.264768,0.00430657
1026,0.312509,0.312394,0.00430658
1027,0.359843,0.360786,0.00430747
1028,0.28351,0.283055,0.00430768
1029,0.248043,0.249927,0.00431123
1030,0.33725,0.338185,0.0043121
1031,0.391675,0.391125,0.0043124
1032,0.333721,0.331844,0.00431593
1033,0.40697,0.40432,0.00432295
1034,0.303279,0.300917,0.00432853
1035,0.312023,0.308373,0.00434185
1036,0.316388,0.310906,0.00437191
1037,0.227524,0.223499,0.00438811
1038,0.202554,0.199468,0.00439763
1039,0.274269,0.274222,0.00439763
1040,0.275586,0.273415,0.00440234
1041,0.201048,0.200032,0.00440337
1042,0.272115,0.267761,0.00442234
1043,0.45064,0.447345,0.00443319
1044,0.300533,0.301743,0.00443466
1045,0.213016,0.215041,0.00443876
1046,0.499138,0.497286,0.00444219
1047,0.504691,0.503619,0.00444334
1048,0.316568,0.318507,0.0044471
1049,0.22957,0.229738,0.00444713
1050,0.289663,0.289973,0.00444722
1051,0.261255,0.26118,0.00444723
1052,0.265735,0.267018,0.00444887
1053,0.234981,0.238683,0.00446258
1054,0.26246,0.267104,0.00448415
1055,0.203661,0.206001,0.00448962
1056,0.187468,0.188628,0.00449096
1057,0.312003,0.312624,0.00449135
1058,0.224798,0.228404,0.00450436
1059,0.209532,0.211229,0.00450724
1060,0.17472,0.177063,0.00451272
1061,0.294883,0.29689,0.00451675
1062,0.220794,0.221302,0.00451701
1063,0.23383,0.232618,0.00451848
1064,0.183909,0.185602,0.00452134
1065,0.206831,0.211557,0.00454368
1066,0.310709,0.312925,0.00454859
1067,0.220546,0.225486,0.00457299
1068,0.18917,0.191276,0.00457742
1069,0.1721,0.174859,0.00458503
1070,0.281571,0.28176,0.00458507
1071,0.240174,0.239966,0.00458511
1072,0.246367,0.247098,0.00458565
1073,0.2159,0.218487,0.00459234
1074,0.338309,0.341187,0.00460063
1075,0.397011,0.398634,0.00460326
1076,0.375979,0.374617,0.00460511
1077,0.464235,0.460929,0.00461605
1078,0.518854,0.515168,0.00462963
1079,0.396243,0.392595,0.00464293
1080,0.456353,0.456357,0.00464293
1081,0.559409,0.561985,0.00464957
1082,0.358307,0.35878,0.00464979
1083,0.357853,0.359385,0.00465214
1084,0.256257,0.253712,0.00465861
1085,0.38038,0.378768,0.00466121
1086,0.274698,0.275422,0.00466174
1087,0.352325,0.350166,0.0046664
1088,0.241492,0.236803,0.00468839
1089,0.321628,0.319269,0.00469395
1090,0.258926,0.252701,0.00473271
1091,0.359629,0.350463,0.00481671
1092,0.327866,0.321217,0.00486092
1093,0.410451,0.4085,0.00486473
1094,0.268762,0.267069,0.0048676
1095,0.429962,0.4293,0.00486804
1096,0.450996,0.45147,0.00486826
1097,0.357689,0.358925,0.00486979
1098,0.296766,0.296606,0.00486981
1099,0.260211,0.261988,0.00487297
1100,0.262273,0.260907,0.00487483
1101,0.28331,0.283895,0.00487518
1102,0.302232,0.30322,0.00487615
1103,0.258486,0.258444,0.00487615
1104,0.207891,0.207495,0.00487631
1105,0.344037,0.34316,0.00487708
1106,0.373067,0.370713,0.00488262
1107,0.315618,0.313836,0.0048858
1108,0.277508,0.275529,0.00488972
1109,0.225994,0.225592,0.00488988
1110,0.210414,0.210161,0.00488994
1111,0.245829,0.247361,0.00489229
1112,0.486103,0.487687,0.0048948
1113,0.316943,0.314501,0.00490076
1114,0.240277,0.238908,0.00490263
1115,0.338981,0.338506,0.00490286
1116,0.307226,0.306522,0.00490335
1117,0.256915,0.25565,0.00490495
1118,0.253994,0.255474,0.00490715
1119,0.342372,0.343331,0.00490807
1120,0.320135,0.319103,0.00490913
1121,0.263596,0.261522,0.00491343
1122,0.292769,0.289744,0.00492258
1123,0.44206,0.434413,0.00498107
1124,0.635141,0.62646,0.00505642
1125,0.613628,0.605735,0.00511873
1126,0.458639,0.453668,0.00514343
1127,0.350411,0.342942,0.0051992
1128,0.281385,0.26956,0.00533902
1129,0.403641,0.398346,0.00536706
1130,0.305722,0.304964,0.00536763
1131,0.239809,0.239737,0.00536764
1132,0.203495,0.201971,0.00536996
1133,0.211377,0.205863,0.00540037
1134,0.186833,0.182045,0.0054233
1135,0.23055,0.227042,0.00543561
1136,0.322406,0.319455,0.00544431
1137,0.249389,0.247332,0.00544854
1138,0.193726,0.194054,0.00544865
1139,0.305633,0.305119,0.00544891
1140,0.397731,0.397198,0.0054492
1141,0.476922,0.475348,0.00545168
1142,0.340325,0.33933,0.00545267
1143,0.422371,0.42218,0.0054527
1144,0.282628,0.279955,0.00545984
1145,0.240175,0.23811,0.00546411
1146,0.220137,0.217112,0.00547326
1147,0.343101,0.341531,0.00547572
1148,0.238542,0.23709,0.00547783
1149,0.210083,0.2074,0.00548503
1150,0.213929,0.213565,0.00548516
1151,0.323405,0.322254,0.00548648
1152,0.276321,0.27372,0.00549325
1153,0.378358,0.374103,0.00551135
1154,0.472149,0.468419,0.00552527
1155,0.344233,0.342005,0.00553023
1156,0.247531,0.243971,0.0055429
1157,0.351786,0.350379,0.00554488
1158,0.371514,0.370565,0.00554578
1159,0.287183,0.286957,0.00554584
1160,0.235057,0.237717,0.00555291
1161,0.267716,0.269299,0.00555542
1162,0.288559,0.288875,0.00555552
1163,0.276172,0.275676,0.00555577
1164,0.240723,0.239734,0.00555674
1165,0.285456,0.284045,0.00555874
1166,0.387813,0.384467,0.00556993
1167,0.352033,0.347859,0.00558735
1168,0.263205,0.259537,0.00560081
1169,0.230389,0.226549,0.00561556
1170,0.506944,0.503527,0.00562723
1171,0.441223,0.437537,0.00564082
1172,0.317441,0.314934,0.00564711
1173,0.255306,0.254023,0.00564875
1174,0.403955,0.401874,0.00565308
1175,0.483126,0.484682,0.00565551
1176,0.34527,0.344909,0.00565564
1177,0.446806,0.447569,0.00565622
1178,0.414588,0.414201,0.00565637
1179,0.507018,0.508391,0.00565825
1180,0.529218,0.533485,0.00567646
1181,0.326877,0.331031,0.00569371
1182,0.262813,0.260791,0.0056978
1183,0.28186,0.27975,0.00570226
1184,0.240255,0.236149,0.00571912
1185,0.200523,0.201199,0.00571958
1186,0.182819,0.183978,0.00572092
1187,0.254377,0.255012,0.00572132
1188,0.219828,0.217701,0.00572585
1189,0.449641,0.448236,0.00572782
1190,0.26286,0.264832,0.00573171
1191,0.46675,0.464486,0.00573684
1192,0.328328,0.323183,0.00576332
1193,0.390717,0.388122,0.00577006
1194,0.258653,0.253877,0.00579287
1195,0.43065,0.427535,0.00580257
1196,0.318362,0.32483,0.0058444
1197,0.399004,0.398994,0.0058444
1198,0.299187,0.298784,0.00584456
1199,0.312229,0.31292,0.00584504
1200,0.373162,0.372196,0.00584598
1201,0.596289,0.59289,0.00585753
1202,0.441045,0.435443,0.00588891
1203,0.396898,0.392655,0.00590691
1204,0.269183,0.260618,0.00598028
1205,0.397237,0.392125,0.00600641
1206,0.312166,0.312468,0.0060065
1207,0.352559,0.354765,0.00601137
1208,0.235621,0.238271,0.00601839
1209,0.35276,0.353391,0.00601879
1210,0.315318,0.317173,0.00602222
1211,0.347438,0.343828,0.00603526
1212,0.370969,0.370524,0.00603546
1213,0.337491,0.339335,0.00603886
1214,0.316952,0.317067,0.00603887
1215,0.337952,0.338367,0.00603904
1216,0.56767,0.567426,0.0060391
1217,0.429155,0.427427,0.00604209
1218,0.32886,0.324692,0.00605946
1219,0.305623,0.302009,0.00607252
1220,0.500536,0.499564,0.00607346
1221,0.588935,0.593841,0.00609754
1222,0.412426,0.418223,0.00613114
1223,0.419816,0.424724,0.00615524
1224,0.319965,0.321454,0.00615746
1225,0.295514,0.293826,0.00616031
1226,0.33901,0.34173,0.0061677
1227,0.29176,0.294542,0.00617544
1228,0.2615,0.265806,0.00619399
1229,0.215651,0.215813,0.00619401
1230,0.279081,0.276369,0.00620137
1231,0.220443,0.218809,0.00620404
1232,0.456668,0.455004,0.00620681
1233,0.327259,0.326818,0.006207
1234,0.342612,0.341073,0.00620937
1235,0.251441,0.248949,0.00621558
1236,0.202774,0.204379,0.00621816
1237,0.312681,0.315905,0.00622856
1238,0.267331,0.274348,0.0062778
1239,0.267711,0.273801,0.00631488
1240,0.20089,0.204878,0.00633079
1241,0.197515,0.196377,0.00633208
1242,0.22522,0.225045,0.00633211
1243,0.341719,0.341941,0.00633216
1244,0.375241,0.373091,0.00633678
1245,0.267944,0.264094,0.00635161
1246,0.235403,0.231904,0.00636384
1247,0.236881,0.236686,0.00636388
1248,0.234113,0.234293,0.00636392
1249,0.271609,0.272305,0.0063644
1250,0.223353,0.223937,0.00636474
1251,0.224599,0.22427,0.00636485
1252,0.219868,0.219616,0.00636491
1253,0.220972,0.219874,0.00636612
1254,0.191056,0.189278,0.00636928
1255,0.255253,0.253646,0.00637187
1256,0.370011,0.367648,0.00637745
1257,0.331392,0.328385,0.0063865
1258,0.237481,0.234644,0.00639455
1259,0.20085,0.196507,0.00641341
1260,0.350649,0.347617,0.0064226
1261,0.472138,0.468677,0.00643458
1262,0.350445,0.348631,0.00643787
1263,0.242264,0.240929,0.00643965
1264,0.423948,0.421454,0.00644587
1265,0.326403,0.321793,0.00646712
1266,0.231149,0.227791,0.00647839
1267,0.262702,0.262026,0.00647885
1268,0.223865,0.225394,0.00648119
1269,0.211408,0.212664,0.00648276
1270,0.184554,0.186102,0.00648516
1271,0.166123,0.166865,0.00648571
1272,0.176994,0.178925,0.00648944
1273,0.313828,0.311459,0.00649505
1274,0.536328,0.534319,0.00649908
1275,0.30456,0.298091,0.00654093
1276,0.344122,0.341157,0.00654972
1277,0.274786,0.273006,0.00655288
1278,0.427889,0.424922,0.00656169
1279,0.525902,0.525203,0.00656218
1280,0.51095,0.511447,0.00656242
1281,0.318098,0.318401,0.00656252
1282,0.388503,0.389271,0.00656311
1283,0.288951,0.286064,0.00657144
1284,0.514949,0.511199,0.0065855
1285,0.308887,0.307613,0.00658712
1286,0.264732,0.265744,0.00658814
1287,0.207743,0.204451,0.00659898
1288,0.296011,0.293382,0.00660589
1289,0.215275,0.211326,0.00662148
1290,0.212879,0.207758,0.00664771
1291,0.186941,0.186309,0.00664811
1292,0.1874,0.192552,0.00667465
1293,0.166059,0.169315,0.00668525
1294,0.249467,0.251023,0.00668767
1295,0.286125,0.288601,0.0066938
1296,0.206442,0.214866,0.00676477
1297,0.259381,0.263684,0.00678328
1298,0.285949,0.290445,0.00680349
1299,0.254217,0.258793,0.00682443
1300,0.24033,0.243299,0.00683324
1301,0.263539,0.266778,0.00684374
1302,0.319405,0.320903,0.00684598
1303,0.24178,0.242597,0.00684665
1304,0.233249,0.231652,0.0068492
1305,0.209636,0.20967,0.0068492
1306,0.380102,0.379113,0.00685018
1307,0.274602,0.272629,0.00685407
1308,0.237255,0.234922,0.00685951
1309,0.223319,0.221333,0.00686346
1310,0.414729,0.411127,0.00687643
1311,0.25771,0.254896,0.00688436
1312,0.387988,0.384428,0.00689703
1313,0.341393,0.338197,0.00690724
1314,0.400283,0.398714,0.00690971
1315,0.259024,0.255308,0.00692351
1316,0.466104,0.462538,0.00693623
1317,0.505071,0.505941,0.00693699
1318,0.46544,0.466387,0.00693788
1319,0.307463,0.312031,0.00695876
1320,0.494854,0.496501,0.00696147
1321,0.524172,0.52917,0.00698645
1322,0.316181,0.32496,0.00706353
1323,0.445633,0.451908,0.0071029
1324,0.421067,0.425111,0.00711926
1325,0.446316,0.451592,0.0071471
1326,0.283151,0.290617,0.00720283
1327,0.233252,0.230073,0.00721294
1328,0.370181,0.368669,0.00721523
1329,0.27986,0.278299,0.00721766
1330,0.232603,0.231396,0.00721912
1331,0.203351,0.20246,0.00721991
1332,0.208976,0.203579,0.00724904
1333,0.19853,0.19663,0.00725265
1334,0.187781,0.187524,0.00725271
1335,0.238915,0.235963,0.00726143
1336,0.196534,0.193662,0.00726967
1337,0.314892,0.315392,0.00726992
1338,0.332099,0.334244,0.00727453
1339,0.282203,0.281215,0.0072755
1340,0.233543,0.231252,0.00728075
1341,0.50313,0.499944,0.0072909
1342,0.421821,0.418374,0.00730278
1343,0.293118,0.291407,0.00730571
1344,0.222813,0.220207,0.00731251
1345,0.483815,0.481081,0.00731998
1346,0.352749,0.348275,0.00733999
1347,0.242173,0.241245,0.00734085
1348,0.199183,0.195772,0.00735248
1349,0.245503,0.242075,0.00736423
1350,0.251601,0.250311,0.00736589
1351,0.23756,0.23669,0.00736665
1352,0.210238,0.212402,0.00737133
1353,0.231839,0.234662,0.0073793
1354,0.381079,0.385824,0.00740182
1355,0.402985,0.404192,0.00740327
1356,0.318678,0.318377,0.00740337
1357,0.262441,0.261864,0.0074037
1358,0.410929,0.409165,0.00740681
1359,0.420403,0.417566,0.00741486
1360,0.314462,0.31132,0.00742473
1361,0.253928,0.251655,0.0074299
1362,0.360456,0.358345,0.00743436
1363,0.435291,0.434348,0.00743525
1364,0.290673,0.290316,0.00743537
1365,0.328956,0.327728,0.00743688
1366,0.409955,0.408201,0.00743996
1367,0.50583,0.505566,0.00744003
1368,0.329436,0.328738,0.00744051
1369,0.273995,0.272328,0.00744329
1370,0.458375,0.458287,0.0074433
1371,0.293039,0.29529,0.00744837
1372,0.328985,0.33069,0.00745127
1373,0.267537,0.26946,0.00745497
1374,0.39042,0.392234,0.00745826
1375,0.262368,0.263535,0.00745963
1376,0.372865,0.373031,0.00745965
1377,0.328432,0.325344,0.0074692
1378,0.297803,0.295093,0.00747654
1379,0.445173,0.444125,0.00747764
1380,0.55949,0.5591,0.00747779
1381,0.413877,0.41349,0.00747794
1382,0.328883,0.327258,0.00748059
1383,0.404646,0.403889,0.00748116
1384,0.376319,0.376175,0.00748118
1385,0.340677,0.341059,0.00748133
1386,0.373394,0.376212,0.00748927
1387,0.341944,0.344015,0.00749356
1388,0.321327,0.322575,0.00749512
1389,0.296764,0.296339,0.0074953
1390,0.440005,0.438998,0.00749631
1391,0.328805,0.32773,0.00749746
1392,0.433891,0.43278,0.0074987
1393,0.444252,0.444323,0.00749871
1394,0.481491,0.48124,0.00749877
1395,0.328269,0.327353,0.00749961
1396,0.312837,0.312753,0.00749961
1397,0.48554,0.486614,0.00750077
1398,0.462866,0.465981,0.00751048
1399,0.29734,0.297072,0.00751055
1400,0.24674,0.245327,0.00751255
1401,0.417142,0.419178,0.00751669
1402,0.495266,0.499924,0.00753838
1403,0.303125,0.305352,0.00754334
1404,0.299969,0.300459,0.00754358
1405,0.330316,0.330263,0.00754358
1406,0.461055,0.462533,0.00754577
1407,0.295926,0.29806,0.00755032
1408,0.255194,0.25724,0.00755451
1409,0.248592,0.249901,0.00755622
1410,0.392059,0.392896,0.00755692
1411,0.319637,0.323084,0.0075688
1412,0.241803,0.243373,0.00757126
1413,0.229198,0.229942,0.00757182
1414,0.405016,0.404692,0.00757192
1415,0.312826,0.310532,0.00757718
1416,0.221655,0.22397,0.00758254
1417,0.230298,0.231489,0.00758396
1418,0.395591,0.394737,0.00758469
1419,0.276365,0.273598,0.00759235
1420,0.207721,0.205141,0.007599
1421,0.199388,0.195284,0.00761585
1422,0.212865,0.212276,0.0076162
1423,0.2232,0.22305,0.00761622
1424,0.228651,0.227955,0.0076167
1425,0.198548,0.202141,0.00762961
1426,0.216259,0.219221,0.00763838
1427,0.184125,0.187138,0.00764746
1428,0.320673,0.32017,0.00764771
1429,0.375345,0.370883,0.00766762
1430,0.351716,0.350802,0.00766845
1431,0.240404,0.239014,0.00767039
1432,0.256521,0.255904,0.00767077
1433,0.476773,0.478107,0.00767255
1434,0.302664,0.303309,0.00767296
1435,0.281969,0.284038,0.00767725
1436,0.259558,0.261406,0.00768066
1437,0.351101,0.35292,0.00768397
1438,0.238131,0.238726,0.00768433
1439,0.326016,0.324547,0.00768649
1440,0.26303,0.26167,0.00768834
1441,0.274298,0.273396,0.00768915
1442,0.212176,0.210447,0.00769214
1443,0.311899,0.310285,0.00769475
1444,0.278086,0.279533,0.00769685
1445,0.266757,0.269315,0.00770339
1446,0.306296,0.307406,0.00770462
1447,0.316686,0.318933,0.00770967
1448,0.477265,0.478724,0.0077118
1449,0.388355,0.387418,0.00771267
1450,0.338437,0.335892,0.00771915
1451,0.327239,0.324467,0.00772683
1452,0.261437,0.259022,0.00773266
1453,0.260063,0.256432,0.00774585
1454,0.297533,0.296436,0.00774706
1455,0.261713,0.257682,0.00776331
1456,0.212599,0.209185,0.00777496
1457,0.21205,0.209512,0.0077814
1458,0.289705,0.286622,0.0077909
1459,0.246794,0.243136,0.00780428
1460,0.297724,0.29482,0.00781271
1461,0.269042,0.268997,0.00781271
1462,0.247455,0.24902,0.00781516
1463,0.20382,0.203828,0.00781516
1464,0.344651,0.344373,0.00781524
1465,0.320267,0.319488,0.00781585
1466,0.308595,0.308055,0.00781614
1467,0.220431,0.220081,0.00781626
1468,0.334241,0.333367,0.00781703
1469,0.322978,0.322015,0.00781796
1470,0.233965,0.235828,0.00782143
1471,0.236291,0.237678,0.00782335
1472,0.188849,0.193007,0.00784064
1473,0.189839,0.192949,0.00785031
1474,0.176954,0.179064,0.00785476
1475,0.361248,0.361933,0.00785523
1476,0.229346,0.230918,0.0078577
1477,0.216332,0.215994,0.00785782
1478,0.220985,0.220346,0.00785823
1479,0.291838,0.292959,0.00785948
1480,0.214157,0.215509,0.00786131
1481,0.195005,0.199891,0.00788519
1482,0.256158,0.260511,0.00790414
1483,0.216997,0.221558,0.00792494
1484,0.192335,0.194353,0.00792902
1485,0.177413,0.179318,0.00793265
1486,0.317583,0.318126,0.00793294
1487,0.214377,0.219158,0.0079558
1488,0.230981,0.231318,0.00795591
1489,0.236733,0.237385,0.00795634
1490,0.299078,0.300866,0.00795953
1491,0.224907,0.22662,0.00796247
1492,0.197873,0.20305,0.00798927
1493,0.235034,0.239225,0.00800683
1494,0.308123,0.310538,0.00801266
1495,0.304547,0.304126,0.00801284
1496,0.241317,0.240128,0.00801426
1497,0.197823,0.196581,0.0080158
1498,0.183587,0.182095,0.00801802
1499,0.194583,0.193967,0.0080184
1500,0.208255,0.208169,0.00801841
1501,0.185836,0.186981,0.00801972
1502,0.175242,0.176955,0.00802265
1503,0.234076,0.237247,0.00803271
1504,0.228668,0.22826,0.00803288
1505,0.259452,0.261195,0.00803591
1506,0.344706,0.34433,0.00803606
1507,0.54076,0.535426,0.00806451
1508,0.345629,0.339274,0.0081049
1509,0.294256,0.288559,0.00813735
1510,0.357634,0.351596,0.0081738
1511,0.387282,0.38178,0.00820407
1512,0.259332,0.253306,0.00824038
1513,0.226851,0.222657,0.00825798
1514,0.360005,0.358814,0.00825939
1515,0.348201,0.347093,0.00826062
1516,0.238271,0.235822,0.00826662
1517,0.204343,0.201033,0.00827757
1518,0.187115,0.18528,0.00828094
1519,0.340103,0.33944,0.00828138
1520,0.246112,0.245343,0.00828197
1521,0.209154,0.211227,0.00828627
1522,0.174158,0.177774,0.00829935
1523,0.282902,0.284268,0.00830121
1524,0.219083,0.219632,0.00830151
1525,0.181894,0.185742,0.00831632
1526,0.208985,0.210406,0.00831834
1527,0.280334,0.28345,0.00832805
1528,0.240698,0.244285,0.00834092
1529,0.184659,0.191676,0.00839017
1530,0.336333,0.339439,0.00839982
1531,0.258524,0.263113,0.00842088
1532,0.391657,0.392537,0.00842165
1533,0.266929,0.267103,0.00842168
1534,0.314936,0.3157,0.00842227
1535,0.263326,0.265101,0.00842542
1536,0.378052,0.378516,0.00842563
1537,0.339833,0.340444,0.00842601
1538,0.421273,0.417789,0.00843815
1539,0.528212,0.527415,0.00843878
1540,0.4385,0.438174,0.00843889
1541,0.376426,0.374501,0.0084426
1542,0.516912,0.514224,0.00844982
1543,0.318263,0.31355,0.00847203
1544,0.275893,0.270091,0.00850569
1545,0.231648,0.227263,0.00852492
1546,0.338164,0.336318,0.00852833
1547,0.229271,0.229359,0.00852833
1548,0.215076,0.213194,0.00853188
1549,0.214159,0.210764,0.0085434
1550,0.189483,0.189689,0.00854344
1551,0.376836,0.377696,0.00854418
1552,0.31797,0.317628,0.0085443
1553,0.232587,0.235462,0.00855256
1554,0.197554,0.200124,0.00855917
1555,0.404575,0.406482,0.0085628
1556,0.311542,0.311429,0.00856281
1557,0.227257,0.227958,0.0085633
1558,0.262472,0.26271,0.00856336
1559,0.283485,0.285078,0.0085659
1560,0.275291,0.277259,0.00856977
1561,0.213828,0.215031,0.00857121
1562,0.248777,0.248293,0.00857145
1563,0.242755,0.242064,0.00857193
1564,0.473475,0.472765,0.00857243
1565,0.289481,0.288153,0.00857419
1566,0.30051,0.299368,0.0085755
1567,0.257197,0.255899,0.00857718
1568,0.458399,0.457057,0.00857899
1569,0.308647,0.30772,0.00857984
1570,0.315937,0.316135,0.00857988
1571,0.29576,0.298772,0.00858896
1572,0.286931,0.289634,0.00859627
1573,0.241514,0.240924,0.00859662
1574,0.26618,0.267059,0.00859739
1575,0.464572,0.467027,0.00860341
1576,0.32691,0.327473,0.00860373
1577,0.317548,0.318999,0.00860584
1578,0.352767,0.351697,0.00860698
1579,0.342102,0.340186,0.00861065
1580,0.403815,0.401241,0.00861728
1581,0.404632,0.402312,0.00862266
1582,0.380043,0.376712,0.00863376
1583,0.335335,0.330626,0.00865593
1584,0.302333,0.29237,0.0087552
1585,0.353514,0.347194,0.00879513
1586,0.249502,0.24387,0.00882686
1587,0.410756,0.409618,0.00882816
1588,0.274522,0.273901,0.00882854
1589,0.471857,0.472267,0.00882871
1590,0.294488,0.296326,0.00883209
1591,0.215327,0.21655,0.00883359
1592,0.203563,0.201908,0.00883632
1593,0.281861,0.284092,0.0088413
1594,0.38492,0.388922,0.00885732
1595,0.241076,0.245248,0.00887473
1596,0.236685,0.244694,0.00893887
1597,0.215528,0.221394,0.00897328
1598,0.335731,0.338553,0.00898124
1599,0.29691,0.300155,0.00899177
1600,0.23062,0.235551,0.00901609
1601,0.271383,0.27496,0.00902889
1602,0.246023,0.246962,0.00902977
1603,0.30676,0.309671,0.00903825
1604,0.247341,0.245202,0.00904282
1605,0.469187,0.468643,0.00904312
1606,0.360466,0.355317,0.00906963
1607,0.293505,0.291195,0.00907497
1608,0.558565,0.557097,0.00907712
1609,0.476842,0.474308,0.00908355
1610,0.565744,0.567107,0.0090854
1611,0.353532,0.356247,0.00909278
1612,0.485696,0.489964,0.00911098
1613,0.388387,0.39492,0.00915366
1614,0.40115,0.406246,0.00917963
1615,0.292633,0.296534,0.00919484
1616,0.264704,0.268253,0.00920744
1617,0.278465,0.281185,0.00921484
1618,0.25414,0.256691,0.00922135
1619,0.259247,0.262717,0.00923339
1620,0.21246,0.215888,0.00924514
1621,0.343396,0.346236,0.00925321
1622,0.340337,0.339288,0.00925431
1623,0.304286,0.302915,0.00925619
1624,0.302972,0.300773,0.00926103
1625,0.214367,0.216232,0.00926451
1626,0.242743,0.244091,0.00926632
1627,0.217978,0.218673,0.00926681
1628,0.223792,0.220982,0.0092747
1629,0.181374,0.180867,0.00927496
1630,0.181702,0.182214,0.00927522
1631,0.216125,0.215259,0.00927597
1632,0.224674,0.217981,0.00932078
1633,0.288924,0.286845,0.0093251
1634,0.278727,0.276496,0.00933008
1635,0.334076,0.333277,0.00933072
1636,0.344716,0.345096,0.00933086
1637,0.508341,0.502942,0.00936001
1638,0.564112,0.555281,0.009438
1639,0.536936,0.531348,0.00946923
1640,0.327509,0.324874,0.00947617
1641,0.438019,0.43944,0.00947819
1642,0.392637,0.395727,0.00948774
1643,0.509969,0.514299,0.00950649
1644,0.308576,0.311616,0.00951574
1645,0.336537,0.338318,0.00951891
1646,0.264839,0.263438,0.00952087
1647,0.342412,0.340636,0.00952403
1648,0.239327,0.240333,0.00952504
1649,0.187868,0.193705,0.00955911
1650,0.188354,0.191931,0.0095719
1651,0.205817,0.210746,0.0095962
1652,0.277993,0.27982,0.00959953
1653,0.208278,0.206133,0.00960413
1654,0.17647,0.178172,0.00960703
1655,0.213774,0.215943,0.00961173
1656,0.363835,0.362362,0.0096139
1657,0.292875,0.292039,0.0096146
1658,0.226505,0.222867,0.00962784
1659,0.407106,0.400446,0.0096722
1660,0.527141,0.523928,0.00968252
1661,0.324764,0.321979,0.00969028
1662,0.384702,0.384756,0.00969028
1663,0.456739,0.456521,0.00969033
1664,0.298994,0.298859,0.00969035
1665,0.251386,0.249293,0.00969473
1666,0.373322,0.374618,0.00969641
1667,0.267123,0.263755,0.00970775
1668,0.210792,0.207184,0.00972076
1669,0.240629,0.237493,0.0097306
1670,0.459262,0.456882,0.00973626
1671,0.284487,0.282926,0.0097387
1672,0.2539,0.252251,0.00974142
1673,0.389829,0.388069,0.00974452
1674,0.257626,0.26006,0.00975044
1675,0.27023,0.272951,0.00975784
1676,0.324218,0.322848,0.00975972
1677,0.29107,0.288954,0.00976419
1678,0.212815,0.21121,0.00976677
1679,0.229714,0.229361,0.00976689
1680,0.408313,0.408037,0.00976697
1681,0.311961,0.308824,0.00977681
1682,0.221584,0.215849,0.00980969
1683,0.192768,0.187986,0.00983256
1684,0.277522,0.27533,0.00983737
1685,0.399823,0.399297,0.00983764
1686,0.255112,0.251686,0.00984938
1687,0.21247,0.213597,0.00985065
1688,0.276273,0.279821,0.00986324
1689,0.309123,0.312749,0.00987639
1690,0.471299,0.472644,0.0098782
1691,0.390449,0.390262,0.00987824
1692,0.376497,0.376025,0.00987846
1693,0.301803,0.298423,0.00988988
1694,0.462962,0.462419,0.00989018
1695,0.41428,0.416357,0.00989449
1696,0.412953,0.413837,0.00989527
1697,0.360332,0.362654,0.00990066
1698,0.335994,0.335955,0.00990067
1699,0.305924,0.303606,0.00990604
1700,0.262716,0.262573,0.00990606
1701,0.30343,0.302027,0.00990803
1702,0.307912,0.306647,0.00990963
1703,0.22839,0.222853,0.00994029
1704,0.194408,0.188027,0.00998101
1705,0.20435,0.198999,0.0100096
1706,0.198214,0.194167,0.010026
1707,0.170153,0.170894,0.0100266
1708,0.170085,0.169544,0.0100269
1709,0.180167,0.17978,0.010027
1710,0.164953,0.166373,0.010029
1711,0.183933,0.180381,0.0100416
1712,0.225776,0.226044,0.0100417
1713,0.237799,0.241642,0.0100565
1714,0.171579,0.185257,0.0102436
1715,0.498081,0.503501,0.0102729
1716,0.295393,0.299171,0.0102872
1717,0.345257,0.347944,0.0102944
1718,0.235707,0.236439,0.010295
1719,0.356083,0.356813,0.0102955
1720,0.255054,0.258082,0.0103047
1721,0.3022,0.304417,0.0103096
1722,0.394636,0.394398,0.0103096
1723,0.352599,0.349266,0.0103207
1724,0.27001,0.263332,0.0103653
1725,0.360432,0.356912,0.0103777
1726,0.254417,0.24957,0.0104012
1727,0.327885,0.325154,0.0104087
1728,0.243965,0.242162,0.0104119
1729,0.381667,0.381338,0.010412
1730,0.258934,0.257537,0.010414
1731,0.286674,0.285056,0.0104166
1732,0.373668,0.373606,0.0104166
1733,0.352051,0.353156,0.0104178
1734,0.264746,0.262812,0.0104216
1735,0.206315,0.207547,0.0104231
1736,0.397264,0.399403,0.0104277
1737,0.35596,0.356578,0.010428
1738,0.245928,0.244633,0.0104297
1739,0.212434,0.213092,0.0104302
1740,0.437561,0.436495,0.0104313
1741,0.313427,0.312049,0.0104332
1742,0.275523,0.272369,0.0104431
1743,0.404806,0.40117,0.0104564
1744,0.260707,0.260069,0.0104568
1745,0.238877,0.236364,0.0104631
1746,0.231757,0.227489,0.0104813
1747,0.29094,0.289307,0.010484
1748,0.210618,0.208811,0.0104872
1749,0.350023,0.350585,0.0104876
1750,0.246214,0.246026,0.0104876
1751,0.240362,0.24025,0.0104876
1752,0.190669,0.189678,0.0104886
1753,0.184971,0.187414,0.0104946
1754,0.263871,0.265093,0.0104961
1755,0.243646,0.245835,0.0105008
1756,0.189419,0.193796,0.01052
1757,0.170811,0.177278,0.0105618
1758,0.406862,0.414012,0.0106129
1759,0.339117,0.343125,0.010629
1760,0.452238,0.451408,0.0106297
1761,0.343371,0.3417,0.0106325
1762,0.480932,0.479267,0.0106353
1763,0.344026,0.339665,0.0106543
1764,0.294237,0.291664,0.0106609
1765,0.364077,0.367362,0.0106717
1766,0.282325,0.285297,0.0106805
1767,0.283814,0.288929,0.0107067
1768,0.256534,0.258894,0.0107123
1769,0.288403,0.286708,0.0107151
1770,0.254496,0.251096,0.0107267
1771,0.455834,0.453316,0.010733
1772,0.311456,0.306951,0.0107533
1773,0.314176,0.307796,0.010794
1774,0.409075,0.402149,0.010842
1775,0.264883,0.261988,0.0108504
1776,0.237838,0.23698,0.0108511
1777,0.331003,0.330502,0.0108514
1778,0.373781,0.373651,0.0108514
1779,0.248724,0.24757,0.0108527
1780,0.263124,0.258969,0.01087
1781,0.303592,0.298966,0.0108914
1782,0.261395,0.258093,0.0109023
1783,0.304229,0.302738,0.0109045
1784,0.216195,0.217033,0.0109052
1785,0.40363,0.403646,0.0109052
1786,0.291884,0.291205,0.0109057
1787,0.296425,0.294674,0.0109087
1788,0.213303,0.210997,0.0109141
1789,0.321732,0.318866,0.0109223
1790,0.251171,0.249199,0.0109262
1791,0.213143,0.217277,0.0109433
1792,0.178193,0.179519,0.010945
1793,0.271553,0.268916,0.010952
1794,0.216777,0.213078,0.0109657
1795,0.223935,0.216378,0.0110228
1796,0.196443,0.192409,0.011039
1797,0.159391,0.168238,0.0111173
1798,0.226969,0.235414,0.0111886
1799,0.399569,0.402833,0.0111993
1800,0.441235,0.439652,0.0112018
1801,0.269145,0.263698,0.0112315
1802,0.307523,0.302233,0.0112595
1803,0.284157,0.278688,0.0112894
1804,0.297607,0.295377,0.0112943
1805,0.37137,0.373452,0.0112987
1806,0.246326,0.249927,0.0113116
1807,0.194877,0.19628,0.0113136
1808,0.304844,0.305601,0.0113142
1809,0.233118,0.229486,0.0113274
1810,0.196829,0.195562,0.011329
1811,0.182266,0.178887,0.0113404
1812,0.437931,0.439945,0.0113444
1813,0.280805,0.278122,0.0113516
1814,0.285604,0.286186,0.011352
1815,0.204379,0.205935,0.0113544
1816,0.335434,0.336376,0.0113553
1817,0.430593,0.426222,0.0113744
1818,0.420287,0.416806,0.0113865
1819,0.26115,0.26015,0.0113875
1820,0.264327,0.259439,0.0114114
1821,0.291509,0.284766,0.0114569
1822,0.505229,0.500948,0.0114752
1823,0.545175,0.543372,0.0114784
1824,0.404613,0.4033,0.0114802
1825,0.353783,0.353128,0.0114806
1826,0.569669,0.570447,0.0114812
1827,0.355923,0.356552,0.0114816
1828,0.316761,0.316577,0.0114816
1829,0.256361,0.255628,0.0114822
1830,0.367173,0.366268,0.011483
1831,0.253126,0.250231,0.0114914
1832,0.249843,0.248795,0.0114925
1833,0.211212,0.209357,0.0114959
1834,0.307061,0.302547,0.0115163
1835,0.271064,0.267564,0.0115285
1836,0.200618,0.20309,0.0115346
1837,0.209329,0.212155,0.0115426
1838,0.441209,0.438501,0.01155
1839,0.41178,0.406953,0.0115733
1840,0.264058,0.25996,0.01159
1841,0.232771,0.231769,0.0115911
1842,0.249048,0.249025,0.0115911
1843,0.217682,0.218915,0.0115926
1844,0.290531,0.293383,0.0116007
1845,0.20546,0.20894,0.0116128
1846,0.179888,0.182655,0.0116205
1847,0.173984,0.17165,0.0116259
1848,0.213292,0.206461,0.0116726
1849,0.17866,0.173076,0.0117038
1850,0.205492,0.194441,0.0118259
1851,0.200186,0.197419,0.0118336
1852,0.179283,0.185385,0.0118708
1853,0.165071,0.169152,0.0118874
1854,0.317559,0.321373,0.011902
1855,0.299603,0.301778,0.0119067
1856,0.229727,0.23372,0.0119227
1857,0.322025,0.32613,0.0119395
1858,0.37498,0.377284,0.0119448
1859,0.259688,0.260475,0.0119454
1860,0.233889,0.235366,0.0119476
1861,0.366125,0.365868,0.0119477
1862,0.405578,0.403345,0.0119527
1863,0.265107,0.262009,0.0119622
1864,0.236655,0.233354,0.0119731
1865,0.359453,0.357012,0.0119791
1866,0.391965,0.390404,0.0119815
1867,0.330938,0.329777,0.0119829
1868,0.370257,0.367543,0.0119903
1869,0.383934,0.382888,0.0119914
1870,0.373863,0.373012,0.0119921
1871,0.320474,0.319006,0.0119942
1872,0.403489,0.40106,0.0120001
1873,0.288809,0.284019,0.0120231
1874,0.300121,0.296836,0.0120339
1875,0.26004,0.258389,0.0120366
1876,0.240109,0.236825,0.0120474
1877,0.205486,0.201045,0.0120671
1878,0.198277,0.194984,0.012078
1879,0.198077,0.196065,0.012082
1880,0.250546,0.245227,0.0121103
1881,0.201023,0.197809,0.0121206
1882,0.184366,0.184664,0.0121207
1883,0.175411,0.176275,0.0121215
1884,0.195769,0.197792,0.0121256
1885,0.202896,0.203305,0.0121257
1886,0.213219,0.217627,0.0121452
1887,0.216889,0.223362,0.0121871
1888,0.207653,0.211337,0.0122006
1889,0.339595,0.343862,0.0122188
1890,0.334225,0.332108,0.0122233
1891,0.335386,0.33358,0.0122266
1892,0.493026,0.490447,0.0122332
1893,0.400533,0.397029,0.0122455
1894,0.434465,0.430654,0.01226
1895,0.368277,0.365443,0.0122681
1896,0.542574,0.542343,0.0122681
1897,0.424937,0.426533,0.0122707
1898,0.471159,0.473033,0.0122742
1899,0.331632,0.331183,0.0122744
1900,0.551841,0.54978,0.0122786
1901,0.471028,0.475599,0.0122995
1902,0.619296,0.624349,0.0123251
1903,0.386594,0.394692,0.0123906
1904,0.511888,0.516805,0.0124148
1905,0.470272,0.480202,0.0125134
1906,0.644325,0.654182,0.0126106
1907,0.404208,0.416935,0.0127725
1908,0.349407,0.359174,0.0128679
1909,0.31469,0.320158,0.0128978
1910,0.551746,0.557946,0.0129363
1911,0.378909,0.392979,0.0131342
1912,0.295563,0.302794,0.0131865
1913,0.244731,0.245964,0.013188
1914,0.520362,0.51983,0.0131883
1915,0.309654,0.308608,0.0131894
1916,0.229744,0.234349,0.0132106
1917,0.258752,0.262179,0.0132224
1918,0.330143,0.330978,0.0132231
1919,0.226546,0.226786,0.0132231
1920,0.218291,0.21846,0.0132232
1921,0.220516,0.218341,0.0132279
1922,0.18006,0.184057,0.0132439
1923,0.23169,0.235564,0.0132589
1924,0.286026,0.290715,0.0132808
1925,0.207861,0.212829,0.0133055
1926,0.176613,0.176754,0.0133056
1927,0.18429,0.17932,0.0133303
1928,0.188229,0.185372,0.0133384
1929,0.225504,0.221922,0.0133512
1930,0.192752,0.191627,0.0133525
1931,0.161533,0.170454,0.0134321
1932,0.186321,0.193039,0.0134772
1933,0.380193,0.38282,0.0134841
1934,0.385982,0.385301,0.0134846
1935,0.262651,0.262202,0.0134848
1936,0.303121,0.304119,0.0134858
1937,0.374337,0.375967,0.0134884
1938,0.2618,0.262917,0.0134897
1939,0.217918,0.219151,0.0134912
1940,0.212584,0.21488,0.0134965
1941,0.228362,0.228568,0.0134965
1942,0.197413,0.195977,0.0134986
1943,0.195034,0.193882,0.0134999
1944,0.169696,0.168618,0.0135011
1945,0.224254,0.219638,0.0135224
1946,0.190497,0.188728,0.0135255
1947,0.380302,0.37577,0.013546
1948,0.232616,0.234389,0.0135492
1949,0.262584,0.2642,0.0135518
1950,0.217017,0.21911,0.0135562
1951,0.204195,0.209743,0.013587
1952,0.188014,0.193629,0.0136185
1953,0.266408,0.267322,0.0136193
1954,0.440625,0.446126,0.0136496
1955,0.288611,0.28832,0.0136497
1956,0.460613,0.462066,0.0136518
1957,0.290072,0.29148,0.0136538
1958,0.526182,0.521194,0.0136787
1959,0.535665,0.527991,0.0137376
1960,0.569479,0.566573,0.013746
1961,0.342683,0.3427,0.013746
1962,0.287619,0.286512,0.0137472
1963,0.38318,0.382372,0.0137479
1964,0.322232,0.325447,0.0137582
1965,0.286399,0.29067,0.0137765
1966,0.251028,0.255253,0.0137943
1967,0.318368,0.322301,0.0138098
1968,0.300046,0.300369,0.0138099
1969,0.357063,0.353528,0.0138224
1970,0.399917,0.39632,0.0138353
1971,0.323052,0.31959,0.0138473
1972,0.257179,0.252543,0.0138688
1973,0.312551,0.309117,0.0138806
1974,0.306735,0.30372,0.0138897
1975,0.252995,0.248881,0.0139066
1976,0.228656,0.227925,0.0139071
1977,0.229564,0.228104,0.0139093
1978,0.230556,0.227945,0.0139161
1979,0.216726,0.215065,0.0139188
1980,0.197196,0.198236,0.0139199
1981,0.250074,0.250838,0.0139205
1982,0.21719,0.21699,0.0139206
1983,0.237956,0.238145,0.0139206
1984,0.19414,0.19537,0.0139221
1985,0.341507,0.343535,0.0139262
1986,0.287933,0.288689,0.0139268
1987,0.38194,0.381201,0.0139273
1988,0.388315,0.387221,0.0139285
1989,0.261662,0.264089,0.0139344
1990,0.36859,0.371502,0.0139429
1991,0.523831,0.521375,0.0139489
1992,0.436165,0.432156,0.013965
1993,0.276508,0.274128,0.0139707
1994,0.23146,0.229859,0.0139732
1995,0.367975,0.366539,0.0139753
1996,0.285462,0.284341,0.0139765
1997,0.223141,0.224844,0.0139794
1998,0.196374,0.1997,0.0139905
1999,0.324351,0.329345,0.0140154
2000,0.221405,0.223557,0.0140201
2001,0.192475,0.192805,0.0140202
2002,0.373015,0.371077,0.0140239
2003,0.506411,0.501733,0.0140458
2004,0.300624,0.296288,0.0140646
2005,0.222881,0.220897,0.0140686
2006,0.195747,0.1924,0.0140798
2007,0.229863,0.230955,0.014081
2008,0.478325,0.479182,0.0140817
2009,0.394728,0.39571,0.0140827
2010,0.246431,0.249872,0.0140945
2011,0.203615,0.200638,0.0141034
2012,0.281327,0.277149,0.0141208
2013,0.249517,0.246386,0.0141306
2014,0.218797,0.217071,0.0141336
2015,0.197426,0.200622,0.0141438
2016,0.248082,0.254144,0.0141806
2017,0.210157,0.215096,0.014205
2018,0.223838,0.226447,0.0142118
2019,0.307175,0.30746,0.0142118
2020,0.221412,0.225085,0.0142253
2021,0.301938,0.303697,0.0142284
2022,0.219596,0.220549,0.0142293
2023,0.300116,0.30204,0.014233
2024,0.215669,0.216161,0.0142333
2025,0.216851,0.215049,0.0142365
2026,0.189585,0.189747,0.0142366
2027,0.396542,0.391956,0.0142576
2028,0.295397,0.291426,0.0142734
2029,0.221223,0.221367,0.0142734
2030,0.250832,0.254366,0.0142859
2031,0.446174,0.448853,0.014293
2032,0.363563,0.363633,0.0142931
2033,0.233083,0.238888,0.0143268
2034,0.472694,0.476939,0.0143448
2035,0.412202,0.413074,0.0143455
2036,0.387421,0.389622,0.0143504
2037,0.253573,0.256213,0.0143574
2038,0.454945,0.456213,0.014359
2039,0.451978,0.45357,0.0143615
2040,0.36872,0.370154,0.0143636
2041,0.42256,0.4214,0.0143649
2042,0.425245,0.422906,0.0143704
2043,0.461525,0.458243,0.0143811
2044,0.300711,0.29703,0.0143947
2045,0.386592,0.389458,0.0144029
2046,0.265965,0.262077,0.014418
2047,0.26326,0.259304,0.0144337
2048,0.223263,0.225233,0.0144376
2049,0.502695,0.504991,0.0144428
2050,0.302397,0.302475,0.0144428
2051,0.290242,0.288367,0.0144463
2052,0.497891,0.497585,0.0144464
2053,0.464779,0.465216,0.0144466
2054,0.593392,0.593198,0.0144467
2055,0.423568,0.426678,0.0144563
2056,0.330567,0.331766,0.0144578
2057,0.350414,0.350611,0.0144578
2058,0.291145,0.289291,0.0144613
2059,0.308075,0.310233,0.0144659
2060,0.264206,0.26697,0.0144735
2061,0.325794,0.326121,0.0144737
2062,0.245647,0.241627,0.0144898
2063,0.295952,0.293043,0.0144983
2064,0.215243,0.214272,0.0144992
2065,0.216698,0.216909,0.0144993
2066,0.322903,0.321961,0.0145002
2067,0.356687,0.354858,0.0145035
2068,0.237059,0.235084,0.0145074
2069,0.198085,0.198174,0.0145074
2070,0.181164,0.181083,0.0145074
2071,0.313494,0.315658,0.0145121
2072,0.345207,0.343204,0.0145161
2073,0.234813,0.234092,0.0145166
2074,0.186434,0.186547,0.0145166
2075,0.193264,0.189931,0.0145278
2076,0.279906,0.275541,0.0145468
2077,0.212205,0.210364,0.0145502
2078,0.215319,0.213601,0.0145531
2079,0.17693,0.181342,0.0145726
2080,0.226979,0.230291,0.0145836
2081,0.220007,0.221657,0.0145863
2082,0.414924,0.411488,0.0145981
2083,0.279404,0.276835,0.0146047
2084,0.267837,0.270354,0.014611
2085,0.400005,0.403719,0.0146248
2086,0.411143,0.414569,0.0146366
2087,0.499743,0.499813,0.0146366
2088,0.3068,0.308649,0.01464
2089,0.527143,0.52939,0.014645
2090,0.414439,0.416348,0.0146487
2091,0.597122,0.601995,0.0146724
2092,0.362547,0.37228,0.0147672
2093,0.268839,0.271921,0.0147767
2094,0.337783,0.338988,0.0147781
2095,0.365679,0.369539,0.014793
2096,0.475065,0.480445,0.014822
2097,0.291361,0.296064,0.0148441
2098,0.349367,0.354912,0.0148748
2099,0.340752,0.344613,0.0148897
2100,0.319774,0.319148,0.0148901
2101,0.341068,0.342473,0.0148921
2102,0.355724,0.357311,0.0148946
2103,0.26412,0.26378,0.0148947
2104,0.23474,0.234241,0.014895
2105,0.417829,0.41811,0.0148951
2106,0.291665,0.29086,0.0148957
2107,0.243423,0.242754,0.0148962
2108,0.263551,0.262788,0.0148967
2109,0.417882,0.416269,0.0148993
2110,0.265099,0.265007,0.0148994
2111,0.52538,0.523193,0.0149041
2112,0.326507,0.325143,0.014906
2113,0.37557,0.374547,0.014907
2114,0.274999,0.275872,0.0149078
2115,0.476297,0.477124,0.0149085
2116,0.318997,0.325217,0.0149472
2117,0.287622,0.290391,0.0149548
2118,0.271015,0.268675,0.0149603
2119,0.442653,0.438893,0.0149745
2120,0.495852,0.493048,0.0149823
2121,0.329099,0.328404,0.0149828
2122,0.234071,0.231609,0.0149889
2123,0.227252,0.221601,0.0150208
2124,0.226384,0.221279,0.0150469
2125,0.27477,0.273065,0.0150498
2126,0.20831,0.210378,0.015054
2127,0.174678,0.180863,0.0150923
2128,0.207014,0.211907,0.0151162
2129,0.176838,0.182176,0.0151447
2130,0.333201,0.335325,0.0151492
2131,0.241019,0.240675,0.0151494
2132,0.417461,0.418456,0.0151504
2133,0.261611,0.261147,0.0151506
2134,0.35493,0.355261,0.0151507
2135,0.369963,0.370281,0.0151508
2136,0.428055,0.425897,0.0151554
2137,0.572926,0.573402,0.0151557
2138,0.467857,0.46928,0.0151577
2139,0.372057,0.37069,0.0151596
2140,0.300277,0.296902,0.0151709
2141,0.300061,0.295791,0.0151892
2142,0.318657,0.315739,0.0151977
2143,0.308106,0.309721,0.0152003
2144,0.267054,0.269187,0.0152049
2145,0.261004,0.25912,0.0152084
2146,0.227009,0.223332,0.0152219
2147,0.326632,0.323487,0.0152318
2148,0.250421,0.248567,0.0152352
2149,0.369918,0.366899,0.0152444
2150,0.269396,0.265038,0.0152634
2151,0.266566,0.263588,0.0152722
2152,0.212303,0.207752,0.0152929
2153,0.317017,0.312953,0.0153094
2154,0.268322,0.265469,0.0153176
2155,0.285921,0.284556,0.0153194
2156,0.214348,0.213801,0.0153197
2157,0.367409,0.365107,0.015325
2158,0.323195,0.321473,0.015328
2159,0.266545,0.265587,0.0153289
2160,0.232133,0.231628,0.0153292
2161,0.455133,0.453094,0.0153333
2162,0.45735,0.456286,0.0153345
2163,0.294065,0.29535,0.0153361
2164,0.500788,0.502966,0.0153409
2165,0.460169,0.461853,0.0153437
2166,0.420899,0.423172,0.0153489
2167,0.341201,0.346445,0.0153764
2168,0.32812,0.329452,0.0153781
2169,0.361914,0.362336,0.0153783
2170,0.381427,0.382703,0.01538
2171,0.4299,0.430144,0.01538
2172,0.355562,0.353189,0.0153856
2173,0.479282,0.478969,0.0153857
2174,0.380425,0.377182,0.0153963
2175,0.423506,0.420129,0.0154077
2176,0.450773,0.448675,0.0154121
2177,0.493631,0.492451,0.0154135
2178,0.394655,0.39556,0.0154143
2179,0.386652,0.386163,0.0154145
2180,0.322106,0.319321,0.0154223
2181,0.429449,0.430408,0.0154232
2182,0.335048,0.333234,0.0154265
2183,0.250801,0.249409,0.0154284
2184,0.261343,0.262085,0.015429
2185,0.35221,0.353468,0.0154305
2186,0.263493,0.262829,0.015431
2187,0.236731,0.23571,0.015432
2188,0.324078,0.325078,0.015433
2189,0.387545,0.385779,0.0154361
2190,0.267454,0.26552,0.0154399
2191,0.397796,0.395638,0.0154445
2192,0.317415,0.316299,0.0154458
2193,0.463575,0.461769,0.0154491
2194,0.296579,0.294108,0.0154552
2195,0.420369,0.418599,0.0154583
2196,0.306279,0.304843,0.0154604
2197,0.293169,0.291233,0.0154641
2198,0.25131,0.251123,0.0154641
2199,0.303123,0.305716,0.0154709
2200,0.294023,0.297023,0.0154799
2201,0.287536,0.288389,0.0154806
2202,0.363586,0.367025,0.0154924
2203,0.366416,0.364603,0.0154957
2204,0.324144,0.321194,0.0155044
2205,0.245704,0.245798,0.0155044
2206,0.355113,0.354834,0.0155045
2207,0.261452,0.258428,0.0155136
2208,0.295457,0.292845,0.0155205
2209,0.215762,0.210816,0.0155449
2210,0.327684,0.326105,0.0155474
2211,0.240122,0.238763,0.0155493
2212,0.290163,0.286532,0.0155625
2213,0.222631,0.217992,0.015584
2214,0.387545,0.385759,0.0155872
2215,0.375781,0.373898,0.0155907
2216,0.372643,0.367377,0.0156185
2217,0.25474,0.244879,0.0157157
2218,0.419108,0.411781,0.0157694
2219,0.275405,0.266613,0.0158467
2220,0.462719,0.459541,0.0158568
2221,0.280635,0.280548,0.0158568
2222,0.420752,0.419643,0.015858
2223,0.271423,0.271606,0.015858
2224,0.454086,0.451834,0.0158631
2225,0.408036,0.410987,0.0158718
2226,0.272421,0.279325,0.0159195
2227,0.23464,0.236216,0.015922
2228,0.287432,0.29192,0.0159421
2229,0.295388,0.29519,0.0159422
2230,0.222536,0.223127,0.0159425
2231,0.213005,0.217116,0.0159594
2232,0.251991,0.254303,0.0159647
2233,0.262222,0.261865,0.0159649
2234,0.299168,0.29862,0.0159652
2235,0.292053,0.291991,0.0159652
2236,0.282918,0.282978,0.0159652
2237,0.274321,0.27344,0.015966
2238,0.374706,0.372651,0.0159702
2239,0.276235,0.273061,0.0159802
2240,0.279541,0.277387,0.0159849
2241,0.252272,0.250743,0.0159872
2242,0.222515,0.220252,0.0159923
2243,0.22606,0.224935,0.0159936
2244,0.235536,0.236654,0.0159949
2245,0.250517,0.251387,0.0159956
2246,0.230019,0.227451,0.0160022
2247,0.318177,0.317337,0.0160029
2248,0.236398,0.235719,0.0160034
2249,0.320051,0.31888,0.0160048
2250,0.350463,0.348848,0.0160074
2251,0.43583,0.432784,0.0160166
2252,0.328901,0.323283,0.0160482
2253,0.530933,0.527815,0.0160579
2254,0.316388,0.311022,0.0160867
2255,0.287897,0.285917,0.0160906
2256,0.319644,0.318641,0.0160916
2257,0.299229,0.301063,0.016095
2258,0.217362,0.217602,0.0160951
2259,0.256377,0.257064,0.0160955
2260,0.220247,0.217901,0.016101
2261,0.270983,0.266304,0.0161229
2262,0.229733,0.225453,0.0161412
2263,0.420689,0.415321,0.0161701
2264,0.268531,0.266575,0.0161739
2265,0.543859,0.540499,0.0161852
2266,0.396981,0.395042,0.0161889
2267,0.379832,0.378626,0.0161904
2268,0.293578,0.293338,0.0161904
2269,0.291184,0.295073,0.0162056
2270,0.513152,0.519072,0.0162406
2271,0.346477,0.353584,0.0162911
2272,0.370391,0.379325,0.0163709
2273,0.285861,0.290172,0.0163895
2274,0.506838,0.512446,0.016421
2275,0.322916,0.326544,0.0164341
2276,0.349419,0.348744,0.0164346
2277,0.342637,0.34273,0.0164346
2278,0.310356,0.312968,0.0164414
2279,0.276394,0.281829,0.016471
2280,0.353553,0.35504,0.0164732
2281,0.356291,0.356185,0.0164732
2282,0.295532,0.292756,0.0164809
2283,0.455611,0.454643,0.0164818
2284,0.336361,0.336483,0.0164818
2285,0.249025,0.246747,0.016487
2286,0.243836,0.239189,0.0165086
2287,0.246128,0.242693,0.0165204
2288,0.207096,0.202918,0.0165379
2289,0.183456,0.179426,0.0165541
2290,0.211372,0.207141,0.016572
2291,0.243264,0.239348,0.0165873
2292,0.246433,0.243091,0.0165985
2293,0.211952,0.21296,0.0165995
2294,0.387014,0.385808,0.016601
2295,0.389898,0.389131,0.0166016
2296,0.282032,0.282476,0.0166018
2297,0.247644,0.246064,0.0166043
2298,0.440899,0.438614,0.0166095
2299,0.285068,0.278038,0.0166589
2300,0.247905,0.245976,0.0166626
2301,0.296045,0.296785,0.0166632
2302,0.375619,0.374022,0.0166657
2303,0.256146,0.253829,0.0166711
2304,0.377444,0.376251,0.0166725
2305,0.347106,0.343666,0.0166844
2306,0.4545,0.445568,0.0167641
2307,0.46877,0.461765,0.0168132
2308,0.400727,0.395664,0.0168388
2309,0.364866,0.366014,0.0168402
2310,0.403449,0.402667,0.0168408
2311,0.398663,0.394849,0.0168553
2312,0.275068,0.273159,0.016859
2313,0.53398,0.535605,0.0168616
2314,0.340616,0.340589,0.0168616
2315,0.289407,0.288812,0.016862
2316,0.224324,0.222997,0.0168637
2317,0.482449,0.480528,0.0168674
2318,0.318725,0.319856,0.0168687
2319,0.272431,0.272648,0.0168687
2320,0.227484,0.226045,0.0168708
2321,0.299959,0.301351,0.0168727
2322,0.331518,0.333392,0.0168763
2323,0.254531,0.259237,0.0168984
2324,0.216097,0.220349,0.0169165
2325,0.23158,0.234145,0.0169231
2326,0.324303,0.325952,0.0169258
2327,0.257978,0.259253,0.0169274
2328,0.255542,0.256655,0.0169287
2329,0.201287,0.203712,0.0169345
2330,0.252976,0.254621,0.0169372
2331,0.204704,0.204244,0.0169374
2332,0.221626,0.22204,0.0169376
2333,0.188801,0.189186,0.0169378
2334,0.28424,0.283155,0.0169389
2335,0.220062,0.219532,0.0169392
2336,0.289134,0.28752,0.0169418
2337,0.221426,0.22286,0.0169439
2338,0.377383,0.37755,0.0169439
2339,0.265906,0.264131,0.0169471
2340,0.207203,0.211234,0.0169633
2341,0.201231,0.202659,0.0169654
2342,0.285743,0.285243,0.0169656
2343,0.226595,0.226915,0.0169657
2344,0.187336,0.187482,0.0169657
2345,0.195397,0.191706,0.0169794
2346,0.249286,0.246312,0.0169882
2347,0.198737,0.197627,0.0169894
2348,0.234489,0.235982,0.0169917
2349,0.202171,0.203803,0.0169943
2350,0.257295,0.257573,0.0169944
2351,0.198841,0.198734,0.0169944
2352,0.18394,0.18465,0.0169949
2353,0.276795,0.276994,0.016995
2354,0.33942,0.338544,0.0169957
2355,0.38963,0.389371,0.0169958
2356,0.255534,0.256694,0.0169971
2357,0.357788,0.359579,0.0170003
2358,0.413583,0.413611,0.0170003
2359,0.510754,0.509101,0.0170031
2360,0.341454,0.339059,0.0170088
2361,0.273584,0.272929,0.0170092
2362,0.385677,0.387657,0.0170132
2363,0.409754,0.412041,0.0170184
2364,0.302725,0.303663,0.0170193
2365,0.261637,0.26123,0.0170194
2366,0.430177,0.431353,0.0170208
2367,0.30898,0.309167,0.0170209
2368,0.297014,0.295532,0.0170231
2369,0.456164,0.453856,0.0170284
2370,0.440255,0.438983,0.01703
2371,0.28958,0.287763,0.0170333
2372,0.309671,0.309296,0.0170334
2373,0.580331,0.581588,0.017035
2374,0.39838,0.401262,0.0170433
2375,0.294447,0.297172,0.0170508
2376,0.260268,0.261516,0.0170523
2377,0.476911,0.478247,0.0170541
2378,0.322094,0.32459,0.0170603
2379,0.363291,0.364459,0.0170617
2380,0.241815,0.243654,0.0170651
2381,0.382069,0.381986,0.0170651
2382,0.302281,0.304082,0.0170683
2383,0.37262,0.37304,0.0170685
2384,0.244587,0.245305,0.017069
2385,0.194442,0.198162,0.0170829
2386,0.261518,0.263339,0.0170862
2387,0.360463,0.360104,0.0170863
2388,0.290838,0.292728,0.0170899
2389,0.216003,0.214981,0.0170909
2390,0.316256,0.320418,0.0171082
2391,0.253024,0.258517,0.0171384
2392,0.449918,0.450122,0.0171385
2393,0.545284,0.538134,0.0171896
2394,0.632912,0.625947,0.0172381
2395,0.386232,0.380342,0.0172728
2396,0.424669,0.42228,0.0172785
2397,0.534506,0.538654,0.0172957
2398,0.48676,0.494358,0.0173534
2399,0.437199,0.447451,0.0174585
2400,0.449432,0.458479,0.0175404
2401,0.294631,0.295879,0.0175419
2402,0.306667,0.30607,0.0175423
2403,0.443618,0.446594,0.0175511
2404,0.325357,0.326522,0.0175525
2405,0.231482,0.231658,0.0175525
2406,0.314199,0.31415,0.0175525
2407,0.261397,0.258257,0.0175624
2408,0.228901,0.226377,0.0175688
2409,0.249918,0.249027,0.0175696
2410,0.39603,0.396184,0.0175696
2411,0.255761,0.254947,0.0175702
2412,0.242159,0.239496,0.0175773
2413,0.27609,0.274172,0.017581
2414,0.33416,0.33255,0.0175836
2415,0.236932,0.236907,0.0175836
2416,0.275134,0.27214,0.0175926
2417,0.433946,0.432689,0.0175941
2418,0.356274,0.355248,0.0175952
2419,0.291279,0.290341,0.0175961
2420,0.272835,0.271671,0.0175974
2421,0.325926,0.324507,0.0175995
2422,0.270474,0.268122,0.017605
2423,0.458772,0.458828,0.017605
2424,0.303698,0.304042,0.0176051
2425,0.374313,0.374835,0.0176054
2426,0.320654,0.320949,0.0176055
2427,0.28303,0.279883,0.0176154
2428,0.280324,0.276548,0.0176296
2429,0.393645,0.39057,0.0176391
2430,0.400671,0.396029,0.0176606
2431,0.27981,0.275083,0.017683
2432,0.288372,0.2856,0.0176907
2433,0.334311,0.332279,0.0176948
2434,0.293968,0.292164,0.017698
2435,0.326373,0.327122,0.0176986
2436,0.298769,0.299472,0.0176991
2437,0.284273,0.284865,0.0176994
2438,0.282401,0.282003,0.0176996
2439,0.250639,0.249352,0.0177013
2440,0.353291,0.351997,0.0177029
2441,0.253023,0.250945,0.0177073
2442,0.298421,0.29828,0.0177073
2443,0.229643,0.229358,0.0177074
2444,0.469823,0.470013,0.0177074
2445,0.308435,0.308895,0.0177076
2446,0.26564,0.266548,0.0177084
2447,0.229553,0.228473,0.0177096
2448,0.320396,0.320986,0.0177099
2449,0.415223,0.418387,0.01772
2450,0.311253,0.312795,0.0177223
2451,0.241607,0.243017,0.0177243
2452,0.309598,0.309205,0.0177245
2453,0.512541,0.513378,0.0177252
2454,0.362467,0.363932,0.0177273
2455,0.297993,0.297291,0.0177278
2456,0.250668,0.248245,0.0177337
2457,0.46277,0.461872,0.0177345
2458,0.322995,0.322504,0.0177347
2459,0.326212,0.32512,0.0177359
2460,0.226363,0.22524,0.0177372
2461,0.3446,0.343274,0.0177389
2462,0.355156,0.356982,0.0177423
2463,0.341368,0.342726,0.0177441
2464,0.231271,0.232374,0.0177453
2465,0.32576,0.324688,0.0177465
2466,0.390228,0.390107,0.0177465
2467,0.265545,0.269146,0.0177595
2468,0.328711,0.331685,0.0177683
2469,0.363558,0.365285,0.0177713
2470,0.379184,0.381669,0.0177775
2471,0.268006,0.269169,0.0177788
2472,0.254119,0.251485,0.0177858
2473,0.321493,0.318791,0.0177931
2474,0.301857,0.29959,0.0177982
2475,0.251771,0.248316,0.0178102
2476,0.221442,0.220342,0.0178114
2477,0.337351,0.33749,0.0178114
2478,0.299226,0.298137,0.0178126
2479,0.255089,0.252945,0.0178172
2480,0.308837,0.307376,0.0178193
2481,0.306974,0.305782,0.0178207
2482,0.39976,0.398111,0.0178234
2483,0.279815,0.278839,0.0178244
2484,0.243807,0.243407,0.0178246
2485,0.227852,0.225263,0.0178313
2486,0.397207,0.395811,0.0178332
2487,0.262329,0.260135,0.017838
2488,0.26749,0.265249,0.017843
2489,0.267114,0.266325,0.0178437
2490,0.274145,0.273837,0.0178438
2491,0.237571,0.237416,0.0178438
2492,0.490475,0.488426,0.017848
2493,0.384285,0.379944,0.0178668
2494,0.275267,0.272691,0.0178735
2495,0.277312,0.275728,0.017876
2496,0.381475,0.380762,0.0178765
2497,0.289572,0.288583,0.0178775
2498,0.265557,0.265818,0.0178775
2499,0.276305,0.276829,0.0178778
2500,0.24174,0.243116,0.0178797
2501,0.287474,0.289051,0.0178822
2502,0.289259,0.289799,0.0178825
2503,0.243111,0.243987,0.0178832
2504,0.236383,0.236099,0.0178833
2505,0.363672,0.363956,0.0178834
2506,0.269342,0.268852,0.0178836
2507,0.220065,0.220388,0.0178837
2508,0.263082,0.262567,0.017884
2509,0.272341,0.272737,0.0178842
2510,0.264338,0.264453,0.0178842
2511,0.233839,0.234697,0.0178849
2512,0.226749,0.22789,0.0178862
2513,0.278525,0.279208,0.0178867
2514,0.374226,0.374908,0.0178871
2515,0.325799,0.324851,0.017888
2516,0.289497,0.288152,0.0178899
2517,0.278838,0.277194,0.0178926
2518,0.359497,0.357815,0.0178954
2519,0.401192,0.399896,0.0178971
2520,0.342096,0.339359,0.0179046
2521,0.254697,0.252097,0.0179113
2522,0.383017,0.382291,0.0179118
2523,0.503755,0.504559,0.0179125
2524,0.45615,0.455457,0.017913
2525,0.324148,0.322781,0.0179148
2526,0.501745,0.50113,0.0179152
2527,0.538798,0.540687,0.0179188
2528,0.376075,0.378814,0.0179263
2529,0.39563,0.397329,0.0179292
2530,0.597708,0.597268,0.0179294
2531,0.465215,0.466456,0.0179309
2532,0.308265,0.308909,0.0179313
2533,0.265417,0.26432,0.0179325
2534,0.521964,0.522689,0.017933
2535,0.439459,0.445116,0.0179651
2536,0.319738,0.321476,0.0179681
2537,0.256707,0.257302,0.0179684
2538,0.281365,0.280801,0.0179687
2539,0.347784,0.348019,0.0179688
2540,0.250345,0.251711,0.0179707
2541,0.212579,0.214781,0.0179755
2542,0.245236,0.247857,0.0179824
2543,0.30088,0.302285,0.0179844
2544,0.242278,0.241841,0.0179846
2545,0.188236,0.188661,0.0179847
2546,0.294245,0.293315,0.0179856
2547,0.422487,0.420095,0.0179913
2548,0.521314,0.517021,0.0180097
2549,0.302472,0.299986,0.0180159
2550,0.340042,0.339219,0.0180166
2551,0.378958,0.377351,0.0180192
2552,0.564321,0.564128,0.0180192
2553,0.351102,0.354895,0.0180336
2554,0.401952,0.404522,0.0180402
2555,0.395772,0.399723,0.0180558
2556,0.433681,0.437588,0.0180711
2557,0.339988,0.341742,0.0180742
2558,0.302057,0.304223,0.0180789
2559,0.407292,0.411179,0.018094
2560,0.427306,0.43022,0.0181025
2561,0.425393,0.430095,0.0181246
2562,0.328043,0.329123,0.0181257
2563,0.38269,0.382588,0.0181257
2564,0.532249,0.532356,0.0181258
2565,0.426615,0.427687,0.0181269
2566,0.378449,0.378035,0.0181271
2567,0.392823,0.392689,0.0181271
2568,0.471859,0.473969,0.0181315
2569,0.387104,0.391718,0.0181528
2570,0.319502,0.319796,0.0181529
2571,0.42777,0.427747,0.0181529
2572,0.395386,0.395554,0.018153
2573,0.542329,0.545189,0.0181611
2574,0.355277,0.358136,0.0181693
2575,0.315123,0.315019,0.0181693
2576,0.293107,0.291645,0.0181715
2577,0.504057,0.504866,0.0181721
2578,0.336986,0.338542,0.0181745
2579,0.318901,0.318199,0.018175
2580,0.249433,0.245206,0.0181929
2581,0.47012,0.465682,0.0182126
2582,0.315781,0.314359,0.0182146
2583,0.428227,0.426673,0.018217
2584,0.303927,0.305018,0.0182182
2585,0.289458,0.290748,0.0182199
2586,0.234264,0.230527,0.0182338
2587,0.251809,0.252675,0.0182346
2588,0.322831,0.324439,0.0182372
2589,0.219454,0.225129,0.0182694
2590,0.206346,0.211103,0.018292
2591,0.265369,0.267156,0.0182952
2592,0.366238,0.367597,0.018297
2593,0.246803,0.246654,0.0182971
2594,0.355284,0.352104,0.0183072
2595,0.305595,0.30507,0.0183074
2596,0.222109,0.226154,0.0183238
2597,0.188627,0.189657,0.0183249
2598,0.481228,0.478807,0.0183307
2599,0.368354,0.363671,0.0183527
2600,0.254653,0.249362,0.0183806
2601,0.201097,0.19393,0.018432
2602,0.257394,0.251087,0.0184718
2603,0.325507,0.322769,0.0184793
2604,0.233779,0.238436,0.018501
2605,0.186993,0.190226,0.0185114
2606,0.22012,0.221479,0.0185133
2607,0.308889,0.313943,0.0185388
2608,0.218574,0.217276,0.0185405
2609,0.281301,0.279017,0.0185457
2610,0.437816,0.431004,0.0185921
2611,0.383796,0.382049,0.0185952
2612,0.284607,0.282127,0.0186013
2613,0.26133,0.260579,0.0186019
2614,0.313834,0.310864,0.0186107
2615,0.293308,0.289565,0.0186247
2616,0.38228,0.381417,0.0186255
2617,0.269791,0.269349,0.0186257
2618,0.298969,0.301242,0.0186308
2619,0.335094,0.335886,0.0186315
2620,0.374804,0.370976,0.0186461
2621,0.360421,0.357226,0.0186563
2622,0.257283,0.256964,0.0186564
2623,0.278653,0.276544,0.0186609
2624,0.227543,0.2249,0.0186679
2625,0.411045,0.411073,0.0186679
2626,0.273676,0.273402,0.0186679
2627,0.304317,0.304572,0.018668
2628,0.247634,0.247123,0.0186683
2629,0.434806,0.432438,0.0186739
2630,0.269663,0.266865,0.0186817
2631,0.39322,0.389355,0.0186966
2632,0.600481,0.591319,0.0187806
2633,0.604216,0.597745,0.0188225
2634,0.351761,0.347872,0.0188376
2635,0.271021,0.266432,0.0188586
2636,0.366635,0.363345,0.0188695
2637,0.356353,0.358073,0.0188724
2638,0.346611,0.352694,0.0189094
2639,0.246426,0.253782,0.0189635
2640,0.219904,0.222168,0.0189687
2641,0.222014,0.221554,0.0189689
2642,0.231995,0.230566,0.0189709
2643,0.342698,0.340969,0.0189739
2644,0.226897,0.229846,0.0189826
2645,0.218357,0.220647,0.0189878
2646,0.191045,0.192748,0.0189907
2647,0.218189,0.218174,0.0189907
2648,0.201741,0.202257,0.018991
2649,0.231641,0.234239,0.0189978
2650,0.22076,0.225603,0.0190212
2651,0.221821,0.224671,0.0190293
2652,0.368692,0.372853,0.0190467
2653,0.337255,0.338477,0.0190481
2654,0.269726,0.27094,0.0190496
2655,0.474465,0.472956,0.0190519
2656,0.335424,0.332807,0.0190587
2657,0.295966,0.293751,0.0190636
2658,0.231089,0.227856,0.0190741
2659,0.446079,0.44433,0.0190772
2660,0.335557,0.336401,0.0190779
2661,0.279836,0.277266,0.0190845
2662,0.212428,0.208476,0.0191001
2663,0.188234,0.188385,0.0191001
2664,0.45453,0.455779,0.0191017
2665,0.353629,0.354557,0.0191025
2666,0.24721,0.249059,0.019106
2667,0.199978,0.201939,0.0191098
2668,0.371644,0.374917,0.0191205
2669,0.3292,0.331306,0.019125
2670,0.401159,0.400631,0.0191252
2671,0.482236,0.480377,0.0191287
2672,0.543529,0.53982,0.0191425
2673,0.463322,0.463093,0.0191425
2674,0.48042,0.480328,0.0191425
2675,0.603913,0.606172,0.0191476
2676,0.395516,0.401469,0.0191831
2677,0.508766,0.512197,0.0191948
2678,0.619692,0.625798,0.0192321
2679,0.486435,0.493902,0.0192879
2680,0.332744,0.340372,0.019346
2681,0.31339,0.315127,0.0193491
2682,0.237166,0.232736,0.0193687
2683,0.283448,0.282126,0.0193704
2684,0.266688,0.26679,0.0193704
2685,0.227233,0.229769,0.0193769
2686,0.183693,0.184811,0.0193781
2687,0.375891,0.377656,0.0193812
2688,0.299932,0.297566,0.0193868
2689,0.223772,0.224114,0.019387
2690,0.258246,0.258216,0.019387
2691,0.496795,0.495295,0.0193892
2692,0.498389,0.49809,0.0193893
2693,0.337527,0.335652,0.0193928
2694,0.354691,0.353559,0.0193941
2695,0.403076,0.401393,0.0193969
2696,0.477266,0.477496,0.019397
2697,0.557614,0.560928,0.019408
2698,0.447959,0.452325,0.019427
2699,0.367408,0.368613,0.0194285
2700,0.467078,0.471055,0.0194443
2701,0.425977,0.429434,0.0194563
2702,0.430073,0.433218,0.0194662
2703,0.412219,0.415767,0.0194787
2704,0.50301,0.507118,0.0194956
2705,0.460536,0.466287,0.0195287
2706,0.436969,0.440834,0.0195436
2707,0.375859,0.37568,0.0195437
2708,0.493027,0.491564,0.0195458
2709,0.594495,0.598065,0.0195585
2710,0.540528,0.548506,0.0196222
2711,0.3755,0.383145,0.0196806
2712,0.348306,0.350272,0.0196845
2713,0.270742,0.269248,0.0196867
2714,0.370873,0.372506,0.0196894
2715,0.347809,0.353792,0.0197252
2716,0.304987,0.310714,0.019758
2717,0.236845,0.241826,0.0197828
2718,0.259667,0.258905,0.0197834
2719,0.431041,0.428894,0.019788
2720,0.395871,0.393493,0.0197937
2721,0.289571,0.288344,0.0197952
2722,0.27692,0.274579,0.0198006
2723,0.287161,0.28265,0.019821
2724,0.379496,0.378534,0.0198219
2725,0.249383,0.246905,0.0198281
2726,0.30598,0.304743,0.0198296
2727,0.240983,0.240243,0.0198301
2728,0.368273,0.367851,0.0198303
2729,0.241888,0.242571,0.0198308
2730,0.236117,0.237002,0.0198316
2731,0.26804,0.269619,0.0198341
2732,0.318837,0.320295,0.0198362
2733,0.226613,0.224471,0.0198408
2734,0.260843,0.255759,0.0198666
2735,0.339815,0.338041,0.0198698
2736,0.255018,0.259239,0.0198876
2737,0.203474,0.205199,0.0198906
2738,0.398371,0.398239,0.0198906
2739,0.402147,0.401685,0.0198908
2740,0.261991,0.26161,0.0198909
2741,0.305197,0.307059,0.0198944
2742,0.355242,0.356264,0.0198955
2743,0.471394,0.473797,0.0199012
2744,0.311478,0.313932,0.0199072
2745,0.400486,0.401234,0.0199078
2746,0.324839,0.323863,0.0199088
2747,0.458338,0.457752,0.0199091
2748,0.404318,0.406233,0.0199128
2749,0.427693,0.428251,0.0199131
2750,0.324922,0.324498,0.0199133
2751,0.266137,0.264793,0.0199151
2752,0.297444,0.296016,0.0199171
2753,0.327866,0.32934,0.0199193
2754,0.258434,0.257716,0.0199198
2755,0.211475,0.210636,0.0199205
2756,0.224646,0.222864,0.0199237
2757,0.312611,0.31104,0.0199261
2758,0.232874,0.22928,0.0199391
2759,0.258666,0.254091,0.01996
2760,0.209944,0.210511,0.0199603
2761,0.27446,0.277211,0.0199679
2762,0.270922,0.271393,0.0199681
2763,0.43782,0.43562,0.0199729
2764,0.293823,0.291239,0.0199796
2765,0.213378,0.216272,0.019988
2766,0.512918,0.52019,0.0200409
2767,0.364374,0.37171,0.0200947
2768,0.421578,0.426297,0.020117
2769,0.277385,0.279693,0.0201223
2770,0.569256,0.573272,0.0201384
2771,0.378947,0.385136,0.0201767
2772,0.274897,0.277087,0.0201815
2773,0.227211,0.224993,0.0201864
2774,0.506529,0.50169,0.0202099
2775,0.49945,0.499918,0.0202101
2776,0.310563,0.311832,0.0202117
2777,0.236635,0.241466,0.020235
2778,0.379317,0.379689,0.0202352
2779,0.409787,0.409131,0.0202356
2780,0.409136,0.410322,0.020237
2781,0.46866,0.470776,0.0202415
2782,0.40079,0.402225,0.0202435
2783,0.415379,0.417535,0.0202482
2784,0.519667,0.52338,0.020262
2785,0.555507,0.559081,0.0202748
2786,0.45288,0.456994,0.0202917
2787,0.411311,0.41494,0.0203048
2788,0.485547,0.488907,0.0203161
2789,0.485074,0.491215,0.0203539
2790,0.493652,0.503786,0.0204566
2791,0.444544,0.455075,0.0205674
2792,0.324171,0.326745,0.0205741
2793,0.269345,0.268015,0.0205758
2794,0.483561,0.485543,0.0205798
2795,0.498813,0.503936,0.020606
2796,0.334938,0.339431,0.0206262
2797,0.266254,0.269199,0.0206349
2798,0.498152,0.501615,0.0206469
2799,0.418957,0.421703,0.0206544
2800,0.305717,0.308256,0.0206608
2801,0.243996,0.246136,0.0206654
2802,0.537114,0.536307,0.0206661
2803,0.347945,0.342867,0.0206919
2804,0.2644,0.262056,0.0206974
2805,0.234558,0.236699,0.0207019
2806,0.376415,0.375639,0.0207025
2807,0.2886,0.286992,0.0207051
2808,0.351152,0.347604,0.0207177
2809,0.422282,0.420774,0.02072
2810,0.388785,0.384118,0.0207418
2811,0.40033,0.395241,0.0207677
2812,0.337959,0.333741,0.0207854
2813,0.424731,0.421867,0.0207937
2814,0.407502,0.402718,0.0208165
2815,0.356076,0.352014,0.020833
2816,0.294329,0.293355,0.020834
2817,0.32724,0.324711,0.0208404
2818,0.290637,0.286364,0.0208586
2819,0.376832,0.37402,0.0208665
2820,0.413221,0.412725,0.0208668
2821,0.319272,0.31769,0.0208693
2822,0.309577,0.309979,0.0208695
2823,0.523623,0.523967,0.0208696
2824,0.465509,0.464496,0.0208706
2825,0.453368,0.451967,0.0208726
2826,0.317828,0.316308,0.0208749
2827,0.282093,0.279701,0.0208806
2828,0.362733,0.36205,0.0208811
2829,0.258166,0.254866,0.020892
2830,0.237709,0.23922,0.0208942
2831,0.236514,0.236511,0.0208942
2832,0.447373,0.450368,0.0209032
2833,0.281289,0.277429,0.0209181
2834,0.261845,0.259189,0.0209252
2835,0.237058,0.236218,0.0209259
2836,0.268496,0.268377,0.0209259
2837,0.383735,0.381493,0.0209309
2838,0.276628,0.274287,0.0209364
2839,0.215953,0.213515,0.0209423
2840,0.201537,0.197082,0.0209622
2841,0.470669,0.468462,0.0209671
2842,0.465445,0.463678,0.0209702
2843,0.309481,0.309811,0.0209703
2844,0.285261,0.286332,0.0209714
2845,0.241531,0.243141,0.020974
2846,0.319586,0.320634,0.0209751
2847,0.341685,0.342509,0.0209758
2848,0.442804,0.444354,0.0209782
2849,0.282158,0.282121,0.0209782
2850,0.3101,0.31143,0.02098
2851,0.287834,0.284547,0.0209908
2852,0.219549,0.218042,0.020993
2853,0.296178,0.297347,0.0209944
2854,0.299565,0.301345,0.0209976
2855,0.240475,0.243579,0.0210072
2856,0.196295,0.198047,0.0210103
2857,0.432315,0.43392,0.0210129
2858,0.286399,0.285186,0.0210143
2859,0.361695,0.359045,0.0210214
2860,0.24747,0.245317,0.021026
2861,0.229076,0.232403,0.0210371
2862,0.233442,0.23635,0.0210455
2863,0.349872,0.353029,0.0210555
2864,0.233488,0.233876,0.0210556
2865,0.208722,0.208288,0.0210558
2866,0.429271,0.431849,0.0210625
2867,0.297015,0.299363,0.021068
2868,0.219574,0.221753,0.0210727
2869,0.208968,0.211185,0.0210776
2870,0.476533,0.476039,0.0210779
2871,0.30747,0.30696,0.0210781
2872,0.225789,0.225324,0.0210784
2873,0.244709,0.24516,0.0210786
2874,0.469596,0.469938,0.0210787
2875,0.287222,0.288241,0.0210797
2876,0.270541,0.268847,0.0210826
2877,0.301347,0.299759,0.0210851
2878,0.460459,0.460161,0.0210852
2879,0.292017,0.290495,0.0210875
2880,0.476496,0.475122,0.0210894
2881,0.377631,0.378209,0.0210897
2882,0.369086,0.368179,0.0210906
2883,0.382358,0.383296,0.0210914
2884,0.434068,0.435425,0.0210933
2885,0.504936,0.507568,0.0211002
2886,0.458275,0.459613,0.021102
2887,0.376586,0.37344,0.0211119
2888,0.444483,0.44195,0.0211183
2889,0.367784,0.365419,0.0211239
2890,0.568085,0.56876,0.0211244
2891,0.427994,0.432325,0.0211431
2892,0.386648,0.386964,0.0211432
2893,0.281138,0.277092,0.0211596
2894,0.348328,0.347405,0.0211604
2895,0.500758,0.506441,0.0211927
2896,0.326189,0.331622,0.0212223
2897,0.231846,0.232876,0.0212233
2898,0.302508,0.30246,0.0212233
2899,0.334802,0.334464,0.0212234
2900,0.308711,0.309142,0.0212236
2901,0.231222,0.230294,0.0212245
2902,0.213708,0.215041,0.0212263
2903,0.263593,0.265158,0.0212287
2904,0.461501,0.462062,0.021229
2905,0.371748,0.369172,0.0212357
2906,0.269656,0.265181,0.0212557
2907,0.287551,0.281261,0.0212953
2908,0.373517,0.369402,0.0213122
2909,0.259552,0.256632,0.0213207
2910,0.209229,0.206772,0.0213268
2911,0.298883,0.299024,0.0213268
2912,0.269437,0.267373,0.021331
2913,0.226909,0.226979,0.021331
2914,0.198634,0.195812,0.021339
2915,0.396078,0.395904,0.021339
2916,0.287494,0.285964,0.0213414
2917,0.302673,0.301303,0.0213433
2918,0.21643,0.215307,0.0213445
2919,0.401966,0.39859,0.0213559
2920,0.356618,0.350654,0.0213915
2921,0.31577,0.311057,0.0214137
2922,0.221285,0.219643,0.0214164
2923,0.277259,0.275581,0.0214192
2924,0.382034,0.380329,0.0214221
2925,0.334068,0.333092,0.0214231
2926,0.258362,0.256081,0.0214283
2927,0.211197,0.210686,0.0214285
2928,0.297872,0.297546,0.0214286
2929,0.334909,0.335485,0.021429
2930,0.281582,0.280674,0.0214298
2931,0.20612,0.206856,0.0214303
2932,0.206098,0.20686,0.0214309
2933,0.347088,0.347685,0.0214313
2934,0.44308,0.442485,0.0214316
2935,0.283084,0.281281,0.0214349
2936,0.218857,0.220066,0.0214363
2937,0.266844,0.267332,0.0214366
2938,0.328217,0.330128,0.0214402
2939,0.403949,0.405122,0.0214416
2940,0.323253,0.323939,0.0214421
2941,0.274146,0.275558,0.0214441
2942,0.36041,0.363231,0.021452
2943,0.452671,0.453411,0.0214526
2944,0.367417,0.364429,0.0214615
2945,0.395645,0.38931,0.0215016
2946,0.561801,0.555196,0.0215452
2947,0.369827,0.364423,0.0215745
2948,0.315256,0.311282,0.0215902
2949,0.546397,0.545465,0.0215911
2950,0.342921,0.340585,0.0215966
2951,0.252314,0.249492,0.0216045
2952,0.376027,0.377862,0.0216079
2953,0.484865,0.488776,0.0216232
2954,0.303924,0.307107,0.0216333
2955,0.224367,0.223272,0.0216345
2956,0.284535,0.281689,0.0216426
2957,0.28991,0.289074,0.0216433
2958,0.233123,0.2332,0.0216433
2959,0.19185,0.193528,0.0216462
2960,0.201141,0.204987,0.021661
2961,0.227309,0.229871,0.0216675
2962,0.194966,0.195178,0.0216676
2963,0.330807,0.328624,0.0216723
2964,0.256947,0.258696,0.0216754
2965,0.187785,0.194059,0.0217148
2966,0.243906,0.248129,0.0217326
2967,0.269306,0.273779,0.0217526
2968,0.254903,0.258055,0.0217625
2969,0.191345,0.193839,0.0217687
2970,0.224901,0.224999,0.0217688
2971,0.254809,0.254744,0.0217688
2972,0.317516,0.31792,0.0217689
2973,0.286539,0.286369,0.0217689
2974,0.259823,0.258673,0.0217703
2975,0.364432,0.364031,0.0217704
2976,0.426857,0.425775,0.0217716
2977,0.396723,0.393138,0.0217845
2978,0.383763,0.379952,0.021799
2979,0.320163,0.316283,0.021814
2980,0.362579,0.360052,0.0218204
2981,0.265132,0.261178,0.0218361
2982,0.243504,0.240663,0.0218441
2983,0.269343,0.269166,0.0218442
2984,0.404178,0.405115,0.021845
2985,0.262545,0.259263,0.0218558
2986,0.274956,0.270731,0.0218737
2987,0.224085,0.21988,0.0218914
2988,0.397398,0.394124,0.0219021
2989,0.333871,0.328406,0.0219319
2990,0.431393,0.428737,0.021939
2991,0.281861,0.279345,0.0219453
2992,0.415553,0.413224,0.0219507
2993,0.536736,0.537168,0.0219509
2994,0.505267,0.50158,0.0219645
2995,0.369102,0.3671,0.0219685
2996,0.44902,0.448323,0.021969
2997,0.444308,0.445193,0.0219698
2998,0.414292,0.41541,0.0219711
2999,0.304556,0.303907,0.0219715
