t,predict_test,teacher
501,0.16613,0.184258,0.000328629
502,0.249107,0.249916,0.000329284
503,0.35711,0.363756,0.000373452
504,0.284313,0.275911,0.000444047
505,0.133513,0.156821,0.000987299
506,0.285096,0.336358,0.00361509
507,0.270317,0.298227,0.00439406
508,0.120741,0.162118,0.0061061
509,0.120044,0.127299,0.00615874
510,0.218056,0.229693,0.00629416
511,0.152716,0.1838,0.00726042
512,0.203097,0.193076,0.00736083
513,0.247588,0.237719,0.00745825
514,0.325222,0.337833,0.00761728
515,0.186745,0.199791,0.00778749
516,0.168482,0.164548,0.00780297
517,0.263826,0.286371,0.00831124
518,0.191007,0.212948,0.00879261
519,0.123412,0.134363,0.00891253
520,0.209916,0.224697,0.009131
521,0.349218,0.358603,0.00921909
522,0.23535,0.2123,0.00975037
523,0.23353,0.210746,0.0102695
524,0.224383,0.207704,0.0105477
525,0.237452,0.224353,0.0107193
526,0.165266,0.17155,0.0107587
527,0.300827,0.321405,0.0111822
528,0.222143,0.202837,0.0115549
529,0.108498,0.121461,0.011723
530,0.0785554,0.0815116,0.0117317
531,0.255217,0.29765,0.0135323
532,0.281024,0.30155,0.0139536
533,0.158509,0.184227,0.0146151
534,0.160835,0.139176,0.0150841
535,0.262799,0.279876,0.0153757
536,0.381451,0.430523,0.0177837
537,0.211377,0.235222,0.0183523
538,0.271769,0.251489,0.0187636
539,0.230726,0.23621,0.0187936
540,0.139054,0.151207,0.0189414
541,0.161371,0.179177,0.0192584
542,0.0444757,0.101294,0.0224867
543,0.0534678,0.0848181,0.0234696
544,0.114122,0.104119,0.0235696
545,0.235022,0.233531,0.0235718
546,0.284385,0.276747,0.0236302
547,0.107603,0.144755,0.0250104
548,0.158229,0.156899,0.0250122
549,0.19017,0.170355,0.0254048
550,0.283797,0.277094,0.0254498
551,0.0685487,0.134652,0.0298194
552,0.187313,0.229546,0.031603
553,0.225448,0.248863,0.0321513
554,0.152953,0.146563,0.0321921
555,0.0747949,0.0906261,0.0324428
556,0.0232713,0.0636538,0.0340735
557,0.0288154,0.0507973,0.0345567
558,0.154801,0.19453,0.0361351
559,0.242753,0.245892,0.0361449
560,0.15725,0.127548,0.0370271
561,0.0553111,0.0653293,0.0371275
562,0.127964,0.114785,0.0373011
563,0.0874508,0.0885239,0.0373023
564,0.0515912,0.0474389,0.0373195
565,0.0249627,0.030244,0.0373474
566,0.0473602,0.0514814,0.0373644
567,0.262673,0.306518,0.0392868
568,0.180292,0.201793,0.0397491
569,0.064623,0.100347,0.0410253
570,0.129275,0.158094,0.0418558
571,0.0696472,0.0867865,0.0421496
572,0.226599,0.281405,0.0451533
573,0.178467,0.166372,0.0452996
574,0.113234,0.0910083,0.0457936
575,0.0747282,0.0523062,0.0462964
576,0.0989007,0.0835302,0.0465326
577,0.0744153,0.0781361,0.0465464
578,0.0262448,0.0411821,0.0467696
579,0.139432,0.148911,0.0468594
580,0.11712,0.10695,0.0469628
581,0.265322,0.31827,0.0497663
582,0.195514,0.223059,0.0505251
583,0.122636,0.1369,0.0507285
584,0.162833,0.139041,0.0512946
585,0.119124,0.115767,0.0513059
586,0.35913,0.381825,0.0518209
587,0.150017,0.194096,0.0537639
588,0.26136,0.270336,0.0538445
589,0.296653,0.30965,0.0540134
590,0.297242,0.315873,0.0543605
591,0.287944,0.277628,0.0544669
592,0.193765,0.198655,0.0544908
593,0.300324,0.283693,0.0547674
594,0.23739,0.246335,0.0548474
595,0.367463,0.390995,0.0554012
596,0.358298,0.373423,0.05563
597,0.260642,0.274926,0.055834
598,0.134758,0.161698,0.0565598
599,0.0875374,0.104522,0.0568483
600,0.30984,0.349861,0.05845
601,0.259051,0.303928,0.0604639
602,0.346005,0.345442,0.0604642
603,0.391545,0.404056,0.0606207
604,0.337711,0.378025,0.062246
605,0.367795,0.393723,0.0629183
606,0.201448,0.251687,0.0654422
607,0.2005,0.234003,0.0665647
608,0.25656,0.27849,0.0670456
609,0.264373,0.290908,0.0677497
610,0.306496,0.323381,0.0680348
611,0.223113,0.241633,0.0683778
612,0.225608,0.197732,0.0691549
613,0.167344,0.132859,0.0703441
614,0.291422,0.286799,0.0703655
615,0.316126,0.311971,0.0703827
616,0.186661,0.191694,0.070408
617,0.348057,0.357467,0.0704966
618,0.338531,0.363208,0.0711056
619,0.375957,0.41452,0.0725926
620,0.155061,0.226102,0.0776394
621,0.182818,0.214383,0.0786357
622,0.156539,0.165668,0.0787191
623,0.124822,0.131556,0.0787644
624,0.104371,0.0915382,0.0789291
625,0.104226,0.117658,0.0791095
626,0.307294,0.332163,0.079728
627,0.212631,0.205375,0.0797806
628,0.217366,0.231114,0.0799697
629,0.235586,0.271796,0.0812809
630,0.167674,0.163652,0.081297
631,0.245117,0.253854,0.0813734
632,0.302617,0.306854,0.0813913
633,0.214415,0.205225,0.0814758
634,0.129381,0.116425,0.0816436
635,0.15824,0.144682,0.0818274
636,0.108151,0.0983284,0.0819239
637,0.110304,0.0971838,0.0820961
638,0.0639116,0.0652007,0.0820977
639,0.16206,0.17849,0.0823677
640,0.314864,0.339545,0.0829768
641,0.11192,0.174091,0.086842
642,0.114321,0.129265,0.0870653
643,0.263603,0.286805,0.0876036
644,0.168878,0.145275,0.0881607
645,0.19842,0.194796,0.0881738
646,0.124903,0.109261,0.0884185
647,0.0297939,0.063,0.0895211
648,0.0983519,0.122418,0.0901003
649,0.0849153,0.0923374,0.0901554
650,0.17497,0.15159,0.090702
651,0.178231,0.185153,0.0907499
652,0.241235,0.215914,0.091391
653,0.286396,0.291429,0.0914164
654,0.339407,0.352997,0.0916011
655,0.115555,0.172386,0.0948308
656,0.115476,0.130796,0.0950655
657,0.195948,0.200354,0.095085
658,0.0755712,0.101091,0.0957362
659,0.205122,0.238456,0.0968474
660,0.0845739,0.115067,0.0977772
661,0.0446939,0.0850068,0.0994024
662,0.209111,0.235516,0.1001
663,0.0500133,0.119974,0.104994
664,0.20921,0.226742,0.105301
665,0.129617,0.158097,0.106113
666,0.204159,0.192301,0.106253
667,0.296934,0.320166,0.106793
668,0.191717,0.163826,0.107571
669,0.144511,0.10953,0.108795
670,0.224049,0.221691,0.1088
671,0.149422,0.153364,0.108816
672,0.17449,0.169455,0.108841
673,0.249896,0.258279,0.108911
674,0.116473,0.133565,0.109203
675,0.251858,0.252842,0.109204
676,0.173714,0.126433,0.11144
677,0.103054,0.0882043,0.11166
678,0.273426,0.294371,0.112099
679,0.190015,0.187246,0.112107
680,0.117632,0.13008,0.112262
681,0.134204,0.130217,0.112278
682,0.17548,0.0817443,0.121064
683,0.261429,0.212355,0.123472
684,0.172965,0.103267,0.12833
685,0.093344,0.0771117,0.128593
686,0.149328,0.130067,0.128964
687,0.15353,0.148932,0.128986
688,0.121028,0.106643,0.129192
689,0.288674,0.313629,0.129815
690,0.0850569,0.142598,0.133126
691,0.227468,0.230121,0.133133
692,0.351016,0.400691,0.135601
693,0.254488,0.270912,0.135871
694,0.08087,0.127434,0.138039
695,0.0560253,0.0901782,0.139205
696,0.303287,0.367008,0.143266
697,0.306097,0.338689,0.144328
698,0.139211,0.163875,0.144936
699,0.112071,0.126589,0.145147
700,0.178609,0.187305,0.145223
701,0.158617,0.155525,0.145232
702,0.118988,0.124231,0.14526
703,0.27295,0.278627,0.145292
704,0.173803,0.205018,0.146266
705,0.14012,0.12936,0.146382
706,0.195988,0.206512,0.146493
707,0.138809,0.123718,0.14672
708,0.0720722,0.0660736,0.146756
709,0.114928,0.106872,0.146821
710,0.189785,0.181003,0.146898
711,0.259119,0.239772,0.147273
712,0.28062,0.254027,0.14798
713,0.175318,0.153714,0.148447
714,0.198218,0.173923,0.149037
715,0.170574,0.147854,0.149553
716,0.168749,0.150328,0.149892
717,0.242013,0.244499,0.149899
718,0.180496,0.179314,0.1499
719,0.0942506,0.101029,0.149946
720,0.0970161,0.0938569,0.149956
721,0.0394005,0.0552553,0.150207
722,0.0723035,0.0747094,0.150213
723,0.222992,0.232904,0.150311
724,0.210266,0.215847,0.150343
725,0.218005,0.213383,0.150364
726,0.15324,0.170396,0.150658
727,0.153711,0.124758,0.151497
728,0.193396,0.172767,0.151922
729,0.126679,0.106875,0.152314
730,0.107796,0.075723,0.153343
731,0.0904166,0.0859449,0.153363
732,0.169433,0.144489,0.153985
733,0.162962,0.113443,0.156437
734,0.105042,0.108095,0.156447
735,0.158579,0.098079,0.160107
736,0.15318,0.128976,0.160693
737,0.275441,0.257372,0.161019
738,0.252987,0.264425,0.16115
739,0.209123,0.19646,0.16131
740,0.0567843,0.0931504,0.162633
741,0.179335,0.188634,0.162719
742,0.216642,0.17663,0.16432
743,0.0588226,0.082655,0.164888
744,0.0233936,0.045157,0.165362
745,0.0730169,0.0832925,0.165468
746,0.0934487,0.0932549,0.165468
747,0.0880559,0.0666209,0.165927
748,0.159717,0.139596,0.166332
749,0.278976,0.278919,0.166332
750,0.181472,0.174381,0.166382
751,0.162153,0.153463,0.166458
752,0.25599,0.254013,0.166462
753,0.224483,0.212351,0.166609
754,0.0456742,0.0988953,0.169441
755,0.110264,0.221511,0.181817
756,0.0868305,0.104299,0.182122
757,0.0126886,0.0534346,0.183782
758,0.0722387,0.0496753,0.184292
759,0.271428,0.216099,0.187353
760,0.115807,0.129872,0.187551
761,0.137687,0.12891,0.187628
762,0.21321,0.199788,0.187808
763,0.215734,0.216385,0.187808
764,0.171667,0.149202,0.188313
765,0.0774693,0.080747,0.188324
766,0.27941,0.311775,0.189371
767,0.263325,0.274153,0.189489
768,0.0784553,0.136055,0.192806
769,0.220047,0.241357,0.19326
770,0.170054,0.122499,0.195522
771,0.159183,0.153367,0.195556
772,0.271713,0.233605,0.197008
773,0.293952,0.25878,0.198245
774,0.172092,0.175698,0.198258
775,0.166189,0.125562,0.199909
776,0.111447,0.0807357,0.200852
777,0.114822,0.0879779,0.201572
778,0.316831,0.345008,0.202366
779,0.193003,0.177765,0.202598
780,0.302884,0.311725,0.202677
781,0.263414,0.279758,0.202944
782,0.0927653,0.144654,0.205636
783,0.177718,0.186896,0.20572
784,0.299518,0.317393,0.20604
785,0.294657,0.300437,0.206073
786,0.174169,0.200843,0.206785
787,0.218126,0.240924,0.207305
788,0.213588,0.193065,0.207726
789,0.122336,0.111581,0.207841
790,0.0761128,0.0728683,0.207852
791,0.105781,0.0901805,0.208095
792,0.13163,0.112085,0.208477
793,0.154105,0.125593,0.20929
794,0.294355,0.30661,0.20944
795,0.344837,0.350769,0.209476
796,0.130435,0.176298,0.211579
797,0.199462,0.220722,0.212031
798,0.194937,0.205818,0.212149
799,0.131199,0.142592,0.212279
800,0.178707,0.165431,0.212455
801,0.238288,0.249584,0.212583
802,0.275273,0.259808,0.212822
803,0.18944,0.168973,0.213241
804,0.12929,0.127237,0.213245
805,0.253831,0.260662,0.213292
806,0.137539,0.152779,0.213524
807,0.0874951,0.109856,0.214024
808,0.132087,0.104702,0.214774
809,0.262256,0.247394,0.214995
810,0.160316,0.149745,0.215107
811,0.184791,0.178338,0.215148
812,0.172478,0.154262,0.21548
813,0.163274,0.138381,0.2161
814,0.179461,0.176389,0.216109
815,0.36471,0.38522,0.21653
816,0.279461,0.292012,0.216688
817,0.15049,0.168974,0.217029
818,0.143371,0.142695,0.21703
819,0.252386,0.221698,0.217971
820,0.167143,0.167758,0.217972
821,0.147724,0.141877,0.218006
822,0.099967,0.0978665,0.21801
823,0.259625,0.285706,0.218691
824,0.220581,0.231905,0.218819
825,0.155259,0.158602,0.21883
826,0.25264,0.243245,0.218918
827,0.330579,0.365771,0.220157
828,0.229398,0.260109,0.2211
829,0.292055,0.289541,0.221106
830,0.306956,0.308482,0.221109
831,0.232875,0.221122,0.221247
832,0.217577,0.171523,0.223368
833,0.226968,0.22151,0.223398
834,0.225353,0.20009,0.224036
835,0.18915,0.19294,0.22405
836,0.257937,0.244371,0.224234
837,0.401545,0.441946,0.225866
838,0.295101,0.321027,0.226539
839,0.12978,0.169186,0.228091
840,0.250413,0.297369,0.230296
841,0.284681,0.32539,0.231953
842,0.169403,0.204489,0.233184
843,0.253669,0.244751,0.233264
844,0.220574,0.228165,0.233322
845,0.149137,0.137938,0.233447
846,0.14007,0.0945167,0.235522
847,0.0911105,0.109862,0.235874
848,0.25993,0.248807,0.235997
849,0.237106,0.247364,0.236103
850,0.273305,0.254052,0.236473
851,0.253846,0.241211,0.236633
852,0.222125,0.199392,0.23715
853,0.0637532,0.103437,0.238725
854,0.0775849,0.0633828,0.238926
855,0.207314,0.210444,0.238936
856,0.153573,0.14534,0.239004
857,0.211682,0.194207,0.239309
858,0.0758937,0.0960148,0.239714
859,0.0822543,0.0646364,0.240024
860,0.144379,0.117986,0.240721
861,0.169904,0.12415,0.242814
862,0.169271,0.0984843,0.247825
863,0.152695,0.124425,0.248624
864,0.107641,0.101535,0.248662
865,0.153281,0.128608,0.24927
866,0.163864,0.123529,0.250897
867,0.100806,0.0813002,0.251278
868,0.0839319,0.0505991,0.252389
869,0.218965,0.183527,0.253645
870,0.151993,0.138852,0.253817
871,0.172652,0.170487,0.253822
872,0.0749166,0.0779165,0.253831
873,0.204089,0.225753,0.2543
874,0.202394,0.159851,0.25611
875,0.247559,0.225014,0.256619
876,0.116442,0.108418,0.256683
877,0.119875,0.120382,0.256683
878,0.183535,0.151184,0.25773
879,0.128136,0.111877,0.257994
880,0.163349,0.113366,0.260492
881,0.133682,0.117398,0.260758
882,0.202993,0.197767,0.260785
883,0.200758,0.20194,0.260786
884,0.16298,0.14013,0.261308
885,0.259626,0.243671,0.261563
886,0.165683,0.159485,0.261601
887,0.226075,0.242426,0.261869
888,0.140826,0.141953,0.26187
889,0.0739942,0.0743751,0.26187
890,0.104827,0.0926228,0.262019
891,0.199364,0.189278,0.262121
892,0.237905,0.198564,0.263669
893,0.164267,0.14201,0.264164
894,0.115438,0.0994762,0.264419
895,0.108641,0.106486,0.264423
896,0.132782,0.11832,0.264633
897,0.174433,0.1799,0.264662
898,0.226811,0.221573,0.26469
899,0.165126,0.132073,0.265782
900,0.0699889,0.070172,0.265782
901,0.186404,0.209644,0.266322
902,0.124233,0.129992,0.266356
903,0.00359552,0.0631449,0.269902
904,0.201802,0.252624,0.272485
905,0.145804,0.162254,0.272755
906,0.192558,0.177875,0.272971
907,0.167881,0.145548,0.27347
908,0.0618157,0.0768949,0.273697
909,0.0374225,0.0460768,0.273772
910,0.171758,0.154901,0.274056
911,0.238448,0.230482,0.274119
912,0.321315,0.305048,0.274384
913,0.151317,0.166655,0.274619
914,0.0581793,0.0828394,0.275228
915,0.0639107,0.0679074,0.275243
916,0.119433,0.100214,0.275613
917,0.0780887,0.0538636,0.2762
918,0.251309,0.307378,0.279343
919,0.134541,0.176935,0.281141
920,0.18541,0.177051,0.281211
921,0.135033,0.140689,0.281243
922,0.12434,0.0896168,0.282448
923,0.10291,0.0539839,0.284842
924,0.112952,0.0728223,0.286452
925,0.260248,0.208479,0.289132
926,0.23866,0.232903,0.289166
927,0.282649,0.282552,0.289166
928,0.184243,0.165343,0.289523
929,0.110406,0.106415,0.289539
930,0.287972,0.315561,0.2903
931,0.0992468,0.145188,0.292411
932,0.119262,0.124151,0.292434
933,0.157741,0.192486,0.293642
934,0.0797375,0.119836,0.29525
935,0.222809,0.233173,0.295357
936,0.243912,0.231971,0.2955
937,0.281264,0.243791,0.296904
938,0.103851,0.117044,0.297078
939,0.230223,0.281947,0.299753
940,0.109801,0.137905,0.300543
941,0.15746,0.144232,0.300718
942,0.103522,0.104342,0.300719
943,0.195613,0.223137,0.301476
944,0.114019,0.107027,0.301525
945,0.0489148,0.0599587,0.301647
946,0.0984456,0.0614354,0.303017
947,0.22166,0.250329,0.303839
948,0.157611,0.180358,0.304356
949,0.097131,0.113653,0.304629
950,0.19592,0.19085,0.304655
951,0.217394,0.205964,0.304786
952,0.104863,0.10178,0.304795
953,0.259543,0.300228,0.30645
954,0.159135,0.140033,0.306815
955,0.135932,0.129923,0.306851
956,0.0993638,0.0957087,0.306865
957,0.0700689,0.0559852,0.307063
958,0.0875747,0.0331253,0.310028
959,0.0450038,0.0491211,0.310045
960,0.0372737,0.033212,0.310061
961,0.0945241,0.0456123,0.312454
962,0.149711,0.125934,0.313019
963,0.149388,0.100924,0.315368
964,0.199308,0.131105,0.320019
965,0.170499,0.0993112,0.325087
966,0.203675,0.164707,0.326606
967,0.138192,0.108409,0.327493
968,0.225494,0.234416,0.327572
969,0.197639,0.154597,0.329425
970,0.204383,0.172445,0.330445
971,0.0995673,0.0814649,0.330773
972,0.23875,0.234964,0.330787
973,0.179249,0.16634,0.330954
974,0.125727,0.0833367,0.332751
975,0.0419351,0.0484159,0.332793
976,0.115815,0.128796,0.332961
977,0.205008,0.188534,0.333232
978,0.10449,0.103682,0.333233
979,0.0623296,0.0689107,0.333276
980,0.0729659,0.06739,0.333308
981,0.0289693,0.0480211,0.333671
982,0.126417,0.145377,0.33403
983,0.063996,0.0832751,0.334402
984,0.215231,0.253783,0.335888
985,0.227693,0.264373,0.337233
986,0.182826,0.191079,0.337302
987,0.152225,0.125947,0.337992
988,0.17312,0.166659,0.338034
989,0.170301,0.138957,0.339016
990,0.186265,0.125021,0.342767
991,0.154616,0.154874,0.342767
992,0.0865132,0.0857484,0.342768
993,0.124674,0.141626,0.343055
994,0.0520841,0.0689677,0.34334
995,0.0420565,0.0839532,0.345096
996,0.0834898,0.094595,0.345219
997,0.0141544,0.0530553,0.346732
998,0.251516,0.327772,0.352547
999,0.197125,0.187601,0.352638
1000,0.179927,0.182424,0.352644
1001,0.0741073,0.0911638,0.352935
1002,0.0766833,0.12159,0.354952
1003,0.251578,0.305137,0.35782
1004,0.0995495,0.139317,0.359402
1005,0.102435,0.119914,0.359707
1006,0.115477,0.115675,0.359707
1007,0.214741,0.213972,0.359708
1008,0.134653,0.110858,0.360274
1009,0.162926,0.133366,0.361148
1010,0.147376,0.106417,0.362825
1011,0.0852173,0.0680494,0.36312
1012,0.137992,0.0802171,0.366458
1013,0.0693192,0.0596691,0.366551
1014,0.183287,0.171039,0.366701
1015,0.0830369,0.0917676,0.366777
1016,0.215154,0.267496,0.369517
1017,0.215198,0.201805,0.369696
1018,0.11674,0.104691,0.369842
1019,0.148862,0.113372,0.371101
1020,0.246694,0.262279,0.371344
1021,0.187466,0.188498,0.371345
1022,0.298947,0.304525,0.371376
1023,0.249066,0.229915,0.371743
1024,0.187555,0.161898,0.372401
1025,0.113296,0.100161,0.372574
1026,0.0772991,0.075811,0.372576
1027,0.127432,0.105253,0.373068
1028,0.117409,0.118568,0.373069
1029,0.19172,0.182964,0.373146
1030,0.333031,0.351723,0.373495
1031,0.258058,0.238627,0.373873
1032,0.245926,0.237242,0.373948
1033,0.253909,0.26203,0.374014
1034,0.169648,0.166608,0.374023
1035,0.12991,0.124511,0.374053
1036,0.152619,0.148203,0.374072
1037,0.115735,0.0815264,0.375242
1038,0.0945257,0.0799733,0.375454
1039,0.144762,0.0850842,0.379016
1040,0.157276,0.140095,0.379311
1041,0.0833443,0.0792676,0.379327
1042,0.211068,0.159509,0.381986
1043,0.291409,0.321698,0.382903
1044,0.220213,0.199398,0.383336
1045,0.166695,0.127165,0.384899
1046,0.252741,0.27949,0.385615
1047,0.261175,0.269096,0.385677
1048,0.138133,0.13904,0.385678
1049,0.0360101,0.0826406,0.387852
1050,0.0625221,0.0854899,0.38838
1051,-0.00917086,0.0467944,0.391512
1052,0.0835202,0.095931,0.391666
1053,0.313721,0.319955,0.391705
1054,0.291655,0.279007,0.391865
1055,0.0894872,0.1323,0.393698
1056,0.102496,0.0868999,0.393941
1057,0.171413,0.174483,0.393951
1058,0.0415183,0.0889816,0.396203
1059,0.0484999,0.0686129,0.396608
1060,0.106557,0.0632492,0.398483
1061,0.254527,0.250283,0.398501
1062,0.172602,0.175997,0.398513
1063,0.0768375,0.0933621,0.398786
1064,0.0399577,0.0578615,0.399107
1065,-0.00184,0.0430231,0.401119
1066,0.142096,0.167665,0.401773
1067,0.144859,0.120703,0.402357
1068,0.149576,0.138907,0.40247
1069,0.0484285,0.0706066,0.402962
1070,0.0408499,0.0490847,0.40303
1071,0.138804,0.156843,0.403355
1072,0.0792426,0.0823184,0.403365
1073,0.176127,0.19661,0.403785
1074,0.121335,0.107413,0.403978
1075,0.225406,0.22736,0.403982
1076,0.229165,0.243276,0.404181
1077,0.178945,0.178985,0.404181
1078,0.139136,0.108335,0.40513
1079,0.0748385,0.0742653,0.40513
1080,0.169049,0.218332,0.407559
1081,0.16592,0.147244,0.407908
1082,0.0787055,0.0783307,0.407908
1083,0.084467,0.076254,0.407976
1084,0.0750163,0.0455364,0.408845
1085,0.16659,0.165576,0.408846
1086,0.258808,0.252828,0.408881
1087,0.223601,0.235821,0.409031
1088,0.237076,0.216786,0.409442
1089,0.281165,0.257958,0.409981
1090,0.146446,0.14131,0.410007
1091,0.315576,0.327692,0.410154
1092,0.310844,0.326224,0.410391
1093,0.24485,0.243676,0.410392
1094,0.239131,0.209205,0.411288
1095,0.352675,0.322974,0.41217
1096,0.223864,0.176803,0.414384
1097,0.249722,0.180636,0.419157
1098,0.13697,0.096985,0.420756
1099,0.111036,0.0898344,0.421206
1100,0.136177,0.117523,0.421554
1101,0.224506,0.194065,0.42248
1102,0.191174,0.173107,0.422807
1103,0.266175,0.252811,0.422985
1104,0.105616,0.130326,0.423596
1105,0.236797,0.260015,0.424135
1106,0.276891,0.289,0.424282
1107,0.224229,0.220587,0.424295
1108,0.238995,0.211261,0.425064
1109,0.156347,0.129058,0.425809
1110,0.137758,0.0943313,0.427695
1111,0.148109,0.117887,0.428608
1112,0.217979,0.210912,0.428658
1113,0.198853,0.158928,0.430252
1114,0.145421,0.123339,0.43074
1115,0.254984,0.243851,0.430864
1116,0.174337,0.164911,0.430952
1117,0.138887,0.111187,0.43172
1118,0.0573206,0.0746672,0.432021
1119,0.186147,0.17446,0.432157
1120,0.302828,0.336354,0.433281
1121,0.248991,0.25802,0.433363
1122,0.394904,0.421452,0.434068
1123,0.265899,0.229178,0.435416
1124,0.192249,0.144678,0.437679
1125,0.260778,0.235061,0.43834
1126,0.240505,0.207836,0.439408
1127,0.171609,0.149518,0.439896
1128,0.0888096,0.0923732,0.439908
1129,0.218644,0.215879,0.439916
1130,0.17753,0.142824,0.44112
1131,0.0960699,0.0911676,0.441144
1132,0.115295,0.0956505,0.44153
1133,0.0590611,0.0797191,0.441957
1134,0.0832314,0.0613027,0.442438
1135,0.201212,0.184822,0.442707
1136,0.352573,0.356845,0.442725
1137,0.410706,0.413592,0.442733
1138,0.333719,0.298508,0.443973
1139,0.330729,0.356814,0.444653
1140,0.241034,0.234468,0.444697
1141,0.173597,0.15714,0.444967
1142,0.10842,0.0919753,0.445238
1143,0.213534,0.201605,0.44538
1144,0.0752549,0.108085,0.446458
1145,0.0733852,0.0713056,0.446462
1146,0.0693481,0.0647152,0.446484
1147,0.0929686,0.0705892,0.446985
1148,0.0454122,0.0480887,0.446992
1149,0.125845,0.12575,0.446992
1150,0.259666,0.285942,0.447682
1151,0.257398,0.279266,0.44816
1152,0.149884,0.171631,0.448633
1153,0.270585,0.320113,0.451086
1154,0.30136,0.322476,0.451532
1155,0.240474,0.238399,0.451537
1156,0.126271,0.127072,0.451537
1157,0.157153,0.182667,0.452188
1158,0.115841,0.0972827,0.452533
1159,0.0494808,0.0636432,0.452733
1160,0.108568,0.0819916,0.453439
1161,0.172407,0.150255,0.45393
1162,0.186743,0.16209,0.454538
1163,0.204722,0.192035,0.454699
1164,0.146913,0.126408,0.455119
1165,0.205614,0.194383,0.455245
1166,0.217267,0.204232,0.455415
1167,0.257476,0.252024,0.455445
1168,0.295749,0.310761,0.45567
1169,0.130241,0.15782,0.456431
1170,0.130644,0.107904,0.456948
1171,0.225625,0.193366,0.457989
1172,0.130547,0.121231,0.458076
1173,0.184757,0.158878,0.458745
1174,0.269731,0.260541,0.45883
1175,0.254367,0.246796,0.458887
1176,0.278253,0.269645,0.458961
1177,0.259348,0.269962,0.459074
1178,0.171735,0.158671,0.459245
1179,0.263051,0.255791,0.459297
1180,0.352299,0.366593,0.459502
1181,0.171956,0.18673,0.45972
1182,0.138747,0.121661,0.460012
1183,0.0675811,0.0777882,0.460116
1184,0.113143,0.0761938,0.461481
1185,0.260981,0.239102,0.46196
1186,0.122457,0.135332,0.462126
1187,0.301304,0.298388,0.462134
1188,0.285774,0.306801,0.462576
1189,0.394952,0.428463,0.463699
1190,0.179269,0.212072,0.464775
1191,0.339315,0.335849,0.464787
1192,0.160534,0.202566,0.466554
1193,0.216,0.229705,0.466742
1194,0.172444,0.173119,0.466742
1195,0.10673,0.101487,0.46677
1196,0.136782,0.0943004,0.468574
1197,0.218515,0.152369,0.47295
1198,0.125742,0.0983921,0.473698
1199,0.164787,0.155151,0.47379
1200,0.134739,0.121633,0.473962
1201,0.324498,0.357025,0.47502
1202,0.292057,0.299216,0.475071
1203,0.415849,0.433016,0.475366
1204,0.124991,0.210251,0.482635
1205,0.198262,0.262156,0.486718
1206,0.141843,0.148339,0.48676
1207,0.104131,0.145017,0.488432
1208,0.11599,0.104203,0.488571
1209,0.261857,0.280267,0.48891
1210,0.349512,0.369233,0.489299
1211,0.437488,0.455523,0.489624
1212,0.385106,0.408566,0.490174
1213,0.195767,0.247339,0.492834
1214,0.161804,0.183008,0.493283
1215,0.198183,0.228419,0.494198
1216,0.259517,0.280413,0.494634
1217,0.393694,0.416356,0.495148
1218,0.168718,0.219666,0.497744
1219,0.182679,0.219558,0.499104
1220,0.213074,0.209461,0.499117
1221,0.253267,0.241396,0.499258
1222,0.204715,0.200335,0.499277
1223,0.336739,0.339896,0.499287
1224,0.177538,0.222183,0.50128
1225,0.18348,0.178899,0.501301
1226,0.309178,0.326174,0.50159
1227,0.160404,0.194036,0.502721
1228,0.224858,0.211827,0.502891
1229,0.128071,0.143893,0.503141
1230,0.2036,0.212156,0.503214
1231,0.179236,0.178934,0.503214
1232,0.240643,0.225176,0.503454
1233,0.25272,0.239268,0.503634
1234,0.362638,0.349827,0.503799
1235,0.252552,0.250659,0.503802
1236,0.125854,0.13407,0.50387
1237,0.206385,0.234489,0.50466
1238,0.0928233,0.130806,0.506102
1239,0.128926,0.124819,0.506119
1240,0.170326,0.168398,0.506123
1241,0.0687973,0.0946217,0.50679
1242,0.244464,0.303073,0.510225
1243,0.177247,0.190598,0.510403
1244,0.237452,0.231026,0.510444
1245,0.168335,0.168997,0.510445
1246,0.158353,0.12175,0.511784
1247,0.134897,0.126514,0.511855
1248,0.146744,0.104913,0.513604
1249,0.0940896,0.0850089,0.513687
1250,0.0889755,0.0529052,0.514988
1251,0.141675,0.127761,0.515182
1252,0.148988,0.11879,0.516094
1253,0.180749,0.158413,0.516592
1254,0.0824336,0.0817321,0.516593
1255,0.0862358,0.0627848,0.517143
1256,0.178859,0.201021,0.517634
1257,0.229327,0.238379,0.517716
1258,0.366585,0.375619,0.517798
1259,0.198058,0.176994,0.518241
1260,0.133175,0.117537,0.518486
1261,0.187418,0.136677,0.52106
1262,0.0743883,0.0770106,0.521067
1263,0.105506,0.0941317,0.521197
1264,0.201935,0.209292,0.521251
1265,0.119912,0.126599,0.521295
1266,0.112214,0.070219,0.523059
1267,0.118826,0.0973188,0.523522
1268,0.050496,0.0517365,0.523523
1269,0.0837509,0.110105,0.524218
1270,0.237652,0.254823,0.524513
1271,0.130233,0.116778,0.524694
1272,0.225565,0.211985,0.524878
1273,0.183186,0.115421,0.52947
1274,0.303553,0.320422,0.529755
1275,0.346366,0.343358,0.529764
1276,0.203011,0.208637,0.529795
1277,0.137251,0.116395,0.53023
1278,0.21273,0.236898,0.530814
1279,0.226611,0.177143,0.533262
1280,0.144851,0.0934539,0.535903
1281,0.129018,0.0964879,0.536961
1282,0.126446,0.0753819,0.539569
1283,0.0777616,0.0536019,0.540153
1284,0.308825,0.353786,0.542174
1285,0.0794926,0.163767,0.549276
1286,0.0897023,0.118256,0.550092
1287,0.0879263,0.0786069,0.550178
1288,0.193382,0.154031,0.551727
1289,0.105502,0.0785434,0.552454
1290,0.144976,0.147525,0.55246
1291,0.150877,0.0982087,0.555234
1292,0.105601,0.100897,0.555256
1293,0.199444,0.154798,0.557249
1294,0.237972,0.244702,0.557295
1295,0.174318,0.149047,0.557933
1296,0.109564,0.108871,0.557934
1297,0.109648,0.0761985,0.559053
1298,0.243806,0.197215,0.561223
1299,0.0966632,0.0942118,0.561229
1300,0.0838355,0.103716,0.561625
1301,0.0677822,0.055643,0.561772
1302,0.0879946,0.121051,0.562865
1303,0.0307038,0.0583655,0.56363
1304,0.0413993,0.0559323,0.563841
1305,0.0712621,0.0936991,0.564345
1306,0.124921,0.105326,0.564729
1307,0.108573,0.0983257,0.564834
1308,0.166448,0.18402,0.565142
1309,0.130453,0.137404,0.565191
1310,0.126184,0.110652,0.565432
1311,0.0985788,0.0526023,0.567546
1312,0.165773,0.160125,0.567578
1313,0.195285,0.156518,0.56908
1314,0.257339,0.234949,0.569582
1315,0.0769086,0.108399,0.570573
1316,0.20672,0.291328,0.577732
1317,0.205485,0.186489,0.578093
1318,0.152432,0.125692,0.578808
1319,0.154103,0.133075,0.57925
1320,0.261589,0.278963,0.579552
1321,0.227334,0.239051,0.579689
1322,0.15388,0.115341,0.581174
1323,0.154161,0.163852,0.581268
1324,0.256027,0.222666,0.582381
1325,0.104623,0.105623,0.582382
1326,0.288243,0.304843,0.582658
1327,0.152108,0.156191,0.582674
1328,0.30062,0.277902,0.583191
1329,0.0933604,0.137746,0.585161
1330,0.0962583,0.096549,0.585161
1331,0.332686,0.332191,0.585161
1332,0.143566,0.179105,0.586424
1333,0.215696,0.207476,0.586492
1334,0.295463,0.279666,0.586741
1335,0.189212,0.188724,0.586741
1336,0.0916873,0.0970041,0.58677
1337,0.286191,0.310067,0.58734
1338,0.233655,0.239336,0.587372
1339,0.324849,0.305542,0.587745
1340,0.22873,0.217365,0.587874
1341,0.159027,0.127916,0.588842
1342,0.322575,0.300642,0.589323
1343,0.128438,0.153716,0.589962
1344,0.0474313,0.0830956,0.591234
1345,0.245226,0.325931,0.597747
1346,0.0794781,0.167828,0.605553
1347,0.0736292,0.113124,0.607113
1348,0.0830177,0.0885892,0.607144
1349,0.0407235,0.0663742,0.607802
1350,0.124051,0.12863,0.607823
1351,0.277773,0.308957,0.608795
1352,0.280678,0.264937,0.609043
1353,0.298395,0.327095,0.609866
1354,0.229377,0.215485,0.610059
1355,0.292558,0.298992,0.610101
1356,0.215213,0.210179,0.610126
1357,0.0624756,0.110382,0.612421
1358,0.0828624,0.0846928,0.612424
1359,0.251906,0.272179,0.612835
1360,0.150806,0.170953,0.613241
1361,0.0984526,0.118822,0.613656
1362,0.100353,0.0888334,0.613789
1363,0.12558,0.106465,0.614154
1364,0.111209,0.0881072,0.614688
1365,0.216367,0.20283,0.614871
1366,0.278175,0.279593,0.614873
1367,0.32685,0.365562,0.616372
1368,0.304134,0.334453,0.617291
1369,0.178198,0.201612,0.617839
1370,0.212904,0.188202,0.61845
1371,0.0786503,0.0948354,0.618711
1372,0.159181,0.186821,0.619475
1373,0.229044,0.237365,0.619545
1374,0.20743,0.213801,0.619585
1375,0.25898,0.272517,0.619769
1376,0.30475,0.324366,0.620153
1377,0.261557,0.261092,0.620154
1378,0.131077,0.146223,0.620383
1379,0.21692,0.229127,0.620532
1380,0.32073,0.360097,0.622082
1381,0.346058,0.370357,0.622672
1382,0.279657,0.292974,0.622849
1383,0.179996,0.197742,0.623164
1384,0.231838,0.210437,0.623622
1385,0.122727,0.115831,0.62367
1386,0.222865,0.209304,0.623854
1387,0.186684,0.193636,0.623902
1388,0.251651,0.250388,0.623904
1389,0.269619,0.274253,0.623925
1390,0.353113,0.387071,0.625078
1391,0.226132,0.25015,0.625655
1392,0.211784,0.224104,0.625807
1393,0.346591,0.369326,0.626324
1394,0.366017,0.393519,0.62708
1395,0.21698,0.254628,0.628498
1396,0.14648,0.186913,0.630133
1397,0.242299,0.263029,0.630562
1398,0.220476,0.220281,0.630562
1399,0.132334,0.132632,0.630562
1400,0.169731,0.150396,0.630936
1401,0.23865,0.209266,0.6318
1402,0.321419,0.338748,0.6321
1403,0.183499,0.207834,0.632692
1404,0.320465,0.337961,0.632998
1405,0.16666,0.224024,0.636289
1406,0.283836,0.308458,0.636895
1407,0.247676,0.238142,0.636986
1408,0.145044,0.162077,0.637276
1409,0.131367,0.120153,0.637402
1410,0.175948,0.146114,0.638292
1411,0.287954,0.301326,0.638471
1412,0.247799,0.24792,0.638471
1413,0.115758,0.135703,0.638869
1414,0.158287,0.147898,0.638976
1415,0.16436,0.132245,0.640008
1416,0.13044,0.0878043,0.641826
1417,0.132729,0.0825177,0.644347
1418,0.268152,0.264954,0.644357
1419,0.154672,0.177156,0.644863
1420,0.126877,0.134552,0.644922
1421,0.0608627,0.0777826,0.645208
1422,0.00798852,0.0506019,0.647024
1423,0.0539251,0.0773301,0.647571
1424,0.202678,0.239183,0.648904
1425,0.287887,0.267928,0.649303
1426,0.27734,0.252249,0.649932
1427,0.117748,0.122974,0.649959
1428,0.171384,0.223866,0.652714
1429,0.173453,0.155831,0.653024
1430,0.0654313,0.0811361,0.653271
1431,0.0801804,0.0943581,0.653472
1432,0.119624,0.131854,0.653622
1433,0.203624,0.189922,0.653809
1434,0.113604,0.0988823,0.654026
1435,0.0512504,0.0773468,0.654707
1436,0.0850667,0.0679227,0.655001
1437,0.0808531,0.0926961,0.655141
1438,0.0537451,0.0625184,0.655218
1439,0.120922,0.143381,0.655723
1440,0.175477,0.140059,0.656977
1441,0.0843835,0.0784394,0.657012
1442,0.146316,0.129649,0.65729
1443,0.235751,0.246664,0.657409
1444,0.204905,0.205689,0.65741
1445,0.133268,0.13275,0.65741
1446,0.140096,0.14185,0.657413
1447,0.222165,0.217999,0.657431
1448,0.183653,0.145401,0.658894
1449,0.243988,0.229912,0.659092
1450,0.184058,0.159353,0.659702
1451,0.160747,0.165878,0.659729
1452,0.0699321,0.0806795,0.659844
1453,0.0770214,0.0886134,0.659978
1454,0.138378,0.116518,0.660456
1455,0.100133,0.0966768,0.660468
1456,0.107958,0.106876,0.660469
1457,0.164154,0.150976,0.660643
1458,0.18976,0.173437,0.66091
1459,0.159335,0.147539,0.661049
1460,0.261435,0.266053,0.66107
1461,0.189203,0.185122,0.661087
1462,0.231138,0.212167,0.661447
1463,0.147382,0.116957,0.662372
1464,0.135094,0.129771,0.662401
1465,0.209063,0.189523,0.662782
1466,0.120806,0.109794,0.662904
1467,0.072194,0.0713136,0.662905
1468,0.217885,0.244061,0.66359
1469,0.148441,0.145675,0.663597
1470,0.0760434,0.0800045,0.663613
1471,0.134919,0.143382,0.663685
1472,0.0512541,0.0728413,0.664151
1473,0.0501384,0.0648325,0.664367
1474,0.127554,0.147171,0.664751
1475,0.187318,0.19031,0.66476
1476,0.085158,0.108086,0.665286
1477,0.0811685,0.069982,0.665411
1478,0.114892,0.102483,0.665565
1479,0.160674,0.135462,0.666201
1480,0.0938065,0.097756,0.666216
1481,0.0210486,0.0557037,0.667417
1482,0.197835,0.234592,0.668768
1483,0.118251,0.133137,0.66899
1484,0.0158158,0.068052,0.671719
1485,0.0703687,0.103481,0.672815
1486,0.0529557,0.0541613,0.672817
1487,-0.0202761,0.0342594,0.675791
1488,0.0791386,0.104423,0.67643
1489,0.204425,0.207899,0.676442
1490,0.141805,0.123867,0.676764
1491,0.167249,0.209348,0.678536
1492,0.0863532,0.101749,0.678773
1493,0.0764469,0.0958308,0.679149
1494,0.0662474,0.0768038,0.67926
1495,0.0464306,0.0527694,0.679301
1496,0.202071,0.259063,0.682549
1497,0.0684581,0.116643,0.68487
1498,0.0200116,0.0602278,0.686488
1499,0.0338729,0.0551116,0.686939
1500,0.0414038,0.0568428,0.687177
1501,0.0404033,0.0446637,0.687195
1502,0.128181,0.147781,0.687579
1503,0.257134,0.249631,0.687636
1504,0.26634,0.300835,0.688826
1505,0.217832,0.228837,0.688947
1506,0.130955,0.127974,0.688956
1507,0.18362,0.168662,0.689179
1508,0.114241,0.099385,0.6894
1509,0.0709472,0.100568,0.690278
1510,0.187848,0.202352,0.690488
1511,0.107944,0.104559,0.690499
1512,0.0106227,0.0533311,0.692323
1513,0.0025774,0.0457712,0.694189
1514,0.105374,0.0725453,0.695267
1515,0.137774,0.168678,0.696222
1516,0.126843,0.121849,0.696247
1517,0.163515,0.130235,0.697354
1518,0.119305,0.0745412,0.699358
1519,0.183678,0.144488,0.700894
1520,0.194629,0.139189,0.703968
1521,0.203972,0.162262,0.705707
1522,0.0710811,0.0790007,0.70577
1523,0.114548,0.105978,0.705843
1524,0.0894385,0.0819364,0.7059
1525,0.0404255,0.0520315,0.706034
1526,0.101265,0.0487482,0.708792
1527,0.0944368,0.071426,0.709322
1528,0.267108,0.268091,0.709323
1529,0.148002,0.158651,0.709436
1530,0.117266,0.112148,0.709462
1531,0.0570146,0.0658151,0.70954
1532,0.0473693,0.044561,0.709548
1533,0.137424,0.104972,0.710601
1534,0.116956,0.110445,0.710643
1535,0.11615,0.13454,0.710982
1536,0.115291,0.0978928,0.711284
1537,0.164155,0.192538,0.71209
1538,0.139662,0.134025,0.712122
1539,0.122732,0.0847281,0.713566
1540,0.229608,0.195476,0.714731
1541,0.17726,0.156556,0.71516
1542,0.260172,0.282103,0.715641
1543,0.107585,0.124367,0.715922
1544,0.0943795,0.105645,0.716049
1545,0.0662727,0.0632631,0.716058
1546,0.148876,0.167415,0.716402
1547,0.140076,0.144459,0.716421
1548,0.140675,0.139329,0.716423
1549,0.22189,0.196803,0.717052
1550,0.112451,0.108664,0.717067
1551,0.352541,0.335427,0.717359
1552,0.328377,0.350012,0.717828
1553,0.259172,0.19658,0.721745
1554,0.203123,0.190536,0.721904
1555,0.188982,0.16863,0.722318
1556,0.180687,0.153813,0.72304
1557,0.0681574,0.0772211,0.723122
1558,0.0753778,0.0765092,0.723124
1559,0.0633755,0.0656645,0.723129
1560,0.17512,0.182383,0.723182
1561,0.129948,0.113788,0.723443
1562,0.126334,0.117254,0.723525
1563,0.126754,0.132266,0.723556
1564,0.131095,0.0921861,0.725069
1565,0.198752,0.142621,0.72822
1566,0.21802,0.192927,0.72885
1567,0.0988776,0.100592,0.728853
1568,0.173576,0.184023,0.728962
1569,0.156227,0.156035,0.728962
1570,0.106442,0.117496,0.729084
1571,0.160007,0.135689,0.729676
1572,0.126901,0.106794,0.73008
1573,0.0774638,0.0875538,0.730182
1574,0.145432,0.161686,0.730446
1575,0.165431,0.117618,0.732732
1576,0.150342,0.137572,0.732895
1577,0.20797,0.199735,0.732963
1578,0.349619,0.382969,0.734075
1579,0.179046,0.195372,0.734342
1580,0.242583,0.274442,0.735357
1581,0.166247,0.171456,0.735384
1582,0.186296,0.180534,0.735417
1583,0.171698,0.172318,0.735417
1584,0.133892,0.116277,0.735728
1585,0.251656,0.278901,0.73647
1586,0.125917,0.137807,0.736611
1587,0.145063,0.144143,0.736612
1588,0.12739,0.11455,0.736777
1589,0.338494,0.360881,0.737278
1590,0.235515,0.261794,0.737969
1591,0.177014,0.131903,0.740004
1592,0.179561,0.128042,0.742658
1593,0.103885,0.103272,0.742658
1594,0.299772,0.359561,0.746233
1595,0.211363,0.239099,0.747002
1596,0.228891,0.22419,0.747024
1597,0.184488,0.180544,0.74704
1598,0.144119,0.120794,0.747584
1599,0.200611,0.196245,0.747603
1600,0.0546824,0.0999095,0.749649
1601,0.276258,0.30962,0.750762
1602,0.128022,0.173675,0.752846
1603,0.245703,0.312734,0.757339
1604,0.289954,0.337518,0.759601
1605,0.137928,0.165997,0.760389
1606,0.162596,0.140341,0.760885
1607,0.0966014,0.0992147,0.760891
1608,0.339236,0.358214,0.761252
1609,0.225785,0.262661,0.762611
1610,0.335096,0.37938,0.764572
1611,0.175159,0.211613,0.765901
1612,0.169978,0.224203,0.768842
1613,0.179885,0.18414,0.76886
1614,0.0944403,0.110038,0.769103
1615,0.187165,0.156509,0.770043
1616,0.0597378,0.102725,0.771891
1617,0.184089,0.181721,0.771896
1618,0.215766,0.204895,0.772015
1619,0.29223,0.287386,0.772038
1620,0.229909,0.214666,0.77227
1621,0.227664,0.17976,0.774565
1622,0.376036,0.406273,0.775479
1623,0.224732,0.25789,0.776579
1624,0.379281,0.413362,0.77774
1625,0.118224,0.204736,0.785225
1626,0.112435,0.149636,0.786609
1627,0.0911414,0.119323,0.787403
1628,0.0613895,0.0836353,0.787898
1629,0.0737845,0.0856033,0.788038
1630,0.0656501,0.0689364,0.788048
1631,0.135758,0.135675,0.788048
1632,0.186177,0.178353,0.78811
1633,0.248903,0.276135,0.788851
1634,0.210882,0.20281,0.788916
1635,0.320295,0.32384,0.788929
1636,0.280242,0.27563,0.78895
1637,0.235005,0.240966,0.788986
1638,0.387615,0.415628,0.789771
1639,0.196838,0.200878,0.789787
1640,0.0718122,0.102262,0.790714
1641,0.0808267,0.108081,0.791457
1642,0.0904191,0.0718559,0.791801
1643,0.152691,0.149935,0.791809
1644,0.0626818,0.0803028,0.79212
1645,0.150933,0.153527,0.792126
1646,0.167139,0.160349,0.792172
1647,0.248081,0.216776,0.793152
1648,0.257985,0.244364,0.793338
1649,0.109719,0.123164,0.793519
1650,0.118709,0.0945645,0.794102
1651,0.144248,0.131914,0.794254
1652,0.245914,0.251548,0.794286
1653,0.375722,0.399905,0.79487
1654,0.118036,0.178702,0.798551
1655,0.176431,0.21514,0.800049
1656,0.22357,0.208304,0.800282
1657,0.185677,0.149109,0.801619
1658,0.124906,0.0865896,0.803087
1659,0.220678,0.231407,0.803203
1660,0.210822,0.180924,0.804096
1661,0.127431,0.137994,0.804208
1662,0.157369,0.180435,0.80474
1663,0.141285,0.0932322,0.807049
1664,0.052524,0.0544652,0.807053
1665,0.041295,0.0588248,0.80736
1666,0.178849,0.199456,0.807785
1667,0.131476,0.125556,0.80782
1668,0.0888474,0.071239,0.80813
1669,0.160537,0.164208,0.808144
1670,0.322887,0.36025,0.809539
1671,0.118385,0.179104,0.813226
1672,0.183678,0.181328,0.813232
1673,0.365037,0.398611,0.814359
1674,0.190401,0.190562,0.814359
1675,0.149721,0.150776,0.81436
1676,0.237152,0.263027,0.81503
1677,0.182924,0.163998,0.815388
1678,0.0236617,0.0838011,0.819005
1679,0.0474414,0.0718084,0.819598
1680,0.22102,0.241387,0.820013
1681,0.1462,0.140843,0.820042
1682,0.0667814,0.0735724,0.820088
1683,0.075644,0.0619737,0.820275
1684,0.17712,0.174955,0.820279
1685,0.195677,0.169064,0.820988
1686,0.196381,0.187592,0.821065
1687,0.306096,0.28989,0.821328
1688,0.159287,0.143457,0.821578
1689,0.178193,0.163946,0.821781
1690,0.322703,0.351188,0.822593
1691,0.199659,0.194794,0.822616
1692,0.122919,0.125973,0.822626
1693,0.0728108,0.0909255,0.822954
1694,0.208167,0.234828,0.823665
1695,0.285058,0.304524,0.824043
1696,0.15519,0.145365,0.82414
1697,0.13978,0.102545,0.825526
1698,0.112342,0.105522,0.825573
1699,0.137107,0.123203,0.825766
1700,0.130944,0.111356,0.82615
1701,0.145092,0.130601,0.82636
1702,0.245144,0.244808,0.82636
1703,0.119459,0.126674,0.826412
1704,0.127953,0.0937585,0.827581
1705,0.134796,0.0964259,0.829054
1706,0.0567817,0.0649726,0.829121
1707,0.0201629,0.043958,0.829687
1708,0.107872,0.108939,0.829688
1709,0.129406,0.112373,0.829978
1710,0.125821,0.0950032,0.830928
1711,0.314745,0.329077,0.831133
1712,0.214783,0.208641,0.831171
1713,0.180621,0.166312,0.831376
1714,0.0219975,0.0776393,0.834472
1715,0.138659,0.155938,0.83477
1716,0.127897,0.0911261,0.836122
1717,0.0692061,0.0605438,0.836197
1718,0.0852593,0.0656964,0.83658
1719,0.122343,0.0793502,0.838429
1720,0.0258904,0.0646508,0.839931
1721,0.0597551,0.0491407,0.840044
1722,0.0880379,0.0845914,0.840055
1723,0.0702232,0.0906786,0.840474
1724,0.0271739,0.0502142,0.841005
1725,0.22029,0.277826,0.844315
1726,0.135409,0.132881,0.844322
1727,0.227826,0.228149,0.844322
1728,0.120041,0.100032,0.844722
1729,0.251012,0.292264,0.846424
1730,0.139214,0.136813,0.84643
1731,0.125752,0.133469,0.846489
1732,0.310703,0.323341,0.846649
1733,0.19939,0.2121,0.84681
1734,0.172003,0.138018,0.847965
1735,0.0860377,0.0802171,0.847999
1736,0.203895,0.187522,0.848267
1737,0.23233,0.227108,0.848295
1738,0.0898055,0.114057,0.848883
1739,0.25531,0.310899,0.851973
1740,0.174394,0.16901,0.852002
1741,0.113696,0.124986,0.852129
1742,0.225292,0.217802,0.852185
1743,0.231233,0.245708,0.852395
1744,0.115341,0.123045,0.852454
1745,0.141164,0.141292,0.852454
1746,0.152684,0.112967,0.854032
1747,0.148697,0.139637,0.854114
1748,0.0748552,0.0798532,0.854139
1749,0.0680396,0.0626415,0.854168
1750,0.164893,0.130371,0.85536
1751,0.1632,0.128715,0.856549
1752,0.0564629,0.0649411,0.856621
1753,0.0756611,0.0577722,0.856941
1754,0.267196,0.289107,0.857421
1755,0.147156,0.161241,0.857619
1756,0.284463,0.299669,0.85785
1757,0.192504,0.211373,0.858206
1758,0.134722,0.103385,0.859188
1759,0.159299,0.14483,0.859398
1760,0.134792,0.106,0.860227
1761,0.165042,0.143672,0.860684
1762,0.141609,0.126242,0.86092
1763,0.16701,0.148193,0.861274
1764,0.105808,0.0971695,0.861348
1765,0.144492,0.132276,0.861498
1766,0.0668968,0.0653507,0.8615
1767,0.0402809,0.0532634,0.861669
1768,0.188123,0.2081,0.862068
1769,0.132141,0.150511,0.862405
1770,0.275735,0.303993,0.863204
1771,0.252502,0.26493,0.863358
1772,0.211034,0.168303,0.865184
1773,0.258328,0.227687,0.866123
1774,0.277599,0.269719,0.866185
1775,0.128489,0.126988,0.866187
1776,0.21458,0.234164,0.866571
1777,0.150681,0.153003,0.866576
1778,0.126654,0.124301,0.866582
1779,0.284208,0.292002,0.866642
1780,0.121733,0.15282,0.867609
1781,0.245505,0.254533,0.86769
1782,0.16711,0.168882,0.867694
1783,0.121554,0.126505,0.867718
1784,0.137584,0.0820637,0.870801
1785,0.33527,0.350396,0.871029
1786,0.175297,0.196456,0.871477
1787,0.277679,0.284994,0.87153
1788,0.13526,0.142257,0.871579
1789,0.062654,0.0765404,0.871772
1790,0.0743428,0.0766877,0.871778
1791,0.0427107,0.0618055,0.872142
1792,0.0904871,0.0470012,0.874033
1793,0.204334,0.219437,0.874261
1794,0.108233,0.1345,0.874951
1795,0.247532,0.282916,0.876204
1796,0.188042,0.195211,0.876255
1797,0.0525304,0.0922915,0.877836
1798,0.10855,0.0618027,0.880021
1799,0.224175,0.249914,0.880684
1800,0.230272,0.227728,0.88069
1801,0.186327,0.228532,0.882471
1802,0.0882459,0.108128,0.882867
1803,0.0948092,0.0945172,0.882867
1804,0.080941,0.0707503,0.882971
1805,0.100778,0.071013,0.883857
1806,0.0315904,0.0399754,0.883927
1807,0.030846,0.032845,0.883931
1808,0.160045,0.117043,0.88578
1809,0.136861,0.076862,0.88938
1810,0.226292,0.200451,0.890048
1811,0.151714,0.0889,0.893993
1812,0.260991,0.261234,0.893994
1813,0.269555,0.285164,0.894237
1814,0.218604,0.223219,0.894258
1815,0.111624,0.100576,0.894381
1816,0.120106,0.123802,0.894394
1817,0.154504,0.128218,0.895085
1818,0.197157,0.19505,0.89509
1819,0.29342,0.282194,0.895216
1820,0.137296,0.133065,0.895234
1821,0.0539556,0.0681446,0.895435
1822,0.257566,0.311569,0.898351
1823,0.174101,0.162384,0.898488
1824,0.219405,0.206388,0.898658
1825,0.351881,0.344006,0.89872
1826,0.42851,0.448073,0.899103
1827,0.223008,0.228337,0.899131
1828,0.148277,0.159752,0.899263
1829,0.0614948,0.0826556,0.89971
1830,0.0964354,0.129727,0.900819
1831,0.120236,0.151207,0.901778
1832,0.257482,0.258523,0.901779
1833,0.249158,0.240461,0.901855
1834,0.229528,0.208133,0.902312
1835,0.161948,0.160224,0.902315
1836,0.114071,0.0920819,0.902799
1837,0.193675,0.134303,0.906324
1838,0.322521,0.319698,0.906332
1839,0.337458,0.372102,0.907532
1840,0.402133,0.406436,0.907551
1841,0.149702,0.205204,0.910631
1842,0.091819,0.119786,0.911413
1843,0.0328766,0.06707,0.912582
1844,0.0942904,0.114993,0.913011
1845,0.0463843,0.063701,0.913311
1846,0.0479819,0.0627589,0.913529
1847,0.0768483,0.0727556,0.913546
1848,0.116232,0.117106,0.913547
1849,0.0526478,0.0640098,0.913676
1850,0.0726462,0.0447985,0.914451
1851,0.0557351,0.0614972,0.914485
1852,0.130873,0.0929901,0.91592
1853,0.21909,0.204182,0.916142
1854,0.229809,0.225821,0.916158
1855,0.19093,0.187902,0.916167
1856,0.0983942,0.108976,0.916279
1857,0.0681513,0.073141,0.916304
1858,0.167697,0.165281,0.91631
1859,0.0490107,0.0736693,0.916918
1860,-0.0236898,0.0483671,0.92211
1861,0.0599372,0.079935,0.92251
1862,0.0896517,0.0985465,0.922589
1863,0.0119769,0.0501987,0.92405
1864,0.121319,0.143462,0.92454
1865,0.181244,0.162022,0.92491
1866,0.123811,0.116984,0.924956
1867,0.178958,0.199598,0.925382
1868,0.253694,0.282601,0.926218
1869,0.226951,0.24512,0.926548
1870,0.177286,0.177009,0.926548
1871,0.162698,0.150287,0.926702
1872,0.212673,0.206094,0.926745
1873,0.0757402,0.0979357,0.927238
1874,0.087789,0.0959097,0.927304
1875,0.168885,0.160438,0.927375
1876,0.122844,0.122345,0.927376
1877,0.0889811,0.0868284,0.92738
1878,0.0422803,0.0622931,0.927781
1879,0.0786891,0.0748126,0.927796
1880,0.273318,0.283474,0.927899
1881,0.165382,0.161097,0.927917
1882,0.248384,0.2063,0.929688
1883,0.159001,0.137519,0.93015
1884,0.0827618,0.0843822,0.930152
1885,0.124726,0.116526,0.93022
1886,0.133035,0.119392,0.930406
1887,0.118659,0.0880731,0.931341
1888,0.178212,0.2029,0.931951
1889,0.213082,0.192178,0.932388
1890,0.163164,0.153836,0.932475
1891,0.133866,0.117645,0.932738
1892,0.127663,0.0934125,0.933911
1893,0.100323,0.0747845,0.934563
1894,0.230276,0.23188,0.934566
1895,0.115468,0.12764,0.934714
1896,0.169152,0.183216,0.934912
1897,0.135426,0.127534,0.934974
1898,0.100911,0.0976921,0.934984
1899,0.142771,0.103687,0.936512
1900,0.204975,0.169489,0.937771
1901,0.246194,0.233207,0.93794
1902,0.349483,0.380297,0.938889
1903,0.254234,0.260191,0.938925
1904,0.327915,0.33564,0.938985
1905,0.257242,0.261446,0.939002
1906,0.397742,0.414798,0.939293
1907,0.209247,0.232234,0.939822
1908,0.167562,0.178406,0.939939
1909,0.15802,0.149716,0.940008
1910,0.348575,0.366438,0.940327
1911,0.316741,0.337196,0.940746
1912,0.32897,0.303612,0.941389
1913,0.180766,0.173683,0.941439
1914,0.374012,0.405519,0.942431
1915,0.14786,0.213658,0.946761
1916,0.158113,0.151934,0.946799
1917,0.274317,0.221114,0.94963
1918,0.19265,0.21627,0.950187
1919,0.192332,0.209632,0.950487
1920,0.380397,0.443839,0.954512
1921,0.153519,0.237143,0.961505
1922,0.052887,0.129976,0.967447
1923,0.11536,0.122969,0.967505
1924,0.135617,0.164201,0.968322
1925,0.157135,0.146602,0.968433
1926,0.0992488,0.0876317,0.968568
1927,0.0390621,0.0588833,0.968961
1928,0.0967557,0.109235,0.969117
1929,0.129761,0.0588077,0.974151
1930,0.0925648,0.0596335,0.975236
1931,0.135398,0.0676886,0.97982
1932,0.141243,0.0987189,0.981629
1933,0.194452,0.165224,0.982483
1934,0.301682,0.281236,0.982901
1935,0.14528,0.14975,0.982921
1936,0.0732154,0.0777934,0.982942
1937,0.14314,0.135986,0.982993
1938,0.0706467,0.0719169,0.982995
1939,0.00732561,0.0446683,0.984389
1940,-0.00753105,0.0299783,0.985796
1941,-0.0311814,0.0296906,0.989501
1942,0.00779801,0.0509207,0.991361
1943,0.179257,0.223152,0.993288
1944,0.100862,0.095092,0.993321
1945,0.119017,0.0732454,0.995416
1946,0.0677089,0.0510858,0.995692
1947,0.217173,0.25244,0.996936
1948,0.100416,0.121186,0.997368
1949,0.126684,0.117834,0.997446
1950,0.195741,0.234288,0.998932
1951,0.168575,0.119724,1.00132
1952,0.0496525,0.0772321,1.00208
1953,0.0775254,0.070036,1.00213
1954,0.108178,0.0819453,1.00282
1955,0.0965124,0.0984436,1.00283
1956,0.176761,0.193647,1.00311
1957,0.148852,0.0971842,1.00578
1958,0.108851,0.0500727,1.00924
1959,0.266821,0.254705,1.00938
1960,0.124675,0.129887,1.00941
1961,0.162009,0.163603,1.00941
1962,0.0687605,0.0788309,1.00951
1963,0.0949378,0.0976276,1.00952
1964,0.155396,0.127975,1.01027
1965,0.0916752,0.0782044,1.01045
1966,0.281726,0.280886,1.01046
1967,0.300447,0.326449,1.01113
1968,0.391085,0.368715,1.01163
1969,0.323452,0.344323,1.01207
1970,0.310866,0.316254,1.0121
1971,0.127501,0.154195,1.01281
1972,0.153798,0.115244,1.0143
1973,0.192612,0.186818,1.01433
1974,0.239025,0.219905,1.01469
1975,0.165235,0.149142,1.01495
1976,0.147266,0.11938,1.01573
1977,0.136998,0.120017,1.01602
1978,0.0857389,0.0880605,1.01603
1979,0.107305,0.0981084,1.01611
1980,0.0796988,0.076015,1.01612
1981,0.230819,0.218235,1.01628
1982,0.215023,0.194015,1.01672
1983,0.273094,0.264803,1.01679
1984,0.198258,0.200041,1.0168
1985,0.163917,0.16088,1.0168
1986,0.111962,0.0982643,1.01699
1987,0.167516,0.162165,1.01702
1988,0.238867,0.233041,1.01705
1989,0.10326,0.115943,1.01722
1990,0.271329,0.328667,1.0205
1991,0.263217,0.25338,1.0206
1992,0.153905,0.152876,1.0206
1993,0.049989,0.0826489,1.02167
1994,-0.0102558,0.0473315,1.02498
1995,0.133218,0.15852,1.02562
1996,0.0806446,0.110682,1.02653
1997,0.19408,0.207559,1.02671
1998,0.209626,0.202614,1.02676
1999,0.282101,0.2973,1.02699
2000,0.136662,0.140296,1.027
2001,0.0883131,0.083441,1.02702
2002,0.286377,0.310783,1.02762
2003,0.133521,0.165572,1.02865
2004,0.313367,0.341237,1.02942
2005,0.308781,0.32666,1.02974
2006,0.127916,0.157665,1.03063
2007,0.0647212,0.0838472,1.031
2008,0.110038,0.0700748,1.03259
2009,0.201497,0.156497,1.03462
2010,0.0865199,0.0901656,1.03463
2011,0.102646,0.0717615,1.03558
2012,0.132778,0.112478,1.036
2013,0.142032,0.112656,1.03686
2014,0.0953343,0.0616348,1.03799
2015,0.095,0.0471877,1.04028
2016,0.265065,0.255833,1.04037
2017,0.237093,0.227949,1.04045
2018,0.18314,0.171735,1.04058
2019,0.176729,0.171956,1.0406
2020,0.0427803,0.0801595,1.042
2021,0.0882861,0.102884,1.04221
2022,0.150128,0.0925589,1.04553
2023,0.226561,0.198705,1.0463
2024,0.0893304,0.0990769,1.0464
2025,-0.00244852,0.0528178,1.04945
2026,0.0302304,0.0585416,1.05025
2027,0.101603,0.0919899,1.05035
2028,0.167073,0.166188,1.05035
2029,0.192983,0.163924,1.05119
2030,0.254707,0.28491,1.0521
2031,0.233821,0.225101,1.05218
2032,0.1284,0.139194,1.0523
2033,0.0659104,0.0677879,1.0523
2034,0.0944658,0.0559601,1.05378
2035,0.201205,0.182973,1.05412
2036,0.129887,0.115736,1.05432
2037,0.231073,0.262943,1.05533
2038,0.183984,0.183461,1.05533
2039,0.149795,0.124965,1.05595
2040,0.124818,0.092349,1.057
2041,0.233315,0.227758,1.05703
2042,0.199078,0.211652,1.05719
2043,0.157274,0.166588,1.05728
2044,0.140431,0.105709,1.05848
2045,0.260303,0.284223,1.05906
2046,0.145227,0.134734,1.05917
2047,0.0476692,0.0670876,1.05954
2048,0.285288,0.319786,1.06073
2049,0.263876,0.308462,1.06272
2050,0.32328,0.347389,1.0633
2051,0.383628,0.367449,1.06356
2052,0.394577,0.406209,1.0637
2053,0.351952,0.353526,1.0637
2054,0.304047,0.29524,1.06378
2055,0.236975,0.217056,1.06418
2056,0.161196,0.14945,1.06431
2057,0.200716,0.20373,1.06432
2058,0.0843116,0.112567,1.06512
2059,0.244526,0.295111,1.06768
2060,0.180061,0.1631,1.06797
2061,0.120589,0.145771,1.0686
2062,0.215189,0.199744,1.06884
2063,0.26385,0.242163,1.06931
2064,0.135831,0.13352,1.06932
2065,0.152786,0.123085,1.0702
2066,0.368228,0.386109,1.07052
2067,0.310777,0.346686,1.07181
2068,0.363536,0.36177,1.07181
2069,0.182576,0.197374,1.07203
2070,0.0359532,0.102575,1.07647
2071,0.104764,0.155106,1.079
2072,0.106478,0.109291,1.07901
2073,0.161308,0.102257,1.0825
2074,0.159062,0.104915,1.08543
2075,0.121557,0.0843628,1.08681
2076,0.141816,0.11588,1.08748
2077,0.0902982,0.0863927,1.0875
2078,0.0593494,0.0515347,1.08756
2079,0.00634084,0.0396591,1.08867
2080,0.181106,0.161593,1.08905
2081,0.264348,0.281904,1.08936
2082,0.309153,0.323747,1.08957
2083,0.186345,0.183311,1.08958
2084,0.0733559,0.0882999,1.08981
2085,0.162367,0.186843,1.09041
2086,0.21702,0.182528,1.09159
2087,0.153368,0.136588,1.09188
2088,0.0688975,0.0694348,1.09188
2089,0.059229,0.0854022,1.09256
2090,0.139507,0.151227,1.0927
2091,0.142685,0.137499,1.09273
2092,0.27321,0.260916,1.09288
2093,0.0637545,0.120498,1.0961
2094,0.129265,0.138044,1.09617
2095,0.12853,0.14739,1.09653
2096,0.280914,0.330699,1.09901
2097,0.219052,0.241647,1.09952
2098,0.226925,0.231468,1.09954
2099,0.353881,0.36072,1.09959
2100,0.205152,0.214992,1.09968
2101,0.352813,0.380313,1.10044
2102,0.152716,0.191239,1.10192
2103,0.137592,0.125546,1.10207
2104,0.147638,0.133984,1.10225
2105,0.29679,0.318205,1.10271
2106,0.226672,0.208575,1.10304
2107,0.193222,0.128136,1.10728
2108,0.238765,0.203216,1.10854
2109,0.233606,0.214898,1.10889
2110,0.140649,0.137601,1.1089
2111,0.209074,0.195443,1.10909
2112,0.154976,0.124136,1.11004
2113,0.233306,0.201823,1.11103
2114,0.213438,0.186167,1.11177
2115,0.3327,0.338431,1.1118
2116,0.311191,0.333925,1.11232
2117,0.152376,0.171265,1.11268
2118,0.0725221,0.108788,1.11399
2119,0.220606,0.262678,1.11576
2120,0.141459,0.166658,1.1164
2121,0.208111,0.18021,1.11718
2122,0.147538,0.100912,1.11935
2123,0.149107,0.087809,1.12311
2124,0.0706171,0.0544159,1.12337
2125,0.276932,0.321745,1.12538
2126,0.179005,0.17477,1.1254
2127,0.0988359,0.111509,1.12556
2128,0.305181,0.280586,1.12616
2129,0.137225,0.139932,1.12617
2130,0.294535,0.305995,1.1263
2131,0.173053,0.196585,1.12685
2132,0.148946,0.151017,1.12686
2133,0.26673,0.31143,1.12886
2134,0.288165,0.283392,1.12888
2135,0.219878,0.220453,1.12888
2136,0.142633,0.118161,1.12948
2137,0.132024,0.101401,1.13042
2138,0.114181,0.0896659,1.13102
2139,0.186482,0.128882,1.13434
2140,0.129872,0.114628,1.13457
2141,0.0729231,0.0705077,1.13457
2142,0.178559,0.171208,1.13463
2143,0.136651,0.0917109,1.13665
2144,0.247568,0.230557,1.13694
2145,0.254446,0.222381,1.13797
2146,0.165036,0.150416,1.13818
2147,0.214202,0.192416,1.13865
2148,0.112126,0.11601,1.13867
2149,0.25665,0.255137,1.13867
2150,0.236089,0.224878,1.1388
2151,0.298125,0.261644,1.14013
2152,0.186555,0.17131,1.14036
2153,0.154892,0.13474,1.14077
2154,0.0923416,0.0868175,1.1408
2155,0.07791,0.0864666,1.14087
2156,0.0676243,0.0639193,1.14088
2157,0.319761,0.333511,1.14107
2158,0.335805,0.36298,1.14181
2159,0.255768,0.234147,1.14228
2160,0.169454,0.163056,1.14232
2161,0.206383,0.201102,1.14235
2162,0.120744,0.122316,1.14235
2163,0.122594,0.113294,1.14244
2164,0.205214,0.222085,1.14272
2165,0.203278,0.191863,1.14285
2166,0.147298,0.146169,1.14285
2167,0.254955,0.269616,1.14307
2168,0.145676,0.153411,1.14313
2169,0.182431,0.204754,1.14363
2170,0.149116,0.124816,1.14422
2171,0.213652,0.227323,1.1444
2172,0.338918,0.363887,1.14503
2173,0.248216,0.254203,1.14506
2174,0.256159,0.233087,1.14559
2175,0.358371,0.368891,1.14571
2176,0.292959,0.293302,1.14571
2177,0.172264,0.191527,1.14608
2178,0.326999,0.325596,1.14608
2179,0.221116,0.235891,1.1463
2180,0.183156,0.188908,1.14633
2181,0.376334,0.392576,1.14659
2182,0.177056,0.222107,1.14862
2183,0.146286,0.149372,1.14863
2184,0.227677,0.214055,1.14882
2185,0.179468,0.20017,1.14925
2186,0.213494,0.208443,1.14927
2187,0.373791,0.376772,1.14928
2188,0.255877,0.276184,1.14969
2189,0.399576,0.431765,1.15073
2190,0.218557,0.255947,1.15213
2191,0.223308,0.27634,1.15494
2192,0.193702,0.213862,1.15535
2193,0.207284,0.208798,1.15535
2194,0.130018,0.136358,1.15539
2195,0.290212,0.344798,1.15837
2196,0.168553,0.212053,1.16026
2197,0.0927583,0.126407,1.16139
2198,0.149874,0.171738,1.16187
2199,0.11682,0.15197,1.16311
2200,0.142185,0.14775,1.16314
2201,0.25551,0.282416,1.16386
2202,0.323284,0.346294,1.16439
2203,0.433193,0.479872,1.16657
2204,0.19418,0.26297,1.1713
2205,0.128045,0.156801,1.17213
2206,0.120645,0.133175,1.17229
2207,0.0856614,0.0878777,1.17229
2208,0.108631,0.102621,1.17233
2209,0.130294,0.0699832,1.17596
2210,0.203832,0.160082,1.17788
2211,0.178386,0.160161,1.17821
2212,0.160291,0.151478,1.17829
2213,0.21379,0.181165,1.17935
2214,0.202208,0.226545,1.17994
2215,0.219377,0.232864,1.18013
2216,0.348357,0.378165,1.18102
2217,0.21481,0.186056,1.18184
2218,0.217422,0.218276,1.18184
2219,0.116513,0.10581,1.18196
2220,0.156959,0.199618,1.18378
2221,0.119137,0.105345,1.18397
2222,0.196114,0.209517,1.18415
2223,0.12045,0.109099,1.18428
2224,0.27427,0.297773,1.18483
2225,0.342955,0.358322,1.18506
2226,0.136896,0.182843,1.18718
2227,0.159122,0.132496,1.18788
2228,0.125364,0.153204,1.18866
2229,0.119132,0.125661,1.1887
2230,0.187354,0.198722,1.18883
2231,0.127406,0.102859,1.18943
2232,0.256993,0.246143,1.18955
2233,0.165581,0.126391,1.19109
2234,0.247748,0.256634,1.19117
2235,0.167807,0.170668,1.19117
2236,0.169879,0.165405,1.19119
2237,0.13555,0.13442,1.1912
2238,0.249497,0.275771,1.19189
2239,0.239102,0.218213,1.19232
2240,0.124533,0.122682,1.19233
2241,0.107751,0.086771,1.19277
2242,0.0474371,0.0596233,1.19291
2243,0.0744441,0.0758576,1.19292
2244,0.0680668,0.081773,1.1931
2245,0.146999,0.139872,1.19316
2246,0.270941,0.28002,1.19324
2247,0.322133,0.344106,1.19372
2248,0.209573,0.206867,1.19373
2249,0.214202,0.211098,1.19374
2250,0.15155,0.144987,1.19378
2251,0.130788,0.131799,1.19378
2252,0.230164,0.247334,1.19408
2253,0.194892,0.200888,1.19411
2254,0.102863,0.0975214,1.19414
2255,0.122943,0.0991689,1.19471
2256,0.108638,0.066869,1.19645
2257,0.0956459,0.0765736,1.19681
2258,0.0602738,0.0712495,1.19694
2259,0.136738,0.142968,1.19697
2260,0.153934,0.125838,1.19776
2261,0.371648,0.351845,1.19816
2262,0.156188,0.178223,1.19864
2263,0.310205,0.36662,1.20182
2264,0.14916,0.194737,1.2039
2265,0.276059,0.310091,1.20506
2266,0.335343,0.371789,1.20639
2267,0.320443,0.292053,1.20719
2268,0.127288,0.141268,1.20739
2269,0.0762513,0.0942737,1.20771
2270,0.156642,0.180091,1.20826
2271,0.120869,0.12039,1.20826
2272,0.150271,0.154363,1.20828
2273,0.223083,0.22149,1.20828
2274,0.18423,0.163773,1.2087
2275,0.172707,0.14265,1.2096
2276,0.110218,0.113667,1.20962
2277,0.242329,0.228156,1.20982
2278,0.0864542,0.132801,1.21197
2279,0.325209,0.395913,1.21696
2280,0.424637,0.482714,1.22034
2281,0.256406,0.309679,1.22318
2282,0.257352,0.265179,1.22324
2283,0.170337,0.184491,1.22344
2284,0.177794,0.147984,1.22433
2285,0.0932194,0.0869382,1.22437
2286,0.115353,0.101597,1.22455
2287,0.0890048,0.0951733,1.22459
2288,0.141142,0.116819,1.22518
2289,0.0924669,0.0753167,1.22548
2290,0.147242,0.142472,1.2255
2291,0.234074,0.246902,1.22567
2292,0.199407,0.190802,1.22574
2293,0.225907,0.214237,1.22588
2294,0.399873,0.395136,1.2259
2295,0.255695,0.28122,1.22655
2296,0.174425,0.162239,1.2267
2297,0.143984,0.158973,1.22692
2298,0.153519,0.125618,1.2277
2299,0.0463747,0.0648421,1.22804
2300,0.0642823,0.0976525,1.22916
2301,0.151368,0.119269,1.23019
2302,0.113688,0.0998746,1.23038
2303,0.117025,0.101039,1.23063
2304,0.172311,0.180909,1.23071
2305,0.21658,0.183671,1.23179
2306,0.367401,0.384596,1.23209
2307,0.253419,0.274918,1.23255
2308,0.310766,0.305386,1.23258
2309,0.267907,0.299344,1.23356
2310,0.161031,0.159254,1.23357
2311,0.118497,0.129647,1.23369
2312,0.105527,0.0859066,1.23408
2313,0.130697,0.0636001,1.23858
2314,0.15712,0.0958156,1.24234
2315,0.244364,0.159553,1.24953
2316,0.217638,0.158707,1.253
2317,0.261131,0.267965,1.25305
2318,0.198459,0.219926,1.25351
2319,0.150252,0.153933,1.25352
2320,0.176997,0.13775,1.25506
2321,0.196407,0.181054,1.2553
2322,0.247225,0.226949,1.25571
2323,0.229993,0.186564,1.2576
2324,0.187262,0.152324,1.25882
2325,0.161672,0.136028,1.25948
2326,0.10791,0.0812123,1.26019
2327,0.216098,0.200216,1.26044
2328,0.124577,0.119991,1.26046
2329,0.0516654,0.0693017,1.26077
2330,0.096834,0.0936348,1.26078
2331,0.101013,0.0700963,1.26174
2332,0.10966,0.0959358,1.26193
2333,0.117716,0.106788,1.26205
2334,0.12935,0.100627,1.26287
2335,0.149213,0.150273,1.26287
2336,0.272075,0.288938,1.26316
2337,0.0917317,0.137458,1.26525
2338,0.152681,0.163832,1.26537
2339,0.0732302,0.0879662,1.26559
2340,0.0515399,0.0532428,1.26559
2341,0.105527,0.114055,1.26567
2342,0.132157,0.12304,1.26575
2343,0.0622104,0.0750076,1.26591
2344,0.0858222,0.0943689,1.26599
2345,0.00725125,0.0499294,1.26781
2346,0.0594331,0.0844519,1.26843
2347,0.0225599,0.0481465,1.26909
2348,0.143611,0.165452,1.26956
2349,0.200312,0.18279,1.26987
2350,0.260534,0.245127,1.27011
2351,0.127339,0.129774,1.27011
2352,0.102683,0.0803182,1.27061
2353,0.0953853,0.0656003,1.2715
2354,0.0860751,0.0464,1.27308
2355,0.20156,0.20103,1.27308
2356,0.149242,0.157177,1.27314
2357,0.216294,0.214558,1.27314
2358,0.189401,0.18264,1.27319
2359,0.157842,0.117336,1.27483
2360,0.130714,0.0975076,1.27593
2361,0.021497,0.0516494,1.27684
2362,0.140719,0.160911,1.27725
2363,0.167298,0.165705,1.27725
2364,0.139108,0.159984,1.27769
2365,0.175915,0.186927,1.27781
2366,0.131022,0.1094,1.27828
2367,0.127908,0.103104,1.27889
2368,0.20901,0.176055,1.27998
2369,0.380858,0.407597,1.28069
2370,0.231849,0.261049,1.28154
2371,0.159514,0.165372,1.28158
2372,0.186664,0.213187,1.28228
2373,0.325345,0.342567,1.28258
2374,0.156036,0.186562,1.28351
2375,0.116783,0.122897,1.28355
2376,0.140943,0.122491,1.28389
2377,0.234773,0.230933,1.2839
2378,0.151246,0.157192,1.28394
2379,0.228895,0.26716,1.2854
2380,0.184919,0.141225,1.28731
2381,0.169282,0.118334,1.28991
2382,0.177433,0.155411,1.29039
2383,0.269666,0.269848,1.29039
2384,0.160917,0.165357,1.29041
2385,0.039738,0.0852309,1.29248
2386,0.126265,0.139115,1.29265
2387,0.319953,0.354369,1.29383
2388,0.271636,0.277068,1.29386
2389,0.289012,0.279858,1.29394
2390,0.219078,0.199539,1.29433
2391,0.163329,0.13458,1.29515
2392,0.175399,0.140342,1.29638
2393,0.302135,0.301462,1.29638
2394,0.173991,0.158108,1.29663
2395,0.216091,0.202983,1.29681
2396,0.215362,0.22604,1.29692
2397,0.268943,0.277083,1.29699
2398,0.196344,0.164518,1.298
2399,0.119682,0.0908123,1.29883
2400,0.187959,0.168978,1.29919
2401,0.0983749,0.0907482,1.29925
2402,0.25689,0.221629,1.3005
2403,0.341307,0.356803,1.30074
2404,0.249087,0.224802,1.30132
2405,0.213801,0.146597,1.30584
2406,0.266965,0.253293,1.30603
2407,0.173134,0.161962,1.30615
2408,0.278287,0.23478,1.30805
2409,0.141904,0.156649,1.30826
2410,0.255632,0.2593,1.30828
2411,0.202869,0.175249,1.30904
2412,0.166266,0.135931,1.30996
2413,0.334737,0.335976,1.30996
2414,0.281368,0.27654,1.30998
2415,0.0900826,0.137355,1.31222
2416,0.17357,0.218739,1.31426
2417,0.260383,0.289687,1.31512
2418,0.162694,0.18033,1.31543
2419,0.273653,0.285012,1.31556
2420,0.202458,0.191311,1.31568
2421,0.128318,0.123212,1.31571
2422,0.124238,0.100011,1.3163
2423,0.135455,0.139341,1.31631
2424,0.229785,0.186826,1.31816
2425,0.190257,0.141117,1.32057
2426,0.20348,0.172933,1.3215
2427,0.215035,0.142787,1.32672
2428,0.184331,0.14939,1.32794
2429,0.13804,0.122426,1.32819
2430,0.198026,0.183328,1.3284
2431,0.179554,0.182703,1.32841
2432,0.196446,0.183108,1.32859
2433,0.246123,0.225281,1.32903
2434,0.154766,0.137519,1.32932
2435,0.219693,0.211489,1.32939
2436,0.133081,0.132587,1.32939
2437,0.218206,0.194591,1.32995
2438,0.188861,0.15924,1.33083
2439,0.156672,0.124542,1.33186
2440,0.364172,0.391364,1.3326
2441,0.14058,0.186595,1.33472
2442,0.167179,0.194712,1.33547
2443,0.157364,0.166692,1.33556
2444,0.202974,0.200016,1.33557
2445,0.178034,0.181748,1.33558
2446,0.129742,0.127976,1.33559
2447,0.130989,0.112636,1.33592
2448,0.13774,0.131631,1.33596
2449,0.285891,0.323753,1.33739
2450,0.254546,0.257832,1.33741
2451,0.147581,0.161649,1.3376
2452,0.185753,0.199588,1.33779
2453,0.173173,0.146152,1.33852
2454,0.210621,0.165312,1.34058
2455,0.129426,0.112058,1.34088
2456,0.114141,0.0875514,1.34159
2457,0.165613,0.148528,1.34188
2458,0.222889,0.196418,1.34258
2459,0.200962,0.198409,1.34259
2460,0.088117,0.0959007,1.34265
2461,0.0945,0.0929034,1.34265
2462,0.184222,0.181838,1.34265
2463,0.285604,0.277195,1.34272
2464,0.235737,0.217119,1.34307
2465,0.195332,0.181355,1.34327
2466,0.227862,0.228396,1.34327
2467,0.176579,0.136501,1.34487
2468,0.197555,0.15775,1.34646
2469,0.20873,0.173048,1.34773
2470,0.129663,0.115286,1.34794
2471,0.240693,0.244693,1.34795
2472,0.11448,0.136593,1.34844
2473,0.186421,0.193638,1.34849
2474,0.101209,0.0952142,1.34853
2475,0.0747266,0.0799267,1.34856
2476,0.200043,0.206303,1.3486
2477,0.22868,0.227417,1.3486
2478,0.194478,0.190709,1.34861
2479,0.27004,0.28246,1.34877
2480,0.237795,0.242541,1.34879
2481,0.116173,0.128764,1.34895
2482,0.30108,0.334238,1.35005
2483,0.150109,0.175356,1.35068
2484,0.141335,0.13347,1.35075
2485,0.11674,0.120183,1.35076
2486,0.118801,0.0992778,1.35114
2487,0.151902,0.11949,1.35219
2488,0.198175,0.175414,1.35271
2489,0.167998,0.13149,1.35404
2490,0.145035,0.124667,1.35446
2491,0.161853,0.14539,1.35473
2492,0.230913,0.256859,1.3554
2493,0.216678,0.205726,1.35552
2494,0.155608,0.15171,1.35554
2495,0.156414,0.153283,1.35555
2496,0.251119,0.23924,1.35569
2497,0.100002,0.124796,1.3563
2498,0.0969805,0.101837,1.35632
2499,0.091694,0.0845725,1.35638
2500,0.0897632,0.0939832,1.35639
2501,0.18509,0.130334,1.35939
2502,0.239002,0.204329,1.36059
2503,0.217479,0.171441,1.36271
2504,0.183638,0.150844,1.36379
2505,0.165428,0.147759,1.3641
2506,0.169343,0.141801,1.36486
2507,0.108008,0.094641,1.36504
2508,0.0808041,0.0803491,1.36504
2509,0.11533,0.113574,1.36504
2510,0.20598,0.209707,1.36506
2511,0.157912,0.153516,1.36507
2512,0.161035,0.146077,1.3653
2513,0.191368,0.171077,1.36571
2514,0.146858,0.122124,1.36632
2515,0.213402,0.199028,1.36653
2516,0.164825,0.164567,1.36653
2517,0.101909,0.10246,1.36653
2518,0.186664,0.212455,1.36719
2519,0.275448,0.292964,1.3675
2520,0.168191,0.170065,1.3675
2521,0.0784645,0.0994938,1.36795
2522,0.13908,0.143324,1.36796
2523,0.180346,0.164218,1.36822
2524,0.302207,0.32113,1.36858
2525,0.223818,0.231637,1.36864
2526,0.239182,0.232228,1.36869
2527,0.305579,0.33629,1.36964
2528,0.210584,0.194948,1.36988
2529,0.224166,0.234865,1.36999
2530,0.283567,0.287877,1.37001
2531,0.122722,0.17395,1.37264
2532,0.149095,0.145037,1.37265
2533,0.133534,0.120788,1.37282
2534,0.262103,0.214387,1.37509
2535,0.227162,0.191799,1.37634
2536,0.275193,0.236285,1.37786
2537,0.331739,0.289462,1.37964
2538,0.232903,0.224324,1.37972
2539,0.201623,0.180685,1.38016
2540,0.185359,0.128549,1.38338
2541,0.14321,0.0963507,1.38558
2542,0.176835,0.0981952,1.39176
2543,0.300675,0.281838,1.39212
2544,0.415902,0.401743,1.39232
2545,0.144954,0.193466,1.39467
2546,0.118851,0.133622,1.39489
2547,0.127932,0.10405,1.39546
2548,0.320015,0.327901,1.39552
2549,0.249479,0.224253,1.39616
2550,0.262995,0.248902,1.39636
2551,0.256761,0.247026,1.39645
2552,0.233057,0.209016,1.39703
2553,0.182536,0.156901,1.39769
2554,0.0959493,0.101877,1.39772
2555,0.109226,0.0778168,1.39871
2556,0.215054,0.179071,1.40001
2557,0.213771,0.219244,1.40004
2558,0.218156,0.204853,1.40021
2559,0.160465,0.10966,1.40279
2560,0.234424,0.209219,1.40343
2561,0.321681,0.3442,1.40394
2562,0.309023,0.310282,1.40394
2563,0.193617,0.188893,1.40396
2564,0.294146,0.308418,1.40416
2565,0.197149,0.210008,1.40433
2566,0.311731,0.305401,1.40437
2567,0.253171,0.240336,1.40453
2568,0.272353,0.270484,1.40454
2569,0.332287,0.335057,1.40454
2570,0.192473,0.217544,1.40517
2571,0.25328,0.242547,1.40529
2572,0.164288,0.180071,1.40554
2573,0.320771,0.340404,1.40592
2574,0.283196,0.291333,1.40599
2575,0.262059,0.236482,1.40664
2576,0.213566,0.196445,1.40694
2577,0.27074,0.271555,1.40694
2578,0.229842,0.222112,1.407
2579,0.259738,0.228209,1.40799
2580,0.144032,0.152591,1.40806
2581,0.310804,0.297226,1.40825
2582,0.222885,0.231194,1.40832
2583,0.268648,0.291332,1.40883
2584,0.253874,0.223572,1.40975
2585,0.213452,0.180926,1.41081
2586,0.124435,0.122359,1.41081
2587,0.18022,0.171801,1.41088
2588,0.162739,0.154909,1.41094
2589,0.0572136,0.0870548,1.41184
2590,0.123768,0.119833,1.41185
2591,0.279484,0.302548,1.41238
2592,0.254956,0.237425,1.41269
2593,0.281232,0.278587,1.4127
2594,0.202215,0.183676,1.41304
2595,0.193563,0.171983,1.41351
2596,0.089125,0.0912541,1.41351
2597,0.0512087,0.0562551,1.41354
2598,0.22972,0.273531,1.41546
2599,0.182503,0.20002,1.41576
2600,0.202797,0.150638,1.41848
2601,0.0552098,0.0781952,1.41901
2602,0.0782549,0.0846228,1.41905
2603,0.0589375,0.0544554,1.41907
2604,0.0149845,0.0427498,1.41984
2605,0.17035,0.121942,1.42219
2606,0.264231,0.272123,1.42225
2607,0.280947,0.280875,1.42225
2608,0.215627,0.172286,1.42413
2609,0.151598,0.158472,1.42417
2610,0.139237,0.0866014,1.42694
2611,0.0226864,0.0487064,1.42762
2612,0.253056,0.264158,1.42775
2613,0.174633,0.1739,1.42775
2614,0.21592,0.190826,1.42838
2615,0.122127,0.0941633,1.42916
2616,0.11983,0.104145,1.4294
2617,0.153227,0.110923,1.43119
2618,0.106586,0.0724863,1.43236
2619,0.141322,0.110468,1.43331
2620,0.198469,0.188781,1.4334
2621,0.321925,0.336662,1.43362
2622,0.0759939,0.153515,1.43963
2623,0.188906,0.182849,1.43967
2624,0.153057,0.118845,1.44084
2625,0.181128,0.162587,1.44118
2626,0.275659,0.268651,1.44123
2627,0.190888,0.172225,1.44158
2628,0.22271,0.189492,1.44268
2629,0.239365,0.245914,1.44272
2630,0.117022,0.115065,1.44273
2631,0.174739,0.156781,1.44305
2632,0.349538,0.372638,1.44358
2633,0.327675,0.358098,1.44451
2634,0.227333,0.242604,1.44474
2635,0.160306,0.149093,1.44487
2636,0.108511,0.0886461,1.44526
2637,0.129515,0.0926719,1.44662
2638,0.113459,0.0808066,1.44769
2639,0.240793,0.191583,1.45011
2640,0.189137,0.141894,1.45234
2641,0.218443,0.161285,1.45561
2642,0.175435,0.133856,1.45734
2643,0.313617,0.311896,1.45734
2644,0.087732,0.146961,1.46085
2645,0.153031,0.151729,1.46085
2646,0.165541,0.156684,1.46093
2647,0.160202,0.128456,1.46193
2648,0.168002,0.149446,1.46228
2649,0.109988,0.0910745,1.46264
2650,0.150749,0.127681,1.46317
2651,0.174773,0.158453,1.46343
2652,0.310204,0.31337,1.46344
2653,0.250194,0.236053,1.46364
2654,0.108704,0.125399,1.46392
2655,0.150045,0.166909,1.46421
2656,0.093526,0.0911438,1.46421
2657,0.154205,0.150067,1.46423
2658,0.0493231,0.079601,1.46515
2659,0.112667,0.133912,1.4656
2660,0.136783,0.146325,1.46569
2661,0.0822833,0.0932943,1.46581
2662,0.0911042,0.0616545,1.46668
2663,0.0385368,0.0420439,1.46669
2664,0.192284,0.174048,1.46702
2665,0.22786,0.239253,1.46715
2666,0.341343,0.329257,1.4673
2667,0.269606,0.27423,1.46732
2668,0.190634,0.183645,1.46737
2669,0.23619,0.228815,1.46742
2670,0.149642,0.143623,1.46746
2671,0.212356,0.178281,1.46862
2672,0.164205,0.14464,1.469
2673,0.312574,0.312665,1.469
2674,0.409981,0.429935,1.4694
2675,0.317257,0.326154,1.46948
2676,0.14319,0.16036,1.46978
2677,0.0896035,0.0935543,1.46979
2678,0.314638,0.322427,1.46985
2679,0.183713,0.236522,1.47264
2680,0.293806,0.301925,1.47271
2681,0.20658,0.219396,1.47287
2682,0.113033,0.115839,1.47288
2683,0.219335,0.16439,1.4759
2684,0.13511,0.141111,1.47593
2685,0.222074,0.177929,1.47788
2686,0.251859,0.196003,1.481
2687,0.397452,0.380544,1.48129
2688,0.356588,0.376607,1.48169
2689,0.255818,0.230285,1.48234
2690,0.206174,0.147772,1.48575
2691,0.307506,0.310692,1.48576
2692,0.419289,0.440201,1.4862
2693,0.32113,0.333166,1.48634
2694,0.254675,0.275308,1.48677
2695,0.184749,0.190832,1.48681
2696,0.150018,0.103649,1.48896
2697,0.264559,0.250601,1.48915
2698,0.229857,0.195664,1.49032
2699,0.16345,0.156231,1.49037
2700,0.192536,0.179755,1.49054
2701,0.250161,0.236478,1.49072
2702,0.26529,0.257865,1.49078
2703,0.205033,0.172264,1.49185
2704,0.26491,0.274845,1.49195
2705,0.413687,0.438275,1.49256
2706,0.385242,0.421652,1.49388
2707,0.287782,0.309368,1.49435
2708,0.312569,0.304262,1.49442
2709,0.289489,0.293729,1.49443
2710,0.316434,0.3307,1.49464
2711,0.319402,0.30129,1.49497
2712,0.246732,0.231058,1.49521
2713,0.122281,0.138726,1.49548
2714,0.267056,0.261075,1.49552
2715,0.249171,0.241095,1.49558
2716,0.297567,0.28307,1.49579
2717,0.389853,0.381566,1.49586
2718,0.259427,0.285848,1.49656
2719,0.428882,0.470738,1.49831
2720,0.295963,0.366594,1.5033
2721,0.130663,0.2157,1.51053
2722,0.261551,0.292637,1.5115
2723,0.187133,0.223506,1.51282
2724,0.338296,0.37981,1.51454
2725,0.198201,0.213886,1.51479
2726,0.134422,0.174368,1.51639
2727,0.0990993,0.107241,1.51645
2728,0.142369,0.16795,1.51711
2729,0.124036,0.136731,1.51727
2730,0.147768,0.139267,1.51734
2731,0.281295,0.277689,1.51735
2732,0.210222,0.220329,1.51746
2733,0.170124,0.144343,1.51812
2734,0.219108,0.229767,1.51823
2735,0.151265,0.142443,1.51831
2736,0.104722,0.102684,1.51832
2737,0.0804071,0.0808988,1.51832
2738,0.244933,0.28259,1.51973
2739,0.152063,0.148892,1.51974
2740,0.140479,0.108606,1.52076
2741,0.158268,0.167501,1.52085
2742,0.20472,0.180653,1.52142
2743,0.170547,0.145162,1.52207
2744,0.119077,0.110345,1.52215
2745,0.176416,0.185247,1.52222
2746,0.145899,0.166315,1.52264
2747,0.137472,0.10053,1.52401
2748,0.274131,0.278446,1.52402
2749,0.298897,0.303205,1.52404
2750,0.136062,0.160304,1.52463
2751,0.0826977,0.0940469,1.52476
2752,0.130892,0.13662,1.52479
2753,0.165255,0.162049,1.5248
2754,0.0724431,0.0906743,1.52513
2755,0.17091,0.144272,1.52584
2756,0.167552,0.14242,1.52648
2757,0.349143,0.373041,1.52705
2758,0.185034,0.203054,1.52737
2759,0.211542,0.225759,1.52757
2760,0.0998384,0.125354,1.52822
2761,0.127325,0.13603,1.5283
2762,0.282967,0.30383,1.52874
2763,0.388422,0.4192,1.52968
2764,0.275991,0.281038,1.52971
2765,0.0889622,0.139137,1.53223
2766,0.160847,0.19689,1.53352
2767,0.156358,0.125608,1.53447
2768,0.141579,0.130346,1.5346
2769,0.123807,0.119533,1.53461
2770,0.188272,0.191752,1.53463
2771,0.263213,0.329792,1.53906
2772,0.125949,0.167092,1.54075
2773,0.106923,0.106384,1.54075
2774,0.116067,0.102723,1.54093
2775,0.110813,0.137272,1.54163
2776,0.270312,0.259098,1.54176
2777,0.324795,0.336719,1.5419
2778,0.290566,0.274144,1.54217
2779,0.149625,0.144875,1.54219
2780,0.313848,0.323315,1.54228
2781,0.230657,0.217833,1.54245
2782,0.287988,0.276269,1.54258
2783,0.292833,0.27237,1.543
2784,0.409805,0.45361,1.54492
2785,0.363333,0.39149,1.54571
2786,0.202175,0.213941,1.54585
2787,0.123358,0.125777,1.54586
2788,0.245986,0.256478,1.54597
2789,0.309895,0.322497,1.54613
2790,0.325012,0.342042,1.54642
2791,0.376282,0.383294,1.54647
2792,0.210135,0.238874,1.54729
2793,0.160719,0.157223,1.5473
2794,0.290028,0.304544,1.54751
2795,0.307124,0.352321,1.54956
2796,0.287983,0.302251,1.54976
2797,0.345684,0.355887,1.54986
2798,0.444942,0.485649,1.55152
2799,0.343495,0.390944,1.55377
2800,0.22455,0.251759,1.55451
2801,0.111726,0.155968,1.55647
2802,0.282271,0.301354,1.55684
2803,0.132776,0.202916,1.56175
2804,0.238974,0.248006,1.56184
2805,0.405907,0.445557,1.56341
2806,0.211824,0.26972,1.56676
2807,0.173281,0.186736,1.56694
2808,0.319948,0.373405,1.5698
2809,0.26741,0.31446,1.57201
2810,0.279326,0.312731,1.57313
2811,0.274232,0.299396,1.57376
2812,0.230302,0.245325,1.57399
2813,0.307394,0.319732,1.57414
2814,0.209601,0.207674,1.57414
2815,0.113543,0.131975,1.57448
2816,0.270525,0.293103,1.57499
2817,0.124173,0.17302,1.57738
2818,0.111676,0.141535,1.57827
2819,0.351608,0.394467,1.58011
2820,0.29041,0.335443,1.58214
2821,0.300814,0.318687,1.58245
2822,0.387162,0.411422,1.58304
2823,0.343879,0.374383,1.58397
2824,0.286538,0.3275,1.58565
2825,0.305083,0.323876,1.58601
2826,0.118631,0.184649,1.59036
2827,0.166715,0.160236,1.59041
2828,0.238835,0.233137,1.59044
2829,0.12709,0.133111,1.59047
2830,0.280039,0.291824,1.59061
2831,0.238032,0.24301,1.59064
2832,0.243227,0.234972,1.59071
2833,0.291723,0.292631,1.59071
2834,0.193495,0.199615,1.59074
2835,0.108155,0.135316,1.59148
2836,0.133979,0.141145,1.59153
2837,0.342847,0.37788,1.59276
2838,0.276538,0.303728,1.5935
2839,0.236266,0.227224,1.59358
2840,0.13515,0.126595,1.59365
2841,0.133652,0.1166,1.59395
2842,0.266289,0.286564,1.59436
2843,0.111054,0.148177,1.59573
2844,0.364656,0.35713,1.59579
2845,0.186556,0.208114,1.59626
2846,0.253517,0.246312,1.59631
2847,0.282853,0.286184,1.59632
2848,0.191819,0.183932,1.59638
2849,0.0956367,0.110903,1.59661
2850,0.122254,0.118731,1.59663
2851,0.160881,0.133414,1.59738
2852,0.0855587,0.0786268,1.59743
2853,0.194572,0.132138,1.60133
2854,0.0980837,0.0965345,1.60133
2855,0.209773,0.185644,1.60191
2856,0.310917,0.303902,1.60196
2857,0.228658,0.239289,1.60207
2858,0.185519,0.167933,1.60238
2859,0.174053,0.120193,1.60528
2860,0.0813155,0.0674855,1.60548
2861,0.138578,0.0870707,1.60813
2862,0.24724,0.236075,1.60825
2863,0.159068,0.162721,1.60827
2864,0.138937,0.126069,1.60843
2865,0.114863,0.092179,1.60895
2866,0.12716,0.0597039,1.6135
2867,0.179814,0.111529,1.61816
2868,0.113023,0.0722699,1.61982
2869,0.065342,0.069878,1.61984
2870,0.227075,0.249274,1.62033
2871,0.170738,0.194018,1.62088
2872,0.0797711,0.101528,1.62135
2873,0.277466,0.341605,1.62546
2874,0.192691,0.1601,1.62653
2875,0.0262015,0.0781379,1.62922
2876,0.156855,0.249439,1.63779
2877,0.143517,0.165794,1.63829
2878,0.134659,0.129422,1.63832
2879,0.149391,0.143098,1.63836
2880,0.314581,0.368848,1.6413
2881,0.228459,0.228672,1.6413
2882,0.133765,0.129141,1.64132
2883,0.115758,0.114741,1.64133
2884,0.235674,0.228432,1.64138
2885,0.189803,0.197126,1.64143
2886,0.18231,0.169586,1.64159
2887,0.23407,0.18962,1.64357
2888,0.375924,0.380274,1.64359
2889,0.156218,0.184136,1.64437
2890,0.283087,0.338285,1.64741
2891,0.260518,0.251592,1.64749
2892,0.203645,0.211467,1.64755
2893,0.142991,0.139727,1.64757
2894,0.220824,0.21034,1.64768
2895,0.353315,0.363454,1.64778
2896,0.192202,0.216722,1.64838
2897,0.16784,0.121807,1.6505
2898,0.245538,0.213197,1.65154
2899,0.197469,0.207698,1.65165
2900,0.381213,0.391715,1.65176
2901,0.293001,0.296155,1.65177
2902,0.209725,0.189198,1.65219
2903,0.221602,0.171732,1.65468
2904,0.355801,0.352217,1.65469
2905,0.272775,0.262692,1.65479
2906,0.220235,0.208952,1.65492
2907,0.124313,0.130032,1.65495
2908,0.138175,0.150235,1.6551
2909,0.160111,0.121503,1.65659
2910,0.0629135,0.070959,1.65665
2911,0.14209,0.0582082,1.66369
2912,0.132961,0.115503,1.66399
2913,0.18299,0.141532,1.66571
2914,0.299611,0.330557,1.66667
2915,0.331145,0.344422,1.66685
2916,0.144767,0.176925,1.66788
2917,0.181472,0.187443,1.66792
2918,0.125536,0.0960427,1.66879
2919,0.202979,0.155928,1.671
2920,0.257405,0.245889,1.67113
2921,0.186691,0.175624,1.67126
2922,0.155355,0.163047,1.67131
2923,0.0968674,0.0913213,1.67135
2924,0.0893496,0.0587363,1.67228
2925,0.240931,0.207784,1.67338
2926,0.115244,0.120069,1.6734
2927,0.110841,0.0967024,1.6736
2928,0.213882,0.206941,1.67365
2929,0.258274,0.252973,1.67368
2930,0.223512,0.217019,1.67372
2931,0.0981355,0.110177,1.67387
2932,0.0417478,0.0568657,1.6741
2933,0.222817,0.263822,1.67578
2934,0.295101,0.318122,1.67631
2935,0.278268,0.277602,1.67631
2936,0.164121,0.164503,1.67631
2937,0.110436,0.113707,1.67632
2938,0.18204,0.166222,1.67657
2939,0.20749,0.196208,1.6767
2940,0.190088,0.15569,1.67788
2941,0.101223,0.10161,1.67788
2942,0.210584,0.223197,1.67804
2943,0.300805,0.323185,1.67854
2944,0.238194,0.230314,1.6786
2945,0.17246,0.132002,1.68024
2946,0.154144,0.122004,1.68127
2947,0.120972,0.0931486,1.68205
2948,0.2117,0.217018,1.68207
2949,0.330467,0.342474,1.68222
2950,0.130342,0.165044,1.68342
2951,0.105318,0.114114,1.6835
2952,0.192187,0.19478,1.68351
2953,0.245448,0.262567,1.6838
2954,0.284393,0.288566,1.68382
2955,0.135844,0.144998,1.6839
2956,0.187218,0.183696,1.68391
2957,0.181191,0.190349,1.684
2958,0.0985746,0.107289,1.68407
2959,0.24242,0.23019,1.68422
2960,0.213103,0.204036,1.6843
2961,0.145987,0.121632,1.6849
2962,0.151261,0.131509,1.68529
2963,0.297209,0.343461,1.68743
2964,0.128748,0.170972,1.68921
2965,0.0477632,0.0858339,1.69066
2966,0.2005,0.248639,1.69298
2967,0.190484,0.188501,1.69298
2968,0.157137,0.17918,1.69347
2969,0.0701135,0.0944962,1.69406
2970,0.0617494,0.0765276,1.69428
2971,0.104295,0.127274,1.69481
2972,0.123966,0.0977569,1.69549
2973,0.17064,0.148705,1.69598
2974,0.151104,0.145546,1.69601
2975,0.177104,0.180067,1.69602
2976,0.162771,0.156285,1.69606
2977,0.274365,0.278608,1.69608
2978,0.197345,0.197554,1.69608
2979,0.0700718,0.0928952,1.6966
2980,0.160023,0.192253,1.69764
2981,0.0831171,0.0982179,1.69786
2982,0.0653762,0.0828244,1.69817
2983,0.135978,0.137156,1.69817
2984,0.159059,0.142469,1.69844
2985,0.150711,0.130282,1.69886
2986,0.337728,0.338321,1.69886
2987,0.141623,0.165295,1.69942
2988,0.223437,0.22489,1.69942
2989,0.294246,0.309692,1.69966
2990,0.242099,0.273301,1.70064
2991,0.252789,0.264402,1.70077
2992,0.286995,0.296591,1.70086
2993,0.226207,0.225762,1.70086
2994,0.297047,0.290013,1.70091
2995,0.124551,0.150478,1.70159
2996,0.120469,0.122967,1.70159
2997,0.204078,0.2069,1.7016
2998,0.274578,0.243925,1.70254
2999,0.13925,0.149408,1.70264
