t,predict_test,teacher
501,0.17474,0.184258,9.0595e-05
502,0.242607,0.249916,0.000144017
503,0.339294,0.363756,0.00074238
504,0.274204,0.275911,0.000745294
505,0.138932,0.156821,0.00106531
506,0.319967,0.336358,0.00133398
507,0.251315,0.298227,0.00353477
508,0.134975,0.162118,0.00427147
509,0.0928797,0.127299,0.00545615
510,0.225335,0.229693,0.00547515
511,0.204152,0.1838,0.00588933
512,0.194912,0.193076,0.00589269
513,0.243398,0.237719,0.00592495
514,0.342589,0.337833,0.00594757
515,0.173218,0.199791,0.00665374
516,0.197415,0.164548,0.00773397
517,0.28015,0.286371,0.00777266
518,0.223349,0.212948,0.00788084
519,0.116829,0.134363,0.00818826
520,0.237837,0.224697,0.00836093
521,0.326641,0.358603,0.00938254
522,0.216573,0.2123,0.00940079
523,0.216692,0.210746,0.00943615
524,0.203644,0.207704,0.00945263
525,0.209972,0.224353,0.00965946
526,0.167461,0.17155,0.00967617
527,0.312347,0.321405,0.00975822
528,0.191951,0.202837,0.00987672
529,0.0854629,0.121461,0.0111726
530,0.0442445,0.0815116,0.0125614
531,0.27124,0.29765,0.0132589
532,0.281387,0.30155,0.0136655
533,0.163348,0.184227,0.0141014
534,0.115666,0.139176,0.0146542
535,0.27858,0.279876,0.0146559
536,0.394768,0.430523,0.0159342
537,0.231134,0.235222,0.0159509
538,0.260875,0.251489,0.016039
539,0.248514,0.23621,0.0161904
540,0.155369,0.151207,0.0162078
541,0.190351,0.179177,0.0163326
542,0.059497,0.101294,0.0180796
543,0.0378658,0.0848181,0.0202841
544,0.0963551,0.104119,0.0203444
545,0.243219,0.233531,0.0204383
546,0.267861,0.276747,0.0205172
547,0.0980942,0.144755,0.0226944
548,0.176498,0.156899,0.0230785
549,0.159459,0.170355,0.0231972
550,0.248789,0.277094,0.0239984
551,0.0866809,0.134652,0.0262997
552,0.206485,0.229546,0.0268315
553,0.211864,0.248863,0.0282004
554,0.150908,0.146563,0.0282193
555,0.0735224,0.0906261,0.0285118
556,0.0522829,0.0636538,0.0286411
557,0.0148014,0.0507973,0.0299368
558,0.167188,0.19453,0.0306844
559,0.219196,0.245892,0.0313971
560,0.126794,0.127548,0.0313976
561,0.0187934,0.0653293,0.0335632
562,0.108185,0.114785,0.0336068
563,0.0940053,0.0885239,0.0336368
564,0.0673672,0.0474389,0.034034
565,0.0367647,0.030244,0.0340765
566,0.0357862,0.0514814,0.0343228
567,0.267708,0.306518,0.035829
568,0.193615,0.201793,0.0358959
569,0.056285,0.100347,0.0378374
570,0.190596,0.158094,0.0388938
571,0.0774951,0.0867865,0.0389801
572,0.222432,0.281405,0.0424579
573,0.170226,0.166372,0.0424727
574,0.0861925,0.0910083,0.0424959
575,0.0829453,0.0523062,0.0434347
576,0.0981758,0.0835302,0.0436492
577,0.0788186,0.0781361,0.0436496
578,0.0481513,0.0411821,0.0436982
579,0.170816,0.148911,0.0441781
580,0.11034,0.10695,0.0441896
581,0.29683,0.31827,0.0446492
582,0.206839,0.223059,0.0449123
583,0.141591,0.1369,0.0449343
584,0.154193,0.139041,0.0451639
585,0.144291,0.115767,0.0459775
586,0.369288,0.381825,0.0461347
587,0.194746,0.194096,0.0461351
588,0.270171,0.270336,0.0461352
589,0.319919,0.30965,0.0462406
590,0.311945,0.315873,0.046256
591,0.288743,0.277628,0.0463796
592,0.20906,0.198655,0.0464878
593,0.287014,0.283693,0.0464989
594,0.26291,0.246335,0.0467736
595,0.363366,0.390995,0.0475369
596,0.326512,0.373423,0.0497376
597,0.252966,0.274926,0.0502198
598,0.121231,0.161698,0.0518574
599,0.0804316,0.104522,0.0524377
600,0.319533,0.349861,0.0533576
601,0.27264,0.303928,0.0543365
602,0.308588,0.345442,0.0556947
603,0.379387,0.404056,0.0563032
604,0.346278,0.378025,0.0573111
605,0.343144,0.393723,0.0598693
606,0.196902,0.251687,0.0628706
607,0.197593,0.234003,0.0641963
608,0.263658,0.27849,0.0644163
609,0.274059,0.290908,0.0647002
610,0.314439,0.323381,0.0647802
611,0.2132,0.241633,0.0655886
612,0.197024,0.197732,0.0655891
613,0.155702,0.132859,0.0661109
614,0.273818,0.286799,0.0662794
615,0.28339,0.311971,0.0670963
616,0.204976,0.191694,0.0672727
617,0.34822,0.357467,0.0673583
618,0.304765,0.363208,0.0707738
619,0.371375,0.41452,0.0726353
620,0.164195,0.226102,0.0764677
621,0.171033,0.214383,0.0783469
622,0.166862,0.165668,0.0783483
623,0.157054,0.131556,0.0789984
624,0.100159,0.0915382,0.0790728
625,0.120461,0.117658,0.0790806
626,0.3206,0.332163,0.0792143
627,0.223095,0.205375,0.0795283
628,0.236152,0.231114,0.0795537
629,0.257556,0.271796,0.0797565
630,0.165037,0.163652,0.0797584
631,0.234531,0.253854,0.0801318
632,0.313309,0.306854,0.0801734
633,0.214458,0.205225,0.0802587
634,0.114344,0.116425,0.080263
635,0.141456,0.144682,0.0802734
636,0.0832855,0.0983284,0.0804997
637,0.101124,0.0971838,0.0805152
638,0.0755688,0.0652007,0.0806227
639,0.19208,0.17849,0.0808074
640,0.311409,0.339545,0.081599
641,0.151234,0.174091,0.0821214
642,0.0796966,0.129265,0.0845784
643,0.279681,0.286805,0.0846291
644,0.18962,0.145275,0.0865956
645,0.212229,0.194796,0.0868995
646,0.112214,0.109261,0.0869082
647,0.0265776,0.063,0.0882348
648,0.115589,0.122418,0.0882815
649,0.0776733,0.0923374,0.0884965
650,0.147097,0.15159,0.0885167
651,0.209521,0.185153,0.0891105
652,0.23485,0.215914,0.089469
653,0.243488,0.291429,0.0917673
654,0.324144,0.352997,0.0925997
655,0.129246,0.172386,0.0944608
656,0.12784,0.130796,0.0944696
657,0.184371,0.200354,0.094725
658,0.085194,0.101091,0.0949778
659,0.229859,0.238456,0.0950517
660,0.0646683,0.115067,0.0975917
661,0.0755123,0.0850068,0.0976818
662,0.214156,0.235516,0.0981381
663,0.109143,0.119974,0.0982554
664,0.179887,0.226742,0.100451
665,0.139591,0.158097,0.100793
666,0.201831,0.192301,0.100884
667,0.305488,0.320166,0.1011
668,0.17251,0.163826,0.101175
669,0.125393,0.10953,0.101427
670,0.241915,0.221691,0.101836
671,0.173698,0.153364,0.102249
672,0.156018,0.169455,0.10243
673,0.238346,0.258279,0.102827
674,0.111669,0.133565,0.103306
675,0.244683,0.252842,0.103373
676,0.126708,0.126433,0.103373
677,0.0821603,0.0882043,0.10341
678,0.286259,0.294371,0.103475
679,0.187346,0.187246,0.103475
680,0.107916,0.13008,0.103967
681,0.1176,0.130217,0.104126
682,0.120805,0.0817443,0.105652
683,0.249749,0.212355,0.10705
684,0.15237,0.103267,0.109461
685,0.0890833,0.0771117,0.109604
686,0.14866,0.130067,0.10995
687,0.152367,0.148932,0.109962
688,0.108488,0.106643,0.109965
689,0.294938,0.313629,0.110315
690,0.132426,0.142598,0.110418
691,0.184048,0.230121,0.112541
692,0.339315,0.400691,0.116308
693,0.245965,0.270912,0.11693
694,0.0854136,0.127434,0.118696
695,0.084781,0.0901782,0.118725
696,0.321679,0.367008,0.12078
697,0.287448,0.338689,0.123405
698,0.154414,0.163875,0.123495
699,0.151963,0.126589,0.124139
700,0.200067,0.187305,0.124301
701,0.164449,0.155525,0.124381
702,0.130905,0.124231,0.124426
703,0.26439,0.278627,0.124628
704,0.196032,0.205018,0.124709
705,0.141389,0.12936,0.124854
706,0.240757,0.206512,0.126026
707,0.127764,0.123718,0.126043
708,0.0675238,0.0660736,0.126045
709,0.110305,0.106872,0.126057
710,0.196956,0.181003,0.126311
711,0.256457,0.239772,0.126589
712,0.261114,0.254027,0.12664
713,0.173308,0.153714,0.127024
714,0.208629,0.173923,0.128228
715,0.170828,0.147854,0.128756
716,0.1591,0.150328,0.128833
717,0.238302,0.244499,0.128871
718,0.190626,0.179314,0.128999
719,0.0993052,0.101029,0.129002
720,0.0856565,0.0938569,0.12907
721,0.0292712,0.0552553,0.129745
722,0.0526713,0.0747094,0.13023
723,0.225339,0.232904,0.130288
724,0.215879,0.215847,0.130288
725,0.202172,0.213383,0.130413
726,0.163486,0.170396,0.130461
727,0.126339,0.124758,0.130464
728,0.214507,0.172767,0.132206
729,0.109032,0.106875,0.13221
730,0.097791,0.075723,0.132697
731,0.119271,0.0859449,0.133808
732,0.157132,0.144489,0.133968
733,0.126294,0.113443,0.134133
734,0.125883,0.108095,0.134449
735,0.154981,0.098079,0.137687
736,0.209603,0.128976,0.144188
737,0.26613,0.257372,0.144265
738,0.265798,0.264425,0.144267
739,0.201722,0.19646,0.144294
740,0.0561332,0.0931504,0.145665
741,0.188207,0.188634,0.145665
742,0.181304,0.17663,0.145687
743,0.0870421,0.082655,0.145706
744,-0.00709335,0.045157,0.148436
745,0.114339,0.0832925,0.1494
746,0.156929,0.0932549,0.153454
747,0.0833355,0.0666209,0.153734
748,0.14487,0.139596,0.153761
749,0.266803,0.278919,0.153908
750,0.206149,0.174381,0.154917
751,0.187528,0.153463,0.156078
752,0.269144,0.254013,0.156307
753,0.22292,0.212351,0.156419
754,0.0751531,0.0988953,0.156982
755,0.237667,0.221511,0.157243
756,0.0416949,0.104299,0.161163
757,-0.0155847,0.0534346,0.165926
758,0.0675292,0.0496753,0.166245
759,0.192027,0.216099,0.166824
760,0.131105,0.129872,0.166826
761,0.138583,0.12891,0.166919
762,0.228164,0.199788,0.167725
763,0.247444,0.216385,0.168689
764,0.133462,0.149202,0.168937
765,0.064748,0.080747,0.169193
766,0.319647,0.311775,0.169255
767,0.255533,0.274153,0.169602
768,0.157507,0.136055,0.170062
769,0.249813,0.241357,0.170133
770,0.130319,0.122499,0.170195
771,0.215091,0.153367,0.174005
772,0.260185,0.233605,0.174711
773,0.243376,0.25878,0.174948
774,0.195746,0.175698,0.17535
775,0.157276,0.125562,0.176356
776,0.154126,0.0807357,0.181742
777,0.131476,0.0879779,0.183634
778,0.341153,0.345008,0.183649
779,0.190518,0.177765,0.183812
780,0.304861,0.311725,0.183859
781,0.273091,0.279758,0.183903
782,0.0947906,0.144654,0.18639
783,0.166192,0.186896,0.186818
784,0.31373,0.317393,0.186832
785,0.27783,0.300437,0.187343
786,0.184973,0.200843,0.187595
787,0.232649,0.240924,0.187663
788,0.186467,0.193065,0.187707
789,0.127297,0.111581,0.187954
790,0.0850694,0.0728683,0.188102
791,0.106527,0.0901805,0.18837
792,0.143502,0.112085,0.189357
793,0.165094,0.125593,0.190917
794,0.300906,0.30661,0.19095
795,0.332842,0.350769,0.191271
796,0.154919,0.176298,0.191728
797,0.202921,0.220722,0.192045
798,0.193966,0.205818,0.192185
799,0.160495,0.142592,0.192506
800,0.172971,0.165431,0.192563
801,0.26246,0.249584,0.192728
802,0.264122,0.259808,0.192747
803,0.168255,0.168973,0.192748
804,0.145748,0.127237,0.19309
805,0.276071,0.260662,0.193328
806,0.172916,0.152779,0.193733
807,0.102544,0.109856,0.193787
808,0.110784,0.104702,0.193824
809,0.229093,0.247394,0.194158
810,0.146368,0.149745,0.19417
811,0.179033,0.178338,0.19417
812,0.151809,0.154262,0.194176
813,0.164459,0.138381,0.194856
814,0.185806,0.176389,0.194945
815,0.370297,0.38522,0.195168
816,0.267775,0.292012,0.195755
817,0.134605,0.168974,0.196936
818,0.1567,0.142695,0.197133
819,0.232058,0.221698,0.19724
820,0.178155,0.167758,0.197348
821,0.142901,0.141877,0.197349
822,0.108405,0.0978665,0.19746
823,0.280118,0.285706,0.197491
824,0.2222,0.231905,0.197586
825,0.174634,0.158602,0.197843
826,0.252296,0.243245,0.197925
827,0.343652,0.365771,0.198414
828,0.226728,0.260109,0.199528
829,0.282444,0.289541,0.199578
830,0.289392,0.308482,0.199943
831,0.222045,0.221122,0.199944
832,0.181658,0.171523,0.200046
833,0.24727,0.22151,0.20071
834,0.221041,0.20009,0.201149
835,0.194102,0.19294,0.20115
836,0.2326,0.244371,0.201289
837,0.398859,0.441946,0.203145
838,0.28759,0.321027,0.204263
839,0.094459,0.169186,0.209847
840,0.275388,0.297369,0.210331
841,0.284428,0.32539,0.212008
842,0.20661,0.204489,0.212013
843,0.240002,0.244751,0.212036
844,0.226104,0.228165,0.21204
845,0.192306,0.137938,0.214996
846,0.0827042,0.0945167,0.215135
847,0.123524,0.109862,0.215322
848,0.253006,0.248807,0.215339
849,0.250709,0.247364,0.215351
850,0.288815,0.254052,0.216559
851,0.269456,0.241211,0.217357
852,0.189199,0.199392,0.217461
853,0.0645741,0.103437,0.218971
854,0.0319264,0.0633828,0.219961
855,0.202202,0.210444,0.220029
856,0.148682,0.14534,0.22004
857,0.192123,0.194207,0.220044
858,0.107079,0.0960148,0.220166
859,0.0445082,0.0646364,0.220572
860,0.161047,0.117986,0.222426
861,0.146062,0.12415,0.222906
862,0.129438,0.0984843,0.223864
863,0.162067,0.124425,0.225281
864,0.0906777,0.101535,0.225399
865,0.127899,0.128608,0.225399
866,0.132559,0.123529,0.225481
867,0.0953437,0.0813002,0.225678
868,0.128605,0.0505991,0.231763
869,0.215604,0.183527,0.232792
870,0.195193,0.138852,0.235966
871,0.179873,0.170487,0.236054
872,0.0961798,0.0779165,0.236388
873,0.213036,0.225753,0.23655
874,0.194653,0.159851,0.237761
875,0.258605,0.225014,0.238889
876,0.112946,0.108418,0.23891
877,0.117949,0.120382,0.238916
878,0.177293,0.151184,0.239597
879,0.156675,0.111877,0.241604
880,0.136557,0.113366,0.242142
881,0.149974,0.117398,0.243203
882,0.225656,0.197767,0.243981
883,0.228404,0.20194,0.244681
884,0.166464,0.14013,0.245375
885,0.260247,0.243671,0.24565
886,0.171522,0.159485,0.245794
887,0.233701,0.242426,0.245871
888,0.122527,0.141953,0.246248
889,0.0529907,0.0743751,0.246705
890,0.108606,0.0926228,0.246961
891,0.202351,0.189278,0.247132
892,0.211047,0.198564,0.247287
893,0.161906,0.14201,0.247683
894,0.101656,0.0994762,0.247688
895,0.117809,0.106486,0.247816
896,0.116684,0.11832,0.247819
897,0.190175,0.1799,0.247924
898,0.213866,0.221573,0.247984
899,0.138631,0.132073,0.248027
900,0.0906442,0.070172,0.248446
901,0.217394,0.209644,0.248506
902,0.125983,0.129992,0.248522
903,0.0130319,0.0631449,0.251033
904,0.218697,0.252624,0.252184
905,0.153159,0.162254,0.252267
906,0.147026,0.177875,0.253219
907,0.146582,0.145548,0.25322
908,0.0652184,0.0768949,0.253356
909,0.0357864,0.0460768,0.253462
910,0.137699,0.154901,0.253758
911,0.183406,0.230482,0.255974
912,0.28898,0.305048,0.256232
913,0.181862,0.166655,0.256464
914,0.060853,0.0828394,0.256947
915,0.0619321,0.0679074,0.256983
916,0.117176,0.100214,0.25727
917,0.0603584,0.0538636,0.257313
918,0.270581,0.307378,0.258667
919,0.155227,0.176935,0.259138
920,0.210604,0.177051,0.260264
921,0.178252,0.140689,0.261675
922,0.117543,0.0896168,0.262455
923,0.117647,0.0539839,0.266507
924,0.11282,0.0728223,0.268107
925,0.237551,0.208479,0.268952
926,0.251382,0.232903,0.269294
927,0.292257,0.282552,0.269388
928,0.192067,0.165343,0.270102
929,0.158426,0.106415,0.272807
930,0.338,0.315561,0.273311
931,0.14261,0.145188,0.273317
932,0.136703,0.124151,0.273475
933,0.199434,0.192486,0.273523
934,0.158206,0.119836,0.274996
935,0.206967,0.233173,0.275682
936,0.235558,0.231971,0.275695
937,0.26842,0.243791,0.276302
938,0.100117,0.117044,0.276588
939,0.255403,0.281947,0.277293
940,0.0964388,0.137905,0.279012
941,0.104621,0.144232,0.280581
942,0.119277,0.104342,0.280804
943,0.234833,0.223137,0.280941
944,0.1567,0.107027,0.283409
945,0.0815178,0.0599587,0.283873
946,0.0597157,0.0614354,0.283876
947,0.255242,0.250329,0.2839
948,0.165171,0.180358,0.284131
949,0.102127,0.113653,0.284264
950,0.206514,0.19085,0.284509
951,0.222429,0.205964,0.28478
952,0.093136,0.10178,0.284855
953,0.305873,0.300228,0.284887
954,0.14712,0.140033,0.284937
955,0.138157,0.129923,0.285005
956,0.0950245,0.0957087,0.285006
957,0.054841,0.0559852,0.285007
958,0.0588403,0.0331253,0.285668
959,0.0723671,0.0491211,0.286208
960,0.0383629,0.033212,0.286235
961,0.0800075,0.0456123,0.287418
962,0.139135,0.125934,0.287592
963,0.170229,0.100924,0.292395
964,0.149922,0.131105,0.29275
965,0.158898,0.0993112,0.2963
966,0.197168,0.164707,0.297354
967,0.119396,0.108409,0.297475
968,0.256039,0.234416,0.297942
969,0.198415,0.154597,0.299862
970,0.189479,0.172445,0.300152
971,0.0991301,0.0814649,0.300464
972,0.238527,0.234964,0.300477
973,0.166578,0.16634,0.300477
974,0.142256,0.0833367,0.303949
975,0.0452332,0.0484159,0.303959
976,0.134564,0.128796,0.303992
977,0.198374,0.188534,0.304089
978,0.0993322,0.103682,0.304108
979,0.0439282,0.0689107,0.304732
980,0.038021,0.06739,0.305594
981,0.0270693,0.0480211,0.306033
982,0.134029,0.145377,0.306162
983,0.0676572,0.0832751,0.306406
984,0.225955,0.253783,0.307181
985,0.257318,0.264373,0.30723
986,0.203672,0.191079,0.307389
987,0.120737,0.125947,0.307416
988,0.19396,0.166659,0.308161
989,0.143692,0.138957,0.308184
990,0.147836,0.125021,0.308704
991,0.188668,0.154874,0.309846
992,0.0908394,0.0857484,0.309872
993,0.149099,0.141626,0.309928
994,0.0380334,0.0689677,0.310885
995,0.0666202,0.0839532,0.311186
996,0.0855796,0.094595,0.311267
997,0.0112291,0.0530553,0.313016
998,0.278766,0.327772,0.315418
999,0.175216,0.187601,0.315571
1000,0.17878,0.182424,0.315585
1001,0.0738238,0.0911638,0.315885
1002,0.114944,0.12159,0.315929
1003,0.274513,0.305137,0.316867
1004,0.121308,0.139317,0.317191
1005,0.115684,0.119914,0.317209
1006,0.163445,0.115675,0.319491
1007,0.217345,0.213972,0.319503
1008,0.118051,0.110858,0.319555
1009,0.151973,0.133366,0.319901
1010,0.105992,0.106417,0.319901
1011,0.0766901,0.0680494,0.319976
1012,0.0937098,0.0802171,0.320158
1013,0.0666311,0.0596691,0.320206
1014,0.172247,0.171039,0.320208
1015,0.0987041,0.0917676,0.320256
1016,0.245871,0.267496,0.320723
1017,0.19572,0.201805,0.32076
1018,0.113979,0.104691,0.320847
1019,0.146639,0.113372,0.321953
1020,0.268898,0.262279,0.321997
1021,0.181698,0.188498,0.322043
1022,0.314468,0.304525,0.322142
1023,0.234403,0.229915,0.322162
1024,0.178964,0.161898,0.322454
1025,0.105356,0.100161,0.322481
1026,0.0824533,0.075811,0.322525
1027,0.127892,0.105253,0.323037
1028,0.125289,0.118568,0.323082
1029,0.185351,0.182964,0.323088
1030,0.34429,0.351723,0.323143
1031,0.238496,0.238627,0.323143
1032,0.219832,0.237242,0.323446
1033,0.271762,0.26203,0.323541
1034,0.183908,0.166608,0.32384
1035,0.123295,0.124511,0.323842
1036,0.155876,0.148203,0.323901
1037,0.0947442,0.0815264,0.324076
1038,0.0954084,0.0799733,0.324314
1039,0.143994,0.0850842,0.327784
1040,0.191004,0.140095,0.330376
1041,0.109532,0.0792676,0.331292
1042,0.144692,0.159509,0.331511
1043,0.318903,0.321698,0.331519
1044,0.199922,0.199398,0.331519
1045,0.17452,0.127165,0.333762
1046,0.310845,0.27949,0.334745
1047,0.261696,0.269096,0.3348
1048,0.120444,0.13904,0.335146
1049,0.0768858,0.0826406,0.335179
1050,0.0610516,0.0854899,0.335776
1051,0.00524954,0.0467944,0.337502
1052,0.0731751,0.095931,0.33802
1053,0.276575,0.319955,0.339902
1054,0.270423,0.279007,0.339975
1055,0.0843259,0.1323,0.342277
1056,0.115271,0.0868999,0.343082
1057,0.191339,0.174483,0.343366
1058,0.104681,0.0889816,0.343612
1059,0.060385,0.0686129,0.34368
1060,0.0690109,0.0632492,0.343713
1061,0.228351,0.250283,0.344194
1062,0.171358,0.175997,0.344216
1063,0.0797215,0.0933621,0.344402
1064,0.0146358,0.0578615,0.34627
1065,-0.00149454,0.0430231,0.348252
1066,0.140936,0.167665,0.348967
1067,0.0988013,0.120703,0.349446
1068,0.155437,0.138907,0.349719
1069,0.0614627,0.0706066,0.349803
1070,0.0409838,0.0490847,0.349869
1071,0.153784,0.156843,0.349878
1072,0.0776158,0.0823184,0.3499
1073,0.193609,0.19661,0.349909
1074,0.137141,0.107413,0.350793
1075,0.217139,0.22736,0.350897
1076,0.243046,0.243276,0.350897
1077,0.196101,0.178985,0.35119
1078,0.144469,0.108335,0.352496
1079,0.0816527,0.0742653,0.352551
1080,0.210339,0.218332,0.352615
1081,0.155028,0.147244,0.352675
1082,0.0784181,0.0783307,0.352675
1083,0.102032,0.076254,0.35334
1084,0.0636552,0.0455364,0.353668
1085,0.178688,0.165576,0.35384
1086,0.228291,0.252828,0.354442
1087,0.260271,0.235821,0.35504
1088,0.238073,0.216786,0.355493
1089,0.235313,0.257958,0.356006
1090,0.196437,0.14131,0.359045
1091,0.3332,0.327692,0.359075
1092,0.310958,0.326224,0.359308
1093,0.234839,0.243676,0.359386
1094,0.24192,0.209205,0.360456
1095,0.329837,0.322974,0.360503
1096,0.181572,0.176803,0.360526
1097,0.21264,0.180636,0.36155
1098,0.131493,0.096985,0.362741
1099,0.116112,0.0898344,0.363432
1100,0.135286,0.117523,0.363747
1101,0.207614,0.194065,0.363931
1102,0.191915,0.173107,0.364285
1103,0.262582,0.252811,0.36438
1104,0.101162,0.130326,0.365231
1105,0.247248,0.260015,0.365394
1106,0.254636,0.289,0.366575
1107,0.229847,0.220587,0.36666
1108,0.228563,0.211261,0.36696
1109,0.151949,0.129058,0.367484
1110,0.135828,0.0943313,0.369206
1111,0.133997,0.117887,0.369465
1112,0.221981,0.210912,0.369588
1113,0.184487,0.158928,0.370241
1114,0.142878,0.123339,0.370623
1115,0.277786,0.243851,0.371774
1116,0.182288,0.164911,0.372076
1117,0.119131,0.111187,0.372139
1118,0.0679315,0.0746672,0.372185
1119,0.175452,0.17446,0.372186
1120,0.307493,0.336354,0.373019
1121,0.24412,0.25802,0.373212
1122,0.405933,0.421452,0.373453
1123,0.21286,0.229178,0.373719
1124,0.1677,0.144678,0.374249
1125,0.269366,0.235061,0.375426
1126,0.24366,0.207836,0.376709
1127,0.191235,0.149518,0.37845
1128,0.113421,0.0923732,0.378893
1129,0.208252,0.215879,0.378951
1130,0.14749,0.142824,0.378972
1131,0.108494,0.0911676,0.379273
1132,0.11284,0.0956505,0.379568
1133,0.111911,0.0797191,0.380604
1134,0.126332,0.0613027,0.384833
1135,0.222035,0.184822,0.386218
1136,0.369871,0.356845,0.386388
1137,0.386826,0.413592,0.387104
1138,0.32205,0.298508,0.387658
1139,0.358205,0.356814,0.38766
1140,0.223674,0.234468,0.387777
1141,0.170175,0.15714,0.387947
1142,0.11028,0.0919753,0.388282
1143,0.211721,0.201605,0.388384
1144,0.0960984,0.108085,0.388528
1145,0.0657497,0.0713056,0.388559
1146,0.0452765,0.0647152,0.388937
1147,0.0849443,0.0705892,0.389143
1148,0.0764508,0.0480887,0.389947
1149,0.147515,0.12575,0.390421
1150,0.255186,0.285942,0.391367
1151,0.267189,0.279266,0.391513
1152,0.139981,0.171631,0.392514
1153,0.31426,0.320113,0.392549
1154,0.301486,0.322476,0.392989
1155,0.2416,0.238399,0.392999
1156,0.14961,0.127072,0.393507
1157,0.191556,0.182667,0.393586
1158,0.102776,0.0972827,0.393617
1159,0.0657359,0.0636432,0.393621
1160,0.120907,0.0819916,0.395135
1161,0.177472,0.150255,0.395876
1162,0.172077,0.16209,0.395976
1163,0.180685,0.192035,0.396105
1164,0.140764,0.126408,0.396311
1165,0.203384,0.194383,0.396392
1166,0.22188,0.204232,0.396703
1167,0.250667,0.252024,0.396705
1168,0.30943,0.310761,0.396707
1169,0.135556,0.15782,0.397203
1170,0.140514,0.107904,0.398266
1171,0.223101,0.193366,0.39915
1172,0.141873,0.121231,0.399576
1173,0.16392,0.158878,0.399602
1174,0.267409,0.260541,0.399649
1175,0.238227,0.246796,0.399722
1176,0.247144,0.269645,0.400229
1177,0.264136,0.269962,0.400262
1178,0.156117,0.158671,0.400269
1179,0.241948,0.255791,0.400461
1180,0.348182,0.366593,0.4008
1181,0.202682,0.18673,0.401054
1182,0.0924675,0.121661,0.401906
1183,0.0682307,0.0777882,0.401998
1184,0.120039,0.0761938,0.40392
1185,0.25171,0.239102,0.404079
1186,0.155252,0.135332,0.404476
1187,0.31338,0.298388,0.404701
1188,0.270274,0.306801,0.406035
1189,0.367178,0.428463,0.409791
1190,0.185233,0.212072,0.410511
1191,0.315749,0.335849,0.410915
1192,0.209501,0.202566,0.410963
1193,0.213519,0.229705,0.411225
1194,0.176274,0.173119,0.411235
1195,0.117416,0.101487,0.411489
1196,0.164682,0.0943004,0.416442
1197,0.218874,0.152369,0.420865
1198,0.130045,0.0983921,0.421867
1199,0.16608,0.155151,0.421987
1200,0.10505,0.121633,0.422262
1201,0.325871,0.357025,0.423232
1202,0.287748,0.299216,0.423364
1203,0.382916,0.433016,0.425874
1204,0.157087,0.210251,0.4287
1205,0.230709,0.262156,0.429689
1206,0.10227,0.148339,0.431811
1207,0.128516,0.145017,0.432084
1208,0.0959884,0.104203,0.432151
1209,0.280785,0.280267,0.432151
1210,0.358122,0.369233,0.432275
1211,0.419983,0.455523,0.433538
1212,0.355504,0.408566,0.436354
1213,0.198066,0.247339,0.438781
1214,0.14332,0.183008,0.440357
1215,0.234514,0.228419,0.440394
1216,0.257965,0.280413,0.440898
1217,0.374162,0.416356,0.442678
1218,0.178327,0.219666,0.444387
1219,0.190145,0.219558,0.445252
1220,0.203166,0.209461,0.445292
1221,0.245403,0.241396,0.445308
1222,0.180801,0.200335,0.445689
1223,0.312673,0.339896,0.44643
1224,0.207186,0.222183,0.446655
1225,0.195829,0.178899,0.446942
1226,0.299886,0.326174,0.447633
1227,0.175893,0.194036,0.447962
1228,0.201954,0.211827,0.44806
1229,0.132703,0.143893,0.448185
1230,0.246882,0.212156,0.449391
1231,0.219306,0.178934,0.451021
1232,0.217339,0.225176,0.451082
1233,0.244625,0.239268,0.451111
1234,0.33117,0.349827,0.451459
1235,0.271704,0.250659,0.451902
1236,0.158172,0.13407,0.452483
1237,0.227217,0.234489,0.452535
1238,0.103186,0.130806,0.453298
1239,0.128935,0.124819,0.453315
1240,0.177953,0.168398,0.453407
1241,0.103129,0.0946217,0.453479
1242,0.274282,0.303073,0.454308
1243,0.143861,0.190598,0.456492
1244,0.22329,0.231026,0.456552
1245,0.181964,0.168997,0.45672
1246,0.138727,0.12175,0.457008
1247,0.14857,0.126514,0.457495
1248,0.135883,0.104913,0.458454
1249,0.0959913,0.0850089,0.458575
1250,0.081445,0.0529052,0.459389
1251,0.131036,0.127761,0.4594
1252,0.159966,0.11879,0.461095
1253,0.182537,0.158413,0.461677
1254,0.106487,0.0817321,0.46229
1255,0.0496677,0.0627848,0.462462
1256,0.205093,0.201021,0.462479
1257,0.2108,0.238379,0.463239
1258,0.34944,0.375619,0.463925
1259,0.194184,0.176994,0.46422
1260,0.1375,0.117537,0.464619
1261,0.164376,0.136677,0.465386
1262,0.0777211,0.0770106,0.465386
1263,0.0847498,0.0941317,0.465474
1264,0.225449,0.209292,0.465735
1265,0.124034,0.126599,0.465742
1266,0.111318,0.070219,0.467431
1267,0.106045,0.0973188,0.467507
1268,0.0166644,0.0517365,0.468737
1269,0.0726516,0.110105,0.47014
1270,0.22902,0.254823,0.470806
1271,0.146462,0.116778,0.471687
1272,0.228934,0.211985,0.471974
1273,0.128715,0.115421,0.472151
1274,0.314664,0.320422,0.472184
1275,0.353644,0.343358,0.47229
1276,0.224491,0.208637,0.472541
1277,0.104314,0.116395,0.472687
1278,0.268052,0.236898,0.473658
1279,0.16682,0.177143,0.473764
1280,0.115644,0.0934539,0.474257
1281,0.105701,0.0964879,0.474342
1282,0.0973217,0.0753819,0.474823
1283,0.0909232,0.0536019,0.476216
1284,0.369269,0.353786,0.476456
1285,0.14555,0.163767,0.476787
1286,0.0437795,0.118256,0.482334
1287,0.0737724,0.0786069,0.482358
1288,0.190966,0.154031,0.483722
1289,0.147778,0.0785434,0.488515
1290,0.173156,0.147525,0.489172
1291,0.151184,0.0982087,0.491979
1292,0.120835,0.100897,0.492376
1293,0.185536,0.154798,0.493321
1294,0.284782,0.244702,0.494927
1295,0.158578,0.149047,0.495018
1296,0.119083,0.108871,0.495122
1297,0.128407,0.0761985,0.497848
1298,0.202225,0.197215,0.497873
1299,0.0869042,0.0942118,0.497927
1300,0.120606,0.103716,0.498212
1301,0.0156558,0.055643,0.499811
1302,0.112976,0.121051,0.499876
1303,0.0305447,0.0583655,0.50065
1304,0.0370159,0.0559323,0.501008
1305,0.0787259,0.0936991,0.501232
1306,0.100879,0.105326,0.501252
1307,0.088695,0.0983257,0.501345
1308,0.195239,0.18402,0.50147
1309,0.133846,0.137404,0.501483
1310,0.122307,0.110652,0.501619
1311,0.0687286,0.0526023,0.501879
1312,0.183282,0.160125,0.502415
1313,0.183829,0.156518,0.503161
1314,0.237871,0.234949,0.50317
1315,0.109106,0.108399,0.50317
1316,0.267576,0.291328,0.503734
1317,0.18768,0.186489,0.503736
1318,0.160982,0.125692,0.504981
1319,0.172399,0.133075,0.506527
1320,0.292489,0.278963,0.50671
1321,0.250233,0.239051,0.506835
1322,0.134688,0.115341,0.50721
1323,0.211114,0.163852,0.509443
1324,0.235777,0.222666,0.509615
1325,0.120859,0.105623,0.509847
1326,0.291999,0.304843,0.510012
1327,0.172257,0.156191,0.510271
1328,0.255013,0.277902,0.510794
1329,0.105616,0.137746,0.511827
1330,0.141657,0.096549,0.513862
1331,0.31258,0.332191,0.514246
1332,0.223471,0.179105,0.516215
1333,0.224089,0.207476,0.516491
1334,0.270587,0.279666,0.516573
1335,0.212509,0.188724,0.517139
1336,0.0787719,0.0970041,0.517471
1337,0.253506,0.310067,0.52067
1338,0.215537,0.239336,0.521237
1339,0.28418,0.305542,0.521693
1340,0.222287,0.217365,0.521717
1341,0.140375,0.127916,0.521872
1342,0.337693,0.300642,0.523245
1343,0.129819,0.153716,0.523816
1344,0.00884663,0.0830956,0.529329
1345,0.291527,0.325931,0.530513
1346,0.115536,0.167828,0.533247
1347,0.0479313,0.113124,0.537497
1348,0.0435845,0.0885892,0.539523
1349,0.0432251,0.0663742,0.540059
1350,0.111088,0.12863,0.540366
1351,0.278288,0.308957,0.541307
1352,0.227477,0.264937,0.54271
1353,0.317039,0.327095,0.542811
1354,0.197342,0.215485,0.543141
1355,0.282914,0.298992,0.543399
1356,0.229725,0.210179,0.543781
1357,0.0846831,0.110382,0.544442
1358,0.101558,0.0846928,0.544726
1359,0.236686,0.272179,0.545986
1360,0.158723,0.170953,0.546135
1361,0.116969,0.118822,0.546139
1362,0.104153,0.0888334,0.546373
1363,0.131616,0.106465,0.547006
1364,0.10653,0.0881072,0.547345
1365,0.216586,0.20283,0.547535
1366,0.279524,0.279593,0.547535
1367,0.334354,0.365562,0.548509
1368,0.3076,0.334453,0.54923
1369,0.19899,0.201612,0.549237
1370,0.188892,0.188202,0.549237
1371,0.0735724,0.0948354,0.549689
1372,0.191738,0.186821,0.549713
1373,0.22228,0.237365,0.549941
1374,0.215283,0.213801,0.549943
1375,0.277712,0.272517,0.54997
1376,0.29783,0.324366,0.550674
1377,0.260977,0.261092,0.550674
1378,0.119709,0.146223,0.551377
1379,0.216114,0.229127,0.551546
1380,0.307471,0.360097,0.554316
1381,0.347923,0.370357,0.554819
1382,0.276922,0.292974,0.555077
1383,0.205639,0.197742,0.555139
1384,0.219102,0.210437,0.555214
1385,0.117668,0.115831,0.555218
1386,0.20686,0.209304,0.555224
1387,0.180146,0.193636,0.555406
1388,0.23045,0.250388,0.555803
1389,0.262602,0.274253,0.555939
1390,0.372784,0.387071,0.556143
1391,0.234244,0.25015,0.556396
1392,0.208471,0.224104,0.55664
1393,0.347274,0.369326,0.557127
1394,0.356761,0.393519,0.558478
1395,0.225268,0.254628,0.55934
1396,0.172126,0.186913,0.559559
1397,0.249417,0.263029,0.559744
1398,0.213119,0.220281,0.559795
1399,0.126154,0.132632,0.559837
1400,0.154754,0.150396,0.559856
1401,0.209601,0.209266,0.559856
1402,0.326345,0.338748,0.56001
1403,0.182901,0.207834,0.560632
1404,0.283017,0.337961,0.563651
1405,0.199459,0.224024,0.564254
1406,0.261551,0.308458,0.566454
1407,0.23003,0.238142,0.56652
1408,0.166514,0.162077,0.56654
1409,0.111423,0.120153,0.566616
1410,0.159843,0.146114,0.566804
1411,0.285642,0.301326,0.56705
1412,0.245426,0.24792,0.567057
1413,0.0853053,0.135703,0.569597
1414,0.15799,0.147898,0.569698
1415,0.153814,0.132245,0.570164
1416,0.161042,0.0878043,0.575527
1417,0.117897,0.0825177,0.576779
1418,0.271453,0.264954,0.576821
1419,0.160694,0.177156,0.577092
1420,0.142884,0.134552,0.577162
1421,0.0499864,0.0777826,0.577934
1422,0.00189266,0.0506019,0.580307
1423,0.0364134,0.0773301,0.581981
1424,0.21272,0.239183,0.582681
1425,0.247822,0.267928,0.583086
1426,0.263983,0.252249,0.583223
1427,0.0932963,0.122974,0.584104
1428,0.23117,0.223866,0.584157
1429,0.161519,0.155831,0.58419
1430,0.0715468,0.0811361,0.584282
1431,0.0691481,0.0943581,0.584917
1432,0.15421,0.131854,0.585417
1433,0.174298,0.189922,0.585661
1434,0.0814706,0.0988823,0.585964
1435,0.0903523,0.0773468,0.586133
1436,0.0652103,0.0679227,0.586141
1437,0.0915431,0.0926961,0.586142
1438,0.0657676,0.0625184,0.586153
1439,0.147051,0.143381,0.586166
1440,0.149662,0.140059,0.586258
1441,0.0883801,0.0784394,0.586357
1442,0.139519,0.129649,0.586455
1443,0.250187,0.246664,0.586467
1444,0.217915,0.205689,0.586616
1445,0.147666,0.13275,0.586839
1446,0.173876,0.14185,0.587865
1447,0.243528,0.217999,0.588516
1448,0.163943,0.145401,0.58886
1449,0.241095,0.229912,0.588985
1450,0.172018,0.159353,0.589146
1451,0.164008,0.165878,0.589149
1452,0.0544065,0.0806795,0.589839
1453,0.077411,0.0886134,0.589965
1454,0.120348,0.116518,0.58998
1455,0.120552,0.0966768,0.59055
1456,0.115585,0.106876,0.590625
1457,0.143835,0.150976,0.590676
1458,0.2014,0.173437,0.591458
1459,0.164034,0.147539,0.59173
1460,0.260577,0.266053,0.59176
1461,0.182233,0.185122,0.591769
1462,0.223111,0.212167,0.591889
1463,0.150139,0.116957,0.59299
1464,0.148104,0.129771,0.593326
1465,0.212032,0.189523,0.593832
1466,0.140157,0.109794,0.594754
1467,0.0659375,0.0713136,0.594783
1468,0.255467,0.244061,0.594913
1469,0.130231,0.145675,0.595152
1470,0.0618359,0.0800045,0.595482
1471,0.150978,0.143382,0.595539
1472,0.0551097,0.0728413,0.595854
1473,0.0312238,0.0648325,0.596983
1474,0.141203,0.147171,0.597019
1475,0.184829,0.19031,0.597049
1476,0.108248,0.108086,0.597049
1477,0.0699018,0.069982,0.597049
1478,0.11332,0.102483,0.597167
1479,0.139033,0.135462,0.597179
1480,0.118678,0.097756,0.597617
1481,0.0473437,0.0557037,0.597687
1482,0.213165,0.234592,0.598146
1483,0.129864,0.133137,0.598157
1484,0.0642848,0.068052,0.598171
1485,0.0915852,0.103481,0.598313
1486,0.0309696,0.0541613,0.59885
1487,-0.0171047,0.0342594,0.601489
1488,0.0846248,0.104423,0.601881
1489,0.187523,0.207899,0.602296
1490,0.118049,0.123867,0.60233
1491,0.201172,0.209348,0.602396
1492,0.0782328,0.101749,0.602949
1493,0.0639677,0.0958308,0.603965
1494,0.076957,0.0768038,0.603965
1495,0.0400818,0.0527694,0.604126
1496,0.222886,0.259063,0.605435
1497,0.0894235,0.116643,0.606175
1498,0.0138351,0.0602278,0.608328
1499,0.0150912,0.0551116,0.609929
1500,0.0350364,0.0568428,0.610405
1501,0.0274811,0.0446637,0.6107
1502,0.144664,0.147781,0.61071
1503,0.254127,0.249631,0.61073
1504,0.267041,0.300835,0.611872
1505,0.213449,0.228837,0.612109
1506,0.12664,0.127974,0.612111
1507,0.211492,0.168662,0.613945
1508,0.0962623,0.099385,0.613955
1509,0.110188,0.100568,0.614047
1510,0.196601,0.202352,0.61408
1511,0.0882452,0.104559,0.614347
1512,0.0189205,0.0533311,0.615531
1513,-0.00300946,0.0457712,0.61791
1514,0.0879975,0.0725453,0.618149
1515,0.201549,0.168678,0.619229
1516,0.137911,0.121849,0.619487
1517,0.150757,0.130235,0.619909
1518,0.118234,0.0745412,0.621818
1519,0.156975,0.144488,0.621974
1520,0.149617,0.139189,0.622082
1521,0.183519,0.162262,0.622534
1522,0.0943437,0.0790007,0.62277
1523,0.103729,0.105978,0.622775
1524,0.0759775,0.0819364,0.62281
1525,0.0726968,0.0520315,0.623237
1526,0.097229,0.0487482,0.625588
1527,0.101456,0.071426,0.626489
1528,0.243285,0.268091,0.627105
1529,0.176296,0.158651,0.627416
1530,0.107804,0.112148,0.627435
1531,0.0255161,0.0658151,0.629059
1532,0.0393082,0.044561,0.629087
1533,0.100855,0.104972,0.629104
1534,0.116245,0.110445,0.629137
1535,0.142157,0.13454,0.629195
1536,0.124081,0.0978928,0.629881
1537,0.212184,0.192538,0.630267
1538,0.171919,0.134025,0.631703
1539,0.15479,0.0847281,0.636611
1540,0.221298,0.195476,0.637278
1541,0.188901,0.156556,0.638324
1542,0.275374,0.282103,0.63837
1543,0.0999427,0.124367,0.638966
1544,0.0811747,0.105645,0.639565
1545,0.0420602,0.0632631,0.640015
1546,0.163383,0.167415,0.640031
1547,0.172538,0.144459,0.640819
1548,0.154638,0.139329,0.641054
1549,0.220115,0.196803,0.641597
1550,0.144756,0.108664,0.6429
1551,0.312636,0.335427,0.643419
1552,0.307697,0.350012,0.64521
1553,0.22959,0.19658,0.646299
1554,0.232992,0.190536,0.648102
1555,0.198232,0.16863,0.648978
1556,0.169275,0.153813,0.649217
1557,0.0927075,0.0772211,0.649457
1558,0.0722223,0.0765092,0.649475
1559,0.0389189,0.0656645,0.650191
1560,0.162499,0.182383,0.650586
1561,0.130712,0.113788,0.650873
1562,0.119294,0.117254,0.650877
1563,0.133246,0.132266,0.650878
1564,0.118609,0.0921861,0.651576
1565,0.150545,0.142621,0.651639
1566,0.210277,0.192927,0.65194
1567,0.0926539,0.100592,0.652003
1568,0.187954,0.184023,0.652018
1569,0.159907,0.156035,0.652033
1570,0.117717,0.117496,0.652033
1571,0.163165,0.135689,0.652788
1572,0.117321,0.106794,0.652899
1573,0.0961955,0.0875538,0.652974
1574,0.169418,0.161686,0.653033
1575,0.164421,0.117618,0.655224
1576,0.174432,0.137572,0.656583
1577,0.225409,0.199735,0.657242
1578,0.363145,0.382969,0.657635
1579,0.187997,0.195372,0.657689
1580,0.263192,0.274442,0.657816
1581,0.160052,0.171456,0.657946
1582,0.170141,0.180534,0.658054
1583,0.181729,0.172318,0.658142
1584,0.141722,0.116277,0.65879
1585,0.284741,0.278901,0.658824
1586,0.1255,0.137807,0.658975
1587,0.158924,0.144143,0.659194
1588,0.108237,0.11455,0.659234
1589,0.289099,0.360881,0.664386
1590,0.235855,0.261794,0.665059
1591,0.155453,0.131903,0.665614
1592,0.174738,0.128042,0.667794
1593,0.133696,0.103272,0.66872
1594,0.351544,0.359561,0.668784
1595,0.218671,0.239099,0.669201
1596,0.209139,0.22419,0.669428
1597,0.206841,0.180544,0.670119
1598,0.125984,0.120794,0.670146
1599,0.219931,0.196245,0.670707
1600,0.0680362,0.0999095,0.671723
1601,0.281804,0.30962,0.672497
1602,0.14548,0.173675,0.673292
1603,0.278767,0.312734,0.674446
1604,0.282582,0.337518,0.677464
1605,0.152636,0.165997,0.677642
1606,0.154167,0.140341,0.677834
1607,0.0939733,0.0992147,0.677861
1608,0.324512,0.358214,0.678997
1609,0.238615,0.262661,0.679575
1610,0.330437,0.37938,0.68197
1611,0.149442,0.211613,0.685836
1612,0.197084,0.224203,0.686571
1613,0.166208,0.18414,0.686893
1614,0.111559,0.110038,0.686895
1615,0.164195,0.156509,0.686954
1616,0.0989259,0.102725,0.686969
1617,0.184053,0.181721,0.686974
1618,0.219662,0.204895,0.687192
1619,0.297498,0.287386,0.687294
1620,0.246445,0.214666,0.688304
1621,0.212483,0.17976,0.689375
1622,0.410143,0.406273,0.68939
1623,0.247869,0.25789,0.68949
1624,0.38301,0.413362,0.690412
1625,0.161873,0.204736,0.692249
1626,0.121427,0.149636,0.693045
1627,0.112289,0.119323,0.693094
1628,0.0649463,0.0836353,0.693443
1629,0.056333,0.0856033,0.6943
1630,0.0489804,0.0689364,0.694698
1631,0.161716,0.135675,0.695377
1632,0.191884,0.178353,0.69556
1633,0.263573,0.276135,0.695717
1634,0.16754,0.20281,0.696961
1635,0.307902,0.32384,0.697215
1636,0.277167,0.27563,0.697218
1637,0.224468,0.240966,0.69749
1638,0.42088,0.415628,0.697518
1639,0.188951,0.200878,0.69766
1640,0.0824825,0.102262,0.698051
1641,0.110836,0.108081,0.698059
1642,0.052862,0.0718559,0.698419
1643,0.156198,0.149935,0.698459
1644,0.0556847,0.0803028,0.699065
1645,0.136392,0.153527,0.699358
1646,0.179187,0.160349,0.699713
1647,0.236251,0.216776,0.700092
1648,0.259268,0.244364,0.700315
1649,0.120611,0.123164,0.700321
1650,0.0794778,0.0945645,0.700549
1651,0.163163,0.131914,0.701525
1652,0.27105,0.251548,0.701906
1653,0.379508,0.399905,0.702322
1654,0.153811,0.178702,0.702941
1655,0.211833,0.21514,0.702952
1656,0.197052,0.208304,0.703079
1657,0.178315,0.149109,0.703932
1658,0.118591,0.0865896,0.704956
1659,0.274955,0.231407,0.706852
1660,0.158213,0.180924,0.707368
1661,0.136309,0.137994,0.707371
1662,0.17469,0.180435,0.707404
1663,0.066585,0.0932322,0.708114
1664,0.0286829,0.0544652,0.708779
1665,0.0445103,0.0588248,0.708984
1666,0.181457,0.199456,0.709308
1667,0.156708,0.125556,0.710278
1668,0.086123,0.071239,0.7105
1669,0.157243,0.164208,0.710548
1670,0.342386,0.36025,0.710867
1671,0.187237,0.179104,0.710933
1672,0.182214,0.181328,0.710934
1673,0.388091,0.398611,0.711045
1674,0.250731,0.190562,0.714665
1675,0.166533,0.150776,0.714913
1676,0.266957,0.263027,0.714929
1677,0.15173,0.163998,0.715079
1678,0.0517454,0.0838011,0.716107
1679,0.0430349,0.0718084,0.716935
1680,0.214825,0.241387,0.71764
1681,0.170727,0.140843,0.718533
1682,0.0757419,0.0735724,0.718538
1683,0.0650337,0.0619737,0.718547
1684,0.178712,0.174955,0.718561
1685,0.172457,0.169064,0.718573
1686,0.172593,0.187592,0.718798
1687,0.276238,0.28989,0.718984
1688,0.144965,0.143457,0.718987
1689,0.165241,0.163946,0.718988
1690,0.353884,0.351188,0.718996
1691,0.184242,0.194794,0.719107
1692,0.124322,0.125973,0.71911
1693,0.0846192,0.0909255,0.719149
1694,0.229754,0.234828,0.719175
1695,0.276165,0.304524,0.719979
1696,0.158619,0.145365,0.720155
1697,0.149859,0.102545,0.722394
1698,0.120744,0.105522,0.722625
1699,0.139653,0.123203,0.722896
1700,0.147842,0.111356,0.724227
1701,0.156142,0.130601,0.72488
1702,0.249391,0.244808,0.724901
1703,0.140423,0.126674,0.72509
1704,0.144224,0.0937585,0.727636
1705,0.129223,0.0964259,0.728712
1706,0.0950602,0.0649726,0.729617
1707,0.0305184,0.043958,0.729798
1708,0.111729,0.108939,0.729806
1709,0.136196,0.112373,0.730373
1710,0.122144,0.0950032,0.73111
1711,0.316774,0.329077,0.731261
1712,0.18155,0.208641,0.731995
1713,0.159596,0.166312,0.73204
1714,0.042757,0.0776393,0.733257
1715,0.14949,0.155938,0.733299
1716,0.0870135,0.0911261,0.733315
1717,0.063877,0.0605438,0.733327
1718,0.103401,0.0656964,0.734748
1719,0.081463,0.0793502,0.734753
1720,0.0856198,0.0646508,0.735192
1721,0.0686467,0.0491407,0.735573
1722,0.093198,0.0845914,0.735647
1723,0.104158,0.0906786,0.735829
1724,0.0221292,0.0502142,0.736617
1725,0.246966,0.277826,0.73757
1726,0.152672,0.132881,0.737961
1727,0.218329,0.228149,0.738058
1728,0.0973994,0.100032,0.738065
1729,0.279536,0.292264,0.738227
1730,0.155197,0.136813,0.738565
1731,0.138247,0.133469,0.738588
1732,0.342682,0.323341,0.738962
1733,0.227896,0.2121,0.739211
1734,0.173559,0.138018,0.740474
1735,0.122645,0.0802171,0.742275
1736,0.197749,0.187522,0.742379
1737,0.230585,0.227108,0.742391
1738,0.108269,0.114057,0.742425
1739,0.292188,0.310899,0.742775
1740,0.191109,0.16901,0.743263
1741,0.148902,0.124986,0.743835
1742,0.237795,0.217802,0.744235
1743,0.245755,0.245708,0.744235
1744,0.0961219,0.123045,0.74496
1745,0.129584,0.141292,0.745097
1746,0.126923,0.112967,0.745292
1747,0.142906,0.139637,0.745302
1748,0.069481,0.0798532,0.74541
1749,0.136718,0.0626415,0.750897
1750,0.143903,0.130371,0.75108
1751,0.134745,0.128715,0.751117
1752,0.0612817,0.0649411,0.75113
1753,0.0737456,0.0577722,0.751385
1754,0.286373,0.289107,0.751393
1755,0.171457,0.161241,0.751497
1756,0.302015,0.299669,0.751502
1757,0.224664,0.211373,0.751679
1758,0.0862228,0.103385,0.751974
1759,0.1468,0.14483,0.751978
1760,0.142398,0.106,0.753302
1761,0.174557,0.143672,0.754256
1762,0.163591,0.126242,0.755651
1763,0.164695,0.148193,0.755924
1764,0.124668,0.0971695,0.75668
1765,0.139644,0.132276,0.756734
1766,0.0359608,0.0653507,0.757598
1767,0.06849,0.0532634,0.75783
1768,0.197177,0.2081,0.757949
1769,0.171371,0.150511,0.758384
1770,0.288383,0.303993,0.758628
1771,0.249586,0.26493,0.758863
1772,0.200722,0.168303,0.759914
1773,0.255209,0.227687,0.760672
1774,0.280062,0.269719,0.760779
1775,0.122632,0.126988,0.760798
1776,0.232387,0.234164,0.760801
1777,0.154995,0.153003,0.760805
1778,0.140787,0.124301,0.761077
1779,0.285513,0.292002,0.761119
1780,0.174051,0.15282,0.761569
1781,0.242141,0.254533,0.761723
1782,0.140687,0.168882,0.762518
1783,0.142243,0.126505,0.762766
1784,0.0895028,0.0820637,0.762821
1785,0.315025,0.350396,0.764072
1786,0.186138,0.196456,0.764178
1787,0.274604,0.284994,0.764286
1788,0.136821,0.142257,0.764316
1789,0.0556947,0.0765404,0.764751
1790,0.0614257,0.0766877,0.764983
1791,0.055573,0.0618055,0.765022
1792,0.0717775,0.0470012,0.765636
1793,0.227434,0.219437,0.7657
1794,0.121377,0.1345,0.765872
1795,0.265737,0.282916,0.766167
1796,0.176316,0.195211,0.766525
1797,0.0671366,0.0922915,0.767157
1798,0.0527313,0.0618027,0.76724
1799,0.255472,0.249914,0.76727
1800,0.192449,0.227728,0.768515
1801,0.234783,0.228532,0.768554
1802,0.111367,0.108128,0.768565
1803,0.07005,0.0945172,0.769163
1804,0.0609088,0.0707503,0.76926
1805,0.09988,0.071013,0.770093
1806,-0.0164735,0.0399754,0.77328
1807,-0.015597,0.032845,0.775626
1808,0.129065,0.117043,0.775771
1809,0.135871,0.076862,0.779253
1810,0.251984,0.200451,0.781909
1811,0.127227,0.0889,0.783378
1812,0.296933,0.261234,0.784652
1813,0.285926,0.285164,0.784653
1814,0.20814,0.223219,0.78488
1815,0.100136,0.100576,0.78488
1816,0.154855,0.123802,0.785845
1817,0.15333,0.128218,0.786475
1818,0.175011,0.19505,0.786877
1819,0.291552,0.282194,0.786964
1820,0.145142,0.133065,0.78711
1821,0.05649,0.0681446,0.787246
1822,0.307204,0.311569,0.787265
1823,0.191828,0.162384,0.788132
1824,0.216909,0.206388,0.788243
1825,0.363977,0.344006,0.788642
1826,0.402349,0.448073,0.790732
1827,0.259961,0.228337,0.791732
1828,0.174386,0.159752,0.791946
1829,0.0322525,0.0826556,0.794487
1830,0.0862569,0.129727,0.796377
1831,0.135504,0.151207,0.796623
1832,0.264451,0.258523,0.796658
1833,0.255539,0.240461,0.796886
1834,0.231885,0.208133,0.79745
1835,0.170171,0.160224,0.797549
1836,0.113185,0.0920819,0.797994
1837,0.179025,0.134303,0.799994
1838,0.327131,0.319698,0.800049
1839,0.326536,0.372102,0.802126
1840,0.376529,0.406436,0.80302
1841,0.172802,0.205204,0.80407
1842,0.0739631,0.119786,0.80617
1843,0.00186517,0.06707,0.810421
1844,0.0978697,0.114993,0.810715
1845,0.0138969,0.063701,0.813195
1846,0.0252871,0.0627589,0.814599
1847,0.0749683,0.0727556,0.814604
1848,0.14848,0.117106,0.815588
1849,0.085076,0.0640098,0.816032
1850,0.0743458,0.0447985,0.816905
1851,0.0528639,0.0614972,0.81698
1852,0.0805152,0.0929901,0.817135
1853,0.207874,0.204182,0.817149
1854,0.223044,0.225821,0.817157
1855,0.179948,0.187902,0.81722
1856,0.130983,0.108976,0.817704
1857,0.104191,0.073141,0.818668
1858,0.181689,0.165281,0.818938
1859,0.0323764,0.0736693,0.820643
1860,0.00354106,0.0483671,0.822652
1861,0.0741093,0.079935,0.822686
1862,0.0954449,0.0985465,0.822696
1863,0.0161886,0.0501987,0.823852
1864,0.133012,0.143462,0.823962
1865,0.158563,0.162022,0.823974
1866,0.14067,0.116984,0.824535
1867,0.208743,0.199598,0.824618
1868,0.268934,0.282601,0.824805
1869,0.255017,0.24512,0.824903
1870,0.175827,0.177009,0.824904
1871,0.181053,0.150287,0.825851
1872,0.225088,0.206094,0.826212
1873,0.0949246,0.0979357,0.826221
1874,0.0924583,0.0959097,0.826233
1875,0.161061,0.160438,0.826233
1876,0.161791,0.122345,0.827789
1877,0.0963515,0.0868284,0.82788
1878,0.0463951,0.0622931,0.828132
1879,0.0814272,0.0748126,0.828176
1880,0.262564,0.283474,0.828613
1881,0.178941,0.161097,0.828932
1882,0.234399,0.2063,0.829721
1883,0.159311,0.137519,0.830196
1884,0.0867777,0.0843822,0.830202
1885,0.133568,0.116526,0.830492
1886,0.132588,0.119392,0.830666
1887,0.0862078,0.0880731,0.83067
1888,0.230504,0.2029,0.831432
1889,0.181922,0.192178,0.831537
1890,0.137036,0.153836,0.831819
1891,0.132241,0.117645,0.832032
1892,0.127277,0.0934125,0.833179
1893,0.090734,0.0747845,0.833434
1894,0.224102,0.23188,0.833494
1895,0.10677,0.12764,0.83393
1896,0.20218,0.183216,0.834289
1897,0.133235,0.127534,0.834322
1898,0.132523,0.0976921,0.835535
1899,0.134393,0.103687,0.836478
1900,0.197496,0.169489,0.837262
1901,0.251998,0.233207,0.837615
1902,0.364602,0.380297,0.837862
1903,0.262728,0.260191,0.837868
1904,0.328747,0.33564,0.837916
1905,0.264856,0.261446,0.837927
1906,0.39172,0.414798,0.83846
1907,0.240274,0.232234,0.838525
1908,0.16115,0.178406,0.838822
1909,0.150547,0.149716,0.838823
1910,0.346779,0.366438,0.83921
1911,0.3198,0.337196,0.839512
1912,0.297853,0.303612,0.839545
1913,0.149556,0.173683,0.840127
1914,0.376757,0.405519,0.840955
1915,0.204423,0.213658,0.84104
1916,0.181884,0.151934,0.841937
1917,0.230278,0.221114,0.842021
1918,0.226513,0.21627,0.842126
1919,0.196203,0.209632,0.842306
1920,0.370262,0.443839,0.84772
1921,0.162002,0.237143,0.853366
1922,0.0356556,0.129976,0.862262
1923,0.0503029,0.122969,0.867543
1924,0.145272,0.164201,0.867901
1925,0.166129,0.146602,0.868282
1926,0.105249,0.0876317,0.868593
1927,0.0533597,0.0588833,0.868623
1928,0.133739,0.109235,0.869224
1929,0.0894697,0.0588077,0.870164
1930,0.0767935,0.0596335,0.870458
1931,0.0604115,0.0676886,0.870511
1932,0.112965,0.0987189,0.870714
1933,0.156195,0.165224,0.870796
1934,0.262465,0.281236,0.871148
1935,0.166142,0.14975,0.871417
1936,0.11325,0.0777934,0.872674
1937,0.139353,0.135986,0.872685
1938,0.062328,0.0719169,0.872777
1939,0.0182706,0.0446683,0.873474
1940,-0.0533329,0.0299783,0.880415
1941,-0.040382,0.0296906,0.885325
1942,0.0185801,0.0509207,0.886371
1943,0.197522,0.223152,0.887028
1944,0.115876,0.095092,0.88746
1945,0.0717109,0.0732454,0.887462
1946,0.0207307,0.0510858,0.888384
1947,0.226391,0.25244,0.889062
1948,0.144898,0.121186,0.889624
1949,0.118483,0.117834,0.889625
1950,0.229357,0.234288,0.889649
1951,0.134077,0.119724,0.889855
1952,0.104889,0.0772321,0.89062
1953,0.131812,0.070036,0.894436
1954,0.118132,0.0819453,0.895746
1955,0.107444,0.0984436,0.895827
1956,0.212791,0.193647,0.896193
1957,0.0908492,0.0971842,0.896233
1958,0.103643,0.0500727,0.899103
1959,0.333375,0.254705,0.905292
1960,0.168133,0.129887,0.906755
1961,0.202042,0.163603,0.908233
1962,0.0618251,0.0788309,0.908522
1963,0.107766,0.0976276,0.908625
1964,0.140468,0.127975,0.908781
1965,0.122675,0.0782044,0.910758
1966,0.278405,0.280886,0.910764
1967,0.333195,0.326449,0.91081
1968,0.355779,0.368715,0.910977
1969,0.322912,0.344323,0.911436
1970,0.318492,0.316254,0.911441
1971,0.137347,0.154195,0.911724
1972,0.147941,0.115244,0.912794
1973,0.219198,0.186818,0.913842
1974,0.251234,0.219905,0.914823
1975,0.158551,0.149142,0.914912
1976,0.182644,0.11938,0.918914
1977,0.155932,0.120017,0.920204
1978,0.0998087,0.0880605,0.920342
1979,0.0781934,0.0981084,0.920739
1980,0.099386,0.076015,0.921285
1981,0.212967,0.218235,0.921313
1982,0.207413,0.194015,0.921492
1983,0.280719,0.264803,0.921746
1984,0.2072,0.200041,0.921797
1985,0.152022,0.16088,0.921875
1986,0.0954987,0.0982643,0.921883
1987,0.17543,0.162165,0.922059
1988,0.24482,0.233041,0.922198
1989,0.103968,0.115943,0.922341
1990,0.321342,0.328667,0.922395
1991,0.224113,0.25338,0.923251
1992,0.170996,0.152876,0.92358
1993,0.0435793,0.0826489,0.925106
1994,-0.0173595,0.0473315,0.929291
1995,0.121838,0.15852,0.930636
1996,0.0959231,0.110682,0.930854
1997,0.197469,0.207559,0.930956
1998,0.19591,0.202614,0.931001
1999,0.293958,0.2973,0.931012
2000,0.143371,0.140296,0.931022
2001,0.125866,0.083441,0.932822
2002,0.316757,0.310783,0.932857
2003,0.191479,0.165572,0.933528
2004,0.30904,0.341237,0.934565
2005,0.333549,0.32666,0.934612
2006,0.140231,0.157665,0.934916
2007,0.0355755,0.0838472,0.937247
2008,0.0949642,0.0700748,0.937866
2009,0.163727,0.156497,0.937918
2010,0.0740853,0.0901656,0.938177
2011,0.0808695,0.0717615,0.93826
2012,0.156736,0.112478,0.940219
2013,0.185646,0.112656,0.945546
2014,0.116106,0.0616348,0.948513
2015,0.104866,0.0471877,0.95184
2016,0.264591,0.255833,0.951917
2017,0.228898,0.227949,0.951918
2018,0.215321,0.171735,0.953817
2019,0.200953,0.171956,0.954658
2020,0.058103,0.0801595,0.955145
2021,0.112853,0.102884,0.955244
2022,0.100069,0.0925589,0.955301
2023,0.204183,0.198705,0.955331
2024,0.0930469,0.0990769,0.955367
2025,0.0038802,0.0528178,0.957762
2026,0.026867,0.0585416,0.958765
2027,0.0989836,0.0919899,0.958814
2028,0.174888,0.166188,0.95889
2029,0.166037,0.163924,0.958894
2030,0.247098,0.28491,0.960324
2031,0.211888,0.225101,0.960498
2032,0.148823,0.139194,0.960591
2033,0.0712134,0.0677879,0.960603
2034,0.0961098,0.0559601,0.962215
2035,0.206116,0.182973,0.962751
2036,0.127915,0.115736,0.962899
2037,0.240385,0.262943,0.963408
2038,0.199452,0.183461,0.963663
2039,0.168754,0.124965,0.965581
2040,0.100851,0.092349,0.965653
2041,0.256316,0.227758,0.966469
2042,0.226456,0.211652,0.966688
2043,0.176723,0.166588,0.966791
2044,0.112168,0.105709,0.966832
2045,0.277392,0.284223,0.966879
2046,0.168459,0.134734,0.968016
2047,0.0729917,0.0670876,0.968051
2048,0.273715,0.319786,0.970174
2049,0.284471,0.308462,0.970749
2050,0.339301,0.347389,0.970815
2051,0.357903,0.367449,0.970906
2052,0.368868,0.406209,0.9723
2053,0.368974,0.353526,0.972539
2054,0.292095,0.29524,0.972549
2055,0.212019,0.217056,0.972574
2056,0.146266,0.14945,0.972584
2057,0.18409,0.20373,0.97297
2058,0.102264,0.112567,0.973076
2059,0.289729,0.295111,0.973105
2060,0.1483,0.1631,0.973324
2061,0.187107,0.145771,0.975033
2062,0.202516,0.199744,0.975041
2063,0.220738,0.242163,0.9755
2064,0.186944,0.13352,0.978354
2065,0.147793,0.123085,0.978964
2066,0.36951,0.386109,0.97924
2067,0.291591,0.346686,0.982275
2068,0.349318,0.36177,0.98243
2069,0.191073,0.197374,0.98247
2070,0.0454051,0.102575,0.985738
2071,0.138204,0.155106,0.986024
2072,0.126083,0.109291,0.986306
2073,0.100233,0.102257,0.98631
2074,0.140086,0.104915,0.987547
2075,0.12068,0.0843628,0.988866
2076,0.137262,0.11588,0.989323
2077,0.0916526,0.0863927,0.989351
2078,0.0636424,0.0515347,0.989497
2079,0.0129884,0.0396591,0.990209
2080,0.145648,0.161593,0.990463
2081,0.261149,0.281904,0.990894
2082,0.284288,0.323747,0.992451
2083,0.194373,0.183311,0.992573
2084,0.101832,0.0882999,0.992756
2085,0.199009,0.186843,0.992904
2086,0.182963,0.182528,0.992904
2087,0.160122,0.136588,0.993458
2088,0.0426537,0.0694348,0.994176
2089,0.104746,0.0854022,0.99455
2090,0.156572,0.151227,0.994578
2091,0.157068,0.137499,0.994961
2092,0.25738,0.260916,0.994974
2093,0.0785014,0.120498,0.996737
2094,0.0949046,0.138044,0.998598
2095,0.135983,0.14739,0.998729
2096,0.330774,0.330699,0.998729
2097,0.231686,0.241647,0.998828
2098,0.241724,0.231468,0.998933
2099,0.373694,0.36072,0.999101
2100,0.238272,0.214992,0.999643
2101,0.370222,0.380313,0.999745
2102,0.177834,0.191239,0.999925
2103,0.129543,0.125546,0.999941
2104,0.161039,0.133984,1.00067
2105,0.320956,0.318205,1.00068
2106,0.221309,0.208575,1.00084
2107,0.163466,0.128136,1.00209
2108,0.238448,0.203216,1.00333
2109,0.232354,0.214898,1.00364
2110,0.147785,0.137601,1.00374
2111,0.215877,0.195443,1.00416
2112,0.12901,0.124136,1.00418
2113,0.188986,0.201823,1.00435
2114,0.196126,0.186167,1.00445
2115,0.333197,0.338431,1.00447
2116,0.320511,0.333925,1.00465
2117,0.154299,0.171265,1.00494
2118,0.0946422,0.108788,1.00514
2119,0.267724,0.262678,1.00517
2120,0.177703,0.166658,1.00529
2121,0.168405,0.18021,1.00543
2122,0.126004,0.100912,1.00606
2123,0.132297,0.087809,1.00804
2124,0.0670306,0.0544159,1.0082
2125,0.300196,0.321745,1.00866
2126,0.172792,0.17477,1.00866
2127,0.0974756,0.111509,1.00886
2128,0.281486,0.280586,1.00886
2129,0.169164,0.139932,1.00972
2130,0.307237,0.305995,1.00972
2131,0.219813,0.196585,1.01026
2132,0.166445,0.151017,1.0105
2133,0.2959,0.31143,1.01074
2134,0.255791,0.283392,1.0115
2135,0.210119,0.220453,1.01161
2136,0.145325,0.118161,1.01234
2137,0.146567,0.101401,1.01438
2138,0.108342,0.0896659,1.01473
2139,0.16893,0.128882,1.01634
2140,0.137914,0.114628,1.01688
2141,0.0818971,0.0705077,1.01701
2142,0.158818,0.171208,1.01716
2143,0.12833,0.0917109,1.0185
2144,0.269676,0.230557,1.02003
2145,0.261513,0.222381,1.02156
2146,0.155869,0.150416,1.02159
2147,0.222071,0.192416,1.02247
2148,0.158907,0.11601,1.02431
2149,0.264742,0.255137,1.02441
2150,0.243117,0.224878,1.02474
2151,0.284483,0.261644,1.02526
2152,0.212866,0.17131,1.02699
2153,0.161367,0.13474,1.0277
2154,0.0951745,0.0868175,1.02777
2155,0.0940377,0.0864666,1.02782
2156,0.0652707,0.0639193,1.02782
2157,0.315777,0.333511,1.02814
2158,0.308755,0.36298,1.03108
2159,0.234336,0.234147,1.03108
2160,0.18305,0.163056,1.03148
2161,0.228748,0.201102,1.03224
2162,0.119469,0.122316,1.03225
2163,0.111269,0.113294,1.03226
2164,0.22898,0.222085,1.0323
2165,0.180343,0.191863,1.03244
2166,0.142692,0.146169,1.03245
2167,0.264292,0.269616,1.03248
2168,0.144798,0.153411,1.03255
2169,0.191106,0.204754,1.03274
2170,0.106949,0.124816,1.03306
2171,0.251479,0.227323,1.03364
2172,0.351906,0.363887,1.03378
2173,0.247394,0.254203,1.03383
2174,0.256161,0.233087,1.03436
2175,0.379888,0.368891,1.03448
2176,0.272502,0.293302,1.03492
2177,0.191758,0.191527,1.03492
2178,0.319265,0.325596,1.03496
2179,0.23073,0.235891,1.03498
2180,0.202846,0.188908,1.03518
2181,0.367646,0.392576,1.0358
2182,0.213688,0.222107,1.03587
2183,0.131382,0.149372,1.03619
2184,0.189499,0.214055,1.0368
2185,0.217568,0.20017,1.0371
2186,0.219969,0.208443,1.03723
2187,0.349058,0.376772,1.038
2188,0.263558,0.276184,1.03816
2189,0.400855,0.431765,1.03911
2190,0.200465,0.255947,1.04219
2191,0.244319,0.27634,1.04322
2192,0.202149,0.213862,1.04336
2193,0.17932,0.208798,1.04422
2194,0.114527,0.136358,1.0447
2195,0.316156,0.344798,1.04552
2196,0.168261,0.212053,1.04744
2197,0.0897833,0.126407,1.04878
2198,0.144744,0.171738,1.04951
2199,0.137687,0.15197,1.04971
2200,0.141999,0.14775,1.04975
2201,0.26719,0.282416,1.04998
2202,0.312107,0.346294,1.05115
2203,0.423035,0.479872,1.05438
2204,0.196059,0.26297,1.05885
2205,0.122662,0.156801,1.06002
2206,0.126637,0.133175,1.06006
2207,0.0938131,0.0878777,1.0601
2208,0.102208,0.102621,1.0601
2209,0.0883361,0.0699832,1.06043
2210,0.18668,0.160082,1.06114
2211,0.182702,0.160161,1.06165
2212,0.163264,0.151478,1.06179
2213,0.188038,0.181165,1.06184
2214,0.234671,0.226545,1.0619
2215,0.227439,0.232864,1.06193
2216,0.343164,0.378165,1.06316
2217,0.21573,0.186056,1.06404
2218,0.216134,0.218276,1.06404
2219,0.0823744,0.10581,1.06459
2220,0.191412,0.199618,1.06466
2221,0.0920317,0.105345,1.06484
2222,0.17403,0.209517,1.06609
2223,0.109204,0.109099,1.06609
2224,0.286706,0.297773,1.06622
2225,0.341871,0.358322,1.06649
2226,0.162773,0.182843,1.06689
2227,0.125257,0.132496,1.06694
2228,0.170055,0.153204,1.06723
2229,0.1512,0.125661,1.06788
2230,0.204665,0.198722,1.06791
2231,0.130439,0.102859,1.06868
2232,0.276261,0.246143,1.06958
2233,0.152476,0.126391,1.07026
2234,0.253165,0.256634,1.07027
2235,0.160169,0.170668,1.07039
2236,0.164858,0.165405,1.07039
2237,0.144959,0.13442,1.0705
2238,0.269284,0.275771,1.07054
2239,0.215952,0.218213,1.07054
2240,0.142877,0.122682,1.07095
2241,0.0932576,0.086771,1.07099
2242,0.0461514,0.0596233,1.07118
2243,0.0671288,0.0758576,1.07125
2244,0.0746128,0.081773,1.0713
2245,0.135647,0.139872,1.07132
2246,0.264497,0.28002,1.07156
2247,0.324755,0.344106,1.07194
2248,0.197496,0.206867,1.07202
2249,0.203889,0.211098,1.07208
2250,0.140156,0.144987,1.0721
2251,0.12288,0.131799,1.07218
2252,0.251943,0.247334,1.0722
2253,0.207951,0.200888,1.07225
2254,0.101858,0.0975214,1.07227
2255,0.101995,0.0991689,1.07228
2256,0.0687655,0.066869,1.07228
2257,0.0821872,0.0765736,1.07231
2258,0.0633981,0.0712495,1.07237
2259,0.157648,0.142968,1.07259
2260,0.164076,0.125838,1.07405
2261,0.349555,0.351845,1.07406
2262,0.162622,0.178223,1.0743
2263,0.33884,0.36662,1.07507
2264,0.180194,0.194737,1.07528
2265,0.261261,0.310091,1.07767
2266,0.334656,0.371789,1.07905
2267,0.298162,0.292053,1.07908
2268,0.142002,0.141268,1.07908
2269,0.0909631,0.0942737,1.07909
2270,0.18698,0.180091,1.07914
2271,0.12759,0.12039,1.07919
2272,0.167878,0.154363,1.07938
2273,0.222537,0.22149,1.07938
2274,0.170295,0.163773,1.07942
2275,0.181906,0.14265,1.08096
2276,0.142223,0.113667,1.08178
2277,0.235195,0.228156,1.08183
2278,0.11028,0.132801,1.08233
2279,0.358265,0.395913,1.08375
2280,0.416003,0.482714,1.0882
2281,0.290894,0.309679,1.08855
2282,0.255279,0.265179,1.08865
2283,0.179061,0.184491,1.08868
2284,0.171475,0.147984,1.08923
2285,0.102945,0.0869382,1.08949
2286,0.12132,0.101597,1.08988
2287,0.0996803,0.0951733,1.0899
2288,0.15019,0.116819,1.09101
2289,0.111817,0.0753167,1.09234
2290,0.167757,0.142472,1.09298
2291,0.265606,0.246902,1.09333
2292,0.190906,0.190802,1.09333
2293,0.200062,0.214237,1.09353
2294,0.386377,0.395136,1.09361
2295,0.26784,0.28122,1.09379
2296,0.163909,0.162239,1.09379
2297,0.190346,0.158973,1.09478
2298,0.139206,0.125618,1.09496
2299,0.0259871,0.0648421,1.09647
2300,0.127737,0.0976525,1.09738
2301,0.127872,0.119269,1.09745
2302,0.1389,0.0998746,1.09897
2303,0.105745,0.101039,1.099
2304,0.196795,0.180909,1.09925
2305,0.19923,0.183671,1.09949
2306,0.364984,0.384596,1.09988
2307,0.292399,0.274918,1.10018
2308,0.288348,0.305386,1.10047
2309,0.280402,0.299344,1.10083
2310,0.163882,0.159254,1.10085
2311,0.157321,0.129647,1.10162
2312,0.0945541,0.0859066,1.10169
2313,0.105289,0.0636001,1.10343
2314,0.147438,0.0958156,1.10609
2315,0.205744,0.159553,1.10823
2316,0.19773,0.158707,1.10975
2317,0.299957,0.267965,1.11077
2318,0.247105,0.219926,1.11151
2319,0.134262,0.153933,1.1119
2320,0.165567,0.13775,1.11267
2321,0.220759,0.181054,1.11425
2322,0.236336,0.226949,1.11434
2323,0.203841,0.186564,1.11464
2324,0.188927,0.152324,1.11598
2325,0.178601,0.136028,1.11779
2326,0.105278,0.0812123,1.11837
2327,0.218752,0.200216,1.11871
2328,0.127964,0.119991,1.11878
2329,0.0412332,0.0693017,1.11956
2330,0.082839,0.0936348,1.11968
2331,0.0985815,0.0700963,1.12049
2332,0.108349,0.0959358,1.12065
2333,0.115343,0.106788,1.12072
2334,0.135164,0.100627,1.12191
2335,0.155947,0.150273,1.12194
2336,0.277991,0.288938,1.12206
2337,0.101449,0.137458,1.12336
2338,0.141704,0.163832,1.12385
2339,0.0593896,0.0879662,1.12467
2340,0.0400353,0.0532428,1.12484
2341,0.112298,0.114055,1.12484
2342,0.114657,0.12304,1.12491
2343,0.0931056,0.0750076,1.12524
2344,0.107714,0.0943689,1.12542
2345,0.0234701,0.0499294,1.12612
2346,0.0613585,0.0844519,1.12665
2347,0.00473146,0.0481465,1.12854
2348,0.151799,0.165452,1.12872
2349,0.184265,0.18279,1.12873
2350,0.251925,0.245127,1.12877
2351,0.128135,0.129774,1.12878
2352,0.0879553,0.0803182,1.12883
2353,0.0964785,0.0656003,1.12979
2354,0.095018,0.0464,1.13215
2355,0.220496,0.20103,1.13253
2356,0.154322,0.157177,1.13254
2357,0.217482,0.214558,1.13255
2358,0.186434,0.18264,1.13256
2359,0.144377,0.117336,1.13329
2360,0.109398,0.0975076,1.13343
2361,0.0195424,0.0516494,1.13446
2362,0.146317,0.160911,1.13468
2363,0.154777,0.165705,1.1348
2364,0.17534,0.159984,1.13503
2365,0.188023,0.186927,1.13503
2366,0.153704,0.1094,1.137
2367,0.136244,0.103104,1.1381
2368,0.206673,0.176055,1.13903
2369,0.380109,0.407597,1.13979
2370,0.261815,0.261049,1.13979
2371,0.158962,0.165372,1.13983
2372,0.231676,0.213187,1.14017
2373,0.325069,0.342567,1.14048
2374,0.201701,0.186562,1.14071
2375,0.123665,0.122897,1.14071
2376,0.127631,0.122491,1.14073
2377,0.233511,0.230933,1.14074
2378,0.161094,0.157192,1.14076
2379,0.278819,0.26716,1.14089
2380,0.144058,0.141225,1.1409
2381,0.112871,0.118334,1.14093
2382,0.154774,0.155411,1.14093
2383,0.272063,0.269848,1.14094
2384,0.184672,0.165357,1.14131
2385,0.0545377,0.0852309,1.14225
2386,0.133256,0.139115,1.14228
2387,0.319617,0.354369,1.14349
2388,0.254336,0.277068,1.14401
2389,0.290806,0.279858,1.14413
2390,0.221329,0.199539,1.1446
2391,0.152849,0.13458,1.14494
2392,0.167344,0.140342,1.14567
2393,0.31831,0.301462,1.14595
2394,0.167158,0.158108,1.14603
2395,0.219389,0.202983,1.1463
2396,0.2563,0.22604,1.14722
2397,0.261691,0.277083,1.14745
2398,0.169547,0.164518,1.14748
2399,0.128093,0.0908123,1.14887
2400,0.188675,0.168978,1.14926
2401,0.131684,0.0907482,1.15093
2402,0.235069,0.221629,1.15111
2403,0.3334,0.356803,1.15166
2404,0.260116,0.224802,1.15291
2405,0.170497,0.146597,1.15348
2406,0.279976,0.253293,1.15419
2407,0.215198,0.161962,1.15703
2408,0.256464,0.23478,1.1575
2409,0.180394,0.156649,1.15806
2410,0.263625,0.2593,1.15808
2411,0.211971,0.175249,1.15943
2412,0.199285,0.135931,1.16344
2413,0.331882,0.335976,1.16346
2414,0.266497,0.27654,1.16356
2415,0.118965,0.137355,1.1639
2416,0.205225,0.218739,1.16408
2417,0.244779,0.289687,1.1661
2418,0.133123,0.18033,1.16832
2419,0.256456,0.285012,1.16914
2420,0.161996,0.191311,1.17
2421,0.116064,0.123212,1.17005
2422,0.0705673,0.100011,1.17092
2423,0.177431,0.139341,1.17237
2424,0.218168,0.186826,1.17335
2425,0.150831,0.141117,1.17344
2426,0.194865,0.172933,1.17393
2427,0.193029,0.142787,1.17645
2428,0.172472,0.14939,1.17698
2429,0.1466,0.122426,1.17757
2430,0.194238,0.183328,1.17769
2431,0.18874,0.182703,1.17772
2432,0.190129,0.183108,1.17777
2433,0.239291,0.225281,1.17797
2434,0.163537,0.137519,1.17865
2435,0.219074,0.211489,1.1787
2436,0.130733,0.132587,1.17871
2437,0.206471,0.194591,1.17885
2438,0.177989,0.15924,1.1792
2439,0.167927,0.124542,1.18108
2440,0.395502,0.391364,1.1811
2441,0.187516,0.186595,1.1811
2442,0.177214,0.194712,1.18141
2443,0.15808,0.166692,1.18148
2444,0.174018,0.200016,1.18216
2445,0.176174,0.181748,1.18219
2446,0.115519,0.127976,1.18234
2447,0.114296,0.112636,1.18234
2448,0.145393,0.131631,1.18253
2449,0.304774,0.323753,1.18289
2450,0.224221,0.257832,1.18402
2451,0.141609,0.161649,1.18443
2452,0.214502,0.199588,1.18465
2453,0.156954,0.146152,1.18476
2454,0.199573,0.165312,1.18594
2455,0.137248,0.112058,1.18657
2456,0.0969762,0.0875514,1.18666
2457,0.166141,0.148528,1.18697
2458,0.200313,0.196418,1.18699
2459,0.215563,0.198409,1.18728
2460,0.0658878,0.0959007,1.18818
2461,0.0581082,0.0929034,1.18939
2462,0.180247,0.181838,1.1894
2463,0.264375,0.277195,1.18956
2464,0.231315,0.217119,1.18976
2465,0.208807,0.181355,1.19051
2466,0.239985,0.228396,1.19065
2467,0.182973,0.136501,1.19281
2468,0.17906,0.15775,1.19326
2469,0.194191,0.173048,1.19371
2470,0.128936,0.115286,1.1939
2471,0.240779,0.244693,1.19391
2472,0.149382,0.136593,1.19407
2473,0.202538,0.193638,1.19415
2474,0.0746191,0.0952142,1.19458
2475,0.087497,0.0799267,1.19464
2476,0.206304,0.206303,1.19464
2477,0.212459,0.227417,1.19486
2478,0.185322,0.190709,1.19489
2479,0.278184,0.28246,1.19491
2480,0.236127,0.242541,1.19495
2481,0.109892,0.128764,1.1953
2482,0.319713,0.334238,1.19551
2483,0.166945,0.175356,1.19559
2484,0.134227,0.13347,1.19559
2485,0.120634,0.120183,1.19559
2486,0.126056,0.0992778,1.1963
2487,0.14077,0.11949,1.19676
2488,0.206544,0.175414,1.19773
2489,0.167834,0.13149,1.19905
2490,0.138129,0.124667,1.19923
2491,0.142068,0.14539,1.19924
2492,0.256143,0.256859,1.19924
2493,0.209705,0.205726,1.19925
2494,0.15285,0.15171,1.19926
2495,0.175298,0.153283,1.19974
2496,0.234893,0.23924,1.19976
2497,0.129068,0.124796,1.19978
2498,0.10471,0.101837,1.19979
2499,0.0757494,0.0845725,1.19986
2500,0.105228,0.0939832,1.19999
2501,0.133308,0.130334,1.2
2502,0.220676,0.204329,1.20027
2503,0.204151,0.171441,1.20134
2504,0.170528,0.150844,1.20172
2505,0.175275,0.147759,1.20248
2506,0.164298,0.141801,1.20299
2507,0.10287,0.094641,1.20305
2508,0.0861228,0.0803491,1.20309
2509,0.104166,0.113574,1.20318
2510,0.202081,0.209707,1.20323
2511,0.162564,0.153516,1.20332
2512,0.156224,0.146077,1.20342
2513,0.185938,0.171077,1.20364
2514,0.132365,0.122124,1.20375
2515,0.206288,0.199028,1.2038
2516,0.179504,0.164567,1.20402
2517,0.103548,0.10246,1.20402
2518,0.211758,0.212455,1.20402
2519,0.263926,0.292964,1.20487
2520,0.170179,0.170065,1.20487
2521,0.0745623,0.0994938,1.20549
2522,0.144931,0.143324,1.20549
2523,0.173861,0.164218,1.20558
2524,0.308706,0.32113,1.20574
2525,0.222021,0.231637,1.20583
2526,0.235642,0.232228,1.20584
2527,0.337801,0.33629,1.20584
2528,0.203591,0.194948,1.20592
2529,0.229447,0.234865,1.20595
2530,0.296669,0.287877,1.20603
2531,0.172299,0.17395,1.20603
2532,0.132946,0.145037,1.20617
2533,0.136247,0.120788,1.20641
2534,0.236214,0.214387,1.20689
2535,0.24969,0.191799,1.21024
2536,0.283773,0.236285,1.2125
2537,0.290168,0.289462,1.2125
2538,0.242723,0.224324,1.21284
2539,0.195832,0.180685,1.21306
2540,0.183344,0.128549,1.21607
2541,0.135939,0.0963507,1.21763
2542,0.152408,0.0981952,1.22057
2543,0.297856,0.281838,1.22083
2544,0.39203,0.401743,1.22092
2545,0.184272,0.193466,1.22101
2546,0.0896328,0.133622,1.22294
2547,0.115329,0.10405,1.22307
2548,0.307759,0.327901,1.22348
2549,0.241663,0.224253,1.22378
2550,0.269861,0.248902,1.22422
2551,0.241998,0.247026,1.22424
2552,0.203185,0.209016,1.22428
2553,0.167377,0.156901,1.22439
2554,0.0945893,0.101877,1.22444
2555,0.10903,0.0778168,1.22542
2556,0.191678,0.179071,1.22557
2557,0.245821,0.219244,1.22628
2558,0.215896,0.204853,1.2264
2559,0.141915,0.10966,1.22744
2560,0.242608,0.209219,1.22856
2561,0.329653,0.3442,1.22877
2562,0.297823,0.310282,1.22893
2563,0.172337,0.188893,1.2292
2564,0.30782,0.308418,1.2292
2565,0.213377,0.210008,1.22921
2566,0.307164,0.305401,1.22921
2567,0.244642,0.240336,1.22923
2568,0.285401,0.270484,1.22946
2569,0.316813,0.335057,1.22979
2570,0.205577,0.217544,1.22993
2571,0.235451,0.242547,1.22998
2572,0.179404,0.180071,1.22998
2573,0.314024,0.340404,1.23068
2574,0.277043,0.291333,1.23088
2575,0.242683,0.236482,1.23092
2576,0.199861,0.196445,1.23093
2577,0.269161,0.271555,1.23094
2578,0.237521,0.222112,1.23118
2579,0.217935,0.228209,1.23128
2580,0.160021,0.152591,1.23134
2581,0.299248,0.297226,1.23134
2582,0.221089,0.231194,1.23144
2583,0.277379,0.291332,1.23164
2584,0.227091,0.223572,1.23165
2585,0.185637,0.180926,1.23167
2586,0.144816,0.122359,1.23218
2587,0.202058,0.171801,1.23309
2588,0.157716,0.154909,1.2331
2589,0.0654159,0.0870548,1.23357
2590,0.100835,0.119833,1.23393
2591,0.29757,0.302548,1.23395
2592,0.230885,0.237425,1.234
2593,0.282933,0.278587,1.23401
2594,0.190463,0.183676,1.23406
2595,0.193242,0.171983,1.23451
2596,0.0700339,0.0912541,1.23496
2597,0.0678798,0.0562551,1.2351
2598,0.241247,0.273531,1.23614
2599,0.198003,0.20002,1.23614
2600,0.188581,0.150638,1.23758
2601,0.074873,0.0781952,1.2376
2602,0.0704183,0.0846228,1.2378
2603,0.0336735,0.0544554,1.23823
2604,0.0244393,0.0427498,1.23856
2605,0.117479,0.121942,1.23858
2606,0.280366,0.272123,1.23865
2607,0.287383,0.280875,1.23869
2608,0.206101,0.172286,1.23984
2609,0.169939,0.158472,1.23997
2610,0.143536,0.0866014,1.24321
2611,0.0584191,0.0487064,1.24331
2612,0.274314,0.264158,1.24341
2613,0.235645,0.1739,1.24722
2614,0.216159,0.190826,1.24786
2615,0.119411,0.0941633,1.2485
2616,0.145808,0.104145,1.25024
2617,0.111186,0.110923,1.25024
2618,0.104507,0.0724863,1.25126
2619,0.15882,0.110468,1.2536
2620,0.214909,0.188781,1.25428
2621,0.319081,0.336662,1.25459
2622,0.141071,0.153515,1.25475
2623,0.179449,0.182849,1.25476
2624,0.153051,0.118845,1.25593
2625,0.175104,0.162587,1.25608
2626,0.266268,0.268651,1.25609
2627,0.195351,0.172225,1.25662
2628,0.208169,0.189492,1.25697
2629,0.272832,0.245914,1.2577
2630,0.135448,0.115065,1.25811
2631,0.163379,0.156781,1.25816
2632,0.379262,0.372638,1.2582
2633,0.30798,0.358098,1.26071
2634,0.23614,0.242604,1.26075
2635,0.166267,0.149093,1.26105
2636,0.0924684,0.0886461,1.26106
2637,0.106238,0.0926719,1.26125
2638,0.130926,0.0808066,1.26376
2639,0.201595,0.191583,1.26386
2640,0.176554,0.141894,1.26506
2641,0.197626,0.161285,1.26638
2642,0.197325,0.133856,1.27041
2643,0.342961,0.311896,1.27138
2644,0.148487,0.146961,1.27138
2645,0.13799,0.151729,1.27157
2646,0.186824,0.156684,1.27247
2647,0.18535,0.128456,1.27571
2648,0.186105,0.149446,1.27706
2649,0.115305,0.0910745,1.27764
2650,0.138959,0.127681,1.27777
2651,0.178935,0.158453,1.27819
2652,0.29571,0.31337,1.2785
2653,0.20923,0.236053,1.27922
2654,0.0989967,0.125399,1.27992
2655,0.198118,0.166909,1.28089
2656,0.0612343,0.0911438,1.28179
2657,0.137099,0.150067,1.28195
2658,0.0541407,0.079601,1.2826
2659,0.12655,0.133912,1.28266
2660,0.174634,0.146325,1.28346
2661,0.112397,0.0932943,1.28382
2662,0.0640729,0.0616545,1.28383
2663,0.0489158,0.0420439,1.28388
2664,0.160383,0.174048,1.28406
2665,0.205102,0.239253,1.28523
2666,0.311195,0.329257,1.28556
2667,0.297407,0.27423,1.28609
2668,0.214647,0.183645,1.28705
2669,0.244736,0.228815,1.28731
2670,0.159854,0.143623,1.28757
2671,0.22335,0.178281,1.2896
2672,0.215154,0.14464,1.29457
2673,0.319802,0.312665,1.29463
2674,0.403005,0.429935,1.29535
2675,0.294482,0.326154,1.29635
2676,0.100994,0.16036,1.29988
2677,0.0958419,0.0935543,1.29988
2678,0.298876,0.322427,1.30044
2679,0.233067,0.236522,1.30045
2680,0.262444,0.301925,1.30201
2681,0.195014,0.219396,1.3026
2682,0.157333,0.115839,1.30432
2683,0.161843,0.16439,1.30433
2684,0.163213,0.141111,1.30482
2685,0.191855,0.177929,1.30501
2686,0.228141,0.196003,1.30605
2687,0.39045,0.380544,1.30614
2688,0.351288,0.376607,1.30679
2689,0.239912,0.230285,1.30688
2690,0.17551,0.147772,1.30765
2691,0.336052,0.310692,1.30829
2692,0.38925,0.440201,1.31089
2693,0.26797,0.333166,1.31514
2694,0.260055,0.275308,1.31537
2695,0.161962,0.190832,1.3162
2696,0.0926177,0.103649,1.31633
2697,0.251015,0.250601,1.31633
2698,0.183132,0.195664,1.31648
2699,0.137673,0.156231,1.31683
2700,0.205484,0.179755,1.31749
2701,0.250713,0.236478,1.31769
2702,0.252587,0.257865,1.31772
2703,0.16845,0.172264,1.31773
2704,0.293097,0.274845,1.31807
2705,0.398003,0.438275,1.31969
2706,0.364032,0.421652,1.32301
2707,0.30365,0.309368,1.32304
2708,0.295124,0.304262,1.32312
2709,0.288291,0.293729,1.32315
2710,0.317784,0.3307,1.32332
2711,0.292407,0.30129,1.3234
2712,0.226556,0.231058,1.32342
2713,0.146121,0.138726,1.32348
2714,0.24682,0.261075,1.32368
2715,0.239548,0.241095,1.32368
2716,0.273707,0.28307,1.32377
2717,0.363481,0.381566,1.3241
2718,0.277846,0.285848,1.32416
2719,0.419326,0.470738,1.3268
2720,0.308354,0.366594,1.33019
2721,0.154454,0.2157,1.33395
2722,0.260757,0.292637,1.33496
2723,0.203189,0.223506,1.33537
2724,0.319951,0.37981,1.33896
2725,0.161053,0.213886,1.34175
2726,0.149567,0.174368,1.34236
2727,0.083995,0.107241,1.3429
2728,0.12862,0.16795,1.34445
2729,0.132889,0.136731,1.34447
2730,0.141047,0.139267,1.34447
2731,0.271609,0.277689,1.34451
2732,0.199806,0.220329,1.34493
2733,0.163275,0.144343,1.34529
2734,0.249475,0.229767,1.34567
2735,0.14659,0.142443,1.34569
2736,0.0756886,0.102684,1.34642
2737,0.0721824,0.0808988,1.3465
2738,0.265619,0.28259,1.34678
2739,0.132764,0.148892,1.34704
2740,0.102708,0.108606,1.34708
2741,0.210365,0.167501,1.34892
2742,0.182701,0.180653,1.34892
2743,0.151217,0.145162,1.34896
2744,0.108716,0.110345,1.34896
2745,0.188191,0.185247,1.34897
2746,0.172547,0.166315,1.34901
2747,0.106806,0.10053,1.34905
2748,0.284338,0.278446,1.34908
2749,0.288696,0.303205,1.34929
2750,0.162984,0.160304,1.3493
2751,0.0826464,0.0940469,1.34943
2752,0.143288,0.13662,1.34947
2753,0.184817,0.162049,1.34999
2754,0.102795,0.0906743,1.35014
2755,0.142647,0.144272,1.35014
2756,0.171823,0.14242,1.35101
2757,0.348607,0.373041,1.3516
2758,0.189256,0.203054,1.35179
2759,0.219363,0.225759,1.35183
2760,0.104001,0.125354,1.35229
2761,0.117225,0.13603,1.35264
2762,0.278747,0.30383,1.35327
2763,0.37193,0.4192,1.35551
2764,0.247075,0.281038,1.35666
2765,0.103132,0.139137,1.35796
2766,0.188026,0.19689,1.35804
2767,0.100004,0.125608,1.35869
2768,0.134822,0.130346,1.35871
2769,0.128916,0.119533,1.3588
2770,0.214657,0.191752,1.35932
2771,0.315659,0.329792,1.35952
2772,0.143009,0.167092,1.3601
2773,0.0822206,0.106384,1.36069
2774,0.131357,0.102723,1.36151
2775,0.196966,0.137272,1.36507
2776,0.221892,0.259098,1.36646
2777,0.306047,0.336719,1.3674
2778,0.279152,0.274144,1.36742
2779,0.157284,0.144875,1.36758
2780,0.32489,0.323315,1.36758
2781,0.21954,0.217833,1.36758
2782,0.296132,0.276269,1.36798
2783,0.284355,0.27237,1.36812
2784,0.406481,0.45361,1.37034
2785,0.358473,0.39149,1.37143
2786,0.192535,0.213941,1.37189
2787,0.109634,0.125777,1.37215
2788,0.258491,0.256478,1.37215
2789,0.296939,0.322497,1.37281
2790,0.307847,0.342042,1.37398
2791,0.34961,0.383294,1.37511
2792,0.207745,0.238874,1.37608
2793,0.130353,0.157223,1.3768
2794,0.281809,0.304544,1.37732
2795,0.336534,0.352321,1.37757
2796,0.264468,0.302251,1.37899
2797,0.322159,0.355887,1.38013
2798,0.457395,0.485649,1.38093
2799,0.352708,0.390944,1.38239
2800,0.209764,0.251759,1.38416
2801,0.112444,0.155968,1.38605
2802,0.280927,0.301354,1.38647
2803,0.191465,0.202916,1.3866
2804,0.256512,0.248006,1.38667
2805,0.376857,0.445557,1.39139
2806,0.238964,0.26972,1.39234
2807,0.155628,0.186736,1.3933
2808,0.320974,0.373405,1.39605
2809,0.247555,0.31446,1.40053
2810,0.257594,0.312731,1.40357
2811,0.252291,0.299396,1.40579
2812,0.224747,0.245325,1.40621
2813,0.304218,0.319732,1.40645
2814,0.190431,0.207674,1.40675
2815,0.127413,0.131975,1.40677
2816,0.264898,0.293103,1.40757
2817,0.137876,0.17302,1.4088
2818,0.115662,0.141535,1.40947
2819,0.344728,0.394467,1.41195
2820,0.295505,0.335443,1.41354
2821,0.280468,0.318687,1.415
2822,0.365985,0.411422,1.41707
2823,0.307671,0.374383,1.42152
2824,0.30923,0.3275,1.42185
2825,0.293721,0.323876,1.42276
2826,0.150666,0.184649,1.42391
2827,0.153572,0.160236,1.42396
2828,0.208376,0.233137,1.42457
2829,0.155,0.133111,1.42505
2830,0.290619,0.291824,1.42505
2831,0.233753,0.24301,1.42514
2832,0.265738,0.234972,1.42608
2833,0.280015,0.292631,1.42624
2834,0.160606,0.199615,1.42776
2835,0.118855,0.135316,1.42804
2836,0.148525,0.141145,1.42809
2837,0.354812,0.37788,1.42862
2838,0.25095,0.303728,1.43141
2839,0.217944,0.227224,1.43149
2840,0.132892,0.126595,1.43153
2841,0.125989,0.1166,1.43162
2842,0.305979,0.286564,1.432
2843,0.134256,0.148177,1.43219
2844,0.333942,0.35713,1.43273
2845,0.208969,0.208114,1.43273
2846,0.255539,0.246312,1.43282
2847,0.256606,0.286184,1.43369
2848,0.183601,0.183932,1.43369
2849,0.0899021,0.110903,1.43413
2850,0.12666,0.118731,1.4342
2851,0.167783,0.133414,1.43538
2852,0.146153,0.0786268,1.43994
2853,0.14315,0.132138,1.44006
2854,0.106832,0.0965345,1.44016
2855,0.187836,0.185644,1.44017
2856,0.281889,0.303902,1.44065
2857,0.24592,0.239289,1.4407
2858,0.189458,0.167933,1.44116
2859,0.130161,0.120193,1.44126
2860,0.101874,0.0674855,1.44244
2861,0.116225,0.0870707,1.44329
2862,0.22419,0.236075,1.44343
2863,0.178145,0.162721,1.44367
2864,0.145276,0.126069,1.44404
2865,0.107904,0.092179,1.44429
2866,0.123753,0.0597039,1.44839
2867,0.155821,0.111529,1.45035
2868,0.0982276,0.0722699,1.45103
2869,0.0801096,0.069878,1.45113
2870,0.258628,0.249274,1.45122
2871,0.212196,0.194018,1.45155
2872,0.107875,0.101528,1.45159
2873,0.323881,0.341605,1.4519
2874,0.184343,0.1601,1.45249
2875,0.0598233,0.0781379,1.45283
2876,0.258612,0.249439,1.45291
2877,0.126061,0.165794,1.45449
2878,0.0898031,0.129422,1.45606
2879,0.121426,0.143098,1.45653
2880,0.347555,0.368848,1.45698
2881,0.223013,0.228672,1.45701
2882,0.1143,0.129141,1.45723
2883,0.159691,0.114741,1.45925
2884,0.242377,0.228432,1.45945
2885,0.191566,0.197126,1.45948
2886,0.19344,0.169586,1.46005
2887,0.222152,0.18962,1.46111
2888,0.3545,0.380274,1.46177
2889,0.174157,0.184136,1.46187
2890,0.342373,0.338285,1.46189
2891,0.221461,0.251592,1.4628
2892,0.213467,0.211467,1.4628
2893,0.143023,0.139727,1.46281
2894,0.221138,0.21034,1.46293
2895,0.350984,0.363454,1.46308
2896,0.222417,0.216722,1.46311
2897,0.110505,0.121807,1.46324
2898,0.238958,0.213197,1.46391
2899,0.242879,0.207698,1.46514
2900,0.385567,0.391715,1.46518
2901,0.250649,0.296155,1.46725
2902,0.186019,0.189198,1.46726
2903,0.181693,0.171732,1.46736
2904,0.318143,0.352217,1.46852
2905,0.245274,0.262692,1.46883
2906,0.217869,0.208952,1.46891
2907,0.128044,0.130032,1.46891
2908,0.146577,0.150235,1.46892
2909,0.155576,0.121503,1.47008
2910,0.0905279,0.070959,1.47047
2911,0.0990317,0.0582082,1.47213
2912,0.132856,0.115503,1.47243
2913,0.169033,0.141532,1.47319
2914,0.288378,0.330557,1.47497
2915,0.310327,0.344422,1.47613
2916,0.129075,0.176925,1.47842
2917,0.167906,0.187443,1.4788
2918,0.096415,0.0960427,1.4788
2919,0.162377,0.155928,1.47885
2920,0.248111,0.245889,1.47885
2921,0.179079,0.175624,1.47886
2922,0.172042,0.163047,1.47894
2923,0.0749068,0.0913213,1.47921
2924,0.0804851,0.0587363,1.47969
2925,0.221511,0.207784,1.47987
2926,0.132971,0.120069,1.48004
2927,0.085136,0.0967024,1.48017
2928,0.202853,0.206941,1.48019
2929,0.244182,0.252973,1.48027
2930,0.220847,0.217019,1.48028
2931,0.0949441,0.110177,1.48051
2932,0.00960297,0.0568657,1.48275
2933,0.232673,0.263822,1.48372
2934,0.273083,0.318122,1.48575
2935,0.260142,0.277602,1.48605
2936,0.157008,0.164503,1.48611
2937,0.108049,0.113707,1.48614
2938,0.16811,0.166222,1.48614
2939,0.195699,0.196208,1.48614
2940,0.167286,0.15569,1.48628
2941,0.111729,0.10161,1.48638
2942,0.238355,0.223197,1.48661
2943,0.290117,0.323185,1.4877
2944,0.241633,0.230314,1.48783
2945,0.159962,0.132002,1.48861
2946,0.213173,0.122004,1.49693
2947,0.11979,0.0931486,1.49764
2948,0.227849,0.217018,1.49775
2949,0.3036,0.342474,1.49926
2950,0.140319,0.165044,1.49988
2951,0.0603819,0.114114,1.50276
2952,0.184177,0.19478,1.50288
2953,0.278731,0.262567,1.50314
2954,0.287137,0.288566,1.50314
2955,0.15411,0.144998,1.50322
2956,0.200802,0.183696,1.50351
2957,0.225556,0.190349,1.50475
2958,0.140033,0.107289,1.50583
2959,0.223943,0.23019,1.50586
2960,0.211247,0.204036,1.50592
2961,0.143324,0.121632,1.50639
2962,0.126055,0.131509,1.50642
2963,0.335811,0.343461,1.50648
2964,0.166825,0.170972,1.50649
2965,0.00799972,0.0858339,1.51255
2966,0.255727,0.248639,1.5126
2967,0.187503,0.188501,1.5126
2968,0.15969,0.17918,1.51298
2969,0.0816909,0.0944962,1.51315
2970,0.0412373,0.0765276,1.51439
2971,0.11912,0.127274,1.51446
2972,0.102169,0.0977569,1.51448
2973,0.154459,0.148705,1.51451
2974,0.149016,0.145546,1.51452
2975,0.177066,0.180067,1.51453
2976,0.146884,0.156285,1.51462
2977,0.282402,0.278608,1.51463
2978,0.190909,0.197554,1.51468
2979,0.0686644,0.0928952,1.51527
2980,0.177485,0.192253,1.51548
2981,0.0811901,0.0982179,1.51577
2982,0.0685738,0.0828244,1.51598
2983,0.14117,0.137156,1.51599
2984,0.187435,0.142469,1.51801
2985,0.166956,0.130282,1.51936
2986,0.332687,0.338321,1.51939
2987,0.167481,0.165295,1.5194
2988,0.209662,0.22489,1.51963
2989,0.287308,0.309692,1.52013
2990,0.264739,0.273301,1.5202
2991,0.256368,0.264402,1.52027
2992,0.297395,0.296591,1.52027
2993,0.234456,0.225762,1.52034
2994,0.307386,0.290013,1.52065
2995,0.113288,0.150478,1.52203
2996,0.110238,0.122967,1.52219
2997,0.228365,0.2069,1.52265
2998,0.246864,0.243925,1.52266
2999,0.151494,0.149408,1.52266
