t,predict_test,teacher
501,0.337822,0.337075,5.5653e-07
502,0.505828,0.506931,1.77371e-06
503,0.428386,0.424797,1.46551e-05
504,0.357133,0.355245,1.82181e-05
505,0.27175,0.273552,2.1468e-05
506,0.482443,0.487865,5.08574e-05
507,0.505548,0.51129,8.3823e-05
508,0.315896,0.31657,8.42766e-05
509,0.248594,0.25018,8.67926e-05
510,0.40559,0.411139,0.000117575
511,0.38153,0.385571,0.000133903
512,0.261215,0.264037,0.00014187
513,0.332135,0.338559,0.000183128
514,0.413797,0.415043,0.000184681
515,0.282491,0.287144,0.000206333
516,0.231229,0.231986,0.000206907
517,0.410011,0.416575,0.000249994
518,0.441735,0.443726,0.000253957
519,0.295806,0.297881,0.000258265
520,0.245278,0.248317,0.0002675
521,0.441157,0.444826,0.000280964
522,0.516538,0.520638,0.000297774
523,0.406729,0.415451,0.000373854
524,0.33422,0.339988,0.000407122
525,0.489116,0.49399,0.000430873
526,0.476451,0.482621,0.000468944
527,0.480491,0.485121,0.000490378
528,0.317804,0.323067,0.000518082
529,0.302387,0.308636,0.000557128
530,0.266689,0.266511,0.00055716
531,0.475249,0.479975,0.000579496
532,0.325681,0.326908,0.000581002
533,0.249933,0.249301,0.000581401
534,0.213674,0.215575,0.000585016
535,0.398764,0.40265,0.000600116
536,0.461945,0.46702,0.000625874
537,0.289426,0.288185,0.000627413
538,0.289373,0.290989,0.000630023
539,0.298257,0.303776,0.000660473
540,0.269787,0.271955,0.000665177
541,0.219921,0.21851,0.000667168
542,0.227683,0.222507,0.000693955
543,0.218723,0.222459,0.000707912
544,0.222801,0.221469,0.000709686
545,0.245264,0.24496,0.000709778
546,0.219367,0.219204,0.000709805
547,0.187132,0.188661,0.000712143
548,0.390018,0.393811,0.000726529
549,0.316701,0.317729,0.000727586
550,0.376965,0.371885,0.000753393
551,0.23926,0.239592,0.000753503
552,0.359904,0.358287,0.000756117
553,0.380671,0.380222,0.000756318
554,0.3474,0.351498,0.000773108
555,0.230289,0.23573,0.000802712
556,0.241537,0.2476,0.000839472
557,0.238578,0.242399,0.000854075
558,0.305974,0.307743,0.000857205
559,0.253196,0.255902,0.000864527
560,0.204142,0.198734,0.000893779
561,0.167024,0.173178,0.000931652
562,0.230492,0.219134,0.00106064
563,0.251633,0.244139,0.0011168
564,0.187979,0.186633,0.00111861
565,0.172826,0.168302,0.00113907
566,0.171881,0.172562,0.00113953
567,0.226075,0.222665,0.00115116
568,0.173482,0.178543,0.00117678
569,0.190435,0.192305,0.00118028
570,0.219234,0.222625,0.00119178
571,0.256904,0.26605,0.00127543
572,0.343404,0.348612,0.00130255
573,0.236213,0.237837,0.00130519
574,0.475397,0.471392,0.00132123
575,0.37083,0.362977,0.0013829
576,0.471397,0.468367,0.00139208
577,0.311424,0.308462,0.00140086
578,0.344082,0.344589,0.00140111
579,0.523113,0.519542,0.00141387
580,0.454606,0.457938,0.00142497
581,0.437659,0.443111,0.0014547
582,0.360171,0.360381,0.00145474
583,0.395948,0.397098,0.00145606
584,0.315439,0.31404,0.00145802
585,0.383117,0.381882,0.00145954
586,0.443232,0.443296,0.00145955
587,0.358444,0.35664,0.0014628
588,0.292355,0.28973,0.0014697
589,0.327888,0.328197,0.00146979
590,0.504334,0.505618,0.00147144
591,0.453249,0.453604,0.00147157
592,0.378096,0.379187,0.00147276
593,0.38298,0.383639,0.00147319
594,0.385222,0.386666,0.00147528
595,0.501544,0.501647,0.00147529
596,0.453051,0.456824,0.00148952
597,0.391784,0.39664,0.00151311
598,0.296211,0.296464,0.00151317
599,0.250821,0.245759,0.0015388
600,0.497226,0.497829,0.00153916
601,0.433942,0.433178,0.00153974
602,0.338045,0.33864,0.0015401
603,0.268541,0.262889,0.00157204
604,0.395434,0.397785,0.00157756
605,0.434366,0.430678,0.00159116
606,0.353406,0.350428,0.00160004
607,0.413241,0.412827,0.00160021
608,0.476743,0.469357,0.00165476
609,0.414325,0.411895,0.00166067
610,0.317898,0.31202,0.00169522
611,0.284584,0.282527,0.00169945
612,0.497562,0.495571,0.00170341
613,0.416875,0.417349,0.00170364
614,0.388353,0.389536,0.00170504
615,0.335391,0.334199,0.00170646
616,0.254525,0.253714,0.00170712
617,0.396335,0.392871,0.00171911
618,0.458063,0.460539,0.00172524
619,0.510002,0.512009,0.00172927
620,0.310149,0.305591,0.00175004
621,0.365963,0.361871,0.00176678
622,0.293321,0.289834,0.00177894
623,0.29838,0.293874,0.00179924
624,0.217022,0.216756,0.00179931
625,0.281474,0.283521,0.00180351
626,0.253298,0.254102,0.00180415
627,0.204208,0.206413,0.00180902
628,0.19489,0.192301,0.00181572
629,0.288641,0.294147,0.00184604
630,0.522341,0.524405,0.0018503
631,0.333113,0.331562,0.00185271
632,0.340799,0.339274,0.00185503
633,0.264415,0.266034,0.00185766
634,0.342994,0.340608,0.00186335
635,0.332596,0.334402,0.00186661
636,0.32964,0.327126,0.00187294
637,0.254562,0.253769,0.00187357
638,0.249537,0.248379,0.00187491
639,0.312533,0.308297,0.00189285
640,0.345169,0.34564,0.00189307
641,0.273631,0.272497,0.00189435
642,0.22895,0.232483,0.00190684
643,0.443819,0.444861,0.00190792
644,0.276339,0.277189,0.00190864
645,0.251502,0.249907,0.00191119
646,0.19919,0.198925,0.00191126
647,0.207563,0.212937,0.00194014
648,0.187657,0.184714,0.0019488
649,0.20824,0.204917,0.00195984
650,0.189766,0.187572,0.00196466
651,0.185399,0.189605,0.00198235
652,0.384291,0.382798,0.00198458
653,0.290651,0.292155,0.00198684
654,0.389921,0.392551,0.00199375
655,0.266723,0.267009,0.00199383
656,0.398193,0.397797,0.00199399
657,0.356651,0.35876,0.00199844
658,0.362418,0.357606,0.0020216
659,0.275014,0.272202,0.0020295
660,0.231124,0.227769,0.00204076
661,0.283996,0.277294,0.00208567
662,0.339714,0.335369,0.00210455
663,0.271588,0.265173,0.00214569
664,0.230995,0.228417,0.00215234
665,0.237958,0.2373,0.00215277
666,0.289091,0.289962,0.00215353
667,0.242935,0.24184,0.00215473
668,0.201129,0.198845,0.00215994
669,0.237391,0.237273,0.00215996
670,0.286852,0.283616,0.00217043
671,0.318614,0.313521,0.00219637
672,0.228131,0.223737,0.00221567
673,0.336522,0.33289,0.00222886
674,0.306747,0.302577,0.00224625
675,0.320297,0.316013,0.0022646
676,0.22393,0.222553,0.0022665
677,0.284962,0.284719,0.00226656
678,0.305461,0.299067,0.00230744
679,0.389143,0.385268,0.00232246
680,0.253095,0.246796,0.00236214
681,0.237944,0.232601,0.00239068
682,0.533201,0.534195,0.00239167
683,0.433411,0.43287,0.00239197
684,0.264643,0.270619,0.00242768
685,0.210271,0.217748,0.00248358
686,0.318289,0.320795,0.00248986
687,0.31705,0.321132,0.00250651
688,0.219718,0.222692,0.00251535
689,0.240727,0.242631,0.00251898
690,0.229962,0.233163,0.00252922
691,0.327603,0.323753,0.00254404
692,0.341066,0.33817,0.00255243
693,0.372341,0.370196,0.00255703
694,0.236409,0.239701,0.00256787
695,0.29387,0.293612,0.00256793
696,0.51526,0.518876,0.00258101
697,0.429827,0.434758,0.00260533
698,0.268779,0.272109,0.00261642
699,0.286073,0.288963,0.00262477
700,0.511327,0.513008,0.0026276
701,0.416033,0.420786,0.00265019
702,0.332659,0.334488,0.00265354
703,0.38295,0.387782,0.00267689
704,0.440539,0.442317,0.00268005
705,0.285973,0.290473,0.0027003
706,0.266709,0.26553,0.00270169
707,0.234785,0.232079,0.00270901
708,0.298598,0.295393,0.00271928
709,0.229592,0.228147,0.00272137
710,0.244899,0.241049,0.00273619
711,0.21166,0.210391,0.0027378
712,0.304156,0.303632,0.00273808
713,0.238379,0.240401,0.00274217
714,0.225591,0.229068,0.00275425
715,0.266901,0.269625,0.00276167
716,0.367818,0.366992,0.00276236
717,0.277545,0.276623,0.00276321
718,0.237177,0.236873,0.0027633
719,0.270394,0.270001,0.00276345
720,0.263358,0.263564,0.0027635
721,0.229925,0.232009,0.00276784
722,0.210342,0.210108,0.00276789
723,0.344975,0.344754,0.00276794
724,0.309476,0.30636,0.00277766
725,0.239509,0.241794,0.00278288
726,0.211835,0.212028,0.00278291
727,0.457079,0.462343,0.00281062
728,0.576205,0.572292,0.00282594
729,0.36034,0.356333,0.002842
730,0.24173,0.248839,0.00289255
731,0.244814,0.245717,0.00289337
732,0.517846,0.522249,0.00291276
733,0.312718,0.321417,0.00298843
734,0.237873,0.241803,0.00300387
735,0.251619,0.25105,0.00300419
736,0.502549,0.510372,0.00306539
737,0.345805,0.354789,0.00314611
738,0.330702,0.33898,0.00321464
739,0.345123,0.354087,0.003295
740,0.24028,0.24609,0.00332875
741,0.297519,0.297094,0.00332893
742,0.261339,0.260392,0.00332983
743,0.194936,0.198387,0.00334174
744,0.180533,0.173375,0.00339299
745,0.330157,0.326837,0.00340401
746,0.239173,0.232627,0.00344687
747,0.183066,0.184097,0.00344793
748,0.174483,0.174803,0.00344803
749,0.364387,0.367216,0.00345604
750,0.229661,0.241994,0.00360814
751,0.208197,0.212505,0.0036267
752,0.360284,0.364393,0.00364358
753,0.407817,0.413077,0.00367125
754,0.26021,0.268528,0.00374044
755,0.318669,0.326375,0.00379982
756,0.232188,0.235852,0.00381325
757,0.285688,0.292235,0.00385611
758,0.288499,0.288076,0.00385629
759,0.415476,0.408289,0.00390794
760,0.270548,0.26119,0.0039955
761,0.324788,0.315739,0.00407739
762,0.498645,0.491136,0.00413378
763,0.412166,0.406896,0.00416155
764,0.45685,0.44894,0.00422411
765,0.311839,0.300105,0.00436179
766,0.433223,0.425945,0.00441475
767,0.370488,0.370331,0.00441477
768,0.300227,0.293765,0.00445653
769,0.231515,0.227325,0.00447408
770,0.425376,0.426494,0.00447533
771,0.395124,0.392195,0.00448391
772,0.276271,0.274445,0.00448724
773,0.342998,0.341326,0.00449004
774,0.311353,0.308851,0.0044963
775,0.249123,0.250189,0.00449743
776,0.204865,0.204033,0.00449812
777,0.234427,0.231988,0.00450408
778,0.272814,0.272711,0.00450409
779,0.226467,0.230999,0.00452462
780,0.197116,0.200756,0.00453788
781,0.226612,0.231146,0.00455843
782,0.243579,0.248025,0.0045782
783,0.3574,0.361509,0.00459508
784,0.46531,0.461182,0.00461213
785,0.455588,0.441932,0.00479864
786,0.304033,0.294422,0.004891
787,0.342238,0.335115,0.00494175
788,0.458002,0.45613,0.00494525
789,0.352438,0.351718,0.00494577
790,0.312225,0.311109,0.00494701
791,0.338375,0.340253,0.00495054
792,0.284151,0.284916,0.00495112
793,0.239537,0.238062,0.0049533
794,0.359409,0.362609,0.00496354
795,0.412181,0.410916,0.00496514
796,0.265511,0.266106,0.00496549
797,0.254614,0.252048,0.00497208
798,0.30296,0.303557,0.00497243
799,0.267538,0.267897,0.00497256
800,0.240848,0.239619,0.00497407
801,0.384352,0.383,0.0049759
802,0.311262,0.307663,0.00498886
803,0.246936,0.242627,0.00500743
804,0.251711,0.247109,0.00502861
805,0.47973,0.481916,0.00503339
806,0.360736,0.360756,0.00503339
807,0.292901,0.290392,0.00503969
808,0.22169,0.222239,0.00503999
809,0.411346,0.409974,0.00504188
810,0.345127,0.348545,0.00505356
811,0.29676,0.29692,0.00505358
812,0.236963,0.240652,0.00506719
813,0.417953,0.422126,0.0050846
814,0.34189,0.346909,0.0051098
815,0.399406,0.40459,0.00513667
816,0.380974,0.380592,0.00513682
817,0.319611,0.318361,0.00513838
818,0.342719,0.338509,0.00515611
819,0.400068,0.4002,0.00515613
820,0.358672,0.352945,0.00518892
821,0.275,0.27186,0.00519878
822,0.339632,0.337078,0.00520531
823,0.393391,0.393011,0.00520545
824,0.318734,0.319419,0.00520592
825,0.267996,0.265451,0.00521239
826,0.350809,0.353851,0.00522164
827,0.511288,0.510295,0.00522263
828,0.402727,0.402715,0.00522263
829,0.301023,0.303068,0.00522681
830,0.448525,0.449715,0.00522823
831,0.543079,0.545024,0.00523201
832,0.365424,0.370485,0.00525763
833,0.378277,0.383502,0.00528493
834,0.408442,0.413586,0.0053114
835,0.454524,0.456079,0.00531382
836,0.350724,0.35399,0.00532449
837,0.526767,0.53046,0.00533813
838,0.455436,0.455603,0.00533815
839,0.293852,0.292078,0.0053413
840,0.424576,0.425735,0.00534264
841,0.497179,0.499741,0.00534921
842,0.334933,0.34014,0.00537632
843,0.239615,0.243592,0.00539214
844,0.283039,0.289055,0.00542833
845,0.221649,0.224325,0.00543549
846,0.208811,0.198712,0.00553746
847,0.239245,0.229959,0.00562368
848,0.309136,0.305446,0.0056373
849,0.22403,0.222096,0.00564104
850,0.22007,0.215722,0.00565994
851,0.197954,0.199301,0.00566175
852,0.278936,0.27705,0.00566531
853,0.217995,0.22115,0.00567526
854,0.182419,0.182956,0.00567555
855,0.252729,0.252776,0.00567555
856,0.280567,0.283107,0.005682
857,0.215995,0.216596,0.00568236
858,0.179419,0.177614,0.00568562
859,0.364228,0.367608,0.00569705
860,0.493482,0.490725,0.00570466
861,0.421471,0.424916,0.00571653
862,0.263501,0.263593,0.00571654
863,0.284204,0.289376,0.00574329
864,0.299247,0.3046,0.00577196
865,0.447353,0.450494,0.00578182
866,0.29081,0.295859,0.0058073
867,0.290534,0.291631,0.00580851
868,0.306144,0.301064,0.00583431
869,0.351532,0.353639,0.00583875
870,0.2788,0.274949,0.00585358
871,0.368924,0.373574,0.00587521
872,0.373167,0.374207,0.00587629
873,0.393131,0.388543,0.00589734
874,0.264569,0.265047,0.00589756
875,0.325148,0.322074,0.00590701
876,0.256451,0.253381,0.00591644
877,0.348187,0.342849,0.00594493
878,0.296435,0.294834,0.0059475
879,0.243174,0.238098,0.00597326
880,0.211397,0.212253,0.005974
881,0.231912,0.23118,0.00597453
882,0.336258,0.334699,0.00597696
883,0.257409,0.256548,0.0059777
884,0.266542,0.264591,0.00598151
885,0.266134,0.262793,0.00599267
886,0.248106,0.249544,0.00599474
887,0.330645,0.326426,0.00601254
888,0.320206,0.31877,0.0060146
889,0.223152,0.225276,0.00601911
890,0.269539,0.270631,0.00602031
891,0.365345,0.367256,0.00602396
892,0.292319,0.289279,0.0060332
893,0.218427,0.21637,0.00603743
894,0.246498,0.24664,0.00603745
895,0.342133,0.340248,0.006041
896,0.276072,0.27529,0.00604161
897,0.385171,0.379856,0.00606986
898,0.306983,0.301501,0.0060999
899,0.241911,0.23907,0.00610798
900,0.193779,0.196405,0.00611487
901,0.327515,0.331191,0.00612838
902,0.270162,0.272543,0.00613405
903,0.19583,0.202383,0.00617699
904,0.187879,0.186524,0.00617883
905,0.217727,0.219159,0.00618088
906,0.24791,0.248079,0.00618091
907,0.189097,0.19253,0.00619269
908,0.184286,0.192137,0.00625432
909,0.16713,0.169225,0.00625871
910,0.436242,0.429952,0.00629827
911,0.316837,0.312621,0.00631604
912,0.235481,0.239633,0.00633329
913,0.194869,0.193739,0.00633456
914,0.242789,0.245218,0.00634046
915,0.214282,0.215187,0.00634128
916,0.438531,0.444073,0.006372
917,0.308896,0.301987,0.00641974
918,0.301092,0.29101,0.00652138
919,0.228773,0.227673,0.00652259
920,0.280086,0.271907,0.00658949
921,0.253873,0.245382,0.00666159
922,0.449812,0.448397,0.00666359
923,0.463289,0.455468,0.00672477
924,0.296458,0.288704,0.00678489
925,0.393632,0.386903,0.00683017
926,0.373653,0.372704,0.00683107
927,0.488494,0.485595,0.00683947
928,0.313489,0.316552,0.00684886
929,0.424703,0.429618,0.00687301
930,0.421799,0.416457,0.00690155
931,0.281447,0.278187,0.00691218
932,0.238545,0.23749,0.00691329
933,0.391494,0.395947,0.00693313
934,0.34045,0.344043,0.00694604
935,0.243473,0.241729,0.00694908
936,0.212623,0.216686,0.00696559
937,0.279986,0.278234,0.00696866
938,0.211792,0.206359,0.00699817
939,0.408165,0.405404,0.0070058
940,0.263577,0.25095,0.00716525
941,0.2322,0.235561,0.00717654
942,0.189828,0.188505,0.00717829
943,0.362484,0.359659,0.00718627
944,0.228491,0.233796,0.00721441
945,0.208526,0.207114,0.00721641
946,0.203473,0.204519,0.0072175
947,0.351244,0.358104,0.00726456
948,0.224864,0.231939,0.00731463
949,0.190194,0.193387,0.00732482
950,0.297899,0.304868,0.00737338
951,0.472522,0.477737,0.00740058
952,0.426771,0.432321,0.00743139
953,0.293041,0.295956,0.00743989
954,0.480601,0.478752,0.00744331
955,0.462023,0.462021,0.00744331
956,0.395835,0.394607,0.00744482
957,0.268401,0.267859,0.00744511
958,0.498129,0.504899,0.00749095
959,0.371336,0.377571,0.00752982
960,0.247161,0.255095,0.00759278
961,0.204521,0.200278,0.00761078
962,0.315727,0.311941,0.00762511
963,0.332238,0.334343,0.00762955
964,0.225688,0.22727,0.00763205
965,0.178322,0.18656,0.00769991
966,0.235889,0.24458,0.00777544
967,0.234316,0.238847,0.00779597
968,0.23834,0.2451,0.00784167
969,0.196291,0.200603,0.00786026
970,0.289077,0.288864,0.00786031
971,0.224639,0.22936,0.00788259
972,0.310372,0.307106,0.00789326
973,0.264499,0.264106,0.00789341
974,0.40445,0.405944,0.00789564
975,0.29163,0.293533,0.00789926
976,0.356182,0.356671,0.0078995
977,0.307255,0.310781,0.00791193
978,0.281756,0.280369,0.00791385
979,0.236016,0.235165,0.00791458
980,0.229098,0.226783,0.00791994
981,0.210698,0.212903,0.0079248
982,0.214901,0.212788,0.00792927
983,0.199035,0.196906,0.0079338
984,0.222208,0.2248,0.00794052
985,0.254556,0.25051,0.00795689
986,0.261164,0.262638,0.00795906
987,0.201461,0.205785,0.00797776
988,0.282631,0.285341,0.0079851
989,0.447012,0.44979,0.00799282
990,0.301656,0.299588,0.0079971
991,0.267132,0.2628,0.00801587
992,0.219662,0.221388,0.00801885
993,0.41275,0.40609,0.0080632
994,0.260646,0.258195,0.0080692
995,0.352241,0.349418,0.00807717
996,0.250044,0.249743,0.00807726
997,0.213495,0.215722,0.00808222
998,0.191028,0.19187,0.00808292
999,0.196631,0.198561,0.00808665
1000,0.237653,0.23892,0.00808826
1001,0.184179,0.187611,0.00810004
1002,0.378819,0.374803,0.00811616
1003,0.287212,0.280731,0.00815817
1004,0.224782,0.21957,0.00818534
1005,0.178112,0.187905,0.00828123
1006,0.349645,0.358099,0.0083527
1007,0.411521,0.41738,0.00838703
1008,0.274118,0.279989,0.0084215
1009,0.228914,0.231991,0.00843097
1010,0.314595,0.313838,0.00843154
1011,0.320308,0.319982,0.00843165
1012,0.273887,0.270355,0.00844413
1013,0.245983,0.245019,0.00844505
1014,0.276775,0.276103,0.00844551
1015,0.268345,0.268318,0.00844551
1016,0.24234,0.245069,0.00845295
1017,0.220207,0.220345,0.00845297
1018,0.281024,0.279686,0.00845476
1019,0.311919,0.309744,0.0084595
1020,0.472522,0.469337,0.00846964
1021,0.315713,0.311404,0.0084882
1022,0.338885,0.335448,0.00850002
1023,0.453114,0.450923,0.00850482
1024,0.373123,0.373235,0.00850483
1025,0.263536,0.264768,0.00850635
1026,0.308345,0.312394,0.00852275
1027,0.359077,0.360786,0.00852566
1028,0.283203,0.283055,0.00852569
1029,0.248492,0.249927,0.00852775
1030,0.339278,0.338185,0.00852894
1031,0.387065,0.391125,0.00854542
1032,0.330927,0.331844,0.00854626
1033,0.404478,0.40432,0.00854629
1034,0.30211,0.300917,0.00854771
1035,0.312265,0.308373,0.00856286
1036,0.312493,0.310906,0.00856538
1037,0.226399,0.223499,0.00857379
1038,0.201968,0.199468,0.00858004
1039,0.272227,0.274222,0.00858402
1040,0.273769,0.273415,0.00858414
1041,0.200598,0.200032,0.00858446
1042,0.266641,0.267761,0.00858572
1043,0.450363,0.447345,0.00859482
1044,0.29824,0.301743,0.0086071
1045,0.210342,0.215041,0.00862918
1046,0.488382,0.497286,0.00870846
1047,0.498008,0.503619,0.00873995
1048,0.310008,0.318507,0.00881218
1049,0.223714,0.229738,0.00884847
1050,0.283683,0.289973,0.00888804
1051,0.255885,0.26118,0.00891608
1052,0.264247,0.267018,0.00892375
1053,0.235014,0.238683,0.00893722
1054,0.265759,0.267104,0.00893902
1055,0.20273,0.206001,0.00894972
1056,0.194143,0.188628,0.00898014
1057,0.311702,0.312624,0.00898099
1058,0.232419,0.228404,0.0089971
1059,0.213999,0.211229,0.00900478
1060,0.175129,0.177063,0.00900851
1061,0.300856,0.29689,0.00902425
1062,0.22017,0.221302,0.00902553
1063,0.236483,0.232618,0.00904047
1064,0.17883,0.185602,0.00908634
1065,0.210788,0.211557,0.00908693
1066,0.309641,0.312925,0.00909771
1067,0.22468,0.225486,0.00909836
1068,0.189196,0.191276,0.00910269
1069,0.17361,0.174859,0.00910425
1070,0.285127,0.28176,0.00911559
1071,0.238651,0.239966,0.00911732
1072,0.246577,0.247098,0.00911759
1073,0.218204,0.218487,0.00911767
1074,0.337872,0.341187,0.00912866
1075,0.393532,0.398634,0.00915469
1076,0.372274,0.374617,0.00916019
1077,0.461492,0.460929,0.0091605
1078,0.521689,0.515168,0.00920302
1079,0.393912,0.392595,0.00920475
1080,0.459392,0.456357,0.00921396
1081,0.564236,0.561985,0.00921902
1082,0.356861,0.35878,0.00922271
1083,0.359172,0.359385,0.00922275
1084,0.25424,0.253712,0.00922303
1085,0.379461,0.378768,0.00922351
1086,0.277859,0.275422,0.00922945
1087,0.354736,0.350166,0.00925033
1088,0.244083,0.236803,0.00930332
1089,0.321972,0.319269,0.00931062
1090,0.255311,0.252701,0.00931743
1091,0.347756,0.350463,0.00932477
1092,0.32523,0.321217,0.00934087
1093,0.416508,0.4085,0.00940499
1094,0.27013,0.267069,0.00941436
1095,0.43679,0.4293,0.00947046
1096,0.454426,0.45147,0.00947919
1097,0.361909,0.358925,0.0094881
1098,0.294959,0.296606,0.00949081
1099,0.260256,0.261988,0.00949381
1100,0.259936,0.260907,0.00949476
1101,0.282001,0.283895,0.00949835
1102,0.302389,0.30322,0.00949904
1103,0.262138,0.258444,0.00951268
1104,0.206859,0.207495,0.00951308
1105,0.346765,0.34316,0.00952608
1106,0.371651,0.370713,0.00952696
1107,0.316461,0.313836,0.00953385
1108,0.278665,0.275529,0.00954369
1109,0.2255,0.225592,0.0095437
1110,0.202395,0.210161,0.009604
1111,0.24744,0.247361,0.00960401
1112,0.487608,0.487687,0.00960402
1113,0.323119,0.314501,0.00967827
1114,0.240449,0.238908,0.00968065
1115,0.343238,0.338506,0.00970303
1116,0.309635,0.306522,0.00971272
1117,0.257885,0.25565,0.00971772
1118,0.256364,0.255474,0.00971851
1119,0.344498,0.343331,0.00971987
1120,0.323275,0.319103,0.00973728
1121,0.258584,0.261522,0.0097459
1122,0.285453,0.289744,0.00976432
1123,0.432996,0.434413,0.00976633
1124,0.628508,0.62646,0.00977052
1125,0.61143,0.605735,0.00980296
1126,0.45897,0.453668,0.00983106
1127,0.345432,0.342942,0.00983726
1128,0.274325,0.26956,0.00985997
1129,0.397474,0.398346,0.00986073
1130,0.298365,0.304964,0.00990428
1131,0.239307,0.239737,0.00990447
1132,0.205047,0.201971,0.00991393
1133,0.214966,0.205863,0.00999681
1134,0.186576,0.182045,0.0100173
1135,0.233115,0.227042,0.0100542
1136,0.323029,0.319455,0.010067
1137,0.249376,0.247332,0.0100712
1138,0.191438,0.194054,0.010078
1139,0.302262,0.305119,0.0100862
1140,0.392797,0.397198,0.0101055
1141,0.473854,0.475348,0.0101078
1142,0.340583,0.33933,0.0101093
1143,0.425791,0.42218,0.0101224
1144,0.279537,0.279955,0.0101226
1145,0.242548,0.23811,0.0101423
1146,0.223788,0.217112,0.0101868
1147,0.339314,0.341531,0.0101917
1148,0.235477,0.23709,0.0101943
1149,0.20949,0.2074,0.0101987
1150,0.214679,0.213565,0.0101999
1151,0.319675,0.322254,0.0102066
1152,0.269998,0.27372,0.0102205
1153,0.369644,0.374103,0.0102403
1154,0.472824,0.468419,0.0102597
1155,0.346414,0.342005,0.0102792
1156,0.24716,0.243971,0.0102894
1157,0.349445,0.350379,0.0102902
1158,0.369586,0.370565,0.0102912
1159,0.287609,0.286957,0.0102916
1160,0.23675,0.237717,0.0102925
1161,0.269305,0.269299,0.0102925
1162,0.292381,0.288875,0.0103048
1163,0.276192,0.275676,0.0103051
1164,0.242727,0.239734,0.0103141
1165,0.283379,0.284045,0.0103145
1166,0.389124,0.384467,0.0103362
1167,0.354149,0.347859,0.0103757
1168,0.262441,0.259537,0.0103842
1169,0.229432,0.226549,0.0103925
1170,0.501829,0.503527,0.0103954
1171,0.441115,0.437537,0.0104082
1172,0.318114,0.314934,0.0104183
1173,0.254418,0.254023,0.0104184
1174,0.399517,0.401874,0.010424
1175,0.483855,0.484682,0.0104247
1176,0.339817,0.344909,0.0104506
1177,0.446182,0.447569,0.0104525
1178,0.417402,0.414201,0.0104628
1179,0.511808,0.508391,0.0104745
1180,0.534323,0.533485,0.0104752
1181,0.33487,0.331031,0.0104899
1182,0.254771,0.260791,0.0105261
1183,0.280629,0.27975,0.0105269
1184,0.237247,0.236149,0.0105281
1185,0.201265,0.201199,0.0105281
1186,0.181886,0.183978,0.0105325
1187,0.257667,0.255012,0.0105395
1188,0.219892,0.217701,0.0105443
1189,0.44201,0.448236,0.0105831
1190,0.270358,0.264832,0.0106136
1191,0.464042,0.464486,0.0106138
1192,0.318354,0.323183,0.0106372
1193,0.391859,0.388122,0.0106511
1194,0.249101,0.253877,0.0106739
1195,0.423803,0.427535,0.0106879
1196,0.325792,0.32483,0.0106888
1197,0.385297,0.398994,0.0108764
1198,0.29401,0.298784,0.0108992
1199,0.309054,0.31292,0.0109141
1200,0.367612,0.372196,0.0109352
1201,0.590014,0.59289,0.0109434
1202,0.435411,0.435443,0.0109434
1203,0.393103,0.392655,0.0109436
1204,0.259942,0.260618,0.0109441
1205,0.397457,0.392125,0.0109725
1206,0.316281,0.312468,0.010987
1207,0.359722,0.354765,0.0110116
1208,0.240992,0.238271,0.011019
1209,0.352192,0.353391,0.0110204
1210,0.31741,0.317173,0.0110205
1211,0.335097,0.343828,0.0110967
1212,0.369918,0.370524,0.0110971
1213,0.340082,0.339335,0.0110977
1214,0.316198,0.317067,0.0110984
1215,0.338768,0.338367,0.0110986
1216,0.569291,0.567426,0.011102
1217,0.43202,0.427427,0.0111231
1218,0.326162,0.324692,0.0111253
1219,0.304344,0.302009,0.0111308
1220,0.499451,0.499564,0.0111308
1221,0.589773,0.593841,0.0111473
1222,0.415876,0.418223,0.0111528
1223,0.420556,0.424724,0.0111702
1224,0.31625,0.321454,0.0111973
1225,0.293968,0.293826,0.0111973
1226,0.339981,0.34173,0.0112004
1227,0.296549,0.294542,0.0112044
1228,0.268878,0.265806,0.0112138
1229,0.214966,0.215813,0.0112145
1230,0.282742,0.276369,0.0112552
1231,0.227451,0.218809,0.0113298
1232,0.461825,0.455004,0.0113764
1233,0.336255,0.326818,0.0114654
1234,0.342491,0.341073,0.0114674
1235,0.24686,0.248949,0.0114718
1236,0.206425,0.204379,0.011476
1237,0.31751,0.315905,0.0114786
1238,0.277955,0.274348,0.0114916
1239,0.276326,0.273801,0.011498
1240,0.204785,0.204878,0.011498
1241,0.197291,0.196377,0.0114988
1242,0.227703,0.225045,0.0115059
1243,0.342186,0.341941,0.0115059
1244,0.373506,0.373091,0.0115061
1245,0.270753,0.264094,0.0115504
1246,0.232837,0.231904,0.0115513
1247,0.23888,0.236686,0.0115561
1248,0.245064,0.234293,0.0116721
1249,0.274085,0.272305,0.0116753
1250,0.225995,0.223937,0.0116795
1251,0.225579,0.22427,0.0116812
1252,0.221485,0.219616,0.0116847
1253,0.220751,0.219874,0.0116855
1254,0.191103,0.189278,0.0116888
1255,0.2495,0.253646,0.011706
1256,0.369375,0.367648,0.011709
1257,0.334235,0.328385,0.0117432
1258,0.236723,0.234644,0.0117475
1259,0.199498,0.196507,0.0117565
1260,0.346809,0.347617,0.0117571
1261,0.47299,0.468677,0.0117757
1262,0.355798,0.348631,0.0118271
1263,0.243881,0.240929,0.0118358
1264,0.423859,0.421454,0.0118416
1265,0.32214,0.321793,0.0118417
1266,0.23087,0.227791,0.0118512
1267,0.262447,0.262026,0.0118514
1268,0.229468,0.225394,0.011868
1269,0.216583,0.212664,0.0118833
1270,0.187532,0.186102,0.0118854
1271,0.175679,0.166865,0.0119631
1272,0.178787,0.178925,0.0119631
1273,0.316164,0.311459,0.0119852
1274,0.53334,0.534319,0.0119862
1275,0.301109,0.298091,0.0119953
1276,0.344601,0.341157,0.0120072
1277,0.275866,0.273006,0.0120153
1278,0.429815,0.424922,0.0120393
1279,0.529197,0.525203,0.0120552
1280,0.518199,0.511447,0.0121008
1281,0.321277,0.318401,0.0121091
1282,0.393917,0.389271,0.0121307
1283,0.291602,0.286064,0.0121613
1284,0.511802,0.511199,0.0121617
1285,0.306903,0.307613,0.0121622
1286,0.254344,0.265744,0.0122922
1287,0.206858,0.204451,0.012298
1288,0.300299,0.293382,0.0123458
1289,0.215291,0.211326,0.0123615
1290,0.21287,0.207758,0.0123877
1291,0.188327,0.186309,0.0123917
1292,0.190034,0.192552,0.0123981
1293,0.167507,0.169315,0.0124013
1294,0.245802,0.251023,0.0124286
1295,0.284462,0.288601,0.0124457
1296,0.207245,0.214866,0.0125038
1297,0.261934,0.263684,0.0125069
1298,0.287112,0.290445,0.012518
1299,0.258309,0.258793,0.0125182
1300,0.243801,0.243299,0.0125185
1301,0.267928,0.266778,0.0125198
1302,0.322598,0.320903,0.0125227
1303,0.242101,0.242597,0.0125229
1304,0.230184,0.231652,0.0125251
1305,0.212575,0.20967,0.0125335
1306,0.382931,0.379113,0.0125481
1307,0.276122,0.272629,0.0125603
1308,0.236028,0.234922,0.0125615
1309,0.219247,0.221333,0.0125659
1310,0.407578,0.411127,0.0125784
1311,0.2512,0.254896,0.0125921
1312,0.381036,0.384428,0.0126036
1313,0.339629,0.338197,0.0126057
1314,0.402238,0.398714,0.0126181
1315,0.252237,0.255308,0.0126275
1316,0.457222,0.462538,0.0126558
1317,0.507893,0.505941,0.0126596
1318,0.455828,0.466387,0.0127711
1319,0.306353,0.312031,0.0128033
1320,0.490055,0.496501,0.0128449
1321,0.522984,0.52917,0.0128831
1322,0.32098,0.32496,0.012899
1323,0.443566,0.451908,0.0129686
1324,0.420825,0.425111,0.0129869
1325,0.451084,0.451592,0.0129872
1326,0.288211,0.290617,0.012993
1327,0.236432,0.230073,0.0130334
1328,0.371326,0.368669,0.0130405
1329,0.283046,0.278299,0.013063
1330,0.221208,0.231396,0.0131668
1331,0.199141,0.20246,0.0131778
1332,0.203691,0.203579,0.0131778
1333,0.196556,0.19663,0.0131778
1334,0.184003,0.187524,0.0131902
1335,0.237673,0.235963,0.0131932
1336,0.197027,0.193662,0.0132045
1337,0.326116,0.315392,0.0133195
1338,0.346946,0.334244,0.0134808
1339,0.285702,0.281215,0.0135009
1340,0.232762,0.231252,0.0135032
1341,0.4971,0.499944,0.0135113
1342,0.419873,0.418374,0.0135135
1343,0.291548,0.291407,0.0135136
1344,0.217229,0.220207,0.0135224
1345,0.476321,0.481081,0.0135451
1346,0.33872,0.348275,0.0136364
1347,0.237433,0.241245,0.0136509
1348,0.196771,0.195772,0.0136519
1349,0.241126,0.242075,0.0136528
1350,0.253026,0.250311,0.0136602
1351,0.23387,0.23669,0.0136682
1352,0.211559,0.212402,0.0136689
1353,0.229627,0.234662,0.0136942
1354,0.383993,0.385824,0.0136976
1355,0.400013,0.404192,0.013715
1356,0.318684,0.318377,0.0137151
1357,0.258888,0.261864,0.013724
1358,0.409169,0.409165,0.013724
1359,0.415797,0.417566,0.0137271
1360,0.311982,0.31132,0.0137276
1361,0.252722,0.251655,0.0137287
1362,0.358303,0.358345,0.0137287
1363,0.434072,0.434348,0.0137288
1364,0.292046,0.290316,0.0137318
1365,0.325628,0.327728,0.0137362
1366,0.4081,0.408201,0.0137362
1367,0.502878,0.505566,0.0137434
1368,0.323967,0.328738,0.0137662
1369,0.271722,0.272328,0.0137665
1370,0.456703,0.458287,0.0137691
1371,0.293259,0.29529,0.0137732
1372,0.329819,0.33069,0.0137739
1373,0.266617,0.26946,0.013782
1374,0.394109,0.392234,0.0137855
1375,0.267326,0.263535,0.0137999
1376,0.369851,0.373031,0.01381
1377,0.328559,0.325344,0.0138204
1378,0.297247,0.295093,0.013825
1379,0.447022,0.444125,0.0138334
1380,0.564096,0.5591,0.0138583
1381,0.414096,0.41349,0.0138587
1382,0.328136,0.327258,0.0138595
1383,0.402249,0.403889,0.0138622
1384,0.374153,0.376175,0.0138663
1385,0.341313,0.341059,0.0138663
1386,0.373095,0.376212,0.013876
1387,0.345793,0.344015,0.0138792
1388,0.325613,0.322575,0.0138884
1389,0.296696,0.296339,0.0138886
1390,0.439078,0.438998,0.0138886
1391,0.327624,0.32773,0.0138886
1392,0.434764,0.43278,0.0138925
1393,0.45255,0.444323,0.0139602
1394,0.480466,0.48124,0.0139608
1395,0.327474,0.327353,0.0139608
1396,0.313292,0.312753,0.0139611
1397,0.483544,0.486614,0.0139705
1398,0.462157,0.465981,0.0139851
1399,0.292074,0.297072,0.0140101
1400,0.240177,0.245327,0.0140366
1401,0.414541,0.419178,0.0140581
1402,0.49104,0.499924,0.0141371
1403,0.300633,0.305352,0.0141593
1404,0.290089,0.300459,0.0142669
1405,0.321374,0.330263,0.0143459
1406,0.460095,0.462533,0.0143518
1407,0.29192,0.29806,0.0143895
1408,0.253646,0.25724,0.0144024
1409,0.246229,0.249901,0.0144159
1410,0.390434,0.392896,0.014422
1411,0.318945,0.323084,0.0144391
1412,0.242179,0.243373,0.0144405
1413,0.228196,0.229942,0.0144436
1414,0.400028,0.404692,0.0144653
1415,0.307211,0.310532,0.0144764
1416,0.215808,0.22397,0.014543
1417,0.228163,0.231489,0.014554
1418,0.391506,0.394737,0.0145645
1419,0.269127,0.273598,0.0145845
1420,0.20723,0.205141,0.0145888
1421,0.199012,0.195284,0.0146027
1422,0.213702,0.212276,0.0146048
1423,0.225461,0.22305,0.0146106
1424,0.227906,0.227955,0.0146106
1425,0.20231,0.202141,0.0146106
1426,0.219822,0.219221,0.014611
1427,0.181862,0.187138,0.0146388
1428,0.316126,0.32017,0.0146552
1429,0.371456,0.370883,0.0146555
1430,0.356567,0.350802,0.0146887
1431,0.24025,0.239014,0.0146903
1432,0.256521,0.255904,0.0146906
1433,0.477711,0.478107,0.0146908
1434,0.302862,0.303309,0.014691
1435,0.286786,0.284038,0.0146986
1436,0.259082,0.261406,0.014704
1437,0.353968,0.35292,0.0147051
1438,0.236627,0.238726,0.0147095
1439,0.324595,0.324547,0.0147095
1440,0.259821,0.26167,0.0147129
1441,0.273765,0.273396,0.014713
1442,0.207436,0.210447,0.0147221
1443,0.309115,0.310285,0.0147234
1444,0.278676,0.279533,0.0147242
1445,0.267837,0.269315,0.0147264
1446,0.305998,0.307406,0.0147284
1447,0.315557,0.318933,0.0147397
1448,0.481193,0.478724,0.0147458
1449,0.391379,0.387418,0.0147615
1450,0.339657,0.335892,0.0147757
1451,0.326352,0.324467,0.0147793
1452,0.26192,0.259022,0.0147877
1453,0.255802,0.256432,0.0147881
1454,0.293767,0.296436,0.0147952
1455,0.258456,0.257682,0.0147958
1456,0.212334,0.209185,0.0148057
1457,0.212171,0.209512,0.0148128
1458,0.291514,0.286622,0.0148367
1459,0.246235,0.243136,0.0148463
1460,0.29859,0.29482,0.0148605
1461,0.272799,0.268997,0.014875
1462,0.250038,0.24902,0.014876
1463,0.204723,0.203828,0.0148768
1464,0.342649,0.344373,0.0148798
1465,0.319526,0.319488,0.0148798
1466,0.311242,0.308055,0.0148899
1467,0.219894,0.220081,0.01489
1468,0.334867,0.333367,0.0148922
1469,0.319482,0.322015,0.0148986
1470,0.235872,0.235828,0.0148986
1471,0.235089,0.237678,0.0149053
1472,0.192137,0.193007,0.0149061
1473,0.182454,0.192949,0.0150162
1474,0.181615,0.179064,0.0150227
1475,0.361543,0.361933,0.0150229
1476,0.234633,0.230918,0.0150367
1477,0.223156,0.215994,0.015088
1478,0.217807,0.220346,0.0150944
1479,0.292794,0.292959,0.0150945
1480,0.210552,0.215509,0.015119
1481,0.19895,0.199891,0.0151199
1482,0.256599,0.260511,0.0151352
1483,0.214372,0.221558,0.0151868
1484,0.189783,0.194353,0.0152077
1485,0.178686,0.179318,0.0152081
1486,0.32011,0.318126,0.0152121
1487,0.215603,0.219158,0.0152247
1488,0.235764,0.231318,0.0152445
1489,0.23585,0.237385,0.0152468
1490,0.299493,0.300866,0.0152487
1491,0.224916,0.22662,0.0152516
1492,0.201892,0.20305,0.015253
1493,0.23191,0.239225,0.0153065
1494,0.307783,0.310538,0.0153141
1495,0.303368,0.304126,0.0153146
1496,0.241715,0.240128,0.0153171
1497,0.194878,0.196581,0.01532
1498,0.174943,0.182095,0.0153712
1499,0.202696,0.193967,0.0154474
1500,0.214377,0.208169,0.0154859
1501,0.190291,0.186981,0.0154969
1502,0.178435,0.176955,0.0154991
1503,0.2394,0.237247,0.0155037
1504,0.220587,0.22826,0.0155626
1505,0.254024,0.261195,0.015614
1506,0.336351,0.34433,0.0156777
1507,0.536476,0.535426,0.0156788
1508,0.341856,0.339274,0.0156854
1509,0.292889,0.288559,0.0157042
1510,0.351076,0.351596,0.0157045
1511,0.383329,0.38178,0.0157068
1512,0.255143,0.253306,0.0157102
1513,0.227436,0.222657,0.0157331
1514,0.356934,0.358814,0.0157366
1515,0.345802,0.347093,0.0157383
1516,0.234107,0.235822,0.0157412
1517,0.197151,0.201033,0.0157563
1518,0.183504,0.18528,0.0157594
1519,0.335127,0.33944,0.015778
1520,0.241007,0.245343,0.0157968
1521,0.209928,0.211227,0.0157985
1522,0.173924,0.177774,0.0158133
1523,0.289134,0.284268,0.015837
1524,0.220153,0.219632,0.0158373
1525,0.186826,0.185742,0.0158385
1526,0.211742,0.210406,0.0158403
1527,0.280336,0.28345,0.0158499
1528,0.241361,0.244285,0.0158585
1529,0.185505,0.191676,0.0158966
1530,0.335115,0.339439,0.0159153
1531,0.257768,0.263113,0.0159439
1532,0.394402,0.392537,0.0159473
1533,0.266353,0.267103,0.0159479
1534,0.319659,0.3157,0.0159636
1535,0.267353,0.265101,0.0159686
1536,0.375642,0.378516,0.0159769
1537,0.338347,0.340444,0.0159813
1538,0.415716,0.417789,0.0159856
1539,0.530739,0.527415,0.0159966
1540,0.441631,0.438174,0.0160086
1541,0.377206,0.374501,0.0160159
1542,0.514214,0.514224,0.0160159
1543,0.312124,0.31355,0.0160179
1544,0.264011,0.270091,0.0160549
1545,0.229759,0.227263,0.0160611
1546,0.336863,0.336318,0.0160614
1547,0.231527,0.229359,0.0160661
1548,0.217023,0.213194,0.0160808
1549,0.213313,0.210764,0.0160873
1550,0.190277,0.189689,0.0160877
1551,0.378981,0.377696,0.0160893
1552,0.320089,0.317628,0.0160954
1553,0.235562,0.235462,0.0160954
1554,0.19725,0.200124,0.0161036
1555,0.401971,0.406482,0.016124
1556,0.30889,0.311429,0.0161304
1557,0.228469,0.227958,0.0161307
1558,0.261004,0.26271,0.0161336
1559,0.285555,0.285078,0.0161338
1560,0.280637,0.277259,0.0161452
1561,0.217031,0.215031,0.0161492
1562,0.247574,0.248293,0.0161498
1563,0.240328,0.242064,0.0161528
1564,0.472349,0.472765,0.0161529
1565,0.290131,0.288153,0.0161568
1566,0.302613,0.299368,0.0161674
1567,0.251097,0.255899,0.0161904
1568,0.45586,0.457057,0.0161919
1569,0.299744,0.30772,0.0162555
1570,0.314079,0.316135,0.0162597
1571,0.297151,0.298772,0.0162623
1572,0.286702,0.289634,0.0162709
1573,0.239408,0.240924,0.0162732
1574,0.265891,0.267059,0.0162746
1575,0.466458,0.467027,0.0162749
1576,0.330032,0.327473,0.0162815
1577,0.321644,0.318999,0.0162885
1578,0.358371,0.351697,0.016333
1579,0.34096,0.340186,0.0163336
1580,0.406438,0.401241,0.0163606
1581,0.406614,0.402312,0.0163791
1582,0.382451,0.376712,0.0164121
1583,0.337316,0.330626,0.0164568
1584,0.296342,0.29237,0.0164726
1585,0.353609,0.347194,0.0165137
1586,0.248221,0.24387,0.0165327
1587,0.414393,0.409618,0.0165555
1588,0.28008,0.273901,0.0165937
1589,0.482002,0.472267,0.0166884
1590,0.303053,0.296326,0.0167337
1591,0.221914,0.21655,0.0167625
1592,0.196768,0.201908,0.0167889
1593,0.283792,0.284092,0.016789
1594,0.387264,0.388922,0.0167917
1595,0.245993,0.245248,0.0167923
1596,0.247687,0.244694,0.0168012
1597,0.221138,0.221394,0.0168013
1598,0.342793,0.338553,0.0168193
1599,0.299945,0.300155,0.0168193
1600,0.240129,0.235551,0.0168403
1601,0.276858,0.27496,0.0168439
1602,0.245649,0.246962,0.0168456
1603,0.315796,0.309671,0.0168831
1604,0.249864,0.245202,0.0169048
1605,0.466422,0.468643,0.0169098
1606,0.361557,0.355317,0.0169487
1607,0.295514,0.291195,0.0169674
1608,0.561305,0.557097,0.0169851
1609,0.480344,0.474308,0.0170215
1610,0.570676,0.567107,0.0170343
1611,0.358696,0.356247,0.0170403
1612,0.488413,0.489964,0.0170427
1613,0.390236,0.39492,0.0170646
1614,0.404356,0.406246,0.0170682
1615,0.290859,0.296534,0.0171004
1616,0.264872,0.268253,0.0171118
1617,0.277802,0.281185,0.0171233
1618,0.255504,0.256691,0.0171247
1619,0.26267,0.262717,0.0171247
1620,0.216173,0.215888,0.0171247
1621,0.348388,0.346236,0.0171294
1622,0.348011,0.339288,0.0172055
1623,0.304672,0.302915,0.0172086
1624,0.302279,0.300773,0.0172108
1625,0.218565,0.216232,0.0172163
1626,0.232409,0.244091,0.0173528
1627,0.224958,0.218673,0.0173922
1628,0.223379,0.220982,0.017398
1629,0.184559,0.180867,0.0174116
1630,0.18661,0.182214,0.0174309
1631,0.222602,0.215259,0.0174849
1632,0.215271,0.217981,0.0174922
1633,0.286357,0.286845,0.0174924
1634,0.272631,0.276496,0.0175074
1635,0.328214,0.333277,0.017533
1636,0.341507,0.345096,0.0175459
1637,0.503212,0.502942,0.017546
1638,0.566257,0.555281,0.0176664
1639,0.535522,0.531348,0.0176839
1640,0.330207,0.324874,0.0177123
1641,0.445426,0.43944,0.0177481
1642,0.395237,0.395727,0.0177484
1643,0.514067,0.514299,0.0177484
1644,0.306577,0.311616,0.0177738
1645,0.32982,0.338318,0.017846
1646,0.257047,0.263438,0.0178869
1647,0.342418,0.340636,0.01789
1648,0.237071,0.240333,0.0179007
1649,0.194688,0.193705,0.0179016
1650,0.181361,0.191931,0.0180134
1651,0.210617,0.210746,0.0180134
1652,0.281186,0.27982,0.0180152
1653,0.203245,0.206133,0.0180236
1654,0.175047,0.178172,0.0180334
1655,0.210454,0.215943,0.0180635
1656,0.361332,0.362362,0.0180645
1657,0.290937,0.292039,0.0180658
1658,0.222276,0.222867,0.0180661
1659,0.409369,0.400446,0.0181457
1660,0.530392,0.523928,0.0181875
1661,0.327101,0.321979,0.0182137
1662,0.391859,0.384756,0.0182642
1663,0.459754,0.456521,0.0182747
1664,0.298447,0.298859,0.0182748
1665,0.246328,0.249293,0.0182836
1666,0.364956,0.374618,0.018377
1667,0.259062,0.263755,0.018399
1668,0.208089,0.207184,0.0183998
1669,0.236764,0.237493,0.0184004
1670,0.455681,0.456882,0.0184018
1671,0.280362,0.282926,0.0184084
1672,0.253366,0.252251,0.0184096
1673,0.385289,0.388069,0.0184173
1674,0.255258,0.26006,0.0184404
1675,0.272118,0.272951,0.0184411
1676,0.319139,0.322848,0.0184548
1677,0.290309,0.288954,0.0184567
1678,0.211483,0.21121,0.0184568
1679,0.239425,0.229361,0.018558
1680,0.411253,0.408037,0.0185684
1681,0.310972,0.308824,0.018573
1682,0.216094,0.215849,0.018573
1683,0.182577,0.187986,0.0186023
1684,0.277342,0.27533,0.0186064
1685,0.399118,0.399297,0.0186064
1686,0.248349,0.251686,0.0186175
1687,0.211999,0.213597,0.0186201
1688,0.277045,0.279821,0.0186278
1689,0.30868,0.312749,0.0186443
1690,0.472217,0.472644,0.0186445
1691,0.393135,0.390262,0.0186528
1692,0.38174,0.376025,0.0186854
1693,0.298925,0.298423,0.0186857
1694,0.463897,0.462419,0.0186879
1695,0.414757,0.416357,0.0186904
1696,0.410476,0.413837,0.0187017
1697,0.362605,0.362654,0.0187017
1698,0.334954,0.335955,0.0187027
1699,0.304501,0.303606,0.0187035
1700,0.268341,0.262573,0.0187368
1701,0.304511,0.302027,0.018743
1702,0.307449,0.306647,0.0187436
1703,0.222038,0.222853,0.0187443
1704,0.185383,0.188027,0.0187513
1705,0.210211,0.198999,0.018877
1706,0.203614,0.194167,0.0189662
1707,0.171883,0.170894,0.0189672
1708,0.177124,0.169544,0.0190247
1709,0.181694,0.17978,0.0190283
1710,0.165325,0.166373,0.0190294
1711,0.186698,0.180381,0.0190693
1712,0.222623,0.226044,0.019081
1713,0.234798,0.241642,0.0191279
1714,0.173075,0.185257,0.0192762
1715,0.494031,0.503501,0.0193659
1716,0.294526,0.299171,0.0193875
1717,0.35049,0.347944,0.019394
1718,0.238323,0.236439,0.0193975
1719,0.356233,0.356813,0.0193979
1720,0.261911,0.258082,0.0194125
1721,0.300669,0.304417,0.0194266
1722,0.396412,0.394398,0.0194306
1723,0.353152,0.349266,0.0194457
1724,0.264844,0.263332,0.019448
1725,0.357389,0.356912,0.0194482
1726,0.251257,0.24957,0.0194511
1727,0.32972,0.325154,0.0194719
1728,0.241817,0.242162,0.0194721
1729,0.383442,0.381338,0.0194765
1730,0.261703,0.257537,0.0194939
1731,0.287346,0.285056,0.0194991
1732,0.376308,0.373606,0.0195064
1733,0.352742,0.353156,0.0195066
1734,0.258688,0.262812,0.0195236
1735,0.207836,0.207547,0.0195237
1736,0.397683,0.399403,0.0195266
1737,0.355067,0.356578,0.0195289
1738,0.245253,0.244633,0.0195293
1739,0.213741,0.213092,0.0195297
1740,0.440349,0.436495,0.0195446
1741,0.307855,0.312049,0.0195621
1742,0.269942,0.272369,0.019568
1743,0.398198,0.40117,0.0195769
1744,0.258281,0.260069,0.0195801
1745,0.243211,0.236364,0.0196269
1746,0.230433,0.227489,0.0196356
1747,0.293535,0.289307,0.0196535
1748,0.212823,0.208811,0.0196696
1749,0.357591,0.350585,0.0197187
1750,0.253231,0.246026,0.0197706
1751,0.246469,0.24025,0.0198093
1752,0.189598,0.189678,0.0198093
1753,0.192157,0.187414,0.0198318
1754,0.264469,0.265093,0.0198321
1755,0.241853,0.245835,0.019848
1756,0.194869,0.193796,0.0198491
1757,0.170316,0.177278,0.0198976
1758,0.413575,0.414012,0.0198978
1759,0.343332,0.343125,0.0198978
1760,0.453307,0.451408,0.0199014
1761,0.344754,0.3417,0.0199108
1762,0.484455,0.479267,0.0199377
1763,0.335646,0.339665,0.0199538
1764,0.294406,0.291664,0.0199614
1765,0.365324,0.367362,0.0199655
1766,0.286956,0.285297,0.0199683
1767,0.292404,0.288929,0.0199803
1768,0.258429,0.258894,0.0199806
1769,0.290953,0.286708,0.0199986
1770,0.255096,0.251096,0.0200146
1771,0.457012,0.453316,0.0200282
1772,0.315006,0.306951,0.0200931
1773,0.311826,0.307796,0.0201094
1774,0.40756,0.402149,0.0201386
1775,0.271957,0.261988,0.020238
1776,0.246674,0.23698,0.020332
1777,0.332615,0.330502,0.0203365
1778,0.382022,0.373651,0.0204065
1779,0.2532,0.24757,0.0204382
1780,0.264837,0.258969,0.0204726
1781,0.302869,0.298966,0.0204879
1782,0.261716,0.258093,0.020501
1783,0.303033,0.302738,0.0205011
1784,0.224199,0.217033,0.0205524
1785,0.409003,0.403646,0.0205811
1786,0.294643,0.291205,0.0205929
1787,0.299008,0.294674,0.0206117
1788,0.21213,0.210997,0.020613
1789,0.317892,0.318866,0.020614
1790,0.24774,0.249199,0.0206161
1791,0.215894,0.217277,0.020618
1792,0.174376,0.179519,0.0206445
1793,0.266257,0.268916,0.0206515
1794,0.204853,0.213078,0.0207192
1795,0.211847,0.216378,0.0207397
1796,0.193617,0.192409,0.0207412
1797,0.165276,0.168238,0.0207499
1798,0.227885,0.235414,0.0208066
1799,0.397728,0.402833,0.0208327
1800,0.445239,0.439652,0.0208639
1801,0.27053,0.263698,0.0209106
1802,0.306318,0.302233,0.0209273
1803,0.282951,0.278688,0.0209454
1804,0.303921,0.295377,0.0210184
1805,0.377158,0.373452,0.0210322
1806,0.26226,0.249927,0.0211843
1807,0.191939,0.19628,0.0212031
1808,0.304583,0.305601,0.0212042
1809,0.231091,0.229486,0.0212068
1810,0.194641,0.195562,0.0212076
1811,0.177116,0.178887,0.0212107
1812,0.43796,0.439945,0.0212147
1813,0.275232,0.278122,0.021223
1814,0.284877,0.286186,0.0212247
1815,0.206879,0.205935,0.0212256
1816,0.335116,0.336376,0.0212272
1817,0.42794,0.426222,0.0212302
1818,0.422722,0.416806,0.0212652
1819,0.263056,0.26015,0.0212736
1820,0.264269,0.259439,0.021297
1821,0.294526,0.284766,0.0213922
1822,0.504133,0.500948,0.0214023
1823,0.549445,0.543372,0.0214392
1824,0.411007,0.4033,0.0214986
1825,0.359031,0.353128,0.0215335
1826,0.57525,0.570447,0.0215565
1827,0.356484,0.356552,0.0215565
1828,0.316043,0.316577,0.0215568
1829,0.25698,0.255628,0.0215587
1830,0.366342,0.366268,0.0215587
1831,0.249289,0.250231,0.0215595
1832,0.250467,0.248795,0.0215623
1833,0.212297,0.209357,0.021571
1834,0.302594,0.302547,0.021571
1835,0.266888,0.267564,0.0215714
1836,0.203523,0.20309,0.0215716
1837,0.205963,0.212155,0.02161
1838,0.435577,0.438501,0.0216185
1839,0.405996,0.406953,0.0216194
1840,0.256433,0.25996,0.0216319
1841,0.228313,0.231769,0.0216438
1842,0.247814,0.249025,0.0216453
1843,0.220973,0.218915,0.0216495
1844,0.295858,0.293383,0.0216557
1845,0.214515,0.20894,0.0216867
1846,0.177684,0.182655,0.0217114
1847,0.177238,0.17165,0.0217427
1848,0.215257,0.206461,0.02182
1849,0.180759,0.173076,0.0218791
1850,0.202144,0.194441,0.0219384
1851,0.199045,0.197419,0.021941
1852,0.179378,0.185385,0.0219771
1853,0.165511,0.169152,0.0219904
1854,0.31588,0.321373,0.0220205
1855,0.297564,0.301778,0.0220383
1856,0.22812,0.23372,0.0220697
1857,0.324461,0.32613,0.0220725
1858,0.37579,0.377284,0.0220747
1859,0.257904,0.260475,0.0220813
1860,0.232382,0.235366,0.0220902
1861,0.361917,0.365868,0.0221058
1862,0.403001,0.403345,0.0221059
1863,0.262258,0.262009,0.022106
1864,0.234129,0.233354,0.0221066
1865,0.35514,0.357012,0.0221101
1866,0.38682,0.390404,0.0221229
1867,0.326766,0.329777,0.022132
1868,0.365387,0.367543,0.0221366
1869,0.38204,0.382888,0.0221374
1870,0.375201,0.373012,0.0221422
1871,0.320689,0.319006,0.022145
1872,0.402663,0.40106,0.0221476
1873,0.285823,0.284019,0.0221508
1874,0.299809,0.296836,0.0221597
1875,0.257745,0.258389,0.0221601
1876,0.240672,0.236825,0.0221749
1877,0.208027,0.201045,0.0222236
1878,0.204096,0.194984,0.0223067
1879,0.197367,0.196065,0.0223084
1880,0.245815,0.245227,0.0223087
1881,0.196413,0.197809,0.0223106
1882,0.180582,0.184664,0.0223273
1883,0.174207,0.176275,0.0223316
1884,0.195896,0.197792,0.0223352
1885,0.199352,0.203305,0.0223508
1886,0.215608,0.217627,0.0223549
1887,0.22496,0.223362,0.0223574
1888,0.208286,0.211337,0.0223667
1889,0.340611,0.343862,0.0223773
1890,0.328975,0.332108,0.0223871
1891,0.332368,0.33358,0.0223886
1892,0.494808,0.490447,0.0224076
1893,0.401382,0.397029,0.0224266
1894,0.437796,0.430654,0.0224776
1895,0.368382,0.365443,0.0224862
1896,0.541262,0.542343,0.0224874
1897,0.424406,0.426533,0.0224919
1898,0.465149,0.473033,0.0225541
1899,0.327752,0.331183,0.0225658
1900,0.545736,0.54978,0.0225822
1901,0.471816,0.475599,0.0225965
1902,0.613666,0.624349,0.0227106
1903,0.383545,0.394692,0.0228349
1904,0.505965,0.516805,0.0229524
1905,0.468659,0.480202,0.0230856
1906,0.634564,0.654182,0.0234705
1907,0.395618,0.416935,0.0239249
1908,0.342434,0.359174,0.0242051
1909,0.30827,0.320158,0.0243464
1910,0.545998,0.557946,0.0244892
1911,0.377728,0.392979,0.0247218
1912,0.293931,0.302794,0.0248003
1913,0.239321,0.245964,0.0248445
1914,0.511699,0.51983,0.0249106
1915,0.300397,0.308608,0.024978
1916,0.218223,0.234349,0.025238
1917,0.25459,0.262179,0.0252956
1918,0.326669,0.330978,0.0253142
1919,0.225932,0.226786,0.0253149
1920,0.215443,0.21846,0.025324
1921,0.223775,0.218341,0.0253535
1922,0.176247,0.184057,0.0254145
1923,0.243488,0.235564,0.0254773
1924,0.29764,0.290715,0.0255253
1925,0.217131,0.212829,0.0255438
1926,0.181823,0.176754,0.0255695
1927,0.183919,0.17932,0.0255906
1928,0.19276,0.185372,0.0256452
1929,0.230784,0.221922,0.0257238
1930,0.194518,0.191627,0.0257321
1931,0.16817,0.170454,0.0257373
1932,0.188226,0.193039,0.0257605
1933,0.375169,0.38282,0.025819
1934,0.381662,0.385301,0.0258323
1935,0.259408,0.262202,0.0258401
1936,0.302151,0.304119,0.025844
1937,0.37408,0.375967,0.0258475
1938,0.2609,0.262917,0.0258516
1939,0.220416,0.219151,0.0258532
1940,0.219807,0.21488,0.0258775
1941,0.229739,0.228568,0.0258788
1942,0.197244,0.195977,0.0258804
1943,0.193449,0.193882,0.0258806
1944,0.169153,0.168618,0.0258809
1945,0.222306,0.219638,0.025888
1946,0.187715,0.188728,0.0258891
1947,0.3734,0.37577,0.0258947
1948,0.230828,0.234389,0.0259074
1949,0.264285,0.2642,0.0259074
1950,0.216969,0.21911,0.0259119
1951,0.206496,0.209743,0.0259225
1952,0.189764,0.193629,0.0259374
1953,0.259353,0.267322,0.0260009
1954,0.44315,0.446126,0.0260098
1955,0.289712,0.28832,0.0260117
1956,0.468899,0.462066,0.0260584
1957,0.303202,0.29148,0.0261958
1958,0.527742,0.521194,0.0262387
1959,0.544909,0.527991,0.0265249
1960,0.573488,0.566573,0.0265728
1961,0.343081,0.3427,0.0265729
1962,0.288791,0.286512,0.0265781
1963,0.383441,0.382372,0.0265792
1964,0.327972,0.325447,0.0265856
1965,0.287917,0.29067,0.0265932
1966,0.250444,0.255253,0.0266163
1967,0.319092,0.322301,0.0266266
1968,0.299415,0.300369,0.0266275
1969,0.351527,0.353528,0.0266315
1970,0.39636,0.39632,0.0266315
1971,0.321091,0.31959,0.0266338
1972,0.254826,0.252543,0.026639
1973,0.31116,0.309117,0.0266432
1974,0.304616,0.30372,0.026644
1975,0.25101,0.248881,0.0266485
1976,0.227805,0.227925,0.0266485
1977,0.228017,0.228104,0.0266485
1978,0.230038,0.227945,0.0266529
1979,0.218254,0.215065,0.0266631
1980,0.201677,0.198236,0.0266749
1981,0.250054,0.250838,0.0266755
1982,0.214521,0.21699,0.0266816
1983,0.241046,0.238145,0.0266901
1984,0.190916,0.19537,0.0267099
1985,0.34679,0.343535,0.0267205
1986,0.289639,0.288689,0.0267214
1987,0.382398,0.381201,0.0267228
1988,0.394911,0.387221,0.026782
1989,0.269122,0.264089,0.0268073
1990,0.377815,0.371502,0.0268471
1991,0.528371,0.521375,0.0268961
1992,0.433028,0.432156,0.0268969
1993,0.276657,0.274128,0.0269032
1994,0.233549,0.229859,0.0269169
1995,0.367277,0.366539,0.0269174
1996,0.285859,0.284341,0.0269197
1997,0.224966,0.224844,0.0269197
1998,0.197621,0.1997,0.026924
1999,0.326157,0.329345,0.0269342
2000,0.223123,0.223557,0.0269344
2001,0.190988,0.192805,0.0269377
2002,0.364889,0.371077,0.026976
2003,0.506217,0.501733,0.0269961
2004,0.297184,0.296288,0.0269969
2005,0.218701,0.220897,0.0270017
2006,0.193851,0.1924,0.0270038
2007,0.23609,0.230955,0.0270302
2008,0.480269,0.479182,0.0270314
2009,0.409417,0.39571,0.0272193
2010,0.258463,0.249872,0.0272931
2011,0.205768,0.200638,0.0273194
2012,0.287179,0.277149,0.02742
2013,0.254891,0.246386,0.0274924
2014,0.220009,0.217071,0.027501
2015,0.203186,0.200622,0.0275076
2016,0.254859,0.254144,0.0275081
2017,0.211943,0.215096,0.027518
2018,0.229567,0.226447,0.0275278
2019,0.304091,0.30746,0.0275391
2020,0.223287,0.225085,0.0275423
2021,0.304731,0.303697,0.0275434
2022,0.220263,0.220549,0.0275435
2023,0.30953,0.30204,0.0275996
2024,0.217993,0.216161,0.0276029
2025,0.221236,0.215049,0.0276412
2026,0.189421,0.189747,0.0276413
2027,0.390793,0.391956,0.0276427
2028,0.294018,0.291426,0.0276494
2029,0.222071,0.221367,0.0276499
2030,0.257126,0.254366,0.0276575
2031,0.443855,0.448853,0.0276825
2032,0.357996,0.363633,0.0277143
2033,0.235762,0.238888,0.027724
2034,0.469573,0.476939,0.0277783
2035,0.410564,0.413074,0.0277846
2036,0.39142,0.389622,0.0277878
2037,0.254117,0.256213,0.0277922
2038,0.452126,0.456213,0.0278089
2039,0.454318,0.45357,0.0278095
2040,0.370226,0.370154,0.0278095
2041,0.421838,0.4214,0.0278097
2042,0.423972,0.422906,0.0278108
2043,0.459144,0.458243,0.0278116
2044,0.299068,0.29703,0.0278158
2045,0.384682,0.389458,0.0278386
2046,0.259876,0.262077,0.0278434
2047,0.25958,0.259304,0.0278435
2048,0.227722,0.225233,0.0278497
2049,0.502639,0.504991,0.0278552
2050,0.301112,0.302475,0.0278571
2051,0.285514,0.288367,0.0278652
2052,0.498369,0.497585,0.0278658
2053,0.464157,0.465216,0.027867
2054,0.596173,0.593198,0.0278758
2055,0.43171,0.426678,0.0279011
2056,0.331919,0.331766,0.0279011
2057,0.353158,0.350611,0.0279076
2058,0.291433,0.289291,0.0279122
2059,0.313068,0.310233,0.0279203
2060,0.264419,0.26697,0.0279268
2061,0.329162,0.326121,0.027936
2062,0.247822,0.241627,0.0279744
2063,0.299187,0.293043,0.0280121
2064,0.217772,0.214272,0.0280244
2065,0.220383,0.216909,0.0280364
2066,0.323982,0.321961,0.0280405
2067,0.35754,0.354858,0.0280477
2068,0.232962,0.235084,0.0280522
2069,0.202902,0.198174,0.0280746
2070,0.186711,0.181083,0.0281062
2071,0.31752,0.315658,0.0281097
2072,0.347258,0.343204,0.0281262
2073,0.240435,0.234092,0.0281664
2074,0.185623,0.186547,0.0281672
2075,0.196238,0.189931,0.028207
2076,0.28456,0.275541,0.0282883
2077,0.216891,0.210364,0.028331
2078,0.218058,0.213601,0.0283508
2079,0.179382,0.181342,0.0283547
2080,0.230242,0.230291,0.0283547
2081,0.218667,0.221657,0.0283636
2082,0.405034,0.411488,0.0284053
2083,0.276324,0.276835,0.0284055
2084,0.265767,0.270354,0.0284266
2085,0.405176,0.403719,0.0284287
2086,0.412912,0.414569,0.0284314
2087,0.502411,0.499813,0.0284382
2088,0.314621,0.308649,0.0284738
2089,0.532187,0.52939,0.0284816
2090,0.416292,0.416348,0.0284817
2091,0.596348,0.601995,0.0285135
2092,0.370555,0.37228,0.0285165
2093,0.271369,0.271921,0.0285168
2094,0.337757,0.338988,0.0285183
2095,0.367277,0.369539,0.0285235
2096,0.479619,0.480445,0.0285241
2097,0.299055,0.296064,0.0285331
2098,0.357969,0.354912,0.0285424
2099,0.347472,0.344613,0.0285506
2100,0.3205,0.319148,0.0285524
2101,0.343745,0.342473,0.028554
2102,0.358776,0.357311,0.0285562
2103,0.25945,0.26378,0.0285749
2104,0.235865,0.234241,0.0285776
2105,0.417687,0.41811,0.0285778
2106,0.29587,0.29086,0.0286029
2107,0.245652,0.242754,0.0286113
2108,0.267239,0.262788,0.0286311
2109,0.414806,0.416269,0.0286332
2110,0.26649,0.265007,0.0286354
2111,0.52368,0.523193,0.0286357
2112,0.328408,0.325143,0.0286463
2113,0.378712,0.374547,0.0286636
2114,0.274456,0.275872,0.0286657
2115,0.471899,0.477124,0.028693
2116,0.32269,0.325217,0.0286993
2117,0.286982,0.290391,0.028711
2118,0.268656,0.268675,0.028711
2119,0.434573,0.438893,0.0287296
2120,0.492552,0.493048,0.0287299
2121,0.335949,0.328404,0.0287868
2122,0.233084,0.231609,0.028789
2123,0.222054,0.221601,0.0287892
2124,0.229578,0.221279,0.0288581
2125,0.2743,0.273065,0.0288596
2126,0.214196,0.210378,0.0288742
2127,0.181238,0.180863,0.0288743
2128,0.217698,0.211907,0.0289078
2129,0.182626,0.182176,0.028908
2130,0.330576,0.335325,0.0289306
2131,0.239867,0.240675,0.0289312
2132,0.425895,0.418456,0.0289866
2133,0.270292,0.261147,0.0290702
2134,0.357175,0.355261,0.0290739
2135,0.375317,0.370281,0.0290992
2136,0.42533,0.425897,0.0290996
2137,0.577089,0.573402,0.0291131
2138,0.476045,0.46928,0.0291589
2139,0.373154,0.37069,0.029165
2140,0.300376,0.296902,0.0291771
2141,0.300718,0.295791,0.0292013
2142,0.317404,0.315739,0.0292041
2143,0.302454,0.309721,0.0292569
2144,0.268348,0.269187,0.0292576
2145,0.258663,0.25912,0.0292578
2146,0.227237,0.223332,0.0292731
2147,0.325833,0.323487,0.0292786
2148,0.252539,0.248567,0.0292944
2149,0.371629,0.366899,0.0293167
2150,0.268539,0.265038,0.029329
2151,0.267479,0.263588,0.0293441
2152,0.211531,0.207752,0.0293584
2153,0.317505,0.312953,0.0293791
2154,0.268659,0.265469,0.0293893
2155,0.287222,0.284556,0.0293964
2156,0.211701,0.213801,0.0294008
2157,0.36488,0.365107,0.0294009
2158,0.321458,0.321473,0.0294009
2159,0.265804,0.265587,0.0294009
2160,0.229594,0.231628,0.029405
2161,0.451653,0.453094,0.0294071
2162,0.454613,0.456286,0.0294099
2163,0.297906,0.29535,0.0294164
2164,0.504711,0.502966,0.0294195
2165,0.465278,0.461853,0.0294312
2166,0.42464,0.423172,0.0294334
2167,0.345125,0.346445,0.0294351
2168,0.331693,0.329452,0.0294401
2169,0.3676,0.362336,0.0294678
2170,0.383102,0.382703,0.029468
2171,0.433913,0.430144,0.0294822
2172,0.357242,0.353189,0.0294986
2173,0.485639,0.478969,0.0295431
2174,0.38539,0.377182,0.0296105
2175,0.422806,0.420129,0.0296177
2176,0.449459,0.448675,0.0296183
2177,0.497113,0.492451,0.02964
2178,0.396158,0.39556,0.0296404
2179,0.385794,0.386163,0.0296405
2180,0.321558,0.319321,0.0296455
2181,0.430649,0.430408,0.0296456
2182,0.33224,0.333234,0.0296466
2183,0.249553,0.249409,0.0296466
2184,0.26399,0.262085,0.0296502
2185,0.354146,0.353468,0.0296507
2186,0.265792,0.262829,0.0296594
2187,0.237167,0.23571,0.0296616
2188,0.326206,0.325078,0.0296628
2189,0.382815,0.385779,0.0296716
2190,0.263701,0.26552,0.0296749
2191,0.393778,0.395638,0.0296784
2192,0.31576,0.316299,0.0296787
2193,0.466968,0.461769,0.0297057
2194,0.293069,0.294108,0.0297068
2195,0.417814,0.418599,0.0297074
2196,0.300551,0.304843,0.0297258
2197,0.292989,0.291233,0.0297289
2198,0.251633,0.251123,0.0297292
2199,0.305332,0.305716,0.0297293
2200,0.296893,0.297023,0.0297293
2201,0.28693,0.288389,0.0297315
2202,0.367238,0.367025,0.0297315
2203,0.363725,0.364603,0.0297323
2204,0.319701,0.321194,0.0297345
2205,0.247063,0.245798,0.0297361
2206,0.354468,0.354834,0.0297362
2207,0.259941,0.258428,0.0297385
2208,0.296968,0.292845,0.0297555
2209,0.211143,0.210816,0.0297556
2210,0.329249,0.326105,0.0297655
2211,0.240522,0.238763,0.0297686
2212,0.291199,0.286532,0.0297904
2213,0.218031,0.217992,0.0297904
2214,0.38334,0.385759,0.0297963
2215,0.372968,0.373898,0.0297971
2216,0.367241,0.367377,0.0297971
2217,0.24456,0.244879,0.0297972
2218,0.411019,0.411781,0.0297978
2219,0.265411,0.266613,0.0297993
2220,0.4637,0.459541,0.0298166
2221,0.283393,0.280548,0.0298247
2222,0.427356,0.419643,0.0298841
2223,0.276114,0.271606,0.0299045
2224,0.447976,0.451834,0.0299194
2225,0.411406,0.410987,0.0299195
2226,0.280547,0.279325,0.029921
2227,0.227325,0.236216,0.0300001
2228,0.288549,0.29192,0.0300114
2229,0.293177,0.29519,0.0300155
2230,0.224014,0.223127,0.0300163
2231,0.215214,0.217116,0.0300199
2232,0.254599,0.254303,0.03002
2233,0.26217,0.261865,0.0300201
2234,0.298227,0.29862,0.0300202
2235,0.29378,0.291991,0.0300234
2236,0.28088,0.282978,0.0300278
2237,0.272793,0.27344,0.0300283
2238,0.373028,0.372651,0.0300284
2239,0.27298,0.273061,0.0300284
2240,0.281802,0.277387,0.0300479
2241,0.251031,0.250743,0.030048
2242,0.223892,0.220252,0.0300612
2243,0.226822,0.224935,0.0300648
2244,0.240942,0.236654,0.0300832
2245,0.252543,0.251387,0.0300845
2246,0.227398,0.227451,0.0300845
2247,0.317354,0.317337,0.0300845
2248,0.238086,0.235719,0.0300901
2249,0.321348,0.31888,0.0300962
2250,0.349621,0.348848,0.0300968
2251,0.438008,0.432784,0.0301241
2252,0.329867,0.323283,0.0301674
2253,0.536185,0.527815,0.0302375
2254,0.317985,0.311022,0.030286
2255,0.2961,0.285917,0.0303897
2256,0.321261,0.318641,0.0303965
2257,0.307628,0.301063,0.0304396
2258,0.217938,0.217602,0.0304397
2259,0.253721,0.257064,0.0304509
2260,0.217113,0.217901,0.0304515
2261,0.267454,0.266304,0.0304529
2262,0.223062,0.225453,0.0304586
2263,0.413086,0.415321,0.0304636
2264,0.263266,0.266575,0.0304745
2265,0.544836,0.540499,0.0304933
2266,0.409176,0.395042,0.0306931
2267,0.379256,0.378626,0.0306935
2268,0.293114,0.293338,0.0306935
2269,0.292701,0.295073,0.0306992
2270,0.518196,0.519072,0.0306999
2271,0.354457,0.353584,0.0307007
2272,0.382813,0.379325,0.0307129
2273,0.292127,0.290172,0.0307167
2274,0.5127,0.512446,0.0307167
2275,0.326375,0.326544,0.0307168
2276,0.34875,0.348744,0.0307168
2277,0.338053,0.34273,0.0307386
2278,0.313046,0.312968,0.0307387
2279,0.282295,0.281829,0.0307389
2280,0.355105,0.35504,0.0307389
2281,0.354014,0.356185,0.0307436
2282,0.29469,0.292756,0.0307473
2283,0.456987,0.454643,0.0307528
2284,0.343641,0.336483,0.0308041
2285,0.252552,0.246747,0.0308377
2286,0.2419,0.239189,0.0308451
2287,0.246853,0.242693,0.0308624
2288,0.204839,0.202918,0.0308661
2289,0.185123,0.179426,0.0308986
2290,0.211408,0.207141,0.0309168
2291,0.241559,0.239348,0.0309217
2292,0.240225,0.243091,0.0309299
2293,0.208095,0.21296,0.0309535
2294,0.379739,0.385808,0.0309904
2295,0.383451,0.389131,0.0310226
2296,0.279538,0.282476,0.0310313
2297,0.243405,0.246064,0.0310383
2298,0.435368,0.438614,0.0310489
2299,0.274703,0.278038,0.03106
2300,0.249592,0.245976,0.0310731
2301,0.304137,0.296785,0.0311271
2302,0.376107,0.374022,0.0311315
2303,0.258274,0.253829,0.0311512
2304,0.375881,0.376251,0.0311514
2305,0.345455,0.343666,0.0311546
2306,0.450611,0.445568,0.03118
2307,0.470011,0.461765,0.031248
2308,0.402957,0.395664,0.0313012
2309,0.373968,0.366014,0.0313645
2310,0.406804,0.402667,0.0313816
2311,0.403583,0.394849,0.0314579
2312,0.280051,0.273159,0.0315053
2313,0.5345,0.535605,0.0315066
2314,0.344463,0.340589,0.0315216
2315,0.291764,0.288812,0.0315303
2316,0.223272,0.222997,0.0315304
2317,0.47621,0.480528,0.031549
2318,0.315212,0.319856,0.0315706
2319,0.269656,0.272648,0.0315795
2320,0.219684,0.226045,0.03162
2321,0.296971,0.301351,0.0316392
2322,0.330591,0.333392,0.031647
2323,0.259781,0.259237,0.0316473
2324,0.217437,0.220349,0.0316558
2325,0.230179,0.234145,0.0316715
2326,0.327358,0.325952,0.0316735
2327,0.259195,0.259253,0.0316735
2328,0.258298,0.256655,0.0316762
2329,0.200638,0.203712,0.0316857
2330,0.254556,0.254621,0.0316857
2331,0.202709,0.204244,0.031688
2332,0.222609,0.22204,0.0316883
2333,0.18962,0.189186,0.0316885
2334,0.284085,0.283155,0.0316894
2335,0.217631,0.219532,0.031693
2336,0.280905,0.28752,0.0317368
2337,0.218263,0.22286,0.0317579
2338,0.371593,0.37755,0.0317934
2339,0.257928,0.264131,0.0318319
2340,0.202076,0.211234,0.0319157
2341,0.200933,0.202659,0.0319187
2342,0.282045,0.285243,0.0319289
2343,0.228382,0.226915,0.0319311
2344,0.185762,0.187482,0.031934
2345,0.194587,0.191706,0.0319423
2346,0.245645,0.246312,0.0319428
2347,0.19969,0.197627,0.031947
2348,0.232447,0.235982,0.0319595
2349,0.201902,0.203803,0.0319631
2350,0.258868,0.257573,0.0319648
2351,0.196227,0.198734,0.0319711
2352,0.186153,0.18465,0.0319734
2353,0.275018,0.276994,0.0319773
2354,0.337529,0.338544,0.0319783
2355,0.391699,0.389371,0.0319837
2356,0.258462,0.256694,0.0319869
2357,0.361972,0.359579,0.0319926
2358,0.413378,0.413611,0.0319926
2359,0.507631,0.509101,0.0319948
2360,0.336946,0.339059,0.0319993
2361,0.270767,0.272929,0.0320039
2362,0.386333,0.387657,0.0320057
2363,0.406834,0.412041,0.0320328
2364,0.301623,0.303663,0.032037
2365,0.256806,0.26123,0.0320565
2366,0.429046,0.431353,0.0320619
2367,0.307207,0.309167,0.0320657
2368,0.296868,0.295532,0.0320675
2369,0.452671,0.453856,0.0320689
2370,0.44218,0.438983,0.0320791
2371,0.286645,0.287763,0.0320804
2372,0.307146,0.309296,0.032085
2373,0.578279,0.581588,0.0320959
2374,0.395746,0.401262,0.0321264
2375,0.2937,0.297172,0.0321384
2376,0.256386,0.261516,0.0321647
2377,0.474633,0.478247,0.0321778
2378,0.31626,0.32459,0.0322472
2379,0.361015,0.364459,0.032259
2380,0.241733,0.243654,0.0322627
2381,0.382207,0.381986,0.0322628
2382,0.300836,0.304082,0.0322733
2383,0.374055,0.37304,0.0322743
2384,0.24001,0.245305,0.0323024
2385,0.19578,0.198162,0.032308
2386,0.259561,0.263339,0.0323223
2387,0.352154,0.360104,0.0323855
2388,0.288009,0.292728,0.0324078
2389,0.211668,0.214981,0.0324188
2390,0.317007,0.320418,0.0324304
2391,0.258362,0.258517,0.0324304
2392,0.451697,0.450122,0.0324329
2393,0.547465,0.538134,0.03252
2394,0.639459,0.625947,0.0327025
2395,0.387539,0.380342,0.0327543
2396,0.426777,0.42228,0.0327745
2397,0.539898,0.538654,0.0327761
2398,0.486708,0.494358,0.0328346
2399,0.437882,0.447451,0.0329262
2400,0.451207,0.458479,0.0329791
2401,0.287505,0.295879,0.0330492
2402,0.307316,0.30607,0.0330508
2403,0.442002,0.446594,0.0330719
2404,0.329584,0.326522,0.0330812
2405,0.232771,0.231658,0.0330825
2406,0.314788,0.31415,0.0330829
2407,0.265466,0.258257,0.0331348
2408,0.234621,0.226377,0.0332028
2409,0.254771,0.249027,0.0332358
2410,0.398984,0.396184,0.0332436
2411,0.256434,0.254947,0.0332458
2412,0.24145,0.239496,0.0332497
2413,0.271909,0.274172,0.0332548
2414,0.329161,0.33255,0.0332663
2415,0.232093,0.236907,0.0332894
2416,0.264557,0.27214,0.033347
2417,0.431291,0.432689,0.0333489
2418,0.356563,0.355248,0.0333506
2419,0.292705,0.290341,0.0333562
2420,0.275318,0.271671,0.0333695
2421,0.326088,0.324507,0.033372
2422,0.270455,0.268122,0.0333775
2423,0.45746,0.458828,0.0333793
2424,0.308441,0.304042,0.0333987
2425,0.382948,0.374835,0.0334645
2426,0.332781,0.320949,0.0336045
2427,0.2857,0.279883,0.0336383
2428,0.278251,0.276548,0.0336412
2429,0.387911,0.39057,0.0336483
2430,0.398559,0.396029,0.0336547
2431,0.28004,0.275083,0.0336793
2432,0.288952,0.2856,0.0336905
2433,0.336833,0.332279,0.0337113
2434,0.294705,0.292164,0.0337177
2435,0.330996,0.327122,0.0337327
2436,0.303582,0.299472,0.0337496
2437,0.287061,0.284865,0.0337544
2438,0.283317,0.282003,0.0337562
2439,0.25176,0.249352,0.033762
2440,0.35222,0.351997,0.033762
2441,0.250724,0.250945,0.0337621
2442,0.302253,0.29828,0.0337778
2443,0.228981,0.229358,0.033778
2444,0.474514,0.470013,0.0337982
2445,0.312432,0.308895,0.0338107
2446,0.270308,0.266548,0.0338249
2447,0.222574,0.228473,0.0338597
2448,0.317768,0.320986,0.03387
2449,0.416593,0.418387,0.0338732
2450,0.31123,0.312795,0.0338757
2451,0.241227,0.243017,0.0338789
2452,0.306778,0.309205,0.0338848
2453,0.511545,0.513378,0.0338881
2454,0.363362,0.363932,0.0338885
2455,0.295718,0.297291,0.0338909
2456,0.244005,0.248245,0.0339089
2457,0.461212,0.461872,0.0339094
2458,0.315393,0.322504,0.0339599
2459,0.327503,0.32512,0.0339656
2460,0.227115,0.22524,0.0339691
2461,0.345747,0.343274,0.0339752
2462,0.356467,0.356982,0.0339755
2463,0.342178,0.342726,0.0339758
2464,0.22937,0.232374,0.0339848
2465,0.318532,0.324688,0.0340227
2466,0.384455,0.390107,0.0340547
2467,0.266966,0.269146,0.0340594
2468,0.327988,0.331685,0.0340731
2469,0.369937,0.365285,0.0340947
2470,0.386914,0.381669,0.0341223
2471,0.270812,0.269169,0.034125
2472,0.258397,0.251485,0.0341727
2473,0.321853,0.318791,0.0341821
2474,0.30173,0.29959,0.0341867
2475,0.24677,0.248316,0.0341891
2476,0.220375,0.220342,0.0341891
2477,0.338566,0.33749,0.0341902
2478,0.302196,0.298137,0.0342067
2479,0.252804,0.252945,0.0342067
2480,0.307514,0.307376,0.0342068
2481,0.306174,0.305782,0.0342069
2482,0.402453,0.398111,0.0342258
2483,0.282302,0.278839,0.0342378
2484,0.242227,0.243407,0.0342391
2485,0.228855,0.225263,0.034252
2486,0.395868,0.395811,0.0342521
2487,0.260833,0.260135,0.0342525
2488,0.267288,0.265249,0.0342567
2489,0.273744,0.266325,0.0343117
2490,0.275214,0.273837,0.0343136
2491,0.236974,0.237416,0.0343138
2492,0.483149,0.488426,0.0343417
2493,0.38196,0.379944,0.0343457
2494,0.274707,0.272691,0.0343498
2495,0.274692,0.275728,0.0343509
2496,0.378781,0.380762,0.0343548
2497,0.287815,0.288583,0.0343554
2498,0.266757,0.265818,0.0343563
2499,0.277686,0.276829,0.034357
2500,0.242171,0.243116,0.0343579
2501,0.292645,0.289051,0.0343708
2502,0.291232,0.289799,0.0343729
2503,0.245002,0.243987,0.0343739
2504,0.236676,0.236099,0.0343742
2505,0.363551,0.363956,0.0343744
2506,0.27084,0.268852,0.0343784
2507,0.223007,0.220388,0.0343852
2508,0.262965,0.262567,0.0343854
2509,0.274403,0.272737,0.0343882
2510,0.267397,0.264453,0.0343968
2511,0.235126,0.234697,0.034397
2512,0.228719,0.22789,0.0343977
2513,0.280977,0.279208,0.0344008
2514,0.373181,0.374908,0.0344038
2515,0.326621,0.324851,0.0344069
2516,0.288339,0.288152,0.034407
2517,0.275574,0.277194,0.0344096
2518,0.358944,0.357815,0.0344109
2519,0.39986,0.399896,0.0344109
2520,0.342879,0.339359,0.0344233
2521,0.255409,0.252097,0.0344342
2522,0.384603,0.382291,0.0344396
2523,0.504947,0.504559,0.0344397
2524,0.451431,0.455457,0.0344559
2525,0.321059,0.322781,0.0344589
2526,0.499841,0.50113,0.0344606
2527,0.54238,0.540687,0.0344634
2528,0.373754,0.378814,0.034489
2529,0.391844,0.397329,0.0345191
2530,0.599102,0.597268,0.0345225
2531,0.459972,0.466456,0.0345645
2532,0.308092,0.308909,0.0345652
2533,0.265458,0.26432,0.0345665
2534,0.516737,0.522689,0.0346019
2535,0.437024,0.445116,0.0346674
2536,0.316099,0.321476,0.0346963
2537,0.250721,0.257302,0.0347396
2538,0.27602,0.280801,0.0347625
2539,0.34766,0.348019,0.0347626
2540,0.256313,0.251711,0.0347838
2541,0.210994,0.214781,0.0347981
2542,0.245797,0.247857,0.0348024
2543,0.29747,0.302285,0.0348255
2544,0.238841,0.241841,0.0348345
2545,0.192996,0.188661,0.0348533
2546,0.292043,0.293315,0.034855
2547,0.418379,0.420095,0.0348579
2548,0.519229,0.517021,0.0348628
2549,0.304337,0.299986,0.0348817
2550,0.339108,0.339219,0.0348817
2551,0.37252,0.377351,0.0349051
2552,0.55391,0.564128,0.0350095
2553,0.344934,0.354895,0.0351087
2554,0.398438,0.404522,0.0351457
2555,0.396777,0.399723,0.0351544
2556,0.433675,0.437588,0.0351697
2557,0.337188,0.341742,0.0351904
2558,0.299627,0.304223,0.0352115
2559,0.408351,0.411179,0.0352195
2560,0.425983,0.43022,0.0352375
2561,0.422826,0.430095,0.0352903
2562,0.328901,0.329123,0.0352904
2563,0.382681,0.382588,0.0352904
2564,0.533636,0.532356,0.035292
2565,0.426481,0.427687,0.0352935
2566,0.377038,0.378035,0.0352945
2567,0.390019,0.392689,0.0353016
2568,0.471774,0.473969,0.0353064
2569,0.387897,0.391718,0.035321
2570,0.318755,0.319796,0.0353221
2571,0.426707,0.427747,0.0353232
2572,0.393874,0.395554,0.035326
2573,0.545576,0.545189,0.0353262
2574,0.359157,0.358136,0.0353272
2575,0.31467,0.315019,0.0353273
2576,0.291039,0.291645,0.0353277
2577,0.500194,0.504866,0.0353495
2578,0.333511,0.338542,0.0353748
2579,0.310815,0.318199,0.0354294
2580,0.241281,0.245206,0.0354448
2581,0.463966,0.465682,0.0354477
2582,0.309302,0.314359,0.0354733
2583,0.428163,0.426673,0.0354755
2584,0.305016,0.305018,0.0354755
2585,0.290556,0.290748,0.0354755
2586,0.224507,0.230527,0.0355118
2587,0.253488,0.252675,0.0355124
2588,0.324387,0.324439,0.0355124
2589,0.227729,0.225129,0.0355192
2590,0.216827,0.211103,0.035552
2591,0.267325,0.267156,0.035552
2592,0.362823,0.367597,0.0355748
2593,0.243582,0.246654,0.0355842
2594,0.346277,0.352104,0.0356182
2595,0.299364,0.30507,0.0356507
2596,0.218833,0.226154,0.0357043
2597,0.189575,0.189657,0.0357043
2598,0.471087,0.478807,0.0357639
2599,0.364367,0.363671,0.0357644
2600,0.240387,0.249362,0.035845
2601,0.200355,0.19393,0.0358863
2602,0.253351,0.251087,0.0358914
2603,0.326988,0.322769,0.0359092
2604,0.243939,0.238436,0.0359395
2605,0.187322,0.190226,0.0359479
2606,0.217293,0.221479,0.0359654
2607,0.311297,0.313943,0.0359724
2608,0.21668,0.217276,0.0359728
2609,0.282531,0.279017,0.0359851
2610,0.442189,0.431004,0.0361102
2611,0.384498,0.382049,0.0361162
2612,0.285979,0.282127,0.0361311
2613,0.262462,0.260579,0.0361346
2614,0.309885,0.310864,0.0361356
2615,0.291732,0.289565,0.0361403
2616,0.381464,0.381417,0.0361403
2617,0.27714,0.269349,0.036201
2618,0.30726,0.301242,0.0362372
2619,0.342869,0.335886,0.036286
2620,0.375395,0.370976,0.0363055
2621,0.360053,0.357226,0.0363135
2622,0.260772,0.256964,0.036328
2623,0.274926,0.276544,0.0363306
2624,0.229064,0.2249,0.0363479
2625,0.41171,0.411073,0.0363484
2626,0.275279,0.273402,0.0363519
2627,0.304386,0.304572,0.0363519
2628,0.252074,0.247123,0.0363764
2629,0.429637,0.432438,0.0363843
2630,0.266947,0.266865,0.0363843
2631,0.386478,0.389355,0.0363926
2632,0.600844,0.591319,0.0364833
2633,0.605425,0.597745,0.0365423
2634,0.346569,0.347872,0.036544
2635,0.270169,0.266432,0.0365579
2636,0.365651,0.363345,0.0365633
2637,0.360735,0.358073,0.0365703
2638,0.350456,0.352694,0.0365753
2639,0.25568,0.253782,0.0365789
2640,0.221057,0.222168,0.0365802
2641,0.227109,0.221554,0.036611
2642,0.242311,0.230566,0.036749
2643,0.340807,0.340969,0.036749
2644,0.234261,0.229846,0.0367685
2645,0.218867,0.220647,0.0367717
2646,0.192884,0.192748,0.0367717
2647,0.224993,0.218174,0.0368182
2648,0.203727,0.202257,0.0368204
2649,0.233083,0.234239,0.0368217
2650,0.225411,0.225603,0.0368217
2651,0.220612,0.224671,0.0368382
2652,0.371743,0.372853,0.0368394
2653,0.338613,0.338477,0.0368395
2654,0.269725,0.27094,0.0368409
2655,0.472948,0.472956,0.0368409
2656,0.333887,0.332807,0.0368421
2657,0.296451,0.293751,0.0368494
2658,0.231097,0.227856,0.0368599
2659,0.443862,0.44433,0.0368601
2660,0.337725,0.336401,0.0368619
2661,0.275684,0.277266,0.0368644
2662,0.207346,0.208476,0.0368656
2663,0.191546,0.188385,0.0368756
2664,0.455164,0.455779,0.036876
2665,0.355368,0.354557,0.0368767
2666,0.250293,0.249059,0.0368782
2667,0.202797,0.201939,0.0368789
2668,0.372605,0.374917,0.0368843
2669,0.3312,0.331306,0.0368843
2670,0.399938,0.400631,0.0368848
2671,0.486143,0.480377,0.036918
2672,0.552253,0.53982,0.0370726
2673,0.46681,0.463093,0.0370864
2674,0.48008,0.480328,0.0370865
2675,0.604109,0.606172,0.0370908
2676,0.397543,0.401469,0.0371062
2677,0.508495,0.512197,0.0371199
2678,0.625595,0.625798,0.0371199
2679,0.487193,0.493902,0.0371649
2680,0.335239,0.340372,0.0371913
2681,0.308507,0.315127,0.0372351
2682,0.230351,0.232736,0.0372408
2683,0.2853,0.282126,0.0372509
2684,0.268416,0.26679,0.0372535
2685,0.23276,0.229769,0.0372624
2686,0.188834,0.184811,0.0372786
2687,0.382678,0.377656,0.0373039
2688,0.298814,0.297566,0.0373054
2689,0.224272,0.224114,0.0373054
2690,0.252859,0.258216,0.0373341
2691,0.493092,0.495295,0.037339
2692,0.493733,0.49809,0.037358
2693,0.330654,0.335652,0.0373829
2694,0.352011,0.353559,0.0373853
2695,0.401753,0.401393,0.0373855
2696,0.478033,0.477496,0.0373858
2697,0.560242,0.560928,0.0373862
2698,0.454012,0.452325,0.0373891
2699,0.366942,0.368613,0.0373919
2700,0.473222,0.471055,0.0373966
2701,0.425041,0.429434,0.0374159
2702,0.431262,0.433218,0.0374197
2703,0.411511,0.415767,0.0374378
2704,0.505001,0.507118,0.0374423
2705,0.464177,0.466287,0.0374467
2706,0.435838,0.440834,0.0374717
2707,0.375829,0.37568,0.0374717
2708,0.489072,0.491564,0.0374779
2709,0.596214,0.598065,0.0374814
2710,0.543689,0.548506,0.0375046
2711,0.375277,0.383145,0.0375665
2712,0.345387,0.350272,0.0375903
2713,0.27105,0.269248,0.0375936
2714,0.375097,0.372506,0.0376003
2715,0.351001,0.353792,0.0376081
2716,0.309837,0.310714,0.0376089
2717,0.244372,0.241826,0.0376153
2718,0.261271,0.258905,0.0376209
2719,0.430373,0.428894,0.0376231
2720,0.396495,0.393493,0.0376321
2721,0.287777,0.288344,0.0376325
2722,0.274782,0.274579,0.0376325
2723,0.283014,0.28265,0.0376326
2724,0.380395,0.378534,0.0376361
2725,0.2499,0.246905,0.0376451
2726,0.308157,0.304743,0.0376567
2727,0.24249,0.240243,0.0376618
2728,0.376552,0.367851,0.0377375
2729,0.244814,0.242571,0.0377425
2730,0.241531,0.237002,0.037763
2731,0.269661,0.269619,0.037763
2732,0.313566,0.320295,0.0378083
2733,0.216639,0.224471,0.0378697
2734,0.246965,0.255759,0.037947
2735,0.332595,0.338041,0.0379766
2736,0.255797,0.259239,0.0379885
2737,0.203198,0.205199,0.0379925
2738,0.395206,0.398239,0.0380017
2739,0.403612,0.401685,0.0380054
2740,0.260359,0.26161,0.038007
2741,0.307806,0.307059,0.0380075
2742,0.354307,0.356264,0.0380114
2743,0.473786,0.473797,0.0380114
2744,0.311934,0.313932,0.0380153
2745,0.401331,0.401234,0.0380154
2746,0.322091,0.323863,0.0380185
2747,0.459373,0.457752,0.0380211
2748,0.403944,0.406233,0.0380264
2749,0.421961,0.428251,0.0380659
2750,0.320154,0.324498,0.0380848
2751,0.267326,0.264793,0.0380912
2752,0.299226,0.296016,0.0381015
2753,0.332787,0.32934,0.0381134
2754,0.25919,0.257716,0.0381156
2755,0.211124,0.210636,0.0381158
2756,0.22317,0.222864,0.0381159
2757,0.308613,0.31104,0.0381218
2758,0.228957,0.22928,0.0381219
2759,0.253323,0.254091,0.0381225
2760,0.206706,0.210511,0.038137
2761,0.272333,0.277211,0.0381608
2762,0.269348,0.271393,0.0381649
2763,0.435269,0.43562,0.0381651
2764,0.295073,0.291239,0.0381798
2765,0.21853,0.216272,0.0381849
2766,0.524226,0.52019,0.0382011
2767,0.376229,0.37171,0.0382216
2768,0.431733,0.426297,0.0382511
2769,0.283942,0.279693,0.0382692
2770,0.57403,0.573272,0.0382697
2771,0.385101,0.385136,0.0382697
2772,0.281574,0.277087,0.0382899
2773,0.221649,0.224993,0.0383011
2774,0.492232,0.50169,0.0383905
2775,0.493973,0.499918,0.0384259
2776,0.309268,0.311832,0.0384324
2777,0.237368,0.241466,0.0384492
2778,0.376337,0.379689,0.0384605
2779,0.407182,0.409131,0.0384643
2780,0.406614,0.410322,0.038478
2781,0.471928,0.470776,0.0384793
2782,0.407098,0.402225,0.0385031
2783,0.424394,0.417535,0.0385501
2784,0.525551,0.52338,0.0385548
2785,0.553913,0.559081,0.0385815
2786,0.450968,0.456994,0.0386179
2787,0.408897,0.41494,0.0386544
2788,0.484667,0.488907,0.0386723
2789,0.485021,0.491215,0.0387107
2790,0.495037,0.503786,0.0387873
2791,0.446896,0.455075,0.0388542
2792,0.320768,0.326745,0.0388899
2793,0.267982,0.268015,0.0388899
2794,0.48153,0.485543,0.038906
2795,0.502162,0.503936,0.0389091
2796,0.339233,0.339431,0.0389092
2797,0.265917,0.269199,0.03892
2798,0.500386,0.501615,0.0389215
2799,0.416038,0.421703,0.0389535
2800,0.307584,0.308256,0.038954
2801,0.241895,0.246136,0.038972
2802,0.529941,0.536307,0.0390125
2803,0.334146,0.342867,0.0390886
2804,0.260157,0.262056,0.0390922
2805,0.23374,0.236699,0.0391009
2806,0.370852,0.375639,0.0391238
2807,0.286286,0.286992,0.0391243
2808,0.346568,0.347604,0.0391254
2809,0.424447,0.420774,0.0391389
2810,0.391706,0.384118,0.0391965
2811,0.400944,0.395241,0.039229
2812,0.341517,0.333741,0.0392895
2813,0.424985,0.421867,0.0392992
2814,0.405182,0.402718,0.0393053
2815,0.359955,0.352014,0.0393683
2816,0.296105,0.293355,0.0393759
2817,0.328398,0.324711,0.0393895
2818,0.292136,0.286364,0.0394228
2819,0.376758,0.37402,0.0394303
2820,0.418082,0.412725,0.039459
2821,0.322341,0.31769,0.0394806
2822,0.316866,0.309979,0.0395281
2823,0.526749,0.523967,0.0395358
2824,0.464233,0.464496,0.0395359
2825,0.452953,0.451967,0.0395368
2826,0.31765,0.316308,0.0395386
2827,0.278712,0.279701,0.0395396
2828,0.365176,0.36205,0.0395494
2829,0.258498,0.254866,0.0395626
2830,0.238597,0.23922,0.039563
2831,0.240329,0.236511,0.0395775
2832,0.446034,0.450368,0.0395963
2833,0.283346,0.277429,0.0396313
2834,0.26636,0.259189,0.0396828
2835,0.235306,0.236218,0.0396836
2836,0.276622,0.268377,0.0397516
2837,0.383199,0.381493,0.0397545
2838,0.278085,0.274287,0.0397689
2839,0.217119,0.213515,0.0397819
2840,0.205553,0.197082,0.0398537
2841,0.473352,0.468462,0.0398776
2842,0.469124,0.463678,0.0399072
2843,0.314538,0.309811,0.0399296
2844,0.288667,0.286332,0.039935
2845,0.239631,0.243141,0.0399473
2846,0.32132,0.320634,0.0399478
2847,0.338642,0.342509,0.0399628
2848,0.446743,0.444354,0.0399685
2849,0.288796,0.282121,0.040013
2850,0.318843,0.31143,0.040068
2851,0.290108,0.284547,0.0400989
2852,0.224021,0.218042,0.0401346
2853,0.30056,0.297347,0.040145
2854,0.310154,0.301345,0.0402226
2855,0.248666,0.243579,0.0402484
2856,0.202577,0.198047,0.040269
2857,0.436614,0.43392,0.0402762
2858,0.292037,0.285186,0.0403232
2859,0.365339,0.359045,0.0403628
2860,0.251147,0.245317,0.0403968
2861,0.228404,0.232403,0.0404128
2862,0.242085,0.23635,0.0404456
2863,0.356321,0.353029,0.0404565
2864,0.235891,0.233876,0.0404605
2865,0.211578,0.208288,0.0404714
2866,0.433555,0.431849,0.0404743
2867,0.304171,0.299363,0.0404974
2868,0.219647,0.221753,0.0405018
2869,0.209701,0.211185,0.040504
2870,0.472346,0.476039,0.0405177
2871,0.297417,0.30696,0.0406087
2872,0.221742,0.225324,0.0406216
2873,0.239405,0.24516,0.0406547
2874,0.462957,0.469938,0.0407034
2875,0.276207,0.288241,0.0408483
2876,0.259046,0.268847,0.0409443
2877,0.291606,0.299759,0.0410108
2878,0.460194,0.460161,0.0410108
2879,0.286719,0.290495,0.041025
2880,0.473386,0.475122,0.0410281
2881,0.38319,0.378209,0.0410529
2882,0.367833,0.368179,0.041053
2883,0.385404,0.383296,0.0410574
2884,0.432563,0.435425,0.0410656
2885,0.508467,0.507568,0.0410664
2886,0.462053,0.459613,0.0410724
2887,0.373309,0.37344,0.0410724
2888,0.443372,0.44195,0.0410744
2889,0.362755,0.365419,0.0410815
2890,0.569699,0.56876,0.0410824
2891,0.434399,0.432325,0.0410867
2892,0.38628,0.386964,0.0410872
2893,0.279542,0.277092,0.0410932
2894,0.349385,0.347405,0.0410971
2895,0.504319,0.506441,0.0411016
2896,0.332336,0.331622,0.0411021
2897,0.224271,0.232876,0.0411762
2898,0.293611,0.30246,0.0412545
2899,0.328279,0.334464,0.0412927
2900,0.307066,0.309142,0.041297
2901,0.227718,0.230294,0.0413037
2902,0.215589,0.215041,0.041304
2903,0.265434,0.265158,0.041304
2904,0.464792,0.462062,0.0413115
2905,0.379804,0.369172,0.0414245
2906,0.272078,0.265181,0.0414721
2907,0.282366,0.281261,0.0414733
2908,0.374417,0.369402,0.0414985
2909,0.262533,0.256632,0.0415333
2910,0.209909,0.206772,0.0415431
2911,0.294115,0.299024,0.0415672
2912,0.265137,0.267373,0.0415722
2913,0.229648,0.226979,0.0415794
2914,0.192194,0.195812,0.0415925
2915,0.393359,0.395904,0.0415989
2916,0.285429,0.285964,0.0415992
2917,0.302986,0.301303,0.041602
2918,0.213467,0.215307,0.0416054
2919,0.396012,0.39859,0.0416121
2920,0.353661,0.350654,0.0416211
2921,0.318405,0.311057,0.0416751
2922,0.221864,0.219643,0.04168
2923,0.279589,0.275581,0.0416961
2924,0.382173,0.380329,0.0416995
2925,0.336591,0.333092,0.0417117
2926,0.255943,0.256081,0.0417118
2927,0.20972,0.210686,0.0417127
2928,0.302034,0.297546,0.0417328
2929,0.333565,0.335485,0.0417365
2930,0.278046,0.280674,0.0417434
2931,0.205879,0.206856,0.0417444
2932,0.200399,0.20686,0.0417861
2933,0.346711,0.347685,0.0417871
2934,0.440369,0.442485,0.0417916
2935,0.280814,0.281281,0.0417918
2936,0.21846,0.220066,0.0417944
2937,0.263228,0.267332,0.0418112
2938,0.328417,0.330128,0.0418141
2939,0.405327,0.405122,0.0418142
2940,0.327018,0.323939,0.0418237
2941,0.278758,0.275558,0.0418339
2942,0.369567,0.363231,0.041874
2943,0.456269,0.453411,0.0418822
2944,0.366981,0.364429,0.0418887
2945,0.389733,0.38931,0.0418889
2946,0.566297,0.555196,0.0420121
2947,0.368158,0.364423,0.0420261
2948,0.318386,0.311282,0.0420766
2949,0.547583,0.545465,0.042081
2950,0.347143,0.340585,0.042124
2951,0.25295,0.249492,0.042136
2952,0.37443,0.377862,0.0421478
2953,0.489178,0.488776,0.0421479
2954,0.305612,0.307107,0.0421502
2955,0.223988,0.223272,0.0421507
2956,0.276624,0.281689,0.0421763
2957,0.289017,0.289074,0.0421763
2958,0.229255,0.2332,0.0421919
2959,0.191035,0.193528,0.0421981
2960,0.201469,0.204987,0.0422105
2961,0.230252,0.229871,0.0422106
2962,0.196125,0.195178,0.0422115
2963,0.329711,0.328624,0.0422127
2964,0.259771,0.258696,0.0422139
2965,0.188569,0.194059,0.042244
2966,0.242719,0.248129,0.0422733
2967,0.269659,0.273779,0.0422903
2968,0.256243,0.258055,0.0422935
2969,0.190736,0.193839,0.0423032
2970,0.223693,0.224999,0.0423049
2971,0.254048,0.254744,0.0423054
2972,0.317305,0.31792,0.0423057
2973,0.290078,0.286369,0.0423195
2974,0.257267,0.258673,0.0423215
2975,0.363517,0.364031,0.0423217
2976,0.426169,0.425775,0.0423219
2977,0.39379,0.393138,0.0423223
2978,0.382282,0.379952,0.0423278
2979,0.318613,0.316283,0.0423332
2980,0.363721,0.360052,0.0423466
2981,0.263295,0.261178,0.0423511
2982,0.243007,0.240663,0.0423566
2983,0.271196,0.269166,0.0423607
2984,0.404146,0.405115,0.0423617
2985,0.262202,0.259263,0.0423703
2986,0.272591,0.270731,0.0423738
2987,0.220907,0.21988,0.0423748
2988,0.393184,0.394124,0.0423757
2989,0.335157,0.328406,0.0424213
2990,0.437957,0.428737,0.0425063
2991,0.288458,0.279345,0.0425894
2992,0.419577,0.413224,0.0426297
2993,0.541587,0.537168,0.0426492
2994,0.497965,0.50158,0.0426623
2995,0.362876,0.3671,0.0426802
2996,0.446627,0.448323,0.042683
2997,0.442098,0.445193,0.0426926
2998,0.412508,0.41541,0.042701
2999,0.302012,0.303907,0.0427046
